5.45807e-10	0
6.0525e-10	1
1.38838e-09	2
1.5712e-09	3
2.01444e-09	4
2.30744e-09	5
2.46455e-09	6
3.31138e-09	7
3.35093e-09	8
3.76395e-09	9
4.49287e-09	9
4.51665e-09	10
4.53507e-09	11
4.83863e-09	12
5.35838e-09	13
6.36405e-09	14
7.14802e-09	15
9.25566e-09	16
1.18884e-08	16
1.68952e-08	16
1.7115e-08	16
1.75542e-08	16
1.8686e-08	17
1.95302e-08	17
2.31308e-08	17
2.66726e-08	18
2.71668e-08	19
3.50385e-08	19
4.17567e-08	19
4.93756e-08	19
5.10731e-08	19
5.22514e-08	19
5.5905e-08	19
5.77643e-08	19
6.14603e-08	19
6.3587e-08	19
6.81478e-08	19
7.36313e-08	19
8.57249e-08	19
9.26736e-08	19
9.67683e-08	19
1.01253e-07	19
1.04159e-07	19
1.08332e-07	19
1.10317e-07	19
1.37565e-07	19
1.45567e-07	19
1.6238e-07	19
1.63514e-07	19
1.69139e-07	19
1.75005e-07	19
1.75604e-07	19
1.76363e-07	19
1.77396e-07	19
1.80556e-07	19
1.81045e-07	19
2.0784e-07	19
2.16886e-07	19
2.17899e-07	19
2.19668e-07	19
2.20394e-07	19
2.24775e-07	19
2.434e-07	19
2.47238e-07	19
2.48982e-07	19
2.635e-07	19
2.68405e-07	19
2.70975e-07	19
2.76227e-07	19
2.79587e-07	19
2.80309e-07	19
2.85088e-07	19
2.89535e-07	19
2.90079e-07	19
3.14294e-07	19
3.14995e-07	19
3.46162e-07	19
3.7258e-07	19
3.75022e-07	19
3.77194e-07	19
3.93126e-07	19
3.96338e-07	19
4.21212e-07	19
4.22903e-07	19
4.26614e-07	19
4.44221e-07	19
4.7002e-07	19
4.72542e-07	19
4.76392e-07	19
4.8026e-07	19
4.87584e-07	19
4.99354e-07	19
4.99726e-07	19
5.13866e-07	19
5.49818e-07	19
5.52445e-07	19
5.53613e-07	19
5.58256e-07	19
5.63716e-07	19
5.70015e-07	19
5.73841e-07	19
5.86295e-07	19
6.01182e-07	19
6.03442e-07	19
6.04744e-07	19
6.05762e-07	19
6.11084e-07	19
6.13524e-07	19
6.14391e-07	19
6.14947e-07	19
6.19281e-07	19
6.2176e-07	19
6.23704e-07	19
6.23926e-07	19
6.34742e-07	19
6.8333e-07	19
6.90872e-07	19
6.92529e-07	19
7.01031e-07	19
7.04026e-07	19
7.07986e-07	19
7.16151e-07	19
7.2455e-07	19
7.4518e-07	19
7.52586e-07	19
7.54497e-07	19
7.54885e-07	19
7.56151e-07	19
7.63096e-07	19
7.63109e-07	19
7.8809e-07	19
7.91255e-07	19
7.96448e-07	19
8.00181e-07	19
8.12302e-07	19
8.12654e-07	19
8.24154e-07	19
8.31739e-07	19
8.35604e-07	19
8.37636e-07	19
8.46812e-07	19
8.52043e-07	19
8.57556e-07	19
8.70997e-07	19
8.86354e-07	19
8.87036e-07	19
8.87333e-07	19
8.88095e-07	19
8.92088e-07	19
8.97019e-07	19
9.04785e-07	19
9.10507e-07	19
9.13581e-07	19
9.16745e-07	19
9.40061e-07	19
9.58238e-07	19
9.80581e-07	19
9.81523e-07	19
9.90744e-07	19
9.91559e-07	19
1.00271e-06	19
1.00373e-06	19
1.01988e-06	19
1.01996e-06	19
1.05081e-06	19
1.05698e-06	19
1.09049e-06	19
1.16068e-06	19
1.16679e-06	19
1.19339e-06	19
1.19945e-06	19
1.2037e-06	19
1.21025e-06	19
1.21706e-06	19
1.23142e-06	19
1.23435e-06	19
1.26261e-06	19
1.30745e-06	19
1.31171e-06	19
1.34987e-06	19
1.37595e-06	19
1.38007e-06	19
1.40105e-06	19
1.41289e-06	19
1.42385e-06	19
1.43076e-06	19
1.43805e-06	19
1.43892e-06	19
1.44765e-06	19
1.47624e-06	19
1.47688e-06	19
1.48055e-06	19
1.49819e-06	19
1.49886e-06	19
1.51728e-06	19
1.52302e-06	19
1.54033e-06	19
1.56335e-06	19
1.578e-06	19
1.59378e-06	19
1.59769e-06	19
1.62497e-06	19
1.62872e-06	19
1.64254e-06	19
1.64697e-06	19
1.65834e-06	19
1.71185e-06	19
1.717e-06	19
1.73603e-06	19
1.77077e-06	19
1.79468e-06	19
1.81081e-06	19
1.82106e-06	19
1.82819e-06	19
1.88514e-06	19
1.90836e-06	19
1.95294e-06	19
2.00414e-06	19
2.02552e-06	19
2.03973e-06	19
2.06611e-06	19
2.07186e-06	19
2.08125e-06	19
2.14956e-06	19
2.15577e-06	19
2.17464e-06	19
2.18037e-06	19
2.20998e-06	19
2.23822e-06	19
2.25356e-06	19
2.3298e-06	19
2.33789e-06	19
2.3569e-06	19
2.42454e-06	19
2.43368e-06	19
2.48631e-06	19
2.50538e-06	19
2.53943e-06	19
2.71954e-06	19
2.74418e-06	19
2.77924e-06	19
2.8047e-06	19
2.82642e-06	19
2.85529e-06	19
2.88407e-06	19
2.88467e-06	19
2.9378e-06	19
2.97481e-06	19
2.98553e-06	19
3.00111e-06	19
3.21663e-06	19
3.21947e-06	19
3.26942e-06	19
3.40512e-06	19
3.46799e-06	19
3.48877e-06	19
3.50217e-06	19
3.60576e-06	19
3.65163e-06	19
3.82602e-06	19
3.99623e-06	19
3.99755e-06	19
4.49969e-06	19
4.54617e-06	19
4.62393e-06	19
4.84423e-06	19
5.05928e-06	19
5.27417e-06	19
5.36235e-06	19
5.39201e-06	19
5.39534e-06	19
5.40809e-06	19
5.42592e-06	19
5.4339e-06	19
5.59156e-06	19
5.72647e-06	19
6.17621e-06	19
6.28648e-06	19
6.75317e-06	19
6.84507e-06	19
6.85418e-06	19
7.03749e-06	19
7.33194e-06	19
7.38288e-06	19
7.48421e-06	19
7.50707e-06	19
7.62435e-06	19
7.64728e-06	19
7.70615e-06	19
8.85656e-06	19
1.08097e-05	19
1.11212e-05	19
1.15189e-05	19
1.16949e-05	19
1.17348e-05	19
1.17861e-05	19
1.18109e-05	19
1.20814e-05	19
1.25823e-05	19
1.36179e-05	19
1.51808e-05	19
1.53888e-05	19
1.56021e-05	19
1.58413e-05	19
1.63259e-05	19
1.64956e-05	19
1.8127e-05	19
1.95852e-05	19
1.97407e-05	19
2.08445e-05	19
2.25803e-05	19
2.266e-05	19
2.37462e-05	19
2.39229e-05	19
2.40599e-05	19
2.42149e-05	19
2.50671e-05	19
2.57992e-05	19
2.58319e-05	19
2.58783e-05	19
2.59192e-05	19
2.62164e-05	19
2.66439e-05	19
2.66848e-05	19
2.67978e-05	19
2.74924e-05	19
2.80619e-05	19
2.88741e-05	19
2.89538e-05	19
2.94946e-05	19
2.9928e-05	19
3.08329e-05	19
3.38146e-05	19
3.44716e-05	19
3.64086e-05	19
3.71002e-05	19
3.73076e-05	19
3.73506e-05	19
3.77882e-05	19
3.78134e-05	19
3.85646e-05	19
3.85702e-05	19
4.02041e-05	19
4.03201e-05	19
4.09101e-05	19
4.1276e-05	19
4.21113e-05	19
4.26193e-05	19
4.2676e-05	19
4.33932e-05	19
4.38668e-05	19
4.44104e-05	19
4.7477e-05	19
4.77658e-05	19
4.79684e-05	19
4.92969e-05	19
5.03024e-05	19
5.1468e-05	19
5.20729e-05	19
5.34858e-05	19
5.36166e-05	19
5.5028e-05	19
5.56733e-05	19
5.58264e-05	19
5.63262e-05	19
5.84494e-05	19
6.00429e-05	19
6.02332e-05	19
6.23455e-05	19
6.2416e-05	19
6.30743e-05	19
6.81887e-05	19
7.03107e-05	19
7.32996e-05	19
7.52642e-05	19
7.82812e-05	19
7.95929e-05	19
7.97927e-05	19
8.95395e-05	19
8.99886e-05	19
9.51682e-05	19
9.98259e-05	19
9.98899e-05	19
0.000102482	19
0.000104388	19
0.000105163	19
0.000106819	19
0.000108396	19
0.000110036	19
0.000110777	19
0.000114461	19
0.000116688	19
0.000119118	19
0.000123406	19
0.000123518	19
0.000124175	19
0.000127658	19
0.000127779	19
0.000129847	19
0.000131588	19
0.000134619	19
0.000134629	19
0.000137166	19
0.000138841	19
0.000146248	19
0.000167482	19
0.00018288	19
0.000186044	19
0.000237428	19
0.000246609	19
0.00028071	19
0.000327283	19
0.000344174	19
0.000396267	19
0.000577458	19
0.000596314	19
0.00061656	19
0.000619071	19
0.000678588	19
0.000715197	19
0.000780932	19
0.000820588	19
0.000825825	19
0.000882171	19
0.000884002	19
0.000981893	19
0.000985935	19
0.00101583	19
0.00102757	19
0.00103902	19
0.00106077	19
0.00107648	19
0.00108673	19
0.001228	19
0.00132152	19
0.00150276	19
0.001508	19
0.00167235	19
0.00187159	19
0.00194241	19
0.00238852	19
0.00239707	19
0.00240046	19
0.00240448	19
0.00240733	19
0.0024098	19
0.00252723	19
0.00326448	19
0.00326455	19
0.00326461	19
0.00326595	19
0.00326736	19
0.00326755	19
0.00326861	19
0.00326903	19
0.00336902	19
0.00341619	19
0.00342614	19
0.00345014	19
0.00345099	19
0.00345689	19
0.00346984	19
0.00349369	19
0.00359577	19
0.00360431	19
0.0038311	19
0.00397911	19
0.00413351	19
0.00416362	19
0.00432093	19
0.00442169	19
0.00453617	19
0.00468715	19
0.00513126	19
0.00515098	19
0.00532311	19
0.00588917	19
0.00604963	19
0.00604976	19
0.00604979	19
0.00604997	19
0.00605328	19
0.00605463	19
0.00605469	19
0.00605867	19
0.00605993	19
0.0060603	19
0.00606156	19
0.00606537	19
0.00606538	19
0.00606769	19
0.00606993	19
0.00607284	19
0.00609348	19
0.00609691	19
0.006109	19
0.00614847	19
0.00617493	19
0.00632319	19
0.00677363	19
0.00678358	19
0.00678536	19
0.00680162	19
0.00688833	19
0.00690759	19
0.00694284	19
0.00702918	19
0.00706524	19
0.00709214	19
0.00725128	19
0.00725145	19
0.00725464	19
0.00725646	19
0.00725812	19
0.00726246	19
0.00726573	19
0.00728885	19
0.00729006	19
0.00729713	19
0.00733338	19
0.00735197	19
0.00749586	19
0.00791174	19
0.00831293	19
0.00846878	19
0.00847047	19
0.00847467	19
0.00847538	19
0.00847657	19
0.00847844	19
0.00848642	19
0.00849979	19
0.00858941	19
0.00858971	19
0.00889904	19
0.00956901	19
0.00956954	19
0.00956968	19
0.00957174	19
0.00957235	19
0.00957316	19
0.00957601	19
0.00957709	19
0.009578	19
0.00957823	19
0.00957966	19
0.00958049	19
0.00958094	19
0.0095835	19
0.00958424	19
0.00958896	19
0.00958901	19
0.00958921	19
0.00959054	19
0.00959159	19
0.00959432	19
0.00959456	19
0.00959672	19
0.00959957	19
0.00960434	19
0.00960915	19
0.00962117	19
0.00962337	19
0.00962631	19
0.00962735	19
0.00963808	19
0.0096823	19
0.0106613	19
0.0114326	19
0.0114336	19
0.0114347	19
0.0114367	19
0.0114367	19
0.0114373	19
0.011438	19
0.0114381	19
0.0114405	19
0.0114406	19
0.0114418	19
0.0114423	19
0.0114431	19
0.0114432	19
0.0114434	19
0.0114437	19
0.0114446	19
0.0114479	19
0.0114488	19
0.0114492	19
0.0114504	19
0.0114509	19
0.0114517	19
0.0114543	19
0.0114569	19
0.0114585	19
0.0114653	19
0.0114662	19
0.0114775	19
0.0114846	19
0.0114856	19
0.0114866	19
0.0114883	19
0.0114885	19
0.0114892	19
0.011501	19
0.0115311	19
0.0115469	19
0.0116084	19
0.0116442	19
0.0130907	19
0.0137994	19
0.0138001	19
0.0138004	19
0.0138052	19
0.013813	19
0.0138211	19
0.0138284	19
0.0138353	19
0.013849	19
0.0138531	19
0.0138861	19
0.0139064	19
0.0145	19
0.0149568	19
0.0149569	19
0.0149595	19
0.0149596	19
0.0149696	19
0.01497	19
0.0149731	19
0.0149736	19
0.0149775	19
0.0149944	19
0.0150012	19
0.0150065	19
0.0150774	19
0.0150819	19
0.0150837	19
0.0150902	19
0.0151165	19
0.0151891	19
0.0151933	19
0.0152085	19
0.0152106	19
0.0152134	19
0.0152407	19
0.0152742	19
0.0153357	19
0.0153466	19
0.0153515	19
0.015352	19
0.0153524	19
0.0153539	19
0.0153544	19
0.0153551	19
0.0153562	19
0.0153564	19
0.0153573	19
0.0153584	19
0.0153584	19
0.0153593	19
0.0153594	19
0.0153595	19
0.0153599	19
0.015363	19
0.0153631	19
0.0153632	19
0.0153653	19
0.015372	19
0.0153832	19
0.0153916	19
0.0154754	19
0.0154953	19
0.015531	19
0.0155329	19
0.0155359	19
0.0157284	19
0.0157622	19
0.0159287	19
0.0159904	19
0.0161008	19
0.0161592	19
0.0161607	19
0.0161666	19
0.0161714	19
0.0161836	19
0.0162766	19
0.016402	19
0.0166819	19
0.0168485	19
0.0168668	19
0.0168898	19
0.0168975	19
0.0171976	19
0.0177419	19
0.017742	19
0.017742	19
0.0177423	19
0.0177426	19
0.0177429	19
0.017743	19
0.017743	19
0.0177431	19
0.0177431	19
0.0177434	19
0.0177437	19
0.017744	19
0.0177441	19
0.0177441	19
0.0177442	19
0.0177444	19
0.0177448	19
0.0177449	19
0.017745	19
0.017745	19
0.0177453	19
0.0177454	19
0.0177454	19
0.017746	19
0.0177464	19
0.0177469	19
0.0177469	19
0.017747	19
0.0177473	19
0.0177473	19
0.0177478	19
0.017748	19
0.0177484	19
0.0177485	19
0.0177488	19
0.0177489	19
0.0177491	19
0.0177495	19
0.0177495	19
0.0177513	19
0.0177517	19
0.0177523	19
0.0177526	19
0.017755	19
0.0177551	19
0.0177555	19
0.0177571	19
0.0177591	19
0.0177594	19
0.0177595	19
0.0177608	19
0.0177612	19
0.0177625	19
0.0177632	19
0.0177718	19
0.0177744	19
0.0177751	19
0.0177776	19
0.0177789	19
0.0177857	19
0.0177882	19
0.0177901	19
0.0177907	19
0.0177939	19
0.0177951	19
0.0178337	19
0.0178483	19
0.0182891	19
0.0192318	19
0.0192318	19
0.0192319	19
0.019232	19
0.019232	19
0.019232	19
0.019232	19
0.019232	19
0.0192322	19
0.0192322	19
0.0192324	19
0.0192326	19
0.0192326	19
0.0192327	19
0.0192328	19
0.0192333	19
0.0192334	19
0.0192334	19
0.0192342	19
0.0192343	19
0.0192343	19
0.0192344	19
0.0192345	19
0.0192346	19
0.019235	19
0.019236	19
0.0192375	19
0.0192383	19
0.0192385	19
0.019241	19
0.0192411	19
0.0192414	19
0.019243	19
0.0192451	19
0.0192466	19
0.0192487	19
0.0192544	19
0.0192568	19
0.0192569	19
0.0192625	19
0.0192649	19
0.0192694	19
0.0192751	19
0.0192851	19
0.0193375	19
0.0197882	19
0.0197885	19
0.0197896	19
0.0197903	19
0.0197965	19
0.0198012	19
0.0198032	19
0.0198078	19
0.0198109	19
0.0198166	19
0.0198411	19
0.0198439	19
0.0198442	19
0.0204852	19
0.0204895	19
0.0204903	19
0.0204933	19
0.0204989	19
0.0205046	19
0.0205212	19
0.024576	19
0.0245761	19
0.0245762	19
0.0245763	19
0.0245764	19
0.0245765	19
0.0245767	19
0.0245767	19
0.0245768	19
0.0245769	19
0.0245769	19
0.024577	19
0.024577	19
0.024577	19
0.0245772	19
0.0245772	19
0.0245776	19
0.0245776	19
0.0245778	19
0.0245779	19
0.0245789	19
0.024579	19
0.024579	19
0.0245791	19
0.0245793	19
0.0245796	19
0.02458	19
0.0245802	19
0.0245808	19
0.0245808	19
0.024581	19
0.0245811	19
0.0245815	19
0.0245819	19
0.024582	19
0.0245826	19
0.0245828	19
0.024583	19
0.0245835	19
0.0245836	19
0.024584	19
0.024584	19
0.0245841	19
0.0245842	19
0.0245842	19
0.0245845	19
0.024585	19
0.0245854	19
0.0245856	19
0.0245859	19
0.0245869	19
0.024587	19
0.0245873	19
0.0245876	19
0.0245905	19
0.0245938	19
0.0245939	19
0.0245939	19
0.0245947	19
0.0245952	19
0.0245956	19
0.0245987	19
0.0246011	19
0.0246019	19
0.0246047	19
0.0246048	19
0.0246052	19
0.0246087	19
0.0246097	19
0.0246105	19
0.0246116	19
0.024613	19
0.024613	19
0.0246139	19
0.0246209	19
0.0246229	19
0.0246265	19
0.0246344	19
0.0246373	19
0.0246381	19
0.0246397	19
0.02464	19
0.02464	19
0.0246405	19
0.0246458	19
0.0246543	19
0.0246607	19
0.0246609	19
0.0246656	19
0.0246693	19
0.0246713	19
0.0246732	19
0.0246762	19
0.0246805	19
0.0246825	19
0.0246829	19
0.0246835	19
0.0246836	19
0.0246844	19
0.0246849	19
0.0246849	19
0.0246861	19
0.0246875	19
0.0246878	19
0.0246884	19
0.024692	19
0.0246944	19
0.0246951	19
0.0246959	19
0.0246968	19
0.0247075	19
0.0247124	19
0.0247131	19
0.0247175	19
0.0247218	19
0.0247278	19
0.0247283	19
0.0247445	19
0.0247494	19
0.0247577	19
0.0247653	19
0.0247679	19
0.0247707	19
0.0247775	19
0.0247785	19
0.0247798	19
0.0247804	19
0.0247896	19
0.02479	19
0.0247903	19
0.0247979	19
0.0248015	19
0.0248053	19
0.0248073	19
0.0248114	19
0.0248114	19
0.0248235	19
0.0248247	19
0.0248254	19
0.0248272	19
0.0248305	19
0.0248332	19
0.0248345	19
0.0248348	19
0.0248417	19
0.0248528	19
0.0248587	19
0.0248613	19
0.024865	19
0.0248657	19
0.0248696	19
0.0248707	19
0.0248712	19
0.0248767	19
0.0248877	19
0.0248944	19
0.0249018	19
0.0249049	19
0.0249111	19
0.0249115	19
0.024913	19
0.0249267	19
0.0249301	19
0.0249392	19
0.0249433	19
0.0249477	19
0.0249497	19
0.0249594	19
0.0249705	19
0.0249723	19
0.0249734	19
0.024993	19
0.025009	19
0.0250125	19
0.0250323	19
0.0250325	19
0.0250369	19
0.0250404	19
0.0250459	19
0.0250475	19
0.0250479	19
0.0250544	19
0.0250616	19
0.0250672	19
0.0250687	19
0.0250697	19
0.0250886	19
0.0250951	19
0.0250954	19
0.0251181	19
0.025122	19
0.0251223	19
0.0251349	19
0.025137	19
0.0251389	19
0.0251457	19
0.0251609	19
0.0251793	19
0.0251824	19
0.025215	19
0.0252345	19
0.0252567	19
0.0252733	19
0.025282	19
0.0252935	19
0.0253112	19
0.0253161	19
0.0253208	19
0.0253317	19
0.0253428	19
0.0253533	19
0.0253668	19
0.0253955	19
0.0253966	19
0.0254068	19
0.0254112	19
0.0254386	19
0.0254389	19
0.025485	19
0.0254997	19
0.025506	19
0.0255081	19
0.0255084	19
0.0255095	19
0.0255367	19
0.0255918	19
0.0256197	19
0.0256442	19
0.0256475	19
0.0256479	19
0.0257167	19
0.0257259	19
0.0258025	19
0.0258215	19
0.0258485	19
0.0258628	19
0.0258663	19
0.0258735	19
0.0258798	19
0.0258916	19
0.0258948	19
0.0259228	19
0.0259484	19
0.0259673	19
0.0260201	19
0.0260268	19
0.0260446	19
0.026053	19
0.0260684	19
0.0260753	19
0.0260757	19
0.0260778	19
0.0260816	19
0.0260866	19
0.0260881	19
0.0260944	19
0.0260998	19
0.0261017	19
0.0261259	19
0.0261418	19
0.0261453	19
0.0261549	19
0.0261555	19
0.0261706	19
0.0261897	19
0.0262092	19
0.026215	19
0.0262311	19
0.0262327	19
0.0262455	19
0.0262526	19
0.0262803	19
0.0263332	19
0.0263411	19
0.0263433	19
0.0263524	19
0.0263872	19
0.0264198	19
0.0264507	19
0.0264672	19
0.0265601	19
0.0265793	19
0.0265985	19
0.026622	19
0.0266391	19
0.026675	19
0.0267097	19
0.0267413	19
0.0267759	19
0.0267796	19
0.0269394	19
0.0270046	19
0.0270483	19
0.027049	19
0.0270497	19
0.0270501	19
0.0270503	19
0.027053	19
0.0270558	19
0.0270571	19
0.0270573	19
0.0270601	19
0.0270616	19
0.0270635	19
0.027064	19
0.0270642	19
0.0270656	19
0.0270664	19
0.0270668	19
0.027068	19
0.027083	19
0.0270842	19
0.0271032	19
0.0271039	19
0.0271039	19
0.0271047	19
0.0274825	19
0.0275633	19
0.0276742	19
0.027748	19
0.027837	19
0.0278375	19
0.0278472	19
0.0278764	19
0.028326	19
0.0283735	19
0.0295118	19
0.0307228	19
0.0313635	19
0.0315453	19
0.0315465	19
0.0315466	19
0.0315468	19
0.0315479	19
0.0315523	19
0.0315529	19
0.0315581	19
0.0315613	19
0.0315655	19
0.0315695	19
0.0315734	19
0.0315855	19
0.0315897	19
0.0316851	19
0.0316889	19
0.0317129	19
0.0330216	19
0.0330216	19
0.0330219	19
0.0330219	19
0.033022	19
0.033022	19
0.0330221	19
0.0330229	19
0.0330233	19
0.0330235	19
0.0330236	19
0.0330238	19
0.0330239	19
0.0330241	19
0.0330243	19
0.0330244	19
0.0330245	19
0.0330253	19
0.0330256	19
0.0330256	19
0.0330256	19
0.0330265	19
0.0330265	19
0.0330266	19
0.0330267	19
0.033027	19
0.0330271	19
0.0330273	19
0.0330273	19
0.0330275	19
0.0330275	19
0.0330276	19
0.0330276	19
0.0330283	19
0.0330284	19
0.0330286	19
0.0330291	19
0.0330296	19
0.0330298	19
0.03303	19
0.0330303	19
0.0330306	19
0.0330311	19
0.0330316	19
0.0330326	19
0.0330332	19
0.0330335	19
0.0330336	19
0.033034	19
0.0330343	19
0.0330349	19
0.0330358	19
0.0330365	19
0.0330377	19
0.033038	19
0.0330384	19
0.0330386	19
0.0330396	19
0.0330398	19
0.0330405	19
0.0330405	19
0.0330423	19
0.0330428	19
0.0330441	19
0.033045	19
0.0330493	19
0.0330499	19
0.0330515	19
0.0330524	19
0.0330532	19
0.033056	19
0.0330587	19
0.0330593	19
0.0330629	19
0.0330768	19
0.0330861	19
0.0330867	19
0.0330872	19
0.0330874	19
0.0330886	19
0.0330892	19
0.0330901	19
0.0330902	19
0.0330922	19
0.0330935	19
0.0330948	19
0.0330958	19
0.0330959	19
0.0330962	19
0.0330969	19
0.0331016	19
0.0331025	19
0.0331027	19
0.0331031	19
0.0331054	19
0.0331075	19
0.0331085	19
0.0331093	19
0.0331108	19
0.0331137	19
0.033114	19
0.0331164	19
0.033117	19
0.0331196	19
0.0331212	19
0.0331237	19
0.0331301	19
0.0331301	19
0.0331394	19
0.0331427	19
0.0331489	19
0.0331607	19
0.0331612	19
0.0331623	19
0.0331727	19
0.0331733	19
0.0331744	19
0.0331762	19
0.0331766	19
0.033177	19
0.0331775	19
0.0331781	19
0.03318	19
0.0331803	19
0.0331806	19
0.0331855	19
0.0331874	19
0.0331905	19
0.0331907	19
0.0331942	19
0.0332092	19
0.0332313	19
0.03325	19
0.0332604	19
0.034298	19
0.0342982	19
0.0342984	19
0.0342985	19
0.0342987	19
0.034299	19
0.0342995	19
0.0343	19
0.0343003	19
0.0343006	19
0.0343008	19
0.0343011	19
0.034302	19
0.0343023	19
0.0343032	19
0.0343033	19
0.0343039	19
0.034304	19
0.0343045	19
0.0343049	19
0.0343054	19
0.0343059	19
0.0343063	19
0.0343071	19
0.0343073	19
0.0343087	19
0.034309	19
0.0343093	19
0.0343098	19
0.0343103	19
0.0343111	19
0.0343116	19
0.0343117	19
0.0343121	19
0.0343122	19
0.0343126	19
0.0343129	19
0.0343132	19
0.0343139	19
0.0343139	19
0.0343157	19
0.0343181	19
0.0343195	19
0.0343205	19
0.0343259	19
0.0343263	19
0.034328	19
0.034328	19
0.0343308	19
0.0343319	19
0.0343435	19
0.0343447	19
0.0343473	19
0.0343518	19
0.0343588	19
0.034369	19
0.0344699	19
0.0344816	19
0.0345825	19
0.0345827	19
0.0345827	19
0.0345828	19
0.034583	19
0.0345834	19
0.0345837	19
0.0345837	19
0.0345841	19
0.0345842	19
0.0345847	19
0.0345848	19
0.034585	19
0.0345873	19
0.0345879	19
0.0345884	19
0.0345904	19
0.034591	19
0.0345913	19
0.0345922	19
0.0345926	19
0.0345931	19
0.0345954	19
0.0345958	19
0.0345983	19
0.0345994	19
0.0346025	19
0.0346041	19
0.0346056	19
0.034611	19
0.0346138	19
0.0346152	19
0.0346189	19
0.0346242	19
0.03464	19
0.034641	19
0.0346494	19
0.0346507	19
0.0347063	19
0.03589	19
0.03589	19
0.0358907	19
0.0358907	19
0.0358912	19
0.0358922	19
0.0358922	19
0.0358925	19
0.0358942	19
0.0358948	19
0.035895	19
0.0358956	19
0.0358961	19
0.0358976	19
0.0358981	19
0.0358986	19
0.0359005	19
0.0359022	19
0.0359036	19
0.0359042	19
0.0359046	19
0.0359087	19
0.0359097	19
0.0359102	19
0.0359154	19
0.0359164	19
0.0359184	19
0.0359214	19
0.0359223	19
0.035924	19
0.0359363	19
0.0359418	19
0.0359619	19
0.038792	19
0.0387922	19
0.0387925	19
0.0387925	19
0.0387926	19
0.0387935	19
0.0387935	19
0.0387937	19
0.0387939	19
0.0387944	19
0.0387963	19
0.0387975	19
0.0387979	19
0.0387981	19
0.0388002	19
0.0388005	19
0.038801	19
0.0388013	19
0.0388017	19
0.0388021	19
0.0388061	19
0.0388067	19
0.038808	19
0.0388083	19
0.0388122	19
0.0388188	19
0.0388199	19
0.0388206	19
0.0388225	19
0.0388251	19
0.0388252	19
0.0388254	19
0.0388288	19
0.0388289	19
0.0388328	19
0.038838	19
0.0388445	19
0.0388455	19
0.0388548	19
0.0388597	19
0.0388686	19
0.0388688	19
0.038869	19
0.0388719	19
0.0388844	19
0.0389005	19
0.0389048	19
0.0389167	19
0.0389234	19
0.0389263	19
0.0389291	19
0.0389323	19
0.038935	19
0.0389424	19
0.0389538	19
0.0389565	19
0.0389745	19
0.0389858	19
0.0389922	19
0.0389996	19
0.0390006	19
0.0390006	19
0.0390022	19
0.0390109	19
0.039011	19
0.0390157	19
0.0390244	19
0.0390283	19
0.0390334	19
0.0390631	19
0.0390664	19
0.0390714	19
0.0390847	19
0.0390906	19
0.0391167	19
0.0391284	19
0.0391294	19
0.0391504	19
0.0391641	19
0.0391676	19
0.0391694	19
0.0391784	19
0.0391816	19
0.039186	19
0.0392	19
0.0392352	19
0.0392361	19
0.0392384	19
0.0392507	19
0.0392526	19
0.0392733	19
0.0392806	19
0.0393397	19
0.0393505	19
0.0393578	19
0.0393643	19
0.0393792	19
0.0394031	19
0.0394054	19
0.0394163	19
0.039427	19
0.0394793	19
0.0394914	19
0.0395306	19
0.0395686	19
0.0395965	19
0.0395967	19
0.0396139	19
0.039622	19
0.0396643	19
0.0396675	19
0.0396684	19
0.0397185	19
0.0397502	19
0.0397519	19
0.0397622	19
0.0397917	19
0.0397971	19
0.0398243	19
0.0398278	19
0.0399322	19
0.0401162	19
0.0401236	19
0.0404027	19
0.0404033	19
0.0404033	19
0.0404035	19
0.0404045	19
0.0404047	19
0.040405	19
0.0404059	19
0.0404062	19
0.0404069	19
0.0404075	19
0.0404079	19
0.0404081	19
0.0404083	19
0.0404087	19
0.0404092	19
0.0404095	19
0.0404109	19
0.0404131	19
0.0404142	19
0.0404146	19
0.0404169	19
0.0404175	19
0.0404176	19
0.0404177	19
0.0404239	19
0.0404255	19
0.0404294	19
0.0404297	19
0.0404307	19
0.0404339	19
0.0404426	19
0.0404459	19
0.0404657	19
0.0404927	19
0.0405902	19
0.0406715	19
0.0409165	19
0.040966	19
0.0410582	19
0.0410634	19
0.0410682	19
0.0410683	19
0.0410692	19
0.0410696	19
0.0410742	19
0.0410925	19
0.0410982	19
0.0411024	19
0.0411486	19
0.0412787	19
0.0415704	19
0.0415705	19
0.0415706	19
0.0415707	19
0.0415707	19
0.0415709	19
0.0415711	19
0.0415721	19
0.0415723	19
0.0415724	19
0.0415726	19
0.0415726	19
0.0415727	19
0.0415731	19
0.0415731	19
0.0415732	19
0.0415733	19
0.0415736	19
0.0415737	19
0.0415738	19
0.0415738	19
0.0415749	19
0.0415749	19
0.0415751	19
0.0415752	19
0.0415752	19
0.0415757	19
0.0415757	19
0.0415758	19
0.0415773	19
0.0415784	19
0.0415787	19
0.0415797	19
0.0415799	19
0.04158	19
0.0415804	19
0.0415804	19
0.0415821	19
0.0415829	19
0.0415846	19
0.0415851	19
0.0415877	19
0.0415882	19
0.0415895	19
0.0415901	19
0.0415905	19
0.0415908	19
0.0415909	19
0.0415916	19
0.041592	19
0.0415935	19
0.0415937	19
0.0415944	19
0.0415952	19
0.0415963	19
0.0415983	19
0.0416016	19
0.0416024	19
0.0416045	19
0.0416055	19
0.0416059	19
0.0416121	19
0.0416174	19
0.0416179	19
0.0416215	19
0.0416287	19
0.0416321	19
0.041636	19
0.0416389	19
0.0416392	19
0.0416417	19
0.0416423	19
0.0416496	19
0.0416507	19
0.0416534	19
0.0416536	19
0.0416635	19
0.0416671	19
0.0416711	19
0.0416852	19
0.0416883	19
0.0416998	19
0.0417021	19
0.041708	19
0.0417206	19
0.0417336	19
0.0417579	19
0.0417609	19
0.0417709	19
0.0417748	19
0.0417775	19
0.0417823	19
0.0417915	19
0.0418025	19
0.0418108	19
0.0418244	19
0.0418399	19
0.0418404	19
0.0418451	19
0.0418633	19
0.0418733	19
0.0418919	19
0.0418962	19
0.0419116	19
0.0419194	19
0.0419299	19
0.0419438	19
0.041962	19
0.0419774	19
0.0419869	19
0.0419937	19
0.0420019	19
0.0420079	19
0.0420256	19
0.0420521	19
0.0420923	19
0.0421112	19
0.0421587	19
0.0422114	19
0.0422312	19
0.0423229	19
0.0424161	19
0.0424327	19
0.0424422	19
0.0424428	19
0.0425416	19
0.042603	19
0.0427406	19
0.0427938	19
0.0429125	19
0.0432112	19
0.0433084	19
0.0433894	19
0.0434749	19
0.0437467	19
0.0438368	19
0.0438554	19
0.0439749	19
0.0440267	19
0.044406	19
0.044418	19
0.0446561	19
0.0446564	19
0.0446569	19
0.0446589	19
0.0446605	19
0.0446606	19
0.0446611	19
0.0446613	19
0.0446615	19
0.0446615	19
0.044662	19
0.0446691	19
0.0446741	19
0.0446762	19
0.0446862	19
0.0446863	19
0.0446869	19
0.0446869	19
0.044688	19
0.0446886	19
0.0446916	19
0.0446989	19
0.0446998	19
0.0449956	19
0.0450002	19
0.0450092	19
0.0450161	19
0.0450236	19
0.0450527	19
0.0450582	19
0.0450598	19
0.0450838	19
0.0450871	19
0.0450889	19
0.0450909	19
0.0451002	19
0.0451127	19
0.045113	19
0.045125	19
0.0451475	19
0.0451522	19
0.0451579	19
0.0451613	19
0.0451768	19
0.0451846	19
0.0451853	19
0.0451887	19
0.04519	19
0.0452019	19
0.0452122	19
0.0452225	19
0.0452401	19
0.0452439	19
0.0452478	19
0.0452504	19
0.0452532	19
0.045266	19
0.0452695	19
0.0452973	19
0.0453062	19
0.0453395	19
0.0453444	19
0.0453462	19
0.0453643	19
0.0454072	19
0.045478	19
0.0454818	19
0.0455852	19
0.0456844	19
0.0457161	19
0.0457165	19
0.0457169	19
0.0457171	19
0.045718	19
0.0457187	19
0.0457195	19
0.0457217	19
0.0457276	19
0.0457287	19
0.0457304	19
0.045731	19
0.0457368	19
0.0457425	19
0.0457641	19
0.0457648	19
0.0458067	19
0.0458229	19
0.0458528	19
0.0458577	19
0.045983	19
0.0460228	19
0.046047	19
0.046277	19
0.0463768	19
0.0463825	19
0.0464019	19
0.0464091	19
0.0464916	19
0.046548	19
0.046705	19
0.0469357	19
0.0481781	19
0.0484746	19
0.0488252	19
0.0503594	19
0.0503594	19
0.0503594	19
0.0503602	19
0.0503605	19
0.0503608	19
0.0503616	19
0.0503618	19
0.0503653	19
0.0503664	19
0.0503665	19
0.0503671	19
0.0503684	19
0.05037	19
0.0503703	19
0.0503708	19
0.0503743	19
0.050375	19
0.0503759	19
0.0503808	19
0.0503809	19
0.050381	19
0.0503823	19
0.0503825	19
0.0503846	19
0.0503921	19
0.0504058	19
0.0504105	19
0.0504353	19
0.0512758	19
0.051281	19
0.051329	19
0.0518842	19
0.0532125	19
0.0532126	19
0.0532132	19
0.0532138	19
0.0532144	19
0.0532146	19
0.0532156	19
0.0532157	19
0.0532161	19
0.0532164	19
0.0532173	19
0.0532174	19
0.0532178	19
0.0532179	19
0.0532182	19
0.0532183	19
0.0532186	19
0.0532187	19
0.0532194	19
0.0532199	19
0.0532203	19
0.0532207	19
0.0532208	19
0.0532224	19
0.0532247	19
0.0532257	19
0.0532311	19
0.0532312	19
0.0532319	19
0.0532329	19
0.053236	19
0.0532366	19
0.0532409	19
0.0532415	19
0.053244	19
0.0532475	19
0.0532481	19
0.0532534	19
0.0532566	19
0.0532568	19
0.0532621	19
0.0532853	19
0.0532939	19
0.0533241	19
0.0533305	19
0.0542955	19
0.0542959	19
0.0542964	19
0.0542968	19
0.0542981	19
0.0542994	19
0.0542996	19
0.0543003	19
0.054303	19
0.054304	19
0.0543054	19
0.0543077	19
0.0543087	19
0.0543102	19
0.0543113	19
0.0543126	19
0.0543181	19
0.054319	19
0.0543238	19
0.0543261	19
0.0543276	19
0.0543777	19
0.0544076	19
0.0552632	19
0.0552636	19
0.0552637	19
0.055264	19
0.0552648	19
0.0552658	19
0.055266	19
0.0552662	19
0.0552665	19
0.0552667	19
0.0552669	19
0.0552672	19
0.0552673	19
0.0552674	19
0.0552674	19
0.0552681	19
0.0552681	19
0.0552687	19
0.0552687	19
0.05527	19
0.0552701	19
0.0552701	19
0.0552701	19
0.0552706	19
0.0552726	19
0.0552726	19
0.0552732	19
0.0552736	19
0.055278	19
0.0552809	19
0.0552816	19
0.0552819	19
0.0552842	19
0.0552859	19
0.055288	19
0.0552883	19
0.0552885	19
0.0552887	19
0.0552888	19
0.0552914	19
0.0552995	19
0.0552996	19
0.0553016	19
0.0553017	19
0.0553094	19
0.0553387	19
0.0566364	19
0.0566366	19
0.056637	19
0.0566376	19
0.0566379	19
0.0566392	19
0.0566395	19
0.0566408	19
0.0566416	19
0.0566422	19
0.056644	19
0.056645	19
0.0566473	19
0.0566481	19
0.0566485	19
0.0566505	19
0.0566521	19
0.0566541	19
0.0566564	19
0.0566585	19
0.0566586	19
0.0566599	19
0.0566693	19
0.0566793	19
0.0566804	19
0.0567094	19
0.057239	19
0.0576461	19
0.0576706	19
0.057671	19
0.0576891	19
0.0613747	19
0.0613752	19
0.0613769	19
0.0613818	19
0.0613868	19
0.0613935	19
0.0614011	19
0.0614193	19
0.0614207	19
0.0614216	19
0.0614598	19
0.0621735	19
0.0621854	19
0.062207	19
0.0622092	19
0.062215	19
0.0622379	19
0.0622712	19
0.0622715	19
0.0651543	19
0.0651575	19
0.0659952	19
0.0659954	19
0.065996	19
0.0659965	19
0.0659966	19
0.0659974	19
0.0659979	19
0.0659981	19
0.0659983	19
0.0659985	19
0.0659987	19
0.0660002	19
0.0660026	19
0.0660027	19
0.0660027	19
0.0660028	19
0.0660029	19
0.066003	19
0.0660051	19
0.0660059	19
0.0660075	19
0.0660085	19
0.066009	19
0.0660117	19
0.0660118	19
0.0660121	19
0.0660122	19
0.0660135	19
0.0660163	19
0.0660258	19
0.0660261	19
0.0660306	19
0.0660323	19
0.0660368	19
0.0660396	19
0.0660573	19
0.0660665	19
0.0660677	19
0.0660677	19
0.0660732	19
0.0660793	19
0.0660844	19
0.0660853	19
0.0660874	19
0.0660907	19
0.0661165	19
0.0661331	19
0.0661672	19
0.0662246	19
0.0662621	19
0.0662698	19
0.0664008	19
0.0664014	19
0.0664467	19
0.0664502	19
0.0664572	19
0.0664998	19
0.0665683	19
0.066612	19
0.0666557	19
0.0667442	19
0.0668541	19
0.0669236	19
0.0670696	19
0.0676298	19
0.0685041	19
0.0721552	19
0.0721555	19
0.0721557	19
0.0721626	19
0.0721792	19
0.0721795	19
0.0732528	19
0.0733034	19
0.0733071	19
0.0751865	19
0.0751891	19
0.075204	19
0.0752255	19
0.0752757	19
0.0782893	19
0.07829	19
0.0783012	19
0.0783088	19
0.0783821	19
0.0783928	19
0.0784017	19
0.0786134	19
0.079686	19
0.0814145	19
0.0814735	19
0.0814905	19
0.0814912	19
0.0815439	19
0.0815713	19
0.0816595	19
0.0817494	19
0.0838496	19
0.0838498	19
0.083853	19
0.0838537	19
0.0839329	19
0.0839484	19
0.0839919	19
0.0840561	19
0.0841967	19
0.0842639	19
0.0842659	19
0.0844483	19
0.0848107	19
0.0850621	19
0.0851131	19
0.0863067	19
0.0864085	19
0.0865039	19
0.0874996	19
0.087617	19
0.0898159	19
0.0898241	19
0.0926898	19
0.0926929	19
0.0926944	19
0.092767	19
0.0928467	19
0.0941088	19
0.0941103	19
0.0941143	19
0.0941764	19
0.0941799	19
0.0967899	19
0.0968203	19
0.0968225	19
0.101195	19
0.101195	19
0.101195	19
0.101209	19
0.101211	19
0.104744	19
0.104744	19
0.104745	19
0.104748	19
0.104751	19
0.104761	19
0.104778	19
0.104785	19
0.104786	19
0.104787	19
0.104798	19
0.1048	19
0.104801	19
0.10485	19
0.106726	19
0.106727	19
0.106734	19
0.106924	19
0.107021	19
0.108812	19
0.108836	19
0.108843	19
0.108848	19
0.11395	19
0.11395	19
0.11397	19
0.113971	19
0.115539	19
0.115547	19
0.115558	19
0.116344	19
0.116359	19
0.116368	19
0.116371	19
0.121329	19
0.121419	19
0.121419	19
0.123315	19
0.12342	19
0.123421	19
0.123421	19
0.124625	19
0.124625	19
0.124628	19
0.124637	19
0.124641	19
0.124648	19
0.12679	19
0.126792	19
0.126873	19
0.126874	19
0.128438	19
0.128442	19
0.128453	19
0.12846	19
0.12928	19
0.129377	19
0.129379	19
0.130041	19
0.130047	19
0.130047	19
0.131932	19
0.134981	19
0.135026	19
0.135655	19
0.135659	19
0.135717	19
0.1366	19
0.136642	19
0.136644	19
0.137394	19
0.137394	19
0.137396	19
0.137398	19
0.1374	19
0.137404	19
0.137431	19
0.137431	19
0.137467	19
0.137474	19
0.137699	19
0.139063	19
0.139639	19
0.139645	19
0.139681	19
0.141561	19
0.141575	19
0.141576	19
0.141698	19
0.141703	19
0.142576	19
0.142623	19
0.142624	19
0.142627	19
0.14304	19
0.14614	19
0.146194	19
0.146226	19
0.146229	19
0.148097	19
0.148191	19
0.148192	19
0.153667	19
0.153667	19
0.153719	19
0.15372	19
0.155877	19
0.155877	19
0.155877	19
0.157269	19
0.157269	19
0.159547	19
0.159549	19
0.15958	19
0.159844	19
0.159871	19
0.159873	19
0.163516	19
0.164539	19
0.164565	19
0.166683	19
0.166717	19
0.166724	19
0.17296	19
0.17296	19
0.173936	19
0.173945	19
0.175218	19
0.175223	19
0.175238	19
0.176708	19
0.176716	19
0.176734	19
0.176736	19
0.176761	19
0.176761	19
0.177446	19
0.177467	19
0.177478	19
0.178596	19
0.178744	19
0.178744	19
0.180453	19
0.180478	19
0.180522	19
0.180527	19
0.184823	19
0.184931	19
0.184966	19
0.19079	19
0.190827	19
0.190832	19
0.190832	19
0.195209	19
0.195215	19
0.195216	19
0.199322	19
0.199416	19
0.199416	19
0.199956	19
0.199957	19
0.200012	19
0.200013	19
0.200047	19
0.200049	19
0.200561	19
0.202459	19
0.202504	19
0.207228	19
0.207228	19
0.207285	19
0.207286	19
0.20752	19
0.207534	19
0.207535	19
0.207537	19
0.207765	19
0.207767	19
0.207793	19
0.210335	19
0.210335	19
0.21034	19
0.210413	19
0.210722	19
0.210882	19
0.211163	19
0.211175	19
0.215916	19
0.215923	19
0.215934	19
0.223546	19
0.223546	19
0.22355	19
0.223693	19
0.223708	19
0.226524	19
0.226665	19
0.22676	19
0.227212	19
0.227483	19
0.22757	19
0.229794	19
0.229843	19
0.22985	19
0.229853	19
0.231385	19
0.231385	19
0.231386	19
0.234621	19
0.234656	19
0.23466	19
0.234788	19
0.234903	19
0.234904	19
0.235433	19
0.236986	19
0.236996	19
0.236996	19
0.2372	19
0.237224	19
0.237269	19
0.238615	19
0.250191	19
0.250191	19
0.250194	19
0.250199	19
0.250221	19
0.250339	19
0.250398	19
0.25043	19
0.25043	19
0.250854	19
0.250918	19
0.250919	19
0.250932	19
0.250934	19
0.253708	19
0.255242	19
0.2553	19
0.256955	19
0.256996	19
0.256997	19
0.258523	19
0.258619	19
0.258621	19
0.260925	19
0.262377	19
0.262392	19
0.262438	19
0.262438	19
0.265658	19
0.265678	19
0.265714	19
0.265721	19
0.265721	19
0.267657	19
0.267681	19
0.267681	19
0.269137	19
0.269333	19
0.269335	19
0.269678	19
0.269686	19
0.269686	19
0.273413	19
0.273472	19
0.273484	19
0.273485	19
0.2736	19
0.273603	19
0.280912	19
0.280914	19
0.280923	19
0.280923	19
0.28093	19
0.285437	19
0.285443	19
0.285453	19
0.285533	19
0.286489	19
0.286491	19
0.286547	19
0.287075	19
0.287077	19
0.288017	19
0.288026	19
0.288054	19
0.28911	19
0.292226	19
0.292792	19
0.292815	19
0.292853	19
0.292856	19
0.292868	19
0.294049	19
0.294051	19
0.294065	19
0.294077	19
0.294079	19
0.296984	19
0.29938	19
0.299381	19
0.299472	19
0.302518	19
0.302519	19
0.302523	19
0.302582	19
0.306882	19
0.306882	19
0.307005	19
0.310576	19
0.311011	19
0.311024	19
0.311032	19
0.311033	19
0.312218	19
0.312269	19
0.312342	19
0.313055	19
0.313173	19
0.313182	19
0.313768	19
0.31379	19
0.313899	19
0.315201	19
0.315242	19
0.315515	19
0.317564	19
0.317566	19
0.31758	19
0.317649	19
0.317649	19
0.323699	19
0.323717	19
0.323719	19
0.326669	19
0.32667	19
0.326688	19
0.32669	19
0.327456	19
0.327756	19
0.327758	19
0.328821	19
0.328989	19
0.331323	19
0.331406	19
0.331409	19
0.336487	19
0.336493	19
0.336503	19
0.336504	19
0.348218	19
0.348221	19
0.348225	19
0.348226	19
0.348236	19
0.348239	19
0.348246	19
0.353798	19
0.353831	19
0.353832	19
0.353856	19
0.353858	19
0.354426	19
0.354476	19
0.354499	19
0.355278	19
0.355286	19
0.355288	19
0.357787	19
0.357832	19
0.357861	19
0.357861	19
0.357875	19
0.357919	19
0.35811	19
0.358154	19
0.358913	19
0.360243	19
0.360262	19
0.362128	19
0.362141	19
0.362141	19
0.362149	19
0.364603	19
0.364604	19
0.364633	19
0.365146	19
0.365148	19
0.365152	19
0.365221	19
0.370277	19
0.370277	19
0.370281	19
0.370291	19
0.370511	19
0.370515	19
0.370516	19
0.379773	19
0.379777	19
0.379784	19
0.379836	19
0.37984	19
0.379939	19
0.382236	19
0.382237	19
0.38229	19
0.384225	19
0.384228	19
0.384288	19
0.384292	19
0.384341	19
0.384682	19
0.397522	19
0.397523	19
0.397633	19
0.397668	19
0.399429	19
0.399433	19
0.399462	19
0.399481	19
0.399541	19
0.400576	19
0.400699	19
0.402008	19
0.402057	19
0.402087	19
0.402087	19
0.405925	19
0.42115	19
0.421151	19
0.421154	19
0.426895	19
0.426913	19
0.426914	19
0.426929	19
0.42693	19
0.430226	19
0.430255	19
0.430262	19
0.433374	19
0.433385	19
0.433452	19
0.433453	19
0.442099	19
0.4421	19
0.442114	19
0.442116	19
0.44218	19
0.442184	19
0.442184	19
0.443929	19
0.443937	19
0.443957	19
0.443958	19
0.444046	19
0.444064	19
0.444069	19
0.445061	19
0.445063	19
0.445207	19
0.445213	19
0.447711	19
0.447782	19
0.447784	19
0.447922	19
0.447946	19
0.447947	19
0.448016	19
0.448084	19
0.448089	19
0.449506	19
0.449618	19
0.44962	19
0.45013	19
0.450139	19
0.450141	19
0.451659	19
0.451734	19
0.451736	19
0.452059	19
0.452075	19
0.45211	19
0.452149	19
0.452152	19
0.452204	19
0.452205	19
0.455519	19
0.455606	19
0.45565	19
0.455651	19
0.455652	19
0.458596	19
0.458648	19
0.458655	19
0.458656	19
0.458738	19
0.458747	19
0.458749	19
0.459097	19
0.465222	19
0.465242	19
0.465298	19
0.465559	19
0.472517	19
0.472517	19
0.472558	19
0.47256	19
0.475213	19
0.475236	19
0.475238	19
0.47561	19
0.475665	19
0.477859	19
0.477893	19
0.477894	19
0.478639	19
0.48151	19
0.481698	19
0.481793	19
0.481793	19
0.486447	19
0.486447	19
0.486448	19
0.48649	19
0.486493	19
0.495432	19
0.495432	19
0.495588	19
0.495589	19
0.498261	19
0.498261	19
0.498277	19
0.498279	19
0.498279	19
0.498286	19
0.502417	19
0.502433	19
0.502547	19
0.502549	19
0.502549	19
0.503862	19
0.503972	19
0.503976	19
0.504962	19
0.506065	19
0.506106	19
0.506112	19
0.50612	19
0.509447	19
0.51554	19
0.515546	19
0.515546	19
0.516613	19
0.516639	19
0.516642	19
0.518625	19
0.523876	19
0.523917	19
0.535624	19
0.535733	19
0.535734	19
0.535741	19
0.535741	19
0.552773	19
0.552774	19
0.552781	19
0.552806	19
0.552807	19
0.55643	19
0.556433	19
0.55644	19
0.556551	19
0.559081	19
0.559089	19
0.559101	19
0.559133	19
0.565972	19
0.565975	19
0.569907	19
0.569912	19
0.569917	19
0.573824	19
0.573824	19
0.573844	19
0.573846	19
0.573851	19
0.57782	19
0.577828	19
0.577828	19
0.577933	19
0.593735	19
0.593737	19
0.59374	19
0.593741	19
0.593745	19
0.604536	19
0.604536	19
0.604536	19
0.604537	19
0.604553	19
0.606253	19
0.606256	19
0.606293	19
0.607801	19
0.607805	19
0.607871	19
0.608236	19
0.608237	19
0.60824	19
0.608326	19
0.616248	19
0.616249	19
0.616249	19
0.619026	19
0.619131	19
0.619148	19
0.620748	19
0.620769	19
0.620788	19
0.6208	19
0.640979	19
0.640981	19
0.640981	19
0.640981	19
0.640992	19
0.641007	19
0.641068	19
0.641181	19
0.641227	19
0.641247	19
0.641274	19
0.641787	19
0.641793	19
0.641836	19
0.642597	19
0.642622	19
0.642622	19
0.64428	19
0.644306	19
0.644328	19
0.645144	19
0.645245	19
0.645246	19
0.658917	19
0.658927	19
0.658971	19
0.658972	19
0.662986	19
0.663039	19
0.66304	19
0.664656	19
0.664761	19
0.664761	19
0.67004	19
0.670071	19
0.670075	19
0.671611	19
0.671611	19
0.671721	19
0.671722	19
0.673195	19
0.680551	19
0.680557	19
0.680567	19
0.680601	19
0.680602	19
0.680895	19
0.680907	19
0.680912	19
0.681875	19
0.681876	19
0.681878	19
0.687526	19
0.687553	19
0.687553	19
0.687879	19
0.687913	19
0.687913	19
0.69266	19
0.692875	19
0.692875	19
0.697609	19
0.697697	19
0.6977	19
0.699144	19
0.700804	19
0.700808	19
0.700819	19
0.700883	19
0.700885	19
0.701043	19
0.701053	19
0.701053	19
0.704108	19
0.70416	19
0.704161	19
0.708737	19
0.708737	19
0.708779	19
0.708782	19
0.708797	19
0.708844	19
0.708892	19
0.711027	19
0.711038	19
0.711083	19
0.711092	19
0.723017	19
0.723028	19
0.723199	19
0.7232	19
0.731862	19
0.731862	19
0.731867	19
0.731871	19
0.731932	19
0.731942	19
0.731944	19
0.732753	19
0.73331	19
0.733331	19
0.733385	19
0.733388	19
0.739199	19
0.739199	19
0.739282	19
0.739283	19
0.743224	19
0.743776	19
0.743813	19
0.743921	19
0.74922	19
0.749221	19
0.749237	19
0.751615	19
0.751659	19
0.751668	19
0.758172	19
0.758217	19
0.758218	19
0.762253	19
0.762261	19
0.762261	19
0.762285	19
0.762286	19
0.763619	19
0.763709	19
0.76371	19
0.769844	19
0.769846	19
0.769846	19
0.769848	19
0.771994	19
0.772038	19
0.772038	19
0.778706	19
0.778706	19
0.778706	19
0.778737	19
0.778737	19
0.782496	19
0.782497	19
0.782506	19
0.782507	19
0.790745	19
0.790883	19
0.790889	19
0.790913	19
0.790915	19
0.793349	19
0.793429	19
0.793431	19
0.821456	19
0.821456	19
0.821463	19
0.821465	19
0.821536	19
0.821536	19
0.825069	19
0.825073	19
0.825077	19
0.825287	19
0.825313	19
0.825314	19
0.836868	19
0.847792	19
0.847793	19
0.847816	19
0.847816	19
0.847823	19
0.847824	19
0.85179	19
0.851864	19
0.851867	19
0.853282	19
0.853283	19
0.853294	19
0.853295	19
0.856892	19
0.856893	19
0.856896	19
0.856899	19
0.857574	19
0.857599	19
0.857602	19
0.857604	19
0.858019	19
0.858048	19
0.858122	19
0.858126	19
0.85891	19
0.858951	19
0.858955	19
0.859494	19
0.85952	19
0.859524	19
0.86773	19
0.872246	19
0.872248	19
0.881739	19
0.88174	19
0.881748	19
0.88175	19
0.88175	19
0.881753	19
0.883419	19
0.883544	19
0.883567	19
0.88627	19
0.886276	19
0.886277	19
0.893273	19
0.893289	19
0.893289	19
0.89329	19
0.893295	19
0.893904	19
0.894025	19
0.894036	19
0.896504	19
0.896641	19
0.896652	19
0.898716	19
0.89872	19
0.898759	19
0.904492	19
0.904496	19
0.90457	19
0.904577	19
0.905784	19
0.906183	19
0.906185	19
0.911521	19
0.914118	19
0.915648	19
0.926862	19
0.926871	19
0.926872	19
0.926943	19
0.926947	19
0.926995	19
0.926997	19
0.931941	19
0.931948	19
0.931952	19
0.932082	19
0.932088	19
0.943618	19
0.945927	19
0.945928	19
0.952923	19
0.95294	19
0.952959	19
0.958748	19
0.958748	19
0.958791	19
0.958799	19
0.958817	19
0.958843	19
0.959694	19
0.95974	19
0.959746	19
0.960051	19
0.960064	19
0.960111	19
0.962002	19
0.962082	19
0.962083	19
0.962511	19
0.962527	19
0.980127	19
0.980127	19
0.980148	19
0.991183	19
0.991186	19
0.991217	19
0.993504	19
0.993504	19
0.993507	19
0.993508	19
0.993534	19
1.00356	19
1.021	19
1.021	19
1.021	19
1.02101	19
1.02103	19
1.02445	19
1.02461	19
1.02461	19
1.02473	19
1.02474	19
1.02474	19
1.0262	19
1.02858	19
1.02862	19
1.02862	19
1.02869	19
1.02869	19
1.03505	19
1.03505	19
1.03505	19
1.03505	19
1.03618	19
1.03619	19
1.0362	19
1.03723	19
1.0374	19
1.0374	19
1.04186	19
1.04195	19
1.04195	19
1.05058	19
1.05198	19
1.052	19
1.052	19
1.052	19
1.05209	19
1.05701	19
1.06035	19
1.06036	19
1.06036	19
1.06037	19
1.06833	19
1.06833	19
1.06834	19
1.06834	19
1.07167	19
1.08464	19
1.0847	19
1.0847	19
1.08698	19
1.08703	19
1.08704	19
1.09225	19
1.09228	19
1.09229	19
1.09234	19
1.09646	19
1.09647	19
1.09652	19
1.10129	19
1.1013	19
1.1015	19
1.10165	19
1.10168	19
1.10175	19
1.10835	19
1.10836	19
1.10851	19
1.10992	19
1.10996	19
1.10996	19
1.12064	19
1.12067	19
1.12069	19
1.1207	19
1.1279	19
1.12791	19
1.12791	19
1.12801	19
1.1281	19
1.13146	19
1.13157	19
1.13157	19
1.13157	19
1.13158	19
1.14101	19
1.14104	19
1.14104	19
1.14104	19
1.14312	19
1.14314	19
1.14314	19
1.14317	19
1.14317	19
1.15394	19
1.154	19
1.15401	19
1.15402	19
1.1654	19
1.1654	19
1.16542	19
1.16544	19
1.16555	19
1.16815	19
1.16816	19
1.16816	19
1.16838	19
1.16839	19
1.16859	19
1.16981	19
1.17044	19
1.17053	19
1.17054	19
1.17596	19
1.17605	19
1.17613	19
1.17813	19
1.17814	19
1.17818	19
1.18228	19
1.18357	19
1.18357	19
1.18358	19
1.18397	19
1.18952	19
1.19294	19
1.19294	19
1.19296	19
1.19296	19
1.19303	19
1.19878	19
1.19878	19
1.19882	19
1.19883	19
1.19895	19
1.19895	19
1.20254	19
1.20255	19
1.20255	19
1.21117	19
1.21118	19
1.21118	19
1.22179	19
1.22403	19
1.22405	19
1.22406	19
1.23568	19
1.23568	19
1.23568	19
1.23568	19
1.23576	19
1.23576	19
1.23609	19
1.23622	19
1.23628	19
1.23629	19
1.25606	19
1.25607	19
1.25607	19
1.25614	19
1.26048	19
1.2605	19
1.26052	19
1.26057	19
1.26057	19
1.26127	19
1.26262	19
1.26262	19
1.26274	19
1.26274	19
1.2628	19
1.26282	19
1.26287	19
1.26287	19
1.2637	19
1.26374	19
1.26375	19
1.27459	19
1.27459	19
1.27459	19
1.27464	19
1.27464	19
1.27645	19
1.27648	19
1.27648	19
1.27797	19
1.27799	19
1.27799	19
1.29284	19
1.29284	19
1.29287	19
1.29287	19
1.30214	19
1.3022	19
1.3022	19
1.30449	19
1.30451	19
1.30451	19
1.30552	19
1.30553	19
1.30556	19
1.30563	19
1.30563	19
1.31115	19
1.31124	19
1.31124	19
1.31336	19
1.31342	19
1.31342	19
1.32955	19
1.32958	19
1.32958	19
1.33041	19
1.33045	19
1.33045	19
1.33098	19
1.331	19
1.33106	19
1.33106	19
1.33657	19
1.33657	19
1.33663	19
1.33663	19
1.34021	19
1.3433	19
1.34337	19
1.34358	19
1.34358	19
1.34668	19
1.34675	19
1.34675	19
1.34704	19
1.34715	19
1.34715	19
1.3698	19
1.3698	19
1.3698	19
1.37496	19
1.37497	19
1.37497	19
1.37498	19
1.37498	19
1.37858	19
1.3786	19
1.3786	19
1.37861	19
1.37878	19
1.37886	19
1.37886	19
1.38135	19
1.38136	19
1.38136	19
1.38136	19
1.38239	19
1.38596	19
1.38598	19
1.38607	19
1.39509	19
1.39509	19
1.3951	19
1.39514	19
1.39525	19
1.39525	19
1.39888	19
1.39888	19
1.39893	19
1.39893	19
1.40612	19
1.40625	19
1.40625	19
1.40725	19
1.40739	19
1.40739	19
1.41529	19
1.41531	19
1.41531	19
1.42134	19
1.42134	19
1.42137	19
1.42137	19
1.42617	19
1.42638	19
1.42639	19
1.44052	19
1.44069	19
1.44069	19
1.44094	19
1.441	19
1.441	19
1.44393	19
1.44432	19
1.44432	19
1.46731	19
1.46731	19
1.46732	19
1.47429	19
1.47431	19
1.47432	19
1.47439	19
1.47439	19
1.47439	19
1.49019	19
1.49023	19
1.49027	19
1.49027	19
1.51665	19
1.51666	19
1.51666	19
1.51666	19
1.51666	19
1.51666	19
1.52175	19
1.52177	19
1.52179	19
1.52183	19
1.52183	19
1.52194	19
1.52194	19
1.52343	19
1.52349	19
1.52349	19
1.5313	19
1.5313	19
1.53146	19
1.53146	19
1.53146	19
1.53146	19
1.53152	19
1.53152	19
1.53823	19
1.53841	19
1.53841	19
1.53872	19
1.53874	19
1.53875	19
1.5452	19
1.54522	19
1.54523	19
1.54815	19
1.55085	19
1.55089	19
1.58091	19
1.58091	19
1.58092	19
1.58092	19
1.58092	19
1.58092	19
1.58213	19
1.58215	19
1.58215	19
1.5913	19
1.5914	19
1.5914	19
1.59482	19
1.597	19
1.59702	19
1.59702	19
1.59716	19
1.59716	19
1.59788	19
1.59789	19
1.5979	19
1.5979	19
1.59924	19
1.59925	19
1.59931	19
1.59932	19
1.60014	19
1.60017	19
1.60017	19
1.60295	19
1.60301	19
1.60311	19
1.60311	19
1.60721	19
1.60721	19
1.60722	19
1.60723	19
1.60863	19
1.60863	19
1.60863	19
1.61008	19
1.6102	19
1.6102	19
1.61697	19
1.61697	19
1.61698	19
1.62199	19
1.62472	19
1.62472	19
1.62569	19
1.62572	19
1.62572	19
1.62572	19
1.62573	19
1.62695	19
1.63703	19
1.63716	19
1.6463	19
1.64638	19
1.64638	19
1.64643	19
1.64643	19
1.65922	19
1.65922	19
1.65926	19
1.65926	19
1.66627	19
1.66627	19
1.66627	19
1.66629	19
1.66629	19
1.66763	19
1.66763	19
1.66763	19
1.6763	19
1.6763	19
1.67637	19
1.67637	19
1.6777	19
1.6777	19
1.6777	19
1.68036	19
1.68039	19
1.6804	19
1.69692	19
1.69699	19
1.697	19
1.70186	19
1.70192	19
1.70197	19
1.70197	19
1.71153	19
1.71153	19
1.7116	19
1.71161	19
1.72559	19
1.72569	19
1.7257	19
1.72583	19
1.72583	19
1.72878	19
1.72883	19
1.72898	19
1.72898	19
1.73124	19
1.73131	19
1.73131	19
1.74215	19
1.74215	19
1.74228	19
1.74228	19
1.74363	19
1.74363	19
1.74364	19
1.74364	19
1.74521	19
1.74523	19
1.74523	19
1.74906	19
1.74906	19
1.74914	19
1.74914	19
1.75073	19
1.75081	19
1.75081	19
1.75117	19
1.75136	19
1.75136	19
1.75147	19
1.75812	19
1.75814	19
1.78735	19
1.78735	19
1.78735	19
1.78738	19
1.78738	19
1.78755	19
1.78756	19
1.80114	19
1.80114	19
1.80114	19
1.8012	19
1.8012	19
1.81331	19
1.81348	19
1.81348	19
1.81915	19
1.81921	19
1.81921	19
1.82526	19
1.82532	19
1.82533	19
1.82533	19
1.83517	19
1.83519	19
1.83519	19
1.83642	19
1.84077	19
1.8408	19
1.84149	19
1.84168	19
1.84168	19
1.86363	19
1.86363	19
1.86363	19
1.86364	19
1.86368	19
1.8637	19
1.86466	19
1.8648	19
1.8648	19
1.86913	19
1.86913	19
1.86929	19
1.86929	19
1.88011	19
1.88021	19
1.88021	19
1.88124	19
1.88126	19
1.89272	19
1.89272	19
1.89273	19
1.89273	19
1.89274	19
1.89275	19
1.89513	19
1.89515	19
1.89516	19
1.89818	19
1.89819	19
1.89822	19
1.89822	19
1.90037	19
1.90045	19
1.90048	19
1.91408	19
1.91413	19
1.91414	19
1.92083	19
1.92083	19
1.92086	19
1.92087	19
1.92614	19
1.92618	19
1.92618	19
1.92908	19
1.92908	19
1.931	19
1.93102	19
1.93103	19
1.93104	19
1.93207	19
1.93209	19
1.93211	19
1.93211	19
1.93431	19
1.93431	19
1.93433	19
1.93434	19
1.9397	19
1.9397	19
1.93975	19
1.94018	19
1.9402	19
1.94021	19
1.94835	19
1.94836	19
1.94853	19
1.94854	19
1.94862	19
1.94865	19
1.9487	19
1.94874	19
1.95488	19
1.9549	19
1.9549	19
1.95494	19
1.955	19
1.96114	19
1.96115	19
1.96115	19
1.9612	19
1.96123	19
1.97112	19
1.97113	19
1.97115	19
1.97229	19
1.97239	19
1.9724	19
1.9776	19
1.97774	19
1.97775	19
1.97931	19
1.97938	19
1.97941	19
1.97942	19
2.01983	19
2.01984	19
2.01986	19
2.01986	19
2.01992	19
2.01993	19
2.02932	19
2.03422	19
2.03426	19
2.03427	19
2.03446	19
2.03749	19
2.0375	19
2.03752	19
2.03752	19
2.03819	19
2.03824	19
2.03824	19
2.03827	19
2.03835	19
2.05365	19
2.05365	19
2.05366	19
2.05367	19
2.05367	19
2.05862	19
2.05866	19
2.05872	19
2.05914	19
2.05925	19
2.05926	19
2.06139	19
2.06148	19
2.06149	19
2.06349	19
2.06349	19
2.06351	19
2.06355	19
2.06542	19
2.06545	19
2.06547	19
2.07319	19
2.07324	19
2.07324	19
2.07342	19
2.07631	19
2.07644	19
2.07645	19
2.07652	19
2.07654	19
2.07657	19
2.07729	19
2.07733	19
2.07742	19
2.07744	19
2.08546	19
2.08546	19
2.08547	19
2.08556	19
2.08708	19
2.0871	19
2.08717	19
2.08741	19
2.08747	19
2.0875	19
2.08975	19
2.08978	19
2.08978	19
2.08983	19
2.09327	19
2.10345	19
2.1042	19
2.10431	19
2.10434	19
2.11866	19
2.11867	19
2.11867	19
2.11878	19
2.11878	19
2.11879	19
2.1315	19
2.13698	19
2.13699	19
2.13699	19
2.13712	19
2.1464	19
2.14641	19
2.18042	19
2.18043	19
2.18044	19
2.18045	19
2.18045	19
2.1806	19
2.18061	19
2.18083	19
2.18192	19
2.18192	19
2.18194	19
2.18509	19
2.18509	19
2.18518	19
2.18532	19
2.18533	19
2.18535	19
2.18758	19
2.18758	19
2.18758	19
2.18824	19
2.18825	19
2.18825	19
2.20204	19
2.20204	19
2.20204	19
2.20433	19
2.22291	19
2.22292	19
2.22293	19
2.22293	19
2.22293	19
2.22655	19
2.22656	19
2.22662	19
2.23076	19
2.2308	19
2.23083	19
2.23365	19
2.23365	19
2.23374	19
2.23374	19
2.26116	19
2.26116	19
2.26117	19
2.26117	19
2.2612	19
2.26778	19
2.26779	19
2.26779	19
2.27659	19
2.27915	19
2.27916	19
2.27917	19
2.28117	19
2.28515	19
2.28516	19
2.28522	19
2.28522	19
2.29127	19
2.29128	19
2.29128	19
2.29133	19
2.29466	19
2.29466	19
2.29479	19
2.29802	19
2.29802	19
2.29803	19
2.29808	19
2.32146	19
2.32146	19
2.32148	19
2.32148	19
2.32152	19
2.32572	19
2.32572	19
2.32573	19
2.33039	19
2.33136	19
2.33142	19
2.33142	19
2.33427	19
2.33429	19
2.33431	19
2.33432	19
2.33459	19
2.33469	19
2.33469	19
2.3356	19
2.33562	19
2.33563	19
2.33686	19
2.33688	19
2.33688	19
2.34205	19
2.34509	19
2.34517	19
2.34518	19
2.34518	19
2.34521	19
2.34681	19
2.34681	19
2.34683	19
2.35219	19
2.3522	19
2.3522	19
2.35848	19
2.35849	19
2.36449	19
2.36452	19
2.36452	19
2.38412	19
2.38412	19
2.38412	19
2.38412	19
2.38412	19
2.41645	19
2.41645	19
2.41645	19
2.41649	19
2.41706	19
2.41706	19
2.41713	19
2.41746	19
2.41746	19
2.41752	19
2.43229	19
2.43229	19
2.43229	19
2.43734	19
2.44551	19
2.4456	19
2.4456	19
2.46388	19
2.46388	19
2.46388	19
2.46397	19
2.47711	19
2.47712	19
2.47806	19
2.47807	19
2.47808	19
2.49498	19
2.49502	19
2.49502	19
2.49742	19
2.49746	19
2.49747	19
2.50621	19
2.50623	19
2.50624	19
2.50631	19
2.50654	19
2.50654	19
2.50663	19
2.50976	19
2.50976	19
2.50981	19
2.51592	19
2.51592	19
2.51592	19
2.51602	19
2.51665	19
2.51665	19
2.51678	19
2.51742	19
2.51743	19
2.51755	19
2.52136	19
2.52136	19
2.52141	19
2.52359	19
2.5236	19
2.52363	19
2.5343	19
2.53435	19
2.53437	19
2.53452	19
2.54055	19
2.54058	19
2.54064	19
2.54068	19
2.54228	19
2.54228	19
2.54231	19
2.54544	19
2.54544	19
2.54553	19
2.55198	19
2.56711	19
2.56713	19
2.56714	19
2.56939	19
2.56943	19
2.56943	19
2.56945	19
2.57246	19
2.57247	19
2.5725	19
2.58691	19
2.58691	19
2.58692	19
2.58693	19
2.58693	19
2.58713	19
2.58715	19
2.58715	19
2.58718	19
2.61127	19
2.61127	19
2.61129	19
2.61341	19
2.61345	19
2.61345	19
2.61352	19
2.61472	19
2.61475	19
2.61478	19
2.6148	19
2.61574	19
2.61576	19
2.61576	19
2.61648	19
2.61648	19
2.61648	19
2.62236	19
2.62237	19
2.62238	19
2.62238	19
2.6234	19
2.62342	19
2.62342	19
2.65112	19
2.65112	19
2.65114	19
2.6513	19
2.65658	19
2.65658	19
2.65659	19
2.65677	19
2.67173	19
2.68022	19
2.68032	19
2.68033	19
2.6804	19
2.68447	19
2.68448	19
2.68448	19
2.71268	19
2.71268	19
2.71268	19
2.71268	19
2.72064	19
2.72064	19
2.72065	19
2.72361	19
2.72363	19
2.72364	19
2.72379	19
2.72879	19
2.72879	19
2.72879	19
2.73129	19
2.73132	19
2.73136	19
2.73138	19
2.73739	19
2.73743	19
2.73744	19
2.74311	19
2.74313	19
2.74503	19
2.74505	19
2.74506	19
2.75776	19
2.75781	19
2.75782	19
2.7657	19
2.77092	19
2.77093	19
2.77093	19
2.77093	19
2.77093	19
2.77096	19
2.77932	19
2.77933	19
2.77933	19
2.79816	19
2.79817	19
2.7982	19
2.82555	19
2.82555	19
2.82557	19
2.82564	19
2.83676	19
2.83678	19
2.83678	19
2.83685	19
2.8369	19
2.83691	19
2.84101	19
2.84102	19
2.84102	19
2.85827	19
2.85827	19
2.86015	19
2.86015	19
2.86018	19
2.86021	19
2.86021	19
2.86025	19
2.86026	19
2.86026	19
2.86546	19
2.86547	19
2.86554	19
2.86946	19
2.86947	19
2.86949	19
2.87902	19
2.87902	19
2.87903	19
2.87903	19
2.88175	19
2.88176	19
2.88178	19
2.88185	19
2.89079	19
2.89081	19
2.89089	19
2.89693	19
2.89694	19
2.897	19
2.90555	19
2.90556	19
2.90556	19
2.91203	19
2.91204	19
2.91223	19
2.95053	19
2.95053	19
2.95053	19
2.95061	19
2.95268	19
2.9527	19
2.95271	19
2.95756	19
2.95756	19
2.95772	19
2.95775	19
2.96651	19
2.97297	19
2.97302	19
2.97305	19
2.97305	19
2.98118	19
2.98118	19
2.9812	19
2.98126	19
2.98522	19
2.98523	19
2.98523	19
2.99032	19
2.99032	19
2.99033	19
2.99786	19
3.00443	19
3.00444	19
3.00451	19
3.00451	19
3.01433	19
3.01437	19
3.01443	19
3.01443	19
3.01798	19
3.01808	19
3.01809	19
3.02263	19
3.02263	19
3.02263	19
3.02264	19
3.0461	19
3.0462	19
3.0462	19
3.07069	19
3.07069	19
3.07069	19
3.07069	19
3.07834	19
3.07842	19
3.07842	19
3.08054	19
3.08059	19
3.08059	19
3.08688	19
3.08699	19
3.08699	19
3.08732	19
3.08766	19
3.08766	19
3.08907	19
3.08935	19
3.08935	19
3.09063	19
3.09064	19
3.09064	19
3.09672	19
3.09687	19
3.09688	19
3.11746	19
3.11746	19
3.11754	19
3.11754	19
3.11952	19
3.12311	19
3.12312	19
3.17641	19
3.17641	19
3.17641	19
3.17653	19
3.17653	19
3.18172	19
3.18175	19
3.18178	19
3.18179	19
3.18257	19
3.18269	19
3.18269	19
3.19195	19
3.19199	19
3.19199	19
3.19762	19
3.19762	19
3.19764	19
3.19764	19
3.20559	19
3.20561	19
3.20561	19
3.20561	19
3.21716	19
3.22017	19
3.22024	19
3.22029	19
3.22029	19
3.22279	19
3.26141	19
3.26141	19
3.26148	19
3.26154	19
3.26154	19
3.26215	19
3.26219	19
3.26219	19
3.27138	19
3.27144	19
3.27145	19
3.27229	19
3.2723	19
3.27243	19
3.27243	19
3.28824	19
3.28828	19
3.28828	19
3.30025	19
3.30039	19
3.30054	19
3.30054	19
3.30146	19
3.30937	19
3.30937	19
3.32538	19
3.32538	19
3.33522	19
3.33524	19
3.33525	19
3.33525	19
3.3353	19
3.33532	19
3.33532	19
3.33752	19
3.33757	19
3.33758	19
3.3387	19
3.3388	19
3.33882	19
3.33882	19
3.33899	19
3.33899	19
3.33899	19
3.35253	19
3.35254	19
3.35255	19
3.35733	19
3.35738	19
3.35738	19
3.3603	19
3.37127	19
3.37133	19
3.38898	19
3.38899	19
3.38899	19
3.38904	19
3.38904	19
3.39427	19
3.39427	19
3.3944	19
3.3944	19
3.40373	19
3.41316	19
3.41318	19
3.41318	19
3.41325	19
3.41325	19
3.41725	19
3.41728	19
3.41728	19
3.42238	19
3.42238	19
3.42238	19
3.43341	19
3.43347	19
3.43347	19
3.43713	19
3.43713	19
3.43714	19
3.43714	19
3.44636	19
3.44636	19
3.46663	19
3.46664	19
3.46665	19
3.46665	19
3.46665	19
3.47173	19
3.47173	19
3.47177	19
3.47177	19
3.47457	19
3.47464	19
3.47464	19
3.49611	19
3.49611	19
3.49631	19
3.49631	19
3.50348	19
3.50351	19
3.50352	19
3.50395	19
3.50399	19
3.50716	19
3.50716	19
3.50723	19
3.51197	19
3.51198	19
3.52542	19
3.52544	19
3.52547	19
3.5255	19
3.52559	19
3.52559	19
3.52666	19
3.52668	19
3.52673	19
3.52673	19
3.5319	19
3.53192	19
3.53192	19
3.53732	19
3.53733	19
3.53733	19
3.55028	19
3.55463	19
3.55472	19
3.55474	19
3.55474	19
3.56824	19
3.56825	19
3.56825	19
3.57587	19
3.57598	19
3.57598	19
3.57823	19
3.57827	19
3.57828	19
3.57828	19
3.59336	19
3.59336	19
3.59336	19
3.59336	19
3.59451	19
3.59452	19
3.59458	19
3.59458	19
3.60228	19
3.60228	19
3.60229	19
3.60229	19
3.61802	19
3.61821	19
3.61821	19
3.6195	19
3.61954	19
3.61954	19
3.6275	19
3.62751	19
3.62751	19
3.63111	19
3.63112	19
3.63112	19
3.63479	19
3.63483	19
3.63485	19
3.63485	19
3.6382	19
3.63829	19
3.63829	19
3.64049	19
3.6405	19
3.6405	19
3.65887	19
3.65888	19
3.65898	19
3.65898	19
3.66226	19
3.66229	19
3.66229	19
3.66489	19
3.66497	19
3.66497	19
3.68406	19
3.68408	19
3.68408	19
3.68732	19
3.68749	19
3.68749	19
3.69062	19
3.69064	19
3.69068	19
3.69068	19
3.69156	19
3.69281	19
3.69282	19
3.70508	19
3.70508	19
3.70513	19
3.70514	19
3.70515	19
3.70563	19
3.70571	19
3.70571	19
3.70941	19
3.70944	19
3.70944	19
3.70989	19
3.70991	19
3.70991	19
3.71166	19
3.7117	19
3.71179	19
3.71179	19
3.71214	19
3.71806	19
3.71812	19
3.71843	19
3.73081	19
3.73081	19
3.73083	19
3.73083	19
3.73083	19
3.73704	19
3.73705	19
3.73705	19
3.7588	19
3.7588	19
3.75893	19
3.75894	19
3.76169	19
3.76208	19
3.76209	19
3.7622	19
3.7622	19
3.78039	19
3.78049	19
3.78049	19
3.78186	19
3.78187	19
3.78187	19
3.78188	19
3.79037	19
3.79039	19
3.79039	19
3.79306	19
3.7931	19
3.7931	19
3.79608	19
3.79609	19
3.79609	19
3.801	19
3.801	19
3.8053	19
3.80532	19
3.8136	19
3.81362	19
3.81364	19
3.81367	19
3.81892	19
3.81892	19
3.81892	19
3.81892	19
3.81892	19
3.81893	19
3.83189	19
3.83717	19
3.83723	19
3.83736	19
3.83737	19
3.84253	19
3.84408	19
3.84414	19
3.85486	19
3.85486	19
3.85487	19
3.85487	19
3.85487	19
3.86165	19
3.86435	19
3.86436	19
3.8644	19
3.86602	19
3.86603	19
3.86606	19
3.86607	19
3.86608	19
3.86667	19
3.86775	19
3.86777	19
3.86781	19
3.86782	19
3.883	19
3.88315	19
3.88316	19
3.89986	19
3.89986	19
3.89987	19
3.89987	19
3.9005	19
3.90052	19
3.90053	19
3.90465	19
3.90467	19
3.90467	19
3.91864	19
3.91884	19
3.91884	19
3.92671	19
3.92676	19
3.92676	19
3.94356	19
3.94356	19
3.94367	19
3.94367	19
3.94396	19
3.94516	19
3.94516	19
3.94523	19
3.94523	19
3.9537	19
3.95382	19
3.95382	19
3.9622	19
3.96227	19
3.96227	19
3.97088	19
3.9715	19
3.97161	19
3.97192	19
3.97192	19
3.98725	19
3.98725	19
3.98725	19
3.9873	19
3.9873	19
4.00387	19
4.004	19
4.00401	19
4.00529	19
4.00535	19
4.00535	19
4.00846	19
4.00852	19
4.00852	19
4.01016	19
4.01016	19
4.01016	19
4.01265	19
4.01721	19
4.01722	19
4.0224	19
4.0224	19
4.0224	19
4.02249	19
4.02249	19
4.02626	19
4.02636	19
4.02636	19
4.03636	19
4.039	19
4.03901	19
4.03904	19
4.03905	19
4.04068	19
4.04951	19
4.04954	19
4.06162	19
4.06162	19
4.07374	19
4.07377	19
4.07378	19
4.07379	19
4.07379	19
4.07379	19
4.07594	19
4.07594	19
4.07595	19
4.07595	19
4.08507	19
4.08509	19
4.08509	19
4.08656	19
4.08664	19
4.08664	19
4.09653	19
4.09657	19
4.09657	19
4.12238	19
4.12238	19
4.12397	19
4.12397	19
4.12397	19
4.1256	19
4.12756	19
4.12759	19
4.12761	19
4.12761	19
4.14368	19
4.14368	19
4.14368	19
4.14368	19
4.14428	19
4.15859	19
4.15884	19
4.15885	19
4.15892	19
4.16054	19
4.16054	19
4.16054	19
4.16113	19
4.16113	19
4.16582	19
4.16601	19
4.16761	19
4.16762	19
4.1677	19
4.19052	19
4.19052	19
4.19053	19
4.19053	19
4.19053	19
4.19707	19
4.19709	19
4.19709	19
4.20119	19
4.20126	19
4.20135	19
4.20135	19
4.20152	19
4.20153	19
4.20153	19
4.21355	19
4.21362	19
4.21364	19
4.21407	19
4.21415	19
4.21423	19
4.21423	19
4.22103	19
4.22103	19
4.22113	19
4.22114	19
4.22357	19
4.22659	19
4.22659	19
4.2266	19
4.22669	19
4.2267	19
4.22996	19
4.23006	19
4.23006	19
4.23586	19
4.23587	19
4.23598	19
4.23601	19
4.24241	19
4.24242	19
4.24249	19
4.24249	19
4.25064	19
4.2507	19
4.2507	19
4.25595	19
4.25604	19
4.25604	19
4.26296	19
4.26302	19
4.26303	19
4.26304	19
4.26834	19
4.26838	19
4.26838	19
4.26881	19
4.27462	19
4.27468	19
4.28354	19
4.28356	19
4.28356	19
4.28357	19
4.28357	19
4.28685	19
4.28765	19
4.28765	19
4.28769	19
4.2877	19
4.28984	19
4.28993	19
4.28993	19
4.29242	19
4.29244	19
4.29244	19
4.29661	19
4.29662	19
4.29666	19
4.29667	19
4.31186	19
4.31188	19
4.31189	19
4.31868	19
4.31869	19
4.31869	19
4.32144	19
4.32144	19
4.32163	19
4.32163	19
4.32433	19
4.32434	19
4.32441	19
4.32441	19
4.33462	19
4.33469	19
4.33469	19
4.35572	19
4.35924	19
4.35927	19
4.35927	19
4.35928	19
4.35929	19
4.36414	19
4.36417	19
4.36418	19
4.36968	19
4.36968	19
4.36968	19
4.3739	19
4.37405	19
4.37407	19
4.37718	19
4.37721	19
4.37721	19
4.37722	19
4.38007	19
4.38896	19
4.38898	19
4.39885	19
4.39886	19
4.39887	19
4.3989	19
4.39891	19
4.41549	19
4.41553	19
4.41554	19
4.42144	19
4.42159	19
4.4216	19
4.43085	19
4.4309	19
4.43096	19
4.43096	19
4.4366	19
4.43661	19
4.43664	19
4.43664	19
4.43739	19
4.43741	19
4.43742	19
4.43743	19
4.44412	19
4.44421	19
4.44422	19
4.44842	19
4.44844	19
4.44845	19
4.45147	19
4.45153	19
4.45153	19
4.4576	19
4.45761	19
4.45762	19
4.46249	19
4.4625	19
4.46251	19
4.46252	19
4.46771	19
4.46774	19
4.46775	19
4.47349	19
4.49469	19
4.4948	19
4.49488	19
4.53431	19
4.53431	19
4.53432	19
4.53441	19
4.53441	19
4.53854	19
4.53858	19
4.53859	19
4.55374	19
4.55376	19
4.55376	19
4.55573	19
4.55574	19
4.55574	19
4.55578	19
4.55578	19
4.55763	19
4.55767	19
4.55768	19
4.5586	19
4.55867	19
4.55868	19
4.56672	19
4.56677	19
4.56678	19
4.57234	19
4.57283	19
4.57285	19
4.57316	19
4.57317	19
4.57317	19
4.57326	19
4.57326	19
4.58091	19
4.58097	19
4.58097	19
4.59436	19
4.59436	19
4.59436	19
4.59439	19
4.59439	19
4.63229	19
4.63229	19
4.63233	19
4.63233	19
4.65457	19
4.65457	19
4.65461	19
4.65462	19
4.65871	19
4.65875	19
4.65875	19
4.66281	19
4.66981	19
4.66983	19
4.68742	19
4.68744	19
4.68745	19
4.68746	19
4.68746	19
4.69108	19
4.69203	19
4.69205	19
4.69212	19
4.73128	19
4.73132	19
4.73132	19
4.7314	19
4.73142	19
4.73609	19
4.73613	19
4.73613	19
4.73744	19
4.73751	19
4.73751	19
4.7512	19
4.75127	19
4.7513	19
4.77734	19
4.77734	19
4.77735	19
4.7774	19
4.7774	19
4.7949	19
4.79491	19
4.79497	19
4.79497	19
4.79636	19
4.79642	19
4.79657	19
4.79658	19
4.79785	19
4.79788	19
4.79788	19
4.81132	19
4.81132	19
4.81139	19
4.81139	19
4.81178	19
4.8119	19
4.8119	19
4.81485	19
4.81489	19
4.8149	19
4.82649	19
4.82649	19
4.8265	19
4.8266	19
4.82668	19
4.82671	19
4.82671	19
4.83594	19
4.83594	19
4.83594	19
4.85365	19
4.85425	19
4.85427	19
4.85432	19
4.85433	19
4.87171	19
4.87171	19
4.87192	19
4.87192	19
4.87565	19
4.87571	19
4.87572	19
4.88075	19
4.88076	19
4.88076	19
4.8964	19
4.89646	19
4.89646	19
4.89858	19
4.89861	19
4.89862	19
4.90625	19
4.91101	19
4.91101	19
4.91102	19
4.91102	19
4.96022	19
4.96022	19
4.96023	19
4.96024	19
4.96511	19
4.96516	19
4.96516	19
4.96758	19
4.9676	19
4.9676	19
4.9705	19
4.97054	19
4.97054	19
4.986	19
4.98601	19
4.9861	19
4.9861	19
4.98624	19
4.98625	19
4.98626	19
5.00126	19
5.00142	19
5.00142	19
5.01072	19
5.01448	19
5.01449	19
5.01455	19
5.01456	19
5.02528	19
5.02529	19
5.03991	19
5.03991	19
5.03992	19
5.03992	19
5.03992	19
5.03993	19
5.04296	19
5.04297	19
5.04297	19
5.09735	19
5.09735	19
5.09739	19
5.0974	19
5.09944	19
5.09944	19
5.09945	19
5.09998	19
5.10006	19
5.10007	19
5.15046	19
5.15046	19
5.15238	19
5.15239	19
5.15715	19
5.15718	19
5.15719	19
5.1629	19
5.1631	19
5.16312	19
5.17458	19
5.18192	19
5.18243	19
5.18245	19
5.18248	19
5.21205	19
5.21208	19
5.21208	19
5.21215	19
5.21215	19
5.21553	19
5.21555	19
5.21555	19
5.22268	19
5.22268	19
5.22269	19
5.22282	19
5.22282	19
5.22366	19
5.24304	19
5.24308	19
5.24545	19
5.24551	19
5.24551	19
5.24553	19
5.24554	19
5.25285	19
5.25293	19
5.25299	19
5.25299	19
5.26411	19
5.26413	19
5.26413	19
5.2664	19
5.2716	19
5.27162	19
5.27163	19
5.29254	19
5.29254	19
5.29254	19
5.29263	19
5.29264	19
5.29591	19
5.29601	19
5.29602	19
5.29642	19
5.29653	19
5.2966	19
5.2966	19
5.32425	19
5.32425	19
5.32425	19
5.32429	19
5.32573	19
5.32843	19
5.32846	19
5.34967	19
5.34968	19
5.34968	19
5.34977	19
5.34978	19
5.36535	19
5.36535	19
5.36539	19
5.36539	19
5.38116	19
5.38117	19
5.38118	19
5.38523	19
5.3853	19
5.3853	19
5.39387	19
5.3939	19
5.39392	19
5.42691	19
5.43529	19
5.43537	19
5.43537	19
5.43541	19
5.43541	19
5.44079	19
5.4408	19
5.44081	19
5.44504	19
5.44505	19
5.44507	19
5.47048	19
5.48389	19
5.4839	19
5.48391	19
5.48393	19
5.48393	19
5.48741	19
5.48746	19
5.48746	19
5.49044	19
5.4905	19
5.4905	19
5.4935	19
5.49373	19
5.49374	19
5.49523	19
5.49524	19
5.49527	19
5.49856	19
5.49858	19
5.49858	19
5.50045	19
5.55907	19
5.55908	19
5.55908	19
5.55916	19
5.55917	19
5.56009	19
5.56013	19
5.56015	19
5.56174	19
5.56175	19
5.56175	19
5.58392	19
5.58393	19
5.58396	19
5.58396	19
5.59754	19
5.59763	19
5.59771	19
5.59772	19
5.6119	19
5.61192	19
5.61192	19
5.61202	19
5.61203	19
5.61966	19
5.61986	19
5.61986	19
5.62322	19
5.62322	19
5.62326	19
5.62327	19
5.62349	19
5.62351	19
5.62351	19
5.6327	19
5.6327	19
5.63273	19
5.63275	19
5.63437	19
5.63442	19
5.63444	19
5.63444	19
5.6394	19
5.63944	19
5.63945	19
5.64227	19
5.64228	19
5.6423	19
5.64253	19
5.64256	19
5.64256	19
5.66112	19
5.66112	19
5.66113	19
5.66113	19
5.66244	19
5.66248	19
5.66249	19
5.66975	19
5.66984	19
5.66992	19
5.66993	19
5.67159	19
5.6716	19
5.67161	19
5.70064	19
5.70065	19
5.70065	19
5.70069	19
5.70069	19
5.70244	19
5.70318	19
5.70336	19
5.70337	19
5.70338	19
5.70787	19
5.70788	19
5.70788	19
5.70791	19
5.70792	19
5.71282	19
5.71284	19
5.71287	19
5.72013	19
5.72017	19
5.72018	19
5.72223	19
5.72333	19
5.72416	19
5.72421	19
5.72425	19
5.72684	19
5.72686	19
5.72687	19
5.72687	19
5.72688	19
5.73244	19
5.73247	19
5.73247	19
5.73619	19
5.73624	19
5.73625	19
5.74953	19
5.772	19
5.772	19
5.772	19
5.77207	19
5.77207	19
5.7735	19
5.77353	19
5.77354	19
5.77355	19
5.78423	19
5.78424	19
5.78425	19
5.78502	19
5.78508	19
5.7851	19
5.79381	19
5.79384	19
5.79387	19
5.79387	19
5.79523	19
5.81325	19
5.81329	19
5.81331	19
5.81331	19
5.81828	19
5.81828	19
5.81828	19
5.83022	19
5.83023	19
5.83026	19
5.83026	19
5.83068	19
5.83074	19
5.83074	19
5.84453	19
5.84454	19
5.84456	19
5.84456	19
5.85337	19
5.85344	19
5.85344	19
5.86148	19
5.86149	19
5.86151	19
5.86636	19
5.86641	19
5.86641	19
5.87375	19
5.87376	19
5.87377	19
5.87378	19
5.87378	19
5.87379	19
5.8738	19
5.89107	19
5.89241	19
5.89244	19
5.89246	19
5.89246	19
5.90314	19
5.90314	19
5.90324	19
5.90325	19
5.93178	19
5.93184	19
5.93184	19
5.93185	19
5.93185	19
5.93465	19
5.93466	19
5.93468	19
5.94909	19
5.9491	19
5.94923	19
5.94923	19
5.96511	19
5.96517	19
5.96517	19
5.96691	19
5.96693	19
5.96698	19
5.967	19
5.96762	19
5.96883	19
5.96883	19
5.96954	19
5.96955	19
5.96957	19
5.96959	19
5.97672	19
5.9768	19
5.97681	19
5.98039	19
5.98044	19
5.98044	19
5.98681	19
5.98687	19
5.98687	19
6.01514	19
6.01517	19
6.01517	19
6.02984	19
6.02987	19
6.02989	19
6.02989	19
6.08223	19
6.0823	19
6.0823	19
6.08243	19
6.08244	19
6.08885	19
6.08886	19
6.08897	19
6.08897	19
6.09778	19
6.10341	19
6.10342	19
6.10351	19
6.10352	19
6.11996	19
6.12526	19
6.12529	19
6.1253	19
6.12532	19
6.13088	19
6.13089	19
6.1309	19
6.1309	19
6.14107	19
6.14111	19
6.14137	19
6.14139	19
6.14211	19
6.14213	19
6.15304	19
6.15307	19
6.15309	19
6.15309	19
6.1531	19
6.1531	19
6.15989	19
6.16425	19
6.16428	19
6.16429	19
6.17832	19
6.17832	19
6.17832	19
6.17834	19
6.17835	19
6.1796	19
6.17966	19
6.17966	19
6.19065	19
6.19593	19
6.19594	19
6.19595	19
6.19597	19
6.19599	19
6.21483	19
6.21485	19
6.21485	19
6.21778	19
6.2178	19
6.21784	19
6.2223	19
6.2223	19
6.2224	19
6.22241	19
6.22581	19
6.23018	19
6.23018	19
6.23022	19
6.23022	19
6.23081	19
6.23081	19
6.23103	19
6.23104	19
6.23872	19
6.23888	19
6.23888	19
6.24821	19
6.24826	19
6.24829	19
6.25181	19
6.25191	19
6.25193	19
6.25336	19
6.2534	19
6.25353	19
6.25353	19
6.27133	19
6.27135	19
6.27144	19
6.27145	19
6.2753	19
6.27532	19
6.27535	19
6.27536	19
6.27924	19
6.27926	19
6.27926	19
6.27927	19
6.27928	19
6.2866	19
6.28662	19
6.28663	19
6.31988	19
6.31988	19
6.3199	19
6.3199	19
6.3246	19
6.33082	19
6.33085	19
6.33088	19
6.33088	19
6.35489	19
6.35489	19
6.3549	19
6.3549	19
6.355	19
6.35504	19
6.35507	19
6.36807	19
6.36814	19
6.36815	19
6.36912	19
6.36913	19
6.36913	19
6.36938	19
6.36944	19
6.40268	19
6.40268	19
6.40277	19
6.40277	19
6.41834	19
6.41835	19
6.41836	19
6.43042	19
6.43045	19
6.43046	19
6.43057	19
6.43057	19
6.44521	19
6.44521	19
6.44527	19
6.44527	19
6.45829	19
6.4583	19
6.45832	19
6.47636	19
6.47636	19
6.47639	19
6.47644	19
6.4826	19
6.4826	19
6.48262	19
6.48743	19
6.48745	19
6.48746	19
6.50078	19
6.50089	19
6.50101	19
6.50104	19
6.51945	19
6.51945	19
6.51947	19
6.51947	19
6.52066	19
6.52067	19
6.52067	19
6.52068	19
6.53132	19
6.53134	19
6.53139	19
6.53143	19
6.54699	19
6.547	19
6.54701	19
6.54701	19
6.57035	19
6.57036	19
6.57039	19
6.5704	19
6.57503	19
6.57504	19
6.57506	19
6.60203	19
6.60204	19
6.60211	19
6.60211	19
6.70918	19
6.70919	19
6.71178	19
6.7118	19
6.7118	19
6.71209	19
6.7121	19
6.7191	19
6.71912	19
6.71918	19
6.71919	19
6.73691	19
6.73694	19
6.73697	19
6.7397	19
6.73973	19
6.73973	19
6.73987	19
6.73991	19
6.74439	19
6.74446	19
6.74451	19
6.74454	19
6.74829	19
6.74832	19
6.74832	19
6.75648	19
6.7565	19
6.7565	19
6.76394	19
6.76404	19
6.76405	19
6.76738	19
6.76744	19
6.76756	19
6.76756	19
6.76793	19
6.76839	19
6.77557	19
6.77565	19
6.77573	19
6.78398	19
6.78399	19
6.784	19
6.79279	19
6.79282	19
6.79282	19
6.79291	19
6.79291	19
6.7934	19
6.79352	19
6.79355	19
6.79654	19
6.79655	19
6.79656	19
6.79751	19
6.79754	19
6.79754	19
6.81437	19
6.81469	19
6.84161	19
6.84162	19
6.84162	19
6.84164	19
6.84164	19
6.84167	19
6.84167	19
6.85528	19
6.85538	19
6.85538	19
6.85546	19
6.86308	19
6.86312	19
6.86327	19
6.8654	19
6.8654	19
6.86541	19
6.86543	19
6.86544	19
6.87373	19
6.87382	19
6.87383	19
6.87922	19
6.87923	19
6.87925	19
6.87927	19
6.88757	19
6.8876	19
6.88761	19
6.90863	19
6.90869	19
6.90871	19
6.9121	19
6.91214	19
6.91216	19
6.92873	19
6.92876	19
6.92883	19
6.92886	19
6.93108	19
6.93109	19
6.93109	19
6.9311	19
6.93361	19
6.93363	19
6.93365	19
6.93934	19
6.94551	19
6.94552	19
6.94552	19
6.9652	19
6.96524	19
6.96525	19
6.96525	19
6.9653	19
6.97782	19
6.97792	19
6.97793	19
6.97941	19
6.97948	19
6.97952	19
6.98195	19
6.98198	19
6.98217	19
6.98218	19
6.98397	19
7.00488	19
7.00492	19
7.00495	19
7.00496	19
7.0136	19
7.01361	19
7.01361	19
7.01364	19
7.03701	19
7.03705	19
7.03706	19
7.03709	19
7.04555	19
7.04558	19
7.04559	19
7.04669	19
7.04674	19
7.04674	19
7.05655	19
7.05658	19
7.05661	19
7.06342	19
7.07136	19
7.07145	19
7.0715	19
7.07153	19
7.07271	19
7.07276	19
7.07278	19
7.07876	19
7.07878	19
7.07884	19
7.07887	19
7.08825	19
7.08827	19
7.08828	19
7.1154	19
7.1154	19
7.1154	19
7.1154	19
7.11544	19
7.11646	19
7.12773	19
7.12785	19
7.26938	19
7.2694	19
7.2694	19
7.27041	19
7.27041	19
7.27439	19
7.27447	19
7.27451	19
7.27452	19
7.27774	19
7.27778	19
7.27778	19
7.28615	19
7.28619	19
7.2862	19
7.33643	19
7.33644	19
7.33681	19
7.33681	19
7.34365	19
7.34372	19
7.34373	19
7.35281	19
7.35283	19
7.35287	19
7.35288	19
7.37955	19
7.37956	19
7.37972	19
7.37972	19
7.39514	19
7.39517	19
7.39517	19
7.39523	19
7.39523	19
7.39631	19
7.39638	19
7.39639	19
7.3964	19
7.39677	19
7.39681	19
7.39683	19
7.3998	19
7.3998	19
7.40655	19
7.40655	19
7.40655	19
7.40656	19
7.4066	19
7.4066	19
7.41101	19
7.41104	19
7.41109	19
7.42584	19
7.42587	19
7.42604	19
7.42606	19
7.4262	19
7.42621	19
7.42646	19
7.42648	19
7.44164	19
7.44164	19
7.44168	19
7.45298	19
7.453	19
7.453	19
7.45306	19
7.4531	19
7.46132	19
7.46426	19
7.4643	19
7.4643	19
7.46435	19
7.48422	19
7.48423	19
7.48424	19
7.48429	19
7.48437	19
7.59022	19
7.59023	19
7.59188	19
7.59193	19
7.59313	19
7.59319	19
7.5932	19
7.6095	19
7.60954	19
7.60955	19
7.60956	19
7.6096	19
7.62062	19
7.62062	19
7.62069	19
7.6207	19
7.6293	19
7.62934	19
7.62936	19
7.63172	19
7.63173	19
7.63176	19
7.63634	19
7.63638	19
7.6364	19
7.7103	19
7.71033	19
7.71033	19
7.71037	19
7.71039	19
7.71278	19
7.71279	19
7.71279	19
7.72988	19
7.73119	19
7.7312	19
7.73121	19
7.73121	19
7.73126	19
7.73147	19
7.73166	19
7.73167	19
7.7362	19
7.73622	19
7.73625	19
7.742	19
7.74202	19
7.74205	19
7.74205	19
7.75329	19
7.7533	19
7.75495	19
7.75501	19
7.75502	19
7.75508	19
7.75509	19
7.75802	19
7.75803	19
7.75803	19
7.75808	19
7.75863	19
7.75863	19
7.75868	19
7.75868	19
7.7615	19
7.76153	19
7.76154	19
7.76155	19
7.76983	19
7.80574	19
7.80584	19
7.80584	19
7.80594	19
7.80596	19
7.8167	19
7.81676	19
7.81678	19
7.81684	19
7.82189	19
7.83214	19
7.83214	19
7.83215	19
7.83222	19
7.84128	19
7.84129	19
7.84148	19
7.84163	19
8.14347	19
8.14348	19
8.1445	19
8.1445	19
8.15629	19
8.15647	19
8.15652	19
8.16236	19
8.16241	19
8.16241	19
8.16403	19
8.16411	19
8.16413	19
8.17319	19
8.1732	19
8.17321	19
8.17325	19
8.23111	19
8.23113	19
8.23357	19
8.23361	19
8.23824	19
8.23842	19
8.23842	19
8.24151	19
8.2435	19
8.27183	19
8.27188	19
8.27188	19
8.27188	19
8.27189	19
8.27203	19
8.27906	19
8.27907	19
8.27909	19
8.27948	19
8.27949	19
8.2796	19
8.27965	19
8.28174	19
8.28175	19
8.28179	19
8.2818	19
8.28857	19
8.28864	19
8.28873	19
8.28874	19
8.28935	19
8.28953	19
8.28954	19
8.29672	19
8.30914	19
8.30916	19
8.30919	19
8.31135	19
8.31143	19
8.31143	19
8.31146	19
8.31152	19
8.31614	19
8.31618	19
8.31624	19
8.31743	19
8.31844	19
8.31849	19
8.40278	19
8.40278	19
8.40278	19
8.40279	19
8.40285	19
8.40461	19
8.41608	19
8.4161	19
8.4172	19
8.41723	19
8.41724	19
8.41729	19
8.41731	19
8.42657	19
8.42661	19
8.42665	19
8.42668	19
8.42977	19
8.42981	19
8.43004	19
8.4323	19
8.43244	19
8.43251	19
8.44671	19
8.48301	19
8.48303	19
8.48303	19
8.48305	19
8.48309	19
8.50935	19
8.50935	19
8.50937	19
8.50937	19
8.52099	19
8.52099	19
8.52105	19
8.52108	19
8.52795	19
8.52799	19
8.5394	19
8.5394	19
8.53942	19
8.53942	19
8.53946	19
8.54456	19
8.5446	19
8.54461	19
8.54473	19
8.54652	19
8.54654	19
8.54656	19
8.54658	19
8.57721	19
8.57728	19
8.57729	19
8.5773	19
8.5957	19
8.59573	19
8.59584	19
8.59596	19
8.61062	19
8.61064	19
8.61065	19
8.61065	19
8.61067	19
8.61324	19
8.61327	19
8.61327	19
8.61329	19
8.63919	19
8.63922	19
8.63926	19
8.63926	19
8.64199	19
8.64205	19
8.64214	19
8.64222	19
8.64685	19
8.64685	19
8.64688	19
8.65721	19
8.65727	19
8.65732	19
8.65733	19
8.65964	19
8.65973	19
8.65978	19
8.65994	19
8.66356	19
8.66358	19
8.6638	19
8.66387	19
8.6801	19
8.68011	19
8.68014	19
8.68018	19
8.68212	19
8.68435	19
8.68435	19
8.68436	19
8.68444	19
8.6871	19
8.68716	19
8.68717	19
8.69313	19
8.69316	19
8.69317	19
8.6932	19
8.70702	19
8.70758	19
8.70759	19
8.70766	19
8.71449	19
8.71451	19
8.71451	19
8.71454	19
8.71461	19
8.72006	19
8.72009	19
8.7201	19
8.73167	19
8.73169	19
8.73177	19
8.76449	19
8.76449	19
8.76453	19
8.76469	19
8.77588	19
8.7759	19
8.78102	19
8.78108	19
8.78361	19
8.78363	19
8.78399	19
8.78497	19
8.78497	19
8.78499	19
8.78508	19
8.78513	19
8.78533	19
8.78675	19
8.78679	19
8.78691	19
8.78711	19
8.78762	19
8.78764	19
8.78771	19
8.78779	19
8.80873	19
8.80873	19
8.80881	19
8.80925	19
8.8582	19
8.85822	19
8.85822	19
8.85826	19
8.85873	19
8.86017	19
8.86017	19
8.86033	19
8.8605	19
8.86052	19
8.86081	19
8.86559	19
8.86559	19
8.86562	19
8.86578	19
8.86717	19
8.8673	19
8.86733	19
8.8703	19
8.87031	19
8.87044	19
8.87397	19
8.87398	19
8.87407	19
8.87407	19
8.8781	19
8.87818	19
8.87818	19
8.8782	19
8.88111	19
8.88116	19
8.88118	19
8.88126	19
8.88577	19
8.88994	19
8.88996	19
8.88997	19
8.89002	19
8.89345	19
8.89351	19
8.89357	19
8.89358	19
8.89741	19
8.89743	19
8.89743	19
8.89748	19
8.90798	19
8.90805	19
8.90809	19
8.90913	19
8.9092	19
8.9092	19
8.91918	19
8.91919	19
8.91922	19
8.91929	19
8.92285	19
8.92286	19
8.92293	19
8.92304	19
8.9267	19
8.92681	19
8.92682	19
8.94289	19
8.94294	19
8.94295	19
8.94299	19
8.94358	19
8.9523	19
8.95234	19
8.95234	19
8.95235	19
8.95247	19
8.95855	19
8.97457	19
8.97457	19
8.9746	19
8.97464	19
8.97471	19
8.97778	19
8.99227	19
8.99237	19
8.99679	19
8.99685	19
8.99685	19
8.99689	19
8.99702	19
9.00813	19
9.00881	19
9.0089	19
9.00892	19
9.14991	19
9.15053	19
9.15053	19
9.15071	19
9.15096	19
9.15633	19
9.16192	19
9.16197	19
9.16198	19
9.20782	19
9.20782	19
9.20782	19
9.20798	19
9.208	19
9.21257	19
9.21264	19
9.21265	19
9.21277	19
9.21286	19
9.24554	19
9.24555	19
9.2456	19
9.24574	19
9.24575	19
9.24583	19
9.24595	19
9.25025	19
9.25607	19
9.25609	19
9.25618	19
9.25619	19
9.25623	19
9.25651	19
9.25814	19
9.25818	19
9.2582	19
9.25932	19
9.26249	19
9.26253	19
9.26261	19
9.26293	19
9.27818	19
9.27823	19
9.28662	19
9.28663	19
9.28669	19
9.2868	19
9.28785	19
9.3126	19
9.31263	19
9.31481	19
9.3149	19
9.31491	19
9.31495	19
9.3156	19
9.32079	19
9.32081	19
9.32087	19
9.32141	19
9.32807	19
9.3284	19
9.32867	19
9.34288	19
9.34292	19
9.34302	19
9.34458	19
9.34462	19
9.34545	19
9.34609	19
9.34612	19
9.34621	19
9.36159	19
9.36164	19
9.36171	19
9.36181	19
9.37427	19
9.37428	19
9.37429	19
9.37445	19
9.37494	19
9.37564	19
9.37565	19
9.37578	19
9.37671	19
9.38517	19
9.38519	19
9.38535	19
9.38587	19
9.39685	19
9.39686	19
9.39686	19
9.39715	19
9.39716	19
9.39717	19
9.39727	19
9.39754	19
9.39785	19
9.41529	19
9.41529	19
9.4153	19
9.41533	19
9.41577	19
9.42329	19
9.4234	19
9.42392	19
9.43566	19
9.43567	19
9.43574	19
9.43584	19
9.43591	19
9.43592	19
9.43592	19
9.43593	19
9.43696	19
9.44031	19
9.44034	19
9.4404	19
9.44056	19
9.46177	19
9.46178	19
9.46179	19
9.46181	19
9.46424	19
9.46736	19
9.46737	19
9.46757	19
9.47437	19
9.47781	19
9.47782	19
9.47788	19
9.47866	19
9.49174	19
9.50389	19
9.50395	19
9.504	19
9.51389	19
9.51421	19
9.52789	19
9.52801	19
9.53724	19
9.53724	19
9.53988	19
9.53988	19
9.5399	19
9.53991	19
9.53992	19
9.55082	19
9.56142	19
9.56143	19
9.56145	19
9.56145	19
9.70287	19
9.70288	19
9.70299	19
9.72194	19
9.72194	19
9.72197	19
9.722	19
9.76254	19
9.76257	19
9.76258	19
9.7626	19
9.76603	19
9.76607	19
9.76607	19
9.7661	19
9.77272	19
9.77275	19
9.77277	19
9.78117	19
9.78117	19
9.78119	19
9.78122	19
9.85901	19
9.85901	19
9.85903	19
9.89274	19
9.89276	19
9.89279	19
9.89281	19
10.91	19
10.91	19
10.9109	19
10.9168	19
10.9169	19
10.9169	19
10.917	19
10.9263	19
10.9263	19
10.9263	19
10.9263	19
10.9364	19
10.9364	19
10.9365	19
10.9379	19
10.9447	19
10.9448	19
10.9448	19
10.9448	19
10.9607	19
10.9607	19
10.9607	19
11.1324	19
11.1325	19
11.1348	19
11.1349	19
11.1349	19
11.1376	19
11.1775	19
11.1775	19
11.1775	19
11.1897	19
11.1897	19
11.1897	19
11.1921	19
11.1921	19
11.1921	19
11.1985	19
11.1985	19
11.1985	19
11.1985	19
11.2	19
11.2	19
11.2	19
12.9931	19
12.9931	19
12.9966	19
13.0018	19
13.0018	19
13.0018	19
13.0019	19
13.0241	19
13.0241	19
13.0241	19
13.0241	19
13.4154	19
13.4154	19
13.4163	19
13.4163	19
13.4164	19
13.4164	19
13.4165	19
13.4195	19
13.4195	19
13.4196	19
13.4342	19
13.4342	19
13.4343	19
13.4343	19
13.4363	19
13.4364	19
13.4365	19
13.4365	19
13.4779	19
13.4779	19
13.478	19
13.4923	19
13.4923	19
13.4923	19
13.4923	19
13.4977	19
13.4978	19
13.4978	19
13.4978	19
13.4978	19
13.4979	19
13.4979	19
13.4979	19
13.5472	19
13.5472	19
13.5472	19
13.5493	19
13.5493	19
13.5493	19
13.5493	19
13.5551	19
13.5551	19
13.5551	19
13.5551	19
13.5567	19
13.5568	19
13.5568	19
13.5568	19
13.563	19
13.5631	19
13.5631	19
13.5657	19
13.5658	19
13.5658	19
13.5658	19
13.5814	19
13.5814	19
13.5814	19
13.5815	19
13.6024	19
13.6024	19
13.6024	19
14.3269	19
14.3269	19
14.33	19
14.332	19
14.332	19
14.332	19
14.3629	19
14.363	19
14.363	19
14.3704	19
14.3705	19
14.3705	19
14.3706	19
14.3785	19
14.3785	19
14.3785	19
15.3309	19
15.3309	19
15.3465	19
15.3523	19
15.4003	19
15.4003	19
15.4003	19
15.4004	19
15.4032	19
15.4032	19
15.4032	19
15.4033	19
15.4166	19
15.4167	19
15.4167	19
15.4167	19
15.4394	19
15.4394	19
15.4394	19
15.9336	19
15.9336	19
15.9336	19
15.9338	19
15.9338	19
15.9367	19
16.3644	19
16.3647	19
16.3647	19
16.3648	19
16.4189	19
16.419	19
16.419	19
16.419	19
16.4269	19
16.4407	19
16.4407	19
16.4407	19
16.4407	19
16.8333	19
16.8334	19
16.8334	19
16.8347	19
16.8349	19
16.8349	19
16.8349	19
16.8349	19
16.8418	19
16.8418	19
16.8419	19
16.8419	19
17.5833	19
17.5833	19
17.5846	19
17.5927	19
17.5927	19
17.5928	19
17.5928	19
17.6069	19
17.6069	19
17.6069	19
17.6069	19
17.6107	19
17.6108	19
17.6109	19
17.611	19
18.0148	19
18.0148	19
18.0154	19
18.0164	19
18.0165	19
18.0165	19
18.0208	19
18.0208	19
18.0208	19
18.0208	19
18.023	19
18.023	19
18.023	19
18.0231	19
18.0285	19
18.0286	19
18.0286	19
18.0287	19
18.4394	19
18.4394	19
18.4414	19
18.5163	19
18.5163	19
18.5186	19
18.5352	19
18.5353	19
18.5353	19
18.5681	19
18.5681	19
18.5681	19
18.5681	19
18.5802	19
18.5802	19
18.5802	19
18.6013	19
18.6013	19
18.6013	19
18.6013	19
18.6019	19
18.602	19
18.602	19
18.6021	19
18.6061	19
18.6061	19
18.6062	19
18.6114	19
18.6114	19
18.6114	19
18.6114	19
18.6184	19
18.6184	19
18.6185	19
18.6185	19
18.619	19
18.6191	19
18.6191	19
18.6225	19
18.6538	19
18.6538	19
18.6539	19
18.6541	19
18.6809	19
18.6928	19
18.6929	19
18.6929	19
18.6929	19
18.7134	19
18.7135	19
18.7135	19
18.7135	19
18.7369	19
18.7369	19
18.737	19
18.7373	19
18.749	19
18.7491	19
18.7492	19
18.7492	19
18.751	19
18.751	19
18.751	19
18.7625	19
18.7626	19
18.7627	19
18.7638	19
18.7639	19
18.7639	19
18.764	19
18.7642	19
18.7643	19
18.7643	19
18.7818	19
18.7819	19
18.782	19
18.7821	19
18.7848	19
18.7848	19
18.7848	19
18.8029	19
18.803	19
18.803	19
18.803	19
18.8103	19
18.8105	19
18.8124	19
19.4956	19
19.4956	19
19.4974	19
19.8535	19
19.8536	19
19.8561	19
19.8562	19
19.8563	19
19.8602	19
19.8626	19
19.8626	19
19.8627	19
19.8628	19
19.8931	19
19.8931	19
19.8945	19
19.9108	19
19.9109	19
19.9109	19
19.911	19
21.1655	19
21.1659	19
21.166	19
21.1814	19
21.1814	19
21.2537	19
21.2537	19
21.2537	19
21.2537	19
21.262	19
21.262	19
21.2621	19
21.2621	19
21.2796	19
21.2796	19
21.2797	19
21.2797	19
21.2809	19
21.2949	19
21.2953	19
21.2954	19
21.2966	19
21.2966	19
21.3263	19
21.3263	19
21.3263	19
21.3263	19
21.3264	19
21.3402	19
21.3402	19
21.3402	19
21.3847	19
21.3847	19
21.3847	19
21.3847	19
21.3847	19
21.397	19
21.397	19
21.397	19
21.397	19
21.4028	19
21.4029	19
21.403	19
21.403	19
21.41	19
21.4101	19
21.4102	19
21.4103	19
21.4285	19
21.4285	19
21.4285	19
21.4286	19
21.4297	19
21.4297	19
21.4297	19
21.4366	19
21.4367	19
21.4367	19
21.4367	19
21.4882	19
21.4882	19
21.4926	19
21.534	19
21.5341	19
21.5341	19
21.5341	19
21.5384	19
21.5385	19
21.5385	19
21.5385	19
21.5398	19
21.5398	19
21.5399	19
21.5399	19
21.5525	19
21.5526	19
21.5527	19
21.6028	19
21.6028	19
21.6028	19
21.6028	19
21.6083	19
21.6083	19
21.6083	19
21.6303	19
21.6303	19
21.6303	19
21.6303	19
21.8939	19
21.8939	19
21.8943	19
21.8986	19
21.8986	19
21.8987	19
21.8987	19
21.9039	19
21.9039	19
21.9039	19
21.9072	19
21.9072	19
21.9073	19
21.9073	19
22.8837	19
22.8837	19
22.8849	19
22.8945	19
22.8945	19
22.8945	19
22.9087	19
22.9087	19
22.9087	19
22.9088	19
22.9457	19
22.9457	19
22.9458	19
22.9458	19
23.4232	19
23.4234	19
23.4264	19
23.437	19
25.9522	19
25.9523	19
25.9524	19
25.9524	19
25.9648	19
25.9648	19
25.9648	19
25.9649	19
27.6028	19
27.6029	19
27.6029	19
27.6159	19
27.6522	19
27.6523	19
27.6524	19
27.6525	19
27.7252	19
27.7252	19
27.726	19
27.9314	19
27.9319	19
27.9319	19
27.932	19
27.932	19
27.9321	19
27.9321	19
27.9332	19
28.0485	19
28.0497	19
28.0498	19
28.0515	19
28.0554	19
28.0554	19
28.0554	19
28.3859	19
28.3859	19
28.39	19
28.4016	19
28.4016	19
28.4016	19
28.4016	19
28.4024	19
28.4024	19
28.4025	19
28.4026	19
29.8305	19
29.8306	19
29.8433	19
29.8433	19
29.9733	19
29.9733	19
29.9758	19
30.6116	19
30.6117	19
30.6124	19
30.6162	19
30.6162	19
30.6162	19
30.6163	19
30.6329	19
30.633	19
30.633	19
30.633	19
30.6402	19
30.6402	19
30.6402	19
30.6403	19
30.6475	19
30.6475	19
30.6475	19
30.9286	19
30.9287	19
30.929	19
30.9349	19
30.9376	19
30.9377	19
30.9377	19
31.0947	19
31.0948	19
31.095	19
31.0985	19
31.0986	19
31.101	19
31.1747	19
31.1747	19
31.1748	19
31.2707	19
31.2708	19
31.271	19
31.2736	19
31.2737	19
31.2737	19
33.2091	19
33.2091	19
33.2105	19
33.5068	19
33.5068	19
33.5102	19
33.5274	19
33.5274	19
33.5274	19
33.5275	19
33.7786	19
33.779	19
33.7799	19
34.7223	19
34.7224	19
34.7244	19
35.7293	19
35.7294	19
35.7308	19
35.7356	19
35.7356	19
35.7356	19
35.7356	19
35.7505	19
35.9537	19
35.9538	19
35.9539	19
35.9572	19
35.9592	19
35.9592	19
35.9594	19
35.9594	19
35.9626	19
35.9627	19
35.9627	19
35.9716	19
35.9716	19
35.9717	19
35.9717	19
35.9761	19
35.9762	19
35.9762	19
36.2258	19
36.2276	19
36.2278	19
36.2295	19
37.1947	19
37.1948	19
37.198	19
38.2647	19
38.2648	19
38.2658	19
38.7697	19
38.7697	19
38.7697	19
38.7707	19
38.7825	19
38.8205	19
38.8206	19
38.8206	19
38.8206	19
38.8519	19
38.8519	19
38.8519	19
38.8521	19
38.8984	19
38.8984	19
38.8984	19
38.8984	19
39.6333	19
39.6333	19
39.634	19
39.634	19
39.6343	19
39.6346	19
39.853	19
39.8531	19
39.8531	19
39.8539	19
39.8554	19
39.8554	19
39.8554	19
39.8554	19
39.8808	19
39.8808	19
39.8808	19
39.8808	19
39.8823	19
39.8824	19
39.8824	19
39.8825	19
39.8895	19
39.8895	19
39.8895	19
39.8895	19
40.6184	19
40.6186	19
40.6186	19
41.4586	19
41.4593	19
41.4593	19
41.463	19
41.4631	19
41.4633	19
41.4634	19
41.4649	19
42.2977	19
42.298	19
42.298	19
42.3002	19
43.2672	19
43.2674	19
43.2722	19
43.2915	19
43.2916	19
43.2917	19
43.2918	19
43.4735	19
43.4736	19
43.4744	19
43.4745	19
43.4745	19
43.4745	19
43.4746	19
44.4865	19
44.4865	19
44.4879	19
44.9092	19
44.9092	19
44.9128	19
44.9133	19
44.9152	19
44.9511	19
44.9511	19
44.9511	19
44.9513	19
44.9513	19
46.4889	19
46.489	19
46.656	19
46.6566	19
46.6566	19
46.6625	19
48.6342	19
48.6343	19
48.6355	19
48.6356	19
49.4815	19
49.4816	19
49.485	19
49.485	19
49.4851	19
49.4851	19
49.486	19
49.6418	19
49.6419	19
49.6441	19
50.1148	19
50.115	19
52.8828	19
52.8831	19
52.8833	19
52.8865	19
52.8995	19
52.9191	19
52.9201	19
52.9201	19
52.9351	19
52.9351	19
52.9352	19
52.9352	19
52.9352	19
53.272	19
53.272	19
53.2759	19
53.7508	19
53.7511	19
53.7514	19
54.0831	19
54.0834	19
54.0841	19
55.406	19
55.4061	19
55.4085	19
56.3431	19
56.3431	19
56.347	19
57.2481	19
57.2485	19
57.8861	19
57.8869	19
57.8869	19
57.887	19
58.0554	19
58.0555	19
58.057	19
58.5076	19
58.5076	19
58.5108	19
59.4008	19
59.4009	19
59.4011	19
59.4013	19
60.4096	19
60.4103	19
60.4153	19
60.5203	19
60.5203	19
60.5211	19
62.1685	19
62.1693	19
62.1694	19
62.1698	19
62.1729	19
62.2098	19
62.2098	19
62.2099	19
62.2099	19
62.3523	19
62.3523	19
62.3553	19
62.9663	19
62.9663	19
62.9675	19
63.0839	19
63.0839	19
63.0862	19
63.1673	19
63.1674	19
63.17	19
63.6921	19
63.6923	19
63.6923	19
63.6929	19
65.0743	19
65.0746	19
65.0816	19
67.6039	19
67.604	19
67.6043	19
67.6043	19
67.6043	19
67.6043	19
67.6084	19
68.1081	19
68.1081	19
68.1086	19
68.2053	19
68.2054	19
68.2079	19
68.9785	19
68.9788	19
68.9795	19
68.9796	19
68.9796	19
68.9797	19
68.9858	19
68.9858	19
68.9859	19
68.9859	19
68.9871	19
70.561	19
70.5611	19
70.5635	19
71.0865	19
71.0866	19
71.0884	19
71.319	19
71.3193	19
71.3193	19
72.2268	19
72.2268	19
72.2308	19
72.2705	19
72.2705	19
72.2712	19
72.4358	19
72.4359	19
72.4367	19
72.4612	19
72.4612	19
72.4613	19
73.3301	19
73.3323	19
73.3328	19
73.3328	19
73.4463	19
73.4466	19
73.4467	19
73.4789	19
73.5007	19
73.5008	19
73.5008	19
73.5009	19
74.0354	19
74.0355	19
74.0358	19
74.2941	19
74.2943	19
74.2956	19
75.1406	19
75.1408	19
75.1458	19
75.1649	19
75.1649	19
75.165	19
75.165	19
76.2091	19
76.2094	19
76.2097	19
76.9888	19
76.9888	19
76.9889	19
76.9897	19
78.9486	19
78.949	19
78.9491	19
78.955	19
78.9583	19
78.9758	19
78.9758	19
78.9759	19
78.9759	19
78.9759	19
78.9819	19
79.1706	19
79.1713	19
79.1718	19
79.1719	19
80.0013	19
80.0015	19
80.0026	19
80.4966	19
80.4966	19
80.6433	19
80.6437	19
80.6442	19
80.6442	19
80.6499	19
81.0045	19
81.0046	19
81.0063	19
81.3263	19
81.3265	19
81.3265	19
82.1601	19
82.1608	19
82.1608	19
82.1627	19
82.5326	19
82.5327	19
82.5347	19
82.9651	19
82.9675	19
82.9683	19
82.9689	19
83.3059	19
83.306	19
83.3063	19
83.308	19
83.3128	19
83.3298	19
83.3386	19
83.3386	19
83.3387	19
83.3387	19
83.3387	19
83.765	19
83.7653	19
83.7664	19
84.6779	19
84.678	19
84.678	19
85.3536	19
85.3536	19
85.3555	19
85.4254	19
85.4255	19
85.4274	19
86.0556	19
86.056	19
86.0562	19
87.0309	19
87.0313	19
87.0313	19
87.2463	19
87.2463	19
87.2466	19
88.2477	19
88.2479	19
88.248	19
89.0815	19
89.0818	19
89.0921	19
89.299	19
89.301	19
89.3015	19
89.3028	19
89.6868	19
89.6882	19
89.6902	19
90.0423	19
90.0423	19
90.5894	19
90.5914	19
90.5915	19
90.5948	19
90.7255	19
90.7256	19
90.7274	19
91.8047	19
91.8049	19
91.8051	19
92.0759	19
92.076	19
92.081	19
92.5161	19
92.5163	19
92.5209	19
93.1636	19
93.1639	19
93.1686	19
93.7112	19
93.7113	19
94.0842	19
94.0844	19
94.0852	19
94.0856	19
94.0857	19
94.6548	19
94.6552	19
94.6565	19
94.7896	19
94.7897	19
94.7906	19
95.5933	19
95.5941	19
95.5942	19
95.5946	19
96.1545	19
96.1552	19
96.1564	19
96.6096	19
96.6096	19
96.6115	19
96.769	19
96.773	19
96.7731	19
96.7734	19
96.8004	19
96.8005	19
96.8005	19
96.8005	19
96.9936	19
96.9937	19
96.9974	19
98.8831	19
98.8832	19
98.8846	19
99.1523	19
99.1523	19
99.1529	19
99.5754	19
99.5756	19
99.5784	19
