1.61872e-10	0
2.41234e-10	1
1.19518e-09	2
1.27822e-09	3
2.13194e-09	4
2.1375e-09	5
2.52237e-09	6
3.83033e-09	7
4.02477e-09	7
5.52972e-09	8
6.11169e-09	9
8.43429e-09	10
9.22994e-09	11
1.00499e-08	12
1.08258e-08	13
1.41829e-08	13
1.86886e-08	14
1.92029e-08	15
2.19685e-08	16
2.21343e-08	17
2.72108e-08	18
4.29335e-08	19
4.4651e-08	19
4.48997e-08	19
4.81659e-08	19
6.83404e-08	19
7.58089e-08	19
7.60196e-08	19
1.01887e-07	19
1.05877e-07	19
1.11081e-07	19
1.12454e-07	19
1.23312e-07	19
1.31363e-07	19
1.33353e-07	19
1.45516e-07	19
1.55607e-07	19
1.56582e-07	19
1.57219e-07	19
1.6956e-07	19
1.75886e-07	19
1.80395e-07	19
2.14125e-07	19
2.20093e-07	19
2.22845e-07	19
2.27403e-07	19
2.4318e-07	19
2.48069e-07	19
2.48513e-07	19
2.58359e-07	19
2.94788e-07	19
2.96045e-07	19
3.01582e-07	19
3.21528e-07	19
3.24987e-07	19
3.34307e-07	19
3.36455e-07	19
3.43501e-07	19
3.44775e-07	19
3.47451e-07	19
3.5115e-07	19
3.56977e-07	19
3.5863e-07	19
3.60211e-07	19
3.70254e-07	19
3.75388e-07	19
3.78339e-07	19
3.86193e-07	19
3.94979e-07	19
4.04992e-07	19
4.23916e-07	19
4.31235e-07	19
4.3202e-07	19
4.3385e-07	19
4.472e-07	19
4.49312e-07	19
4.62347e-07	19
4.71249e-07	19
4.7713e-07	19
4.80005e-07	19
4.80875e-07	19
4.88924e-07	19
4.96021e-07	19
5.02581e-07	19
5.0761e-07	19
5.17502e-07	19
5.20567e-07	19
5.25393e-07	19
5.26059e-07	19
5.29053e-07	19
5.29903e-07	19
5.39038e-07	19
5.41358e-07	19
5.69267e-07	19
5.69653e-07	19
5.73594e-07	19
5.7619e-07	19
5.76468e-07	19
5.84167e-07	19
5.93101e-07	19
6.07029e-07	19
6.08347e-07	19
6.15813e-07	19
6.16979e-07	19
6.17613e-07	19
6.19097e-07	19
6.43924e-07	19
6.60039e-07	19
6.60861e-07	19
6.67864e-07	19
6.76709e-07	19
6.93268e-07	19
7.04182e-07	19
7.08179e-07	19
7.10736e-07	19
7.17723e-07	19
7.20843e-07	19
7.20925e-07	19
7.31772e-07	19
7.35003e-07	19
7.36149e-07	19
7.41374e-07	19
7.50852e-07	19
7.53046e-07	19
7.79132e-07	19
7.81888e-07	19
7.89159e-07	19
7.95421e-07	19
8.09599e-07	19
8.13544e-07	19
8.46232e-07	19
8.49038e-07	19
8.72293e-07	19
8.92162e-07	19
9.15765e-07	19
9.22051e-07	19
9.2211e-07	19
9.22292e-07	19
9.51473e-07	19
9.74022e-07	19
1.0136e-06	19
1.01926e-06	19
1.03545e-06	19
1.03658e-06	19
1.03831e-06	19
1.0424e-06	19
1.05036e-06	19
1.05326e-06	19
1.06304e-06	19
1.08603e-06	19
1.08749e-06	19
1.17379e-06	19
1.1973e-06	19
1.21072e-06	19
1.21893e-06	19
1.27296e-06	19
1.30047e-06	19
1.30596e-06	19
1.30926e-06	19
1.34198e-06	19
1.34921e-06	19
1.35638e-06	19
1.35724e-06	19
1.36519e-06	19
1.37759e-06	19
1.41747e-06	19
1.4333e-06	19
1.46995e-06	19
1.48878e-06	19
1.49218e-06	19
1.50061e-06	19
1.53381e-06	19
1.54258e-06	19
1.56887e-06	19
1.57807e-06	19
1.57935e-06	19
1.59243e-06	19
1.64036e-06	19
1.65461e-06	19
1.74581e-06	19
1.77253e-06	19
1.77483e-06	19
1.80325e-06	19
1.84075e-06	19
1.86299e-06	19
1.89327e-06	19
1.89991e-06	19
1.90016e-06	19
1.90433e-06	19
1.98742e-06	19
1.99406e-06	19
1.99589e-06	19
2.12395e-06	19
2.12536e-06	19
2.13121e-06	19
2.13723e-06	19
2.16016e-06	19
2.16953e-06	19
2.18722e-06	19
2.2023e-06	19
2.23843e-06	19
2.24692e-06	19
2.25096e-06	19
2.28128e-06	19
2.3112e-06	19
2.32637e-06	19
2.34086e-06	19
2.35863e-06	19
2.37156e-06	19
2.37552e-06	19
2.40198e-06	19
2.41342e-06	19
2.46184e-06	19
2.4757e-06	19
2.47977e-06	19
2.50696e-06	19
2.51703e-06	19
2.61206e-06	19
2.63366e-06	19
2.6503e-06	19
2.68879e-06	19
2.68917e-06	19
2.72283e-06	19
2.76134e-06	19
2.77136e-06	19
2.77203e-06	19
2.78951e-06	19
2.79995e-06	19
2.80921e-06	19
2.8397e-06	19
2.93286e-06	19
2.94982e-06	19
2.96869e-06	19
2.9702e-06	19
2.99814e-06	19
3.14155e-06	19
3.25498e-06	19
3.262e-06	19
3.303e-06	19
3.31855e-06	19
3.46719e-06	19
3.55751e-06	19
3.55889e-06	19
3.57695e-06	19
3.66242e-06	19
3.67177e-06	19
3.72433e-06	19
3.73034e-06	19
3.81502e-06	19
3.81581e-06	19
3.834e-06	19
3.85815e-06	19
3.91517e-06	19
3.93383e-06	19
4.10378e-06	19
4.10716e-06	19
4.12012e-06	19
4.13077e-06	19
4.16186e-06	19
4.25784e-06	19
4.29249e-06	19
4.30463e-06	19
4.33482e-06	19
4.41599e-06	19
4.43948e-06	19
4.44155e-06	19
4.55866e-06	19
4.57956e-06	19
4.65924e-06	19
4.66201e-06	19
4.69568e-06	19
4.81416e-06	19
4.93551e-06	19
5.10797e-06	19
5.1418e-06	19
5.26667e-06	19
5.28542e-06	19
5.44334e-06	19
5.522e-06	19
5.59521e-06	19
5.62475e-06	19
5.87418e-06	19
5.88075e-06	19
5.92539e-06	19
5.95497e-06	19
6.01694e-06	19
6.09894e-06	19
6.16291e-06	19
6.36758e-06	19
6.42993e-06	19
6.80381e-06	19
6.88776e-06	19
6.92528e-06	19
6.9702e-06	19
6.98998e-06	19
7.17638e-06	19
7.40929e-06	19
7.56085e-06	19
7.58935e-06	19
7.64531e-06	19
9.07368e-06	19
9.83451e-06	19
1.02242e-05	19
1.02437e-05	19
1.04003e-05	19
1.05891e-05	19
1.08106e-05	19
1.12482e-05	19
1.13171e-05	19
1.14816e-05	19
1.15443e-05	19
1.23134e-05	19
1.2376e-05	19
1.23803e-05	19
1.24028e-05	19
1.34485e-05	19
1.34741e-05	19
1.37207e-05	19
1.39874e-05	19
1.42593e-05	19
1.4488e-05	19
1.45126e-05	19
1.4906e-05	19
1.50947e-05	19
1.5981e-05	19
1.60889e-05	19
1.6828e-05	19
1.69229e-05	19
1.69256e-05	19
1.69914e-05	19
1.69957e-05	19
1.72114e-05	19
1.72332e-05	19
1.7651e-05	19
1.82226e-05	19
1.8525e-05	19
1.87592e-05	19
1.89319e-05	19
1.90198e-05	19
1.92361e-05	19
1.92644e-05	19
2.0765e-05	19
2.07879e-05	19
2.0831e-05	19
2.09342e-05	19
2.09789e-05	19
2.10471e-05	19
2.14182e-05	19
2.16518e-05	19
2.2066e-05	19
2.25246e-05	19
2.28987e-05	19
2.30193e-05	19
2.37759e-05	19
2.40386e-05	19
2.44041e-05	19
2.46377e-05	19
2.50449e-05	19
2.51873e-05	19
2.61022e-05	19
2.68159e-05	19
2.69264e-05	19
2.74657e-05	19
2.76493e-05	19
2.77981e-05	19
2.79355e-05	19
2.87163e-05	19
2.91258e-05	19
2.91703e-05	19
2.95361e-05	19
2.9577e-05	19
2.96082e-05	19
3.04746e-05	19
3.11296e-05	19
3.11502e-05	19
3.14797e-05	19
3.31426e-05	19
3.42616e-05	19
3.4371e-05	19
3.49786e-05	19
3.57184e-05	19
3.58313e-05	19
3.67621e-05	19
3.74663e-05	19
3.7469e-05	19
3.75785e-05	19
3.76951e-05	19
3.86448e-05	19
3.87322e-05	19
3.89751e-05	19
4.02808e-05	19
4.04906e-05	19
4.05423e-05	19
4.15882e-05	19
4.20666e-05	19
4.21098e-05	19
4.3369e-05	19
4.42005e-05	19
4.50364e-05	19
4.55227e-05	19
4.5702e-05	19
4.58089e-05	19
4.65989e-05	19
4.71268e-05	19
4.7402e-05	19
4.8181e-05	19
4.89401e-05	19
4.93712e-05	19
4.96915e-05	19
5.15178e-05	19
5.16208e-05	19
5.63199e-05	19
5.6411e-05	19
5.64566e-05	19
5.68213e-05	19
5.83556e-05	19
5.94832e-05	19
6.01643e-05	19
6.0683e-05	19
6.12993e-05	19
6.15224e-05	19
6.15906e-05	19
6.24678e-05	19
6.24827e-05	19
6.60608e-05	19
6.66042e-05	19
6.66986e-05	19
6.7054e-05	19
7.03667e-05	19
7.07097e-05	19
7.14983e-05	19
7.34569e-05	19
7.38056e-05	19
7.4594e-05	19
7.6132e-05	19
7.6374e-05	19
7.79693e-05	19
7.81371e-05	19
7.98252e-05	19
8.13392e-05	19
8.16636e-05	19
8.31167e-05	19
8.49227e-05	19
8.57847e-05	19
8.61323e-05	19
9.16916e-05	19
9.20068e-05	19
9.25973e-05	19
9.27622e-05	19
9.31468e-05	19
9.46196e-05	19
9.71447e-05	19
9.79681e-05	19
9.84444e-05	19
9.95242e-05	19
9.99376e-05	19
0.000100003	19
0.000100467	19
0.000100885	19
0.000102098	19
0.000103035	19
0.00010365	19
0.000104303	19
0.000105887	19
0.000108458	19
0.000111799	19
0.000112609	19
0.000113716	19
0.000113899	19
0.000117792	19
0.000120098	19
0.000120824	19
0.000122344	19
0.0001225	19
0.000123133	19
0.000124506	19
0.000127568	19
0.000145314	19
0.000146208	19
0.000150597	19
0.000151758	19
0.000153896	19
0.000154016	19
0.000154589	19
0.000156346	19
0.000158832	19
0.000159342	19
0.000163322	19
0.000166202	19
0.000172215	19
0.000172412	19
0.000174632	19
0.000176681	19
0.000178847	19
0.000182441	19
0.000182502	19
0.000183766	19
0.00018474	19
0.000187588	19
0.000193784	19
0.000196197	19
0.00020008	19
0.000203843	19
0.0002107	19
0.000224259	19
0.00022446	19
0.000227006	19
0.000233063	19
0.000233255	19
0.000236049	19
0.000236123	19
0.000238449	19
0.000253255	19
0.000261603	19
0.000262518	19
0.000264246	19
0.000270431	19
0.000274189	19
0.000282737	19
0.000286342	19
0.000286689	19
0.000293408	19
0.000294148	19
0.000296102	19
0.000305499	19
0.000312688	19
0.0003176	19
0.000331106	19
0.000385814	19
0.000605439	19
0.000613402	19
0.000701361	19
0.000703872	19
0.000750688	19
0.00094843	19
0.00114723	19
0.00167766	19
0.00171724	19
0.00186799	19
0.0031988	19
0.00338308	19
0.00339814	19
0.00340031	19
0.00342865	19
0.00376016	19
0.00458363	19
0.00460576	19
0.00466376	19
0.00467158	19
0.00467364	19
0.00470112	19
0.00471359	19
0.00473352	19
0.00478827	19
0.00484924	19
0.00486891	19
0.00487134	19
0.00488019	19
0.00492669	19
0.004959	19
0.00496062	19
0.00496065	19
0.00496078	19
0.00496118	19
0.00496164	19
0.00496296	19
0.00496352	19
0.00496734	19
0.00496742	19
0.00496793	19
0.00496801	19
0.0049698	19
0.00497424	19
0.00497437	19
0.00497446	19
0.00497476	19
0.00497626	19
0.00497898	19
0.00498274	19
0.00498736	19
0.00498897	19
0.00498971	19
0.00498995	19
0.00499075	19
0.00500652	19
0.00501194	19
0.00501429	19
0.00502409	19
0.0050556	19
0.00505722	19
0.00512023	19
0.00514313	19
0.00517996	19
0.00534603	19
0.00535568	19
0.0054947	19
0.00551122	19
0.00552714	19
0.00553598	19
0.0056841	19
0.00577429	19
0.0058673	19
0.00603473	19
0.00632691	19
0.00633288	19
0.00634001	19
0.00638245	19
0.00638405	19
0.00639615	19
0.00647234	19
0.00647604	19
0.006528	19
0.00654507	19
0.00658159	19
0.00658364	19
0.00666918	19
0.00675067	19
0.00675829	19
0.00676201	19
0.00677916	19
0.00688873	19
0.00696648	19
0.00700086	19
0.00703697	19
0.00715594	19
0.00720706	19
0.00732167	19
0.00733101	19
0.00743275	19
0.00746515	19
0.00765096	19
0.00768852	19
0.0078122	19
0.00781253	19
0.00781817	19
0.00782006	19
0.00782941	19
0.00783855	19
0.0079393	19
0.00865081	19
0.00865836	19
0.00868808	19
0.00888649	19
0.00945928	19
0.00945929	19
0.00946047	19
0.00946049	19
0.0094617	19
0.00946301	19
0.00946356	19
0.00946737	19
0.0094677	19
0.00947142	19
0.00947273	19
0.00947407	19
0.00947535	19
0.00947749	19
0.00948878	19
0.00950281	19
0.00952615	19
0.00965812	19
0.00975857	19
0.00981768	19
0.00999002	19
0.0108623	19
0.0108624	19
0.0108625	19
0.010863	19
0.0108631	19
0.0108642	19
0.0108645	19
0.0108653	19
0.0108657	19
0.0108661	19
0.0108667	19
0.010867	19
0.0108684	19
0.0108691	19
0.0108691	19
0.0108692	19
0.01087	19
0.0108707	19
0.0108707	19
0.0108736	19
0.0108752	19
0.0108781	19
0.0108822	19
0.0108844	19
0.0108864	19
0.0108867	19
0.0108875	19
0.0109117	19
0.0109187	19
0.0109319	19
0.0119241	19
0.0119264	19
0.0119324	19
0.0119338	19
0.0119602	19
0.0119608	19
0.0119635	19
0.0120063	19
0.0120605	19
0.0120942	19
0.0120976	19
0.0120981	19
0.0121071	19
0.0121269	19
0.0121717	19
0.0121809	19
0.0121846	19
0.0122235	19
0.0122514	19
0.0122911	19
0.0123575	19
0.0123673	19
0.0123772	19
0.0123774	19
0.0124176	19
0.0124247	19
0.0124465	19
0.0124606	19
0.0126261	19
0.0126269	19
0.0126274	19
0.0126277	19
0.0126278	19
0.0126279	19
0.0126279	19
0.0126279	19
0.012628	19
0.0126283	19
0.0126285	19
0.012629	19
0.0126293	19
0.0126293	19
0.0126296	19
0.01263	19
0.0126301	19
0.0126302	19
0.0126309	19
0.0126312	19
0.0126315	19
0.0126318	19
0.0126318	19
0.0126319	19
0.0126321	19
0.0126325	19
0.0126328	19
0.0126341	19
0.0126344	19
0.0126376	19
0.0126403	19
0.0126405	19
0.0126415	19
0.0126429	19
0.0126439	19
0.0126443	19
0.0126459	19
0.0126491	19
0.0126507	19
0.0126522	19
0.0126555	19
0.0126565	19
0.0126597	19
0.01266	19
0.012661	19
0.0126653	19
0.0126655	19
0.0126699	19
0.0126754	19
0.0126784	19
0.0127121	19
0.012726	19
0.0127417	19
0.0127453	19
0.012752	19
0.0127621	19
0.0127682	19
0.0127868	19
0.0127917	19
0.0127924	19
0.0127947	19
0.012814	19
0.0128277	19
0.0128288	19
0.0128462	19
0.0129314	19
0.0130113	19
0.0131716	19
0.0132998	19
0.0134075	19
0.0134077	19
0.0134077	19
0.0134078	19
0.013408	19
0.0134082	19
0.0134094	19
0.0134098	19
0.0134099	19
0.0134101	19
0.0134115	19
0.0134118	19
0.0134132	19
0.0134145	19
0.0134149	19
0.0134158	19
0.0134167	19
0.0134192	19
0.0134198	19
0.0134206	19
0.0134231	19
0.01343	19
0.0134305	19
0.0134314	19
0.0134384	19
0.0134423	19
0.013443	19
0.0134493	19
0.0134955	19
0.0134963	19
0.0136369	19
0.0137209	19
0.0137261	19
0.013925	19
0.014061	19
0.0140913	19
0.0141487	19
0.0141682	19
0.0142147	19
0.0142849	19
0.0142963	19
0.0143131	19
0.0143178	19
0.0143706	19
0.0143891	19
0.0143927	19
0.0144052	19
0.0144213	19
0.0144345	19
0.0144737	19
0.0144739	19
0.014548	19
0.0145739	19
0.0145939	19
0.0146155	19
0.0146317	19
0.0147321	19
0.0147388	19
0.0147924	19
0.0148122	19
0.0148763	19
0.0150173	19
0.015034	19
0.0153556	19
0.0155149	19
0.015774	19
0.0157966	19
0.0159732	19
0.0165754	19
0.0165771	19
0.0165777	19
0.0165778	19
0.0165783	19
0.0165803	19
0.0165837	19
0.0165841	19
0.0165843	19
0.0165852	19
0.0165903	19
0.0165929	19
0.0165984	19
0.0166037	19
0.0166063	19
0.016628	19
0.0166413	19
0.0166551	19
0.0166573	19
0.0168994	19
0.0168997	19
0.0169001	19
0.0169001	19
0.0169002	19
0.0169003	19
0.0169004	19
0.0169004	19
0.0169004	19
0.0169004	19
0.0169005	19
0.0169005	19
0.0169008	19
0.0169011	19
0.0169011	19
0.0169011	19
0.0169012	19
0.0169012	19
0.0169013	19
0.0169014	19
0.0169016	19
0.0169021	19
0.0169027	19
0.0169029	19
0.0169031	19
0.0169034	19
0.0169036	19
0.0169038	19
0.0169043	19
0.0169047	19
0.0169048	19
0.0169048	19
0.0169054	19
0.0169055	19
0.0169056	19
0.0169057	19
0.0169067	19
0.0169067	19
0.0169068	19
0.0169073	19
0.0169073	19
0.0169073	19
0.0169082	19
0.0169082	19
0.0169086	19
0.0169091	19
0.0169095	19
0.01691	19
0.0169105	19
0.016911	19
0.0169112	19
0.0169123	19
0.0169127	19
0.0169133	19
0.0169143	19
0.0169143	19
0.0169146	19
0.0169165	19
0.0169192	19
0.0169198	19
0.0169211	19
0.0169214	19
0.0169219	19
0.0169222	19
0.0169231	19
0.0169277	19
0.0169284	19
0.0169407	19
0.0170209	19
0.0171972	19
0.0173041	19
0.0174628	19
0.0189117	19
0.0189118	19
0.0189122	19
0.0189122	19
0.0189124	19
0.0189124	19
0.0189125	19
0.018913	19
0.0189132	19
0.0189136	19
0.0189139	19
0.0189144	19
0.0189145	19
0.0189148	19
0.0189152	19
0.0189153	19
0.0189154	19
0.0189155	19
0.0189158	19
0.018916	19
0.0189162	19
0.0189167	19
0.018918	19
0.0189189	19
0.018919	19
0.0189203	19
0.0189208	19
0.0189216	19
0.0189218	19
0.0189221	19
0.0189253	19
0.0189269	19
0.0189271	19
0.01893	19
0.018931	19
0.0189331	19
0.0189341	19
0.0189362	19
0.0189392	19
0.0189418	19
0.0189429	19
0.0189471	19
0.0189478	19
0.0189491	19
0.0189529	19
0.018962	19
0.018964	19
0.0189798	19
0.0189899	19
0.0190944	19
0.0218009	19
0.0218011	19
0.0218015	19
0.0218018	19
0.0218019	19
0.021802	19
0.0218021	19
0.0218021	19
0.0218021	19
0.0218024	19
0.0218024	19
0.0218025	19
0.0218027	19
0.0218027	19
0.0218029	19
0.0218033	19
0.0218034	19
0.0218035	19
0.0218038	19
0.021804	19
0.0218041	19
0.0218044	19
0.0218047	19
0.0218048	19
0.0218048	19
0.021805	19
0.0218054	19
0.0218054	19
0.0218059	19
0.021806	19
0.0218083	19
0.0218084	19
0.0218084	19
0.0218086	19
0.0218099	19
0.0218101	19
0.0218102	19
0.0218108	19
0.0218111	19
0.0218115	19
0.0218118	19
0.021812	19
0.0218123	19
0.0218127	19
0.0218131	19
0.0218132	19
0.0218137	19
0.0218142	19
0.0218145	19
0.0218157	19
0.0218158	19
0.0218158	19
0.0218161	19
0.0218165	19
0.0218167	19
0.0218176	19
0.0218225	19
0.0218249	19
0.0218273	19
0.0218275	19
0.021829	19
0.0218314	19
0.0218338	19
0.021834	19
0.0218472	19
0.0218491	19
0.0218492	19
0.0218559	19
0.0218689	19
0.0218708	19
0.0218735	19
0.0218738	19
0.0218851	19
0.0218968	19
0.0218997	19
0.0219029	19
0.0219116	19
0.0219124	19
0.0219186	19
0.0219259	19
0.021927	19
0.0219503	19
0.0219508	19
0.0219773	19
0.0219994	19
0.022	19
0.0220131	19
0.022014	19
0.0220258	19
0.0220312	19
0.0220405	19
0.0220742	19
0.0220822	19
0.0221273	19
0.0221287	19
0.0221709	19
0.0221839	19
0.0222051	19
0.0222609	19
0.022322	19
0.0223419	19
0.0224292	19
0.0224294	19
0.0224438	19
0.0224497	19
0.0224926	19
0.02253	19
0.0226275	19
0.0226276	19
0.0226284	19
0.0226284	19
0.0226285	19
0.0226286	19
0.0226288	19
0.0226292	19
0.0226292	19
0.0226293	19
0.0226293	19
0.0226296	19
0.0226297	19
0.0226299	19
0.0226299	19
0.0226299	19
0.02263	19
0.0226303	19
0.0226303	19
0.0226304	19
0.0226308	19
0.022631	19
0.022631	19
0.0226312	19
0.0226314	19
0.0226321	19
0.0226324	19
0.0226325	19
0.0226325	19
0.0226336	19
0.0226338	19
0.0226339	19
0.0226347	19
0.0226347	19
0.0226348	19
0.0226354	19
0.0226355	19
0.022636	19
0.0226367	19
0.0226371	19
0.0226377	19
0.022638	19
0.0226395	19
0.02264	19
0.0226411	19
0.0226413	19
0.0226414	19
0.0226418	19
0.022642	19
0.0226446	19
0.0226458	19
0.0226462	19
0.022648	19
0.0226486	19
0.022649	19
0.0226491	19
0.0226494	19
0.0226506	19
0.0226536	19
0.0226546	19
0.022656	19
0.0226579	19
0.022658	19
0.0226603	19
0.0226631	19
0.0226689	19
0.0226748	19
0.0226799	19
0.0226841	19
0.0226871	19
0.022688	19
0.0227003	19
0.0227115	19
0.022717	19
0.0227175	19
0.0227231	19
0.0227439	19
0.0227875	19
0.0228397	19
0.022879	19
0.0229265	19
0.0229339	19
0.023015	19
0.0237931	19
0.0237932	19
0.0237934	19
0.0237938	19
0.0237948	19
0.0237951	19
0.0237952	19
0.0237961	19
0.0237962	19
0.0237963	19
0.0238002	19
0.0238019	19
0.0238041	19
0.0238049	19
0.0238055	19
0.0238056	19
0.0238073	19
0.0238107	19
0.023811	19
0.0238121	19
0.0238126	19
0.0238126	19
0.0238195	19
0.0238206	19
0.0238215	19
0.0238259	19
0.0238291	19
0.0238362	19
0.0238373	19
0.0238737	19
0.0238865	19
0.0240857	19
0.0245778	19
0.0247366	19
0.0248094	19
0.024812	19
0.0248172	19
0.0248174	19
0.0248202	19
0.0248263	19
0.0248338	19
0.025392	19
0.0254006	19
0.0254181	19
0.0254344	19
0.0254532	19
0.0254663	19
0.0267705	19
0.0267707	19
0.026771	19
0.0267711	19
0.0267713	19
0.0267713	19
0.0267714	19
0.0267718	19
0.0267718	19
0.0267719	19
0.026772	19
0.0267721	19
0.0267724	19
0.0267742	19
0.0267749	19
0.0267754	19
0.0267758	19
0.0267758	19
0.026776	19
0.0267761	19
0.0267769	19
0.0267773	19
0.0267775	19
0.0267779	19
0.0267788	19
0.0267796	19
0.0267799	19
0.0267813	19
0.0267815	19
0.0267834	19
0.0267838	19
0.0267845	19
0.0267847	19
0.0267855	19
0.026788	19
0.0267886	19
0.0267887	19
0.0267899	19
0.0267907	19
0.0267909	19
0.026796	19
0.0267994	19
0.0268023	19
0.026809	19
0.0268103	19
0.0268106	19
0.0268136	19
0.0268203	19
0.0268218	19
0.0268243	19
0.0268251	19
0.0268264	19
0.026858	19
0.0268594	19
0.0268707	19
0.0275028	19
0.0275031	19
0.0275032	19
0.0275034	19
0.0275038	19
0.027504	19
0.0275041	19
0.0275046	19
0.0275047	19
0.0275047	19
0.027505	19
0.0275054	19
0.0275059	19
0.0275067	19
0.0275072	19
0.0275082	19
0.0275112	19
0.0275114	19
0.0275123	19
0.0275135	19
0.0275148	19
0.027516	19
0.0275169	19
0.0275171	19
0.0275183	19
0.0275224	19
0.0275235	19
0.027524	19
0.0275249	19
0.0275251	19
0.0275252	19
0.0275268	19
0.0275269	19
0.0275269	19
0.0275274	19
0.0275292	19
0.0275365	19
0.027539	19
0.0275403	19
0.0275536	19
0.0275558	19
0.0275567	19
0.0275583	19
0.0275615	19
0.0275627	19
0.0275696	19
0.0275718	19
0.0275724	19
0.0275861	19
0.0275888	19
0.0275915	19
0.0276226	19
0.0276247	19
0.0276633	19
0.0276674	19
0.0276858	19
0.0276894	19
0.0276957	19
0.0277121	19
0.0277165	19
0.0277468	19
0.0277534	19
0.0278119	19
0.0278261	19
0.0278299	19
0.0278492	19
0.0278495	19
0.0279212	19
0.0279325	19
0.0280535	19
0.0280932	19
0.0280934	19
0.0282055	19
0.0284119	19
0.0289865	19
0.0289894	19
0.0290335	19
0.0293307	19
0.0295106	19
0.0301448	19
0.0301625	19
0.0302084	19
0.0304662	19
0.0305146	19
0.0385846	19
0.0385846	19
0.0385847	19
0.0385847	19
0.0385848	19
0.0385849	19
0.0385849	19
0.0385849	19
0.038585	19
0.0385852	19
0.0385852	19
0.0385852	19
0.0385854	19
0.0385855	19
0.0385855	19
0.0385858	19
0.0385858	19
0.0385859	19
0.038586	19
0.038586	19
0.0385861	19
0.0385863	19
0.0385868	19
0.0385869	19
0.0385874	19
0.0385875	19
0.0385883	19
0.0385892	19
0.0385895	19
0.0385896	19
0.0385898	19
0.03859	19
0.03859	19
0.0385912	19
0.0385913	19
0.0385914	19
0.0385917	19
0.038592	19
0.0385922	19
0.0385923	19
0.0385926	19
0.0385938	19
0.0385941	19
0.0385942	19
0.0385946	19
0.0385946	19
0.0385947	19
0.0385949	19
0.038595	19
0.0385952	19
0.038596	19
0.0385961	19
0.0385967	19
0.038597	19
0.0385977	19
0.0385995	19
0.0386014	19
0.0386017	19
0.0386036	19
0.0386036	19
0.038605	19
0.0386061	19
0.038609	19
0.038609	19
0.0386095	19
0.0386104	19
0.0386115	19
0.0386123	19
0.0386139	19
0.0386147	19
0.0386179	19
0.0386183	19
0.0386189	19
0.0386212	19
0.0386255	19
0.0386261	19
0.0386297	19
0.0386323	19
0.0386329	19
0.0386343	19
0.0386353	19
0.0386359	19
0.0386371	19
0.0386386	19
0.0386396	19
0.0386397	19
0.0386406	19
0.0386416	19
0.0386455	19
0.0386469	19
0.0386474	19
0.038649	19
0.0386504	19
0.0386506	19
0.0386529	19
0.0386551	19
0.0386579	19
0.0386641	19
0.0386705	19
0.0386738	19
0.0386787	19
0.0386795	19
0.0386875	19
0.0386897	19
0.03869	19
0.0386942	19
0.0386943	19
0.0386956	19
0.0386959	19
0.0386993	19
0.0387	19
0.038704	19
0.0387057	19
0.0387132	19
0.0387146	19
0.0387176	19
0.0387182	19
0.0387185	19
0.038723	19
0.0387283	19
0.0387324	19
0.0387419	19
0.038748	19
0.0387491	19
0.0387505	19
0.0387506	19
0.038752	19
0.0387535	19
0.0387565	19
0.0387581	19
0.038762	19
0.0387623	19
0.0387658	19
0.0387669	19
0.0387733	19
0.038777	19
0.038784	19
0.0387865	19
0.0387905	19
0.038794	19
0.0387977	19
0.0387978	19
0.0388002	19
0.0388136	19
0.0388158	19
0.0388162	19
0.0388241	19
0.0388271	19
0.0388333	19
0.0388367	19
0.0388398	19
0.0388491	19
0.0388513	19
0.0388576	19
0.038871	19
0.0388829	19
0.0388842	19
0.0389113	19
0.0389115	19
0.0389258	19
0.0389325	19
0.0389518	19
0.0389754	19
0.0389768	19
0.0389868	19
0.0390213	19
0.0390231	19
0.0390515	19
0.0390589	19
0.0390619	19
0.039066	19
0.0390707	19
0.0390779	19
0.0390784	19
0.0390836	19
0.0390836	19
0.0391061	19
0.0391264	19
0.0391597	19
0.0391625	19
0.0391642	19
0.0391759	19
0.0391916	19
0.0391942	19
0.0392537	19
0.039271	19
0.0393034	19
0.0393055	19
0.0393326	19
0.0393779	19
0.0393783	19
0.0393996	19
0.0394135	19
0.0394187	19
0.0394196	19
0.0394644	19
0.0394646	19
0.039492	19
0.0394969	19
0.0395119	19
0.0395164	19
0.0395457	19
0.0395773	19
0.0396044	19
0.039676	19
0.0397294	19
0.0397916	19
0.039816	19
0.0398291	19
0.039895	19
0.0399378	19
0.04	19
0.040056	19
0.0401501	19
0.0401526	19
0.0402325	19
0.0402548	19
0.0404484	19
0.0405161	19
0.0408295	19
0.0408298	19
0.0408298	19
0.0408302	19
0.0408304	19
0.0408305	19
0.0408307	19
0.0408309	19
0.0408314	19
0.0408316	19
0.0408318	19
0.0408321	19
0.0408322	19
0.0408322	19
0.0408324	19
0.0408326	19
0.0408327	19
0.0408329	19
0.0408329	19
0.040833	19
0.040833	19
0.0408331	19
0.0408333	19
0.0408344	19
0.0408344	19
0.0408345	19
0.040835	19
0.0408351	19
0.0408353	19
0.0408356	19
0.0408358	19
0.040836	19
0.0408362	19
0.0408363	19
0.0408363	19
0.0408369	19
0.040837	19
0.040837	19
0.0408379	19
0.0408384	19
0.0408386	19
0.0408389	19
0.0408392	19
0.0408395	19
0.0408413	19
0.0408416	19
0.0408421	19
0.0408422	19
0.0408455	19
0.0408476	19
0.0408487	19
0.0408494	19
0.0408511	19
0.0408527	19
0.0408535	19
0.0408541	19
0.0408632	19
0.0408635	19
0.0408649	19
0.0408662	19
0.0408687	19
0.0408725	19
0.0408899	19
0.0409013	19
0.0409422	19
0.0410328	19
0.0411115	19
0.0412117	19
0.0413164	19
0.0415617	19
0.0417603	19
0.0417705	19
0.0417886	19
0.0418104	19
0.0418142	19
0.0428036	19
0.0428298	19
0.0431876	19
0.0435826	19
0.0438159	19
0.0438431	19
0.0440057	19
0.0466715	19
0.0466719	19
0.0466724	19
0.0466725	19
0.0466728	19
0.046673	19
0.0466733	19
0.0466734	19
0.046675	19
0.046675	19
0.0466751	19
0.0466768	19
0.0466773	19
0.0466779	19
0.0466781	19
0.0466785	19
0.0466786	19
0.0466793	19
0.0466793	19
0.0466802	19
0.0466806	19
0.0466811	19
0.0466815	19
0.0466828	19
0.0466837	19
0.0466846	19
0.0466867	19
0.0466882	19
0.0466899	19
0.0466904	19
0.0466908	19
0.0466935	19
0.0466936	19
0.046694	19
0.0467029	19
0.0467052	19
0.0467077	19
0.0467141	19
0.0467166	19
0.0467191	19
0.0467242	19
0.046729	19
0.0467499	19
0.0476804	19
0.0478839	19
0.0479127	19
0.047924	19
0.0479317	19
0.0479353	19
0.0497966	19
0.0497968	19
0.0497969	19
0.0497971	19
0.0497972	19
0.0497976	19
0.0497977	19
0.0497982	19
0.0497987	19
0.0497988	19
0.0497989	19
0.0497992	19
0.0497997	19
0.0498005	19
0.0498009	19
0.0498013	19
0.0498024	19
0.0498029	19
0.0498032	19
0.0498035	19
0.0498052	19
0.0498061	19
0.0498071	19
0.0498075	19
0.0498075	19
0.0498082	19
0.0498085	19
0.0498093	19
0.0498099	19
0.049811	19
0.0498124	19
0.0498127	19
0.0498133	19
0.0498151	19
0.0498152	19
0.0498155	19
0.0498155	19
0.0498156	19
0.0498157	19
0.049816	19
0.0498161	19
0.0498162	19
0.0498164	19
0.0498166	19
0.0498169	19
0.0498171	19
0.0498171	19
0.0498173	19
0.0498179	19
0.0498184	19
0.0498185	19
0.0498186	19
0.0498192	19
0.0498199	19
0.0498203	19
0.0498204	19
0.049821	19
0.0498211	19
0.0498212	19
0.0498215	19
0.0498216	19
0.0498216	19
0.0498229	19
0.0498232	19
0.0498236	19
0.0498245	19
0.0498255	19
0.0498258	19
0.0498262	19
0.0498267	19
0.0498267	19
0.0498292	19
0.0498317	19
0.049832	19
0.049832	19
0.0498324	19
0.0498336	19
0.0498348	19
0.0498367	19
0.0498384	19
0.0498401	19
0.0498402	19
0.0498425	19
0.0498438	19
0.0498448	19
0.0498455	19
0.0498487	19
0.0498496	19
0.0498502	19
0.0498504	19
0.0498509	19
0.049851	19
0.0498543	19
0.0498543	19
0.049856	19
0.049856	19
0.0498574	19
0.0498604	19
0.0498607	19
0.0498611	19
0.0498621	19
0.0498676	19
0.0498685	19
0.04987	19
0.049872	19
0.0498758	19
0.0498833	19
0.0498964	19
0.0499065	19
0.04991	19
0.0499129	19
0.0499183	19
0.0499223	19
0.0499293	19
0.0499294	19
0.0499321	19
0.0499331	19
0.0499381	19
0.0499425	19
0.049946	19
0.049974	19
0.0499778	19
0.0499904	19
0.0500061	19
0.0500204	19
0.050023	19
0.0500468	19
0.050055	19
0.0500593	19
0.0500768	19
0.0500809	19
0.0500819	19
0.0500881	19
0.0500915	19
0.050092	19
0.0500921	19
0.0500939	19
0.0500982	19
0.050112	19
0.0501173	19
0.0501192	19
0.0501211	19
0.0501314	19
0.0501322	19
0.0501343	19
0.050149	19
0.0501974	19
0.0502171	19
0.0502499	19
0.05027	19
0.0502961	19
0.0503009	19
0.0503057	19
0.0503134	19
0.050339	19
0.0503671	19
0.0505019	19
0.0505185	19
0.0506683	19
0.0507125	19
0.0507743	19
0.0507924	19
0.0508856	19
0.0509946	19
0.0510449	19
0.0510559	19
0.051083	19
0.0513278	19
0.051417	19
0.0514693	19
0.0516146	19
0.0518369	19
0.0520887	19
0.0520891	19
0.0520893	19
0.05209	19
0.0520901	19
0.0520906	19
0.0520906	19
0.0520925	19
0.0520925	19
0.0520926	19
0.0520927	19
0.0520933	19
0.0520933	19
0.0520939	19
0.0520945	19
0.0520948	19
0.0520958	19
0.052096	19
0.0520976	19
0.0520999	19
0.0521	19
0.052102	19
0.0521023	19
0.0521046	19
0.05211	19
0.0521119	19
0.0521131	19
0.0521173	19
0.0521184	19
0.0521196	19
0.0521211	19
0.0521219	19
0.0521235	19
0.0521396	19
0.052153	19
0.0521623	19
0.0526278	19
0.053043	19
0.0531044	19
0.0533345	19
0.0533346	19
0.0536102	19
0.0544535	19
0.0544542	19
0.0544544	19
0.0544548	19
0.0544554	19
0.0544567	19
0.0544573	19
0.0544581	19
0.0544583	19
0.0544584	19
0.0544592	19
0.0544593	19
0.054462	19
0.0544626	19
0.0544631	19
0.0544633	19
0.0544667	19
0.0544689	19
0.0544692	19
0.0544702	19
0.0544706	19
0.0544748	19
0.0544754	19
0.0544756	19
0.0544815	19
0.0544816	19
0.0544856	19
0.0544857	19
0.0544867	19
0.0544879	19
0.0544937	19
0.0544939	19
0.0544951	19
0.0544965	19
0.054498	19
0.0544995	19
0.0545008	19
0.0545054	19
0.0545066	19
0.0545086	19
0.0545229	19
0.054525	19
0.054528	19
0.0545358	19
0.0545532	19
0.0545615	19
0.0545627	19
0.0546188	19
0.0549687	19
0.0550012	19
0.0550071	19
0.055046	19
0.0553907	19
0.0554099	19
0.0554106	19
0.059059	19
0.059068	19
0.064492	19
0.0644922	19
0.0644957	19
0.0644958	19
0.0644987	19
0.0645029	19
0.0645177	19
0.0645179	19
0.0645238	19
0.0645252	19
0.0645452	19
0.0645574	19
0.0645652	19
0.0645816	19
0.0645842	19
0.0645966	19
0.0645967	19
0.0646274	19
0.0646477	19
0.0647487	19
0.0647565	19
0.0647571	19
0.0647743	19
0.0647759	19
0.0648778	19
0.0649015	19
0.0649053	19
0.064924	19
0.0649313	19
0.064946	19
0.0649691	19
0.0649697	19
0.0649803	19
0.065021	19
0.0650214	19
0.0650251	19
0.0650559	19
0.0651224	19
0.065174	19
0.0652046	19
0.0652616	19
0.0653518	19
0.0656567	19
0.0659636	19
0.0659636	19
0.0659652	19
0.0659652	19
0.0659655	19
0.0659669	19
0.0659679	19
0.0659704	19
0.0659716	19
0.0659735	19
0.0659747	19
0.0659749	19
0.0659759	19
0.0659767	19
0.065977	19
0.0659785	19
0.0659827	19
0.0659834	19
0.0659881	19
0.0659895	19
0.0659898	19
0.0659956	19
0.0659987	19
0.066002	19
0.0660498	19
0.0660782	19
0.0660872	19
0.06609	19
0.0660903	19
0.066168	19
0.0663793	19
0.0667919	19
0.0667963	19
0.0667975	19
0.0668042	19
0.0668468	19
0.0669083	19
0.0669271	19
0.0669297	19
0.0671862	19
0.067332	19
0.0673386	19
0.0674635	19
0.0674659	19
0.0678336	19
0.0678365	19
0.0678412	19
0.0690968	19
0.0691308	19
0.0691312	19
0.0724814	19
0.0724822	19
0.0724829	19
0.0724868	19
0.0725049	19
0.0725158	19
0.0725231	19
0.0725233	19
0.0725249	19
0.0725782	19
0.0727949	19
0.0727966	19
0.072797	19
0.0729134	19
0.0729218	19
0.0731173	19
0.07312	19
0.0731222	19
0.0731234	19
0.0731273	19
0.0731451	19
0.0735747	19
0.0735846	19
0.07361	19
0.0742753	19
0.0742788	19
0.0744062	19
0.0753467	19
0.0753483	19
0.0753536	19
0.0753542	19
0.0754802	19
0.0759199	19
0.0759203	19
0.0759225	19
0.0759248	19
0.0759256	19
0.0759261	19
0.0759286	19
0.0759352	19
0.0759432	19
0.0759436	19
0.0759453	19
0.0759488	19
0.0759615	19
0.0759617	19
0.0759704	19
0.075975	19
0.0777464	19
0.0778001	19
0.0778152	19
0.0780545	19
0.0786756	19
0.0787072	19
0.0816137	19
0.0816144	19
0.0816152	19
0.0823455	19
0.0824148	19
0.0824201	19
0.0824269	19
0.0827205	19
0.0835157	19
0.0836413	19
0.0836499	19
0.0836621	19
0.0846956	19
0.0847041	19
0.0847066	19
0.0897819	19
0.0897829	19
0.0897956	19
0.0897977	19
0.0903842	19
0.0903848	19
0.0903888	19
0.0903921	19
0.0903926	19
0.0904066	19
0.0904226	19
0.0904415	19
0.0904901	19
0.0904906	19
0.0908114	19
0.0911497	19
0.0912387	19
0.0912814	19
0.0936312	19
0.0936549	19
0.0936577	19
0.0936602	19
0.0936719	19
0.0936735	19
0.0967191	19
0.0967417	19
0.0967424	19
0.0969758	19
0.0969832	19
0.0996282	19
0.099646	19
0.0996571	19
0.0997048	19
0.0997625	19
0.10161	19
0.101611	19
0.101615	19
0.101635	19
0.101959	19
0.101992	19
0.101998	19
0.102047	19
0.104141	19
0.106779	19
0.106783	19
0.106783	19
0.10826	19
0.11339	19
0.1134	19
0.113416	19
0.113417	19
0.113422	19
0.113977	19
0.114005	19
0.114099	19
0.114106	19
0.114293	19
0.114323	19
0.114345	19
0.118873	19
0.118957	19
0.118957	19
0.122705	19
0.122705	19
0.122707	19
0.122714	19
0.12278	19
0.125962	19
0.125964	19
0.126022	19
0.12604	19
0.126042	19
0.129265	19
0.129305	19
0.129312	19
0.129314	19
0.129339	19
0.131474	19
0.131597	19
0.131602	19
0.133028	19
0.133029	19
0.133045	19
0.133075	19
0.133075	19
0.13469	19
0.13588	19
0.13588	19
0.135917	19
0.135921	19
0.135982	19
0.13603	19
0.136031	19
0.136518	19
0.136596	19
0.136596	19
0.139277	19
0.139288	19
0.139299	19
0.139888	19
0.13989	19
0.139915	19
0.139918	19
0.139925	19
0.141458	19
0.142409	19
0.142456	19
0.144104	19
0.144131	19
0.144146	19
0.144169	19
0.144173	19
0.144269	19
0.144294	19
0.144299	19
0.144325	19
0.144394	19
0.1444	19
0.145299	19
0.148726	19
0.148731	19
0.148741	19
0.148768	19
0.148775	19
0.148978	19
0.149004	19
0.149009	19
0.149058	19
0.151418	19
0.15144	19
0.151441	19
0.152656	19
0.152657	19
0.15266	19
0.152663	19
0.156984	19
0.156989	19
0.15699	19
0.157219	19
0.157234	19
0.157239	19
0.158799	19
0.158824	19
0.158826	19
0.158869	19
0.158876	19
0.159792	19
0.159841	19
0.159842	19
0.160621	19
0.160628	19
0.160644	19
0.160685	19
0.161252	19
0.163877	19
0.164442	19
0.164758	19
0.165418	19
0.165747	19
0.165773	19
0.1658	19
0.165801	19
0.165832	19
0.165863	19
0.165864	19
0.165963	19
0.165965	19
0.167379	19
0.167444	19
0.167446	19
0.16751	19
0.167886	19
0.167936	19
0.189165	19
0.189166	19
0.189166	19
0.189175	19
0.189175	19
0.189212	19
0.189368	19
0.189698	19
0.190066	19
0.190251	19
0.190269	19
0.190348	19
0.190349	19
0.190539	19
0.190563	19
0.190569	19
0.190571	19
0.19367	19
0.193685	19
0.193687	19
0.193711	19
0.197398	19
0.1974	19
0.197415	19
0.197769	19
0.197771	19
0.201792	19
0.201832	19
0.201832	19
0.20195	19
0.20202	19
0.202731	19
0.202738	19
0.202767	19
0.202768	19
0.20404	19
0.204171	19
0.204182	19
0.20419	19
0.20419	19
0.205698	19
0.209456	19
0.209458	19
0.213635	19
0.213635	19
0.213637	19
0.213665	19
0.213667	19
0.213864	19
0.220473	19
0.220474	19
0.221289	19
0.221299	19
0.221306	19
0.221322	19
0.221323	19
0.221324	19
0.222508	19
0.224971	19
0.224971	19
0.224976	19
0.224997	19
0.225023	19
0.225023	19
0.22504	19
0.226136	19
0.226138	19
0.226642	19
0.22674	19
0.226745	19
0.226785	19
0.226859	19
0.22687	19
0.227992	19
0.227993	19
0.227995	19
0.228019	19
0.231611	19
0.231612	19
0.231616	19
0.231627	19
0.233576	19
0.233606	19
0.233662	19
0.23479	19
0.234792	19
0.234864	19
0.242674	19
0.242674	19
0.242731	19
0.242731	19
0.244529	19
0.244629	19
0.244637	19
0.244638	19
0.244645	19
0.244667	19
0.244669	19
0.245637	19
0.245679	19
0.24568	19
0.247073	19
0.247083	19
0.247087	19
0.249807	19
0.249913	19
0.249966	19
0.250152	19
0.250153	19
0.251055	19
0.251081	19
0.251126	19
0.251127	19
0.251938	19
0.256081	19
0.258163	19
0.258171	19
0.258173	19
0.262135	19
0.262235	19
0.262236	19
0.262291	19
0.270249	19
0.27025	19
0.270258	19
0.270259	19
0.271299	19
0.271312	19
0.271312	19
0.271357	19
0.271361	19
0.273393	19
0.273407	19
0.273408	19
0.274972	19
0.275004	19
0.275008	19
0.275087	19
0.275108	19
0.275108	19
0.283318	19
0.286123	19
0.286129	19
0.287394	19
0.287405	19
0.287405	19
0.294664	19
0.294665	19
0.294665	19
0.294668	19
0.294737	19
0.294738	19
0.294738	19
0.294739	19
0.295174	19
0.295194	19
0.295208	19
0.302817	19
0.304416	19
0.307713	19
0.307764	19
0.311145	19
0.311153	19
0.311164	19
0.311171	19
0.311172	19
0.311877	19
0.311901	19
0.311902	19
0.324792	19
0.324793	19
0.324807	19
0.324807	19
0.324871	19
0.328772	19
0.328777	19
0.333587	19
0.333656	19
0.333675	19
0.333688	19
0.336868	19
0.339977	19
0.339986	19
0.34005	19
0.340058	19
0.340857	19
0.340884	19
0.340887	19
0.341359	19
0.341446	19
0.3447	19
0.344701	19
0.344703	19
0.344755	19
0.344755	19
0.344868	19
0.344874	19
0.348935	19
0.348953	19
0.348954	19
0.349577	19
0.349659	19
0.349674	19
0.350181	19
0.350185	19
0.350204	19
0.350284	19
0.350577	19
0.350598	19
0.35062	19
0.355764	19
0.355765	19
0.355822	19
0.355822	19
0.359684	19
0.359687	19
0.359688	19
0.363812	19
0.363818	19
0.363826	19
0.363826	19
0.367075	19
0.367079	19
0.367081	19
0.367083	19
0.367398	19
0.367425	19
0.36743	19
0.372628	19
0.372628	19
0.37263	19
0.372722	19
0.372723	19
0.372954	19
0.373034	19
0.373254	19
0.373255	19
0.373361	19
0.373438	19
0.373439	19
0.382124	19
0.382178	19
0.382178	19
0.38319	19
0.38543	19
0.385437	19
0.38835	19
0.388362	19
0.388363	19
0.388364	19
0.390475	19
0.390477	19
0.390478	19
0.390502	19
0.390519	19
0.390519	19
0.392022	19
0.392106	19
0.392108	19
0.393001	19
0.393054	19
0.393105	19
0.393108	19
0.396748	19
0.396839	19
0.396842	19
0.398766	19
0.398767	19
0.398909	19
0.398911	19
0.400241	19
0.400431	19
0.400434	19
0.401525	19
0.401539	19
0.401542	19
0.402825	19
0.407815	19
0.407817	19
0.40783	19
0.407831	19
0.41344	19
0.413518	19
0.413519	19
0.414249	19
0.414275	19
0.414275	19
0.41717	19
0.41717	19
0.41727	19
0.417271	19
0.42619	19
0.426193	19
0.426201	19
0.426211	19
0.426221	19
0.426223	19
0.43409	19
0.43409	19
0.434091	19
0.43416	19
0.434197	19
0.434215	19
0.434217	19
0.437278	19
0.437278	19
0.43728	19
0.437356	19
0.437357	19
0.439705	19
0.439854	19
0.439858	19
0.441946	19
0.442024	19
0.44204	19
0.448126	19
0.448127	19
0.448199	19
0.448202	19
0.448434	19
0.448457	19
0.448458	19
0.449831	19
0.449872	19
0.449878	19
0.451448	19
0.451465	19
0.451467	19
0.45362	19
0.453751	19
0.45376	19
0.455127	19
0.455149	19
0.455158	19
0.458059	19
0.458089	19
0.458106	19
0.458993	19
0.459006	19
0.460065	19
0.460067	19
0.460107	19
0.469868	19
0.469874	19
0.469875	19
0.469942	19
0.475526	19
0.475533	19
0.478034	19
0.478034	19
0.478088	19
0.47809	19
0.47819	19
0.478514	19
0.478514	19
0.478594	19
0.480859	19
0.480859	19
0.480867	19
0.480896	19
0.482263	19
0.482281	19
0.482284	19
0.482288	19
0.483803	19
0.483806	19
0.483808	19
0.484576	19
0.484578	19
0.484579	19
0.484695	19
0.48605	19
0.486053	19
0.486096	19
0.496151	19
0.496152	19
0.496162	19
0.496163	19
0.500422	19
0.500429	19
0.510195	19
0.510195	19
0.513441	19
0.513441	19
0.513442	19
0.513443	19
0.513484	19
0.513492	19
0.530108	19
0.530146	19
0.530161	19
0.531423	19
0.531426	19
0.531526	19
0.531539	19
0.531565	19
0.542099	19
0.5421	19
0.5421	19
0.542101	19
0.553023	19
0.553024	19
0.553026	19
0.553214	19
0.558897	19
0.558925	19
0.558927	19
0.55893	19
0.559073	19
0.559091	19
0.559155	19
0.569255	19
0.569255	19
0.569256	19
0.569541	19
0.569989	19
0.576114	19
0.576208	19
0.580042	19
0.580044	19
0.580045	19
0.583024	19
0.583042	19
0.583042	19
0.583945	19
0.583946	19
0.583946	19
0.583949	19
0.587878	19
0.587878	19
0.587892	19
0.58794	19
0.587942	19
0.590706	19
0.590802	19
0.590802	19
0.591134	19
0.592848	19
0.592897	19
0.592988	19
0.596022	19
0.596022	19
0.596059	19
0.601513	19
0.601514	19
0.601535	19
0.617492	19
0.617492	19
0.617492	19
0.617502	19
0.617502	19
0.617503	19
0.617504	19
0.625112	19
0.625139	19
0.62514	19
0.625366	19
0.6254	19
0.6254	19
0.632664	19
0.632667	19
0.632768	19
0.63277	19
0.632771	19
0.632783	19
0.632786	19
0.632829	19
0.632829	19
0.634068	19
0.63409	19
0.63409	19
0.652003	19
0.652003	19
0.652033	19
0.652037	19
0.653014	19
0.653022	19
0.653022	19
0.658085	19
0.658106	19
0.658113	19
0.658114	19
0.666795	19
0.666796	19
0.666951	19
0.666952	19
0.666957	19
0.667091	19
0.667092	19
0.667533	19
0.667535	19
0.667546	19
0.667546	19
0.677326	19
0.677326	19
0.687409	19
0.687415	19
0.687415	19
0.693848	19
0.693855	19
0.693857	19
0.700127	19
0.700134	19
0.700134	19
0.700135	19
0.705809	19
0.705887	19
0.706074	19
0.706074	19
0.706097	19
0.706099	19
0.707082	19
0.707104	19
0.707104	19
0.709859	19
0.709866	19
0.709867	19
0.714463	19
0.714509	19
0.71451	19
0.721146	19
0.721166	19
0.721239	19
0.721242	19
0.733361	19
0.733362	19
0.733366	19
0.733366	19
0.733437	19
0.733438	19
0.746276	19
0.74628	19
0.746283	19
0.746381	19
0.746381	19
0.747756	19
0.74777	19
0.747881	19
0.747888	19
0.756015	19
0.756582	19
0.756586	19
0.756971	19
0.75698	19
0.757549	19
0.757585	19
0.757679	19
0.757685	19
0.762269	19
0.762336	19
0.762337	19
0.762513	19
0.762642	19
0.762648	19
0.76663	19
0.766632	19
0.766771	19
0.766773	19
0.771646	19
0.771778	19
0.77178	19
0.774272	19
0.774273	19
0.774287	19
0.774288	19
0.774762	19
0.774842	19
0.774844	19
0.798309	19
0.798309	19
0.798316	19
0.798335	19
0.798336	19
0.798531	19
0.798581	19
0.798594	19
0.799299	19
0.799301	19
0.799328	19
0.799329	19
0.799334	19
0.799566	19
0.799754	19
0.799763	19
0.804925	19
0.805011	19
0.805012	19
0.807436	19
0.807455	19
0.807458	19
0.81929	19
0.819924	19
0.819953	19
0.819956	19
0.820071	19
0.820072	19
0.820251	19
0.82026	19
0.820285	19
0.824489	19
0.82918	19
0.829208	19
0.829209	19
0.829311	19
0.829314	19
0.831899	19
0.831915	19
0.831938	19
0.831938	19
0.832838	19
0.83291	19
0.832914	19
0.835248	19
0.835329	19
0.83533	19
0.835334	19
0.835341	19
0.837668	19
0.837731	19
0.837742	19
0.837762	19
0.840857	19
0.841032	19
0.841047	19
0.841941	19
0.841947	19
0.842108	19
0.842763	19
0.845775	19
0.845913	19
0.846288	19
0.846289	19
0.846332	19
0.846333	19
0.857029	19
0.857106	19
0.857111	19
0.861201	19
0.861201	19
0.861202	19
0.861202	19
0.861203	19
0.862233	19
0.862327	19
0.862329	19
0.864038	19
0.864127	19
0.864128	19
0.869729	19
0.869759	19
0.869772	19
0.869774	19
0.869829	19
0.874082	19
0.874083	19
0.874102	19
0.877723	19
0.877728	19
0.877728	19
0.877912	19
0.88104	19
0.881043	19
0.881044	19
0.883303	19
0.883317	19
0.883502	19
0.883505	19
0.884174	19
0.884215	19
0.884217	19
0.884218	19
0.884894	19
0.884895	19
0.884931	19
0.891337	19
0.89134	19
0.891379	19
0.8914	19
0.891407	19
0.891498	19
0.903113	19
0.903116	19
0.903117	19
0.906481	19
0.906485	19
0.906535	19
0.907807	19
0.907809	19
0.90809	19
0.926009	19
0.926009	19
0.926023	19
0.937568	19
0.937569	19
0.937622	19
0.937624	19
0.937668	19
1.00049	19
1.00049	19
1.0005	19
1.0005	19
1.00057	19
1.00064	19
1.00064	19
1.00068	19
1.00221	19
1.00221	19
1.00222	19
1.00485	19
1.00485	19
1.00488	19
1.00709	19
1.00861	19
1.00863	19
1.00863	19
1.00993	19
1.00996	19
1.00997	19
1.01054	19
1.01061	19
1.01062	19
1.01847	19
1.01851	19
1.01852	19
1.01861	19
1.0198	19
1.0198	19
1.01985	19
1.02453	19
1.02453	19
1.02454	19
1.02473	19
1.035	19
1.035	19
1.03502	19
1.03502	19
1.03503	19
1.03671	19
1.03675	19
1.03676	19
1.03677	19
1.04073	19
1.04074	19
1.04074	19
1.04498	19
1.04498	19
1.04498	19
1.04498	19
1.05407	19
1.05407	19
1.05576	19
1.05717	19
1.05717	19
1.05718	19
1.05722	19
1.05727	19
1.05727	19
1.06505	19
1.06506	19
1.06513	19
1.06829	19
1.06839	19
1.07294	19
1.0731	19
1.07342	19
1.07342	19
1.07344	19
1.07344	19
1.07344	19
1.07617	19
1.07622	19
1.07622	19
1.08596	19
1.08597	19
1.08599	19
1.08607	19
1.08607	19
1.08685	19
1.08685	19
1.08685	19
1.0885	19
1.08873	19
1.08873	19
1.09874	19
1.09875	19
1.09876	19
1.10749	19
1.10755	19
1.10755	19
1.10755	19
1.10824	19
1.10825	19
1.10826	19
1.10826	19
1.11257	19
1.11259	19
1.11259	19
1.12402	19
1.12402	19
1.12402	19
1.12409	19
1.12409	19
1.12757	19
1.12761	19
1.12765	19
1.12765	19
1.1296	19
1.13034	19
1.13038	19
1.13085	19
1.13631	19
1.13633	19
1.13633	19
1.13661	19
1.14317	19
1.14317	19
1.14317	19
1.1432	19
1.14326	19
1.14326	19
1.14688	19
1.14699	19
1.147	19
1.15153	19
1.15154	19
1.15154	19
1.15354	19
1.15354	19
1.15354	19
1.17618	19
1.1778	19
1.17781	19
1.17792	19
1.2054	19
1.2054	19
1.20541	19
1.20549	19
1.20549	19
1.20584	19
1.2059	19
1.2059	19
1.2078	19
1.20996	19
1.2181	19
1.21812	19
1.21818	19
1.23577	19
1.23577	19
1.23577	19
1.23581	19
1.23587	19
1.23587	19
1.23644	19
1.23647	19
1.23647	19
1.24185	19
1.24187	19
1.24197	19
1.24197	19
1.2436	19
1.24363	19
1.24363	19
1.25529	19
1.2553	19
1.2554	19
1.2554	19
1.25681	19
1.25681	19
1.25787	19
1.25787	19
1.25803	19
1.25803	19
1.25804	19
1.2622	19
1.26221	19
1.26305	19
1.26305	19
1.27304	19
1.28056	19
1.28056	19
1.28059	19
1.28064	19
1.28065	19
1.28395	19
1.284	19
1.284	19
1.30642	19
1.30945	19
1.32028	19
1.32034	19
1.32041	19
1.32197	19
1.32198	19
1.322	19
1.3347	19
1.3347	19
1.33472	19
1.3348	19
1.33517	19
1.33517	19
1.34316	19
1.34317	19
1.34317	19
1.34919	19
1.35374	19
1.35374	19
1.35381	19
1.35382	19
1.35382	19
1.35511	19
1.35515	19
1.35515	19
1.36071	19
1.36078	19
1.36078	19
1.36293	19
1.37215	19
1.37216	19
1.37284	19
1.37555	19
1.37589	19
1.37592	19
1.37593	19
1.37595	19
1.38555	19
1.38559	19
1.38559	19
1.38561	19
1.38562	19
1.38563	19
1.39957	19
1.39961	19
1.39961	19
1.40542	19
1.40547	19
1.40548	19
1.40562	19
1.40566	19
1.40567	19
1.40742	19
1.40748	19
1.4075	19
1.4075	19
1.40771	19
1.40772	19
1.40772	19
1.4106	19
1.41061	19
1.41067	19
1.41067	19
1.41095	19
1.41211	19
1.41211	19
1.41213	19
1.41213	19
1.41219	19
1.41219	19
1.42176	19
1.42179	19
1.42179	19
1.44564	19
1.44564	19
1.44573	19
1.44573	19
1.44675	19
1.44693	19
1.44693	19
1.44706	19
1.44725	19
1.44725	19
1.45399	19
1.45399	19
1.45406	19
1.45406	19
1.4577	19
1.45781	19
1.45781	19
1.46095	19
1.46113	19
1.46113	19
1.4641	19
1.46415	19
1.46416	19
1.46722	19
1.46722	19
1.46722	19
1.47522	19
1.47522	19
1.47526	19
1.47527	19
1.47717	19
1.47718	19
1.47722	19
1.47723	19
1.48106	19
1.48106	19
1.48113	19
1.48113	19
1.48601	19
1.48602	19
1.48602	19
1.48871	19
1.48871	19
1.48871	19
1.48911	19
1.48913	19
1.48914	19
1.48914	19
1.49342	19
1.49365	19
1.49367	19
1.49384	19
1.49386	19
1.49646	19
1.49655	19
1.49659	19
1.4966	19
1.50075	19
1.50798	19
1.50806	19
1.52154	19
1.52154	19
1.52155	19
1.52155	19
1.52156	19
1.52156	19
1.53034	19
1.53038	19
1.5304	19
1.5304	19
1.53772	19
1.53773	19
1.5379	19
1.53791	19
1.54011	19
1.54029	19
1.54029	19
1.56706	19
1.56706	19
1.56709	19
1.5671	19
1.56812	19
1.56813	19
1.56813	19
1.59455	19
1.59455	19
1.59463	19
1.59463	19
1.59505	19
1.59506	19
1.59507	19
1.59891	19
1.6005	19
1.60058	19
1.60059	19
1.6051	19
1.60512	19
1.60512	19
1.60521	19
1.60523	19
1.60551	19
1.60555	19
1.60555	19
1.61481	19
1.61486	19
1.61492	19
1.61494	19
1.61566	19
1.61567	19
1.61567	19
1.61662	19
1.61669	19
1.61671	19
1.61804	19
1.61809	19
1.61809	19
1.62562	19
1.62569	19
1.62573	19
1.62573	19
1.62704	19
1.62706	19
1.62706	19
1.63208	19
1.63236	19
1.63238	19
1.63467	19
1.63472	19
1.63473	19
1.63837	19
1.6384	19
1.63841	19
1.64404	19
1.64404	19
1.64703	19
1.64703	19
1.64704	19
1.64704	19
1.64792	19
1.64794	19
1.65533	19
1.66026	19
1.66027	19
1.6603	19
1.66031	19
1.66065	19
1.66069	19
1.66069	19
1.66593	19
1.66595	19
1.66595	19
1.66824	19
1.66826	19
1.66826	19
1.67038	19
1.67044	19
1.67044	19
1.68165	19
1.68165	19
1.68165	19
1.68167	19
1.68169	19
1.69157	19
1.69162	19
1.69162	19
1.6933	19
1.69337	19
1.69339	19
1.69339	19
1.69667	19
1.69682	19
1.69684	19
1.69831	19
1.69832	19
1.69832	19
1.69832	19
1.70138	19
1.70147	19
1.7015	19
1.70754	19
1.70768	19
1.70768	19
1.71232	19
1.71232	19
1.71233	19
1.71235	19
1.72168	19
1.72171	19
1.72171	19
1.73288	19
1.73288	19
1.73288	19
1.73294	19
1.73294	19
1.74551	19
1.74552	19
1.74554	19
1.74556	19
1.74734	19
1.75612	19
1.75617	19
1.75618	19
1.75619	19
1.75757	19
1.75762	19
1.75764	19
1.7579	19
1.75795	19
1.75795	19
1.75922	19
1.75923	19
1.75954	19
1.75954	19
1.75972	19
1.75975	19
1.75975	19
1.76854	19
1.76862	19
1.76863	19
1.7747	19
1.77473	19
1.77475	19
1.77475	19
1.78192	19
1.78193	19
1.78195	19
1.78196	19
1.7858	19
1.78591	19
1.78592	19
1.78635	19
1.78638	19
1.78638	19
1.78643	19
1.78647	19
1.78648	19
1.78749	19
1.78749	19
1.78753	19
1.78974	19
1.78983	19
1.78983	19
1.79268	19
1.79271	19
1.79272	19
1.79564	19
1.79566	19
1.79574	19
1.79575	19
1.79787	19
1.79788	19
1.79793	19
1.79794	19
1.79893	19
1.79894	19
1.79895	19
1.79898	19
1.80164	19
1.80181	19
1.8019	19
1.8105	19
1.81056	19
1.81063	19
1.81066	19
1.82525	19
1.82535	19
1.82537	19
1.83169	19
1.83169	19
1.8317	19
1.83288	19
1.83289	19
1.83289	19
1.83291	19
1.83337	19
1.83337	19
1.84445	19
1.84451	19
1.84451	19
1.84513	19
1.84516	19
1.84522	19
1.84522	19
1.84524	19
1.84566	19
1.84567	19
1.8459	19
1.8757	19
1.8757	19
1.8757	19
1.8825	19
1.88271	19
1.88271	19
1.8853	19
1.88531	19
1.88531	19
1.88548	19
1.896	19
1.896	19
1.89604	19
1.91216	19
1.91216	19
1.91234	19
1.9154	19
1.91543	19
1.91544	19
1.91553	19
1.91752	19
1.91818	19
1.91825	19
1.91825	19
1.9185	19
1.93671	19
1.93671	19
1.93675	19
1.93676	19
1.93676	19
1.94064	19
1.94064	19
1.94069	19
1.94293	19
1.94293	19
1.94294	19
1.94297	19
1.94847	19
1.94847	19
1.94853	19
1.95114	19
1.95114	19
1.95114	19
1.95117	19
1.95496	19
1.95497	19
1.95513	19
1.9578	19
1.96654	19
1.96662	19
1.96674	19
1.96674	19
1.97253	19
1.97274	19
1.97274	19
1.97816	19
1.97818	19
1.97818	19
1.99641	19
1.99642	19
1.99643	19
1.99643	19
1.99643	19
1.99647	19
1.99877	19
1.99878	19
1.99883	19
2.00025	19
2.00025	19
2.00027	19
2.0014	19
2.01171	19
2.01175	19
2.01176	19
2.01456	19
2.01457	19
2.01458	19
2.01459	19
2.02115	19
2.02115	19
2.0233	19
2.02334	19
2.02334	19
2.02334	19
2.03802	19
2.03803	19
2.04188	19
2.04245	19
2.04245	19
2.04251	19
2.04251	19
2.06555	19
2.06555	19
2.06556	19
2.06556	19
2.06556	19
2.06675	19
2.06676	19
2.06678	19
2.07903	19
2.07903	19
2.07903	19
2.09951	19
2.09957	19
2.09958	19
2.09959	19
2.11294	19
2.11295	19
2.11339	19
2.1134	19
2.1134	19
2.11342	19
2.11438	19
2.11438	19
2.11438	19
2.11967	19
2.11967	19
2.12034	19
2.12039	19
2.12039	19
2.1328	19
2.13284	19
2.13284	19
2.13284	19
2.13297	19
2.1354	19
2.1354	19
2.13541	19
2.13567	19
2.13567	19
2.13568	19
2.13775	19
2.13775	19
2.13776	19
2.13813	19
2.14681	19
2.14683	19
2.14684	19
2.14684	19
2.15387	19
2.15387	19
2.15389	19
2.1609	19
2.1609	19
2.16095	19
2.16604	19
2.16605	19
2.16606	19
2.16997	19
2.16998	19
2.17011	19
2.17264	19
2.17264	19
2.17269	19
2.17307	19
2.17307	19
2.17307	19
2.18017	19
2.18018	19
2.18018	19
2.18029	19
2.18722	19
2.18723	19
2.18723	19
2.19691	19
2.19691	19
2.19695	19
2.21304	19
2.21304	19
2.21306	19
2.22206	19
2.22215	19
2.22216	19
2.22242	19
2.2309	19
2.23091	19
2.23099	19
2.24688	19
2.24688	19
2.24689	19
2.24869	19
2.24871	19
2.24871	19
2.29006	19
2.29008	19
2.2901	19
2.29181	19
2.29188	19
2.29189	19
2.30773	19
2.32462	19
2.32465	19
2.32467	19
2.32468	19
2.32492	19
2.32507	19
2.32507	19
2.32563	19
2.32566	19
2.32567	19
2.32567	19
2.32577	19
2.32677	19
2.33135	19
2.33141	19
2.33141	19
2.33188	19
2.3319	19
2.33191	19
2.33794	19
2.33797	19
2.33798	19
2.33798	19
2.33987	19
2.33989	19
2.33989	19
2.35734	19
2.35734	19
2.35734	19
2.35921	19
2.35926	19
2.35927	19
2.35937	19
2.36536	19
2.36537	19
2.3656	19
2.38191	19
2.38191	19
2.38191	19
2.38192	19
2.39578	19
2.39578	19
2.39593	19
2.39593	19
2.39603	19
2.39777	19
2.39779	19
2.39781	19
2.40834	19
2.40836	19
2.40838	19
2.43126	19
2.43134	19
2.43134	19
2.43135	19
2.4314	19
2.44548	19
2.44548	19
2.44548	19
2.4455	19
2.44671	19
2.44671	19
2.44671	19
2.45188	19
2.45188	19
2.45188	19
2.45287	19
2.45287	19
2.45289	19
2.4631	19
2.4695	19
2.46954	19
2.46958	19
2.46959	19
2.47704	19
2.47707	19
2.47712	19
2.47712	19
2.48858	19
2.48863	19
2.48865	19
2.49636	19
2.49637	19
2.49641	19
2.49846	19
2.50155	19
2.50161	19
2.50162	19
2.50179	19
2.51402	19
2.51403	19
2.51403	19
2.51435	19
2.51436	19
2.51446	19
2.51546	19
2.51547	19
2.51547	19
2.51683	19
2.51683	19
2.51687	19
2.51689	19
2.52123	19
2.52696	19
2.52701	19
2.52704	19
2.52705	19
2.54691	19
2.54693	19
2.54694	19
2.54712	19
2.54838	19
2.5484	19
2.5484	19
2.55796	19
2.55796	19
2.55812	19
2.55954	19
2.55959	19
2.5596	19
2.56133	19
2.56133	19
2.56134	19
2.56134	19
2.57702	19
2.57702	19
2.57704	19
2.57704	19
2.57764	19
2.58817	19
2.58821	19
2.58823	19
2.58834	19
2.61365	19
2.61812	19
2.61812	19
2.61816	19
2.62214	19
2.62214	19
2.62214	19
2.62215	19
2.62218	19
2.62218	19
2.63242	19
2.63245	19
2.63245	19
2.63309	19
2.63309	19
2.6331	19
2.6331	19
2.64646	19
2.64658	19
2.64679	19
2.6555	19
2.6555	19
2.65553	19
2.65553	19
2.66684	19
2.66684	19
2.66689	19
2.66689	19
2.67442	19
2.67452	19
2.67452	19
2.67758	19
2.67759	19
2.6776	19
2.67925	19
2.67925	19
2.67926	19
2.70643	19
2.70643	19
2.70644	19
2.70644	19
2.71895	19
2.71895	19
2.71895	19
2.71947	19
2.71948	19
2.71948	19
2.72261	19
2.72263	19
2.72264	19
2.72264	19
2.73232	19
2.73232	19
2.7324	19
2.7324	19
2.73911	19
2.74874	19
2.74877	19
2.74896	19
2.74897	19
2.77856	19
2.77856	19
2.7786	19
2.7786	19
2.79155	19
2.79162	19
2.79162	19
2.80667	19
2.80667	19
2.80667	19
2.80671	19
2.80671	19
2.80707	19
2.80707	19
2.80707	19
2.80789	19
2.80797	19
2.80797	19
2.80994	19
2.81006	19
2.81006	19
2.81275	19
2.81275	19
2.81284	19
2.81284	19
2.8147	19
2.81724	19
2.81733	19
2.81741	19
2.81741	19
2.82055	19
2.82073	19
2.82073	19
2.82192	19
2.82192	19
2.82195	19
2.82195	19
2.83025	19
2.83025	19
2.83028	19
2.83028	19
2.83151	19
2.83157	19
2.83157	19
2.83226	19
2.83232	19
2.83232	19
2.83294	19
2.83298	19
2.83298	19
2.83552	19
2.83576	19
2.83576	19
2.83608	19
2.83609	19
2.83609	19
2.84027	19
2.84032	19
2.84034	19
2.84034	19
2.84299	19
2.84302	19
2.84302	19
2.84636	19
2.84642	19
2.84642	19
2.84906	19
2.87928	19
2.87952	19
2.87952	19
2.88263	19
2.88263	19
2.88799	19
2.88799	19
2.88799	19
2.88801	19
2.88803	19
2.88803	19
2.89358	19
2.8936	19
2.8936	19
2.89884	19
2.89885	19
2.89886	19
2.90242	19
2.90243	19
2.90243	19
2.90902	19
2.90914	19
2.90914	19
2.92025	19
2.92025	19
2.92028	19
2.92028	19
2.9385	19
2.95876	19
2.9588	19
2.96829	19
2.9683	19
2.9683	19
2.96831	19
2.96831	19
2.97487	19
2.97488	19
2.97489	19
2.97489	19
2.98734	19
3.56177	19
3.56179	19
3.56278	19
3.56406	19
3.56406	19
3.56409	19
3.56807	19
3.56808	19
3.5681	19
3.56926	19
3.56926	19
3.57494	19
3.57503	19
3.57503	19
3.58048	19
3.5805	19
3.5805	19
3.58083	19
3.58099	19
3.58099	19
3.58273	19
3.58279	19
3.58279	19
3.58452	19
3.58452	19
3.58473	19
3.58473	19
3.58796	19
3.5925	19
3.5925	19
3.59251	19
3.59251	19
3.59596	19
3.59752	19
3.59753	19
3.59756	19
3.59756	19
3.60671	19
3.60673	19
3.60678	19
3.60678	19
3.60846	19
3.60847	19
3.60852	19
3.60853	19
3.61211	19
3.61213	19
3.61213	19
3.61248	19
3.61711	19
3.61727	19
3.61729	19
3.61742	19
3.62012	19
3.62012	19
3.62023	19
3.62026	19
3.62026	19
3.62175	19
3.62185	19
3.62185	19
3.62948	19
3.62949	19
3.62949	19
3.63212	19
3.63222	19
3.63222	19
3.63512	19
3.63524	19
3.63524	19
3.63524	19
3.63732	19
3.63742	19
3.63743	19
3.64681	19
3.64688	19
3.64688	19
3.65699	19
3.65699	19
3.65709	19
3.6571	19
3.66861	19
3.66861	19
3.66862	19
3.6714	19
3.67144	19
3.67145	19
3.67479	19
3.67479	19
3.67479	19
3.67638	19
3.67649	19
3.67649	19
3.68311	19
3.68318	19
3.68318	19
3.68583	19
3.68584	19
3.68584	19
3.69117	19
3.69135	19
3.69135	19
3.69996	19
3.69996	19
3.69996	19
3.69996	19
3.70023	19
3.70031	19
3.70031	19
3.7089	19
3.72123	19
3.72123	19
3.72129	19
3.7213	19
3.73154	19
3.73154	19
3.73167	19
3.73167	19
3.73331	19
3.73335	19
3.73336	19
3.73665	19
3.73669	19
3.73678	19
3.73679	19
3.73933	19
3.74755	19
3.74759	19
3.74766	19
3.74766	19
3.74865	19
3.74865	19
3.74865	19
3.7492	19
3.74922	19
3.74922	19
3.76543	19
3.76543	19
3.76543	19
3.76557	19
3.76557	19
3.7692	19
3.76925	19
3.76926	19
3.77731	19
3.77731	19
3.77731	19
3.77761	19
3.77774	19
3.77774	19
3.78113	19
3.78116	19
3.78116	19
3.79057	19
3.79058	19
3.79058	19
3.798	19
3.79801	19
3.79801	19
3.81198	19
3.81203	19
3.81203	19
3.82221	19
3.82227	19
3.82227	19
3.82782	19
3.82783	19
3.82785	19
3.82785	19
3.83951	19
3.83952	19
3.83952	19
3.84137	19
3.84139	19
3.8414	19
3.84189	19
3.86208	19
3.86209	19
3.86744	19
3.86744	19
3.86746	19
3.86746	19
3.86748	19
3.86748	19
3.86809	19
3.8681	19
3.8681	19
3.87669	19
3.87685	19
3.87686	19
3.87686	19
3.89791	19
3.90351	19
3.90352	19
3.90352	19
3.90353	19
3.90353	19
3.90353	19
3.90354	19
3.91363	19
3.91366	19
3.91366	19
3.93187	19
3.93187	19
3.93187	19
3.93188	19
3.94887	19
3.94887	19
3.94888	19
3.95022	19
3.95024	19
3.95024	19
3.96038	19
3.96038	19
3.96039	19
3.96039	19
3.96534	19
3.96536	19
3.96537	19
3.97664	19
3.97664	19
3.97671	19
3.97671	19
3.98084	19
3.98086	19
3.98091	19
3.98091	19
3.98141	19
3.98143	19
3.98432	19
3.98433	19
3.98441	19
3.98824	19
3.98824	19
3.99026	19
3.99026	19
3.99028	19
3.99028	19
3.99251	19
3.9926	19
3.99261	19
3.99487	19
3.99503	19
3.99503	19
3.99574	19
3.99579	19
3.99579	19
4.00055	19
4.00059	19
4.00059	19
4.02445	19
4.02445	19
4.02451	19
4.02451	19
4.03079	19
4.05075	19
4.05077	19
4.05078	19
4.05079	19
4.05762	19
4.05771	19
4.05771	19
4.07377	19
4.07377	19
4.07397	19
4.07397	19
4.09974	19
4.09974	19
4.09974	19
4.09977	19
4.09978	19
4.10409	19
4.1042	19
4.1042	19
4.12283	19
4.12295	19
4.12295	19
4.12781	19
4.12787	19
4.12787	19
4.13291	19
4.13297	19
4.13297	19
4.14882	19
4.14883	19
4.14885	19
4.14889	19
4.14889	19
4.16902	19
4.17294	19
4.17315	19
4.18164	19
4.18165	19
4.18165	19
4.1817	19
4.1817	19
4.1973	19
4.19732	19
4.19733	19
4.21428	19
4.22953	19
4.22954	19
4.22954	19
4.23413	19
4.23413	19
4.23519	19
4.2353	19
4.2353	19
4.23909	19
4.23916	19
4.23917	19
4.23917	19
4.23999	19
4.24	19
4.24	19
4.24362	19
4.24364	19
4.24364	19
4.24508	19
4.24511	19
4.24511	19
4.25255	19
4.25261	19
4.25261	19
4.25924	19
4.28636	19
4.28637	19
4.28639	19
4.28642	19
4.28643	19
4.29195	19
4.29208	19
4.29208	19
4.30842	19
4.30871	19
4.30871	19
4.31093	19
4.31099	19
4.311	19
4.311	19
4.32548	19
4.32551	19
4.32553	19
4.32778	19
4.32791	19
4.32791	19
4.3402	19
4.34024	19
4.34026	19
4.34026	19
4.34149	19
4.34176	19
4.34177	19
4.35019	19
4.35021	19
4.3503	19
4.3503	19
4.35737	19
4.35739	19
4.35739	19
4.36385	19
4.36397	19
4.36398	19
4.36775	19
4.36782	19
4.36784	19
4.36785	19
4.36977	19
4.36978	19
4.36979	19
4.42802	19
4.42802	19
4.42811	19
4.42811	19
4.43783	19
4.43789	19
4.43789	19
4.45026	19
4.45027	19
4.45028	19
4.45713	19
4.45719	19
4.45719	19
4.45859	19
4.45862	19
4.45863	19
4.50467	19
4.50468	19
4.50469	19
4.5047	19
4.51015	19
4.51023	19
4.51023	19
4.51074	19
4.51078	19
4.51084	19
4.51085	19
4.51638	19
4.51641	19
4.51641	19
4.5224	19
4.52243	19
4.52244	19
4.53726	19
4.53729	19
4.5373	19
4.54157	19
4.54159	19
4.54159	19
4.56007	19
4.5601	19
4.56011	19
4.56014	19
4.56014	19
4.56706	19
4.56706	19
4.56708	19
4.56708	19
4.56817	19
4.56824	19
4.56824	19
4.58679	19
4.58679	19
4.58684	19
4.58685	19
4.59724	19
4.59732	19
4.59732	19
4.60186	19
4.602	19
4.60204	19
4.60204	19
4.60385	19
4.60386	19
4.60386	19
4.62563	19
4.62565	19
4.62566	19
4.62566	19
4.62567	19
4.63011	19
4.63015	19
4.63023	19
4.63024	19
4.64091	19
4.64091	19
4.64091	19
4.64092	19
4.64092	19
4.6425	19
4.64253	19
4.64253	19
4.6493	19
4.64934	19
4.64973	19
4.64974	19
4.65146	19
4.65152	19
4.65152	19
4.65242	19
4.65422	19
4.65422	19
4.67439	19
4.67441	19
4.67442	19
4.67443	19
4.67445	19
4.67445	19
4.6775	19
4.67753	19
4.67758	19
4.67769	19
4.67769	19
4.67932	19
4.67936	19
4.67936	19
4.67937	19
4.68352	19
4.68362	19
4.68362	19
4.69872	19
4.73992	19
4.73996	19
4.73997	19
4.73997	19
4.73997	19
4.74017	19
4.7402	19
4.7402	19
4.75151	19
4.75212	19
4.75213	19
4.75747	19
4.75748	19
4.75748	19
4.758	19
4.76933	19
4.76941	19
4.76942	19
4.76942	19
4.76945	19
4.77371	19
4.77583	19
4.78191	19
4.78205	19
4.78205	19
4.78219	19
4.7822	19
4.78335	19
4.78335	19
4.78336	19
4.78336	19
4.78704	19
4.79176	19
4.79569	19
4.7958	19
4.79583	19
4.7996	19
4.7996	19
4.7996	19
4.79974	19
4.79974	19
4.83137	19
4.83409	19
4.83409	19
4.84767	19
4.84767	19
4.8477	19
4.8477	19
4.85977	19
4.86542	19
4.86544	19
4.86547	19
4.8655	19
4.8655	19
4.86969	19
4.86973	19
4.86973	19
4.88893	19
4.88893	19
4.88899	19
4.889	19
4.89049	19
4.92723	19
4.92724	19
4.92725	19
4.92728	19
4.92728	19
4.93908	19
4.93909	19
4.93917	19
4.93917	19
4.95098	19
4.95099	19
4.95099	19
4.95611	19
4.95618	19
4.95618	19
4.95771	19
4.95774	19
4.95775	19
4.95776	19
4.9643	19
4.9643	19
4.96432	19
4.96432	19
4.96719	19
4.9672	19
4.96721	19
4.97459	19
4.97465	19
4.97465	19
4.9786	19
4.97865	19
4.97865	19
4.98058	19
4.98073	19
4.98074	19
4.98668	19
4.98669	19
4.98669	19
4.98862	19
4.99298	19
4.99773	19
4.99776	19
4.99782	19
4.99782	19
4.99783	19
4.99783	19
5.00092	19
5.00093	19
5.00094	19
5.0178	19
5.01781	19
5.01782	19
5.03415	19
5.03416	19
5.03419	19
5.03419	19
5.04915	19
5.04915	19
5.04924	19
5.04924	19
5.05058	19
5.05061	19
5.0507	19
5.05071	19
5.06044	19
5.06054	19
5.06054	19
5.06133	19
5.06788	19
5.06789	19
5.06806	19
5.06807	19
5.07716	19
5.07716	19
5.07717	19
5.07719	19
5.07719	19
5.09415	19
5.09433	19
5.09435	19
5.09435	19
5.0998	19
5.09994	19
5.09995	19
5.09995	19
5.1295	19
5.12958	19
5.12959	19
5.13101	19
5.13103	19
5.13104	19
5.13714	19
5.13714	19
5.13732	19
5.13734	19
5.13735	19
5.13749	19
5.13749	19
5.14066	19
5.14075	19
5.14075	19
5.18479	19
5.18479	19
5.1848	19
5.18481	19
5.19291	19
5.19323	19
5.19324	19
5.19674	19
5.19674	19
5.19674	19
5.19851	19
5.19851	19
5.19856	19
5.19856	19
5.20197	19
5.20205	19
5.20206	19
5.21232	19
5.21236	19
5.21249	19
5.2125	19
5.21649	19
5.21653	19
5.21653	19
5.22856	19
5.22867	19
5.22867	19
5.23034	19
5.23037	19
5.23041	19
5.23041	19
5.23689	19
5.2369	19
5.23691	19
5.24247	19
5.24247	19
5.24255	19
5.24255	19
5.24934	19
5.24941	19
5.24942	19
5.25864	19
5.25864	19
5.25864	19
5.26164	19
5.26164	19
5.26165	19
5.26165	19
5.26535	19
5.26934	19
5.26934	19
5.26935	19
5.26936	19
5.28007	19
5.28359	19
7.45158	19
7.4516	19
7.4516	19
7.45161	19
7.45391	19
7.45407	19
7.45407	19
7.45486	19
7.45486	19
7.45693	19
7.45696	19
7.45698	19
7.45699	19
7.45937	19
7.45939	19
7.45942	19
7.45944	19
7.47227	19
7.47232	19
7.47238	19
7.47238	19
7.47245	19
7.47246	19
7.47246	19
7.48684	19
7.48685	19
7.48685	19
7.49864	19
7.49864	19
7.5028	19
7.50282	19
7.50283	19
7.5029	19
7.50291	19
7.52308	19
7.52308	19
7.52314	19
7.52314	19
7.53633	19
7.53637	19
7.53638	19
7.54991	19
7.5594	19
7.55942	19
7.55947	19
7.56188	19
7.56193	19
7.56193	19
7.56196	19
7.56197	19
7.57242	19
7.57244	19
7.5725	19
7.5725	19
7.57667	19
7.57668	19
7.57672	19
7.57675	19
7.58346	19
7.58346	19
7.58349	19
7.58349	19
7.5948	19
7.59483	19
7.59483	19
7.59958	19
7.59963	19
7.59975	19
7.59975	19
7.60225	19
7.60232	19
7.60234	19
7.60409	19
7.6041	19
7.60418	19
7.60418	19
7.60463	19
7.60465	19
7.60466	19
7.60915	19
7.60925	19
7.60934	19
7.60934	19
7.61808	19
7.61809	19
7.61809	19
7.63058	19
7.63061	19
7.63062	19
7.63598	19
7.63618	19
7.63618	19
7.65463	19
7.6548	19
7.65481	19
7.66679	19
7.66679	19
7.66679	19
7.6668	19
7.68557	19
7.68557	19
7.68557	19
7.68558	19
7.6856	19
7.70356	19
7.70357	19
7.70361	19
7.70361	19
7.71389	19
7.71389	19
7.71393	19
7.71394	19
7.72885	19
7.72888	19
7.72888	19
7.73114	19
7.73115	19
7.7313	19
7.73132	19
7.73239	19
7.73244	19
7.73245	19
7.73923	19
7.73963	19
7.73965	19
7.74876	19
7.74876	19
7.74878	19
7.74878	19
7.75193	19
7.75999	19
7.76002	19
7.76005	19
7.76984	19
7.76986	19
7.76986	19
7.76993	19
7.76994	19
7.77968	19
7.77973	19
7.77973	19
7.78246	19
7.78247	19
7.78248	19
7.78684	19
7.78685	19
7.787	19
7.787	19
7.82342	19
7.82342	19
7.82352	19
7.82356	19
7.8316	19
7.83172	19
7.8318	19
7.8318	19
7.889	19
7.88901	19
7.88901	19
7.88904	19
7.88904	19
7.891	19
7.89101	19
7.89101	19
7.89107	19
7.89108	19
7.89833	19
7.8984	19
7.89841	19
7.9015	19
7.90174	19
7.90175	19
7.90861	19
7.91508	19
7.91509	19
7.91515	19
7.91515	19
7.92221	19
7.92221	19
7.92221	19
7.93759	19
7.93759	19
7.9376	19
7.94011	19
7.94361	19
7.94361	19
7.94362	19
7.98175	19
7.98175	19
7.98175	19
7.9818	19
7.98181	19
7.99501	19
7.99501	19
7.99501	19
7.99502	19
7.99601	19
7.99607	19
7.99607	19
8.00007	19
8.00734	19
8.00734	19
8.03074	19
8.03077	19
8.03077	19
8.09492	19
8.09496	19
8.09497	19
8.09498	19
8.09498	19
8.09866	19
8.09877	19
8.09878	19
8.10001	19
8.13547	19
8.13548	19
8.13548	19
8.13551	19
8.13551	19
8.13632	19
8.1364	19
8.13641	19
8.14888	19
8.1489	19
8.14891	19
8.14893	19
8.1552	19
8.1552	19
8.1552	19
8.15822	19
8.15822	19
8.15823	19
8.1583	19
8.15831	19
8.16574	19
8.16575	19
8.16577	19
8.17534	19
8.17534	19
8.17537	19
8.17538	19
8.18227	19
8.18231	19
8.18231	19
8.18581	19
8.18793	19
8.1907	19
8.19073	19
8.19073	19
8.20178	19
8.20181	19
8.20182	19
8.20182	19
8.20183	19
8.20621	19
8.20623	19
8.20624	19
8.2193	19
8.21931	19
8.21931	19
8.22088	19
8.22094	19
8.22096	19
8.23067	19
8.23067	19
8.23082	19
8.23082	19
8.23408	19
8.25647	19
8.25647	19
8.28813	19
8.28813	19
8.28813	19
8.28822	19
8.28822	19
8.28841	19
8.28842	19
8.28843	19
8.28947	19
8.28951	19
8.28952	19
8.28954	19
8.29503	19
8.29512	19
8.29512	19
8.32106	19
8.32107	19
8.32107	19
8.32335	19
8.34065	19
8.34065	19
8.34066	19
8.34067	19
8.34067	19
8.36588	19
8.36589	19
8.3659	19
8.36592	19
8.37656	19
8.37659	19
8.37679	19
8.3768	19
8.38284	19
8.38285	19
8.38291	19
8.38291	19
8.39295	19
8.39303	19
8.39303	19
8.39353	19
8.39586	19
8.39587	19
8.42606	19
8.42608	19
8.42608	19
8.42617	19
8.42618	19
8.43146	19
8.43365	19
8.43367	19
8.44862	19
8.44864	19
8.44865	19
8.44869	19
8.44869	19
8.46408	19
8.49151	19
8.49151	19
8.49151	19
8.49156	19
8.49158	19
8.49807	19
8.49809	19
8.4981	19
8.49812	19
8.50467	19
8.50473	19
8.50477	19
8.50478	19
8.50625	19
8.50627	19
8.50627	19
8.51002	19
8.51006	19
8.51006	19
8.53626	19
8.53627	19
8.53628	19
8.53629	19
8.53638	19
8.53641	19
8.53648	19
8.53649	19
8.53774	19
8.53788	19
8.53789	19
8.54294	19
8.54294	19
8.54311	19
8.54311	19
8.55008	19
8.55011	19
8.55011	19
8.55015	19
8.55015	19
8.5667	19
8.56678	19
8.56678	19
8.56822	19
8.5683	19
8.57027	19
8.57028	19
8.57053	19
8.57059	19
8.5706	19
8.57267	19
8.58773	19
8.59801	19
8.59801	19
8.59803	19
8.59803	19
8.59804	19
8.59805	19
8.60802	19
8.60808	19
8.6081	19
8.60878	19
8.60879	19
8.60879	19
8.61568	19
8.62057	19
8.62058	19
8.62064	19
8.62064	19
8.62217	19
8.62221	19
8.62222	19
8.62685	19
8.62688	19
8.62688	19
8.62692	19
8.62695	19
8.62695	19
8.63007	19
8.63008	19
8.63014	19
8.63014	19
8.63283	19
8.63285	19
8.63286	19
8.63628	19
8.63634	19
8.63635	19
8.63809	19
8.63818	19
8.63818	19
8.64247	19
8.64364	19
8.64365	19
8.64367	19
8.66327	19
8.66329	19
8.66329	19
8.66334	19
8.66334	19
8.67099	19
8.67101	19
8.67104	19
8.67503	19
8.67505	19
8.67505	19
8.67961	19
8.67966	19
8.67966	19
8.68586	19
8.6859	19
8.6859	19
8.70228	19
8.70247	19
8.70251	19
8.71237	19
8.72109	19
8.72109	19
8.72109	19
8.72117	19
8.72118	19
8.72128	19
8.73071	19
8.73072	19
8.73083	19
8.73084	19
8.73608	19
8.73937	19
8.73938	19
8.73942	19
8.73942	19
8.74014	19
8.74014	19
8.74015	19
8.74015	19
8.74254	19
8.74748	19
8.74751	19
8.74752	19
8.74753	19
8.75071	19
8.75079	19
8.7508	19
8.77495	19
8.77496	19
8.7751	19
8.77511	19
8.78139	19
8.78147	19
8.78149	19
8.78333	19
8.78336	19
8.78337	19
8.79848	19
8.79865	19
8.79867	19
8.80146	19
8.80146	19
8.80148	19
8.80598	19
8.80605	19
8.80605	19
8.81752	19
8.81752	19
8.81765	19
8.81766	19
8.82153	19
8.82164	19
8.82169	19
8.8217	19
8.82361	19
8.8237	19
8.82372	19
8.82864	19
8.84339	19
8.84341	19
8.84341	19
8.84355	19
8.84355	19
8.85619	19
8.89729	19
8.89731	19
8.89732	19
8.89786	19
8.89788	19
8.90846	19
8.9124	19
8.91241	19
8.91243	19
8.9159	19
8.91596	19
8.91598	19
8.91598	19
8.91599	19
8.92006	19
8.92016	19
8.92018	19
8.95908	19
8.95908	19
8.95912	19
8.95914	19
8.96455	19
8.96462	19
8.96464	19
8.96534	19
8.9702	19
8.97023	19
8.97959	19
8.9796	19
8.97961	19
8.97964	19
8.97966	19
8.9817	19
8.98171	19
8.98178	19
8.98357	19
8.98372	19
8.98373	19
8.98935	19
8.98944	19
8.98944	19
8.99346	19
8.99358	19
8.99359	19
8.99838	19
8.9984	19
8.99844	19
8.99845	19
9.01763	19
9.01765	19
9.01768	19
9.01769	19
9.01922	19
9.01929	19
9.01933	19
9.02694	19
9.02696	19
9.02697	19
9.03504	19
9.04461	19
9.04466	19
9.04466	19
9.04467	19
9.08274	19
9.08274	19
9.08275	19
9.08275	19
9.08277	19
9.09531	19
9.09543	19
9.09544	19
9.1013	19
9.10131	19
9.10147	19
9.10155	19
9.1053	19
9.1053	19
9.10531	19
9.11166	19
9.13572	19
9.13578	19
9.13579	19
9.13579	19
9.13583	19
9.1401	19
9.1401	19
9.14013	19
9.14013	19
9.14099	19
9.14103	19
9.14108	19
9.14108	19
9.14985	19
9.14987	19
9.14988	19
9.15184	19
9.15185	19
9.15186	19
9.15186	19
9.15578	19
9.15588	19
9.15588	19
9.1592	19
9.15924	19
9.15924	19
9.16365	19
9.16373	19
9.16374	19
9.16984	19
9.16988	19
9.16996	19
9.17153	19
9.17159	19
9.1716	19
9.17211	19
9.17212	19
9.17218	19
9.17218	19
9.18392	19
9.18393	19
9.18396	19
9.19034	19
9.19036	19
9.19048	19
9.19048	19
9.19099	19
9.19121	19
9.19127	19
9.19179	19
9.19181	19
9.19182	19
9.19936	19
9.19939	19
9.19944	19
9.20385	19
9.2039	19
9.20391	19
9.20392	19
9.21178	19
9.22749	19
9.2275	19
9.2275	19
9.22756	19
9.22759	19
9.23598	19
9.23671	19
9.23676	19
9.23913	19
9.23913	19
9.23913	19
9.23915	19
9.23921	19
9.24421	19
9.24422	19
9.24424	19
9.24746	19
9.24747	19
9.24757	19
9.2476	19
9.25027	19
9.25027	19
9.25032	19
9.25033	19
9.26075	19
9.27248	19
9.27251	19
9.27252	19
9.27252	19
9.27252	19
9.27255	19
9.27666	19
9.27671	19
9.27681	19
9.27681	19
9.28028	19
9.28028	19
9.28031	19
9.29025	19
9.29025	19
9.29027	19
9.29173	19
9.29175	19
9.29176	19
9.30495	19
9.31813	19
9.31814	19
9.31816	19
9.31817	19
9.31827	19
9.34011	19
9.34013	19
9.34013	19
9.34252	19
9.35263	19
9.3527	19
9.35273	19
9.35276	19
9.35278	19
9.35324	19
9.35326	19
9.35335	19
9.36207	19
9.37457	19
9.37468	19
9.37505	19
9.37508	19
9.37509	19
9.37511	19
9.37513	19
9.37757	19
9.37758	19
9.37767	19
9.37768	19
9.3802	19
9.38027	19
9.38032	19
9.38034	19
9.3839	19
9.38394	19
9.384	19
9.38401	19
9.39163	19
9.39164	19
9.39167	19
9.39627	19
9.39632	19
9.39638	19
9.40548	19
9.40549	19
9.4055	19
9.40555	19
9.40558	19
9.40854	19
9.40862	19
9.40865	19
9.40867	19
9.4099	19
9.42077	19
9.42081	19
9.42083	19
9.42084	19
9.42196	19
9.42198	19
9.42199	19
9.42201	19
9.42294	19
9.423	19
9.4232	19
9.42468	19
9.42469	19
9.4247	19
9.42472	19
9.43011	19
9.43016	19
9.43017	19
9.44179	19
9.44469	19
9.44474	19
9.44475	19
9.44475	19
9.45206	19
9.45563	19
9.4557	19
9.45572	19
9.45576	19
9.46428	19
9.46428	19
9.46428	19
9.46443	19
9.46448	19
9.49229	19
9.49597	19
9.49598	19
9.49599	19
9.496	19
9.4961	19
9.50644	19
9.50792	19
9.50812	19
9.51411	19
9.51411	19
9.51417	19
9.51426	19
9.51433	19
9.51437	19
9.51443	19
9.51444	19
9.52104	19
9.52105	19
9.52114	19
9.52167	19
9.52167	19
9.52169	19
9.52572	19
9.52572	19
9.52584	19
9.55119	19
9.55122	19
9.55128	19
9.55549	19
9.55549	19
9.55555	19
9.5556	19
9.56302	19
9.58064	19
9.58065	19
9.58066	19
9.58067	19
9.58072	19
9.58513	19
9.58519	19
9.58527	19
9.58527	19
9.59582	19
9.59592	19
9.59608	19
9.61124	19
9.61124	19
9.61139	19
9.61142	19
9.61482	19
9.61483	19
9.61502	19
9.62279	19
9.62279	19
9.62279	19
9.6228	19
9.63816	19
9.63817	19
9.6382	19
9.64178	19
9.64182	19
9.64202	19
9.65568	19
9.65568	19
9.65574	19
9.65575	19
9.6606	19
9.6606	19
9.66076	19
9.66089	19
9.67507	19
9.68285	19
9.68287	19
9.68288	19
9.68295	19
9.68301	19
9.70213	19
9.70214	19
9.70215	19
9.70219	19
9.71078	19
9.71079	19
9.71083	19
9.71088	19
9.71339	19
9.7134	19
9.71343	19
9.71344	19
9.73528	19
9.73529	19
9.73533	19
9.73751	19
9.76044	19
9.76045	19
9.76045	19
9.76052	19
9.76065	19
9.76229	19
9.76231	19
9.7624	19
9.76243	19
9.77627	19
9.77628	19
9.77629	19
9.77631	19
9.78231	19
9.78242	19
9.78244	19
9.78832	19
9.78834	19
9.78836	19
9.79854	19
9.79862	19
9.79868	19
9.82727	19
9.82727	19
9.82729	19
9.82731	19
9.8374	19
9.84064	19
9.84066	19
9.85084	19
9.85084	19
9.85087	19
9.85088	19
9.85225	19
9.85225	19
9.8523	19
9.85514	19
9.85518	19
9.85561	19
9.86415	19
9.86415	19
9.86423	19
9.86448	19
9.87226	19
9.8723	19
9.87238	19
9.87239	19
9.8809	19
9.88101	19
9.88146	19
9.88602	19
9.89009	19
9.89013	19
9.89014	19
9.8902	19
9.91984	19
9.91984	19
9.91984	19
9.92013	19
9.92175	19
9.92334	19
9.92454	19
9.92456	19
9.92728	19
9.9274	19
9.93212	19
9.93212	19
9.94805	19
9.94805	19
9.94812	19
9.94812	19
9.94816	19
9.94827	19
9.94829	19
9.94831	19
9.94842	19
9.94887	19
9.95271	19
9.95281	19
9.95284	19
9.95968	19
9.95968	19
9.95969	19
9.9597	19
9.96368	19
9.96388	19
9.96397	19
9.98715	19
9.98721	19
9.98728	19
9.98789	19
9.98819	19
9.98845	19
9.9909	19
9.99091	19
9.99109	19
9.9911	19
10.0052	19
10.0053	19
10.0053	19
10.0058	19
10.0144	19
10.0145	19
10.0149	19
10.0163	19
10.0163	19
10.0164	19
10.0166	19
10.0274	19
10.0274	19
10.0274	19
10.0276	19
10.0303	19
10.0303	19
10.0304	19
10.031	19
10.0498	19
10.0498	19
10.0499	19
10.0509	19
10.0669	19
10.0669	19
10.0682	19
10.0693	19
10.0712	19
10.0712	19
10.0712	19
10.0726	19
10.0739	19
10.0739	19
10.0751	19
10.0907	19
10.0964	19
10.0964	19
10.0964	19
10.1026	19
10.1026	19
10.1026	19
10.1026	19
10.1033	19
10.1033	19
10.1033	19
10.1211	19
10.1211	19
10.1211	19
10.1226	19
10.1397	19
10.1397	19
10.1398	19
10.1398	19
10.1428	19
10.1428	19
10.1428	19
10.1436	19
10.1437	19
10.1437	19
10.1437	19
10.1671	19
10.1671	19
10.1729	19
10.1729	19
10.1729	19
10.1729	19
10.2641	19
10.2641	19
10.2647	19
10.2703	19
10.2703	19
10.2704	19
10.3061	19
10.3061	19
10.3061	19
10.307	19
10.307	19
10.3071	19
10.3077	19
10.3094	19
10.3095	19
10.3095	19
10.3095	19
10.3096	19
10.3394	19
10.3394	19
10.3394	19
10.3461	19
10.3537	19
10.3537	19
10.3537	19
10.3537	19
10.403	19
10.403	19
10.4031	19
10.4079	19
10.408	19
10.408	19
10.408	19
10.4143	19
10.4144	19
10.4144	19
10.4145	19
10.4262	19
10.4262	19
10.4263	19
10.4434	19
10.4434	19
10.4434	19
10.4672	19
10.4695	19
10.4695	19
10.4695	19
10.4698	19
10.5581	19
10.5581	19
10.559	19
10.5861	19
10.5861	19
10.5861	19
10.6179	19
10.6179	19
10.6179	19
10.6347	19
10.6347	19
10.6347	19
10.6356	19
10.6356	19
10.6356	19
10.6449	19
10.6449	19
10.6449	19
10.6553	19
10.6553	19
10.6553	19
10.6626	19
10.6626	19
10.6626	19
10.6626	19
10.6828	19
10.6828	19
10.6828	19
10.6829	19
10.6948	19
10.6948	19
10.6948	19
10.7249	19
10.7249	19
10.7249	19
10.7249	19
10.7458	19
10.7458	19
10.7459	19
10.7459	19
10.7459	19
10.7678	19
10.7679	19
10.7679	19
10.7744	19
10.7745	19
10.7746	19
10.9389	19
10.9389	19
10.9398	19
10.9764	19
10.9764	19
10.9765	19
11.0352	19
11.0352	19
11.0353	19
11.0734	19
11.0735	19
11.0735	19
11.0906	19
11.0906	19
11.0907	19
11.1024	19
11.1024	19
11.1024	19
11.1186	19
11.1186	19
11.1186	19
11.6437	19
11.6437	19
11.6442	19
11.6629	19
11.6629	19
11.6629	19
11.7016	19
11.7016	19
11.7017	19
11.7017	19
11.7089	19
11.7089	19
11.7091	19
11.7166	19
11.7528	19
11.7528	19
11.7528	19
11.7528	19
11.7529	19
11.7529	19
11.7737	19
11.7737	19
11.7737	19
11.7737	19
11.7958	19
11.7958	19
11.7958	19
11.7994	19
11.7994	19
11.7994	19
11.8014	19
11.8014	19
11.8014	19
11.864	19
11.864	19
11.864	19
11.883	19
11.883	19
11.8831	19
11.9108	19
11.9108	19
11.9108	19
12.5556	19
12.5556	19
12.5577	19
12.5578	19
12.5618	19
12.5618	19
12.5618	19
12.5618	19
12.5734	19
12.5734	19
12.5735	19
12.606	19
12.606	19
12.6062	19
12.6364	19
12.6365	19
12.6365	19
12.6365	19
12.643	19
12.6431	19
12.6432	19
12.6656	19
12.6656	19
12.6656	19
12.6831	19
12.6831	19
12.6831	19
12.6831	19
12.6909	19
12.6909	19
12.691	19
12.6934	19
12.6934	19
12.6934	19
12.6934	19
12.706	19
12.7061	19
12.7061	19
12.7152	19
12.7152	19
12.7153	19
12.7677	19
12.7677	19
12.7677	19
12.7678	19
12.7733	19
12.7733	19
12.7733	19
12.7734	19
12.7843	19
12.7844	19
12.7844	19
12.7844	19
12.792	19
12.792	19
12.792	19
13.0117	19
13.0117	19
13.0152	19
13.0182	19
13.0182	19
13.0182	19
14.1329	19
14.133	19
14.1355	19
14.1501	19
14.1501	19
14.1501	19
14.1693	19
14.1693	19
14.1693	19
14.1702	19
14.1702	19
14.1702	19
14.1841	19
14.1841	19
14.1842	19
14.1843	19
14.2317	19
14.2317	19
14.2317	19
14.2317	19
14.2402	19
14.2402	19
14.2402	19
14.2402	19
14.2899	19
14.2899	19
14.2899	19
14.3887	19
14.3888	19
14.3888	19
14.3888	19
14.8933	19
14.8941	19
14.8942	19
14.8944	19
14.8948	19
14.9242	19
14.9242	19
14.9242	19
14.9247	19
14.9248	19
14.9249	19
14.9679	19
14.9679	19
14.9679	19
14.968	19
14.9742	19
14.9742	19
14.9742	19
14.9825	19
14.9825	19
14.9825	19
14.9825	19
14.9893	19
14.9893	19
14.9893	19
14.9893	19
14.992	19
14.992	19
14.9956	19
15.0193	19
15.0193	19
15.0193	19
15.0503	19
15.0504	19
15.0504	19
15.0611	19
15.0611	19
15.0612	19
15.0614	19
15.0645	19
15.0813	19
15.0813	19
15.0813	19
15.1163	19
15.1164	19
15.1164	19
15.1164	19
15.1165	19
15.1334	19
15.1335	19
15.1335	19
15.1336	19
16.1977	19
16.1977	19
16.1984	19
16.2007	19
16.2127	19
16.2128	19
16.2128	19
16.2128	19
16.2128	19
16.2129	19
16.2129	19
16.2129	19
16.2173	19
16.2173	19
16.5566	19
16.5567	19
16.5567	19
16.5584	19
16.6063	19
16.6063	19
16.6063	19
16.7624	19
16.7624	19
16.7625	19
16.7631	19
16.7631	19
16.7631	19
16.8417	19
16.8418	19
16.8418	19
16.8418	19
16.8613	19
16.8613	19
16.8613	19
16.8613	19
16.875	19
16.8802	19
16.8802	19
16.8802	19
16.8802	19
16.8866	19
16.8866	19
16.8866	19
16.895	19
16.895	19
16.895	19
16.8989	19
16.8989	19
16.8989	19
16.899	19
16.9097	19
16.9097	19
16.9099	19
16.9153	19
16.9153	19
16.918	19
16.9278	19
16.9348	19
16.9348	19
16.9349	19
16.9349	19
17.5134	19
17.5134	19
17.5165	19
17.5315	19
17.5315	19
17.5316	19
17.5318	19
17.5318	19
17.5318	19
17.5319	19
17.5409	19
17.541	19
17.541	19
17.5411	19
17.5439	19
17.5439	19
17.5439	19
17.544	19
17.5704	19
17.5704	19
17.5704	19
17.5757	19
17.5757	19
17.5757	19
17.5757	19
17.5843	19
17.5868	19
17.5869	19
17.5869	19
17.5869	19
17.5887	19
17.5888	19
17.5889	19
17.5889	19
17.6032	19
17.6032	19
17.6032	19
17.6558	19
17.6558	19
17.6559	19
17.6559	19
17.662	19
17.662	19
17.662	19
17.6758	19
17.6792	19
17.6793	19
17.6793	19
17.6793	19
18.7094	19
18.7107	19
18.7107	19
18.7162	19
18.7207	19
18.7207	19
18.7208	19
18.7253	19
18.7306	19
18.7306	19
18.7306	19
18.7306	19
18.7368	19
18.7369	19
18.7369	19
18.737	19
18.7439	19
18.7439	19
18.7872	19
18.7872	19
18.7872	19
18.7872	19
18.7872	19
18.7953	19
18.7954	19
18.7954	19
18.7973	19
18.7979	19
18.7979	19
18.7979	19
18.798	19
18.798	19
18.798	19
18.8071	19
18.8207	19
18.8207	19
18.8207	19
18.8208	19
18.824	19
18.824	19
18.8241	19
18.8241	19
18.8322	19
18.8323	19
18.8323	19
18.8337	19
18.8337	19
18.8338	19
18.8804	19
18.8804	19
18.8805	19
18.92	19
18.92	19
18.9231	19
18.9287	19
18.9287	19
18.9288	19
18.9604	19
18.9604	19
18.9605	19
18.9606	19
18.9728	19
18.9729	19
18.9729	19
18.9729	19
18.9797	19
18.9798	19
18.9798	19
18.9827	19
18.9827	19
18.9827	19
18.9882	19
18.9882	19
18.9882	19
18.9882	19
18.9972	19
18.9972	19
18.9972	19
18.9972	19
19.0139	19
19.0139	19
19.014	19
19.0556	19
19.0556	19
19.0556	19
19.0559	19
19.0559	19
19.0559	19
19.0613	19
19.0613	19
19.0614	19
19.0614	19
19.0615	19
19.0897	19
19.0897	19
19.0897	19
19.0897	19
19.0922	19
19.0922	19
19.0922	19
19.0923	19
19.1136	19
19.1137	19
19.1137	19
19.1137	19
19.125	19
19.125	19
19.125	19
19.1288	19
19.1288	19
19.1289	19
19.1346	19
19.1346	19
19.1347	19
19.1347	19
19.1806	19
19.1806	19
19.1806	19
19.1885	19
19.1886	19
19.1886	19
19.1886	19
19.2145	19
19.2145	19
19.2145	19
19.2145	19
19.2623	19
19.2623	19
19.2711	19
19.2711	19
19.2711	19
19.2711	19
19.2711	19
19.3545	19
19.3546	19
19.3546	19
19.361	19
19.383	19
19.3831	19
19.3831	19
19.3832	19
19.3902	19
19.3902	19
19.3904	19
19.3944	19
19.4142	19
19.4168	19
19.4168	19
19.4298	19
19.4298	19
19.4298	19
19.4298	19
19.4298	19
19.4307	19
19.4308	19
19.4308	19
19.4308	19
19.4351	19
19.4351	19
19.4351	19
19.4478	19
19.4479	19
19.4479	19
19.4539	19
19.454	19
19.4541	19
19.4541	19
19.4707	19
19.4708	19
19.4708	19
19.4708	19
19.4735	19
19.4735	19
19.4735	19
19.4737	19
19.4971	19
19.4971	19
19.4971	19
20.3684	19
20.3684	19
20.371	19
20.6776	19
20.6776	19
20.6814	19
20.6814	19
20.6924	19
20.6925	19
20.6925	19
20.6925	19
20.6932	19
20.6932	19
20.6932	19
20.8768	19
20.8768	19
20.8805	19
20.9123	19
20.9123	19
20.9123	19
21.0551	19
21.0554	19
21.0554	19
21.0575	19
21.065	19
21.065	19
21.0651	19
21.0651	19
21.673	19
21.6731	19
21.6752	19
21.7346	19
21.7346	19
21.7346	19
21.7346	19
21.7497	19
21.7497	19
21.756	19
21.7563	19
21.7563	19
21.7564	19
21.8134	19
21.8135	19
21.8135	19
21.825	19
21.8251	19
21.8253	19
21.8282	19
21.8282	19
21.8282	19
21.8283	19
21.8345	19
21.8346	19
21.8346	19
21.8359	19
21.836	19
21.841	19
21.8497	19
21.8573	19
21.8573	19
21.8574	19
21.8574	19
21.8598	19
21.8599	19
21.8599	19
21.86	19
21.8604	19
21.8604	19
21.8604	19
21.8604	19
21.8653	19
21.8653	19
21.8654	19
21.8654	19
21.9107	19
21.9107	19
21.9107	19
21.9197	19
21.9197	19
21.9197	19
21.9443	19
21.9443	19
21.954	19
22.0402	19
22.0402	19
22.0402	19
22.0509	19
22.0509	19
22.051	19
22.0589	19
22.0589	19
22.0589	19
22.0623	19
22.0623	19
22.0623	19
22.0767	19
22.0767	19
22.0767	19
22.0768	19
22.1053	19
22.1053	19
22.1053	19
22.1319	19
22.1319	19
22.1319	19
22.1319	19
22.1659	19
22.1659	19
22.166	19
22.1698	19
22.1699	19
22.1699	19
22.8783	19
22.8783	19
22.879	19
22.9257	19
22.9257	19
22.9258	19
22.9258	19
22.9328	19
22.9329	19
22.9329	19
22.933	19
22.9506	19
22.9506	19
22.9506	19
22.9506	19
22.9611	19
22.9611	19
22.9612	19
22.9824	19
22.9824	19
22.9825	19
22.9842	19
22.9872	19
22.9872	19
22.9872	19
22.9872	19
23.4662	19
23.4663	19
23.4663	19
23.8679	19
23.8691	19
23.8691	19
23.8699	19
23.8743	19
23.8743	19
23.8743	19
23.8743	19
23.9247	19
23.9247	19
23.9247	19
23.9248	19
23.9655	19
23.9655	19
23.9655	19
23.9971	19
24.0008	19
24.0008	19
24.0009	19
24.001	19
24.0081	19
24.0081	19
24.0082	19
24.0083	19
24.0105	19
24.0105	19
24.0106	19
24.019	19
24.0191	19
24.0219	19
24.0753	19
24.0753	19
24.0774	19
24.5751	19
24.579	19
24.579	19
24.5828	19
24.5888	19
24.5889	19
24.5889	19
24.5899	19
24.5899	19
24.59	19
24.59	19
24.6004	19
24.6004	19
24.6004	19
24.6004	19
27.0394	19
27.0394	19
27.0397	19
27.0643	19
27.0643	19
27.0644	19
27.0646	19
27.0646	19
27.0646	19
27.0646	19
27.0701	19
27.0701	19
27.0701	19
27.0738	19
27.0738	19
27.0738	19
27.0738	19
27.0874	19
27.0874	19
27.0875	19
27.1197	19
27.1197	19
27.1198	19
27.1325	19
27.1325	19
27.1325	19
27.1326	19
27.1487	19
27.1487	19
27.1487	19
27.1487	19
27.1559	19
27.1559	19
27.1559	19
27.1559	19
27.1765	19
27.1766	19
27.1766	19
27.1767	19
27.2009	19
27.201	19
27.201	19
27.201	19
27.2113	19
27.2278	19
27.2278	19
27.2278	19
27.2279	19
27.2344	19
27.2344	19
27.2344	19
27.2344	19
27.5693	19
27.5694	19
27.5709	19
27.571	19
27.5711	19
27.5712	19
27.5725	19
27.5728	19
27.578	19
27.578	19
27.578	19
27.5781	19
28.0604	19
28.0604	19
28.0605	19
28.0902	19
28.1787	19
28.1788	19
28.1788	19
28.1788	19
28.2109	19
28.211	19
28.211	19
28.2111	19
28.2435	19
28.2435	19
28.2435	19
28.2435	19
28.7766	19
28.7768	19
28.7768	19
28.7774	19
29.0888	19
29.0888	19
29.0923	19
29.0923	19
29.1104	19
29.1104	19
29.1106	19
29.1123	19
29.1123	19
29.1123	19
29.1124	19
29.1129	19
29.113	19
29.1132	19
29.5852	19
29.5852	19
29.5879	19
30.0445	19
30.0445	19
30.0462	19
31.1729	19
31.173	19
31.1744	19
31.1754	19
31.1754	19
31.1754	19
31.1754	19
31.1942	19
31.1943	19
31.1943	19
31.1943	19
32.1085	19
32.1086	19
32.1149	19
32.115	19
32.115	19
32.1151	19
32.9749	19
32.9773	19
32.978	19
32.978	19
32.9814	19
32.9928	19
32.9928	19
32.9928	19
32.9985	19
33.003	19
33.019	19
33.019	19
33.0293	19
33.0293	19
33.0293	19
33.0293	19
33.0295	19
33.0598	19
33.0598	19
33.0599	19
33.0599	19
33.3665	19
33.3666	19
33.3682	19
33.371	19
33.371	19
33.371	19
33.371	19
33.3816	19
33.3816	19
33.3816	19
33.4026	19
33.4026	19
33.4026	19
33.408	19
33.408	19
33.4082	19
33.4122	19
33.4143	19
33.4144	19
33.4144	19
33.4234	19
33.4235	19
33.4235	19
33.4473	19
33.4474	19
33.4474	19
33.4785	19
33.4785	19
33.4785	19
33.4926	19
33.4926	19
33.4926	19
33.4926	19
33.9936	19
33.9936	19
33.999	19
34.0332	19
34.0333	19
34.0333	19
34.0333	19
34.0428	19
34.0428	19
34.0428	19
34.6555	19
34.6575	19
34.6576	19
34.6578	19
34.6626	19
34.6626	19
34.6626	19
34.6627	19
35.5817	19
35.5817	19
35.5817	19
35.585	19
35.5851	19
35.5852	19
35.6233	19
35.6233	19
35.6234	19
35.6234	19
35.6234	19
35.6234	19
35.6234	19
35.6572	19
35.6572	19
35.6573	19
35.6574	19
35.6721	19
35.6722	19
35.6722	19
35.6725	19
35.6977	19
35.6977	19
35.6977	19
35.6977	19
35.7067	19
35.7067	19
35.7068	19
35.7175	19
35.7176	19
35.7176	19
35.7176	19
35.7308	19
35.7308	19
35.7308	19
35.755	19
35.7551	19
35.7551	19
35.7552	19
36.3333	19
36.3335	19
36.3356	19
36.3767	19
36.3767	19
36.3768	19
36.4046	19
36.4046	19
36.4047	19
36.4047	19
36.4175	19
36.4175	19
36.4175	19
36.4176	19
36.9908	19
36.9909	19
36.9909	19
36.991	19
37.0376	19
37.0377	19
37.0377	19
37.0377	19
37.2846	19
37.2846	19
37.2871	19
37.3172	19
37.3173	19
37.3173	19
37.3174	19
37.323	19
37.3235	19
37.3607	19
37.3607	19
37.3608	19
37.3608	19
37.3608	19
37.3695	19
37.3695	19
37.3695	19
37.3697	19
37.3956	19
37.3957	19
37.3961	19
37.3961	19
37.5816	19
37.5817	19
37.5836	19
37.5945	19
37.5946	19
37.5946	19
37.5946	19
37.6053	19
37.6053	19
37.6053	19
37.6054	19
37.6121	19
37.6121	19
37.6121	19
38.4614	19
38.4616	19
38.4625	19
38.5167	19
38.5167	19
38.5167	19
38.564	19
38.5644	19
38.5742	19
39.1034	19
39.1035	19
39.104	19
39.1143	19
39.1144	19
39.1144	19
39.1145	19
39.1209	19
39.1209	19
39.1209	19
40.3898	19
40.3899	19
40.392	19
40.3992	19
40.4029	19
40.4029	19
40.403	19
40.403	19
40.4253	19
40.4254	19
40.4255	19
40.4255	19
41.3836	19
41.3836	19
41.3838	19
41.3885	19
41.3886	19
41.3886	19
41.4314	19
41.4315	19
41.4316	19
41.4316	19
41.4379	19
41.4379	19
41.438	19
41.438	19
41.7966	19
41.7967	19
41.7981	19
41.7981	19
41.7982	19
41.7983	19
41.7987	19
42.4521	19
42.4522	19
42.4613	19
42.7679	19
42.7688	19
42.7689	19
42.7724	19
43.4954	19
43.4954	19
43.882	19
43.8863	19
43.8863	19
43.8904	19
43.8906	19
43.8919	19
43.8921	19
43.8935	19
43.8935	19
43.8935	19
43.8996	19
44.1356	19
44.1356	19
44.1387	19
44.224	19
44.224	19
44.2241	19
44.2242	19
44.2578	19
44.2579	19
45.0708	19
45.0711	19
45.0711	19
45.0711	19
45.0726	19
45.0727	19
45.0729	19
45.0729	19
45.2118	19
45.2121	19
45.2136	19
45.2301	19
45.2301	19
45.2301	19
45.633	19
45.633	19
45.634	19
45.6413	19
45.6413	19
45.6413	19
45.6535	19
45.6535	19
45.6535	19
45.6535	19
46.098	19
46.0981	19
46.0993	19
46.782	19
46.7824	19
46.7833	19
46.7833	19
46.7834	19
46.7835	19
46.7835	19
47.2816	19
47.2819	19
47.283	19
47.3093	19
47.3094	19
47.3117	19
47.7928	19
47.7929	19
47.7955	19
47.7956	19
47.7956	19
47.7957	19
48.7746	19
48.7755	19
48.7756	19
48.7836	19
48.7837	19
48.7837	19
48.7861	19
48.7909	19
48.826	19
48.8261	19
48.8261	19
48.8262	19
49.5959	19
49.5964	19
49.5999	19
49.6347	19
49.6347	19
49.6347	19
49.6439	19
49.644	19
49.644	19
49.644	19
49.6567	19
49.6567	19
49.6567	19
49.6568	19
49.6619	19
49.662	19
49.662	19
49.6621	19
50.0811	19
50.0812	19
50.0841	19
50.3911	19
50.3911	19
50.3914	19
51.8627	19
51.8631	19
51.8654	19
51.8745	19
51.8902	19
51.8922	19
51.8923	19
51.8984	19
51.8985	19
51.8985	19
51.8986	19
51.8989	19
51.9413	19
51.9416	19
52.2929	19
52.295	19
52.2956	19
52.2956	19
53.2908	19
53.2909	19
53.291	19
53.3337	19
53.3337	19
53.3342	19
53.335	19
53.5684	19
53.5685	19
54.0674	19
54.0676	19
54.0676	19
54.0678	19
54.0768	19
54.0769	19
54.0817	19
54.0817	19
54.0817	19
54.0818	19
54.183	19
54.1837	19
54.19	19
54.5278	19
54.5279	19
54.5285	19
54.5516	19
54.5517	19
54.5517	19
54.5518	19
54.5632	19
54.5673	19
54.5727	19
54.5728	19
54.5728	19
54.5728	19
54.5729	19
54.8338	19
54.8342	19
54.8342	19
56.1898	19
56.19	19
56.1903	19
56.2649	19
56.2653	19
56.2661	19
56.3206	19
56.3207	19
56.3208	19
56.3208	19
56.3325	19
56.3325	19
56.3325	19
56.3326	19
56.3565	19
56.3565	19
56.3565	19
56.3566	19
56.5873	19
56.5875	19
56.5878	19
56.5889	19
57.7519	19
57.7526	19
57.7551	19
59.2304	19
59.2305	19
60.0564	19
60.0571	19
60.0574	19
60.0605	19
60.1221	19
60.1221	19
60.1222	19
60.3964	19
60.3965	19
60.3984	19
61.4312	19
61.4312	19
61.4312	19
61.4316	19
62.6974	19
62.6974	19
62.6983	19
63.7766	19
63.7771	19
63.7786	19
63.7793	19
63.7794	19
63.7794	19
63.7794	19
63.7972	19
63.7972	19
63.7972	19
63.7973	19
63.7976	19
63.7977	19
63.7977	19
63.7978	19
65.3669	19
65.3675	19
65.3676	19
65.4215	19
65.4219	19
65.4219	19
65.4231	19
65.5972	19
65.5973	19
65.6484	19
65.6499	19
65.6499	19
65.652	19
66.1904	19
66.1907	19
66.1908	19
66.1981	19
66.2015	19
66.221	19
66.2211	19
66.2211	19
66.2211	19
66.2212	19
68.1949	19
68.1952	19
68.196	19
68.2313	19
68.2313	19
68.2313	19
68.2313	19
69.749	19
69.7492	19
69.7492	19
69.8191	19
69.8195	19
69.8211	19
69.9047	19
69.9051	19
69.9103	19
70.1841	19
70.1843	19
70.1848	19
70.2294	19
70.2294	19
70.2788	19
70.2789	19
70.2791	19
70.2816	19
71.8537	19
71.8538	19
71.8595	19
71.8595	19
71.9942	19
71.9942	19
71.9942	19
72.1325	19
72.1329	19
72.1365	19
72.1611	19
72.1614	19
73.2064	19
73.2065	19
73.2068	19
73.2072	19
73.2089	19
73.7174	19
73.7176	19
73.7177	19
73.7752	19
73.7759	19
73.7778	19
73.9073	19
73.9074	19
73.9086	19
74.0505	19
74.0511	19
74.0524	19
74.2556	19
74.2557	19
74.2562	19
74.2918	19
74.2922	19
74.5176	19
74.5195	19
74.5199	19
74.5209	19
74.8324	19
74.8325	19
74.8352	19
74.9922	19
74.993	19
74.993	19
74.9977	19
75.0325	19
75.0325	19
75.0326	19
75.0332	19
75.5455	19
75.5459	19
75.5465	19
75.9202	19
75.9205	19
75.9229	19
77.4242	19
77.4243	19
77.4243	19
77.5174	19
77.5182	19
77.519	19
78.5068	19
78.5074	19
78.5075	19
78.5122	19
78.7259	19
78.7262	19
78.7262	19
79.134	19
79.1353	19
79.1367	19
79.7589	19
79.759	19
80.3431	19
80.3436	19
80.3436	19
80.3446	19
81.902	19
81.9023	19
81.9075	19
82.0166	19
82.0171	19
82.0227	19
82.023	19
82.023	19
82.0262	19
82.0262	19
82.9676	19
82.9677	19
82.9683	19
82.9684	19
83.1661	19
83.1663	19
83.1664	19
83.5994	19
83.5995	19
83.5995	19
84.9771	19
84.9773	19
84.9823	19
85.3181	19
85.3183	19
85.3234	19
85.6156	19
85.6157	19
85.6205	19
87.3881	19
87.3883	19
87.3883	19
87.3957	19
87.3957	19
87.3957	19
87.3957	19
87.9459	19
87.9468	19
87.9469	19
88.0078	19
88.0082	19
88.0094	19
88.243	19
88.2432	19
88.2448	19
88.534	19
88.5342	19
88.5343	19
88.865	19
88.8652	19
88.8687	19
89.6376	19
89.6386	19
89.6388	19
89.6441	19
89.8027	19
89.803	19
89.8046	19
89.8642	19
89.8645	19
89.8651	19
89.9578	19
89.9591	19
89.9592	19
89.9595	19
90.269	19
90.2707	19
90.2708	19
90.2708	19
90.4985	19
90.4991	19
90.5014	19
92.3886	19
92.389	19
92.3891	19
93.3134	19
93.3145	19
93.3147	19
93.3153	19
94.0573	19
94.0582	19
94.0586	19
94.0597	19
94.146	19
94.1469	19
94.1495	19
94.6058	19
94.6067	19
94.6067	19
94.8625	19
94.8628	19
94.8655	19
95.031	19
95.0323	19
95.0325	19
95.033	19
95.7541	19
95.7542	19
95.7583	19
96.907	19
96.9073	19
96.9073	19
97.2955	19
97.2956	19
97.2957	19
97.4345	19
97.4352	19
97.4353	19
98.5898	19
98.5903	19
98.5983	19
99.7155	19
99.7164	19
99.7166	19
99.7247	19
99.7255	19
