1.06055e-10	0
3.14399e-10	1
6.92733e-10	2
9.47598e-10	3
9.99485e-10	4
1.49278e-09	5
1.9629e-09	6
2.9157e-09	7
3.19859e-09	8
3.49267e-09	9
4.30561e-09	10
4.37549e-09	11
4.45624e-09	12
5.51847e-09	13
6.0778e-09	14
6.89707e-09	15
7.30045e-09	16
1.29482e-08	17
1.34242e-08	18
2.27162e-08	18
2.67634e-08	18
3.00391e-08	18
3.58711e-08	18
3.64768e-08	18
3.69167e-08	18
3.70622e-08	18
3.86406e-08	18
4.86186e-08	18
5.74926e-08	18
6.49932e-08	18
6.75123e-08	18
8.51654e-08	18
9.04757e-08	18
9.07128e-08	18
1.05848e-07	18
1.20574e-07	18
1.21756e-07	18
1.21989e-07	18
1.24621e-07	18
1.25064e-07	18
1.29264e-07	18
1.37144e-07	19
1.53277e-07	19
1.54854e-07	19
1.74305e-07	19
1.8231e-07	19
1.894e-07	19
1.94336e-07	19
2.20062e-07	19
2.22643e-07	19
2.28804e-07	19
2.34512e-07	19
2.34968e-07	19
2.35873e-07	19
2.39252e-07	19
2.60543e-07	19
2.63307e-07	19
2.82967e-07	19
2.89611e-07	19
2.93758e-07	19
3.02699e-07	19
3.09019e-07	19
3.09813e-07	19
3.12505e-07	19
3.40387e-07	19
3.50933e-07	19
3.64717e-07	19
3.6555e-07	19
3.66522e-07	19
3.71849e-07	19
3.76707e-07	19
3.78472e-07	19
3.78862e-07	19
4.11158e-07	19
4.13064e-07	19
4.23667e-07	19
4.42428e-07	19
4.53939e-07	19
4.58793e-07	19
4.68173e-07	19
4.69832e-07	19
4.87385e-07	19
4.88139e-07	19
4.88617e-07	19
4.95807e-07	19
4.96199e-07	19
5.02852e-07	19
5.0866e-07	19
5.26523e-07	19
5.30575e-07	19
5.36617e-07	19
5.37474e-07	19
5.37953e-07	19
5.4251e-07	19
5.51673e-07	19
5.6633e-07	19
5.67447e-07	19
5.7566e-07	19
5.76828e-07	19
5.80336e-07	19
5.87146e-07	19
6.00118e-07	19
6.07382e-07	19
6.07971e-07	19
6.12996e-07	19
6.17111e-07	19
6.33688e-07	19
6.51396e-07	19
6.63093e-07	19
6.87777e-07	19
6.90892e-07	19
7.01542e-07	19
7.02103e-07	19
7.11673e-07	19
7.25763e-07	19
7.34874e-07	19
7.47569e-07	19
7.54902e-07	19
7.56453e-07	19
7.67327e-07	19
7.72215e-07	19
7.88255e-07	19
8.01771e-07	19
8.23407e-07	19
8.29405e-07	19
8.31792e-07	19
8.41048e-07	19
8.55637e-07	19
8.6076e-07	19
8.79691e-07	19
8.83912e-07	19
8.95245e-07	19
8.99921e-07	19
9.02198e-07	19
9.10061e-07	19
9.24712e-07	19
9.30118e-07	19
9.31125e-07	19
9.51812e-07	19
9.55244e-07	19
9.55851e-07	19
9.58927e-07	19
9.68929e-07	19
9.97505e-07	19
1.01113e-06	19
1.01924e-06	19
1.01974e-06	19
1.03346e-06	19
1.03536e-06	19
1.04581e-06	19
1.06351e-06	19
1.08293e-06	19
1.13263e-06	19
1.17627e-06	19
1.20014e-06	19
1.22689e-06	19
1.26148e-06	19
1.27412e-06	19
1.29209e-06	19
1.31181e-06	19
1.32554e-06	19
1.33343e-06	19
1.33349e-06	19
1.35683e-06	19
1.37597e-06	19
1.37802e-06	19
1.38905e-06	19
1.4061e-06	19
1.43354e-06	19
1.44071e-06	19
1.45106e-06	19
1.45625e-06	19
1.47299e-06	19
1.52549e-06	19
1.59153e-06	19
1.59305e-06	19
1.60121e-06	19
1.6097e-06	19
1.61506e-06	19
1.61607e-06	19
1.62497e-06	19
1.6314e-06	19
1.63486e-06	19
1.67268e-06	19
1.71214e-06	19
1.72073e-06	19
1.75004e-06	19
1.75645e-06	19
1.77969e-06	19
1.83995e-06	19
1.8706e-06	19
1.87315e-06	19
1.87589e-06	19
1.88552e-06	19
1.91504e-06	19
1.93978e-06	19
1.94281e-06	19
1.96893e-06	19
1.97158e-06	19
1.97309e-06	19
1.97375e-06	19
1.97609e-06	19
2.02143e-06	19
2.05668e-06	19
2.11356e-06	19
2.12194e-06	19
2.13031e-06	19
2.14623e-06	19
2.16622e-06	19
2.20066e-06	19
2.21574e-06	19
2.21597e-06	19
2.22146e-06	19
2.22212e-06	19
2.23843e-06	19
2.2465e-06	19
2.25217e-06	19
2.35497e-06	19
2.38348e-06	19
2.41065e-06	19
2.42054e-06	19
2.42153e-06	19
2.4391e-06	19
2.4448e-06	19
2.46196e-06	19
2.47805e-06	19
2.48111e-06	19
2.48955e-06	19
2.55979e-06	19
2.57875e-06	19
2.63105e-06	19
2.64061e-06	19
2.65729e-06	19
2.707e-06	19
2.71384e-06	19
2.72978e-06	19
2.74166e-06	19
2.77612e-06	19
2.80476e-06	19
2.82545e-06	19
2.99126e-06	19
3.0255e-06	19
3.06149e-06	19
3.0666e-06	19
3.09786e-06	19
3.12646e-06	19
3.22942e-06	19
3.30067e-06	19
3.34209e-06	19
3.38916e-06	19
3.40414e-06	19
3.42781e-06	19
3.44243e-06	19
3.44505e-06	19
3.48514e-06	19
3.58115e-06	19
3.63384e-06	19
3.72426e-06	19
3.80617e-06	19
3.84471e-06	19
3.84502e-06	19
3.85792e-06	19
4.02673e-06	19
4.03072e-06	19
4.0821e-06	19
4.30631e-06	19
4.35727e-06	19
4.51243e-06	19
4.52383e-06	19
4.52532e-06	19
4.67071e-06	19
5.02465e-06	19
5.06018e-06	19
5.06324e-06	19
5.46059e-06	19
5.67419e-06	19
5.69598e-06	19
5.73865e-06	19
5.75741e-06	19
5.8e-06	19
5.91098e-06	19
6.09413e-06	19
6.46571e-06	19
6.54161e-06	19
6.83559e-06	19
6.87121e-06	19
6.97111e-06	19
7.09522e-06	19
7.48228e-06	19
7.54732e-06	19
8.038e-06	19
8.16055e-06	19
8.44355e-06	19
8.57047e-06	19
8.58202e-06	19
8.63232e-06	19
9.10905e-06	19
9.49805e-06	19
9.58166e-06	19
9.63735e-06	19
1.0246e-05	19
1.04467e-05	19
1.04698e-05	19
1.06222e-05	19
1.06969e-05	19
1.07993e-05	19
1.1206e-05	19
1.14871e-05	19
1.18533e-05	19
1.20251e-05	19
1.23288e-05	19
1.24729e-05	19
1.24818e-05	19
1.29873e-05	19
1.31166e-05	19
1.33635e-05	19
1.35286e-05	19
1.3624e-05	19
1.37483e-05	19
1.38061e-05	19
1.51017e-05	19
1.51456e-05	19
1.64537e-05	19
1.65672e-05	19
1.69388e-05	19
1.85472e-05	19
1.90021e-05	19
2.03691e-05	19
2.21164e-05	19
2.2237e-05	19
2.30525e-05	19
2.32552e-05	19
2.44236e-05	19
2.51497e-05	19
2.58887e-05	19
2.60959e-05	19
2.61435e-05	19
2.64084e-05	19
2.64488e-05	19
2.65053e-05	19
2.67767e-05	19
2.70566e-05	19
2.74286e-05	19
2.77643e-05	19
2.8343e-05	19
2.85768e-05	19
2.99043e-05	19
3.01556e-05	19
3.02105e-05	19
3.10058e-05	19
3.11558e-05	19
3.13072e-05	19
3.16456e-05	19
3.2126e-05	19
3.25176e-05	19
3.25764e-05	19
3.3211e-05	19
3.37401e-05	19
3.40305e-05	19
3.43714e-05	19
3.46089e-05	19
3.47508e-05	19
3.58457e-05	19
3.63216e-05	19
3.69227e-05	19
3.70016e-05	19
3.70328e-05	19
3.71385e-05	19
3.74258e-05	19
3.75142e-05	19
3.78861e-05	19
3.78995e-05	19
3.85538e-05	19
3.89261e-05	19
3.98428e-05	19
3.99488e-05	19
4.12692e-05	19
4.32985e-05	19
4.34702e-05	19
4.36778e-05	19
4.37291e-05	19
4.37846e-05	19
4.38201e-05	19
4.39298e-05	19
4.42212e-05	19
4.51015e-05	19
4.60962e-05	19
4.61447e-05	19
4.65649e-05	19
4.6844e-05	19
4.70104e-05	19
4.79123e-05	19
4.86086e-05	19
4.87129e-05	19
4.89698e-05	19
4.91597e-05	19
4.9581e-05	19
4.99042e-05	19
5.10428e-05	19
5.33992e-05	19
5.3784e-05	19
5.40655e-05	19
5.44054e-05	19
5.54986e-05	19
5.67619e-05	19
5.82908e-05	19
5.83868e-05	19
5.91975e-05	19
5.99678e-05	19
6.03359e-05	19
6.1761e-05	19
6.38403e-05	19
6.42127e-05	19
6.54012e-05	19
6.73703e-05	19
6.88942e-05	19
6.95537e-05	19
7.13646e-05	19
7.18305e-05	19
7.21937e-05	19
7.68561e-05	19
7.72937e-05	19
7.80584e-05	19
7.88046e-05	19
7.96777e-05	19
7.96992e-05	19
8.06072e-05	19
8.15947e-05	19
8.36844e-05	19
8.66565e-05	19
8.981e-05	19
9.14659e-05	19
9.24824e-05	19
9.36919e-05	19
9.39544e-05	19
9.69481e-05	19
9.85584e-05	19
9.92717e-05	19
0.000100674	19
0.000100959	19
0.000102471	19
0.000103598	19
0.000104467	19
0.000105536	19
0.000106438	19
0.00010686	19
0.000107484	19
0.00010813	19
0.000110789	19
0.000113624	19
0.000115009	19
0.0001156	19
0.000121101	19
0.000121804	19
0.000121903	19
0.000123476	19
0.000124628	19
0.000125421	19
0.000126863	19
0.000127312	19
0.000128709	19
0.00013159	19
0.000138368	19
0.00013956	19
0.000146384	19
0.000148569	19
0.000153046	19
0.000159699	19
0.000161225	19
0.000176238	19
0.000199259	19
0.000201101	19
0.000207596	19
0.000209822	19
0.000224902	19
0.000231135	19
0.000233661	19
0.00026677	19
0.000267188	19
0.000274939	19
0.000282178	19
0.000311997	19
0.000319068	19
0.000325681	19
0.000326381	19
0.000357978	19
0.000383788	19
0.000401456	19
0.000413246	19
0.000425548	19
0.000487241	19
0.000534282	19
0.000551972	19
0.000569256	19
0.00104227	19
0.00106268	19
0.00178148	19
0.00218904	19
0.00278827	19
0.00278858	19
0.00279053	19
0.00361051	19
0.00361081	19
0.00361146	19
0.00361271	19
0.00362242	19
0.00363949	19
0.00366031	19
0.0036943	19
0.00375502	19
0.00381619	19
0.00381748	19
0.00381799	19
0.00382046	19
0.00382274	19
0.00382554	19
0.00384006	19
0.00384112	19
0.00384549	19
0.00384592	19
0.00385241	19
0.00385324	19
0.00389639	19
0.00395449	19
0.00409764	19
0.00410358	19
0.0041072	19
0.00410842	19
0.00410855	19
0.00411234	19
0.00411512	19
0.00411532	19
0.00411746	19
0.0041204	19
0.00412047	19
0.0041253	19
0.00412555	19
0.00412701	19
0.00412868	19
0.00413051	19
0.00413255	19
0.00413761	19
0.00414245	19
0.00422587	19
0.00422947	19
0.00481554	19
0.00547161	19
0.00547235	19
0.00547287	19
0.00547304	19
0.00547321	19
0.00547391	19
0.00547411	19
0.00547444	19
0.00547461	19
0.00547476	19
0.00547481	19
0.00547613	19
0.00547634	19
0.00547673	19
0.00548037	19
0.00548053	19
0.00548058	19
0.00548115	19
0.0054812	19
0.00548134	19
0.0055175	19
0.00552564	19
0.00553094	19
0.00554123	19
0.00557342	19
0.00583955	19
0.00621078	19
0.00748375	19
0.00749153	19
0.00767489	19
0.00768187	19
0.0076893	19
0.00770191	19
0.00772626	19
0.00772728	19
0.00772954	19
0.0077916	19
0.00780307	19
0.0078256	19
0.0079254	19
0.00794344	19
0.00803966	19
0.00816314	19
0.00828512	19
0.00833847	19
0.00834609	19
0.00836185	19
0.00861367	19
0.0101791	19
0.011455	19
0.0129822	19
0.0129824	19
0.0129826	19
0.0129827	19
0.0129828	19
0.0129829	19
0.0129831	19
0.0129836	19
0.0129837	19
0.0129844	19
0.0129844	19
0.0129849	19
0.0129851	19
0.0129859	19
0.0129862	19
0.0129867	19
0.0129872	19
0.0129873	19
0.0129879	19
0.012988	19
0.0129883	19
0.0129895	19
0.0129908	19
0.0129909	19
0.012991	19
0.0129915	19
0.0129917	19
0.012992	19
0.0129921	19
0.0129932	19
0.0129939	19
0.0129954	19
0.0129956	19
0.0129958	19
0.0129958	19
0.0129969	19
0.0129976	19
0.0129979	19
0.0129979	19
0.0129995	19
0.0130026	19
0.0130204	19
0.0130244	19
0.01307	19
0.013287	19
0.0132872	19
0.0132889	19
0.0132889	19
0.0132898	19
0.0132899	19
0.01329	19
0.0132901	19
0.0132902	19
0.0132904	19
0.0132907	19
0.0132914	19
0.0132919	19
0.0132924	19
0.0132936	19
0.0132941	19
0.0132953	19
0.0132954	19
0.0132956	19
0.0132975	19
0.0132976	19
0.0132989	19
0.0132994	19
0.0133002	19
0.0133011	19
0.0133012	19
0.0133056	19
0.013306	19
0.0133074	19
0.0133104	19
0.0133116	19
0.0133121	19
0.0133224	19
0.0133277	19
0.0133778	19
0.0135638	19
0.0140285	19
0.0140291	19
0.0140292	19
0.0140296	19
0.0140301	19
0.0140302	19
0.0140302	19
0.0140306	19
0.0140323	19
0.0140336	19
0.0140337	19
0.0140339	19
0.0140361	19
0.0140371	19
0.0140377	19
0.0140382	19
0.0140382	19
0.0140399	19
0.0140403	19
0.0140407	19
0.0140419	19
0.0140465	19
0.014052	19
0.0140539	19
0.0140542	19
0.0140578	19
0.0140667	19
0.01407	19
0.0140857	19
0.0140986	19
0.0141966	19
0.0144586	19
0.0145097	19
0.016584	19
0.0165844	19
0.0165859	19
0.0165863	19
0.0165869	19
0.0165873	19
0.0165877	19
0.0165879	19
0.0165909	19
0.0165909	19
0.0165911	19
0.0165911	19
0.0165913	19
0.0165914	19
0.0165918	19
0.0165918	19
0.0165923	19
0.0165926	19
0.0165931	19
0.0165937	19
0.0165947	19
0.0165949	19
0.0165957	19
0.0165962	19
0.0165978	19
0.0165989	19
0.0165989	19
0.0166009	19
0.016602	19
0.0166025	19
0.0166031	19
0.0166077	19
0.016608	19
0.0166082	19
0.0166091	19
0.0166105	19
0.016611	19
0.0166126	19
0.0166133	19
0.0166153	19
0.0166163	19
0.0166186	19
0.0166187	19
0.0166346	19
0.0166386	19
0.0166476	19
0.0166478	19
0.0166489	19
0.0166782	19
0.0168724	19
0.0170976	19
0.0172176	19
0.017303	19
0.0173048	19
0.0173388	19
0.0173772	19
0.0173959	19
0.0174002	19
0.017503	19
0.0175521	19
0.0178422	19
0.0181719	19
0.018204	19
0.018813	19
0.0188132	19
0.0188132	19
0.0188137	19
0.0188138	19
0.0188141	19
0.0188141	19
0.0188148	19
0.0188148	19
0.0188148	19
0.018815	19
0.0188151	19
0.0188152	19
0.0188155	19
0.0188155	19
0.0188155	19
0.0188156	19
0.0188162	19
0.0188163	19
0.018817	19
0.0188172	19
0.0188175	19
0.0188179	19
0.018818	19
0.0188193	19
0.0188194	19
0.0188203	19
0.0188204	19
0.0188206	19
0.018821	19
0.0188217	19
0.0188218	19
0.0188221	19
0.0188222	19
0.0188228	19
0.0188228	19
0.0188242	19
0.0188246	19
0.0188255	19
0.0188282	19
0.0188285	19
0.0188293	19
0.0188301	19
0.0188302	19
0.0188304	19
0.0188304	19
0.0188341	19
0.0188355	19
0.0188367	19
0.0188405	19
0.0188479	19
0.0188557	19
0.0188559	19
0.0188633	19
0.0188642	19
0.0188655	19
0.0188689	19
0.0188908	19
0.0189342	19
0.0189637	19
0.0189641	19
0.0196817	19
0.0196822	19
0.0196885	19
0.0196903	19
0.0196984	19
0.0197305	19
0.0212106	19
0.0212107	19
0.0212111	19
0.0212112	19
0.0212127	19
0.0212135	19
0.0212139	19
0.0212146	19
0.0212148	19
0.0212148	19
0.021218	19
0.0212198	19
0.0212202	19
0.0212223	19
0.0212229	19
0.0212231	19
0.0212261	19
0.0212265	19
0.0212277	19
0.021228	19
0.02123	19
0.0212301	19
0.0212337	19
0.0212387	19
0.0212425	19
0.021243	19
0.021247	19
0.0212505	19
0.0212529	19
0.0212531	19
0.0212531	19
0.0212587	19
0.0212685	19
0.0212695	19
0.0212702	19
0.0213409	19
0.0213576	19
0.0213891	19
0.0214199	19
0.0214432	19
0.0214631	19
0.0214747	19
0.0215384	19
0.0215389	19
0.0215675	19
0.0216965	19
0.0217066	19
0.0217118	19
0.0217904	19
0.0218647	19
0.0218717	19
0.0219437	19
0.0221453	19
0.0222759	19
0.022331	19
0.0226304	19
0.0226306	19
0.0226307	19
0.0226309	19
0.0226311	19
0.0226311	19
0.0226311	19
0.0226313	19
0.0226313	19
0.0226314	19
0.0226316	19
0.0226319	19
0.0226319	19
0.0226319	19
0.0226323	19
0.0226329	19
0.0226331	19
0.0226335	19
0.0226335	19
0.0226337	19
0.0226341	19
0.0226341	19
0.0226362	19
0.0226365	19
0.0226366	19
0.0226375	19
0.0226377	19
0.0226377	19
0.0226394	19
0.0226395	19
0.0226412	19
0.0226419	19
0.0226421	19
0.0226425	19
0.0226427	19
0.0226427	19
0.0226428	19
0.0226434	19
0.0226444	19
0.0226445	19
0.0226458	19
0.0226478	19
0.022648	19
0.0226482	19
0.0226522	19
0.0226522	19
0.0226523	19
0.0226525	19
0.0226558	19
0.0226558	19
0.0226573	19
0.0226586	19
0.0226586	19
0.0226587	19
0.0226646	19
0.0226651	19
0.0226694	19
0.0226823	19
0.0227056	19
0.0227185	19
0.0227508	19
0.0230574	19
0.023817	19
0.0238285	19
0.0238299	19
0.0238342	19
0.0238383	19
0.0238416	19
0.0238829	19
0.0238914	19
0.0238961	19
0.0238983	19
0.0239165	19
0.0241573	19
0.0241589	19
0.0241599	19
0.0241603	19
0.0241786	19
0.0242139	19
0.0242197	19
0.0242339	19
0.024262	19
0.0242997	19
0.0243485	19
0.0243643	19
0.0244768	19
0.0245608	19
0.0245677	19
0.024574	19
0.0246881	19
0.0247391	19
0.0249465	19
0.0249683	19
0.0252173	19
0.0252403	19
0.0252434	19
0.0252519	19
0.0252564	19
0.0252619	19
0.0252798	19
0.0252949	19
0.0253047	19
0.0253073	19
0.0253259	19
0.0253364	19
0.0253503	19
0.0253804	19
0.0253874	19
0.0253895	19
0.0253905	19
0.0253996	19
0.0254022	19
0.0254408	19
0.0254906	19
0.0255098	19
0.0255232	19
0.0255333	19
0.0255377	19
0.025581	19
0.0256019	19
0.0256569	19
0.0256753	19
0.0256817	19
0.0256939	19
0.0257114	19
0.0257287	19
0.0260418	19
0.0260484	19
0.026052	19
0.026054	19
0.0260651	19
0.0260754	19
0.0260838	19
0.0261064	19
0.0261305	19
0.0262018	19
0.0262126	19
0.0262868	19
0.0263383	19
0.0263493	19
0.0263494	19
0.0263497	19
0.0263497	19
0.0263499	19
0.02635	19
0.0263503	19
0.0263503	19
0.0263505	19
0.0263508	19
0.0263509	19
0.0263512	19
0.0263514	19
0.0263518	19
0.0263523	19
0.0263525	19
0.0263531	19
0.0263534	19
0.0263535	19
0.0263541	19
0.0263542	19
0.0263543	19
0.026355	19
0.026355	19
0.0263551	19
0.0263555	19
0.0263562	19
0.026357	19
0.0263572	19
0.0263573	19
0.0263574	19
0.0263575	19
0.0263583	19
0.0263588	19
0.0263589	19
0.0263594	19
0.0263599	19
0.0263604	19
0.0263607	19
0.0263616	19
0.0263616	19
0.0263621	19
0.026363	19
0.0263659	19
0.0263664	19
0.0263667	19
0.0263682	19
0.0263712	19
0.0263719	19
0.0263735	19
0.0263739	19
0.0263763	19
0.0263775	19
0.0263778	19
0.0263799	19
0.0263816	19
0.0263909	19
0.026391	19
0.0263919	19
0.0263996	19
0.026402	19
0.0264021	19
0.0264022	19
0.0264023	19
0.0264023	19
0.0264023	19
0.0264024	19
0.0264024	19
0.0264024	19
0.0264024	19
0.0264025	19
0.0264026	19
0.0264028	19
0.0264029	19
0.0264032	19
0.0264034	19
0.0264038	19
0.0264041	19
0.0264041	19
0.0264045	19
0.0264046	19
0.0264051	19
0.0264051	19
0.0264051	19
0.0264055	19
0.0264056	19
0.0264056	19
0.0264057	19
0.0264058	19
0.0264059	19
0.0264061	19
0.0264062	19
0.0264064	19
0.0264067	19
0.0264067	19
0.0264067	19
0.0264067	19
0.0264069	19
0.0264071	19
0.026408	19
0.0264087	19
0.0264093	19
0.0264094	19
0.0264102	19
0.0264105	19
0.0264108	19
0.026411	19
0.026411	19
0.0264114	19
0.0264118	19
0.0264125	19
0.0264126	19
0.0264126	19
0.0264126	19
0.0264161	19
0.0264175	19
0.0264178	19
0.0264181	19
0.0264185	19
0.0264229	19
0.0264232	19
0.026424	19
0.0264316	19
0.0264335	19
0.026435	19
0.0264358	19
0.0264367	19
0.0264374	19
0.0264378	19
0.0264394	19
0.0264404	19
0.0264438	19
0.0264438	19
0.026449	19
0.0264573	19
0.0264734	19
0.0264755	19
0.0264836	19
0.0265056	19
0.026539	19
0.0265554	19
0.0266492	19
0.0267451	19
0.0273052	19
0.0273052	19
0.0273054	19
0.0273055	19
0.0273059	19
0.027306	19
0.0273061	19
0.0273067	19
0.0273068	19
0.0273069	19
0.0273071	19
0.0273072	19
0.0273075	19
0.0273077	19
0.0273077	19
0.0273078	19
0.0273081	19
0.0273086	19
0.0273089	19
0.027309	19
0.0273093	19
0.0273093	19
0.0273096	19
0.0273099	19
0.02731	19
0.0273101	19
0.0273103	19
0.0273103	19
0.0273106	19
0.0273109	19
0.027311	19
0.0273113	19
0.0273113	19
0.0273117	19
0.0273117	19
0.0273123	19
0.0273126	19
0.0273128	19
0.0273129	19
0.0273131	19
0.0273135	19
0.027314	19
0.0273145	19
0.0273149	19
0.0273155	19
0.0273157	19
0.0273157	19
0.027316	19
0.0273163	19
0.0273163	19
0.0273169	19
0.0273173	19
0.0273192	19
0.0273198	19
0.02732	19
0.0273203	19
0.0273204	19
0.0273217	19
0.0273245	19
0.0273257	19
0.0273266	19
0.027327	19
0.0273299	19
0.0273311	19
0.0273352	19
0.027337	19
0.0273386	19
0.0273429	19
0.0273497	19
0.0273536	19
0.0273611	19
0.0273629	19
0.0273647	19
0.0273757	19
0.0273903	19
0.0274049	19
0.027614	19
0.027659	19
0.0283335	19
0.0283491	19
0.0283804	19
0.028397	19
0.0284044	19
0.0284115	19
0.0284202	19
0.0284318	19
0.0284448	19
0.028462	19
0.0284648	19
0.0284804	19
0.0284863	19
0.0284996	19
0.0285148	19
0.0285193	19
0.0285197	19
0.0285201	19
0.0285303	19
0.0285479	19
0.0285641	19
0.0285795	19
0.0285812	19
0.0285968	19
0.0285983	19
0.0286114	19
0.0286166	19
0.0286189	19
0.0286233	19
0.0286304	19
0.0286883	19
0.0286951	19
0.0287192	19
0.0287374	19
0.0287467	19
0.0287587	19
0.0287721	19
0.0288034	19
0.0288782	19
0.0288984	19
0.0289044	19
0.0289142	19
0.0289247	19
0.0289525	19
0.028959	19
0.028976	19
0.0289839	19
0.0289897	19
0.029014	19
0.0290157	19
0.0290223	19
0.0290344	19
0.0291007	19
0.029188	19
0.0292052	19
0.029291	19
0.0293043	19
0.0293043	19
0.0293056	19
0.0293058	19
0.0293063	19
0.0293063	19
0.0293068	19
0.0293071	19
0.0293074	19
0.0293078	19
0.0293086	19
0.0293096	19
0.0293111	19
0.0293113	19
0.0293125	19
0.0293126	19
0.0293129	19
0.029313	19
0.0293137	19
0.0293143	19
0.029316	19
0.0293173	19
0.0293202	19
0.0293242	19
0.029325	19
0.0293266	19
0.0293297	19
0.0293349	19
0.0293517	19
0.0293694	19
0.0293705	19
0.0294034	19
0.0294233	19
0.029455	19
0.0295871	19
0.0297325	19
0.0297399	19
0.029824	19
0.0299752	19
0.0299881	19
0.0300514	19
0.0300833	19
0.0304804	19
0.0305167	19
0.0305258	19
0.0306854	19
0.0307926	19
0.0314231	19
0.0314322	19
0.0314417	19
0.0314692	19
0.0314695	19
0.0314701	19
0.0315185	19
0.031525	19
0.0315263	19
0.031532	19
0.0315322	19
0.0315562	19
0.0315573	19
0.0315609	19
0.0315614	19
0.0315921	19
0.0315965	19
0.0316172	19
0.0316297	19
0.0316728	19
0.0316998	19
0.0317654	19
0.0317926	19
0.031794	19
0.0317985	19
0.0318029	19
0.0318164	19
0.0318207	19
0.0318257	19
0.0318724	19
0.0318804	19
0.031887	19
0.0319085	19
0.0319152	19
0.031947	19
0.0320003	19
0.0320507	19
0.0320665	19
0.032089	19
0.0321035	19
0.0321035	19
0.0321052	19
0.0321798	19
0.032267	19
0.0322744	19
0.0322778	19
0.0323867	19
0.0323867	19
0.032387	19
0.0323873	19
0.0323876	19
0.0323879	19
0.0323883	19
0.0323886	19
0.0323887	19
0.0323889	19
0.0323893	19
0.0323895	19
0.03239	19
0.03239	19
0.0323903	19
0.0323905	19
0.0323906	19
0.0323923	19
0.0323934	19
0.0323934	19
0.0323941	19
0.0323945	19
0.0323945	19
0.0323949	19
0.0323954	19
0.0323959	19
0.0323963	19
0.0323966	19
0.032397	19
0.0323975	19
0.0323975	19
0.0323976	19
0.0323978	19
0.0324008	19
0.0324011	19
0.0324031	19
0.032404	19
0.0324073	19
0.0324073	19
0.0324083	19
0.0324085	19
0.0324096	19
0.0324209	19
0.0324302	19
0.0324303	19
0.0324316	19
0.0324417	19
0.032444	19
0.0331006	19
0.03311	19
0.0331124	19
0.0331161	19
0.0331333	19
0.0331377	19
0.0331429	19
0.0331576	19
0.0331594	19
0.033167	19
0.0331749	19
0.0331877	19
0.0331886	19
0.0331965	19
0.0332017	19
0.033214	19
0.0332176	19
0.0332202	19
0.0332302	19
0.0332365	19
0.0332669	19
0.0332698	19
0.0332849	19
0.0332995	19
0.0333121	19
0.0333225	19
0.0333588	19
0.0334127	19
0.0334188	19
0.0334222	19
0.0334312	19
0.0334399	19
0.0334671	19
0.0334682	19
0.0334692	19
0.033477	19
0.0334805	19
0.0334902	19
0.0334904	19
0.0334952	19
0.0334983	19
0.0335065	19
0.0335103	19
0.0335181	19
0.0335194	19
0.0335332	19
0.0335335	19
0.0335396	19
0.0335575	19
0.0335592	19
0.0335616	19
0.033564	19
0.0335733	19
0.0335874	19
0.0335913	19
0.0335931	19
0.0335943	19
0.0335985	19
0.0336008	19
0.0336161	19
0.0336213	19
0.0336214	19
0.0336232	19
0.0336247	19
0.0336339	19
0.033639	19
0.0336538	19
0.0336646	19
0.033685	19
0.0336919	19
0.0337115	19
0.0337235	19
0.0337338	19
0.0337434	19
0.0337579	19
0.0337673	19
0.0337707	19
0.033796	19
0.0338087	19
0.0338266	19
0.0338354	19
0.0338482	19
0.0338573	19
0.0338576	19
0.0338816	19
0.0339018	19
0.0339081	19
0.0339211	19
0.0339671	19
0.0339962	19
0.0340208	19
0.0340304	19
0.0340838	19
0.0340968	19
0.0341108	19
0.0341515	19
0.034176	19
0.0341958	19
0.0342064	19
0.0342101	19
0.0342483	19
0.0342557	19
0.0342627	19
0.0342629	19
0.0342642	19
0.0342666	19
0.0342674	19
0.0342676	19
0.0342683	19
0.0342694	19
0.0342715	19
0.0342758	19
0.0342766	19
0.0342767	19
0.0342797	19
0.0342877	19
0.0342931	19
0.0342935	19
0.0342952	19
0.034296	19
0.0342991	19
0.0343092	19
0.0343098	19
0.0343177	19
0.0343178	19
0.0343273	19
0.0343286	19
0.0343349	19
0.0343387	19
0.0343515	19
0.0343534	19
0.0343559	19
0.0343648	19
0.0343711	19
0.0343782	19
0.0344061	19
0.0344286	19
0.0344452	19
0.0344564	19
0.0344676	19
0.0344782	19
0.0345086	19
0.034548	19
0.0345498	19
0.0345509	19
0.0345576	19
0.0345726	19
0.0345768	19
0.0345809	19
0.0345898	19
0.0346069	19
0.0346183	19
0.0346357	19
0.0346578	19
0.0346929	19
0.0347437	19
0.0347446	19
0.0347619	19
0.0347836	19
0.0347869	19
0.0347949	19
0.0348452	19
0.0348477	19
0.0348682	19
0.0348906	19
0.0349105	19
0.0349215	19
0.0349316	19
0.0349459	19
0.0349518	19
0.0350345	19
0.0350749	19
0.0350905	19
0.0351023	19
0.0352542	19
0.035291	19
0.0353875	19
0.0353878	19
0.0353926	19
0.0353952	19
0.0356541	19
0.0357462	19
0.0358227	19
0.0359791	19
0.0360877	19
0.0360932	19
0.0361195	19
0.0365806	19
0.0366421	19
0.0367089	19
0.0368008	19
0.0368009	19
0.0368014	19
0.0368015	19
0.0368043	19
0.0368074	19
0.0368087	19
0.0368092	19
0.0368095	19
0.0368098	19
0.0368162	19
0.036825	19
0.0368251	19
0.0368252	19
0.0368253	19
0.0368256	19
0.0368257	19
0.0368257	19
0.0368258	19
0.0368259	19
0.0368264	19
0.0368264	19
0.0368272	19
0.0368274	19
0.0368274	19
0.0368276	19
0.0368279	19
0.036828	19
0.0368286	19
0.0368295	19
0.0368303	19
0.0368303	19
0.0368309	19
0.0368315	19
0.0368315	19
0.0368316	19
0.036832	19
0.0368323	19
0.0368328	19
0.0368332	19
0.0368335	19
0.0368335	19
0.0368339	19
0.0368341	19
0.0368344	19
0.0368347	19
0.0368348	19
0.0368356	19
0.0368364	19
0.0368365	19
0.0368368	19
0.0368375	19
0.0368426	19
0.0368434	19
0.036844	19
0.0368541	19
0.0368561	19
0.0368571	19
0.0368651	19
0.036867	19
0.0368697	19
0.036873	19
0.0374862	19
0.0376593	19
0.0376593	19
0.0376596	19
0.0376599	19
0.0376602	19
0.0376605	19
0.0376606	19
0.0376613	19
0.0376619	19
0.0376624	19
0.0376624	19
0.0376634	19
0.0376636	19
0.0376636	19
0.0376636	19
0.0376638	19
0.0376639	19
0.0376643	19
0.0376645	19
0.0376647	19
0.0376656	19
0.0376657	19
0.0376658	19
0.0376663	19
0.0376672	19
0.0376678	19
0.0376686	19
0.0376686	19
0.0376689	19
0.0376705	19
0.0376714	19
0.037672	19
0.0376722	19
0.0376737	19
0.0376739	19
0.0376741	19
0.0376742	19
0.0376746	19
0.0376747	19
0.037675	19
0.0376756	19
0.0376762	19
0.0376766	19
0.0376787	19
0.0376813	19
0.037683	19
0.0376838	19
0.0376857	19
0.0376932	19
0.0376962	19
0.0377006	19
0.0377049	19
0.0377062	19
0.0377279	19
0.0377379	19
0.038393	19
0.0383949	19
0.0383952	19
0.0383953	19
0.0383954	19
0.0383969	19
0.0383977	19
0.0383989	19
0.0383995	19
0.0384016	19
0.0384035	19
0.0384038	19
0.038406	19
0.0384061	19
0.0384071	19
0.0384096	19
0.038411	19
0.0384148	19
0.038417	19
0.0384173	19
0.0384196	19
0.0384221	19
0.0384394	19
0.0386157	19
0.0404081	19
0.0404083	19
0.0404085	19
0.0404091	19
0.0404093	19
0.0404094	19
0.0404095	19
0.0404099	19
0.0404099	19
0.0404101	19
0.0404104	19
0.0404112	19
0.0404116	19
0.0404117	19
0.0404118	19
0.040412	19
0.0404128	19
0.0404134	19
0.0404144	19
0.0404147	19
0.0404149	19
0.0404157	19
0.0404158	19
0.0404161	19
0.0404164	19
0.0404187	19
0.0404195	19
0.0404197	19
0.0404204	19
0.0404205	19
0.0404213	19
0.0404222	19
0.0404228	19
0.0404236	19
0.0404254	19
0.0404262	19
0.0404266	19
0.0404353	19
0.0404427	19
0.0404481	19
0.0404568	19
0.0404606	19
0.0404684	19
0.0404693	19
0.0404976	19
0.0405027	19
0.0405555	19
0.0407481	19
0.0407626	19
0.0409525	19
0.0410167	19
0.041093	19
0.0411011	19
0.0411031	19
0.0412273	19
0.0414657	19
0.0414674	19
0.0414711	19
0.0414787	19
0.0414996	19
0.0415041	19
0.0415376	19
0.0415542	19
0.0415652	19
0.041569	19
0.0415805	19
0.0415882	19
0.0416081	19
0.0416081	19
0.0416154	19
0.0416188	19
0.0416239	19
0.0416642	19
0.0416659	19
0.0417068	19
0.0417148	19
0.0417192	19
0.0417432	19
0.0417448	19
0.0417662	19
0.0417721	19
0.0417848	19
0.0417922	19
0.0418143	19
0.0418275	19
0.0418339	19
0.0418365	19
0.0418549	19
0.0418774	19
0.0419055	19
0.0419356	19
0.0420045	19
0.0420575	19
0.0421697	19
0.0422086	19
0.042261	19
0.0422828	19
0.0422943	19
0.0423777	19
0.0423833	19
0.0423909	19
0.0424355	19
0.042439	19
0.0425084	19
0.0425376	19
0.0425414	19
0.042564	19
0.0426306	19
0.0426422	19
0.0426499	19
0.0426725	19
0.042765	19
0.0427656	19
0.0427667	19
0.0427686	19
0.0427687	19
0.0427711	19
0.0427745	19
0.0427756	19
0.0427872	19
0.0427901	19
0.0427968	19
0.0428057	19
0.0428117	19
0.0428127	19
0.0428191	19
0.0428539	19
0.0428556	19
0.0428741	19
0.0428766	19
0.0428954	19
0.0429011	19
0.0429011	19
0.0429035	19
0.0429231	19
0.0429242	19
0.042944	19
0.0429467	19
0.0429693	19
0.0429725	19
0.0429748	19
0.0429786	19
0.0429855	19
0.0429975	19
0.0430053	19
0.0430255	19
0.043051	19
0.0430528	19
0.0430591	19
0.0430641	19
0.0430887	19
0.0430893	19
0.0430975	19
0.0431151	19
0.0431177	19
0.0431319	19
0.0431395	19
0.043144	19
0.0431478	19
0.0431525	19
0.0431551	19
0.0431586	19
0.0431696	19
0.0431882	19
0.043251	19
0.0433077	19
0.0433088	19
0.0433559	19
0.0433741	19
0.0434267	19
0.0434591	19
0.0435639	19
0.0436139	19
0.0436327	19
0.0436693	19
0.0436938	19
0.0438382	19
0.043961	19
0.0439996	19
0.0440362	19
0.0441478	19
0.0441976	19
0.0442673	19
0.044365	19
0.0445868	19
0.0446837	19
0.044989	19
0.0449893	19
0.0449895	19
0.0449895	19
0.0449897	19
0.0449897	19
0.0449897	19
0.0449897	19
0.0449901	19
0.0449905	19
0.0449908	19
0.0449908	19
0.0449912	19
0.0449913	19
0.0449923	19
0.0449924	19
0.0449924	19
0.0449934	19
0.0449936	19
0.0449939	19
0.044994	19
0.0449941	19
0.0449941	19
0.0449943	19
0.0449947	19
0.0449952	19
0.0449955	19
0.0449957	19
0.0449962	19
0.0449967	19
0.0449973	19
0.0449975	19
0.0449976	19
0.0449976	19
0.0449984	19
0.0449987	19
0.0449996	19
0.0450009	19
0.0450013	19
0.0450033	19
0.0450047	19
0.0450059	19
0.0450065	19
0.0450065	19
0.0450069	19
0.0450075	19
0.0450119	19
0.0450127	19
0.0450135	19
0.0450176	19
0.0450219	19
0.0450226	19
0.0450267	19
0.0450279	19
0.0450282	19
0.0450291	19
0.0450295	19
0.0450312	19
0.0450465	19
0.0450475	19
0.0450476	19
0.0450581	19
0.045067	19
0.0450699	19
0.0452686	19
0.0456872	19
0.0456946	19
0.0457203	19
0.046449	19
0.0465436	19
0.0475552	19
0.0475554	19
0.0475554	19
0.047556	19
0.0475574	19
0.0475576	19
0.0475578	19
0.0475581	19
0.0475583	19
0.0475597	19
0.0475598	19
0.0475602	19
0.0475617	19
0.0475623	19
0.0475629	19
0.0475629	19
0.047563	19
0.0475639	19
0.0475649	19
0.0475651	19
0.0475697	19
0.0475715	19
0.0475728	19
0.0475743	19
0.047576	19
0.0475773	19
0.0475777	19
0.0475799	19
0.0475861	19
0.0475909	19
0.0475968	19
0.0476074	19
0.0476106	19
0.0476123	19
0.0476149	19
0.0476246	19
0.0476451	19
0.0476866	19
0.0477049	19
0.0478112	19
0.0478168	19
0.0478238	19
0.0478389	19
0.0500893	19
0.0500894	19
0.0501069	19
0.0501127	19
0.0501175	19
0.0535358	19
0.0535364	19
0.0535482	19
0.0535486	19
0.0549025	19
0.0568082	19
0.0568092	19
0.0575309	19
0.0576852	19
0.0576852	19
0.0577154	19
0.0578118	19
0.0578346	19
0.0578547	19
0.0578668	19
0.0591899	19
0.059342	19
0.0593645	19
0.059745	19
0.0597813	19
0.0600589	19
0.0600621	19
0.0601149	19
0.0609079	19
0.060909	19
0.0609168	19
0.0609284	19
0.0609786	19
0.0610036	19
0.061054	19
0.0642755	19
0.0642755	19
0.0642759	19
0.0642761	19
0.0642779	19
0.0642786	19
0.0642794	19
0.0642805	19
0.064284	19
0.0642899	19
0.0642956	19
0.0642983	19
0.0642996	19
0.0643005	19
0.0643697	19
0.064605	19
0.0646349	19
0.0646531	19
0.0654522	19
0.0654914	19
0.065493	19
0.066565	19
0.0665652	19
0.0665679	19
0.0665685	19
0.06657	19
0.0665745	19
0.0665754	19
0.066577	19
0.0665771	19
0.0665897	19
0.066591	19
0.0665919	19
0.0666928	19
0.0704352	19
0.0704354	19
0.0742247	19
0.0742247	19
0.074225	19
0.0743616	19
0.0743641	19
0.0743686	19
0.0743721	19
0.0774898	19
0.0775098	19
0.0775106	19
0.0795697	19
0.0795699	19
0.0795928	19
0.0796157	19
0.0796206	19
0.080974	19
0.0809811	19
0.0809815	19
0.081091	19
0.0810942	19
0.0812315	19
0.0814682	19
0.0815382	19
0.0815395	19
0.0858831	19
0.0858835	19
0.0858872	19
0.0858953	19
0.0859015	19
0.0859845	19
0.0860698	19
0.0862209	19
0.0862276	19
0.0862561	19
0.0863413	19
0.0863479	19
0.0872818	19
0.0873045	19
0.0873048	19
0.0873418	19
0.0876454	19
0.0876559	19
0.0876578	19
0.089649	19
0.0896506	19
0.0896516	19
0.0912451	19
0.0912456	19
0.091249	19
0.0914157	19
0.092278	19
0.0960151	19
0.0960175	19
0.0962105	19
0.0962137	19
0.0963647	19
0.101289	19
0.101289	19
0.101328	19
0.101332	19
0.10139	19
0.10139	19
0.101402	19
0.101932	19
0.101983	19
0.102015	19
0.102017	19
0.104181	19
0.104213	19
0.104214	19
0.104268	19
0.106017	19
0.106018	19
0.106063	19
0.106156	19
0.106158	19
0.107734	19
0.107753	19
0.107757	19
0.110107	19
0.110111	19
0.110119	19
0.110835	19
0.110959	19
0.110959	19
0.112333	19
0.112348	19
0.112348	19
0.112495	19
0.113269	19
0.113296	19
0.113485	19
0.122931	19
0.122931	19
0.122931	19
0.122937	19
0.122957	19
0.12311	19
0.12311	19
0.127859	19
0.127983	19
0.127987	19
0.132287	19
0.132301	19
0.132309	19
0.13244	19
0.132478	19
0.132481	19
0.132605	19
0.132613	19
0.132665	19
0.133747	19
0.133747	19
0.13391	19
0.136659	19
0.136664	19
0.136748	19
0.141141	19
0.141141	19
0.141141	19
0.141147	19
0.141206	19
0.142014	19
0.142034	19
0.142035	19
0.144904	19
0.144907	19
0.145027	19
0.145519	19
0.145522	19
0.146941	19
0.147131	19
0.147132	19
0.147549	19
0.147619	19
0.14762	19
0.147634	19
0.147827	19
0.147858	19
0.147948	19
0.148929	19
0.148929	19
0.148954	19
0.148956	19
0.148967	19
0.148972	19
0.150986	19
0.155653	19
0.155715	19
0.155715	19
0.155734	19
0.155736	19
0.155745	19
0.158341	19
0.158342	19
0.158342	19
0.158395	19
0.158428	19
0.158434	19
0.15919	19
0.161091	19
0.161118	19
0.16179	19
0.161838	19
0.161838	19
0.162415	19
0.162552	19
0.162554	19
0.164051	19
0.164099	19
0.1641	19
0.168819	19
0.168832	19
0.168834	19
0.169149	19
0.170426	19
0.170446	19
0.170516	19
0.17057	19
0.170576	19
0.172785	19
0.172786	19
0.172845	19
0.172847	19
0.176207	19
0.176462	19
0.176464	19
0.177873	19
0.183251	19
0.183361	19
0.183362	19
0.183413	19
0.183415	19
0.183586	19
0.186188	19
0.186216	19
0.186217	19
0.186226	19
0.186276	19
0.190466	19
0.190475	19
0.190483	19
0.190781	19
0.190784	19
0.192537	19
0.192553	19
0.192561	19
0.192617	19
0.20258	19
0.20258	19
0.20258	19
0.202581	19
0.202595	19
0.202599	19
0.202605	19
0.20323	19
0.20324	19
0.203265	19
0.203277	19
0.203278	19
0.205378	19
0.205474	19
0.205495	19
0.205496	19
0.20553	19
0.205531	19
0.205848	19
0.206	19
0.206005	19
0.20766	19
0.207754	19
0.207756	19
0.208188	19
0.208289	19
0.208297	19
0.211845	19
0.211845	19
0.211924	19
0.211925	19
0.2137	19
0.213754	19
0.213811	19
0.213814	19
0.217226	19
0.217347	19
0.217398	19
0.22129	19
0.221324	19
0.221331	19
0.22433	19
0.229068	19
0.232406	19
0.233105	19
0.233133	19
0.233186	19
0.234986	19
0.236158	19
0.236175	19
0.244355	19
0.244356	19
0.244357	19
0.244385	19
0.244389	19
0.24439	19
0.253621	19
0.253622	19
0.253624	19
0.253654	19
0.253654	19
0.253744	19
0.253745	19
0.254954	19
0.255072	19
0.25508	19
0.25564	19
0.255724	19
0.255729	19
0.256306	19
0.256312	19
0.256331	19
0.256461	19
0.256493	19
0.256523	19
0.259076	19
0.259106	19
0.259106	19
0.25912	19
0.259121	19
0.259172	19
0.259827	19
0.259836	19
0.259977	19
0.260181	19
0.260182	19
0.260183	19
0.264954	19
0.264962	19
0.265103	19
0.265499	19
0.265499	19
0.26553	19
0.265571	19
0.265574	19
0.266186	19
0.266193	19
0.266288	19
0.266291	19
0.268625	19
0.268699	19
0.2687	19
0.268854	19
0.268857	19
0.268861	19
0.269906	19
0.269959	19
0.269961	19
0.270039	19
0.270042	19
0.275623	19
0.275624	19
0.275626	19
0.275686	19
0.275686	19
0.284391	19
0.284391	19
0.286221	19
0.286255	19
0.286257	19
0.287216	19
0.287219	19
0.287221	19
0.287221	19
0.29309	19
0.293091	19
0.29335	19
0.293351	19
0.294016	19
0.294028	19
0.29403	19
0.294031	19
0.299235	19
0.299238	19
0.299243	19
0.321905	19
0.321905	19
0.321905	19
0.321905	19
0.32197	19
0.32197	19
0.322047	19
0.322048	19
0.322466	19
0.322664	19
0.322778	19
0.322778	19
0.325817	19
0.325829	19
0.32584	19
0.32646	19
0.326472	19
0.326569	19
0.330265	19
0.330292	19
0.330731	19
0.332303	19
0.332541	19
0.334948	19
0.335882	19
0.335985	19
0.335985	19
0.348571	19
0.348571	19
0.348571	19
0.348571	19
0.348572	19
0.348686	19
0.348686	19
0.350421	19
0.350422	19
0.350458	19
0.350462	19
0.350972	19
0.3517	19
0.356147	19
0.356172	19
0.361637	19
0.361689	19
0.367124	19
0.367124	19
0.367128	19
0.367136	19
0.367148	19
0.367149	19
0.367285	19
0.3673	19
0.37033	19
0.370346	19
0.370361	19
0.374005	19
0.37424	19
0.374245	19
0.377712	19
0.377755	19
0.37785	19
0.377887	19
0.377892	19
0.383202	19
0.383203	19
0.383206	19
0.38321	19
0.383211	19
0.383218	19
0.383218	19
0.383444	19
0.383538	19
0.383539	19
0.38531	19
0.389634	19
0.389648	19
0.389674	19
0.389676	19
0.390896	19
0.390948	19
0.390949	19
0.392873	19
0.393088	19
0.393089	19
0.399492	19
0.399506	19
0.399507	19
0.400644	19
0.40067	19
0.40067	19
0.401213	19
0.401213	19
0.401915	19
0.401923	19
0.401934	19
0.401938	19
0.401941	19
0.416365	19
0.416365	19
0.416366	19
0.416372	19
0.420967	19
0.421074	19
0.421074	19
0.432265	19
0.432266	19
0.432381	19
0.432389	19
0.433027	19
0.433904	19
0.438304	19
0.43837	19
0.438415	19
0.438416	19
0.442185	19
0.442185	19
0.442257	19
0.442257	19
0.446851	19
0.446922	19
0.446924	19
0.450274	19
0.450274	19
0.450348	19
0.450348	19
0.452845	19
0.453639	19
0.453786	19
0.453826	19
0.453827	19
0.454492	19
0.454521	19
0.454522	19
0.455046	19
0.45507	19
0.45507	19
0.455237	19
0.455242	19
0.456243	19
0.456244	19
0.456427	19
0.456429	19
0.463391	19
0.463556	19
0.463561	19
0.470608	19
0.470612	19
0.47074	19
0.470742	19
0.471099	19
0.471122	19
0.471125	19
0.473068	19
0.473068	19
0.473174	19
0.473182	19
0.473368	19
0.473441	19
0.473442	19
0.474878	19
0.474915	19
0.474921	19
0.478256	19
0.478323	19
0.478325	19
0.481623	19
0.48165	19
0.481653	19
0.483885	19
0.484023	19
0.484027	19
0.484515	19
0.484541	19
0.484578	19
0.484579	19
0.48458	19
0.484685	19
0.484692	19
0.488999	19
0.489034	19
0.489052	19
0.494035	19
0.494065	19
0.494179	19
0.494203	19
0.498695	19
0.498699	19
0.498773	19
0.498942	19
0.498947	19
0.50274	19
0.502751	19
0.502753	19
0.505979	19
0.506014	19
0.506016	19
0.515369	19
0.51537	19
0.515379	19
0.51538	19
0.51668	19
0.516739	19
0.51674	19
0.517286	19
0.517321	19
0.51733	19
0.527108	19
0.527108	19
0.527143	19
0.527144	19
0.527157	19
0.530278	19
0.530281	19
0.535583	19
0.535697	19
0.5357	19
0.535802	19
0.535807	19
0.53915	19
0.540688	19
0.540791	19
0.55111	19
0.551173	19
0.551174	19
0.551181	19
0.551181	19
0.551331	19
0.557982	19
0.557983	19
0.558014	19
0.558204	19
0.584796	19
0.584796	19
0.584797	19
0.584801	19
0.585796	19
0.585797	19
0.585799	19
0.585855	19
0.585984	19
0.58603	19
0.586031	19
0.586054	19
0.591906	19
0.591952	19
0.592089	19
0.594115	19
0.594119	19
0.594146	19
0.596864	19
0.596864	19
0.596873	19
0.5969	19
0.601598	19
0.601653	19
0.601653	19
0.601849	19
0.601988	19
0.602893	19
0.602905	19
0.602915	19
0.602937	19
0.602938	19
0.606604	19
0.606605	19
0.606665	19
0.606776	19
0.606778	19
0.607116	19
0.60724	19
0.607242	19
0.61001	19
0.610034	19
0.610035	19
0.611766	19
0.611794	19
0.611794	19
0.615224	19
0.615332	19
0.615333	19
0.615728	19
0.615734	19
0.615799	19
0.615828	19
0.61583	19
0.615856	19
0.616945	19
0.616946	19
0.616947	19
0.616962	19
0.616966	19
0.618431	19
0.618452	19
0.618452	19
0.618656	19
0.618788	19
0.618788	19
0.622741	19
0.622744	19
0.622745	19
0.622762	19
0.629071	19
0.629073	19
0.629079	19
0.629079	19
0.632489	19
0.641259	19
0.641323	19
0.642745	19
0.642749	19
0.642782	19
0.650577	19
0.650577	19
0.650583	19
0.650639	19
0.651135	19
0.651151	19
0.651154	19
0.651154	19
0.651293	19
0.651294	19
0.654958	19
0.654958	19
0.655046	19
0.655058	19
0.657876	19
0.657899	19
0.657909	19
0.657911	19
0.66562	19
0.665621	19
0.665621	19
0.683036	19
0.683036	19
0.683039	19
0.683294	19
0.683294	19
0.698818	19
0.698837	19
0.698839	19
0.699037	19
0.699037	19
0.70112	19
0.701156	19
0.701207	19
0.701207	19
0.701563	19
0.701589	19
0.70159	19
0.707805	19
0.70781	19
0.707886	19
0.707887	19
0.709578	19
0.709579	19
0.709635	19
0.709644	19
0.710213	19
0.71027	19
0.710276	19
0.716822	19
0.724397	19
0.724532	19
0.724533	19
0.730392	19
0.730394	19
0.73041	19
0.730411	19
0.730742	19
0.730747	19
0.735129	19
0.735293	19
0.735296	19
0.736093	19
0.736332	19
0.736337	19
0.739462	19
0.739476	19
0.740622	19
0.740632	19
0.740632	19
0.740677	19
0.74458	19
0.744582	19
0.744602	19
0.74469	19
0.74469	19
0.744724	19
0.744726	19
0.748559	19
0.748587	19
0.75466	19
0.754711	19
0.754716	19
0.754796	19
0.754797	19
0.757725	19
0.757791	19
0.757819	19
0.757819	19
0.771547	19
0.771548	19
0.782848	19
0.782857	19
0.782863	19
0.782993	19
0.782993	19
0.787421	19
0.787447	19
0.787448	19
0.788246	19
0.788383	19
0.788387	19
0.789099	19
0.789135	19
0.789136	19
0.795053	19
0.795088	19
0.79509	19
0.796287	19
0.796306	19
0.796307	19
0.798081	19
0.807907	19
0.807918	19
0.807981	19
0.809197	19
0.809197	19
0.809225	19
0.813715	19
0.813719	19
0.81372	19
0.81373	19
0.813733	19
0.813866	19
0.813867	19
0.82303	19
0.823032	19
0.823194	19
0.823216	19
0.82422	19
0.824732	19
0.82475	19
0.824995	19
0.832814	19
0.832815	19
0.83287	19
0.832874	19
0.832977	19
0.832982	19
0.834648	19
0.8347	19
0.834733	19
0.836565	19
0.836583	19
0.836586	19
0.838944	19
0.844822	19
0.844927	19
0.846365	19
0.846464	19
0.846465	19
0.847524	19
0.847526	19
0.84753	19
0.847577	19
0.847585	19
0.850771	19
0.851079	19
0.851162	19
0.851545	19
0.851567	19
0.85376	19
0.853763	19
0.853768	19
0.854697	19
0.8547	19
0.854749	19
0.861567	19
0.861571	19
0.863978	19
0.864058	19
0.864069	19
0.864071	19
0.868161	19
0.86822	19
0.868226	19
0.868278	19
0.868436	19
0.868483	19
0.868484	19
0.868793	19
0.871694	19
0.875732	19
0.875745	19
0.87575	19
0.875836	19
0.877383	19
0.877386	19
0.877581	19
0.878433	19
0.878437	19
0.87862	19
0.895237	19
0.895238	19
0.89529	19
0.900366	19
0.900366	19
0.90039	19
0.900392	19
0.900393	19
0.908518	19
0.908519	19
0.908565	19
0.909362	19
0.911419	19
0.915162	19
0.915258	19
0.915349	19
0.915351	19
0.91972	19
0.919721	19
0.919753	19
0.919758	19
0.920214	19
0.922959	19
0.92296	19
0.92317	19
0.925724	19
0.925739	19
0.925745	19
0.925865	19
0.936107	19
0.936107	19
0.936109	19
0.936111	19
0.941113	19
0.941121	19
0.941238	19
0.942108	19
0.94211	19
0.942133	19
0.944219	19
0.944796	19
0.946783	19
0.946808	19
0.950511	19
0.950557	19
0.950558	19
0.950875	19
0.950891	19
0.952145	19
0.95217	19
0.952172	19
0.95756	19
0.957622	19
0.957626	19
0.9598	19
0.959808	19
0.95981	19
0.959849	19
0.963529	19
0.963545	19
0.963547	19
0.971125	19
0.971134	19
0.990751	19
0.990797	19
0.990806	19
0.990811	19
0.995678	19
0.995705	19
0.995721	19
0.997288	19
0.997308	19
0.997397	19
0.998772	19
0.998784	19
0.998798	19
0.998829	19
1.00941	19
1.00941	19
1.00942	19
1.00987	19
1.01013	19
1.01016	19
1.01016	19
1.01084	19
1.01086	19
1.01415	19
1.01418	19
1.01418	19
1.02116	19
1.02117	19
1.02118	19
1.03654	19
1.07596	19
1.07596	19
1.07596	19
1.07596	19
1.07599	19
1.076	19
1.076	19
1.07766	19
1.07774	19
1.07774	19
1.08313	19
1.0832	19
1.0832	19
1.08517	19
1.08635	19
1.08636	19
1.08636	19
1.10085	19
1.10085	19
1.10086	19
1.10091	19
1.10091	19
1.1074	19
1.10747	19
1.10764	19
1.10765	19
1.10973	19
1.11399	19
1.11399	19
1.11681	19
1.11688	19
1.11689	19
1.11689	19
1.12126	19
1.12126	19
1.12147	19
1.12147	19
1.17747	19
1.17747	19
1.17748	19
1.18586	19
1.18587	19
1.18587	19
1.18947	19
1.18949	19
1.18949	19
1.2005	19
1.20233	19
1.20888	19
1.20895	19
1.20901	19
1.21709	19
1.21711	19
1.21711	19
1.21717	19
1.21717	19
1.21729	19
1.21958	19
1.22889	19
1.22896	19
1.22896	19
1.22899	19
1.22902	19
1.22902	19
1.23241	19
1.23245	19
1.23255	19
1.23255	19
1.23571	19
1.25604	19
1.25651	19
1.25653	19
1.25677	19
1.33139	19
1.33139	19
1.33139	19
1.33143	19
1.33178	19
1.33178	19
1.33265	19
1.33533	19
1.33553	19
1.34144	19
1.34144	19
1.34145	19
1.34149	19
1.34566	19
1.34573	19
1.34573	19
1.34573	19
1.34573	19
1.34573	19
1.35388	19
1.35398	19
1.35402	19
1.35402	19
1.35979	19
1.35979	19
1.35979	19
1.36603	19
1.36689	19
1.36689	19
1.37019	19
1.37266	19
1.37267	19
1.37277	19
1.37277	19
1.37473	19
1.37473	19
1.37485	19
1.37485	19
1.3774	19
1.3803	19
1.38034	19
1.41791	19
1.41792	19
1.41795	19
1.41796	19
1.41796	19
1.41801	19
1.41801	19
1.42432	19
1.42441	19
1.42445	19
1.42445	19
1.43295	19
1.44196	19
1.442	19
1.44665	19
1.44902	19
1.44907	19
1.44911	19
1.44915	19
1.45048	19
1.45048	19
1.45079	19
1.45079	19
1.45097	19
1.45098	19
1.45686	19
1.46046	19
1.47112	19
1.47122	19
1.47124	19
1.4751	19
1.4751	19
1.4751	19
1.47512	19
1.4754	19
1.4754	19
1.48402	19
1.48407	19
1.48407	19
1.48407	19
1.49677	19
1.49677	19
1.49677	19
1.49678	19
1.49678	19
1.49678	19
1.49707	19
1.49707	19
1.49708	19
1.4981	19
1.49836	19
1.49836	19
1.50881	19
1.51834	19
1.51835	19
1.51835	19
1.51838	19
1.51838	19
1.5198	19
1.51995	19
1.51995	19
1.52504	19
1.52506	19
1.52507	19
1.52943	19
1.5296	19
1.5296	19
1.53627	19
1.53628	19
1.53628	19
1.54028	19
1.54029	19
1.54029	19
1.54172	19
1.54544	19
1.54564	19
1.55141	19
1.55143	19
1.55144	19
1.55145	19
1.55145	19
1.55244	19
1.55244	19
1.55244	19
1.57165	19
1.57165	19
1.57169	19
1.57169	19
1.58943	19
1.59993	19
1.59993	19
1.59997	19
1.59997	19
1.59999	19
1.59999	19
1.61691	19
1.61691	19
1.61702	19
1.61702	19
1.62067	19
1.62072	19
1.62073	19
1.62073	19
1.63177	19
1.63177	19
1.63177	19
1.63178	19
1.63188	19
1.6319	19
1.6319	19
1.6319	19
1.63347	19
1.63348	19
1.63348	19
1.63431	19
1.63558	19
1.63559	19
1.63568	19
1.63568	19
1.64269	19
1.64269	19
1.64274	19
1.64275	19
1.6447	19
1.64471	19
1.64471	19
1.64471	19
1.6479	19
1.64794	19
1.64796	19
1.64796	19
1.64797	19
1.65103	19
1.65103	19
1.65108	19
1.65295	19
1.65307	19
1.65321	19
1.65321	19
1.65916	19
1.65918	19
1.65919	19
1.66062	19
1.66068	19
1.66068	19
1.679	19
1.67901	19
1.70791	19
1.70794	19
1.70797	19
1.70798	19
1.70798	19
1.70807	19
1.70808	19
1.70813	19
1.70814	19
1.70879	19
1.70883	19
1.70887	19
1.70887	19
1.71038	19
1.71133	19
1.71134	19
1.71355	19
1.71356	19
1.71356	19
1.72218	19
1.72223	19
1.72224	19
1.72748	19
1.72754	19
1.72764	19
1.72764	19
1.72767	19
1.72773	19
1.72773	19
1.72788	19
1.72789	19
1.7299	19
1.72996	19
1.72996	19
1.73144	19
1.73153	19
1.73153	19
1.73208	19
1.73215	19
1.7322	19
1.7322	19
1.73328	19
1.73334	19
1.73334	19
1.73408	19
1.73411	19
1.73412	19
1.73616	19
1.73616	19
1.73618	19
1.73619	19
1.75059	19
1.75066	19
1.75066	19
1.75114	19
1.7517	19
1.75172	19
1.75176	19
1.75178	19
1.75656	19
1.7566	19
1.75662	19
1.75814	19
1.76097	19
1.76099	19
1.76105	19
1.76105	19
1.7611	19
1.76111	19
1.76135	19
1.76137	19
1.76138	19
1.763	19
1.763	19
1.76301	19
1.76628	19
1.76957	19
1.7696	19
1.77445	19
1.77446	19
1.77446	19
1.77452	19
1.77454	19
1.77505	19
1.77506	19
1.77508	19
1.77585	19
1.77589	19
1.77592	19
1.77639	19
1.77912	19
1.77912	19
1.77921	19
1.77922	19
1.7817	19
1.78189	19
1.78194	19
1.78203	19
1.78203	19
1.78716	19
1.78716	19
1.78721	19
1.78722	19
1.78753	19
1.78765	19
1.78765	19
1.78781	19
1.78784	19
1.78785	19
1.80276	19
1.80949	19
1.80957	19
1.80961	19
1.80961	19
1.81677	19
1.8169	19
1.81703	19
1.81704	19
1.81758	19
1.81761	19
1.81762	19
1.8195	19
1.81952	19
1.81953	19
1.82033	19
1.82454	19
1.82457	19
1.82464	19
1.86887	19
1.86888	19
1.86909	19
1.86909	19
1.86912	19
1.86913	19
1.87357	19
1.87704	19
1.87707	19
1.87711	19
1.87712	19
1.88484	19
1.88492	19
1.88496	19
1.88497	19
1.89248	19
1.89248	19
1.89251	19
1.89251	19
1.89275	19
1.89276	19
1.89377	19
1.8938	19
1.89381	19
1.89688	19
1.89689	19
1.89696	19
1.89697	19
1.89794	19
1.89796	19
1.89801	19
1.91092	19
1.91092	19
1.91093	19
1.91099	19
1.91198	19
1.91203	19
1.91205	19
1.91481	19
1.91552	19
1.91565	19
1.92034	19
1.92034	19
1.92034	19
1.92035	19
1.92036	19
1.92442	19
1.92451	19
1.92453	19
1.92645	19
1.92654	19
1.92656	19
1.92787	19
1.92788	19
1.92798	19
1.9304	19
1.93042	19
1.93052	19
1.93053	19
1.93107	19
1.93108	19
1.93109	19
1.93112	19
1.93337	19
1.93427	19
1.93433	19
1.93448	19
1.93732	19
1.93733	19
1.93733	19
1.93735	19
1.93886	19
1.94314	19
1.94334	19
1.94432	19
1.94636	19
1.94641	19
1.94641	19
1.94644	19
1.94713	19
1.94713	19
1.94723	19
1.96592	19
1.966	19
1.966	19
1.96755	19
1.96771	19
1.96771	19
1.97477	19
1.97484	19
1.97484	19
1.97833	19
1.97882	19
1.98737	19
1.98739	19
1.98739	19
1.99891	19
1.99894	19
1.99894	19
2.00446	19
2.00448	19
2.00448	19
2.00808	19
2.00813	19
2.00814	19
2.00815	19
2.01708	19
2.0171	19
2.02641	19
2.02641	19
2.02641	19
2.02642	19
2.02644	19
2.02738	19
2.03134	19
2.03137	19
2.03144	19
2.03144	19
2.03431	19
2.03434	19
2.03434	19
2.03464	19
2.04211	19
2.04217	19
2.04218	19
2.0422	19
2.04609	19
2.04617	19
2.04617	19
2.04619	19
2.07321	19
2.07321	19
2.07322	19
2.07331	19
2.07689	19
2.07689	19
2.07701	19
2.07902	19
2.07902	19
2.07906	19
2.08084	19
2.08085	19
2.08101	19
2.09685	19
2.09685	19
2.09686	19
2.09707	19
2.10337	19
2.10341	19
2.10341	19
2.10341	19
2.10557	19
2.10562	19
2.10562	19
2.10564	19
2.11984	19
2.12405	19
2.12407	19
2.12409	19
2.12409	19
2.12774	19
2.12775	19
2.12775	19
2.12781	19
2.12915	19
2.12916	19
2.12978	19
2.13888	19
2.13889	19
2.13922	19
2.14034	19
2.16068	19
2.16073	19
2.16073	19
2.16795	19
2.16803	19
2.16803	19
2.16805	19
2.16823	19
2.17186	19
2.17189	19
2.1719	19
2.17192	19
2.17531	19
2.17532	19
2.1782	19
2.17929	19
2.17929	19
2.17933	19
2.17933	19
2.18897	19
2.189	19
2.18901	19
2.18901	19
2.19229	19
2.19229	19
2.19285	19
2.19665	19
2.20507	19
2.20508	19
2.20508	19
2.20515	19
2.20521	19
2.20522	19
2.21267	19
2.21268	19
2.2127	19
2.2127	19
2.213	19
2.22422	19
2.22422	19
2.25204	19
2.25204	19
2.2521	19
2.25211	19
2.25404	19
2.25407	19
2.25407	19
2.26228	19
2.26229	19
2.26229	19
2.26738	19
2.2674	19
2.2674	19
2.28335	19
2.28341	19
2.28341	19
2.28347	19
2.28348	19
2.2835	19
2.2947	19
2.2947	19
2.2979	19
2.29792	19
2.29792	19
2.29792	19
2.29883	19
2.30566	19
2.31626	19
2.31626	19
2.31629	19
2.31629	19
2.31632	19
2.32085	19
2.32087	19
2.3209	19
2.32546	19
2.32546	19
2.32546	19
2.32587	19
2.33197	19
2.33198	19
2.33949	19
2.33949	19
2.3395	19
2.3395	19
2.3453	19
2.34829	19
2.34829	19
2.34838	19
2.34838	19
2.34852	19
2.34934	19
2.34935	19
2.34942	19
2.35503	19
2.35503	19
2.35511	19
2.36133	19
2.36142	19
2.36142	19
2.36142	19
2.3615	19
2.37754	19
2.37757	19
2.37757	19
2.38165	19
2.3817	19
2.3817	19
2.39653	19
2.39653	19
2.39662	19
2.39664	19
2.39664	19
2.40711	19
2.40712	19
2.40712	19
2.41065	19
2.4143	19
2.41431	19
2.41432	19
2.41451	19
2.41819	19
2.41819	19
2.41819	19
2.42861	19
2.42861	19
2.42862	19
2.42872	19
2.42935	19
2.42937	19
2.42939	19
2.4294	19
2.43943	19
2.43946	19
2.44441	19
2.44445	19
2.44445	19
2.44451	19
2.45164	19
2.45166	19
2.45174	19
2.45186	19
2.45186	19
2.45186	19
2.4534	19
2.4534	19
2.4534	19
2.4542	19
2.45422	19
2.45428	19
2.46251	19
2.46253	19
2.46254	19
2.47207	19
2.47209	19
2.47846	19
2.47848	19
2.47848	19
2.4785	19
2.47852	19
2.47853	19
2.48167	19
2.48169	19
2.48171	19
2.48171	19
2.48677	19
2.49121	19
2.49123	19
2.49126	19
2.49303	19
2.49304	19
2.49304	19
2.49306	19
2.49586	19
2.49592	19
2.49592	19
2.49597	19
2.50123	19
2.50124	19
2.50126	19
2.50126	19
2.51812	19
2.51812	19
2.51814	19
2.52794	19
2.52795	19
2.52796	19
2.5337	19
2.53374	19
2.53377	19
2.53377	19
2.53491	19
2.53493	19
2.53494	19
2.54778	19
2.54783	19
2.54783	19
2.54974	19
2.54982	19
2.54982	19
2.55686	19
2.56064	19
2.56309	19
2.56313	19
2.56331	19
2.56338	19
2.56473	19
2.56477	19
2.56479	19
2.56479	19
2.57046	19
2.57051	19
2.57051	19
2.58927	19
2.58927	19
2.58931	19
2.59356	19
2.59376	19
2.59376	19
2.59376	19
2.59393	19
2.59394	19
2.59394	19
2.59684	19
2.59687	19
2.59687	19
2.61224	19
2.61224	19
2.61228	19
2.61228	19
2.61518	19
2.62226	19
2.62226	19
2.6223	19
2.6223	19
2.62438	19
2.62442	19
2.62442	19
2.62481	19
2.62481	19
2.62482	19
2.63045	19
2.6306	19
2.6306	19
2.63506	19
2.63516	19
2.63516	19
2.6374	19
2.63743	19
2.63768	19
2.63768	19
2.63817	19
2.63819	19
2.63819	19
2.64904	19
2.64904	19
2.6491	19
2.6491	19
2.66143	19
2.66182	19
2.66184	19
2.66193	19
2.66193	19
2.6656	19
2.66562	19
2.66562	19
2.6674	19
2.66747	19
2.66747	19
2.67254	19
2.67259	19
2.67259	19
2.67656	19
2.67659	19
2.67659	19
2.683	19
2.68333	19
2.68333	19
2.68333	19
2.68335	19
2.68335	19
2.68783	19
2.68789	19
2.68789	19
2.69483	19
2.69483	19
2.69483	19
2.7127	19
2.7127	19
2.71272	19
2.71273	19
2.71273	19
2.71617	19
2.71682	19
2.71686	19
2.7218	19
2.7218	19
2.72183	19
2.72192	19
2.72192	19
2.72317	19
2.72317	19
2.72319	19
2.72319	19
2.72946	19
2.72957	19
2.72957	19
2.73198	19
2.73201	19
2.73201	19
2.73275	19
2.73283	19
2.73283	19
2.7591	19
2.75915	19
2.75915	19
2.77074	19
2.77083	19
2.77083	19
2.78824	19
2.78826	19
2.78827	19
2.78827	19
2.80534	19
2.80534	19
2.80535	19
2.80535	19
2.81655	19
2.81656	19
2.81656	19
2.82092	19
2.82529	19
2.82529	19
2.82534	19
2.82546	19
2.82546	19
2.82838	19
2.82839	19
2.82846	19
2.82846	19
2.83876	19
2.8388	19
2.8388	19
2.84448	19
2.84464	19
2.84464	19
2.84499	19
2.84501	19
2.84501	19
2.84724	19
2.84729	19
2.84742	19
2.84742	19
2.85792	19
2.85793	19
2.85796	19
2.85796	19
2.86486	19
2.86492	19
2.86503	19
2.86504	19
2.8685	19
2.86854	19
2.86855	19
2.86855	19
2.87084	19
2.87488	19
2.87488	19
2.87488	19
2.8749	19
2.8749	19
2.87956	19
2.87963	19
2.87963	19
2.88489	19
2.8849	19
2.8849	19
2.88771	19
2.8879	19
2.8879	19
2.89162	19
2.89172	19
2.89187	19
2.89188	19
2.89965	19
2.89966	19
2.89967	19
2.90642	19
2.91117	19
2.91118	19
2.91119	19
2.91159	19
2.91159	19
2.91734	19
2.91739	19
2.91739	19
2.92235	19
2.92236	19
2.92241	19
2.92251	19
2.92251	19
2.93751	19
2.93751	19
2.93752	19
2.93752	19
2.94579	19
2.94588	19
2.94588	19
2.95286	19
2.97236	19
2.97245	19
2.98077	19
2.98078	19
2.98081	19
2.98081	19
2.98081	19
2.98245	19
2.9825	19
2.9825	19
2.98604	19
2.98613	19
2.98614	19
2.98806	19
2.98806	19
2.98808	19
2.98808	19
2.99375	19
2.99375	19
2.99382	19
2.99382	19
2.99716	19
2.99722	19
2.99722	19
3.01222	19
3.0137	19
3.01377	19
3.0138	19
3.02116	19
3.02116	19
3.02119	19
3.02131	19
3.02131	19
3.02302	19
3.02324	19
3.02324	19
3.02524	19
3.02528	19
3.02547	19
3.02548	19
3.02731	19
3.02743	19
3.02743	19
3.03257	19
3.0418	19
3.05027	19
3.05031	19
3.05033	19
3.06764	19
3.06765	19
3.06765	19
3.06767	19
3.06767	19
3.07444	19
3.07451	19
3.07451	19
3.08354	19
3.08367	19
3.08367	19
3.08806	19
3.08811	19
3.08811	19
3.0908	19
3.09103	19
3.09103	19
3.0966	19
3.09667	19
3.09667	19
3.10279	19
3.11123	19
3.11124	19
3.12125	19
3.12125	19
3.12126	19
3.1213	19
3.12137	19
3.12137	19
3.12756	19
3.12766	19
3.12766	19
3.13088	19
3.13258	19
3.13261	19
3.14487	19
3.1449	19
3.1449	19
3.14498	19
3.14498	19
3.15615	19
3.1562	19
3.1562	19
3.17204	19
3.17204	19
3.17213	19
3.17213	19
3.17878	19
3.17884	19
3.17884	19
3.18327	19
3.19134	19
3.19136	19
3.19138	19
3.1914	19
3.19141	19
3.19944	19
3.19945	19
3.19945	19
3.20006	19
3.20012	19
3.20012	19
3.20953	19
3.20954	19
3.20954	19
3.2117	19
3.21173	19
3.21186	19
3.21186	19
3.22919	19
3.2292	19
3.2292	19
3.22945	19
3.22945	19
3.23967	19
3.23972	19
3.23988	19
3.23988	19
3.24403	19
3.24407	19
3.24407	19
3.24929	19
3.24932	19
3.24933	19
3.24992	19
3.24993	19
3.24993	19
3.25204	19
3.26166	19
3.26167	19
3.27011	19
3.27015	19
3.27015	19
3.27038	19
3.2704	19
3.2704	19
3.27741	19
3.27744	19
3.27744	19
3.28358	19
3.28358	19
3.28359	19
3.28364	19
3.28365	19
3.28367	19
3.28376	19
3.28377	19
3.28672	19
3.29104	19
3.29112	19
3.31562	19
3.31563	19
3.31563	19
3.31571	19
3.31571	19
3.32324	19
3.32333	19
3.32334	19
3.32501	19
3.33988	19
3.33999	19
3.38138	19
3.38139	19
3.38139	19
3.38145	19
3.38146	19
3.38191	19
3.38192	19
3.38193	19
3.38193	19
3.39816	19
3.39828	19
3.39828	19
3.40351	19
3.40774	19
3.40775	19
3.40785	19
3.40803	19
3.40803	19
3.44442	19
3.44442	19
3.44449	19
3.4445	19
3.44739	19
3.45906	19
3.45935	19
3.4604	19
3.4604	19
3.4604	19
3.46043	19
3.46043	19
3.47138	19
3.47144	19
3.47144	19
3.4739	19
3.47395	19
3.47395	19
3.47396	19
3.50045	19
3.50045	19
3.50045	19
3.50046	19
3.50557	19
3.50557	19
3.50557	19
3.50647	19
3.50657	19
3.50659	19
3.51381	19
3.51397	19
3.51397	19
3.51657	19
3.51658	19
3.51658	19
3.52802	19
3.52802	19
3.52825	19
3.52825	19
3.53608	19
3.53609	19
3.53609	19
3.54427	19
3.54428	19
3.54435	19
3.54435	19
3.54798	19
3.54798	19
3.55452	19
3.56589	19
3.56592	19
3.56593	19
3.56596	19
3.56601	19
3.56601	19
3.56751	19
3.56755	19
3.56755	19
3.56992	19
3.56993	19
3.56993	19
3.57079	19
3.57344	19
3.57347	19
3.57347	19
3.57348	19
3.574	19
3.5794	19
3.5794	19
3.57954	19
3.5831	19
3.5831	19
3.58318	19
3.58877	19
3.58881	19
3.58882	19
3.58883	19
3.58885	19
3.58885	19
3.59508	19
3.59509	19
3.59509	19
3.60425	19
3.60435	19
3.60438	19
3.60438	19
3.66444	19
3.66445	19
3.66451	19
3.66452	19
3.67436	19
3.67447	19
3.67447	19
3.69691	19
3.69822	19
3.69822	19
3.70484	19
3.70497	19
3.70497	19
3.7063	19
3.7063	19
3.70655	19
3.70656	19
3.70845	19
3.70855	19
3.70855	19
3.71498	19
3.7206	19
3.72069	19
3.72069	19
3.72072	19
3.72072	19
3.73241	19
3.73644	19
3.73644	19
3.73644	19
3.73645	19
3.74091	19
3.74091	19
3.74102	19
3.74102	19
3.76979	19
3.76979	19
3.76994	19
3.76994	19
3.77805	19
3.77805	19
3.77806	19
3.78202	19
3.78207	19
3.78207	19
3.783	19
3.78301	19
3.78301	19
3.7848	19
3.7852	19
3.78521	19
3.78873	19
3.78884	19
3.78884	19
3.79788	19
3.79791	19
3.79792	19
3.79905	19
3.79913	19
3.79913	19
3.80494	19
3.8051	19
3.80512	19
3.80513	19
3.81521	19
3.81972	19
3.81978	19
3.82067	19
3.82071	19
3.82071	19
3.82075	19
3.82075	19
3.82439	19
3.82461	19
3.82461	19
3.84485	19
3.84485	19
3.84486	19
3.84487	19
3.84679	19
3.8468	19
3.8468	19
3.85849	19
3.85854	19
3.85854	19
3.85854	19
3.86132	19
3.86135	19
3.86135	19
3.87252	19
3.87261	19
3.87261	19
3.87445	19
3.87446	19
3.87446	19
3.87757	19
3.87758	19
3.87763	19
3.87763	19
3.87932	19
3.87934	19
3.87938	19
3.87938	19
3.88205	19
3.88207	19
3.88211	19
3.88211	19
3.90106	19
3.90106	19
3.90119	19
3.90119	19
3.90518	19
3.90521	19
3.90521	19
3.91768	19
3.91768	19
3.91778	19
3.91778	19
3.91872	19
3.9189	19
3.91891	19
3.94901	19
3.94903	19
3.94903	19
3.99315	19
3.99316	19
3.99322	19
3.99323	19
4.00121	19
4.00121	19
4.00138	19
4.0014	19
4.00324	19
4.00632	19
4.02621	19
4.02622	19
4.02622	19
4.02622	19
4.0264	19
4.0264	19
4.02675	19
4.03085	19
4.03087	19
4.03093	19
4.03093	19
4.05022	19
4.05023	19
4.05023	19
4.0503	19
4.0503	19
4.05708	19
4.05734	19
4.05734	19
4.06428	19
4.06432	19
4.06433	19
4.06433	19
4.07501	19
4.07522	19
4.07522	19
4.08442	19
4.08445	19
4.08445	19
4.08449	19
4.08449	19
4.0853	19
4.08573	19
4.08573	19
4.12534	19
4.12535	19
4.12535	19
4.12535	19
4.12855	19
4.12855	19
4.12856	19
4.13729	19
4.14247	19
4.14252	19
4.14258	19
4.14259	19
4.14822	19
4.14829	19
4.14829	19
4.14832	19
4.14837	19
4.14837	19
4.15477	19
4.15479	19
4.15483	19
4.15484	19
4.15601	19
4.15603	19
4.15604	19
4.16175	19
4.2397	19
4.23971	19
4.23971	19
4.23986	19
4.23986	19
4.24838	19
4.24857	19
4.24857	19
4.24869	19
4.24872	19
4.24893	19
4.24894	19
4.25392	19
4.25392	19
4.25394	19
4.25394	19
4.2544	19
4.25444	19
4.25445	19
4.25589	19
4.25594	19
4.25594	19
4.25716	19
4.26121	19
4.26127	19
4.27779	19
4.27782	19
4.27782	19
4.27797	19
4.27797	19
4.27938	19
4.27955	19
4.27956	19
4.2851	19
4.2851	19
4.28513	19
4.28513	19
4.29804	19
4.30633	19
4.30636	19
4.30652	19
4.30653	19
4.31194	19
4.31194	19
4.312	19
4.31201	19
4.31462	19
4.31484	19
4.31485	19
4.31917	19
4.31919	19
4.3192	19
4.31921	19
4.32119	19
4.32124	19
4.32127	19
4.32127	19
4.32207	19
4.32648	19
4.32649	19
4.32807	19
4.32815	19
4.32818	19
4.3282	19
4.33179	19
4.33183	19
4.33183	19
4.33333	19
4.33338	19
4.33338	19
4.39476	19
4.39477	19
4.39477	19
4.39478	19
4.40536	19
4.40538	19
4.40539	19
4.40589	19
4.41063	19
4.41064	19
4.41073	19
4.4158	19
4.4159	19
4.41591	19
4.41592	19
4.41593	19
4.45665	19
4.45665	19
4.45665	19
4.45666	19
4.45966	19
4.45977	19
4.45977	19
4.46402	19
4.46402	19
4.46402	19
4.46676	19
4.46682	19
4.46682	19
4.46922	19
4.46925	19
4.46925	19
4.47184	19
4.47291	19
4.47292	19
4.47316	19
4.47316	19
4.47646	19
4.47682	19
4.47683	19
4.4771	19
4.4771	19
4.48601	19
4.48601	19
4.48624	19
4.48625	19
4.48852	19
4.48859	19
4.48859	19
4.52102	19
4.52105	19
4.52105	19
4.52113	19
4.52114	19
4.53098	19
4.531	19
4.531	19
4.53621	19
4.53624	19
4.53625	19
4.53987	19
4.53988	19
4.53988	19
4.55205	19
4.55217	19
4.55217	19
4.57704	19
4.57704	19
4.57711	19
4.57711	19
4.58226	19
4.58227	19
4.58227	19
4.58764	19
4.58771	19
4.58771	19
4.59793	19
4.59793	19
4.59794	19
4.60046	19
4.60059	19
4.60059	19
4.60112	19
4.60114	19
4.60114	19
4.60801	19
4.60811	19
4.60818	19
4.60819	19
4.62517	19
4.62519	19
4.62519	19
4.63467	19
4.63471	19
4.63471	19
4.63725	19
4.63738	19
4.63738	19
4.66489	19
4.66489	19
4.66493	19
4.66494	19
4.66543	19
4.6723	19
4.69054	19
4.69056	19
4.69066	19
4.71091	19
4.71092	19
4.71092	19
4.71098	19
4.71099	19
4.71461	19
4.71469	19
4.71469	19
4.72487	19
4.72487	19
4.72489	19
4.72489	19
4.72543	19
4.72545	19
4.72545	19
4.73358	19
4.73358	19
4.73358	19
4.73359	19
4.73795	19
4.73799	19
4.738	19
4.73807	19
4.73816	19
4.73817	19
4.74058	19
4.74067	19
4.74067	19
4.76718	19
4.7672	19
4.76722	19
4.77679	19
4.78529	19
4.78531	19
4.78533	19
4.78533	19
4.78896	19
4.78904	19
4.78904	19
4.79217	19
4.79224	19
4.79224	19
4.79738	19
4.81209	19
4.8121	19
4.8121	19
4.8121	19
4.8121	19
4.81465	19
4.81466	19
4.81467	19
4.82347	19
4.8303	19
4.83035	19
4.83035	19
4.83043	19
4.83044	19
4.83058	19
4.83066	19
4.83081	19
4.83082	19
4.831	19
4.83102	19
4.83103	19
4.83375	19
4.83402	19
4.83403	19
4.85077	19
4.86834	19
4.86839	19
4.86839	19
4.86841	19
4.86841	19
4.87576	19
4.87579	19
4.87579	19
4.88689	19
4.88704	19
4.88706	19
4.88806	19
4.88806	19
4.88808	19
4.90313	19
4.90327	19
4.90327	19
4.9065	19
4.90652	19
4.90655	19
4.92175	19
4.92177	19
4.92177	19
4.93466	19
4.93468	19
4.93468	19
4.93618	19
4.93625	19
4.9363	19
4.93631	19
4.94324	19
4.9438	19
4.94398	19
4.97019	19
4.97026	19
4.97026	19
4.98079	19
4.9808	19
4.9808	19
4.98087	19
4.98088	19
4.981	19
4.98299	19
4.98317	19
5.82096	19
5.82097	19
5.82097	19
5.82097	19
5.82098	19
5.82412	19
5.82415	19
5.82416	19
5.84213	19
5.84336	19
5.84343	19
5.84344	19
5.84344	19
5.84376	19
5.8438	19
5.84381	19
5.84381	19
5.84448	19
5.84454	19
5.84454	19
5.87937	19
5.87937	19
5.87959	19
5.87959	19
5.87973	19
5.87974	19
5.87984	19
5.87985	19
5.88671	19
5.88672	19
5.88673	19
5.88673	19
5.88756	19
5.8877	19
5.8877	19
5.8878	19
5.88807	19
5.88808	19
5.91517	19
5.9152	19
5.91522	19
5.91983	19
5.91987	19
5.91987	19
5.92366	19
5.92374	19
5.92375	19
5.92674	19
5.94222	19
5.94226	19
5.94226	19
5.94227	19
5.94227	19
5.94653	19
5.94654	19
5.94654	19
5.95105	19
5.95113	19
5.95114	19
5.95685	19
5.95685	19
5.95686	19
5.97046	19
5.97049	19
5.9705	19
5.97051	19
5.98063	19
5.98065	19
5.98076	19
5.98077	19
5.98405	19
5.98414	19
5.98415	19
5.98415	19
5.98818	19
5.98825	19
5.98826	19
5.99179	19
5.99184	19
5.99184	19
6.00046	19
6.00048	19
6.00048	19
6.0005	19
6.00051	19
6.02916	19
6.02917	19
6.02923	19
6.02924	19
6.03247	19
6.03248	19
6.03249	19
6.03382	19
6.03382	19
6.03398	19
6.03398	19
6.03961	19
6.03961	19
6.03962	19
6.05155	19
6.05155	19
6.05157	19
6.05158	19
6.05745	19
6.06355	19
6.06375	19
6.06947	19
6.06952	19
6.06952	19
6.0697	19
6.06971	19
6.07208	19
6.07235	19
6.07235	19
6.07529	19
6.07533	19
6.07536	19
6.07536	19
6.08002	19
6.08003	19
6.0801	19
6.0801	19
6.08238	19
6.08261	19
6.08262	19
6.08998	19
6.08999	19
6.09	19
6.09556	19
6.10816	19
6.10817	19
6.10817	19
6.10817	19
6.10819	19
6.1082	19
6.10821	19
6.10821	19
6.14504	19
6.14504	19
6.14529	19
6.1453	19
6.14856	19
6.1494	19
6.14951	19
6.14962	19
6.14962	19
6.15283	19
6.15286	19
6.15286	19
6.16692	19
6.16694	19
6.16694	19
6.17037	19
6.21072	19
6.21072	19
6.21072	19
6.21083	19
6.21084	19
6.21321	19
6.21336	19
6.21336	19
6.23479	19
6.23479	19
6.23494	19
6.23494	19
6.23634	19
6.23646	19
6.23647	19
6.23744	19
6.2375	19
6.23924	19
6.23925	19
6.24882	19
6.24906	19
6.24915	19
6.24916	19
6.25145	19
6.25151	19
6.25153	19
6.25155	19
6.26184	19
6.26618	19
6.26622	19
6.2663	19
6.28683	19
6.28684	19
6.28684	19
6.28686	19
6.28688	19
6.29465	19
6.29466	19
6.29467	19
6.31309	19
6.31314	19
6.31317	19
6.31318	19
6.32444	19
6.32449	19
6.3245	19
6.32452	19
6.33877	19
6.34218	19
6.34219	19
6.34227	19
6.34227	19
6.3437	19
6.34372	19
6.34373	19
6.34373	19
6.34611	19
6.34616	19
6.34616	19
6.35294	19
6.353	19
6.353	19
6.35301	19
6.36115	19
6.36115	19
6.36139	19
6.3614	19
6.36563	19
6.36564	19
6.36564	19
6.37333	19
6.37342	19
6.37344	19
6.38837	19
6.38846	19
6.38848	19
6.38848	19
6.39265	19
6.39266	19
6.39267	19
6.39272	19
6.40444	19
6.40445	19
6.40449	19
6.40449	19
6.41165	19
6.41169	19
6.41183	19
6.41184	19
6.43476	19
6.43476	19
6.43483	19
6.43484	19
6.44889	19
6.44901	19
6.44902	19
6.45403	19
6.45428	19
6.45431	19
6.47205	19
6.47208	19
6.47213	19
6.47213	19
6.47939	19
6.47942	19
6.47944	19
6.49338	19
6.49341	19
6.49343	19
6.49467	19
6.53446	19
6.53464	19
6.53465	19
6.53472	19
6.53472	19
6.53482	19
6.53757	19
6.5376	19
6.53766	19
6.53766	19
6.5419	19
6.54197	19
6.54197	19
6.54578	19
6.56555	19
6.56558	19
6.56558	19
6.56577	19
6.56577	19
6.57753	19
6.57759	19
6.57763	19
6.58051	19
6.58067	19
6.58067	19
6.58479	19
6.58482	19
6.58489	19
6.58489	19
6.58814	19
6.59244	19
6.59245	19
6.59246	19
6.59247	19
6.59547	19
6.62768	19
6.62775	19
6.64041	19
6.64041	19
6.64042	19
6.64042	19
6.64044	19
6.64611	19
6.64613	19
6.64616	19
6.65029	19
6.65032	19
6.65046	19
6.65047	19
6.65137	19
6.65138	19
6.65144	19
6.65145	19
6.65151	19
6.65153	19
6.65165	19
6.65166	19
6.65303	19
6.6533	19
6.65332	19
6.65638	19
6.65638	19
6.65644	19
6.65948	19
6.65949	19
6.65965	19
6.65966	19
6.66152	19
6.66155	19
6.66155	19
6.66814	19
6.66821	19
6.66825	19
6.67101	19
6.68735	19
6.68735	19
6.68745	19
6.68746	19
6.68756	19
6.70739	19
6.70743	19
6.72067	19
6.72072	19
6.72072	19
6.72093	19
6.72093	19
6.72426	19
6.72605	19
6.72614	19
6.81007	19
6.81011	19
6.81011	19
6.81027	19
6.81028	19
6.82589	19
6.82593	19
6.82593	19
6.82815	19
6.83146	19
6.83147	19
6.83155	19
6.83155	19
6.83546	19
6.83558	19
6.83558	19
6.83806	19
6.83813	19
6.83815	19
6.85437	19
6.85442	19
6.85464	19
6.85466	19
6.85565	19
6.85569	19
6.85578	19
6.87494	19
6.87495	19
6.875	19
6.875	19
6.8839	19
6.88396	19
6.88398	19
6.88553	19
6.88554	19
6.88571	19
6.88572	19
6.89334	19
6.8936	19
6.89363	19
6.8961	19
6.90095	19
6.90136	19
6.90137	19
6.90142	19
6.90143	19
6.9048	19
6.90481	19
6.90542	19
6.90543	19
6.90544	19
6.90828	19
6.91052	19
6.91055	19
6.91222	19
6.91224	19
6.9123	19
6.91233	19
6.93063	19
6.93066	19
6.93076	19
6.93077	19
6.93816	19
6.93834	19
6.93834	19
6.9393	19
6.93931	19
6.93932	19
6.93933	19
6.95117	19
6.95117	19
6.95117	19
6.95127	19
6.95128	19
6.95176	19
6.95179	19
6.95183	19
6.95183	19
6.96559	19
6.9656	19
6.96562	19
6.98384	19
6.98392	19
6.98392	19
6.98393	19
6.98393	19
6.98712	19
6.98794	19
6.98812	19
7.00101	19
7.00102	19
7.00102	19
7.00105	19
7.00106	19
7.00845	19
7.00848	19
7.00851	19
7.00851	19
7.0124	19
7.01254	19
7.01254	19
7.01693	19
7.017	19
7.01701	19
7.04498	19
7.04499	19
7.05882	19
7.05882	19
7.05882	19
7.05887	19
7.05889	19
7.07595	19
7.07607	19
7.07607	19
7.09456	19
7.09466	19
7.09466	19
7.09469	19
7.10809	19
7.1081	19
7.10923	19
7.10925	19
7.13674	19
7.14014	19
7.14014	19
7.14269	19
7.15249	19
7.1525	19
7.76546	19
7.76552	19
7.76553	19
7.76637	19
7.76638	19
7.76756	19
7.77488	19
7.77489	19
7.77495	19
7.77496	19
7.7861	19
7.78614	19
7.7862	19
7.78621	19
7.79052	19
7.79052	19
7.79055	19
7.79094	19
7.79103	19
7.79106	19
7.79113	19
7.79115	19
7.80946	19
7.80954	19
7.80959	19
7.82032	19
7.82032	19
7.82037	19
7.82038	19
7.8243	19
7.82435	19
7.82436	19
7.82935	19
7.82965	19
7.8297	19
7.83066	19
7.83068	19
7.83071	19
7.86509	19
7.86509	19
7.86517	19
7.86519	19
7.90453	19
7.90455	19
7.90462	19
7.90466	19
7.90901	19
7.9097	19
7.90978	19
7.90986	19
7.90996	19
7.91276	19
7.91282	19
7.91287	19
7.91288	19
7.91351	19
7.91357	19
7.91363	19
7.91427	19
7.92827	19
7.9283	19
7.92831	19
7.92832	19
7.92832	19
7.9365	19
7.93653	19
7.93653	19
7.93662	19
7.93756	19
7.93763	19
7.93764	19
7.93766	19
7.93795	19
7.93796	19
7.93813	19
7.93814	19
7.99126	19
7.99129	19
7.9913	19
7.99138	19
7.99139	19
8.00057	19
8.00283	19
8.00635	19
8.00636	19
8.0064	19
8.16958	19
8.16959	19
8.16959	19
8.16964	19
8.16967	19
8.17025	19
8.17025	19
8.17028	19
8.17176	19
8.17178	19
8.17188	19
8.17189	19
8.18569	19
8.18584	19
8.18585	19
8.20704	19
8.20709	19
8.20709	19
8.21098	19
8.21099	19
8.21102	19
8.21185	19
8.21195	19
8.21196	19
8.2131	19
8.21312	19
8.21312	19
8.22506	19
8.22506	19
8.22507	19
8.22518	19
8.22757	19
8.22767	19
8.22767	19
8.23622	19
8.23628	19
8.2363	19
8.24073	19
8.24077	19
8.24082	19
8.24082	19
8.31373	19
8.31373	19
8.31376	19
8.31388	19
8.33516	19
8.33528	19
8.33528	19
8.3391	19
8.33913	19
8.33917	19
8.33918	19
8.34343	19
8.34346	19
8.34353	19
8.36175	19
8.36178	19
8.36179	19
8.36186	19
8.36196	19
8.362	19
8.36453	19
8.36461	19
8.36464	19
8.37538	19
8.37539	19
8.37545	19
8.37547	19
8.37871	19
8.37887	19
8.37887	19
8.39459	19
8.39466	19
8.39466	19
8.40318	19
8.40336	19
8.4034	19
8.41377	19
8.41378	19
8.41379	19
8.4138	19
8.42004	19
8.42007	19
8.42015	19
8.42016	19
8.44124	19
8.44135	19
8.44138	19
8.45637	19
8.47837	19
8.47843	19
8.47844	19
8.47846	19
8.47847	19
8.47954	19
8.47954	19
8.47955	19
8.4839	19
8.49246	19
8.49255	19
8.49872	19
8.4988	19
8.4988	19
8.50633	19
8.50644	19
8.53156	19
8.53158	19
8.53159	19
8.53166	19
8.53168	19
8.53374	19
8.53377	19
8.53402	19
8.5341	19
8.53865	19
8.53867	19
8.53873	19
8.53876	19
8.55131	19
8.55133	19
8.55147	19
8.55148	19
8.55687	19
8.55694	19
8.55695	19
8.56824	19
8.56824	19
8.56832	19
8.56833	19
8.57419	19
8.57426	19
8.57427	19
8.58559	19
8.58561	19
8.58561	19
8.59373	19
8.59864	19
8.60414	19
8.60418	19
8.60419	19
8.61692	19
8.61696	19
8.61697	19
8.61697	19
8.617	19
8.65633	19
8.65988	19
8.65989	19
8.66016	19
8.66017	19
8.66024	19
8.66108	19
8.6611	19
8.66113	19
8.66978	19
8.6698	19
8.66987	19
8.68503	19
8.68508	19
8.68512	19
8.69395	19
8.69414	19
8.69419	19
8.6977	19
8.69778	19
8.69781	19
8.70004	19
8.70006	19
8.7001	19
8.70103	19
8.70109	19
8.70116	19
8.72595	19
8.72598	19
8.72598	19
8.77611	19
8.77612	19
8.77615	19
8.77615	19
8.77616	19
8.77621	19
8.78191	19
8.78356	19
8.78365	19
8.80396	19
8.80396	19
8.80397	19
8.80406	19
8.80409	19
8.80831	19
8.80835	19
8.80838	19
8.81644	19
8.83748	19
8.83751	19
8.83777	19
8.84427	19
8.85296	19
8.85311	19
8.85315	19
8.85316	19
8.85317	19
8.85332	19
8.87571	19
8.87575	19
8.8758	19
8.88585	19
8.88603	19
8.88607	19
8.8871	19
8.88715	19
8.8872	19
8.88745	19
8.8948	19
8.89481	19
8.89488	19
8.89488	19
8.8965	19
8.8965	19
8.89659	19
8.89659	19
8.90004	19
8.90016	19
8.90019	19
8.9042	19
8.90422	19
8.90426	19
8.90428	19
8.90486	19
8.90506	19
8.90512	19
8.92416	19
8.92426	19
8.92427	19
8.93882	19
8.93884	19
8.93884	19
8.93894	19
8.93917	19
8.96028	19
8.96646	19
8.96649	19
8.97165	19
8.97166	19
8.97166	19
8.97167	19
8.9717	19
8.97646	19
8.97649	19
8.97649	19
8.98601	19
8.98604	19
8.98604	19
9.00812	19
9.00817	19
9.00818	19
9.00836	19
9.00846	19
9.01605	19
9.03138	19
9.03139	19
9.03139	19
9.0314	19
9.03151	19
9.03185	19
9.03186	19
9.03205	19
9.04232	19
9.04236	19
9.04244	19
9.04691	19
9.04931	19
9.04937	19
9.0494	19
9.05669	19
9.05672	19
9.05675	19
9.05679	19
9.05688	19
9.06234	19
9.06259	19
9.0626	19
9.06654	19
9.06655	19
9.06669	19
9.06673	19
9.06734	19
9.06735	19
9.06754	19
9.06756	19
9.07223	19
9.07225	19
9.0723	19
9.07231	19
9.08165	19
9.08169	19
9.08174	19
9.08175	19
9.0818	19
9.08183	19
9.08247	19
9.08251	19
9.08301	19
9.08349	19
9.0835	19
9.08369	19
9.08374	19
9.08578	19
9.08581	19
9.08583	19
9.08585	19
9.11075	19
9.11077	19
9.11079	19
9.11116	19
9.1173	19
9.11738	19
9.11739	19
9.11762	19
9.11898	19
9.11914	19
9.11918	19
9.11922	19
9.1195	19
9.11951	19
9.11956	19
9.11957	19
9.13136	19
9.1314	19
9.13141	19
9.13238	19
9.13857	19
9.13857	19
9.13858	19
9.14193	19
9.16782	19
9.16784	19
9.16785	19
9.16786	19
9.16806	19
9.16809	19
9.16815	19
9.16895	19
9.16928	19
9.16936	19
9.17044	19
9.17067	19
9.17072	19
9.17207	19
9.17207	19
9.17207	19
9.17883	19
9.18949	19
9.18993	19
9.18995	19
9.21986	19
9.21989	19
9.21989	19
9.21995	19
9.22675	19
9.22676	19
9.22676	19
9.22966	19
9.22966	19
9.22999	19
9.24438	19
9.24447	19
9.2445	19
9.24451	19
9.24607	19
9.2461	19
9.2461	19
9.24615	19
9.25513	19
9.25514	19
9.25518	19
9.27537	19
9.27537	19
9.27542	19
9.28676	19
9.28676	19
9.28684	19
9.29762	19
9.29763	19
9.29777	19
9.32959	19
9.3296	19
9.32973	19
9.34057	19
9.34058	19
9.34061	19
9.34811	19
9.34813	19
9.34813	19
9.34816	19
9.37175	19
9.37176	19
9.37177	19
9.37195	19
9.374	19
9.38934	19
9.38936	19
9.38936	19
9.38938	19
9.39497	19
9.39662	19
9.39666	19
9.39667	19
9.39668	19
9.41522	19
9.41524	19
9.41527	19
9.44031	19
9.44032	19
9.44042	19
9.47186	19
9.47188	19
9.47188	19
9.47202	19
9.47241	19
9.47241	19
9.47241	19
9.47247	19
9.47605	19
9.47605	19
9.47607	19
9.47609	19
9.48516	19
9.48517	19
9.48533	19
9.52483	19
9.52483	19
9.52487	19
9.53226	19
9.53226	19
9.53243	19
9.53945	19
9.53945	19
9.53948	19
9.54245	19
9.55458	19
9.55458	19
9.55458	19
9.55458	19
9.55833	19
9.55833	19
9.55837	19
9.55844	19
9.61304	19
9.61306	19
9.61308	19
9.61647	19
9.61649	19
9.6165	19
9.61653	19
9.63008	19
9.63008	19
9.63008	19
9.63066	19
9.63066	19
9.63078	19
9.63686	19
9.63695	19
9.63696	19
9.63704	19
9.64548	19
9.66729	19
9.66729	19
9.6673	19
9.66757	19
9.66921	19
9.66921	19
9.66932	19
9.67219	19
9.6722	19
9.67222	19
9.67223	19
9.67224	19
9.67224	19
9.69758	19
9.69764	19
9.69765	19
9.69776	19
9.78881	19
9.78991	19
9.78991	19
9.79074	19
9.81131	19
9.81133	19
9.81134	19
9.81145	19
10.1931	19
10.1931	19
10.1942	19
10.196	19
10.1961	19
10.1961	19
10.1961	19
10.2157	19
10.2157	19
10.2158	19
10.2179	19
10.2179	19
10.218	19
10.2192	19
10.2192	19
10.2192	19
10.223	19
10.223	19
10.2234	19
10.2464	19
10.252	19
10.252	19
10.2521	19
10.2521	19
10.2594	19
10.2594	19
10.2594	19
10.2651	19
10.2651	19
10.2652	19
10.2884	19
10.297	19
10.2981	19
10.2981	19
10.2982	19
10.2982	19
10.2982	19
10.2987	19
10.2994	19
10.3647	19
10.3648	19
10.3648	19
10.3648	19
10.4017	19
10.4018	19
10.4018	19
10.4105	19
10.4105	19
10.4105	19
10.4106	19
10.4106	19
10.4319	19
10.4319	19
10.432	19
10.4321	19
10.4345	19
10.4346	19
10.4347	19
10.4348	19
10.4667	19
10.4667	19
10.4669	19
10.4842	19
10.4843	19
10.4843	19
10.4872	19
10.5188	19
10.5188	19
10.5188	19
10.5188	19
10.5346	19
10.5346	19
10.5349	19
10.5783	19
10.5783	19
10.5832	19
10.5833	19
10.5833	19
10.5833	19
10.6023	19
10.6023	19
10.6023	19
10.6024	19
10.6173	19
10.6174	19
10.6174	19
10.6174	19
10.6263	19
10.6264	19
10.6264	19
11.0281	19
11.0281	19
11.0292	19
11.0409	19
11.0409	19
11.041	19
11.0775	19
11.0775	19
11.0775	19
11.1654	19
11.1654	19
11.1667	19
11.1798	19
11.1798	19
11.1799	19
11.2006	19
11.2006	19
11.2006	19
11.2119	19
11.2187	19
11.2187	19
11.2188	19
11.2188	19
11.2447	19
11.2447	19
11.2448	19
11.2483	19
11.2747	19
11.2747	19
11.2747	19
11.275	19
11.278	19
11.278	19
11.278	19
11.4044	19
11.4044	19
11.4066	19
11.4462	19
11.4462	19
11.4463	19
11.4521	19
11.4521	19
11.4521	19
11.4549	19
11.4573	19
11.4573	19
11.4573	19
11.4574	19
11.4951	19
11.4951	19
11.4952	19
11.5002	19
11.5002	19
11.5003	19
11.5004	19
11.5104	19
11.5104	19
11.5132	19
11.5132	19
11.5133	19
11.5133	19
11.5133	19
11.5274	19
11.5274	19
11.5274	19
11.5412	19
11.5412	19
11.5413	19
11.5424	19
11.5425	19
11.5425	19
11.571	19
11.571	19
11.5715	19
11.5731	19
11.5731	19
11.5731	19
11.617	19
11.617	19
11.617	19
11.6228	19
11.6228	19
11.6228	19
11.6228	19
11.6373	19
11.6373	19
11.6373	19
12.2436	19
12.2436	19
12.2442	19
12.2509	19
12.2545	19
12.2545	19
12.2546	19
12.2546	19
12.2637	19
12.2637	19
12.2637	19
12.2638	19
12.2641	19
12.2724	19
12.2724	19
12.2724	19
12.2725	19
12.2827	19
12.2829	19
12.2829	19
12.2829	19
12.3238	19
12.3238	19
12.3266	19
12.9849	19
12.9849	19
12.9901	19
13.004	19
13.004	19
13.004	19
13.0153	19
13.0154	19
13.02	19
13.02	19
13.0201	19
13.0201	19
13.063	19
13.0631	19
13.0631	19
13.0633	19
13.8368	19
13.8368	19
13.8376	19
13.8669	19
13.8669	19
13.8669	19
13.8669	19
13.8816	19
13.8874	19
13.8875	19
13.8875	19
13.8875	19
13.8998	19
13.8999	19
13.8999	19
13.8999	19
13.9044	19
13.9045	19
13.9045	19
13.9045	19
13.9239	19
13.9239	19
13.924	19
13.9262	19
13.9262	19
13.9282	19
13.943	19
13.943	19
13.943	19
13.943	19
15.2665	19
15.2665	19
15.269	19
15.3746	19
15.3746	19
15.3761	19
15.3761	19
15.3763	19
15.3763	19
15.3805	19
15.3914	19
15.3914	19
15.3915	19
15.3917	19
15.3917	19
15.3917	19
15.4718	19
15.4719	19
15.4719	19
15.4783	19
15.4783	19
15.4783	19
15.4878	19
15.4879	19
15.4879	19
15.5098	19
15.5098	19
15.5098	19
15.5098	19
15.5143	19
15.5143	19
15.5143	19
15.5144	19
15.5248	19
15.5248	19
15.5249	19
15.5268	19
15.5268	19
15.5268	19
15.5269	19
15.5604	19
15.5604	19
15.5604	19
15.5605	19
15.562	19
15.562	19
15.5621	19
15.5635	19
15.5636	19
15.5636	19
15.5637	19
15.5656	19
15.5656	19
15.5656	19
15.5983	19
15.5983	19
15.5984	19
15.6027	19
15.6027	19
15.6027	19
15.6242	19
15.6242	19
15.6245	19
15.6445	19
15.6445	19
15.6446	19
15.6594	19
15.6594	19
15.6594	19
15.6594	19
15.6824	19
15.6824	19
15.6825	19
15.7061	19
15.7061	19
15.7062	19
15.7142	19
15.7142	19
15.7143	19
15.7143	19
15.7143	19
15.7247	19
15.7247	19
15.7247	19
15.7283	19
15.7283	19
15.7284	19
15.7727	19
15.7727	19
15.7727	19
15.8152	19
15.8153	19
15.8153	19
15.8198	19
15.8198	19
15.8199	19
15.8541	19
15.8557	19
15.8557	19
15.8557	19
15.8558	19
15.8645	19
15.8645	19
15.8686	19
15.8924	19
15.8924	19
15.8924	19
15.8925	19
15.8939	19
15.894	19
15.894	19
15.8941	19
15.903	19
15.9032	19
15.9032	19
15.9033	19
15.923	19
15.931	19
15.931	19
15.931	19
15.9311	19
15.9487	19
15.981	19
15.9812	19
15.9812	19
15.9812	19
16.0022	19
16.0022	19
16.0024	19
16.0401	19
16.0401	19
16.0402	19
16.0751	19
16.0751	19
16.0751	19
16.0814	19
16.0814	19
16.0816	19
17.6304	19
17.6304	19
17.638	19
17.6406	19
17.6406	19
17.6406	19
17.6406	19
17.6546	19
17.6546	19
17.6546	19
17.6546	19
17.6653	19
17.6708	19
17.6708	19
17.6708	19
17.6709	19
18.2314	19
18.2314	19
18.2318	19
18.2345	19
18.2346	19
18.2388	19
18.239	19
18.239	19
18.2391	19
18.2566	19
18.2566	19
18.2566	19
18.2567	19
18.7337	19
18.7337	19
18.7357	19
18.7419	19
18.7419	19
18.7419	19
18.7422	19
18.7422	19
18.7422	19
18.7525	19
18.7525	19
18.7526	19
18.7751	19
18.7751	19
18.784	19
18.784	19
18.784	19
18.784	19
18.8105	19
18.8105	19
18.8105	19
18.8106	19
18.8145	19
18.8145	19
18.8145	19
18.824	19
18.824	19
18.824	19
18.824	19
18.9271	19
18.9271	19
18.9277	19
18.9349	19
18.9349	19
18.9349	19
18.9349	19
18.9478	19
18.9586	19
18.9586	19
18.9586	19
18.9587	19
18.9598	19
18.9598	19
18.9599	19
18.9695	19
18.9695	19
18.9695	19
18.9762	19
18.9762	19
18.9763	19
18.9802	19
18.9802	19
18.9803	19
18.9803	19
18.9859	19
18.986	19
18.986	19
18.9861	19
19.0266	19
19.0267	19
19.0267	19
19.0268	19
19.0492	19
19.0492	19
19.0492	19
19.0526	19
19.0588	19
19.0638	19
19.0638	19
19.0682	19
19.0682	19
19.0948	19
19.0949	19
19.112	19
19.112	19
19.112	19
19.112	19
19.112	19
19.1292	19
19.1292	19
19.1293	19
19.1296	19
19.1297	19
19.1297	19
19.1297	19
19.1297	19
19.1297	19
19.1297	19
19.1349	19
19.1349	19
19.1351	19
19.1676	19
19.1676	19
19.1678	19
19.541	19
19.5412	19
19.5412	19
19.5431	19
19.5449	19
19.545	19
19.545	19
19.5451	19
19.9798	19
19.9799	19
19.9804	19
20.9898	19
20.9898	19
21.001	19
21.001	19
21.0036	19
21.0036	19
21.0037	19
21.0037	19
21.0183	19
21.0184	19
21.0184	19
21.0185	19
21.0537	19
21.0537	19
21.0537	19
21.0668	19
21.0668	19
21.0669	19
21.0922	19
21.0922	19
21.0922	19
21.0922	19
21.1484	19
21.1484	19
21.1484	19
21.1513	19
21.159	19
21.159	19
21.159	19
21.1594	19
21.1595	19
21.1595	19
21.1596	19
21.1596	19
21.1622	19
21.1622	19
21.1622	19
21.1622	19
21.1867	19
21.1867	19
21.1912	19
21.1912	19
21.1913	19
21.1913	19
21.2156	19
21.2156	19
21.2157	19
21.2157	19
21.2157	19
21.2444	19
21.2444	19
21.2444	19
21.2445	19
21.2596	19
21.2597	19
21.2597	19
21.2597	19
21.2676	19
21.2676	19
21.2677	19
21.2678	19
21.2751	19
21.2751	19
21.2752	19
23.4907	19
23.4907	19
23.4928	19
23.5115	19
23.5115	19
23.5117	19
23.5305	19
23.5305	19
23.5307	19
23.536	19
23.536	19
23.536	19
23.536	19
23.7448	19
23.7449	19
23.745	19
23.7818	19
23.7818	19
23.7818	19
23.7854	19
23.7855	19
23.7855	19
23.7855	19
23.8164	19
23.8164	19
23.8166	19
23.8224	19
23.8225	19
23.8452	19
23.8453	19
23.8453	19
23.8453	19
23.8454	19
23.8516	19
23.8802	19
23.8803	19
23.8803	19
23.8803	19
23.8881	19
23.8881	19
23.8881	19
23.8883	19
23.8906	19
23.8906	19
23.8907	19
23.901	19
23.9011	19
23.9011	19
23.9011	19
23.9539	19
23.9539	19
23.954	19
23.954	19
23.9541	19
24.0037	19
24.0037	19
24.0038	19
24.009	19
24.009	19
24.009	19
24.0158	19
24.0158	19
24.0158	19
24.0228	19
24.0228	19
24.0228	19
24.0228	19
24.0281	19
24.0281	19
24.0281	19
24.0281	19
24.085	19
24.085	19
24.085	19
24.0851	19
24.0854	19
24.0854	19
24.0855	19
24.0856	19
24.096	19
24.096	19
24.096	19
24.1136	19
24.1136	19
24.1136	19
24.1292	19
24.1292	19
24.1292	19
24.1398	19
24.1398	19
24.1398	19
24.144	19
24.1503	19
24.1503	19
24.1503	19
24.1504	19
24.1648	19
24.1648	19
24.1648	19
24.1655	19
24.1655	19
24.1655	19
24.1656	19
24.1694	19
24.1695	19
24.1695	19
24.1876	19
24.1876	19
24.1876	19
24.1877	19
24.1959	19
24.1959	19
24.1961	19
24.2083	19
24.2083	19
24.2084	19
24.2529	19
24.2529	19
24.2529	19
24.254	19
24.2541	19
24.2541	19
24.2542	19
24.2571	19
24.2571	19
24.2571	19
24.2572	19
24.259	19
24.2591	19
24.2591	19
24.5971	19
24.5971	19
24.6006	19
24.6273	19
24.6273	19
24.6273	19
24.6356	19
24.6357	19
24.6357	19
25.1431	19
25.1432	19
25.1435	19
25.2694	19
25.2694	19
25.2762	19
25.2834	19
25.2834	19
25.2834	19
25.3234	19
25.3235	19
25.3235	19
25.3246	19
25.3246	19
25.3246	19
25.3246	19
25.3254	19
25.3255	19
25.3255	19
25.3255	19
25.3258	19
25.3259	19
25.3259	19
25.3285	19
25.3287	19
25.3287	19
25.3287	19
25.3328	19
25.3527	19
25.3528	19
25.3528	19
25.3529	19
25.4063	19
25.4121	19
25.4122	19
27.6921	19
27.6922	19
27.6922	19
27.6932	19
27.7196	19
27.7196	19
27.7197	19
27.7251	19
27.7252	19
27.7252	19
27.7404	19
27.7405	19
27.7405	19
27.7405	19
28.6436	19
28.6437	19
28.6454	19
28.6612	19
28.6612	19
28.6612	19
28.665	19
28.665	19
28.6677	19
28.6909	19
28.691	19
28.6911	19
29.4627	19
29.4674	19
29.4674	19
29.4693	19
29.4791	19
29.4852	19
29.4854	19
29.4854	19
29.4857	19
29.49	19
29.49	19
29.49	19
29.4901	19
29.4927	19
29.4927	19
29.4927	19
29.5624	19
29.5625	19
29.5626	19
29.5628	19
29.5661	19
29.5662	19
29.5662	19
29.5755	19
29.5756	19
29.5756	19
29.582	19
29.582	19
29.582	19
29.5821	19
29.5822	19
29.6155	19
29.6155	19
29.6181	19
29.6216	19
29.6216	19
29.6217	19
30.2138	19
30.2139	19
30.2156	19
30.2157	19
30.2158	19
30.2159	19
30.2207	19
30.2243	19
30.2244	19
30.2244	19
30.2244	19
30.2363	19
30.2364	19
30.2366	19
30.2523	19
30.2524	19
30.2524	19
30.6074	19
30.6076	19
30.6087	19
31.6834	19
31.6836	19
31.6836	19
31.6914	19
31.6914	19
31.6916	19
31.6916	19
31.7088	19
31.7088	19
31.7089	19
32.0523	19
32.0523	19
32.0554	19
32.0776	19
32.0777	19
32.0777	19
32.0792	19
32.0794	19
32.0794	19
32.0794	19
32.1106	19
32.1215	19
32.1216	19
32.1216	19
32.1219	19
32.1545	19
32.1546	19
32.159	19
32.1714	19
32.1714	19
32.1715	19
32.1715	19
32.1805	19
32.1814	19
32.1875	19
32.1875	19
32.1943	19
32.1943	19
32.1944	19
32.1944	19
32.1944	19
32.2098	19
32.2099	19
32.2099	19
32.2099	19
32.2538	19
32.2539	19
32.2539	19
32.2778	19
32.2779	19
32.278	19
32.9951	19
32.9952	19
32.9968	19
33.0053	19
33.0053	19
33.0053	19
33.0053	19
33.0078	19
33.0078	19
33.0079	19
33.0079	19
33.3547	19
33.3547	19
33.3624	19
35.4423	19
35.4424	19
35.4438	19
35.9009	19
35.901	19
35.9015	19
35.9169	19
35.9169	19
35.917	19
36.1556	19
36.1557	19
36.1574	19
36.4368	19
36.4369	19
36.4424	19
36.8329	19
36.8331	19
36.8353	19
36.9074	19
36.9075	19
36.9076	19
36.9076	19
37.3947	19
37.3948	19
37.3982	19
37.4179	19
37.4179	19
37.4179	19
38.5019	19
38.5028	19
38.5028	19
38.5053	19
38.5077	19
38.5077	19
38.5078	19
38.5078	19
38.5201	19
38.5201	19
38.5201	19
38.5201	19
38.5209	19
38.521	19
38.521	19
38.521	19
39.3892	19
39.3893	19
39.3915	19
39.3915	19
39.3916	19
39.3916	19
39.3942	19
39.4216	19
39.4216	19
39.4217	19
39.4218	19
40.6871	19
40.6872	19
40.6922	19
41.4919	19
41.4919	19
41.4926	19
41.4977	19
41.4978	19
41.4978	19
41.4978	19
41.6437	19
41.6438	19
41.6468	19
41.6774	19
41.6774	19
41.6775	19
41.6836	19
41.6836	19
41.6836	19
41.6882	19
41.6882	19
41.6882	19
41.6883	19
41.694	19
41.694	19
41.6941	19
41.6941	19
41.6966	19
41.6967	19
41.6968	19
41.6968	19
41.7103	19
41.7103	19
41.7104	19
41.7104	19
41.7219	19
41.7219	19
41.722	19
41.722	19
41.7381	19
41.7381	19
41.7381	19
41.7381	19
41.9885	19
41.9885	19
41.9918	19
42.428	19
42.4291	19
42.4291	19
42.4291	19
42.6424	19
42.6427	19
42.6522	19
42.6578	19
42.6579	19
42.658	19
42.658	19
42.7682	19
42.7683	19
42.7693	19
42.7735	19
42.7736	19
42.7736	19
42.7736	19
42.7761	19
42.7762	19
42.7762	19
42.7763	19
42.7886	19
42.7886	19
42.7887	19
42.7887	19
42.7908	19
42.7909	19
42.7909	19
42.8405	19
42.8405	19
42.8405	19
43.0675	19
43.0677	19
43.0716	19
43.0974	19
43.0974	19
43.0981	19
43.1426	19
43.1426	19
43.1426	19
43.1434	19
43.1434	19
43.1436	19
43.1436	19
43.5002	19
43.5002	19
43.5009	19
43.7129	19
43.7137	19
43.7138	19
43.7139	19
44.0286	19
44.0287	19
44.033	19
44.2058	19
44.206	19
44.2098	19
45.6981	19
45.6982	19
45.6983	19
45.7928	19
45.7933	19
45.9953	19
45.9965	19
45.9994	19
45.9995	19
46.0007	19
46.0007	19
46.0008	19
46.0008	19
46.0038	19
46.0071	19
46.0072	19
46.0072	19
46.0072	19
46.0243	19
46.0243	19
46.0244	19
46.1253	19
46.1257	19
46.126	19
46.1271	19
46.1973	19
46.1974	19
46.2037	19
46.9825	19
46.9827	19
46.9828	19
48.5638	19
48.5638	19
48.5724	19
48.6046	19
48.6046	19
48.6047	19
48.6047	19
48.6062	19
48.6062	19
48.6063	19
48.6063	19
48.6119	19
48.6119	19
48.6163	19
48.6164	19
48.6164	19
48.6165	19
48.6179	19
48.8307	19
48.8308	19
48.839	19
48.8414	19
48.8414	19
48.8415	19
48.848	19
48.848	19
48.848	19
49.0142	19
49.0148	19
49.016	19
49.0312	19
49.0664	19
49.0665	19
49.0665	19
49.0665	19
49.0666	19
49.0666	19
49.0667	19
49.0667	19
49.0673	19
49.0673	19
49.0673	19
49.2997	19
49.2998	19
49.3049	19
49.3384	19
49.3384	19
49.3384	19
49.3386	19
49.3706	19
49.3712	19
49.3736	19
49.385	19
49.3851	19
49.3852	19
49.3852	19
49.3861	19
49.3863	19
49.3863	19
49.4032	19
49.4032	19
49.4033	19
49.4033	19
49.7309	19
49.7311	19
49.7321	19
49.791	19
49.791	19
49.7911	19
50.1704	19
50.171	19
50.1711	19
50.1757	19
50.6643	19
50.6644	19
50.6657	19
50.7382	19
50.7386	19
50.7387	19
50.7452	19
50.7491	19
50.7492	19
50.7686	19
50.7686	19
50.7748	19
50.7748	19
50.7749	19
50.7749	19
50.775	19
50.7814	19
50.7819	19
50.7823	19
50.7928	19
50.7929	19
50.7929	19
50.8397	19
50.8398	19
50.844	19
50.8453	19
50.8457	19
50.8459	19
51.0728	19
51.0728	19
51.0845	19
51.0845	19
51.2052	19
51.2053	19
51.2098	19
51.604	19
51.6041	19
51.6122	19
51.652	19
51.6521	19
51.6521	19
51.6521	19
51.9937	19
51.9938	19
51.994	19
51.9955	19
52.0729	19
52.0737	19
52.0748	19
52.149	19
52.1492	19
52.1532	19
52.795	19
52.7951	19
52.7954	19
52.8041	19
52.8041	19
52.8043	19
52.8043	19
52.9284	19
52.9288	19
52.9309	19
54.7475	19
54.7475	19
54.7477	19
55.0122	19
55.0126	19
55.0162	19
55.0906	19
55.0912	19
55.0933	19
55.5038	19
55.507	19
55.507	19
55.5072	19
56.6613	19
56.6614	19
56.6647	19
58.2575	19
58.258	19
58.3294	19
58.3314	19
58.3317	19
58.3317	19
58.3336	19
58.3336	19
58.3345	19
58.3381	19
58.3403	19
58.3415	19
58.3416	19
58.3416	19
58.3417	19
59.6111	19
59.6113	19
59.6114	19
59.6117	19
59.6118	19
59.6118	19
59.6119	19
59.6119	19
60.499	19
60.4994	19
60.5007	19
60.5255	19
60.5255	19
60.5255	19
60.5256	19
60.722	19
60.7223	19
60.7291	19
60.7654	19
60.7658	19
60.7663	19
61.3212	19
61.3213	19
61.322	19
61.5665	19
61.5696	19
61.5697	19
61.5702	19
61.954	19
61.954	19
61.9579	19
62.297	19
62.2976	19
62.2982	19
62.3155	19
62.3155	19
62.3155	19
62.3156	19
62.8748	19
62.8752	19
62.8755	19
62.8758	19
63.5573	19
63.5574	19
63.5577	19
63.5612	19
63.5744	19
63.5744	19
63.5744	19
63.5744	19
64.6564	19
64.6569	19
64.657	19
64.6655	19
64.6656	19
64.6657	19
64.6657	19
65.2203	19
65.2206	19
65.2219	19
66.1985	19
66.1992	19
66.1992	19
68.2515	19
68.2518	19
68.2554	19
68.2607	19
68.2608	19
68.261	19
68.261	19
68.8195	19
68.8196	19
68.8223	19
68.8887	19
68.889	19
68.8923	19
70.2808	19
70.2814	19
70.2815	19
70.2875	19
72.0395	19
72.0403	19
72.0423	19
72.1804	19
72.1804	19
72.1806	19
72.6853	19
72.6854	19
72.6871	19
73.0168	19
73.0172	19
73.0198	19
73.7262	19
73.7276	19
73.7283	19
73.7304	19
75.1182	19
75.1192	19
75.1201	19
75.2873	19
75.2874	19
75.2928	19
75.3143	19
75.3143	19
75.3143	19
75.3144	19
75.3212	19
75.7824	19
75.7824	19
75.7832	19
75.7927	19
76.7152	19
76.7161	19
76.7163	19
77.0532	19
77.0532	19
77.0557	19
77.8425	19
77.8433	19
77.8435	19
77.8499	19
78.2572	19
78.2576	19
78.2576	19
79.2109	19
79.2112	19
79.2146	19
79.5174	19
79.5179	19
79.5234	19
79.5364	19
79.5371	19
79.5442	19
79.7708	19
79.7711	19
79.7712	19
79.8245	19
79.8246	19
79.827	19
79.9538	19
79.9543	19
79.9713	19
79.9713	19
80.7465	19
80.7467	19
80.7469	19
80.7473	19
80.7563	19
80.7563	19
80.7563	19
80.7563	19
80.7689	19
80.7699	19
80.7704	19
81.1252	19
81.1255	19
81.1311	19
81.9376	19
81.9377	19
82.4453	19
82.4458	19
82.4461	19
82.4479	19
82.6733	19
82.6765	19
82.6765	19
82.6765	19
82.7667	19
82.7674	19
82.7712	19
83.1704	19
83.1708	19
83.1723	19
83.2196	19
83.2203	19
83.224	19
83.7439	19
83.7456	19
83.7458	19
84.6542	19
84.6548	19
84.6577	19
85.0662	19
85.0665	19
85.0667	19
86.1825	19
86.183	19
86.1838	19
86.4015	19
86.4016	19
86.4111	19
86.4762	19
86.4766	19
86.4774	19
86.5969	19
86.5977	19
86.598	19
86.598	19
86.7061	19
86.7078	19
86.7079	19
86.7832	19
86.7849	19
86.7852	19
86.7853	19
87.6926	19
87.694	19
87.6941	19
88.1386	19
88.1398	19
88.1407	19
88.3127	19
88.3139	19
88.8151	19
88.8169	19
88.8177	19
88.8179	19
89.2058	19
89.2097	19
89.2102	19
89.2129	19
89.7411	19
89.7412	19
89.7468	19
91.1172	19
91.1182	19
91.1193	19
93.4899	19
93.4902	19
93.4956	19
93.8433	19
93.8437	19
93.8473	19
93.9326	19
93.9344	19
93.9346	19
93.936	19
94.2653	19
94.2667	19
94.2749	19
95.2077	19
95.2103	19
95.2129	19
96.3352	19
96.3354	19
96.3356	19
98.4216	19
98.4221	19
98.9607	19
98.9611	19
98.9623	19
98.9842	19
98.9846	19
98.9853	19
98.9868	19
