2.03802e-10	0
5.1004e-10	1
9.74036e-10	2
1.3576e-09	3
1.48842e-09	4
2.11415e-09	5
2.39588e-09	6
3.06075e-09	7
3.49244e-09	8
3.68616e-09	9
5.7916e-09	10
6.09498e-09	10
6.37777e-09	11
6.71604e-09	12
7.40246e-09	13
7.61061e-09	14
8.70582e-09	15
8.96859e-09	16
9.70072e-09	17
1.15598e-08	18
1.35593e-08	19
1.42161e-08	20
1.63118e-08	20
1.81571e-08	20
1.86915e-08	20
2.81522e-08	21
2.93925e-08	21
3.36861e-08	21
3.41524e-08	21
3.4485e-08	21
4.27772e-08	21
4.50818e-08	21
4.60192e-08	21
4.89933e-08	21
6.78441e-08	21
8.72124e-08	21
8.98394e-08	21
9.19304e-08	21
9.7583e-08	21
9.84597e-08	21
1.0536e-07	21
1.13972e-07	21
1.22762e-07	21
1.3564e-07	21
1.37188e-07	21
1.41365e-07	21
1.42109e-07	21
1.44612e-07	21
1.48982e-07	21
1.57957e-07	21
1.68318e-07	21
1.76261e-07	21
2.00179e-07	21
2.00536e-07	21
2.0447e-07	21
2.09686e-07	21
2.30665e-07	21
2.33293e-07	21
2.49718e-07	21
2.58214e-07	21
2.60542e-07	21
2.61947e-07	21
2.64744e-07	21
2.69666e-07	21
2.71819e-07	21
2.76714e-07	21
2.80798e-07	21
2.86146e-07	21
3.22872e-07	21
3.32002e-07	21
3.43269e-07	21
3.55026e-07	21
3.57009e-07	21
3.61129e-07	21
3.79859e-07	21
3.80787e-07	21
3.87796e-07	21
3.99685e-07	21
4.0572e-07	21
4.18673e-07	21
4.19292e-07	21
4.22804e-07	21
4.25913e-07	21
4.31203e-07	21
4.36243e-07	21
4.45437e-07	21
4.47691e-07	21
4.49335e-07	21
4.5695e-07	21
4.61277e-07	21
4.67679e-07	21
4.76872e-07	21
4.94144e-07	21
5.08393e-07	21
5.16704e-07	21
5.25314e-07	21
5.44969e-07	21
5.51771e-07	21
5.55355e-07	21
5.59215e-07	21
5.68137e-07	21
5.69254e-07	21
5.74589e-07	21
5.81759e-07	21
5.88007e-07	21
5.90442e-07	21
5.90911e-07	21
5.9649e-07	21
6.01475e-07	21
6.0149e-07	21
6.06326e-07	21
6.07349e-07	21
6.17902e-07	21
6.22834e-07	21
6.31131e-07	21
6.5543e-07	21
6.80555e-07	21
6.96998e-07	21
7.02807e-07	21
7.13727e-07	21
7.26245e-07	21
7.29703e-07	21
7.35298e-07	21
7.41456e-07	21
7.42898e-07	21
7.72654e-07	21
7.86156e-07	21
7.93587e-07	21
7.9489e-07	21
8.01583e-07	21
8.01885e-07	21
8.10668e-07	21
8.4253e-07	21
8.4524e-07	21
8.4945e-07	21
8.55049e-07	21
8.6434e-07	21
8.82791e-07	21
8.86006e-07	21
8.93562e-07	21
9.01594e-07	21
9.12324e-07	21
9.12465e-07	21
9.13656e-07	21
9.23754e-07	21
9.45192e-07	21
9.51269e-07	21
9.60165e-07	21
9.66788e-07	21
9.73936e-07	21
9.75317e-07	21
9.78079e-07	21
9.95149e-07	21
1.02023e-06	21
1.04854e-06	21
1.05396e-06	21
1.05695e-06	21
1.07026e-06	21
1.07664e-06	21
1.0911e-06	21
1.10214e-06	21
1.11999e-06	21
1.13528e-06	21
1.15885e-06	21
1.18941e-06	21
1.20058e-06	21
1.20061e-06	21
1.20481e-06	21
1.20766e-06	21
1.24596e-06	21
1.25699e-06	21
1.26356e-06	21
1.29238e-06	21
1.29667e-06	21
1.30947e-06	21
1.31206e-06	21
1.32005e-06	21
1.32096e-06	21
1.32282e-06	21
1.32371e-06	21
1.33302e-06	21
1.33445e-06	21
1.33819e-06	21
1.3546e-06	21
1.35509e-06	21
1.37757e-06	21
1.4153e-06	21
1.44859e-06	21
1.45236e-06	21
1.45408e-06	21
1.4599e-06	21
1.46113e-06	21
1.46364e-06	21
1.4659e-06	21
1.47342e-06	21
1.4736e-06	21
1.48018e-06	21
1.48968e-06	21
1.49238e-06	21
1.49791e-06	21
1.50383e-06	21
1.51225e-06	21
1.51704e-06	21
1.52715e-06	21
1.53218e-06	21
1.54705e-06	21
1.56047e-06	21
1.57828e-06	21
1.58637e-06	21
1.59423e-06	21
1.635e-06	21
1.65818e-06	21
1.66109e-06	21
1.67561e-06	21
1.67965e-06	21
1.68559e-06	21
1.70304e-06	21
1.70363e-06	21
1.72006e-06	21
1.72991e-06	21
1.73639e-06	21
1.74515e-06	21
1.76024e-06	21
1.77475e-06	21
1.77923e-06	21
1.77923e-06	21
1.77944e-06	21
1.79756e-06	21
1.81488e-06	21
1.83273e-06	21
1.84088e-06	21
1.84445e-06	21
1.86764e-06	21
1.88044e-06	21
1.88366e-06	21
1.89241e-06	21
1.89474e-06	21
1.90968e-06	21
1.93112e-06	21
1.93519e-06	21
1.937e-06	21
1.96779e-06	21
1.97867e-06	21
1.97971e-06	21
1.98475e-06	21
2.00432e-06	21
2.02296e-06	21
2.0282e-06	21
2.0393e-06	21
2.07676e-06	21
2.10523e-06	21
2.15524e-06	21
2.17135e-06	21
2.20204e-06	21
2.20217e-06	21
2.21038e-06	21
2.23375e-06	21
2.2359e-06	21
2.25568e-06	21
2.25976e-06	21
2.26757e-06	21
2.2777e-06	21
2.28378e-06	21
2.30221e-06	21
2.30947e-06	21
2.31424e-06	21
2.32956e-06	21
2.35317e-06	21
2.40441e-06	21
2.42195e-06	21
2.47004e-06	21
2.54068e-06	21
2.59494e-06	21
2.65147e-06	21
2.71066e-06	21
2.71385e-06	21
2.76885e-06	21
2.77428e-06	21
2.79596e-06	21
2.80682e-06	21
2.84665e-06	21
2.90732e-06	21
2.91565e-06	21
2.97962e-06	21
3.01267e-06	21
3.01551e-06	21
3.12259e-06	21
3.12492e-06	21
3.18366e-06	21
3.19163e-06	21
3.22807e-06	21
3.26377e-06	21
3.29054e-06	21
3.31951e-06	21
3.36299e-06	21
3.37895e-06	21
3.38295e-06	21
3.43172e-06	21
3.43584e-06	21
3.46657e-06	21
3.48371e-06	21
3.55325e-06	21
3.58473e-06	21
3.61249e-06	21
3.62218e-06	21
3.65725e-06	21
3.77902e-06	21
3.8205e-06	21
3.90026e-06	21
4.02923e-06	21
4.40837e-06	21
4.42648e-06	21
4.63614e-06	21
4.82176e-06	21
5.03421e-06	21
5.07463e-06	21
5.08889e-06	21
5.21975e-06	21
5.361e-06	21
5.56508e-06	21
5.8509e-06	21
6.06633e-06	21
6.11797e-06	21
6.23251e-06	21
6.25443e-06	21
6.47625e-06	21
6.48367e-06	21
6.88445e-06	21
6.96892e-06	21
7.17227e-06	21
7.25638e-06	21
7.36745e-06	21
7.74414e-06	21
7.87811e-06	21
7.88756e-06	21
8.13587e-06	21
8.18156e-06	21
8.21153e-06	21
8.34666e-06	21
8.54957e-06	21
8.652e-06	21
9.00468e-06	21
9.67028e-06	21
1.02364e-05	21
1.03717e-05	21
1.06304e-05	21
1.0796e-05	21
1.18186e-05	21
1.19309e-05	21
1.20485e-05	21
1.22425e-05	21
1.24747e-05	21
1.27006e-05	21
1.27214e-05	21
1.27557e-05	21
1.38061e-05	21
1.47949e-05	21
1.48301e-05	21
1.51985e-05	21
1.54198e-05	21
1.55876e-05	21
1.57414e-05	21
1.58442e-05	21
1.64318e-05	21
1.66084e-05	21
1.67169e-05	21
1.70451e-05	21
1.72701e-05	21
1.83632e-05	21
1.84722e-05	21
1.8833e-05	21
1.92109e-05	21
1.94262e-05	21
2.00165e-05	21
2.01357e-05	21
2.03088e-05	21
2.08346e-05	21
2.09444e-05	21
2.182e-05	21
2.19656e-05	21
2.34336e-05	21
2.35445e-05	21
2.37385e-05	21
2.37738e-05	21
2.3996e-05	21
2.43336e-05	21
2.43377e-05	21
2.49535e-05	21
2.52714e-05	21
2.59677e-05	21
2.71481e-05	21
2.73217e-05	21
2.77169e-05	21
2.77919e-05	21
2.82034e-05	21
2.93873e-05	21
2.9945e-05	21
3.17086e-05	21
3.20299e-05	21
3.24171e-05	21
3.25113e-05	21
3.33895e-05	21
3.35042e-05	21
3.35951e-05	21
3.36923e-05	21
3.38805e-05	21
3.39846e-05	21
3.41253e-05	21
3.43115e-05	21
3.52248e-05	21
3.53812e-05	21
3.55439e-05	21
3.66426e-05	21
3.67299e-05	21
3.79451e-05	21
3.91419e-05	21
3.92729e-05	21
3.96924e-05	21
4.0328e-05	21
4.0926e-05	21
4.15361e-05	21
4.26222e-05	21
4.36808e-05	21
4.39605e-05	21
4.56718e-05	21
4.68575e-05	21
4.72062e-05	21
4.77077e-05	21
4.80404e-05	21
4.87e-05	21
4.94772e-05	21
5.08774e-05	21
5.13756e-05	21
5.2265e-05	21
5.26055e-05	21
5.26679e-05	21
5.33413e-05	21
5.36835e-05	21
5.38858e-05	21
5.58103e-05	21
5.5929e-05	21
5.75951e-05	21
5.80196e-05	21
5.80669e-05	21
5.82223e-05	21
5.89031e-05	21
5.9424e-05	21
6.01097e-05	21
6.02649e-05	21
6.04266e-05	21
6.20087e-05	21
6.21367e-05	21
6.21596e-05	21
6.28793e-05	21
6.39024e-05	21
6.46047e-05	21
6.80731e-05	21
6.85074e-05	21
6.92703e-05	21
7.02146e-05	21
7.05736e-05	21
7.11656e-05	21
7.14013e-05	21
7.20035e-05	21
7.24392e-05	21
7.41989e-05	21
7.46138e-05	21
7.47214e-05	21
7.51712e-05	21
7.55009e-05	21
7.56563e-05	21
7.75817e-05	21
7.79916e-05	21
7.82551e-05	21
7.89121e-05	21
7.91703e-05	21
7.95713e-05	21
7.96042e-05	21
7.98264e-05	21
8.12197e-05	21
8.17897e-05	21
8.2437e-05	21
8.35915e-05	21
8.46899e-05	21
8.6117e-05	21
8.66635e-05	21
8.75047e-05	21
8.79923e-05	21
9.00753e-05	21
9.05776e-05	21
9.07971e-05	21
9.10353e-05	21
9.26088e-05	21
9.29899e-05	21
9.39636e-05	21
9.65453e-05	21
9.67191e-05	21
9.74438e-05	21
9.7581e-05	21
9.90026e-05	21
9.91134e-05	21
9.95358e-05	21
9.95816e-05	21
0.000100873	21
0.000101427	21
0.00010262	21
0.000102804	21
0.000103221	21
0.000103505	21
0.000103512	21
0.000103627	21
0.000103807	21
0.000104649	21
0.000106372	21
0.000108252	21
0.0001092	21
0.000110094	21
0.000110562	21
0.000111283	21
0.00011317	21
0.000113568	21
0.000114748	21
0.000115219	21
0.000115756	21
0.000116041	21
0.00011741	21
0.000119233	21
0.000120459	21
0.000121701	21
0.000122102	21
0.000122522	21
0.000124568	21
0.000125263	21
0.000125924	21
0.000127446	21
0.000128871	21
0.000129886	21
0.000135195	21
0.00013574	21
0.000136968	21
0.000144114	21
0.000145244	21
0.00014996	21
0.000150324	21
0.000151931	21
0.000152719	21
0.000153164	21
0.000153442	21
0.000157291	21
0.000158703	21
0.000169599	21
0.000173107	21
0.000177784	21
0.000180333	21
0.000185396	21
0.000199955	21
0.000206278	21
0.000238591	21
0.000273382	21
0.000609366	21
0.000726303	21
0.00129248	21
0.00132932	21
0.00144564	21
0.00146137	21
0.00146198	21
0.00146455	21
0.00147921	21
0.00148113	21
0.00148169	21
0.00149264	21
0.00149631	21
0.00150536	21
0.0015122	21
0.00153132	21
0.00154448	21
0.00161275	21
0.00192543	21
0.00208157	21
0.00214135	21
0.00275751	21
0.00280232	21
0.00293451	21
0.00406779	21
0.00447431	21
0.00467313	21
0.0066939	21
0.00669392	21
0.00669395	21
0.0066943	21
0.00669433	21
0.00669434	21
0.00669435	21
0.0066946	21
0.00669466	21
0.00669505	21
0.0066951	21
0.00669521	21
0.00669629	21
0.00669638	21
0.00669642	21
0.00669767	21
0.00669865	21
0.00669877	21
0.00669976	21
0.00715464	21
0.00721273	21
0.00942115	21
0.00989474	21
0.00989485	21
0.00989546	21
0.00989585	21
0.00989625	21
0.00989662	21
0.00989685	21
0.00989686	21
0.00989726	21
0.00989746	21
0.00989897	21
0.00990005	21
0.0099014	21
0.00990281	21
0.00990403	21
0.00990446	21
0.00990459	21
0.00990579	21
0.00990768	21
0.00990865	21
0.00991267	21
0.00991522	21
0.00991672	21
0.00991981	21
0.00992404	21
0.00992455	21
0.00992818	21
0.00992987	21
0.00993112	21
0.00997927	21
0.00998548	21
0.0100239	21
0.0131694	21
0.0131695	21
0.0131697	21
0.0131698	21
0.0131698	21
0.0131701	21
0.0131703	21
0.0131707	21
0.0131708	21
0.0131711	21
0.0131713	21
0.0131713	21
0.0131715	21
0.0131715	21
0.0131718	21
0.0131719	21
0.013172	21
0.0131723	21
0.0131723	21
0.0131723	21
0.0131725	21
0.0131726	21
0.0131728	21
0.0131732	21
0.0131733	21
0.0131738	21
0.0131739	21
0.0131741	21
0.0131742	21
0.0131744	21
0.0131744	21
0.0131749	21
0.0131749	21
0.0131749	21
0.0131752	21
0.0131755	21
0.0131756	21
0.013176	21
0.0131764	21
0.0131765	21
0.0131769	21
0.0131771	21
0.0131776	21
0.0131778	21
0.0131779	21
0.0131781	21
0.0131784	21
0.0131787	21
0.0131797	21
0.0131798	21
0.0131812	21
0.0131812	21
0.0131822	21
0.0131823	21
0.0131824	21
0.0131834	21
0.0131846	21
0.0131857	21
0.0131865	21
0.0131886	21
0.0131886	21
0.0131892	21
0.0131909	21
0.0131917	21
0.0132002	21
0.013205	21
0.0132223	21
0.0132359	21
0.0132476	21
0.0132734	21
0.0142773	21
0.0142818	21
0.0142869	21
0.0142967	21
0.0142981	21
0.0143048	21
0.0143054	21
0.0143061	21
0.014307	21
0.0143079	21
0.0143095	21
0.0143097	21
0.0143102	21
0.0143122	21
0.0143136	21
0.0143173	21
0.0143197	21
0.0143209	21
0.0143239	21
0.0143261	21
0.0143304	21
0.014331	21
0.0143339	21
0.0143345	21
0.0143347	21
0.0143407	21
0.0143422	21
0.0143477	21
0.014355	21
0.0143664	21
0.0143778	21
0.0143971	21
0.0144467	21
0.0145372	21
0.0145374	21
0.0145384	21
0.0145392	21
0.0145395	21
0.0145402	21
0.0145402	21
0.014541	21
0.0145412	21
0.0145417	21
0.0145421	21
0.0145425	21
0.0145433	21
0.0145438	21
0.0145446	21
0.0145451	21
0.014547	21
0.0145485	21
0.0145491	21
0.0145499	21
0.0145507	21
0.0145515	21
0.0145516	21
0.0145518	21
0.0145522	21
0.0145576	21
0.0145583	21
0.0145703	21
0.0145714	21
0.014574	21
0.0145758	21
0.0145849	21
0.014586	21
0.0145949	21
0.0146079	21
0.0147106	21
0.0147377	21
0.0147381	21
0.0147391	21
0.0147398	21
0.0147406	21
0.0147414	21
0.0147421	21
0.014744	21
0.0147442	21
0.0147464	21
0.0147484	21
0.0147514	21
0.014755	21
0.0147553	21
0.0147578	21
0.0147641	21
0.01477	21
0.0147718	21
0.0147791	21
0.0147893	21
0.0147929	21
0.0147943	21
0.0148132	21
0.0158998	21
0.0159012	21
0.0159016	21
0.015904	21
0.0159071	21
0.0159096	21
0.0159152	21
0.0159264	21
0.0159278	21
0.015931	21
0.0159312	21
0.0159313	21
0.015934	21
0.0159459	21
0.0159786	21
0.0161989	21
0.0162003	21
0.0162015	21
0.0162035	21
0.0162036	21
0.0162047	21
0.0162051	21
0.0162114	21
0.0162132	21
0.0162144	21
0.0162148	21
0.0162152	21
0.0162163	21
0.0162173	21
0.0162197	21
0.0162221	21
0.0162264	21
0.0162268	21
0.0162277	21
0.0162284	21
0.0162297	21
0.0162305	21
0.0162416	21
0.0162437	21
0.0162442	21
0.0162442	21
0.0162502	21
0.0162521	21
0.0162631	21
0.0162888	21
0.0163112	21
0.0168026	21
0.0183915	21
0.0183917	21
0.0183957	21
0.018397	21
0.0183986	21
0.0183987	21
0.0184007	21
0.0184016	21
0.0184021	21
0.018415	21
0.0184203	21
0.0184249	21
0.0184277	21
0.0184602	21
0.0184689	21
0.0184792	21
0.0199761	21
0.0221648	21
0.0221717	21
0.022172	21
0.0221759	21
0.0222141	21
0.0259084	21
0.0259089	21
0.0259089	21
0.025909	21
0.0259091	21
0.0259091	21
0.0259093	21
0.0259093	21
0.0259093	21
0.0259096	21
0.0259098	21
0.0259099	21
0.0259108	21
0.0259108	21
0.0259108	21
0.0259115	21
0.0259115	21
0.0259116	21
0.0259118	21
0.0259121	21
0.0259121	21
0.0259127	21
0.0259129	21
0.025913	21
0.0259131	21
0.0259131	21
0.0259132	21
0.0259132	21
0.025914	21
0.0259145	21
0.0259146	21
0.0259147	21
0.0259156	21
0.0259159	21
0.0259159	21
0.025916	21
0.0259166	21
0.0259168	21
0.0259169	21
0.0259171	21
0.0259187	21
0.025919	21
0.0259217	21
0.025922	21
0.0259228	21
0.0259278	21
0.0259303	21
0.025931	21
0.0259313	21
0.025934	21
0.0259363	21
0.0259368	21
0.0259404	21
0.0259405	21
0.0259412	21
0.0259413	21
0.0259434	21
0.0259522	21
0.0259528	21
0.0259633	21
0.0259636	21
0.0259677	21
0.0259703	21
0.0259723	21
0.025973	21
0.0259772	21
0.0259782	21
0.0259789	21
0.02598	21
0.025987	21
0.0259891	21
0.0259892	21
0.0259935	21
0.0259965	21
0.0259986	21
0.0260001	21
0.0260017	21
0.0260021	21
0.0260045	21
0.0260065	21
0.0260097	21
0.0260202	21
0.0260223	21
0.0260272	21
0.0260278	21
0.0260287	21
0.026029	21
0.0260309	21
0.0260331	21
0.0260344	21
0.026038	21
0.0260395	21
0.0260442	21
0.0260495	21
0.0260499	21
0.0260519	21
0.026052	21
0.0260634	21
0.0260678	21
0.0260745	21
0.0260764	21
0.0260886	21
0.0260913	21
0.0260938	21
0.0260943	21
0.0260943	21
0.0260962	21
0.0261026	21
0.0261056	21
0.0261069	21
0.0261163	21
0.0261181	21
0.0261195	21
0.0261269	21
0.0261322	21
0.0261373	21
0.0261411	21
0.0261484	21
0.026152	21
0.0261582	21
0.0261607	21
0.0261667	21
0.0261765	21
0.026187	21
0.0261903	21
0.0262052	21
0.0262132	21
0.0262204	21
0.0262282	21
0.0262296	21
0.0262358	21
0.026239	21
0.0262825	21
0.0262944	21
0.0262987	21
0.0263137	21
0.0263177	21
0.0263279	21
0.0263499	21
0.0263579	21
0.0263654	21
0.0263742	21
0.0263745	21
0.0263778	21
0.026394	21
0.0263988	21
0.026406	21
0.0264141	21
0.0264201	21
0.026428	21
0.026428	21
0.0264384	21
0.026442	21
0.0264421	21
0.0264426	21
0.0264431	21
0.0264435	21
0.0264436	21
0.0264438	21
0.0264438	21
0.0264439	21
0.0264441	21
0.026445	21
0.0264452	21
0.0264461	21
0.0264467	21
0.0264468	21
0.0264483	21
0.0264487	21
0.0264495	21
0.0264497	21
0.0264504	21
0.0264515	21
0.0264526	21
0.0264528	21
0.0264531	21
0.026454	21
0.0264549	21
0.0264553	21
0.0264556	21
0.0264559	21
0.0264562	21
0.0264567	21
0.0264575	21
0.0264576	21
0.0264586	21
0.0264587	21
0.0264622	21
0.0264629	21
0.0264639	21
0.0264649	21
0.0264662	21
0.0264688	21
0.0264734	21
0.0264754	21
0.0264783	21
0.0264795	21
0.0264827	21
0.0264924	21
0.0264924	21
0.0264938	21
0.0264941	21
0.0264949	21
0.0264955	21
0.026498	21
0.0264989	21
0.0264996	21
0.0265022	21
0.026509	21
0.0265123	21
0.0265155	21
0.0265159	21
0.0265208	21
0.0265211	21
0.0265235	21
0.026531	21
0.0265319	21
0.0265385	21
0.0265441	21
0.0265468	21
0.026552	21
0.026552	21
0.0265524	21
0.0265648	21
0.0266011	21
0.0266026	21
0.0266102	21
0.0266318	21
0.026637	21
0.0266574	21
0.0267036	21
0.0267132	21
0.0267134	21
0.0267175	21
0.0267214	21
0.026733	21
0.0267375	21
0.0267699	21
0.026792	21
0.0268052	21
0.0268182	21
0.0268281	21
0.0268561	21
0.026857	21
0.0268618	21
0.0269122	21
0.0269169	21
0.0269313	21
0.0269333	21
0.0270112	21
0.0270464	21
0.0270616	21
0.0271023	21
0.0271044	21
0.0271283	21
0.0271304	21
0.0271375	21
0.0271392	21
0.0271473	21
0.027196	21
0.0272002	21
0.0272053	21
0.0272582	21
0.0272641	21
0.0272735	21
0.0272851	21
0.0272874	21
0.0273001	21
0.0273046	21
0.0273112	21
0.0273172	21
0.0273253	21
0.0273429	21
0.0274246	21
0.027425	21
0.0274714	21
0.0274882	21
0.0274968	21
0.0275197	21
0.0275786	21
0.0276186	21
0.0276894	21
0.0277731	21
0.0277959	21
0.0278207	21
0.0278772	21
0.0279284	21
0.027975	21
0.0280182	21
0.0280203	21
0.0280234	21
0.0280237	21
0.0280267	21
0.0280293	21
0.0280333	21
0.0280388	21
0.0280451	21
0.0280487	21
0.0280607	21
0.0280776	21
0.0280852	21
0.0281195	21
0.0282204	21
0.0282291	21
0.0282676	21
0.0282938	21
0.0286121	21
0.0286122	21
0.0286125	21
0.0286126	21
0.028613	21
0.0286132	21
0.0286133	21
0.0286134	21
0.028614	21
0.0286145	21
0.028616	21
0.0286193	21
0.0286251	21
0.0286266	21
0.0286337	21
0.0286634	21
0.0286702	21
0.028687	21
0.0286881	21
0.0287136	21
0.0287448	21
0.0288464	21
0.0288682	21
0.0288989	21
0.0289295	21
0.0289333	21
0.0289588	21
0.0289659	21
0.0289745	21
0.0289782	21
0.0289916	21
0.028993	21
0.0290059	21
0.0290106	21
0.0290109	21
0.0290646	21
0.0290652	21
0.0290672	21
0.0290742	21
0.0290959	21
0.0291031	21
0.0291035	21
0.0291044	21
0.0291045	21
0.0291046	21
0.0291048	21
0.0291049	21
0.0291049	21
0.0291056	21
0.0291059	21
0.0291068	21
0.0291069	21
0.0291071	21
0.0291072	21
0.0291074	21
0.0291081	21
0.0291084	21
0.0291094	21
0.0291095	21
0.0291103	21
0.0291122	21
0.0291135	21
0.0291136	21
0.0291162	21
0.0291175	21
0.029118	21
0.0291185	21
0.0291199	21
0.0291209	21
0.0291237	21
0.029125	21
0.0291256	21
0.0291256	21
0.0291282	21
0.0291351	21
0.0291368	21
0.0291375	21
0.0291377	21
0.0291433	21
0.0291665	21
0.0291701	21
0.0291829	21
0.0291836	21
0.0291845	21
0.029186	21
0.0292071	21
0.0292241	21
0.029234	21
0.0292354	21
0.0292609	21
0.0293491	21
0.0293515	21
0.0293768	21
0.0293924	21
0.0294663	21
0.0295099	21
0.0295234	21
0.0295347	21
0.0295628	21
0.0295835	21
0.029611	21
0.0297178	21
0.0298065	21
0.0298199	21
0.0298514	21
0.0298599	21
0.0298616	21
0.0298689	21
0.0298832	21
0.0298846	21
0.0298953	21
0.0299059	21
0.0301048	21
0.0301089	21
0.0301142	21
0.030119	21
0.0301206	21
0.0301209	21
0.030122	21
0.0301271	21
0.0301448	21
0.0301667	21
0.0302866	21
0.0305536	21
0.0306299	21
0.0306457	21
0.0306522	21
0.0306581	21
0.0306641	21
0.030676	21
0.0307166	21
0.0310193	21
0.0311164	21
0.0312726	21
0.0312981	21
0.0314416	21
0.0314472	21
0.0321225	21
0.032125	21
0.0321258	21
0.0321264	21
0.0321278	21
0.0321283	21
0.0321289	21
0.0321294	21
0.0321297	21
0.0321303	21
0.0321305	21
0.032131	21
0.0321322	21
0.0321322	21
0.0321326	21
0.0321339	21
0.0321347	21
0.0321377	21
0.0321387	21
0.0321394	21
0.0321403	21
0.0321407	21
0.0321412	21
0.0321428	21
0.0321449	21
0.0321454	21
0.0321461	21
0.0321463	21
0.0321466	21
0.0321486	21
0.0321506	21
0.0321513	21
0.0321565	21
0.0321582	21
0.0321586	21
0.0321681	21
0.0321733	21
0.0321767	21
0.0321835	21
0.032184	21
0.0321852	21
0.0321875	21
0.032217	21
0.0322846	21
0.032296	21
0.0323063	21
0.0323394	21
0.0323449	21
0.0323514	21
0.0323624	21
0.0323817	21
0.032432	21
0.0325303	21
0.0326979	21
0.0327137	21
0.0327191	21
0.032731	21
0.032778	21
0.0328147	21
0.0328797	21
0.0331123	21
0.0331157	21
0.0331166	21
0.0331177	21
0.033121	21
0.0331226	21
0.0331253	21
0.0331272	21
0.0331662	21
0.0331674	21
0.0331738	21
0.0331873	21
0.033191	21
0.0331989	21
0.0332307	21
0.0332662	21
0.0332678	21
0.0332784	21
0.0332929	21
0.033306	21
0.0333096	21
0.0333203	21
0.0333294	21
0.0333294	21
0.0333481	21
0.0333664	21
0.0334223	21
0.0334322	21
0.0334378	21
0.0334398	21
0.0334444	21
0.0334627	21
0.0334741	21
0.0334908	21
0.0335038	21
0.0335044	21
0.0335128	21
0.0335274	21
0.0335343	21
0.0335618	21
0.0335853	21
0.0335881	21
0.0336476	21
0.0336716	21
0.0336759	21
0.0336882	21
0.0336894	21
0.0336946	21
0.0336968	21
0.0337098	21
0.0337112	21
0.0337504	21
0.0338521	21
0.0339191	21
0.0339561	21
0.0339769	21
0.0339824	21
0.0340193	21
0.0340277	21
0.0341016	21
0.0342149	21
0.0342706	21
0.034271	21
0.0342723	21
0.0342767	21
0.0342785	21
0.0342787	21
0.0342835	21
0.0342895	21
0.0342937	21
0.0343097	21
0.0343177	21
0.0343259	21
0.0343364	21
0.0344025	21
0.0345707	21
0.0347414	21
0.0348614	21
0.0349319	21
0.0350038	21
0.0352691	21
0.0362426	21
0.0362515	21
0.0363282	21
0.0363353	21
0.0364777	21
0.0367421	21
0.0367432	21
0.0367436	21
0.0367442	21
0.0367451	21
0.0367458	21
0.0367487	21
0.0367502	21
0.0367511	21
0.0367511	21
0.0367527	21
0.0367551	21
0.0367562	21
0.0367589	21
0.0367621	21
0.036765	21
0.0367681	21
0.0367953	21
0.0368075	21
0.0368158	21
0.0368208	21
0.0368404	21
0.0397946	21
0.0398053	21
0.0398066	21
0.0398075	21
0.0398349	21
0.0398505	21
0.0408288	21
0.0408306	21
0.042143	21
0.042143	21
0.0421432	21
0.0421432	21
0.0421433	21
0.0421433	21
0.0421433	21
0.0421434	21
0.0421435	21
0.0421436	21
0.0421436	21
0.0421436	21
0.0421437	21
0.0421439	21
0.0421442	21
0.0421442	21
0.0421443	21
0.0421446	21
0.0421447	21
0.0421448	21
0.042145	21
0.0421453	21
0.0421453	21
0.0421453	21
0.0421453	21
0.0421454	21
0.0421454	21
0.0421455	21
0.0421459	21
0.0421463	21
0.0421465	21
0.0421467	21
0.0421469	21
0.0421469	21
0.0421469	21
0.0421471	21
0.0421473	21
0.0421473	21
0.0421475	21
0.0421476	21
0.0421477	21
0.0421477	21
0.0421478	21
0.0421478	21
0.0421482	21
0.0421486	21
0.0421488	21
0.0421488	21
0.042149	21
0.042149	21
0.0421491	21
0.0421493	21
0.0421493	21
0.0421497	21
0.04215	21
0.0421502	21
0.0421503	21
0.0421506	21
0.0421507	21
0.0421509	21
0.0421511	21
0.0421512	21
0.0421514	21
0.0421515	21
0.0421516	21
0.0421518	21
0.0421521	21
0.0421522	21
0.0421523	21
0.0421524	21
0.0421527	21
0.0421529	21
0.0421529	21
0.0421531	21
0.0421538	21
0.0421538	21
0.0421539	21
0.0421543	21
0.0421544	21
0.0421553	21
0.0421562	21
0.0421575	21
0.0421576	21
0.0421577	21
0.0421586	21
0.0421587	21
0.0421588	21
0.0421589	21
0.0421595	21
0.0421597	21
0.0421613	21
0.0421618	21
0.0421618	21
0.0421627	21
0.0421631	21
0.0421637	21
0.0421645	21
0.0421648	21
0.0421668	21
0.0421669	21
0.0421694	21
0.0421694	21
0.0421696	21
0.042171	21
0.0421713	21
0.0421717	21
0.0421719	21
0.0421727	21
0.0421763	21
0.0421779	21
0.0421833	21
0.0421854	21
0.0421882	21
0.0421929	21
0.0421962	21
0.0422001	21
0.0422026	21
0.0422057	21
0.0422071	21
0.0422161	21
0.0422204	21
0.0422399	21
0.0422668	21
0.0424204	21
0.0424206	21
0.0424207	21
0.0424209	21
0.0424211	21
0.0424213	21
0.0424215	21
0.0424219	21
0.0424223	21
0.0424225	21
0.0424226	21
0.0424228	21
0.0424229	21
0.0424233	21
0.0424234	21
0.0424236	21
0.0424238	21
0.042424	21
0.0424245	21
0.0424246	21
0.0424251	21
0.0424252	21
0.0424254	21
0.0424256	21
0.0424264	21
0.0424264	21
0.0424267	21
0.0424268	21
0.0424269	21
0.0424272	21
0.0424272	21
0.0424274	21
0.0424275	21
0.0424277	21
0.0424281	21
0.042429	21
0.0424296	21
0.0424318	21
0.0424324	21
0.042435	21
0.0424356	21
0.0424366	21
0.0424366	21
0.0424369	21
0.0424371	21
0.0424377	21
0.0424395	21
0.0424413	21
0.0424419	21
0.0424443	21
0.0424468	21
0.0424477	21
0.0424477	21
0.0424518	21
0.0424543	21
0.0424559	21
0.042457	21
0.0424675	21
0.0424728	21
0.0424809	21
0.0424957	21
0.04251	21
0.0425675	21
0.0433078	21
0.0433078	21
0.0433079	21
0.043308	21
0.043308	21
0.0433083	21
0.0433084	21
0.0433089	21
0.043309	21
0.0433092	21
0.0433092	21
0.0433094	21
0.0433094	21
0.0433099	21
0.0433101	21
0.0433117	21
0.0433118	21
0.0433121	21
0.0433124	21
0.0433125	21
0.0433133	21
0.0433144	21
0.0433146	21
0.0433147	21
0.0433148	21
0.0433161	21
0.043317	21
0.0433175	21
0.0433182	21
0.0433193	21
0.0433193	21
0.0433194	21
0.0433196	21
0.0433209	21
0.0433216	21
0.0433222	21
0.0433224	21
0.0433225	21
0.0433238	21
0.0433238	21
0.0433239	21
0.0433242	21
0.0433246	21
0.0433247	21
0.0433276	21
0.0433278	21
0.0433296	21
0.0433316	21
0.0433328	21
0.043333	21
0.0433351	21
0.0433391	21
0.0433492	21
0.0433495	21
0.0433747	21
0.0433897	21
0.0434	21
0.0434621	21
0.0436644	21
0.0436867	21
0.0436945	21
0.0437111	21
0.0437891	21
0.0443101	21
0.0443105	21
0.0443775	21
0.0444181	21
0.0444504	21
0.0444605	21
0.0445491	21
0.044614	21
0.0446335	21
0.0446601	21
0.0447129	21
0.0447245	21
0.0447639	21
0.0448062	21
0.0448078	21
0.0449398	21
0.0449668	21
0.0449909	21
0.0450879	21
0.0451007	21
0.0453733	21
0.0454733	21
0.0454789	21
0.0463117	21
0.0472779	21
0.0472787	21
0.04728	21
0.0472801	21
0.0472802	21
0.0472841	21
0.0472847	21
0.0472862	21
0.0472872	21
0.0472873	21
0.0472939	21
0.0472943	21
0.0472978	21
0.0472978	21
0.047298	21
0.047303	21
0.0473229	21
0.0473759	21
0.0475156	21
0.0485295	21
0.0485296	21
0.0485297	21
0.04853	21
0.0485305	21
0.0485305	21
0.0485308	21
0.0485309	21
0.0485311	21
0.0485313	21
0.0485315	21
0.0485318	21
0.0485318	21
0.0485326	21
0.0485329	21
0.0485329	21
0.048533	21
0.0485333	21
0.0485336	21
0.0485346	21
0.0485348	21
0.0485352	21
0.0485352	21
0.0485356	21
0.0485357	21
0.0485374	21
0.0485376	21
0.0485378	21
0.0485386	21
0.0485392	21
0.04854	21
0.0485403	21
0.0485416	21
0.0485422	21
0.0485433	21
0.0485436	21
0.0485445	21
0.0485458	21
0.048548	21
0.0485485	21
0.0485493	21
0.0485517	21
0.0485527	21
0.0485528	21
0.0485529	21
0.0485534	21
0.0485541	21
0.0485563	21
0.0485566	21
0.0485569	21
0.0485633	21
0.04857	21
0.0485809	21
0.0485848	21
0.0485852	21
0.0486097	21
0.0486144	21
0.0486422	21
0.0486435	21
0.0486477	21
0.048671	21
0.0486768	21
0.0486937	21
0.0487047	21
0.0487678	21
0.0488115	21
0.0488224	21
0.048826	21
0.0488272	21
0.0488281	21
0.0489199	21
0.0489381	21
0.0489462	21
0.0491331	21
0.0491602	21
0.0492027	21
0.0492027	21
0.0492036	21
0.0492046	21
0.0492046	21
0.0492046	21
0.0492055	21
0.0492056	21
0.0492065	21
0.0492067	21
0.0492071	21
0.0492073	21
0.0492077	21
0.0492078	21
0.0492078	21
0.0492087	21
0.04921	21
0.04921	21
0.0492102	21
0.0492102	21
0.0492113	21
0.0492135	21
0.0492143	21
0.0492144	21
0.0492145	21
0.0492155	21
0.0492159	21
0.0492175	21
0.0492184	21
0.0492188	21
0.0492205	21
0.0492213	21
0.0492213	21
0.0492217	21
0.0492279	21
0.0492294	21
0.0492302	21
0.0492345	21
0.0492372	21
0.0492378	21
0.0492441	21
0.0492452	21
0.0492556	21
0.0492557	21
0.0492615	21
0.049262	21
0.049262	21
0.0492623	21
0.0493246	21
0.0493356	21
0.0493482	21
0.0493495	21
0.0493509	21
0.0493851	21
0.0493895	21
0.0493912	21
0.0494063	21
0.049419	21
0.0494293	21
0.0494588	21
0.0494609	21
0.049485	21
0.049496	21
0.0495143	21
0.0495225	21
0.0495232	21
0.0495239	21
0.0495297	21
0.049552	21
0.0495547	21
0.0495606	21
0.04957	21
0.0495955	21
0.0496068	21
0.0496136	21
0.049629	21
0.049658	21
0.0496738	21
0.0496982	21
0.0497092	21
0.0497093	21
0.0497155	21
0.0497217	21
0.0497434	21
0.0498156	21
0.049847	21
0.049873	21
0.0498859	21
0.0498991	21
0.0499198	21
0.049927	21
0.0499719	21
0.0499829	21
0.0500685	21
0.0500704	21
0.0500912	21
0.0500957	21
0.0502115	21
0.0502688	21
0.050313	21
0.0503226	21
0.0503323	21
0.0504371	21
0.0504964	21
0.0505092	21
0.0505175	21
0.0505546	21
0.0505613	21
0.0505998	21
0.0506042	21
0.0506231	21
0.0506428	21
0.0507854	21
0.0508668	21
0.0509683	21
0.0511309	21
0.0511339	21
0.051209	21
0.0512172	21
0.0513798	21
0.0516003	21
0.0517583	21
0.0523202	21
0.0526194	21
0.0526989	21
0.0527021	21
0.0527363	21
0.0527363	21
0.0527615	21
0.0527621	21
0.053561	21
0.0535616	21
0.0535667	21
0.053567	21
0.0536166	21
0.0536169	21
0.0536385	21
0.0537093	21
0.0541773	21
0.0541878	21
0.0541911	21
0.0542347	21
0.0542505	21
0.0542707	21
0.0561483	21
0.0561503	21
0.0572509	21
0.0572517	21
0.0572574	21
0.057258	21
0.0572603	21
0.057261	21
0.0572618	21
0.0572656	21
0.0572669	21
0.0572675	21
0.0572699	21
0.0572727	21
0.0572731	21
0.0572776	21
0.0572807	21
0.0572843	21
0.0573023	21
0.0573028	21
0.0576457	21
0.0576646	21
0.0576907	21
0.0578768	21
0.0584502	21
0.0584561	21
0.0584564	21
0.0584568	21
0.0584576	21
0.0584613	21
0.0584687	21
0.0584697	21
0.0584714	21
0.0584789	21
0.0585326	21
0.0586382	21
0.0593399	21
0.0593403	21
0.0593405	21
0.0593413	21
0.0593424	21
0.0593446	21
0.0593452	21
0.0593454	21
0.0593467	21
0.0593478	21
0.05935	21
0.0593503	21
0.059352	21
0.0593538	21
0.0593547	21
0.0593555	21
0.0593555	21
0.0593596	21
0.0593608	21
0.0593679	21
0.0593718	21
0.0593937	21
0.0594156	21
0.0594422	21
0.0594518	21
0.0594518	21
0.0604051	21
0.0604761	21
0.0605045	21
0.0605066	21
0.0611428	21
0.0611846	21
0.0611954	21
0.0612294	21
0.0618217	21
0.0618527	21
0.0626475	21
0.0626543	21
0.0626583	21
0.0626611	21
0.0627594	21
0.062868	21
0.0628711	21
0.0635747	21
0.064662	21
0.0646648	21
0.0646864	21
0.0647114	21
0.0654862	21
0.0655566	21
0.0672108	21
0.0672234	21
0.0673058	21
0.0673163	21
0.0683185	21
0.068488	21
0.068494	21
0.0694652	21
0.0703029	21
0.0703416	21
0.0704415	21
0.073099	21
0.0731651	21
0.0754591	21
0.0754592	21
0.0754599	21
0.07546	21
0.0754601	21
0.0754602	21
0.0754609	21
0.0754616	21
0.0754618	21
0.0754626	21
0.075463	21
0.0754632	21
0.0754632	21
0.0754636	21
0.0754654	21
0.0754663	21
0.0754665	21
0.0754669	21
0.0754673	21
0.0754676	21
0.0754682	21
0.0754698	21
0.0754701	21
0.0754712	21
0.0754712	21
0.0754741	21
0.0754767	21
0.0754778	21
0.0754802	21
0.0754808	21
0.075485	21
0.075485	21
0.0754921	21
0.0754979	21
0.0755032	21
0.0755345	21
0.0755359	21
0.075536	21
0.0757901	21
0.075795	21
0.0757976	21
0.0788202	21
0.0790231	21
0.0797133	21
0.0797159	21
0.0797716	21
0.0807461	21
0.0807507	21
0.080752	21
0.0838341	21
0.0838342	21
0.0838521	21
0.0841839	21
0.0850752	21
0.0850799	21
0.0886588	21
0.0886776	21
0.0886895	21
0.0886988	21
0.0887442	21
0.088816	21
0.0888165	21
0.0888183	21
0.0888984	21
0.0911601	21
0.0911608	21
0.0911627	21
0.0911705	21
0.0911886	21
0.0912153	21
0.0912167	21
0.0912194	21
0.0912221	21
0.0923183	21
0.092319	21
0.0938082	21
0.0938855	21
0.0939521	21
0.0939534	21
0.094002	21
0.0943305	21
0.0944059	21
0.0944781	21
0.0947864	21
0.0957943	21
0.0958378	21
0.0959027	21
0.0959033	21
0.0979987	21
0.0980623	21
0.0980672	21
0.103482	21
0.103501	21
0.103505	21
0.103527	21
0.103527	21
0.103528	21
0.103538	21
0.103539	21
0.105943	21
0.106051	21
0.106062	21
0.106088	21
0.107267	21
0.108218	21
0.113304	21
0.119264	21
0.119265	21
0.11927	21
0.119272	21
0.119474	21
0.11959	21
0.119591	21
0.119632	21
0.119633	21
0.120334	21
0.120344	21
0.123648	21
0.123651	21
0.123652	21
0.123724	21
0.123725	21
0.123756	21
0.123757	21
0.123762	21
0.123782	21
0.12464	21
0.129335	21
0.129355	21
0.129356	21
0.129409	21
0.129818	21
0.129826	21
0.129829	21
0.129837	21
0.130388	21
0.132199	21
0.1322	21
0.132226	21
0.132687	21
0.132698	21
0.132721	21
0.132721	21
0.134169	21
0.135596	21
0.135644	21
0.13565	21
0.135673	21
0.136268	21
0.136269	21
0.136352	21
0.138612	21
0.138618	21
0.138704	21
0.142055	21
0.142104	21
0.142105	21
0.142344	21
0.142344	21
0.14632	21
0.14632	21
0.146322	21
0.146333	21
0.146333	21
0.146412	21
0.146428	21
0.146428	21
0.146438	21
0.146482	21
0.146483	21
0.147872	21
0.148065	21
0.148071	21
0.148249	21
0.149369	21
0.14937	21
0.149371	21
0.149375	21
0.150135	21
0.150171	21
0.150419	21
0.15042	21
0.151355	21
0.151367	21
0.151368	21
0.151472	21
0.154843	21
0.154916	21
0.154917	21
0.154917	21
0.154922	21
0.154923	21
0.157903	21
0.15791	21
0.157927	21
0.157927	21
0.158031	21
0.158041	21
0.158203	21
0.158218	21
0.158286	21
0.1583	21
0.162051	21
0.162055	21
0.162059	21
0.162213	21
0.162304	21
0.162328	21
0.162329	21
0.164798	21
0.164814	21
0.164814	21
0.169141	21
0.169281	21
0.169361	21
0.169365	21
0.170158	21
0.170159	21
0.170256	21
0.170278	21
0.170282	21
0.171217	21
0.171219	21
0.171255	21
0.171255	21
0.17126	21
0.172243	21
0.174208	21
0.174232	21
0.174234	21
0.174236	21
0.174851	21
0.176607	21
0.176631	21
0.185887	21
0.185888	21
0.185894	21
0.185932	21
0.193329	21
0.193335	21
0.196651	21
0.196652	21
0.197057	21
0.197071	21
0.198652	21
0.198809	21
0.19881	21
0.204661	21
0.204662	21
0.204684	21
0.20469	21
0.204754	21
0.209761	21
0.20978	21
0.209783	21
0.211718	21
0.211787	21
0.211788	21
0.214087	21
0.21413	21
0.214131	21
0.214903	21
0.214972	21
0.214972	21
0.2167	21
0.217488	21
0.220947	21
0.220994	21
0.220995	21
0.221086	21
0.221804	21
0.221807	21
0.221819	21
0.221823	21
0.221824	21
0.221863	21
0.221904	21
0.223134	21
0.223139	21
0.223192	21
0.223198	21
0.223198	21
0.223234	21
0.223968	21
0.223995	21
0.22403	21
0.22404	21
0.229549	21
0.229598	21
0.229599	21
0.232555	21
0.232576	21
0.232579	21
0.232874	21
0.232876	21
0.232886	21
0.232888	21
0.232911	21
0.23299	21
0.232991	21
0.234634	21
0.234635	21
0.234772	21
0.234774	21
0.238082	21
0.238125	21
0.238126	21
0.250975	21
0.250975	21
0.251028	21
0.25103	21
0.251724	21
0.251777	21
0.251796	21
0.251797	21
0.254933	21
0.254934	21
0.255064	21
0.255068	21
0.259014	21
0.259033	21
0.259038	21
0.260314	21
0.260386	21
0.260386	21
0.261229	21
0.261297	21
0.26131	21
0.266389	21
0.266556	21
0.266558	21
0.267766	21
0.267849	21
0.267849	21
0.26794	21
0.274372	21
0.274373	21
0.274375	21
0.274421	21
0.274421	21
0.277553	21
0.277566	21
0.277613	21
0.279828	21
0.281331	21
0.281374	21
0.281375	21
0.294553	21
0.294725	21
0.294727	21
0.294817	21
0.297992	21
0.298348	21
0.298349	21
0.298416	21
0.300296	21
0.300296	21
0.300298	21
0.300376	21
0.303082	21
0.303428	21
0.303482	21
0.303488	21
0.310531	21
0.310549	21
0.31055	21
0.310553	21
0.310553	21
0.310589	21
0.310639	21
0.31064	21
0.311128	21
0.317223	21
0.317241	21
0.317266	21
0.317267	21
0.317317	21
0.317365	21
0.317372	21
0.323182	21
0.323192	21
0.323195	21
0.33155	21
0.331558	21
0.331559	21
0.334265	21
0.334314	21
0.334315	21
0.340058	21
0.340059	21
0.340068	21
0.34007	21
0.340095	21
0.340134	21
0.340139	21
0.346331	21
0.346331	21
0.346332	21
0.346933	21
0.346952	21
0.346952	21
0.346982	21
0.347063	21
0.347064	21
0.351692	21
0.351702	21
0.351702	21
0.358312	21
0.358313	21
0.358349	21
0.358351	21
0.361186	21
0.361233	21
0.361235	21
0.361879	21
0.361955	21
0.361955	21
0.363723	21
0.363738	21
0.363738	21
0.366147	21
0.366159	21
0.36616	21
0.367447	21
0.367463	21
0.367464	21
0.37035	21
0.370375	21
0.370376	21
0.371924	21
0.373278	21
0.380713	21
0.380779	21
0.380884	21
0.381321	21
0.38164	21
0.381649	21
0.381714	21
0.384304	21
0.384304	21
0.384324	21
0.384329	21
0.384331	21
0.400491	21
0.400497	21
0.400572	21
0.400572	21
0.40248	21
0.402481	21
0.402481	21
0.405904	21
0.405917	21
0.405917	21
0.405948	21
0.405948	21
0.405949	21
0.410487	21
0.410504	21
0.41069	21
0.410696	21
0.413702	21
0.413771	21
0.413856	21
0.413861	21
0.421046	21
0.421146	21
0.421148	21
0.425405	21
0.429218	21
0.429296	21
0.429409	21
0.432966	21
0.432966	21
0.432971	21
0.432971	21
0.435644	21
0.435677	21
0.435684	21
0.441875	21
0.445915	21
0.445919	21
0.446192	21
0.447042	21
0.447043	21
0.447045	21
0.447145	21
0.447168	21
0.447173	21
0.447627	21
0.453124	21
0.453125	21
0.453162	21
0.453206	21
0.455932	21
0.45599	21
0.455991	21
0.456025	21
0.456031	21
0.458711	21
0.45872	21
0.45872	21
0.458847	21
0.45894	21
0.459918	21
0.459994	21
0.466195	21
0.466241	21
0.466245	21
0.466275	21
0.469478	21
0.469478	21
0.469741	21
0.474868	21
0.474871	21
0.474994	21
0.490837	21
0.490837	21
0.490838	21
0.490856	21
0.500639	21
0.500639	21
0.50064	21
0.50064	21
0.50064	21
0.500673	21
0.505243	21
0.505244	21
0.505308	21
0.50638	21
0.506466	21
0.506471	21
0.506539	21
0.509327	21
0.509349	21
0.509351	21
0.509436	21
0.51668	21
0.51668	21
0.516691	21
0.533251	21
0.533256	21
0.533319	21
0.533324	21
0.540052	21
0.540053	21
0.540238	21
0.54024	21
0.543076	21
0.543757	21
0.544342	21
0.544504	21
0.544824	21
0.544851	21
0.544926	21
0.544928	21
0.545776	21
0.545776	21
0.545792	21
0.545794	21
0.549447	21
0.549588	21
0.549589	21
0.559214	21
0.559215	21
0.56894	21
0.568941	21
0.568968	21
0.568972	21
0.568988	21
0.56903	21
0.569033	21
0.569088	21
0.571707	21
0.571708	21
0.573609	21
0.574248	21
0.574329	21
0.57547	21
0.57547	21
0.575471	21
0.575798	21
0.575799	21
0.575818	21
0.575898	21
0.575899	21
0.579889	21
0.579907	21
0.579907	21
0.58251	21
0.582559	21
0.582588	21
0.582589	21
0.584037	21
0.587606	21
0.587608	21
0.587668	21
0.587791	21
0.587791	21
0.591339	21
0.591354	21
0.591464	21
0.591465	21
0.598546	21
0.598563	21
0.598563	21
0.601534	21
0.601742	21
0.601743	21
0.618318	21
0.618318	21
0.642118	21
0.642118	21
0.64212	21
0.642182	21
0.65282	21
0.652821	21
0.652821	21
0.652822	21
0.658334	21
0.658345	21
0.658369	21
0.659155	21
0.659348	21
0.659367	21
0.66972	21
0.669721	21
0.669725	21
0.669731	21
0.669896	21
0.669896	21
0.670739	21
0.670785	21
0.670786	21
0.671383	21
0.671392	21
0.671411	21
0.671412	21
0.684207	21
0.684355	21
0.684356	21
0.689526	21
0.689617	21
0.689619	21
0.693831	21
0.693859	21
0.693859	21
0.702657	21
0.702665	21
0.702667	21
0.702691	21
0.702691	21
0.707273	21
0.713554	21
0.71356	21
0.717628	21
0.717628	21
0.71766	21
0.717698	21
0.717698	21
0.717741	21
0.717741	21
0.719005	21
0.719053	21
0.71911	21
0.719111	21
0.721628	21
0.736605	21
0.739573	21
0.739579	21
0.739637	21
0.739765	21
0.739765	21
0.758906	21
0.758966	21
0.758968	21
0.758992	21
0.758992	21
0.767406	21
0.767407	21
0.767544	21
0.767562	21
0.767564	21
0.767566	21
0.767567	21
0.768083	21
0.768143	21
0.768144	21
0.770097	21
0.775615	21
0.775618	21
0.775767	21
0.77648	21
0.776483	21
0.776485	21
0.776491	21
0.776495	21
0.778745	21
0.778775	21
0.778789	21
0.778794	21
0.784544	21
0.79246	21
0.792466	21
0.792469	21
0.79261	21
0.792617	21
0.797774	21
0.797774	21
0.798032	21
0.798051	21
0.803752	21
0.803896	21
0.803899	21
0.804301	21
0.804301	21
0.804336	21
0.804337	21
0.805995	21
0.807433	21
0.807463	21
0.810934	21
0.810984	21
0.810985	21
0.810995	21
0.810998	21
0.816043	21
0.816046	21
0.816113	21
0.816126	21
0.817043	21
0.817057	21
0.817079	21
0.818064	21
0.81819	21
0.818344	21
0.818376	21
0.821766	21
0.821882	21
0.821887	21
0.826054	21
0.826061	21
0.826131	21
0.82614	21
0.829652	21
0.829781	21
0.82986	21
0.838678	21
0.838681	21
0.838683	21
0.840156	21
0.842765	21
0.842835	21
0.842931	21
0.842931	21
0.855963	21
0.855964	21
0.855965	21
0.855966	21
0.859337	21
0.859338	21
0.859378	21
0.859379	21
0.85949	21
0.859629	21
0.861093	21
0.86118	21
0.861213	21
0.874977	21
0.874979	21
0.875003	21
0.876218	21
0.876606	21
0.876607	21
0.876615	21
0.883642	21
0.890519	21
0.890519	21
0.890532	21
0.890532	21
0.890568	21
0.890571	21
0.890611	21
0.902062	21
0.902062	21
0.902115	21
0.902119	21
0.902132	21
0.906024	21
0.906028	21
0.906055	21
0.918962	21
0.918963	21
0.919004	21
0.924682	21
0.924683	21
0.924683	21
0.924696	21
0.925587	21
0.938177	21
0.938266	21
0.938266	21
0.943446	21
0.943453	21
0.943454	21
0.949148	21
0.949154	21
0.949225	21
0.949226	21
0.949272	21
0.957687	21
0.957688	21
0.957699	21
0.966713	21
0.966714	21
0.966719	21
0.971494	21
0.97155	21
0.971563	21
0.982727	21
0.982785	21
0.982786	21
0.985553	21
0.985582	21
0.985596	21
1.0009	21
1.00105	21
1.00105	21
1.00107	21
1.00357	21
1.00358	21
1.0037	21
1.01407	21
1.01407	21
1.01407	21
1.01422	21
1.01623	21
1.01623	21
1.01624	21
1.02316	21
1.02317	21
1.02319	21
1.02529	21
1.02846	21
1.02859	21
1.0286	21
1.03571	21
1.03571	21
1.03571	21
1.03587	21
1.03587	21
1.03651	21
1.03659	21
1.03661	21
1.04279	21
1.04281	21
1.04281	21
1.04566	21
1.04583	21
1.04584	21
1.04954	21
1.04954	21
1.04955	21
1.04958	21
1.06126	21
1.06126	21
1.06127	21
1.06141	21
1.06205	21
1.06509	21
1.06574	21
1.06879	21
1.0688	21
1.06887	21
1.07822	21
1.07823	21
1.07824	21
1.07835	21
1.07843	21
1.10034	21
1.10037	21
1.10037	21
1.10041	21
1.10043	21
1.10046	21
1.10197	21
1.10199	21
1.10199	21
1.10309	21
1.1031	21
1.1031	21
1.10681	21
1.10707	21
1.10707	21
1.10761	21
1.1112	21
1.11124	21
1.11133	21
1.11133	21
1.11378	21
1.11378	21
1.11386	21
1.11386	21
1.11531	21
1.11533	21
1.11534	21
1.11862	21
1.12287	21
1.12287	21
1.12452	21
1.12452	21
1.12459	21
1.12463	21
1.12463	21
1.12541	21
1.12554	21
1.12555	21
1.12913	21
1.12916	21
1.12917	21
1.13977	21
1.13977	21
1.13981	21
1.13981	21
1.14916	21
1.14929	21
1.14929	21
1.15258	21
1.15258	21
1.1526	21
1.15261	21
1.15825	21
1.15827	21
1.15827	21
1.16439	21
1.16439	21
1.16439	21
1.16454	21
1.16454	21
1.17164	21
1.17165	21
1.17174	21
1.17174	21
1.17686	21
1.17689	21
1.17696	21
1.17696	21
1.18387	21
1.18754	21
1.18756	21
1.18757	21
1.18759	21
1.18759	21
1.18953	21
1.20684	21
1.20684	21
1.20686	21
1.20865	21
1.20865	21
1.20879	21
1.20892	21
1.20892	21
1.20896	21
1.20897	21
1.20898	21
1.21775	21
1.2178	21
1.21782	21
1.21782	21
1.22382	21
1.22382	21
1.22384	21
1.22384	21
1.22559	21
1.22566	21
1.22566	21
1.22597	21
1.22866	21
1.22867	21
1.22873	21
1.23895	21
1.23895	21
1.23895	21
1.23905	21
1.23905	21
1.24317	21
1.25528	21
1.25536	21
1.25536	21
1.25537	21
1.25799	21
1.25799	21
1.258	21
1.26362	21
1.26363	21
1.26364	21
1.26376	21
1.26376	21
1.27673	21
1.28246	21
1.2825	21
1.28267	21
1.28948	21
1.28949	21
1.28952	21
1.28952	21
1.28955	21
1.2896	21
1.28961	21
1.29089	21
1.291	21
1.291	21
1.291	21
1.29351	21
1.29516	21
1.29521	21
1.30223	21
1.30223	21
1.30224	21
1.30224	21
1.3024	21
1.3024	21
1.30459	21
1.3135	21
1.31353	21
1.33274	21
1.33274	21
1.33277	21
1.33277	21
1.33277	21
1.33277	21
1.33312	21
1.33319	21
1.33319	21
1.33745	21
1.33747	21
1.33747	21
1.33818	21
1.33818	21
1.33819	21
1.34967	21
1.34967	21
1.34972	21
1.34972	21
1.35506	21
1.35506	21
1.35517	21
1.35517	21
1.3566	21
1.35661	21
1.35661	21
1.36316	21
1.3632	21
1.3632	21
1.3679	21
1.36792	21
1.36793	21
1.3687	21
1.37453	21
1.37875	21
1.37881	21
1.38101	21
1.38104	21
1.3811	21
1.3811	21
1.42076	21
1.42077	21
1.42082	21
1.42089	21
1.42089	21
1.42091	21
1.42092	21
1.4276	21
1.42882	21
1.42897	21
1.42937	21
1.42937	21
1.42938	21
1.44852	21
1.44853	21
1.44853	21
1.44861	21
1.44861	21
1.4506	21
1.4506	21
1.45075	21
1.45076	21
1.45215	21
1.45217	21
1.45217	21
1.45374	21
1.45375	21
1.45375	21
1.45386	21
1.45389	21
1.45389	21
1.45678	21
1.47582	21
1.47588	21
1.47588	21
1.49155	21
1.49156	21
1.49159	21
1.49159	21
1.49725	21
1.49727	21
1.49727	21
1.49729	21
1.4973	21
1.49757	21
1.49773	21
1.49773	21
1.50095	21
1.50104	21
1.50104	21
1.50252	21
1.50412	21
1.50473	21
1.50474	21
1.50483	21
1.50493	21
1.50495	21
1.51231	21
1.51231	21
1.51231	21
1.51786	21
1.51793	21
1.51796	21
1.51796	21
1.51999	21
1.52008	21
1.52008	21
1.5272	21
1.52737	21
1.52737	21
1.53523	21
1.536	21
1.53605	21
1.53605	21
1.53609	21
1.53609	21
1.53635	21
1.5364	21
1.5364	21
1.53832	21
1.55365	21
1.55373	21
1.55383	21
1.55383	21
1.55729	21
1.5573	21
1.5573	21
1.58073	21
1.58073	21
1.58082	21
1.58082	21
1.58095	21
1.58096	21
1.58543	21
1.58543	21
1.58545	21
1.58545	21
1.5877	21
1.5877	21
1.58788	21
1.58789	21
1.58856	21
1.59123	21
1.59129	21
1.59967	21
1.59967	21
1.59969	21
1.59969	21
1.59977	21
1.59977	21
1.60722	21
1.61018	21
1.6102	21
1.61869	21
1.61875	21
1.61875	21
1.61875	21
1.61882	21
1.61883	21
1.62325	21
1.62326	21
1.62329	21
1.62329	21
1.62675	21
1.62681	21
1.62683	21
1.62685	21
1.64	21
1.64	21
1.64006	21
1.64007	21
1.64709	21
1.64717	21
1.64734	21
1.64734	21
1.64869	21
1.64887	21
1.64888	21
1.65827	21
1.65843	21
1.65843	21
1.6645	21
1.6689	21
1.66902	21
1.67305	21
1.67311	21
1.67313	21
1.67313	21
1.67607	21
1.67613	21
1.67613	21
1.67619	21
1.67624	21
1.67624	21
1.67624	21
1.67625	21
1.67707	21
1.67721	21
1.67721	21
1.68225	21
1.68229	21
1.68231	21
1.68507	21
1.68525	21
1.68525	21
1.68833	21
1.68835	21
1.68836	21
1.69634	21
1.69639	21
1.69639	21
1.69996	21
1.69997	21
1.69999	21
1.70241	21
1.70253	21
1.70254	21
1.70829	21
1.7176	21
1.71762	21
1.72097	21
1.72852	21
1.72855	21
1.72855	21
1.72855	21
1.73012	21
1.73059	21
1.73067	21
1.73067	21
1.73067	21
1.73571	21
1.73571	21
1.73571	21
1.73581	21
1.73587	21
1.73883	21
1.73884	21
1.73884	21
1.73886	21
1.74478	21
1.74482	21
1.74482	21
1.74493	21
1.74493	21
1.7536	21
1.75365	21
1.75366	21
1.76204	21
1.76204	21
1.76205	21
1.7621	21
1.76211	21
1.76926	21
1.76929	21
1.7694	21
1.7694	21
1.77456	21
1.77456	21
1.77462	21
1.77463	21
1.77732	21
1.77735	21
1.7774	21
1.7774	21
1.7783	21
1.77834	21
1.77853	21
1.77857	21
1.77894	21
1.77894	21
1.77894	21
1.78707	21
1.78708	21
1.78714	21
1.78716	21
1.78832	21
1.78839	21
1.78842	21
1.7961	21
1.79616	21
1.79619	21
1.80459	21
1.80462	21
1.80468	21
1.80518	21
1.81801	21
1.82253	21
1.8226	21
1.8226	21
1.82266	21
1.82267	21
1.8234	21
1.82554	21
1.82656	21
1.82656	21
1.82664	21
1.82665	21
1.82676	21
1.84291	21
1.84291	21
1.84291	21
1.84981	21
1.8499	21
1.84991	21
1.85504	21
1.85511	21
1.85512	21
1.87122	21
1.87122	21
1.87122	21
1.8806	21
1.8806	21
1.88063	21
1.88063	21
1.88067	21
1.91129	21
1.91129	21
1.91132	21
1.91132	21
1.91456	21
1.91503	21
1.91503	21
1.91766	21
1.91997	21
1.91997	21
1.92	21
1.94041	21
1.94041	21
1.94516	21
1.94527	21
1.94527	21
1.94986	21
1.94988	21
1.94988	21
1.95548	21
1.95549	21
1.95554	21
1.95554	21
1.95569	21
1.95815	21
1.95815	21
1.95817	21
1.96534	21
1.96972	21
1.96974	21
1.96974	21
2.00046	21
2.00046	21
2.00048	21
2.00048	21
2.00087	21
2.00833	21
2.00833	21
2.00835	21
2.01126	21
2.01796	21
2.01799	21
2.01799	21
2.01814	21
2.02321	21
2.02321	21
2.0233	21
2.02338	21
2.02338	21
2.02351	21
2.02704	21
2.02704	21
2.02721	21
2.04024	21
2.04024	21
2.04027	21
2.04085	21
2.04085	21
2.04088	21
2.0427	21
2.04859	21
2.04864	21
2.04872	21
2.04874	21
2.05859	21
2.06513	21
2.06513	21
2.06513	21
2.06514	21
2.06515	21
2.06515	21
2.06635	21
2.06637	21
2.06637	21
2.06644	21
2.0693	21
2.06932	21
2.06932	21
2.06971	21
2.07786	21
2.07786	21
2.07792	21
2.08238	21
2.08241	21
2.08241	21
2.08242	21
2.0838	21
2.08388	21
2.08391	21
2.08391	21
2.09812	21
2.09812	21
2.09817	21
2.09817	21
2.09822	21
2.09943	21
2.09944	21
2.09945	21
2.09964	21
2.10143	21
2.10144	21
2.11565	21
2.15118	21
2.15118	21
2.15119	21
2.15121	21
2.15121	21
2.15126	21
2.15554	21
2.15566	21
2.15566	21
2.15568	21
2.16311	21
2.16312	21
2.16313	21
2.16608	21
2.1661	21
2.1661	21
2.19	21
2.19	21
2.19	21
2.19	21
2.20961	21
2.20961	21
2.20962	21
2.20965	21
2.2115	21
2.21597	21
2.22157	21
2.2216	21
2.22171	21
2.22172	21
2.22855	21
2.22859	21
2.22862	21
2.22862	21
2.23242	21
2.23245	21
2.23245	21
2.2383	21
2.23831	21
2.23832	21
2.24422	21
2.24422	21
2.24431	21
2.24432	21
2.24438	21
2.25235	21
2.25236	21
2.25237	21
2.26799	21
2.26799	21
2.26801	21
2.27598	21
2.27604	21
2.27604	21
2.27615	21
2.28396	21
2.28398	21
2.284	21
2.28431	21
2.30832	21
2.30832	21
2.30836	21
2.31251	21
2.31251	21
2.31251	21
2.31468	21
2.31468	21
2.31468	21
2.32011	21
2.32012	21
2.32016	21
2.32556	21
2.32556	21
2.32561	21
2.32561	21
2.32563	21
2.32617	21
2.32672	21
2.32673	21
2.32673	21
2.32673	21
2.33152	21
2.33152	21
2.33153	21
2.33596	21
2.33599	21
2.33796	21
2.33797	21
2.33797	21
2.34359	21
2.3439	21
2.34401	21
2.35272	21
2.35272	21
2.35276	21
2.35279	21
2.35511	21
2.35529	21
2.35529	21
2.35847	21
2.35848	21
2.35848	21
2.35849	21
2.36286	21
2.36288	21
2.36301	21
2.36727	21
2.37095	21
2.37095	21
2.37098	21
2.37102	21
2.37586	21
2.37587	21
2.37597	21
2.37606	21
2.37607	21
2.37608	21
2.37862	21
2.37863	21
2.37863	21
2.38279	21
2.3828	21
2.38314	21
2.38491	21
2.38493	21
2.38502	21
2.39282	21
2.39294	21
2.39295	21
2.39297	21
2.41755	21
2.41755	21
2.41756	21
2.41763	21
2.41764	21
2.41764	21
2.41765	21
2.42362	21
2.42362	21
2.42362	21
2.42557	21
2.42558	21
2.42563	21
2.46392	21
2.46392	21
2.4681	21
2.46811	21
2.46811	21
2.46815	21
2.46888	21
2.46889	21
2.46894	21
2.46937	21
2.46944	21
2.46944	21
2.47375	21
2.47376	21
2.47386	21
2.47386	21
2.48527	21
2.48529	21
2.48533	21
2.48533	21
2.49072	21
2.4908	21
2.49085	21
2.49085	21
2.49169	21
2.4917	21
2.49188	21
2.49188	21
2.49431	21
2.49444	21
2.49445	21
2.49445	21
2.49448	21
2.49449	21
2.49603	21
2.49613	21
2.49632	21
2.49633	21
2.49633	21
2.49638	21
2.49642	21
2.49642	21
2.5039	21
2.50391	21
2.50393	21
2.50393	21
2.50449	21
2.50451	21
2.50451	21
2.50508	21
2.50516	21
2.50516	21
2.50846	21
2.50872	21
2.50872	21
2.51184	21
2.51187	21
2.51188	21
2.51188	21
2.52444	21
2.5245	21
2.5245	21
2.53697	21
2.53697	21
2.53698	21
2.54233	21
2.54235	21
2.54238	21
2.54238	21
2.54414	21
2.54418	21
2.54436	21
2.54437	21
2.55545	21
2.5555	21
2.5555	21
2.59555	21
2.59555	21
2.59556	21
2.59556	21
2.60641	21
2.60647	21
2.60647	21
2.61254	21
2.62353	21
2.62354	21
2.62354	21
2.62387	21
2.62387	21
2.62956	21
2.63743	21
2.63743	21
2.63745	21
2.63756	21
2.63756	21
2.64028	21
2.65721	21
2.65721	21
2.65722	21
2.65733	21
2.65733	21
2.66312	21
2.66312	21
2.66312	21
2.66312	21
2.6705	21
2.67052	21
2.67052	21
2.67476	21
2.67477	21
2.67477	21
2.67478	21
2.68041	21
2.68053	21
2.68053	21
2.68887	21
2.68887	21
2.68891	21
2.68891	21
2.71081	21
2.72293	21
2.72293	21
2.72294	21
2.72302	21
2.72302	21
2.72622	21
2.72629	21
2.72629	21
2.73754	21
2.73762	21
2.73762	21
2.73762	21
2.74351	21
2.74352	21
2.74354	21
2.74354	21
2.76639	21
2.7664	21
2.76661	21
2.76662	21
2.76662	21
2.77197	21
2.77198	21
2.77563	21
2.77563	21
2.7757	21
2.77578	21
2.77578	21
2.79418	21
2.79429	21
2.79429	21
2.80204	21
2.80204	21
2.80207	21
2.80207	21
2.8099	21
2.80991	21
2.80996	21
2.80996	21
2.82119	21
2.82129	21
2.82129	21
2.82283	21
2.82291	21
2.82293	21
2.82293	21
2.84582	21
2.84591	21
2.84591	21
2.84833	21
2.84838	21
2.84838	21
2.86419	21
2.86419	21
2.86419	21
2.86423	21
2.86423	21
2.88932	21
2.88932	21
2.88933	21
2.88941	21
2.88941	21
2.90221	21
2.90768	21
2.90768	21
2.90769	21
2.91657	21
2.91658	21
2.9166	21
2.91662	21
2.91662	21
2.95137	21
2.95137	21
2.95139	21
2.95139	21
2.95139	21
2.95171	21
2.95174	21
2.95174	21
2.95175	21
2.95525	21
2.95574	21
2.96838	21
2.96839	21
2.96844	21
2.99154	21
2.99155	21
2.99158	21
2.99164	21
2.99164	21
2.99951	21
2.99954	21
2.99955	21
3.00739	21
3.00743	21
3.00744	21
3.00744	21
3.01093	21
3.01093	21
3.01093	21
3.01935	21
3.01937	21
3.01937	21
3.02938	21
3.02955	21
3.02955	21
3.0313	21
3.03133	21
3.03133	21
3.04401	21
3.04402	21
3.04402	21
3.04528	21
3.0453	21
3.0453	21
3.04958	21
3.06766	21
3.06766	21
3.06766	21
3.09268	21
3.09268	21
3.09274	21
3.0928	21
3.0928	21
3.09781	21
3.09785	21
3.09785	21
3.09929	21
3.09932	21
3.09932	21
3.10514	21
3.10515	21
3.1052	21
3.1052	21
3.12495	21
3.12499	21
3.12499	21
3.12741	21
3.12938	21
3.12939	21
3.12939	21
3.12939	21
3.14661	21
3.14661	21
3.14678	21
3.14678	21
3.15755	21
3.15755	21
3.18043	21
3.18043	21
3.18045	21
3.18053	21
3.18054	21
3.18223	21
3.1823	21
3.1823	21
3.19033	21
3.1904	21
3.19066	21
3.19066	21
3.20307	21
3.20317	21
3.20317	21
3.20905	21
3.20908	21
3.20909	21
3.20909	21
3.21422	21
3.21424	21
3.21424	21
3.22827	21
3.22842	21
3.22842	21
3.2311	21
3.23115	21
3.23115	21
3.23723	21
3.23724	21
3.23729	21
3.23729	21
3.24759	21
3.24765	21
3.24765	21
3.25789	21
3.27224	21
3.27224	21
3.2723	21
3.27238	21
3.27239	21
3.27422	21
3.27425	21
3.27425	21
3.28461	21
3.28461	21
3.28461	21
3.28465	21
3.28465	21
3.28853	21
3.28861	21
3.28861	21
3.30781	21
3.30781	21
3.30781	21
3.30952	21
3.30953	21
3.30954	21
3.31463	21
3.31465	21
3.31465	21
3.35497	21
3.35497	21
3.35501	21
3.35501	21
3.35951	21
3.35972	21
3.35972	21
3.36296	21
3.36297	21
3.36297	21
3.36401	21
3.37128	21
3.37129	21
3.37129	21
3.3714	21
3.3714	21
3.37442	21
3.37457	21
3.37457	21
3.39307	21
3.39307	21
3.3931	21
3.3931	21
3.39782	21
3.39783	21
3.39791	21
3.39791	21
3.40034	21
3.40036	21
3.40042	21
3.40042	21
3.41041	21
3.41062	21
3.41062	21
3.42003	21
3.42004	21
3.42004	21
3.44712	21
3.44713	21
3.44715	21
3.44717	21
3.44717	21
3.45586	21
3.45605	21
3.45605	21
3.45655	21
3.46328	21
3.47378	21
3.47381	21
3.4741	21
3.47552	21
3.47553	21
3.47554	21
3.47559	21
3.4756	21
3.47591	21
3.47593	21
3.47593	21
3.49663	21
3.49679	21
3.49679	21
3.49684	21
3.49698	21
3.49703	21
3.49703	21
3.4986	21
3.49865	21
3.49868	21
3.49868	21
3.50207	21
3.50212	21
3.50212	21
3.50601	21
3.50608	21
3.50608	21
3.5221	21
3.52215	21
3.52219	21
3.52219	21
3.52688	21
3.5269	21
3.5269	21
3.52818	21
3.52835	21
3.52835	21
3.549	21
3.549	21
3.5564	21
3.55641	21
3.55641	21
3.55647	21
3.55647	21
3.55866	21
3.55975	21
3.55983	21
3.55986	21
3.59533	21
3.59537	21
3.59537	21
3.59549	21
3.59549	21
3.60539	21
3.60766	21
3.60771	21
3.60785	21
3.62382	21
3.62385	21
3.624	21
3.62404	21
3.62404	21
3.62552	21
3.62554	21
3.62554	21
3.6324	21
3.63241	21
3.63241	21
3.63309	21
3.63317	21
3.63328	21
3.63328	21
3.63798	21
3.63798	21
3.63799	21
3.6404	21
3.64053	21
3.64053	21
3.64244	21
3.64245	21
3.64245	21
3.65021	21
3.66103	21
3.66106	21
3.66106	21
3.66113	21
3.66114	21
3.67377	21
3.67378	21
3.67379	21
3.68984	21
3.69344	21
3.69346	21
3.69348	21
3.69349	21
3.6935	21
3.69463	21
3.69469	21
3.69469	21
3.70516	21
3.70518	21
3.70521	21
3.70521	21
3.70578	21
3.70593	21
3.706	21
3.70601	21
3.71463	21
3.71468	21
3.71475	21
3.71475	21
3.7179	21
3.71797	21
3.71797	21
3.72683	21
3.72687	21
3.72688	21
3.73374	21
3.74354	21
3.74358	21
3.7436	21
3.7436	21
3.74908	21
3.74909	21
3.74909	21
3.75165	21
3.75168	21
3.75168	21
3.75175	21
3.75175	21
3.75825	21
3.75825	21
3.75833	21
3.75834	21
3.77186	21
3.77191	21
3.77193	21
3.77909	21
3.77911	21
3.77911	21
3.77937	21
3.77941	21
3.77941	21
3.78501	21
3.7851	21
3.7851	21
3.84251	21
3.84251	21
3.84251	21
3.84252	21
3.86163	21
3.89575	21
3.89578	21
3.89578	21
3.89595	21
3.89595	21
3.90097	21
3.90099	21
3.90099	21
3.90736	21
3.90743	21
3.90744	21
3.90744	21
3.91021	21
3.91032	21
3.91033	21
3.91341	21
3.91344	21
3.91344	21
3.92334	21
3.92335	21
3.92335	21
3.92553	21
3.92556	21
3.92558	21
3.92559	21
3.92672	21
3.92676	21
3.92676	21
3.93816	21
3.93824	21
3.9383	21
3.9383	21
3.93894	21
3.93907	21
3.93907	21
3.94315	21
3.94315	21
3.94315	21
3.97969	21
3.97984	21
3.97984	21
4.02433	21
4.02434	21
4.02434	21
4.02435	21
4.02436	21
4.0352	21
4.03528	21
4.03528	21
4.03613	21
4.0362	21
4.0362	21
4.03836	21
4.05889	21
4.05894	21
4.05928	21
4.05929	21
4.07399	21
4.07401	21
4.07402	21
4.07791	21
4.07792	21
4.0781	21
4.0781	21
4.08153	21
4.08156	21
4.08156	21
4.08157	21
4.09246	21
4.0925	21
4.09252	21
4.09252	21
4.10022	21
4.1085	21
4.10853	21
4.10858	21
4.10859	21
4.11363	21
4.11638	21
4.11639	21
4.11641	21
4.11641	21
4.1242	21
4.12427	21
4.12427	21
4.12688	21
4.12697	21
4.12697	21
4.15736	21
4.15736	21
4.15753	21
4.15753	21
4.16398	21
4.16408	21
4.16428	21
4.16428	21
4.18414	21
4.18414	21
4.18414	21
4.18527	21
4.18528	21
4.18528	21
4.19197	21
4.192	21
4.19201	21
4.19201	21
4.1935	21
4.1964	21
4.19846	21
4.19848	21
4.19851	21
4.20067	21
4.20072	21
4.20072	21
4.20074	21
4.20074	21
4.20099	21
4.20812	21
4.2082	21
4.2083	21
4.20831	21
4.22082	21
4.22085	21
4.22085	21
4.22435	21
4.22436	21
4.22437	21
4.2258	21
4.22599	21
4.22599	21
4.24537	21
4.24537	21
4.24578	21
4.24578	21
4.2461	21
4.26063	21
4.26067	21
4.26067	21
4.26067	21
4.26526	21
4.26527	21
4.26527	21
4.29819	21
4.29819	21
4.29851	21
4.29852	21
4.29976	21
4.29976	21
4.29986	21
4.29987	21
4.30861	21
4.30862	21
4.30866	21
4.30866	21
4.32087	21
4.32093	21
4.32093	21
4.32478	21
4.32492	21
4.32492	21
4.33401	21
4.33403	21
4.33403	21
4.33412	21
4.33413	21
4.33782	21
4.33782	21
4.33783	21
4.35056	21
4.35082	21
4.35082	21
4.37658	21
4.37661	21
4.37662	21
4.38359	21
4.3836	21
4.38365	21
4.38366	21
4.39196	21
4.39208	21
4.39208	21
4.42039	21
4.42039	21
4.4204	21
4.4204	21
4.42521	21
4.4253	21
4.42545	21
4.42545	21
4.43934	21
4.4405	21
4.4406	21
4.45015	21
4.45015	21
4.45015	21
4.45021	21
4.45021	21
4.45111	21
4.45115	21
4.45115	21
4.46493	21
4.46507	21
4.46507	21
4.47732	21
4.47827	21
4.47829	21
4.49513	21
4.49513	21
4.49513	21
4.49514	21
4.49514	21
4.50502	21
4.50519	21
4.5136	21
4.51371	21
4.51372	21
4.51397	21
4.51397	21
4.51431	21
4.51432	21
4.51436	21
4.51436	21
4.52201	21
4.52209	21
4.5221	21
4.53882	21
4.53891	21
4.53891	21
4.54142	21
4.54145	21
4.54145	21
4.5447	21
4.54755	21
4.5476	21
4.54773	21
4.54773	21
4.56937	21
4.56945	21
4.56945	21
4.56947	21
4.57226	21
4.57236	21
4.57236	21
4.57456	21
4.57469	21
4.57469	21
4.57699	21
4.57708	21
4.57709	21
4.57894	21
4.59691	21
4.59695	21
4.59697	21
4.59697	21
4.597	21
4.597	21
4.60688	21
4.60694	21
4.60694	21
4.61428	21
4.61777	21
4.61785	21
4.6179	21
4.6179	21
4.62001	21
4.62003	21
4.62025	21
4.62026	21
4.62162	21
4.62174	21
4.62175	21
4.62921	21
4.63117	21
4.6312	21
4.63124	21
4.63124	21
4.63679	21
4.63698	21
4.63698	21
4.63953	21
4.63953	21
4.63966	21
4.63966	21
4.64297	21
4.64302	21
4.64302	21
4.64649	21
4.67524	21
4.67526	21
4.67526	21
4.67539	21
4.6754	21
4.69142	21
4.69143	21
4.69143	21
4.69143	21
4.7015	21
4.70153	21
4.70153	21
4.70322	21
4.71013	21
4.71024	21
4.72951	21
4.72956	21
4.72956	21
4.72956	21
4.72958	21
4.73413	21
4.73419	21
4.73419	21
4.74986	21
4.74987	21
4.74987	21
4.7509	21
4.75096	21
4.75096	21
4.7578	21
4.76405	21
4.77779	21
4.77779	21
4.7778	21
4.7778	21
4.77963	21
4.7797	21
4.7797	21
4.78113	21
4.78114	21
4.80259	21
4.80272	21
4.80274	21
4.8032	21
4.80321	21
4.80321	21
4.8098	21
4.8098	21
4.80983	21
4.80984	21
4.82704	21
4.82704	21
4.82704	21
4.82875	21
4.82877	21
4.82878	21
4.83038	21
4.8305	21
4.8305	21
4.83865	21
4.83879	21
4.83879	21
4.84673	21
4.84675	21
4.84675	21
4.85258	21
4.86408	21
4.86413	21
4.86413	21
4.88616	21
4.88619	21
4.88808	21
4.8881	21
4.8881	21
4.88915	21
4.88916	21
4.88917	21
4.8892	21
4.8892	21
4.89036	21
4.89042	21
4.89042	21
4.89174	21
4.89257	21
4.89258	21
4.89269	21
4.8927	21
4.89719	21
4.89725	21
4.89725	21
4.918	21
4.91803	21
4.91804	21
4.94064	21
4.94065	21
4.94071	21
4.94071	21
4.94074	21
4.94079	21
4.94079	21
4.94272	21
4.94274	21
4.94277	21
4.94817	21
4.94822	21
4.94823	21
4.95196	21
4.97335	21
4.9734	21
4.97341	21
4.97349	21
4.97349	21
4.99078	21
4.9909	21
4.99093	21
4.99432	21
4.99432	21
4.99446	21
4.99447	21
4.99574	21
4.99623	21
4.99625	21
4.99628	21
4.99745	21
4.99745	21
4.99745	21
4.99748	21
4.99751	21
5.00242	21
5.00246	21
5.00246	21
5.00754	21
5.00763	21
5.00763	21
5.01176	21
5.01179	21
5.01179	21
5.0133	21
5.0133	21
5.01339	21
5.01341	21
5.01482	21
5.01489	21
5.01489	21
5.01769	21
5.01781	21
5.01781	21
5.03503	21
5.03505	21
5.03505	21
5.03583	21
5.03586	21
5.03586	21
5.05292	21
5.05293	21
5.05301	21
5.05301	21
5.0607	21
5.0607	21
5.0607	21
5.08019	21
5.0802	21
5.08021	21
5.08023	21
5.08023	21
5.08382	21
5.08387	21
5.08387	21
5.08416	21
5.08624	21
5.0864	21
5.0969	21
5.09692	21
5.09692	21
5.09708	21
5.09709	21
5.10561	21
5.1177	21
5.11772	21
5.12639	21
5.12639	21
5.1264	21
5.1264	21
5.12641	21
5.15477	21
5.15478	21
5.15479	21
5.15559	21
5.15559	21
5.1556	21
5.18795	21
5.18795	21
5.18796	21
5.18796	21
5.19861	21
5.19867	21
5.19869	21
5.1987	21
5.20462	21
5.20474	21
5.20475	21
5.21489	21
5.2149	21
5.2149	21
5.21848	21
5.21861	21
5.21864	21
5.23577	21
5.23579	21
5.2358	21
5.2358	21
5.24814	21
5.24814	21
5.24816	21
5.24816	21
5.25172	21
5.25175	21
5.25175	21
5.30087	21
5.30087	21
5.3009	21
5.30091	21
5.30539	21
5.30541	21
5.30542	21
5.30766	21
5.30771	21
5.30772	21
5.31821	21
5.31833	21
5.31835	21
5.33116	21
5.33117	21
5.33118	21
5.33353	21
5.33982	21
5.33984	21
5.33986	21
5.33986	21
5.34545	21
5.34548	21
5.34548	21
5.35198	21
5.35201	21
5.35201	21
5.38114	21
5.38114	21
5.38115	21
5.38115	21
5.38476	21
5.38491	21
5.38491	21
5.39092	21
5.39097	21
5.39114	21
5.39114	21
5.40278	21
5.40288	21
5.40288	21
5.40359	21
5.40634	21
5.40643	21
5.41036	21
5.41045	21
5.41046	21
5.41066	21
5.4107	21
5.41088	21
5.4109	21
5.41101	21
5.41101	21
5.42326	21
5.4233	21
5.4233	21
5.42353	21
5.42355	21
5.42359	21
5.42694	21
5.42694	21
5.42695	21
5.42695	21
5.432	21
5.432	21
5.43201	21
5.43994	21
5.43996	21
5.43996	21
5.44437	21
5.44443	21
5.44444	21
5.45168	21
5.45175	21
5.45175	21
5.45582	21
5.45584	21
5.45585	21
5.46598	21
5.466	21
5.46603	21
5.46604	21
5.4717	21
5.47174	21
5.47175	21
5.47959	21
5.47959	21
5.47972	21
5.47973	21
5.48442	21
5.48442	21
5.48452	21
5.48453	21
5.48984	21
5.48986	21
5.48987	21
5.49167	21
5.49172	21
5.49172	21
5.49174	21
5.49578	21
5.49582	21
5.49583	21
5.50303	21
5.50303	21
5.50303	21
5.50655	21
5.51295	21
5.51297	21
5.51301	21
5.51302	21
5.52924	21
5.52937	21
5.52937	21
5.53048	21
5.53051	21
5.53055	21
5.53096	21
5.53096	21
5.531	21
5.531	21
5.53873	21
5.55198	21
5.55199	21
5.55205	21
5.55206	21
5.55843	21
5.55845	21
5.55845	21
5.56622	21
5.56623	21
5.56629	21
5.56629	21
5.57346	21
5.57346	21
5.57348	21
5.57348	21
5.58814	21
5.58825	21
5.58826	21
5.60139	21
5.60146	21
5.60147	21
5.60147	21
5.60147	21
5.6024	21
5.60242	21
5.60244	21
5.61618	21
5.61629	21
5.61629	21
5.61931	21
5.61936	21
5.61939	21
5.61939	21
5.63476	21
5.6348	21
5.63481	21
5.63482	21
5.63483	21
5.63675	21
5.64121	21
5.64121	21
5.64293	21
5.64302	21
5.64306	21
5.64307	21
5.66451	21
5.66451	21
5.66465	21
5.66466	21
5.67716	21
5.67718	21
5.67729	21
5.67733	21
5.67769	21
5.67769	21
5.67778	21
5.67779	21
5.70258	21
5.70258	21
5.70261	21
5.70262	21
5.71097	21
5.711	21
5.71103	21
5.71104	21
5.71156	21
5.71161	21
5.71162	21
5.71162	21
5.71248	21
5.71251	21
5.71252	21
5.71287	21
5.71291	21
5.71305	21
5.71306	21
5.71537	21
5.71539	21
5.7154	21
5.72804	21
5.72985	21
5.72985	21
5.72986	21
5.72986	21
5.72987	21
5.73082	21
5.7316	21
5.73164	21
5.73166	21
5.73169	21
5.74143	21
5.74148	21
5.7415	21
5.74151	21
5.74357	21
5.74359	21
5.74368	21
5.74368	21
5.74831	21
5.74832	21
5.74833	21
5.75635	21
5.75667	21
5.75671	21
5.75678	21
5.7568	21
5.75805	21
5.75814	21
5.75814	21
5.75857	21
5.75861	21
5.75862	21
5.76832	21
5.76832	21
5.76833	21
5.76834	21
5.77149	21
5.77151	21
5.77167	21
5.77172	21
5.78177	21
5.78193	21
5.78193	21
5.78819	21
5.78833	21
5.78833	21
5.79193	21
5.792	21
5.79201	21
5.7951	21
5.79534	21
5.79534	21
5.79977	21
5.79984	21
5.79992	21
5.79993	21
5.80231	21
5.80232	21
5.80248	21
5.8025	21
5.80886	21
5.80888	21
5.8089	21
5.82253	21
5.82253	21
5.82261	21
5.82261	21
5.82329	21
5.82335	21
5.82352	21
5.82354	21
5.83258	21
5.83267	21
5.83267	21
5.84636	21
5.84642	21
5.84642	21
5.85759	21
5.85759	21
5.85759	21
5.85759	21
5.87791	21
5.87791	21
5.88658	21
5.8866	21
5.8866	21
5.88666	21
5.88666	21
5.88724	21
5.88731	21
5.88735	21
5.9002	21
5.90023	21
5.90023	21
5.90025	21
5.90026	21
5.90771	21
5.90777	21
5.9078	21
5.92331	21
5.92331	21
5.92338	21
5.92341	21
5.9406	21
5.94065	21
5.94065	21
5.95501	21
5.95505	21
5.95505	21
5.95688	21
5.96838	21
5.9684	21
5.9684	21
5.96849	21
5.96849	21
5.97377	21
5.97379	21
5.97381	21
5.97922	21
5.97924	21
5.97926	21
5.98051	21
5.98052	21
5.98058	21
5.98177	21
5.98179	21
5.9818	21
5.98725	21
5.98729	21
5.98729	21
5.99244	21
5.99245	21
5.99249	21
5.99251	21
5.99722	21
5.99724	21
5.99726	21
6.0076	21
6.00762	21
6.00763	21
6.00769	21
6.0077	21
6.01108	21
6.01117	21
6.01118	21
6.01539	21
6.01576	21
6.01577	21
6.01583	21
6.01589	21
6.01639	21
6.01791	21
6.01792	21
6.01795	21
6.01796	21
6.01974	21
6.01981	21
6.01988	21
6.03221	21
6.03223	21
6.03224	21
6.03226	21
6.0327	21
6.03273	21
6.03273	21
6.03659	21
6.03674	21
6.03676	21
6.06295	21
6.06303	21
6.06304	21
6.07071	21
6.07071	21
6.07075	21
6.07076	21
6.07077	21
6.07099	21
6.07099	21
6.08169	21
6.08177	21
6.08177	21
6.08286	21
6.0829	21
6.08292	21
6.08969	21
6.08995	21
6.08996	21
6.0985	21
6.11409	21
6.11409	21
6.11411	21
6.11413	21
6.118	21
6.11807	21
6.1181	21
6.11856	21
6.11862	21
6.11862	21
6.11866	21
6.12118	21
6.12121	21
6.12123	21
6.12554	21
6.12559	21
6.12559	21
6.12966	21
6.1317	21
6.13171	21
6.14263	21
6.14266	21
6.14268	21
6.16073	21
6.16073	21
6.16077	21
6.16078	21
6.1698	21
6.16983	21
6.16987	21
6.17652	21
6.17843	21
6.17845	21
6.17848	21
6.1785	21
6.19633	21
6.19661	21
6.19663	21
6.2183	21
6.21831	21
6.21834	21
6.21835	21
6.23653	21
6.23654	21
6.23654	21
6.24845	21
6.24857	21
6.24859	21
6.25362	21
6.25363	21
6.25372	21
6.26414	21
6.26418	21
6.26419	21
6.27664	21
6.27671	21
6.27673	21
6.28758	21
6.28763	21
6.28766	21
6.28767	21
6.30808	21
6.30808	21
6.30808	21
6.30811	21
6.30813	21
6.30821	21
6.30821	21
6.3095	21
6.30953	21
6.30957	21
6.30963	21
6.31503	21
6.31507	21
6.31511	21
6.31511	21
6.33038	21
6.33517	21
6.33518	21
6.33518	21
6.3353	21
6.33531	21
6.37076	21
6.37077	21
6.37078	21
6.37091	21
6.37095	21
6.37286	21
6.37287	21
6.37291	21
6.37291	21
6.38227	21
6.38227	21
6.3823	21
6.38939	21
6.38941	21
6.38972	21
6.38976	21
6.40697	21
6.40698	21
6.40707	21
6.44526	21
6.44526	21
6.44535	21
6.44543	21
6.46974	21
6.46974	21
6.46979	21
6.46986	21
6.47902	21
6.49759	21
6.49765	21
6.49765	21
6.50015	21
6.50017	21
6.50017	21
6.50026	21
6.50039	21
6.50408	21
6.50415	21
6.50417	21
6.5042	21
6.52105	21
6.52109	21
6.52109	21
6.52109	21
6.52116	21
6.53724	21
6.53726	21
6.53729	21
6.53735	21
6.53907	21
6.53917	21
6.53919	21
6.5392	21
6.54681	21
6.54682	21
6.54683	21
6.54683	21
6.54697	21
6.55197	21
6.55211	21
6.55215	21
6.55215	21
6.55216	21
6.55217	21
6.55223	21
6.57243	21
6.57244	21
6.57244	21
6.57263	21
6.57267	21
6.5853	21
6.5853	21
6.5854	21
6.5854	21
6.61518	21
6.61518	21
6.61519	21
6.61519	21
6.61531	21
6.61532	21
6.6156	21
6.61563	21
6.61719	21
6.61719	21
6.61721	21
6.61736	21
6.62217	21
6.6222	21
6.6222	21
6.63069	21
6.6307	21
6.6307	21
6.63469	21
6.6365	21
6.63656	21
6.63759	21
6.63759	21
6.63768	21
6.63773	21
6.64752	21
6.6476	21
6.6476	21
6.64761	21
6.64773	21
6.65353	21
6.65356	21
6.65357	21
6.65366	21
6.65553	21
6.65553	21
6.65563	21
6.65787	21
6.65794	21
6.65801	21
6.66366	21
6.66369	21
6.66373	21
6.7435	21
6.7435	21
6.74356	21
6.74361	21
6.74757	21
6.74759	21
6.74764	21
6.75743	21
6.75744	21
6.75759	21
6.76921	21
6.76926	21
6.76927	21
6.79131	21
6.79141	21
6.79146	21
6.79991	21
6.79997	21
6.80062	21
6.80552	21
6.80555	21
6.8056	21
6.81099	21
6.81099	21
6.81101	21
6.81101	21
6.82016	21
6.82021	21
6.82046	21
6.82128	21
6.84719	21
6.84719	21
6.84726	21
6.84743	21
6.85244	21
6.85246	21
6.85248	21
6.85956	21
6.85958	21
6.85958	21
6.85983	21
6.86267	21
6.86269	21
6.8627	21
6.86288	21
6.86343	21
6.86347	21
6.86356	21
6.8636	21
6.86877	21
6.86882	21
6.86884	21
6.88904	21
6.88904	21
6.88905	21
6.88914	21
6.88936	21
6.89163	21
6.89166	21
6.89195	21
6.92285	21
6.92285	21
6.92286	21
6.92445	21
6.92628	21
6.92631	21
6.9264	21
6.92822	21
6.9351	21
6.93512	21
6.93647	21
6.93647	21
6.93647	21
6.9365	21
6.93869	21
6.93869	21
6.93869	21
6.93887	21
6.94356	21
6.94358	21
6.94359	21
6.94366	21
6.94632	21
6.94634	21
6.94639	21
6.96869	21
6.96983	21
6.96985	21
6.96985	21
6.96987	21
7.00581	21
7.00583	21
7.0059	21
7.00858	21
7.00859	21
7.00862	21
7.01116	21
7.01116	21
7.01117	21
7.03157	21
7.03159	21
7.0316	21
7.0316	21
7.04474	21
7.04474	21
7.04481	21
7.07247	21
7.07247	21
7.07248	21
7.43397	21
7.43398	21
7.43861	21
7.4499	21
7.44994	21
7.44995	21
7.44996	21
7.45289	21
7.45741	21
7.45747	21
7.4575	21
7.45751	21
7.46043	21
7.46043	21
7.46044	21
7.46045	21
7.47303	21
7.47303	21
7.47313	21
7.52601	21
7.52604	21
7.52604	21
7.53422	21
7.5494	21
7.5494	21
7.54942	21
7.54942	21
7.5495	21
7.59915	21
7.59915	21
7.59915	21
7.59931	21
7.60258	21
7.60259	21
7.60261	21
7.70519	21
7.70519	21
7.70816	21
7.71234	21
7.71235	21
7.71251	21
7.71764	21
7.71764	21
7.71766	21
7.71769	21
7.74524	21
7.74528	21
7.74528	21
7.74529	21
7.75457	21
7.75457	21
7.75462	21
7.75519	21
7.75523	21
7.75531	21
7.75941	21
7.75945	21
7.75946	21
7.75954	21
9.30103	21
9.30103	21
9.30227	21
9.32065	21
9.32065	21
9.32079	21
9.32514	21
9.32515	21
9.32536	21
9.34792	21
9.34803	21
9.34805	21
9.34822	21
9.35932	21
9.35932	21
9.3705	21
9.37058	21
9.37058	21
9.37062	21
9.38439	21
9.38439	21
9.3844	21
9.38442	21
9.39473	21
9.39475	21
9.39476	21
9.39491	21
9.39867	21
9.39867	21
9.39892	21
9.40101	21
9.40102	21
9.40866	21
9.40871	21
9.40872	21
9.40881	21
9.41991	21
9.41994	21
9.41994	21
9.41995	21
9.44416	21
9.44417	21
9.44425	21
9.46094	21
9.46096	21
9.46099	21
9.50926	21
9.50927	21
9.50929	21
9.51095	21
9.51095	21
9.51098	21
9.53068	21
9.53073	21
9.53073	21
9.53076	21
9.60247	21
9.60256	21
9.60256	21
9.60264	21
9.60839	21
9.6084	21
9.6084	21
9.61388	21
9.61388	21
9.61391	21
9.61401	21
9.6436	21
9.64363	21
9.64363	21
9.64364	21
9.65742	21
9.66873	21
9.66873	21
9.66874	21
9.66874	21
9.67257	21
9.67257	21
9.67258	21
9.68414	21
9.68512	21
9.68514	21
9.68515	21
9.68539	21
9.71235	21
9.71237	21
9.71237	21
9.71241	21
9.71257	21
9.71257	21
9.71268	21
9.71492	21
9.72853	21
9.72858	21
9.72859	21
9.72864	21
9.73817	21
9.73817	21
9.73838	21
9.74458	21
9.7729	21
9.77292	21
9.77293	21
9.77296	21
9.78812	21
9.78812	21
9.78814	21
9.78883	21
9.7908	21
9.79095	21
9.79096	21
9.79098	21
9.79613	21
9.79616	21
9.79617	21
9.79639	21
9.81029	21
9.81034	21
9.81034	21
9.81039	21
9.81663	21
9.81664	21
9.81678	21
9.82303	21
9.82303	21
9.82306	21
9.85001	21
9.85003	21
9.85006	21
9.86555	21
9.8656	21
9.86561	21
9.86563	21
9.86646	21
9.86647	21
9.86655	21
9.87134	21
9.87135	21
9.87136	21
9.88389	21
9.88389	21
9.89053	21
9.89407	21
9.8941	21
9.89414	21
9.92486	21
9.92486	21
9.92503	21
9.93821	21
9.93827	21
9.93828	21
9.94241	21
9.94594	21
9.946	21
9.94602	21
9.94608	21
9.96566	21
9.96566	21
9.9657	21
9.97147	21
9.97148	21
9.9715	21
9.97776	21
9.97776	21
9.97787	21
9.97984	21
9.97985	21
9.97985	21
9.98001	21
9.98919	21
9.98921	21
9.98923	21
9.98973	21
9.98981	21
9.98981	21
9.98988	21
10.0113	21
10.0113	21
10.0113	21
10.0203	21
10.0203	21
10.0203	21
10.0203	21
10.0261	21
10.0262	21
10.0299	21
10.0299	21
10.043	21
10.0431	21
10.0431	21
10.0432	21
10.0549	21
10.0549	21
10.0549	21
10.1151	21
10.1151	21
10.1151	21
10.1258	21
10.1258	21
10.1258	21
10.1435	21
10.1435	21
10.156	21
10.156	21
10.156	21
10.1561	21
10.1728	21
10.1728	21
10.1729	21
10.1856	21
10.1856	21
10.1856	21
10.1885	21
10.1885	21
10.1885	21
10.1932	21
10.1932	21
10.1932	21
10.1932	21
10.212	21
10.212	21
10.2121	21
10.2121	21
10.2137	21
10.2137	21
10.2137	21
10.2594	21
10.2595	21
10.2595	21
10.2595	21
11.2184	21
11.2185	21
11.2196	21
11.2288	21
11.2288	21
11.2288	21
11.2707	21
11.2707	21
11.2707	21
11.3003	21
11.3003	21
11.3003	21
11.3108	21
11.3108	21
11.3108	21
11.3284	21
11.3284	21
11.3284	21
11.3345	21
11.3346	21
11.3346	21
11.3346	21
11.3861	21
11.3861	21
11.3861	21
11.4445	21
11.4445	21
11.4472	21
11.4472	21
11.4472	21
11.4473	21
11.4593	21
11.4612	21
11.4612	21
11.4612	21
11.4613	21
11.4786	21
11.4786	21
11.4786	21
11.4786	21
11.4969	21
11.497	21
11.4971	21
11.5054	21
11.5054	21
11.5055	21
11.5104	21
11.5105	21
11.5105	21
11.5105	21
11.5314	21
11.6081	21
11.6081	21
11.6081	21
11.6082	21
11.6324	21
11.6324	21
11.6324	21
11.6667	21
11.6667	21
11.6668	21
11.7081	21
11.7081	21
11.7081	21
11.7132	21
11.7132	21
11.7132	21
11.7194	21
11.7194	21
11.7194	21
11.729	21
11.729	21
11.729	21
11.7549	21
11.7551	21
11.7551	21
11.7552	21
11.777	21
11.777	21
11.777	21
11.7925	21
11.7925	21
11.7926	21
11.7935	21
11.7935	21
11.7935	21
11.8022	21
11.8022	21
11.8022	21
11.8118	21
11.8118	21
11.8118	21
11.8184	21
11.8184	21
11.8184	21
11.8364	21
11.8413	21
11.8413	21
11.8413	21
11.8413	21
11.8794	21
11.8794	21
11.8795	21
11.8795	21
11.8938	21
11.8939	21
11.8939	21
11.8941	21
11.8992	21
11.8992	21
11.8992	21
11.8992	21
11.9088	21
11.9088	21
11.9088	21
11.909	21
11.9384	21
11.9384	21
11.9384	21
11.94	21
11.94	21
11.94	21
11.9401	21
11.9639	21
11.9639	21
11.9639	21
11.9701	21
11.9701	21
11.9701	21
11.9742	21
11.9742	21
11.9743	21
11.9882	21
11.9882	21
11.9883	21
11.9884	21
11.9909	21
11.9909	21
11.991	21
12.0205	21
12.0205	21
12.0207	21
12.0265	21
12.0467	21
12.0468	21
12.0468	21
12.0468	21
12.0469	21
12.0571	21
12.0571	21
12.0572	21
12.0604	21
12.0605	21
12.0605	21
12.0749	21
12.0749	21
12.075	21
12.1112	21
12.1113	21
12.1113	21
12.1309	21
12.1309	21
12.1309	21
12.1309	21
12.135	21
12.135	21
12.1351	21
12.1375	21
12.1375	21
12.1375	21
12.1556	21
12.1571	21
12.1571	21
12.1571	21
12.1742	21
12.1742	21
12.1743	21
12.1743	21
12.1848	21
12.1848	21
12.1848	21
12.1848	21
12.2537	21
12.2537	21
12.2537	21
12.2537	21
12.2615	21
12.2615	21
12.2616	21
12.2616	21
12.2673	21
12.2701	21
12.2701	21
12.2701	21
12.2703	21
12.3717	21
12.3717	21
12.3734	21
12.3959	21
12.3959	21
12.3959	21
12.396	21
12.7798	21
12.7799	21
12.7803	21
12.7807	21
12.7921	21
12.7921	21
12.7921	21
12.7922	21
12.7929	21
12.7929	21
12.7929	21
12.8174	21
12.8174	21
12.8175	21
12.8175	21
12.8175	21
12.8286	21
12.8286	21
12.8286	21
12.8343	21
12.8344	21
12.8344	21
12.8345	21
12.8755	21
12.8757	21
12.8757	21
12.8758	21
12.8772	21
12.8772	21
12.8772	21
12.8789	21
12.8789	21
12.8789	21
12.8791	21
12.883	21
12.883	21
12.883	21
12.883	21
12.8855	21
12.8855	21
12.8855	21
12.8861	21
12.8861	21
12.8861	21
12.8871	21
12.8871	21
12.8871	21
12.8871	21
12.8889	21
12.8889	21
12.889	21
12.8957	21
12.8957	21
12.8957	21
12.9084	21
12.9084	21
12.9084	21
12.9287	21
12.9287	21
12.9287	21
12.9435	21
12.9435	21
12.9435	21
12.9435	21
12.9677	21
12.9677	21
12.9677	21
12.9909	21
12.9909	21
12.9909	21
12.9909	21
13.0044	21
13.0044	21
13.0046	21
13.0373	21
13.0373	21
13.0374	21
13.0381	21
13.0382	21
13.0382	21
13.0385	21
13.0545	21
13.0545	21
13.0545	21
13.0658	21
13.0658	21
13.0658	21
13.0659	21
13.0876	21
13.0876	21
13.0876	21
13.0877	21
13.117	21
13.117	21
13.117	21
13.1213	21
13.1213	21
13.1213	21
13.1214	21
13.1399	21
13.1399	21
13.1399	21
13.14	21
13.1557	21
13.1557	21
13.1557	21
13.1558	21
13.1666	21
13.1666	21
13.1666	21
13.1738	21
13.1738	21
13.1739	21
13.1894	21
13.1894	21
13.1895	21
13.2062	21
13.2062	21
13.2063	21
13.2174	21
13.2174	21
13.2174	21
13.2468	21
13.2468	21
13.2468	21
13.2469	21
13.248	21
13.248	21
13.2481	21
13.2558	21
13.2558	21
13.2566	21
13.2712	21
13.2712	21
13.2713	21
13.2713	21
13.2714	21
13.2784	21
13.2784	21
13.2785	21
13.7947	21
13.7948	21
13.7949	21
13.7955	21
13.7956	21
13.7961	21
13.7961	21
13.7962	21
13.7964	21
13.7976	21
13.7976	21
13.7976	21
13.7978	21
13.8283	21
13.8284	21
13.8284	21
13.8314	21
13.8314	21
13.8314	21
13.8314	21
13.8457	21
13.8457	21
13.8457	21
13.8554	21
13.8554	21
13.8554	21
13.8847	21
13.8847	21
13.8847	21
13.9091	21
13.9091	21
13.9124	21
13.9131	21
13.9132	21
13.9132	21
13.9132	21
13.9381	21
13.9381	21
13.9381	21
13.9381	21
13.9526	21
13.9526	21
13.9527	21
13.9569	21
13.9569	21
13.9569	21
13.9726	21
13.9726	21
13.9726	21
13.9727	21
13.9731	21
13.9731	21
13.9731	21
17.2533	21
17.2566	21
17.2567	21
17.2611	21
17.2675	21
17.2675	21
17.2675	21
17.3048	21
17.3049	21
17.3049	21
17.305	21
17.3246	21
17.3286	21
17.3286	21
17.3286	21
17.3287	21
17.3326	21
17.3326	21
17.3327	21
17.333	21
17.333	21
17.333	21
17.3658	21
17.3659	21
17.3659	21
17.3736	21
17.4152	21
17.4152	21
17.4152	21
17.4152	21
17.4482	21
17.4482	21
17.4483	21
17.4707	21
17.4707	21
17.4707	21
17.4752	21
17.4752	21
17.4753	21
17.5053	21
17.5053	21
17.5054	21
17.5255	21
17.5255	21
17.5255	21
17.5389	21
17.5389	21
17.539	21
17.5764	21
17.5764	21
17.5764	21
17.5764	21
17.5909	21
17.5909	21
17.591	21
17.6099	21
17.6202	21
17.6202	21
17.6202	21
17.6202	21
17.6368	21
17.6368	21
17.637	21
17.6653	21
17.6653	21
17.6654	21
17.6662	21
17.6662	21
17.6662	21
17.6662	21
17.6831	21
17.6831	21
17.6831	21
17.6881	21
17.6882	21
17.6882	21
17.7178	21
17.7178	21
17.718	21
17.7283	21
17.7283	21
17.7283	21
17.731	21
17.731	21
17.7311	21
17.735	21
17.735	21
17.735	21
17.7406	21
17.7406	21
17.7493	21
17.7493	21
17.7493	21
17.7494	21
17.7605	21
17.7605	21
17.7605	21
17.8269	21
17.8269	21
17.8269	21
17.8517	21
17.8517	21
17.8517	21
17.8518	21
17.8713	21
17.9037	21
17.9038	21
17.9038	21
17.904	21
17.9052	21
17.9052	21
17.9052	21
17.9165	21
17.9165	21
17.9165	21
17.9522	21
17.9522	21
17.9522	21
17.9522	21
17.953	21
17.953	21
17.9531	21
18.2552	21
18.2558	21
18.2559	21
18.2569	21
18.257	21
18.257	21
18.2611	21
18.2634	21
18.2634	21
18.2634	21
18.2676	21
18.2677	21
18.2677	21
18.2682	21
18.2682	21
18.2683	21
18.2702	21
18.2703	21
18.2706	21
18.2818	21
18.2818	21
18.2818	21
18.2819	21
18.2895	21
18.2895	21
18.2895	21
18.2895	21
18.5668	21
18.5687	21
18.5687	21
18.5705	21
18.5832	21
18.5833	21
18.5833	21
18.6244	21
18.6244	21
18.6245	21
18.6265	21
18.6266	21
18.6266	21
18.6266	21
18.6373	21
18.6464	21
18.6465	21
18.6465	21
18.6465	21
18.664	21
18.664	21
18.664	21
18.6801	21
18.6801	21
18.6801	21
18.6802	21
18.6897	21
18.6898	21
18.6898	21
18.6979	21
18.6979	21
18.6979	21
18.6997	21
18.6998	21
18.6998	21
18.7002	21
18.7002	21
18.7002	21
20.0603	21
20.0603	21
20.0607	21
20.0612	21
20.0612	21
20.0613	21
20.0613	21
20.0637	21
20.0784	21
20.0871	21
20.0871	21
20.0871	21
20.0871	21
20.1115	21
20.1115	21
20.1116	21
20.1434	21
20.1434	21
20.1435	21
20.1507	21
20.1507	21
20.1507	21
20.1507	21
20.185	21
20.185	21
20.185	21
20.211	21
20.2111	21
20.2111	21
20.2113	21
20.2309	21
20.2309	21
20.231	21
20.2368	21
20.2368	21
20.2369	21
20.237	21
20.2578	21
20.2578	21
20.2578	21
20.2578	21
20.5214	21
20.5214	21
20.5227	21
20.8917	21
20.8919	21
20.8919	21
20.892	21
20.892	21
20.8934	21
20.8948	21
20.8948	21
20.8948	21
21.3173	21
21.3173	21
21.319	21
21.3191	21
21.3192	21
21.3255	21
21.3255	21
21.3304	21
21.3305	21
21.3305	21
21.3305	21
21.6345	21
21.6345	21
21.6391	21
21.6435	21
21.6435	21
21.6435	21
21.6435	21
21.6511	21
21.6512	21
21.6513	21
21.6513	21
21.6576	21
21.6576	21
21.6577	21
21.6577	21
21.6663	21
21.6663	21
21.6663	21
21.6848	21
21.6848	21
21.6848	21
21.6848	21
21.7084	21
21.7085	21
21.7087	21
21.8814	21
21.8815	21
21.8823	21
22.4595	21
22.4595	21
22.4598	21
22.4698	21
22.4698	21
22.4698	21
22.4772	21
22.4772	21
22.4772	21
23.0769	21
23.0774	21
23.0774	21
23.0784	21
23.0892	21
23.0893	21
23.0893	21
23.1424	21
23.1424	21
23.1425	21
23.1425	21
23.1479	21
23.1479	21
23.1479	21
23.1554	21
23.1554	21
23.1554	21
23.1675	21
23.1675	21
23.1676	21
23.1695	21
23.1695	21
23.1695	21
23.1779	21
23.1907	21
23.1907	21
23.1907	21
23.1908	21
23.2073	21
23.2074	21
23.2075	21
24.9433	21
24.9434	21
24.9453	21
24.9453	21
24.9454	21
24.9469	21
24.9503	21
24.9503	21
24.9503	21
24.9858	21
24.9859	21
24.9859	21
24.9995	21
24.9995	21
24.9996	21
25.0053	21
25.0054	21
25.0054	21
25.0055	21
25.0139	21
25.014	21
25.0141	21
25.0204	21
25.0295	21
25.0295	21
25.0295	21
25.0295	21
25.0296	21
25.034	21
25.034	21
25.034	21
25.0392	21
25.0393	21
25.0393	21
25.0393	21
25.0598	21
25.0598	21
25.0598	21
25.0674	21
25.0677	21
25.0702	21
25.0702	21
25.0703	21
25.0705	21
25.0715	21
25.0743	21
25.0743	21
25.0743	21
25.0745	21
25.0796	21
25.0829	21
25.0829	21
25.083	21
25.083	21
25.1833	21
25.1834	21
25.1849	21
25.3696	21
25.3697	21
25.3786	21
25.421	21
25.421	21
25.4211	21
25.4212	21
25.4248	21
25.4248	21
25.4248	21
25.4248	21
25.4261	21
25.4828	21
25.4828	21
25.4829	21
25.4829	21
25.7267	21
25.7276	21
25.7277	21
25.731	21
25.731	21
25.7312	21
25.7318	21
25.7461	21
25.7461	21
25.7461	21
25.7461	21
26.0646	21
26.0648	21
26.0654	21
26.2245	21
26.2245	21
26.2249	21
26.6725	21
26.6726	21
26.6739	21
26.6892	21
26.6893	21
26.6934	21
27.0033	21
27.0034	21
27.0051	21
27.0086	21
27.0086	21
27.0086	21
27.0182	21
27.0183	21
27.0183	21
27.0186	21
27.0208	21
27.0209	21
27.0209	21
27.0209	21
27.1586	21
27.1586	21
27.1589	21
28.3212	21
28.3212	21
28.3222	21
28.3347	21
28.3347	21
28.3348	21
28.335	21
29.5285	21
29.5286	21
29.5296	21
29.539	21
29.539	21
29.539	21
29.539	21
29.5427	21
29.5427	21
29.5428	21
29.5696	21
29.5696	21
29.5696	21
30.6153	21
30.6153	21
30.6239	21
30.6246	21
30.7365	21
30.7365	21
30.7457	21
30.7502	21
30.7504	21
30.7504	21
30.769	21
30.769	21
30.769	21
30.7823	21
30.7823	21
30.7824	21
30.7824	21
30.7824	21
30.8259	21
30.8259	21
30.8259	21
30.8259	21
30.8426	21
30.8426	21
30.8426	21
30.8494	21
30.8494	21
30.8494	21
30.8494	21
31.7375	21
31.7376	21
31.7412	21
31.745	21
31.7451	21
31.7451	21
31.7536	21
31.7536	21
31.7536	21
31.7669	21
31.7669	21
31.767	21
31.767	21
31.7874	21
31.7875	21
31.7875	21
31.7876	21
31.7882	21
31.7883	21
31.7883	21
31.7883	21
32.0349	21
32.0349	21
32.0383	21
32.04	21
32.04	21
32.0401	21
32.7329	21
32.7329	21
32.7341	21
33.7964	21
33.7965	21
33.7968	21
34.7306	21
34.7307	21
34.7307	21
34.7313	21
34.7409	21
34.7409	21
34.7409	21
34.741	21
34.7502	21
34.7502	21
34.7503	21
34.7503	21
34.7517	21
34.7517	21
34.7518	21
34.7518	21
34.8087	21
34.8087	21
34.8087	21
34.8087	21
34.9501	21
34.9504	21
34.9585	21
34.9834	21
34.9835	21
34.9835	21
34.9836	21
34.9844	21
34.9844	21
34.9844	21
34.9844	21
34.9861	21
34.9861	21
34.9862	21
34.9862	21
34.9985	21
34.9985	21
34.9986	21
34.9988	21
35.0119	21
35.0119	21
35.0119	21
35.0219	21
35.0221	21
35.0221	21
35.0222	21
35.0352	21
35.0354	21
35.0372	21
35.0452	21
35.0453	21
35.0454	21
35.0454	21
35.068	21
35.068	21
35.068	21
35.26	21
35.2601	21
35.2616	21
35.2617	21
35.29	21
35.2901	21
35.2901	21
35.2901	21
35.3069	21
35.3069	21
35.3069	21
35.3069	21
35.32	21
35.3202	21
35.3202	21
35.3202	21
35.7479	21
35.7483	21
35.7484	21
35.7492	21
35.7501	21
35.7585	21
35.7686	21
35.7686	21
35.7687	21
35.7687	21
35.8053	21
35.8054	21
35.8055	21
35.8055	21
35.8055	21
35.8074	21
35.8074	21
35.8074	21
35.874	21
35.8741	21
35.8744	21
35.8792	21
35.8793	21
35.8793	21
35.8795	21
35.8824	21
35.8824	21
35.8824	21
35.8852	21
35.8852	21
35.8853	21
35.8853	21
36.3704	21
36.3704	21
36.3716	21
36.3904	21
36.3906	21
36.3906	21
36.3906	21
36.6306	21
36.6306	21
36.6353	21
36.6456	21
36.6456	21
36.6456	21
36.6457	21
36.6504	21
36.6506	21
36.6531	21
36.6754	21
36.6754	21
36.6754	21
37.3512	21
37.3514	21
37.3514	21
37.3721	21
37.3721	21
37.3721	21
37.3827	21
37.3828	21
37.3828	21
37.3828	21
37.3993	21
37.3993	21
37.3993	21
37.3994	21
37.4432	21
37.4432	21
37.4432	21
37.4432	21
37.4435	21
37.4437	21
37.4438	21
37.4602	21
37.4603	21
37.4603	21
38.4399	21
38.44	21
38.4405	21
38.7577	21
38.7577	21
38.7618	21
38.7661	21
38.7661	21
38.7662	21
38.7662	21
38.7701	21
38.7701	21
38.7701	21
38.8053	21
38.8053	21
38.8053	21
38.8055	21
39.7775	21
39.7778	21
39.7817	21
40.5202	21
40.5206	21
40.521	21
40.523	21
40.5632	21
40.5632	21
40.5632	21
40.5865	21
40.5865	21
40.5865	21
40.7746	21
40.7747	21
41.1374	21
41.1386	21
41.1391	21
41.1435	21
41.1533	21
41.1533	21
41.1533	21
41.1533	21
41.1698	21
41.1698	21
41.1699	21
41.1699	21
41.1984	21
41.1984	21
41.1985	21
41.1986	21
41.2017	21
41.2074	21
41.2075	21
41.2075	21
41.2075	21
41.3756	21
41.3786	21
41.3786	21
41.38	21
41.3907	21
41.3908	21
41.3908	21
41.3908	21
41.5231	21
41.5231	21
41.526	21
41.5271	21
41.5273	21
41.5273	21
41.8323	21
41.8329	21
41.836	21
41.8406	21
41.8406	21
41.8406	21
41.8407	21
42.8507	21
42.8509	21
43.5441	21
43.5451	21
43.5451	21
43.5451	21
44.0761	21
44.0763	21
44.0774	21
44.0889	21
44.089	21
44.0891	21
44.1489	21
44.149	21
44.1545	21
44.1665	21
44.1665	21
44.1665	21
44.1665	21
44.2029	21
44.2029	21
44.2029	21
44.2029	21
45.0492	21
45.0494	21
45.0528	21
45.0555	21
45.0556	21
45.0556	21
45.097	21
45.097	21
45.0971	21
45.0971	21
45.2073	21
45.2074	21
45.2098	21
45.2342	21
45.2439	21
45.2439	21
45.244	21
45.244	21
45.2483	21
45.2483	21
45.2484	21
45.2484	21
46.0024	21
46.0034	21
46.0035	21
46.0045	21
46.0517	21
46.0517	21
46.0518	21
46.0518	21
46.2038	21
46.2055	21
46.2058	21
46.2137	21
46.2155	21
46.2156	21
46.2157	21
46.2157	21
46.6893	21
46.6894	21
46.6902	21
47.4722	21
47.4725	21
48.7558	21
48.7576	21
48.758	21
48.7589	21
48.776	21
48.776	21
48.7761	21
48.7761	21
49.6963	21
49.6979	21
49.6981	21
49.6985	21
49.7415	21
49.7415	21
49.7415	21
49.7415	21
49.7497	21
49.7497	21
49.7497	21
49.7498	21
49.7624	21
49.7624	21
49.7625	21
49.7625	21
49.7643	21
49.7643	21
49.7644	21
49.7644	21
49.7815	21
49.7816	21
49.7816	21
49.7816	21
49.7879	21
49.788	21
49.7881	21
49.8293	21
49.8295	21
49.8298	21
49.8304	21
49.8304	21
49.8304	21
49.8305	21
49.8607	21
49.8607	21
49.8608	21
49.8608	21
50.2781	21
50.2786	21
50.2832	21
50.2914	21
50.2914	21
50.2914	21
50.2914	21
50.3027	21
50.3028	21
50.3029	21
50.3029	21
50.8503	21
50.8506	21
50.8537	21
50.8616	21
50.8616	21
50.8617	21
50.8618	21
51.0958	21
51.0963	21
51.1025	21
51.1285	21
51.1288	21
51.1289	21
51.1434	21
51.1435	21
51.1435	21
51.1436	21
51.152	21
51.1548	21
51.1548	21
51.1548	21
51.1549	21
51.5291	21
51.5303	21
51.5303	21
51.5465	21
51.5466	21
51.5467	21
51.5651	21
51.5651	21
51.5653	21
51.5653	21
51.8422	21
51.8427	21
51.8472	21
51.8555	21
51.8556	21
51.8557	21
51.8557	21
51.8805	21
51.8806	21
51.8806	21
51.8807	21
52.1826	21
52.1828	21
52.1837	21
52.2044	21
52.2045	21
52.2045	21
52.2045	21
52.2231	21
52.2231	21
52.2231	21
52.2232	21
52.3453	21
52.3454	21
52.3458	21
52.3503	21
52.6866	21
52.6867	21
52.6869	21
52.8897	21
52.8901	21
52.8901	21
52.9277	21
52.9277	21
52.9278	21
52.963	21
52.9631	21
52.9656	21
52.9659	21
52.9661	21
52.9661	21
52.9727	21
52.9728	21
52.9728	21
52.9728	21
53.0335	21
53.0335	21
53.0336	21
53.0337	21
53.6847	21
53.6855	21
53.6975	21
53.6975	21
53.6981	21
53.6982	21
53.6982	21
53.7112	21
53.7112	21
53.7113	21
53.7113	21
54.0402	21
54.0404	21
54.8989	21
54.9051	21
54.911	21
54.9111	21
54.9138	21
54.9246	21
54.9246	21
54.9247	21
54.9247	21
55.67	21
55.6706	21
55.6706	21
55.8813	21
55.8818	21
55.8839	21
56.1101	21
56.1112	21
56.957	21
56.9591	21
56.9594	21
56.9625	21
56.9625	21
57.0811	21
57.0829	21
57.0871	21
57.1039	21
57.1039	21
57.1039	21
57.104	21
57.176	21
57.1763	21
57.1763	21
57.1771	21
57.1771	21
57.1771	21
57.1771	21
57.2695	21
57.2695	21
57.2695	21
57.6936	21
57.6943	21
57.6955	21
58.0767	21
58.0768	21
58.0772	21
58.0782	21
58.0848	21
58.0848	21
58.0848	21
58.0849	21
58.1014	21
58.102	21
58.1026	21
58.6881	21
58.6892	21
58.6902	21
60.1584	21
60.1586	21
60.1639	21
60.2268	21
60.2269	21
60.2281	21
60.2286	21
60.5041	21
60.5045	21
60.5053	21
60.8968	21
60.8971	21
60.8977	21
61.5954	21
61.5955	21
61.6069	21
62.3368	21
62.3373	21
62.339	21
64.3166	21
64.3177	21
64.3177	21
64.7551	21
64.7552	21
64.7612	21
66.0027	21
66.0035	21
66.0036	21
66.0036	21
66.006	21
66.0061	21
66.0061	21
66.0936	21
66.0937	21
66.0952	21
66.3219	21
66.3224	21
66.3226	21
66.3419	21
66.3424	21
66.3425	21
66.3539	21
66.3539	21
66.3547	21
66.3548	21
66.8975	21
66.898	21
66.8992	21
66.8993	21
67.206	21
67.2075	21
67.2075	21
67.3677	21
67.3705	21
67.3705	21
68.201	21
68.2074	21
68.2082	21
68.2122	21
68.4558	21
68.4566	21
68.4569	21
68.4569	21
68.6379	21
68.638	21
68.648	21
68.731	21
68.731	21
68.7338	21
68.7341	21
68.9243	21
68.9271	21
68.9271	21
68.9391	21
68.9392	21
68.9392	21
68.9394	21
68.9394	21
68.9395	21
68.9396	21
69.5911	21
69.5912	21
69.5912	21
71.4555	21
71.4559	21
71.4571	21
72.412	21
72.4125	21
72.4125	21
72.6513	21
72.6537	21
72.6631	21
73.6198	21
73.6218	21
73.6219	21
73.8081	21
73.8088	21
73.8089	21
74.8052	21
74.8056	21
74.8064	21
74.951	21
74.9516	21
74.9523	21
74.9525	21
74.9527	21
74.9633	21
74.9652	21
75.0411	21
75.0411	21
75.0411	21
75.0427	21
75.0428	21
75.6075	21
75.608	21
75.608	21
75.8486	21
75.8514	21
75.8523	21
75.8533	21
77.3035	21
77.3095	21
77.3113	21
77.6682	21
77.6693	21
77.6705	21
77.6732	21
79.3376	21
79.3379	21
79.3379	21
79.6085	21
79.6104	21
79.6155	21
80.4371	21
80.4377	21
80.4391	21
80.4392	21
80.6312	21
80.6313	21
80.6313	21
80.905	21
80.906	21
80.9062	21
83.0496	21
83.05	21
83.052	21
84.4618	21
84.4635	21
85.0487	21
85.0502	21
85.0506	21
85.0517	21
85.9501	21
85.9536	21
85.959	21
85.9621	21
85.9621	21
85.9624	21
85.9624	21
85.9745	21
85.9807	21
85.9807	21
86.2836	21
86.2885	21
86.3023	21
86.9724	21
86.9744	21
86.9745	21
88.5893	21
88.5898	21
88.5912	21
88.9361	21
88.9362	21
88.9398	21
89.8248	21
89.8271	21
89.8271	21
89.8894	21
89.8913	21
89.8913	21
90.2097	21
90.2103	21
90.2112	21
91.5852	21
91.5852	21
91.5853	21
92.2687	21
92.2711	21
92.2723	21
92.2723	21
92.4779	21
92.4789	21
92.479	21
92.5073	21
92.7286	21
92.7296	21
92.7308	21
92.7322	21
93.1994	21
93.2	21
93.2	21
93.6287	21
93.629	21
93.629	21
94.9065	21
94.9111	21
94.9111	21
95.1546	21
95.1552	21
95.2996	21
95.3002	21
95.301	21
95.301	21
95.4273	21
95.4274	21
96.0046	21
96.0052	21
96.0054	21
96.0059	21
96.0116	21
96.0131	21
96.0132	21
97.0568	21
97.0576	21
97.0589	21
97.2465	21
97.247	21
97.247	21
97.5788	21
97.5797	21
97.5798	21
99.2594	21
99.2599	21
99.2599	21
99.3328	21
99.3376	21
99.3437	21
