3.86593e-10	0
5.11205e-10	1
5.87807e-10	2
2.94103e-09	3
3.04278e-09	4
3.90393e-09	5
4.34502e-09	6
4.96502e-09	7
5.11745e-09	7
5.36491e-09	8
6.47411e-09	9
6.85441e-09	10
6.98994e-09	11
7.82781e-09	12
8.43892e-09	13
8.88221e-09	14
1.48239e-08	15
1.54077e-08	15
1.61984e-08	16
1.66068e-08	16
1.97347e-08	17
2.57106e-08	17
3.29594e-08	17
4.27473e-08	17
4.64158e-08	17
5.70298e-08	17
6.19774e-08	17
6.88829e-08	17
7.83172e-08	17
7.99118e-08	17
9.05589e-08	17
1.03841e-07	17
1.13337e-07	17
1.13466e-07	17
1.14954e-07	17
1.16225e-07	17
1.32312e-07	17
1.33485e-07	17
1.35049e-07	17
1.43101e-07	17
1.51022e-07	17
1.57247e-07	17
1.70046e-07	17
1.721e-07	17
1.72364e-07	17
1.93836e-07	17
2.07367e-07	17
2.09414e-07	17
2.10752e-07	17
2.12892e-07	17
2.20805e-07	17
2.22829e-07	17
2.37596e-07	17
2.60762e-07	17
2.62824e-07	17
2.64432e-07	17
2.66934e-07	17
2.91262e-07	17
2.98709e-07	17
2.98899e-07	17
3.08228e-07	17
3.11451e-07	17
3.17344e-07	17
3.28768e-07	17
3.3491e-07	17
3.41744e-07	17
3.42723e-07	17
3.43905e-07	17
3.52071e-07	17
3.53623e-07	17
3.61073e-07	17
3.65909e-07	17
3.88116e-07	17
3.93529e-07	17
3.93825e-07	17
4.1112e-07	17
4.18398e-07	17
4.22445e-07	17
4.33446e-07	17
4.5875e-07	17
4.63798e-07	17
4.81255e-07	17
4.84651e-07	17
4.85837e-07	17
4.85848e-07	17
4.90326e-07	17
4.92736e-07	17
4.9852e-07	17
4.99568e-07	17
5.02526e-07	17
5.07187e-07	17
5.13966e-07	17
5.22498e-07	18
5.24587e-07	18
5.36718e-07	18
5.43828e-07	18
5.44533e-07	18
5.62987e-07	18
5.66915e-07	18
5.86398e-07	18
5.95127e-07	18
5.95698e-07	18
5.9587e-07	18
5.9621e-07	18
5.97386e-07	18
5.98797e-07	18
6.02026e-07	18
6.12211e-07	18
6.26714e-07	18
6.27542e-07	18
6.3896e-07	18
6.54616e-07	18
6.88416e-07	18
7.01067e-07	18
7.15318e-07	18
7.2324e-07	18
7.41912e-07	18
7.51158e-07	18
7.54737e-07	18
7.71475e-07	18
7.76099e-07	18
7.78788e-07	18
7.87214e-07	18
7.87677e-07	18
7.93684e-07	18
7.9862e-07	18
8.02382e-07	18
8.05205e-07	18
8.13125e-07	18
8.21014e-07	18
8.27028e-07	18
8.37277e-07	18
8.62125e-07	18
8.76557e-07	18
8.79264e-07	18
8.89575e-07	18
8.89862e-07	18
9.1893e-07	18
9.20965e-07	18
9.27799e-07	18
9.5738e-07	18
9.58158e-07	18
9.60814e-07	18
9.68444e-07	18
9.76872e-07	18
9.78833e-07	18
9.89669e-07	18
9.9038e-07	18
1.00279e-06	18
1.00993e-06	18
1.03534e-06	18
1.04835e-06	18
1.05223e-06	18
1.05492e-06	18
1.05511e-06	18
1.06859e-06	18
1.07507e-06	18
1.07852e-06	18
1.08938e-06	18
1.09416e-06	18
1.10628e-06	18
1.1155e-06	18
1.1306e-06	18
1.15477e-06	18
1.1858e-06	18
1.21872e-06	18
1.2236e-06	18
1.22398e-06	18
1.2311e-06	18
1.23538e-06	18
1.24203e-06	18
1.24277e-06	18
1.25454e-06	18
1.26147e-06	18
1.28022e-06	18
1.2855e-06	18
1.2888e-06	18
1.29319e-06	18
1.30261e-06	18
1.32117e-06	18
1.32208e-06	18
1.33121e-06	18
1.35829e-06	18
1.37191e-06	18
1.38051e-06	18
1.40387e-06	18
1.4462e-06	18
1.45026e-06	18
1.45452e-06	18
1.4594e-06	18
1.46415e-06	18
1.47175e-06	18
1.48312e-06	18
1.48349e-06	18
1.49522e-06	18
1.50162e-06	18
1.50194e-06	18
1.5196e-06	18
1.6201e-06	18
1.65023e-06	18
1.66581e-06	18
1.66826e-06	18
1.66859e-06	18
1.67342e-06	18
1.67784e-06	18
1.68793e-06	18
1.72201e-06	18
1.72936e-06	18
1.76877e-06	18
1.77079e-06	18
1.8149e-06	18
1.82892e-06	18
1.83243e-06	18
1.83388e-06	18
1.85347e-06	18
1.86015e-06	18
1.88913e-06	18
1.89283e-06	18
1.93902e-06	18
1.95003e-06	18
1.96326e-06	18
2.05047e-06	18
2.10059e-06	18
2.11225e-06	18
2.13683e-06	18
2.32677e-06	18
2.40902e-06	18
2.44576e-06	18
2.49385e-06	18
2.56436e-06	18
2.63352e-06	18
2.69609e-06	18
2.71392e-06	18
2.79792e-06	18
2.85908e-06	18
2.95385e-06	18
3.01821e-06	18
3.13994e-06	18
3.17484e-06	18
3.22661e-06	18
3.2694e-06	18
3.28417e-06	18
3.439e-06	18
3.60654e-06	18
3.62391e-06	18
3.64924e-06	18
3.6608e-06	18
3.7681e-06	18
3.94934e-06	18
4.08027e-06	18
4.16252e-06	18
4.26063e-06	18
4.26082e-06	18
4.29761e-06	18
4.35514e-06	18
4.36351e-06	18
4.50341e-06	18
4.66949e-06	18
4.71488e-06	18
4.81487e-06	18
4.93411e-06	18
5.05717e-06	18
5.17282e-06	18
5.17753e-06	18
5.25383e-06	18
5.30853e-06	18
5.48003e-06	18
5.64048e-06	18
5.6604e-06	18
5.72969e-06	18
5.80287e-06	18
5.91864e-06	18
5.99373e-06	18
6.25804e-06	18
6.30891e-06	18
6.71662e-06	18
6.78886e-06	18
6.87933e-06	18
6.9733e-06	18
7.06452e-06	18
7.39288e-06	18
7.91178e-06	18
7.93773e-06	18
8.3508e-06	18
8.84603e-06	18
9.0504e-06	18
9.21925e-06	18
9.28304e-06	18
9.53717e-06	18
9.68289e-06	18
9.72266e-06	18
9.85116e-06	18
9.89653e-06	18
1.00457e-05	18
1.01933e-05	18
1.02793e-05	18
1.0323e-05	18
1.03361e-05	18
1.04018e-05	18
1.04907e-05	18
1.04966e-05	18
1.06608e-05	18
1.07058e-05	18
1.07331e-05	18
1.12935e-05	18
1.14234e-05	18
1.1596e-05	18
1.19696e-05	18
1.22047e-05	18
1.23728e-05	18
1.31732e-05	18
1.33792e-05	18
1.34998e-05	18
1.38014e-05	18
1.39011e-05	18
1.40325e-05	18
1.46461e-05	18
1.48485e-05	18
1.48804e-05	18
1.49644e-05	18
1.52083e-05	18
1.54163e-05	18
1.57524e-05	18
1.60956e-05	18
1.61741e-05	18
1.62609e-05	18
1.73166e-05	18
1.76436e-05	18
1.76733e-05	18
1.77464e-05	18
1.77888e-05	18
1.80846e-05	18
1.90122e-05	18
1.92683e-05	18
1.94005e-05	18
1.96991e-05	18
2.02498e-05	18
2.07257e-05	18
2.07834e-05	18
2.0902e-05	18
2.14994e-05	18
2.15697e-05	18
2.15795e-05	18
2.17628e-05	18
2.20826e-05	18
2.28317e-05	18
2.36272e-05	18
2.4125e-05	18
2.42306e-05	18
2.44728e-05	18
2.45071e-05	18
2.47917e-05	18
2.53385e-05	18
2.60739e-05	18
2.62019e-05	18
2.62904e-05	18
2.77556e-05	18
2.88885e-05	18
2.97341e-05	18
3.04222e-05	18
3.2157e-05	18
3.30141e-05	18
3.32912e-05	18
3.58815e-05	18
3.60086e-05	18
3.65795e-05	18
3.70134e-05	18
3.75038e-05	18
3.77043e-05	18
3.79903e-05	18
3.8304e-05	18
3.94365e-05	18
4.20995e-05	18
4.29573e-05	18
4.3183e-05	18
4.49233e-05	18
4.54606e-05	18
4.64651e-05	18
4.70386e-05	18
4.78399e-05	18
4.82196e-05	18
4.86031e-05	18
4.90349e-05	18
4.96778e-05	18
5.04601e-05	18
5.2969e-05	18
5.33641e-05	18
5.56036e-05	18
5.60094e-05	18
5.64425e-05	18
5.68826e-05	18
5.77748e-05	18
5.79403e-05	18
5.95457e-05	18
5.97911e-05	18
6.26378e-05	18
6.42949e-05	18
6.49359e-05	18
6.53398e-05	18
6.62173e-05	18
7.04993e-05	18
7.28389e-05	18
7.35417e-05	18
7.35812e-05	18
7.36737e-05	18
7.37306e-05	18
7.39136e-05	18
7.49915e-05	18
7.60854e-05	18
7.753e-05	18
7.97979e-05	18
8.10598e-05	18
8.18484e-05	18
8.45423e-05	18
8.60746e-05	18
8.62512e-05	18
8.64754e-05	18
8.73673e-05	18
8.75376e-05	18
8.85748e-05	18
8.89037e-05	18
8.94939e-05	18
9.01747e-05	18
9.07371e-05	18
9.23837e-05	18
9.37559e-05	18
9.38063e-05	18
9.49104e-05	18
9.54888e-05	18
9.608e-05	18
9.66234e-05	18
9.7102e-05	18
9.89291e-05	18
9.97118e-05	18
0.000100987	18
0.000106655	18
0.000106793	18
0.000107266	18
0.000113497	18
0.000113926	18
0.00011569	18
0.000115816	18
0.000116912	18
0.000117019	18
0.000119385	18
0.000120703	18
0.000121925	18
0.000122524	18
0.000129846	18
0.000133022	18
0.000133139	18
0.000133803	18
0.000135189	18
0.000135577	18
0.000139252	18
0.000140551	18
0.000140569	18
0.000141172	18
0.000142012	18
0.000143188	18
0.000143503	18
0.000145638	18
0.0001501	18
0.000151255	18
0.000152449	18
0.000155577	18
0.00016022	18
0.000175897	18
0.000177864	18
0.000184532	18
0.000192626	18
0.000216864	18
0.000235452	18
0.000291546	18
0.000339899	18
0.000351562	18
0.00039234	18
0.000442178	18
0.000462315	18
0.000547306	18
0.00062533	18
0.000932238	18
0.000996528	18
0.00139734	18
0.0015564	18
0.00160705	18
0.0017062	18
0.00170864	18
0.00171372	18
0.00171518	18
0.00171584	18
0.00172099	18
0.00172812	18
0.00174008	18
0.00174059	18
0.00174458	18
0.00175314	18
0.00178172	18
0.00178937	18
0.00181412	18
0.00195241	18
0.00195241	18
0.00195242	18
0.00195245	18
0.00195317	18
0.00195318	18
0.00195335	18
0.00195343	18
0.0019541	18
0.0019546	18
0.00195467	18
0.00195483	18
0.00195509	18
0.00195537	18
0.0019558	18
0.00195591	18
0.00195632	18
0.00195699	18
0.00195725	18
0.00195793	18
0.00195842	18
0.00195916	18
0.00195971	18
0.00195973	18
0.00196032	18
0.00196037	18
0.0019604	18
0.00196055	18
0.00196071	18
0.00200268	18
0.00215317	18
0.00396965	18
0.00397066	18
0.00564728	18
0.00564968	18
0.00564989	18
0.00565161	18
0.00565365	18
0.00565451	18
0.00565786	18
0.00565873	18
0.00565898	18
0.00566273	18
0.00566284	18
0.00566334	18
0.00566373	18
0.00566402	18
0.00567431	18
0.00568038	18
0.0056869	18
0.00570422	18
0.00571485	18
0.00577145	18
0.00606016	18
0.00694814	18
0.00694839	18
0.00694845	18
0.0069487	18
0.00694882	18
0.00694896	18
0.00694951	18
0.00694984	18
0.00694985	18
0.00695038	18
0.00695065	18
0.00695126	18
0.00695172	18
0.00695322	18
0.00695455	18
0.00695519	18
0.00695693	18
0.00695755	18
0.00695906	18
0.00696034	18
0.00696236	18
0.0069666	18
0.00696866	18
0.00696979	18
0.00697099	18
0.0069748	18
0.00697504	18
0.00697513	18
0.00697656	18
0.006982	18
0.00698441	18
0.00698637	18
0.00699196	18
0.00704563	18
0.007202	18
0.00734747	18
0.00759054	18
0.0080323	18
0.00826773	18
0.00826789	18
0.00826815	18
0.00826837	18
0.00826844	18
0.00826847	18
0.00826879	18
0.00826885	18
0.00826887	18
0.00826892	18
0.00826902	18
0.00826902	18
0.00826907	18
0.00826909	18
0.0082693	18
0.0082694	18
0.00826944	18
0.00826966	18
0.00827008	18
0.00827064	18
0.00827121	18
0.00827136	18
0.00827193	18
0.00827211	18
0.00827216	18
0.00827218	18
0.00827223	18
0.00827226	18
0.00827228	18
0.00827261	18
0.00827338	18
0.00827408	18
0.00827436	18
0.00827437	18
0.00827512	18
0.00827549	18
0.00827604	18
0.00827751	18
0.00827755	18
0.00827799	18
0.00827812	18
0.00827871	18
0.00827873	18
0.00827902	18
0.00827991	18
0.00828207	18
0.00828236	18
0.00828366	18
0.00828383	18
0.00828407	18
0.00828839	18
0.00829052	18
0.00829624	18
0.00829872	18
0.00830116	18
0.00833006	18
0.008339	18
0.00833976	18
0.00853441	18
0.00948689	18
0.00958472	18
0.0101784	18
0.0103753	18
0.0103754	18
0.0103782	18
0.0103785	18
0.0103805	18
0.0103818	18
0.0103843	18
0.0103855	18
0.0103861	18
0.010389	18
0.0103908	18
0.0103922	18
0.0103926	18
0.0103941	18
0.0103947	18
0.0103998	18
0.0104025	18
0.0104069	18
0.0104086	18
0.0104089	18
0.010411	18
0.0104134	18
0.0104135	18
0.0104137	18
0.0104144	18
0.0104167	18
0.0104179	18
0.0104179	18
0.0104182	18
0.0104194	18
0.0104214	18
0.0104219	18
0.0104222	18
0.0104258	18
0.0104262	18
0.0104277	18
0.010429	18
0.0104352	18
0.0104405	18
0.0104484	18
0.0104495	18
0.0104521	18
0.0104522	18
0.0104646	18
0.0104834	18
0.0104998	18
0.0122986	18
0.012301	18
0.0123013	18
0.0123232	18
0.0123339	18
0.01234	18
0.0123408	18
0.0123412	18
0.0123418	18
0.0123466	18
0.0123521	18
0.0123582	18
0.0123583	18
0.0123612	18
0.0123615	18
0.0123667	18
0.0123684	18
0.0123713	18
0.0124032	18
0.0124094	18
0.0124192	18
0.0124226	18
0.0124247	18
0.0124358	18
0.0124364	18
0.0124385	18
0.0124408	18
0.0124479	18
0.0124539	18
0.012454	18
0.0124549	18
0.0124692	18
0.0124695	18
0.0124757	18
0.0124925	18
0.0125069	18
0.0125136	18
0.0125166	18
0.0125221	18
0.0125235	18
0.0125337	18
0.0125361	18
0.012541	18
0.0125486	18
0.0125541	18
0.0125871	18
0.0125907	18
0.0126079	18
0.0126087	18
0.0126151	18
0.0126157	18
0.0126258	18
0.0126546	18
0.0126581	18
0.0126719	18
0.0126811	18
0.0126931	18
0.0127011	18
0.0127231	18
0.0127504	18
0.0127639	18
0.0127653	18
0.0127958	18
0.0127958	18
0.012801	18
0.0128441	18
0.0128507	18
0.0128595	18
0.0128622	18
0.0128934	18
0.0129409	18
0.0130525	18
0.0130877	18
0.0130903	18
0.0131415	18
0.0131998	18
0.0132231	18
0.0132521	18
0.0132749	18
0.0133055	18
0.0133306	18
0.0133401	18
0.013375	18
0.0133754	18
0.0133757	18
0.0133773	18
0.0133774	18
0.0133778	18
0.0133788	18
0.0133824	18
0.0133835	18
0.0133842	18
0.0133846	18
0.0133853	18
0.0133863	18
0.0133891	18
0.0133902	18
0.013392	18
0.0133925	18
0.0133927	18
0.0133939	18
0.0133994	18
0.0133999	18
0.0134012	18
0.0134021	18
0.0134054	18
0.0134067	18
0.0134096	18
0.0134225	18
0.0134312	18
0.0134322	18
0.0134989	18
0.0136141	18
0.013616	18
0.0136848	18
0.0138032	18
0.0139156	18
0.0141168	18
0.0141221	18
0.0141327	18
0.0141389	18
0.0141427	18
0.0141429	18
0.0141468	18
0.0141599	18
0.0141995	18
0.0142019	18
0.0142393	18
0.0142464	18
0.014257	18
0.0142676	18
0.0142892	18
0.0147536	18
0.0148974	18
0.0149224	18
0.0149729	18
0.0152927	18
0.0154317	18
0.0154318	18
0.0154319	18
0.0154326	18
0.0154328	18
0.0154328	18
0.0154331	18
0.0154332	18
0.0154337	18
0.015435	18
0.015435	18
0.0154353	18
0.015436	18
0.0154364	18
0.0154365	18
0.0154367	18
0.0154368	18
0.0154406	18
0.0154408	18
0.0154413	18
0.0154414	18
0.0154429	18
0.0154436	18
0.0154444	18
0.0154457	18
0.0154469	18
0.0154473	18
0.0154571	18
0.0154595	18
0.0154623	18
0.015466	18
0.015474	18
0.0154748	18
0.015501	18
0.0155128	18
0.0155309	18
0.0155607	18
0.0155633	18
0.0156039	18
0.0165591	18
0.0165591	18
0.0165595	18
0.0165597	18
0.0165599	18
0.01656	18
0.0165602	18
0.0165607	18
0.0165618	18
0.0165625	18
0.0165628	18
0.0165628	18
0.0165634	18
0.0165637	18
0.0165637	18
0.0165648	18
0.0165649	18
0.0165654	18
0.0165659	18
0.0165667	18
0.0165673	18
0.0165686	18
0.0165691	18
0.0165701	18
0.0165705	18
0.0165728	18
0.0165737	18
0.0165765	18
0.0165824	18
0.0165834	18
0.0165844	18
0.0165893	18
0.0165915	18
0.0165966	18
0.0165979	18
0.0165997	18
0.0166028	18
0.0166034	18
0.0166065	18
0.0166097	18
0.016627	18
0.0166333	18
0.0166389	18
0.0166613	18
0.0166719	18
0.0166803	18
0.0166833	18
0.0166941	18
0.0166972	18
0.0167139	18
0.0167239	18
0.0167244	18
0.0167246	18
0.0167251	18
0.0167262	18
0.0167264	18
0.0167264	18
0.0167268	18
0.0167269	18
0.0167285	18
0.0167303	18
0.0167347	18
0.0167358	18
0.0167372	18
0.0167386	18
0.0167387	18
0.016739	18
0.016742	18
0.0167438	18
0.016746	18
0.0167503	18
0.0167506	18
0.0167565	18
0.0167599	18
0.0167602	18
0.0167653	18
0.016769	18
0.0167713	18
0.0167745	18
0.0167778	18
0.016779	18
0.0167859	18
0.0167903	18
0.016793	18
0.0168021	18
0.0168038	18
0.0168073	18
0.0168199	18
0.016831	18
0.0168336	18
0.0168382	18
0.0169018	18
0.0169046	18
0.0169494	18
0.0169527	18
0.0169579	18
0.0169655	18
0.016971	18
0.0170112	18
0.0170299	18
0.0170919	18
0.0171073	18
0.0171082	18
0.017111	18
0.0171448	18
0.017171	18
0.0171742	18
0.0172282	18
0.0172292	18
0.0172565	18
0.0172666	18
0.0173457	18
0.0175076	18
0.0175251	18
0.0175272	18
0.0175282	18
0.0175287	18
0.0175301	18
0.0175315	18
0.0175349	18
0.0175355	18
0.0175376	18
0.0175417	18
0.0175441	18
0.0175455	18
0.0175497	18
0.0175599	18
0.0176083	18
0.0176217	18
0.0176653	18
0.0176783	18
0.0178514	18
0.017887	18
0.0179117	18
0.0180698	18
0.0181477	18
0.0181887	18
0.0182057	18
0.0184026	18
0.0189226	18
0.0189232	18
0.0189234	18
0.0189235	18
0.0189236	18
0.0189236	18
0.0189237	18
0.0189238	18
0.018924	18
0.0189252	18
0.0189254	18
0.0189263	18
0.0189265	18
0.0189265	18
0.0189268	18
0.0189273	18
0.0189274	18
0.0189275	18
0.018928	18
0.0189287	18
0.0189297	18
0.0189303	18
0.0189305	18
0.0189316	18
0.0189325	18
0.0189341	18
0.0189344	18
0.0189345	18
0.0189345	18
0.0189349	18
0.0189359	18
0.0189361	18
0.0189375	18
0.0189379	18
0.0189386	18
0.0189432	18
0.0189438	18
0.0189443	18
0.0189485	18
0.0189507	18
0.0189535	18
0.0189547	18
0.0189547	18
0.0189563	18
0.0189695	18
0.0189787	18
0.0189792	18
0.0189851	18
0.018992	18
0.0190158	18
0.0190333	18
0.019489	18
0.0198562	18
0.0198565	18
0.0198604	18
0.0198606	18
0.0198615	18
0.0198619	18
0.0198641	18
0.0198674	18
0.0198677	18
0.019873	18
0.0198747	18
0.0198751	18
0.0198772	18
0.0198859	18
0.0198906	18
0.0198949	18
0.0199085	18
0.0199302	18
0.0207213	18
0.0234953	18
0.0234956	18
0.0234958	18
0.0234962	18
0.0234973	18
0.0234985	18
0.0234986	18
0.0234986	18
0.0234987	18
0.0235001	18
0.0235001	18
0.0235008	18
0.0235009	18
0.0235016	18
0.0235025	18
0.0235043	18
0.0235043	18
0.0235056	18
0.0235077	18
0.0235081	18
0.0235095	18
0.023511	18
0.023514	18
0.0235154	18
0.0235192	18
0.0235203	18
0.0235266	18
0.0235285	18
0.0235303	18
0.0235303	18
0.0235334	18
0.0235396	18
0.0235402	18
0.0235434	18
0.023556	18
0.0235641	18
0.0235818	18
0.0235871	18
0.0236099	18
0.0236101	18
0.0236104	18
0.023613	18
0.0236134	18
0.0236146	18
0.0236164	18
0.023619	18
0.0236346	18
0.0236361	18
0.0236403	18
0.023652	18
0.0236723	18
0.0236807	18
0.0237352	18
0.0237598	18
0.0237768	18
0.0237918	18
0.0238529	18
0.0238572	18
0.0238592	18
0.0239626	18
0.0240136	18
0.0240145	18
0.0240146	18
0.0240148	18
0.024015	18
0.024015	18
0.0240152	18
0.0240156	18
0.0240162	18
0.0240166	18
0.0240167	18
0.0240167	18
0.0240172	18
0.0240173	18
0.0240174	18
0.0240175	18
0.0240176	18
0.024018	18
0.0240181	18
0.0240183	18
0.0240188	18
0.0240191	18
0.0240191	18
0.0240195	18
0.0240204	18
0.0240207	18
0.0240209	18
0.0240219	18
0.0240219	18
0.024022	18
0.0240223	18
0.0240227	18
0.0240228	18
0.0240231	18
0.0240235	18
0.0240239	18
0.024025	18
0.0240255	18
0.0240257	18
0.0240258	18
0.0240268	18
0.024027	18
0.0240271	18
0.0240282	18
0.0240289	18
0.0240297	18
0.0240302	18
0.0240302	18
0.024031	18
0.0240319	18
0.024032	18
0.0240351	18
0.0240353	18
0.0240382	18
0.024041	18
0.0240455	18
0.0240457	18
0.0240457	18
0.0240488	18
0.0240518	18
0.0240534	18
0.0240638	18
0.0240703	18
0.0240714	18
0.0240761	18
0.0240823	18
0.0240935	18
0.0240946	18
0.0240978	18
0.0240996	18
0.0241078	18
0.0241221	18
0.0241541	18
0.0241582	18
0.0241589	18
0.0242115	18
0.0243652	18
0.0243666	18
0.0245943	18
0.024651	18
0.024956	18
0.0249793	18
0.0253729	18
0.0253731	18
0.0253734	18
0.0253757	18
0.0253768	18
0.025378	18
0.0253795	18
0.0253795	18
0.0253827	18
0.0253831	18
0.0253837	18
0.025386	18
0.025401	18
0.0254095	18
0.02541	18
0.0254166	18
0.02546	18
0.0256177	18
0.0257686	18
0.0258762	18
0.026079	18
0.0260795	18
0.0260797	18
0.0260798	18
0.0260799	18
0.0260799	18
0.02608	18
0.0260814	18
0.0260822	18
0.0260827	18
0.0260831	18
0.0260836	18
0.0260842	18
0.0260853	18
0.0260858	18
0.026086	18
0.0260866	18
0.0260884	18
0.0260894	18
0.02609	18
0.02609	18
0.0260909	18
0.026091	18
0.0260918	18
0.0260931	18
0.0260946	18
0.0260948	18
0.0260962	18
0.0260999	18
0.0261016	18
0.0261029	18
0.0261068	18
0.026111	18
0.0261136	18
0.0261197	18
0.0261207	18
0.0261332	18
0.0261356	18
0.0261445	18
0.0261463	18
0.026275	18
0.0269307	18
0.0269348	18
0.0269361	18
0.0269395	18
0.0269395	18
0.0269437	18
0.0269548	18
0.026955	18
0.0269557	18
0.0269762	18
0.0269878	18
0.0270059	18
0.0274902	18
0.0274903	18
0.0274913	18
0.0274962	18
0.0274975	18
0.0274984	18
0.0274985	18
0.0274992	18
0.0274994	18
0.0275052	18
0.0275062	18
0.0275207	18
0.0275366	18
0.0275382	18
0.0275827	18
0.0281774	18
0.0281782	18
0.028179	18
0.0281805	18
0.0281845	18
0.0281926	18
0.0281947	18
0.0281991	18
0.0281993	18
0.0281995	18
0.0282082	18
0.0282558	18
0.0295468	18
0.0312783	18
0.0312799	18
0.0312802	18
0.0312809	18
0.0312815	18
0.0312817	18
0.0312847	18
0.0312851	18
0.0312858	18
0.0312864	18
0.0312871	18
0.0312897	18
0.0312897	18
0.0312917	18
0.0312961	18
0.0312984	18
0.0313021	18
0.0313071	18
0.0313081	18
0.0313111	18
0.0313177	18
0.0313257	18
0.0313308	18
0.0313349	18
0.0313362	18
0.0313475	18
0.0314023	18
0.0326279	18
0.0333519	18
0.0335244	18
0.0335461	18
0.0335479	18
0.0335496	18
0.0335496	18
0.0335497	18
0.0335504	18
0.0335508	18
0.0335529	18
0.0335545	18
0.0335666	18
0.0335711	18
0.0335993	18
0.0336184	18
0.0336188	18
0.0337462	18
0.037805	18
0.0378051	18
0.0378053	18
0.0378054	18
0.0378054	18
0.0378055	18
0.0378056	18
0.0378057	18
0.0378059	18
0.0378061	18
0.0378062	18
0.0378066	18
0.0378075	18
0.0378077	18
0.0378078	18
0.0378079	18
0.0378081	18
0.0378083	18
0.0378085	18
0.0378087	18
0.0378091	18
0.0378095	18
0.0378098	18
0.0378099	18
0.03781	18
0.03781	18
0.0378101	18
0.0378101	18
0.0378101	18
0.0378102	18
0.0378105	18
0.0378106	18
0.0378109	18
0.0378117	18
0.037812	18
0.0378122	18
0.0378125	18
0.0378129	18
0.0378133	18
0.0378134	18
0.0378137	18
0.0378139	18
0.0378148	18
0.0378149	18
0.0378152	18
0.0378158	18
0.0378166	18
0.037817	18
0.0378176	18
0.0378187	18
0.0378187	18
0.0378197	18
0.0378201	18
0.0378202	18
0.0378208	18
0.0378208	18
0.0378213	18
0.0378217	18
0.0378218	18
0.0378223	18
0.0378252	18
0.0378253	18
0.0378255	18
0.0378278	18
0.037828	18
0.0378292	18
0.0378292	18
0.0378299	18
0.0378311	18
0.0378321	18
0.0378323	18
0.0378331	18
0.037834	18
0.0378372	18
0.0378402	18
0.0378419	18
0.0378447	18
0.0378484	18
0.0378547	18
0.0378565	18
0.0378604	18
0.0378613	18
0.0378656	18
0.0378716	18
0.0378727	18
0.0378848	18
0.0378862	18
0.0378874	18
0.0378899	18
0.0378912	18
0.0378961	18
0.0379012	18
0.0379013	18
0.0379021	18
0.0379025	18
0.0379029	18
0.0379032	18
0.0379038	18
0.0379059	18
0.0379078	18
0.0379088	18
0.0379089	18
0.0379101	18
0.0379115	18
0.0379135	18
0.0379147	18
0.0379168	18
0.0379174	18
0.0379186	18
0.0379206	18
0.0379249	18
0.0379285	18
0.0379345	18
0.037935	18
0.0379381	18
0.0379385	18
0.0379491	18
0.0379495	18
0.0379538	18
0.0379541	18
0.0379586	18
0.0379595	18
0.0379616	18
0.0379721	18
0.0379804	18
0.0379901	18
0.0379921	18
0.037998	18
0.0379982	18
0.0380079	18
0.0380095	18
0.0380108	18
0.0380255	18
0.0380283	18
0.0380287	18
0.038035	18
0.0380518	18
0.0380544	18
0.0380725	18
0.0380783	18
0.0380812	18
0.0380857	18
0.0381108	18
0.0381108	18
0.0381109	18
0.038111	18
0.038111	18
0.0381112	18
0.0381115	18
0.0381117	18
0.0381119	18
0.038112	18
0.0381122	18
0.0381122	18
0.0381125	18
0.0381127	18
0.0381128	18
0.0381128	18
0.0381129	18
0.0381132	18
0.0381135	18
0.0381137	18
0.0381138	18
0.0381139	18
0.0381148	18
0.0381151	18
0.038116	18
0.0381166	18
0.0381177	18
0.0381177	18
0.0381178	18
0.0381185	18
0.0381187	18
0.0381192	18
0.0381194	18
0.0381202	18
0.0381206	18
0.0381212	18
0.038122	18
0.0381225	18
0.0381235	18
0.0381235	18
0.0381261	18
0.0381269	18
0.0381286	18
0.0381288	18
0.038129	18
0.038131	18
0.0381319	18
0.0381326	18
0.0381329	18
0.0381343	18
0.0381343	18
0.0381344	18
0.0381351	18
0.0381354	18
0.0381365	18
0.038137	18
0.0381375	18
0.0381391	18
0.0381407	18
0.0381431	18
0.0381451	18
0.0381556	18
0.0381573	18
0.0381834	18
0.0381839	18
0.0381845	18
0.0381937	18
0.0381965	18
0.0382063	18
0.0382116	18
0.0382252	18
0.0382285	18
0.038254	18
0.0382595	18
0.0382612	18
0.0382712	18
0.0382719	18
0.0383055	18
0.0383204	18
0.0383287	18
0.0383373	18
0.0383379	18
0.0383504	18
0.0383633	18
0.0383669	18
0.0383725	18
0.0383875	18
0.0384051	18
0.0384057	18
0.0384147	18
0.0384276	18
0.0384468	18
0.0384527	18
0.0384555	18
0.0384619	18
0.0384691	18
0.0384921	18
0.0384982	18
0.0385102	18
0.0385107	18
0.03853	18
0.0385571	18
0.0385604	18
0.0385619	18
0.0385634	18
0.0385976	18
0.0386087	18
0.0386166	18
0.0386356	18
0.0386598	18
0.0386672	18
0.0386742	18
0.0386781	18
0.0386892	18
0.0387153	18
0.0387232	18
0.0387386	18
0.038772	18
0.0387944	18
0.0388077	18
0.0388333	18
0.0388437	18
0.0388574	18
0.038898	18
0.0389123	18
0.0389433	18
0.0389783	18
0.0389864	18
0.0390316	18
0.0390363	18
0.0391395	18
0.0391451	18
0.0391571	18
0.0391797	18
0.0392947	18
0.0393091	18
0.0394196	18
0.0394338	18
0.0394539	18
0.0394816	18
0.0394961	18
0.039629	18
0.0396402	18
0.0396929	18
0.0397373	18
0.0398405	18
0.0398575	18
0.0399896	18
0.0401668	18
0.0408387	18
0.0408394	18
0.0408399	18
0.0408406	18
0.0408408	18
0.0408411	18
0.0408429	18
0.0408432	18
0.0408433	18
0.0408434	18
0.0408438	18
0.0408439	18
0.0408466	18
0.0408472	18
0.0408479	18
0.0408516	18
0.0408571	18
0.0408578	18
0.040859	18
0.0408627	18
0.0408636	18
0.0408714	18
0.0408734	18
0.0408776	18
0.0408909	18
0.0408942	18
0.0409128	18
0.0410932	18
0.041591	18
0.0421427	18
0.042148	18
0.0421488	18
0.0421544	18
0.042165	18
0.0421921	18
0.0422022	18
0.0422228	18
0.0422336	18
0.0422363	18
0.0422516	18
0.0422525	18
0.0422584	18
0.0422585	18
0.0422713	18
0.0422754	18
0.0422793	18
0.042282	18
0.0423122	18
0.0423251	18
0.0423295	18
0.0423549	18
0.0423749	18
0.0423757	18
0.0423862	18
0.0423869	18
0.0424157	18
0.0424217	18
0.0424896	18
0.0424914	18
0.042575	18
0.0425764	18
0.0426481	18
0.0426591	18
0.0426715	18
0.0426767	18
0.0427083	18
0.0427084	18
0.0427102	18
0.0427109	18
0.042711	18
0.0427115	18
0.0427129	18
0.0427134	18
0.0427142	18
0.0427189	18
0.0427235	18
0.0427359	18
0.0427377	18
0.0427393	18
0.0427398	18
0.0427406	18
0.0427468	18
0.0427646	18
0.0427758	18
0.0428124	18
0.0428304	18
0.0429295	18
0.0430905	18
0.043222	18
0.0438749	18
0.0439788	18
0.0442005	18
0.0445368	18
0.0445642	18
0.0449745	18
0.0449836	18
0.0449848	18
0.044985	18
0.0449872	18
0.0449932	18
0.0450028	18
0.0450067	18
0.0450148	18
0.0450253	18
0.0450311	18
0.0450389	18
0.0450392	18
0.0450426	18
0.0450434	18
0.0450712	18
0.0450864	18
0.0450976	18
0.0451072	18
0.0451145	18
0.0451634	18
0.0451822	18
0.0452046	18
0.0452107	18
0.0452464	18
0.045258	18
0.0452612	18
0.0453367	18
0.0454105	18
0.04542	18
0.0454266	18
0.0454356	18
0.0454494	18
0.045484	18
0.0454972	18
0.0455127	18
0.0455189	18
0.0455249	18
0.0455293	18
0.0455313	18
0.0455393	18
0.0455412	18
0.0455439	18
0.0455538	18
0.045555	18
0.0455591	18
0.0455766	18
0.0455768	18
0.0455782	18
0.0455837	18
0.045616	18
0.0456337	18
0.0456388	18
0.0456448	18
0.0456606	18
0.045666	18
0.0456802	18
0.0457063	18
0.0457106	18
0.0457231	18
0.0457288	18
0.0457324	18
0.0457582	18
0.0457621	18
0.0458211	18
0.0459063	18
0.0459176	18
0.0459296	18
0.0459395	18
0.0460044	18
0.0460112	18
0.0460161	18
0.0460739	18
0.0461349	18
0.0461979	18
0.0462241	18
0.0462493	18
0.0462764	18
0.0463432	18
0.046355	18
0.0464064	18
0.0464716	18
0.0465612	18
0.0465759	18
0.0466768	18
0.0467732	18
0.0468476	18
0.0470188	18
0.0471439	18
0.0471823	18
0.0472571	18
0.0476404	18
0.0476754	18
0.0478755	18
0.0479427	18
0.0479657	18
0.0482335	18
0.0486636	18
0.0492369	18
0.0492374	18
0.0492379	18
0.0492381	18
0.049239	18
0.0492392	18
0.0492392	18
0.0492392	18
0.0492394	18
0.0492404	18
0.049241	18
0.0492421	18
0.0492431	18
0.0492434	18
0.0492438	18
0.0492441	18
0.0492442	18
0.0492445	18
0.0492447	18
0.0492449	18
0.0492466	18
0.0492471	18
0.0492471	18
0.0492472	18
0.0492478	18
0.0492493	18
0.0492512	18
0.0492521	18
0.0492539	18
0.0492558	18
0.0492569	18
0.0492581	18
0.0492583	18
0.0492625	18
0.0492666	18
0.0492672	18
0.0492686	18
0.0492717	18
0.0492718	18
0.0492729	18
0.0492921	18
0.0493022	18
0.0493058	18
0.0493357	18
0.0493535	18
0.0497745	18
0.0505261	18
0.0535792	18
0.0536362	18
0.0537505	18
0.0537548	18
0.0538304	18
0.0541532	18
0.0566697	18
0.0566701	18
0.0566728	18
0.056673	18
0.0566834	18
0.0566928	18
0.0566981	18
0.0612125	18
0.0612125	18
0.0612126	18
0.0612129	18
0.0612129	18
0.061213	18
0.061213	18
0.0612132	18
0.0612132	18
0.0612133	18
0.0612133	18
0.0612133	18
0.0612133	18
0.0612135	18
0.0612135	18
0.0612136	18
0.0612137	18
0.0612138	18
0.0612139	18
0.0612139	18
0.061214	18
0.0612141	18
0.0612144	18
0.0612144	18
0.0612144	18
0.0612146	18
0.0612146	18
0.0612148	18
0.061215	18
0.0612154	18
0.0612155	18
0.0612156	18
0.061216	18
0.0612169	18
0.061217	18
0.0612172	18
0.0612174	18
0.0612174	18
0.0612177	18
0.0612186	18
0.0612187	18
0.0612192	18
0.0612207	18
0.0612209	18
0.0612213	18
0.0612216	18
0.0612216	18
0.0612216	18
0.0612221	18
0.0612221	18
0.0612227	18
0.0612233	18
0.0612234	18
0.0612237	18
0.0612238	18
0.0612251	18
0.0612252	18
0.0612255	18
0.0612259	18
0.0612262	18
0.0612265	18
0.0612269	18
0.0612271	18
0.0612273	18
0.061228	18
0.0612284	18
0.0612291	18
0.0612301	18
0.0612313	18
0.0612331	18
0.0612346	18
0.0612374	18
0.0612377	18
0.0612381	18
0.0612406	18
0.0612487	18
0.0612487	18
0.0612504	18
0.0612555	18
0.0612556	18
0.0612601	18
0.0612615	18
0.0612621	18
0.0612701	18
0.0612719	18
0.0612782	18
0.0612894	18
0.0612936	18
0.0612947	18
0.0613055	18
0.0613087	18
0.0613142	18
0.0613187	18
0.0613197	18
0.0613247	18
0.0613254	18
0.0613657	18
0.0613882	18
0.0613979	18
0.0614022	18
0.0614188	18
0.0614231	18
0.0614348	18
0.0614362	18
0.0614378	18
0.0614385	18
0.0614421	18
0.0614477	18
0.0614527	18
0.0614629	18
0.0614707	18
0.0614756	18
0.0614771	18
0.0614904	18
0.0614986	18
0.0615077	18
0.0615163	18
0.0615253	18
0.0615605	18
0.0616054	18
0.0616451	18
0.0617368	18
0.0617468	18
0.0618144	18
0.0618148	18
0.0618152	18
0.0618171	18
0.0618182	18
0.0618204	18
0.0618249	18
0.061826	18
0.0618264	18
0.0618281	18
0.06183	18
0.0618305	18
0.061831	18
0.0618318	18
0.0618332	18
0.0618364	18
0.0618396	18
0.0618405	18
0.0618439	18
0.06185	18
0.0618553	18
0.0618593	18
0.0619952	18
0.0620085	18
0.0621123	18
0.0621412	18
0.0622388	18
0.0622595	18
0.062301	18
0.0623292	18
0.0623333	18
0.0623971	18
0.062403	18
0.0627314	18
0.0627977	18
0.0628297	18
0.0628728	18
0.0629821	18
0.0629968	18
0.0630012	18
0.063045	18
0.0632849	18
0.0633522	18
0.0638547	18
0.063857	18
0.065025	18
0.0650992	18
0.0651091	18
0.0651189	18
0.0651943	18
0.0651976	18
0.065211	18
0.0652856	18
0.0655127	18
0.0656054	18
0.0658369	18
0.0661042	18
0.0663059	18
0.0663069	18
0.0663075	18
0.066308	18
0.0663083	18
0.0663086	18
0.0663092	18
0.0663102	18
0.0663102	18
0.0663123	18
0.0663128	18
0.0663146	18
0.0663159	18
0.0663208	18
0.0663234	18
0.0663284	18
0.0663322	18
0.0663362	18
0.0663369	18
0.0663408	18
0.0663504	18
0.0663546	18
0.0663559	18
0.0664908	18
0.0664941	18
0.0665387	18
0.0665649	18
0.0665652	18
0.0671323	18
0.0671548	18
0.0672982	18
0.0673909	18
0.0673992	18
0.0679464	18
0.0680034	18
0.0685279	18
0.0712173	18
0.0721724	18
0.0722072	18
0.072209	18
0.072416	18
0.0729383	18
0.0729825	18
0.073388	18
0.0734135	18
0.0761786	18
0.0761964	18
0.0762031	18
0.0762877	18
0.0773157	18
0.0773253	18
0.0773808	18
0.0774044	18
0.0774285	18
0.0779665	18
0.0794937	18
0.0794955	18
0.0795357	18
0.0795647	18
0.0795686	18
0.0804878	18
0.0807567	18
0.0807573	18
0.0807818	18
0.0808046	18
0.0808147	18
0.0808325	18
0.0808336	18
0.0810295	18
0.0810716	18
0.0810813	18
0.0810982	18
0.0814718	18
0.0814755	18
0.0815682	18
0.0839496	18
0.083991	18
0.0839921	18
0.086993	18
0.086993	18
0.0870094	18
0.0870156	18
0.0898086	18
0.0898121	18
0.0898271	18
0.0898359	18
0.0934381	18
0.0935361	18
0.0935408	18
0.094644	18
0.0947186	18
0.0947658	18
0.0947675	18
0.0948075	18
0.0949214	18
0.0949268	18
0.0949419	18
0.0949621	18
0.0949642	18
0.0952915	18
0.0972356	18
0.0972608	18
0.0972645	18
0.097268	18
0.0972792	18
0.0972802	18
0.0975277	18
0.0975467	18
0.0975472	18
0.0977686	18
0.0977752	18
0.097895	18
0.0978981	18
0.0981422	18
0.0985077	18
0.0989472	18
0.100596	18
0.100599	18
0.1006	18
0.100612	18
0.100622	18
0.102441	18
0.102543	18
0.103831	18
0.103832	18
0.103835	18
0.103938	18
0.10394	18
0.104246	18
0.104249	18
0.10584	18
0.105879	18
0.10589	18
0.110821	18
0.110821	18
0.110822	18
0.110825	18
0.110825	18
0.112015	18
0.112015	18
0.117713	18
0.118185	18
0.118324	18
0.12081	18
0.120811	18
0.120855	18
0.120861	18
0.120945	18
0.121856	18
0.121857	18
0.122032	18
0.128025	18
0.130886	18
0.130887	18
0.130898	18
0.130931	18
0.130934	18
0.130934	18
0.130935	18
0.131059	18
0.131063	18
0.132634	18
0.132689	18
0.132691	18
0.132746	18
0.134509	18
0.135643	18
0.135687	18
0.136098	18
0.142233	18
0.142236	18
0.142354	18
0.142355	18
0.142428	18
0.142441	18
0.142518	18
0.142524	18
0.142526	18
0.142528	18
0.143212	18
0.143212	18
0.143284	18
0.143284	18
0.143891	18
0.144721	18
0.144747	18
0.144755	18
0.144756	18
0.14622	18
0.149794	18
0.150004	18
0.151737	18
0.152065	18
0.153513	18
0.153641	18
0.15539	18
0.155391	18
0.158275	18
0.158518	18
0.158533	18
0.160586	18
0.160638	18
0.160638	18
0.160645	18
0.162124	18
0.162135	18
0.162369	18
0.163078	18
0.163134	18
0.177726	18
0.177758	18
0.177813	18
0.177817	18
0.177851	18
0.177869	18
0.17787	18
0.18115	18
0.181151	18
0.181156	18
0.181219	18
0.188971	18
0.188971	18
0.188972	18
0.188973	18
0.189066	18
0.189068	18
0.189121	18
0.189146	18
0.190116	18
0.190146	18
0.190784	18
0.190786	18
0.190937	18
0.198502	18
0.198502	18
0.198506	18
0.198507	18
0.204096	18
0.20411	18
0.204185	18
0.204217	18
0.204218	18
0.204224	18
0.204943	18
0.204959	18
0.20496	18
0.21215	18
0.21215	18
0.21215	18
0.215188	18
0.215189	18
0.215193	18
0.215284	18
0.218537	18
0.218537	18
0.218607	18
0.21867	18
0.218671	18
0.22092	18
0.22362	18
0.223621	18
0.223621	18
0.223651	18
0.223656	18
0.228643	18
0.228645	18
0.228651	18
0.228656	18
0.229041	18
0.229051	18
0.229053	18
0.232585	18
0.232599	18
0.232705	18
0.232705	18
0.232706	18
0.232713	18
0.23272	18
0.233838	18
0.233907	18
0.233909	18
0.235812	18
0.235815	18
0.235913	18
0.235915	18
0.236141	18
0.236238	18
0.236243	18
0.236467	18
0.236615	18
0.236616	18
0.23725	18
0.23726	18
0.237261	18
0.239065	18
0.241942	18
0.241942	18
0.242028	18
0.242028	18
0.242568	18
0.242853	18
0.242894	18
0.250266	18
0.250266	18
0.250266	18
0.250266	18
0.250288	18
0.250289	18
0.250769	18
0.25077	18
0.250771	18
0.252627	18
0.252627	18
0.252694	18
0.252696	18
0.260594	18
0.260594	18
0.260595	18
0.260597	18
0.261983	18
0.271019	18
0.271026	18
0.271045	18
0.271048	18
0.271612	18
0.271642	18
0.271643	18
0.280513	18
0.280543	18
0.280545	18
0.280806	18
0.280912	18
0.280919	18
0.280965	18
0.282438	18
0.282439	18
0.282444	18
0.282874	18
0.282875	18
0.283346	18
0.28336	18
0.283362	18
0.285696	18
0.285697	18
0.288793	18
0.291788	18
0.291869	18
0.291879	18
0.294891	18
0.295912	18
0.295999	18
0.296055	18
0.296058	18
0.296089	18
0.296216	18
0.296226	18
0.299698	18
0.299731	18
0.299818	18
0.30124	18
0.307619	18
0.307649	18
0.307829	18
0.30929	18
0.310075	18
0.310423	18
0.315478	18
0.315479	18
0.315573	18
0.315573	18
0.318248	18
0.318269	18
0.318272	18
0.321472	18
0.321527	18
0.321528	18
0.322383	18
0.325698	18
0.325716	18
0.325717	18
0.325752	18
0.325752	18
0.325767	18
0.32578	18
0.325781	18
0.325781	18
0.325814	18
0.325827	18
0.328148	18
0.32818	18
0.328184	18
0.331505	18
0.331592	18
0.331602	18
0.335482	18
0.335484	18
0.33549	18
0.335491	18
0.335491	18
0.335498	18
0.342765	18
0.342828	18
0.344354	18
0.344357	18
0.345756	18
0.345767	18
0.345767	18
0.348059	18
0.348059	18
0.348174	18
0.348174	18
0.34832	18
0.348468	18
0.348478	18
0.350981	18
0.35107	18
0.35108	18
0.351082	18
0.358416	18
0.358433	18
0.358436	18
0.358499	18
0.359053	18
0.359055	18
0.359056	18
0.359101	18
0.359107	18
0.35912	18
0.360597	18
0.360618	18
0.360623	18
0.360791	18
0.368032	18
0.36806	18
0.36818	18
0.368407	18
0.368452	18
0.36849	18
0.368491	18
0.369719	18
0.370036	18
0.370038	18
0.379673	18
0.379673	18
0.379686	18
0.37969	18
0.382625	18
0.382648	18
0.382649	18
0.382678	18
0.382697	18
0.382698	18
0.384001	18
0.384092	18
0.384093	18
0.388285	18
0.394168	18
0.394173	18
0.397218	18
0.401326	18
0.401357	18
0.401416	18
0.401419	18
0.405464	18
0.405468	18
0.40547	18
0.405474	18
0.405606	18
0.418628	18
0.418629	18
0.418637	18
0.419712	18
0.419734	18
0.41974	18
0.419779	18
0.423627	18
0.423646	18
0.423718	18
0.424406	18
0.425055	18
0.425057	18
0.425062	18
0.425063	18
0.427772	18
0.427783	18
0.427921	18
0.429821	18
0.430114	18
0.432192	18
0.432197	18
0.432197	18
0.432275	18
0.434603	18
0.434604	18
0.43461	18
0.435752	18
0.448675	18
0.448676	18
0.448683	18
0.452433	18
0.452463	18
0.452463	18
0.452618	18
0.452629	18
0.452648	18
0.452648	18
0.452659	18
0.452691	18
0.452693	18
0.453516	18
0.453544	18
0.45367	18
0.453671	18
0.460696	18
0.460696	18
0.460826	18
0.460828	18
0.460843	18
0.460856	18
0.462005	18
0.462139	18
0.462149	18
0.464386	18
0.464389	18
0.464391	18
0.465511	18
0.466004	18
0.466044	18
0.470822	18
0.470889	18
0.470897	18
0.473402	18
0.473402	18
0.473404	18
0.473406	18
0.475923	18
0.475931	18
0.475931	18
0.475974	18
0.475999	18
0.479319	18
0.479395	18
0.479438	18
0.482168	18
0.482206	18
0.482214	18
0.48545	18
0.485534	18
0.485584	18
0.485603	18
0.491055	18
0.491058	18
0.49108	18
0.494303	18
0.494333	18
0.494334	18
0.494349	18
0.49891	18
0.498917	18
0.498934	18
0.500464	18
0.500465	18
0.500673	18
0.501605	18
0.501608	18
0.50511	18
0.505247	18
0.505248	18
0.505392	18
0.507149	18
0.507211	18
0.510363	18
0.510589	18
0.510591	18
0.51504	18
0.515137	18
0.515139	18
0.520374	18
0.520374	18
0.520375	18
0.531848	18
0.53192	18
0.53192	18
0.535917	18
0.535917	18
0.535919	18
0.53592	18
0.535942	18
0.535959	18
0.550758	18
0.55076	18
0.552339	18
0.552366	18
0.552373	18
0.55238	18
0.55238	18
0.552416	18
0.561775	18
0.561775	18
0.564459	18
0.564667	18
0.564694	18
0.567307	18
0.567333	18
0.567349	18
0.573234	18
0.573235	18
0.573327	18
0.573334	18
0.575111	18
0.575187	18
0.57521	18
0.581135	18
0.581136	18
0.581136	18
0.581137	18
0.581165	18
0.581184	18
0.581398	18
0.581606	18
0.602129	18
0.616687	18
0.616687	18
0.616688	18
0.61669	18
0.616692	18
0.616739	18
0.616753	18
0.616753	18
0.626403	18
0.626405	18
0.626406	18
0.640104	18
0.640121	18
0.640123	18
0.642692	18
0.642724	18
0.642726	18
0.642726	18
0.644056	18
0.644408	18
0.644409	18
0.64877	18
0.648834	18
0.648836	18
0.658934	18
0.658935	18
0.659204	18
0.659204	18
0.659209	18
0.65924	18
0.65924	18
0.664025	18
0.664122	18
0.66416	18
0.669115	18
0.669128	18
0.669131	18
0.673696	18
0.673703	18
0.673866	18
0.678841	18
0.678841	18
0.678847	18
0.678854	18
0.678877	18
0.678879	18
0.680907	18
0.680907	18
0.683438	18
0.683497	18
0.683504	18
0.683504	18
0.686028	18
0.686031	18
0.686051	18
0.688596	18
0.691739	18
0.691752	18
0.691797	18
0.691808	18
0.691972	18
0.693285	18
0.693288	18
0.69332	18
0.69747	18
0.697475	18
0.697514	18
0.697522	18
0.697522	18
0.700834	18
0.705599	18
0.705669	18
0.705683	18
0.705684	18
0.706717	18
0.706788	18
0.706795	18
0.708538	18
0.708612	18
0.70863	18
0.710111	18
0.710138	18
0.710139	18
0.712734	18
0.712769	18
0.71277	18
0.716694	18
0.7167	18
0.7167	18
0.716739	18
0.71674	18
0.718226	18
0.718232	18
0.718237	18
0.72232	18
0.72232	18
0.72251	18
0.72251	18
0.725483	18
0.725557	18
0.725558	18
0.731123	18
0.731124	18
0.731163	18
0.731165	18
0.733818	18
0.733818	18
0.733819	18
0.733835	18
0.733835	18
0.735994	18
0.735999	18
0.736	18
0.740093	18
0.7401	18
0.740104	18
0.742688	18
0.742842	18
0.742842	18
0.743054	18
0.743157	18
0.743159	18
0.748537	18
0.749269	18
0.759091	18
0.759111	18
0.759206	18
0.759207	18
0.764218	18
0.764219	18
0.764358	18
0.764359	18
0.772026	18
0.772027	18
0.772027	18
0.773535	18
0.773548	18
0.773548	18
0.773577	18
0.773577	18
0.773578	18
0.77358	18
0.773906	18
0.77396	18
0.773961	18
0.774478	18
0.774746	18
0.774746	18
0.777278	18
0.777532	18
0.777534	18
0.781593	18
0.78164	18
0.781642	18
0.782509	18
0.782594	18
0.782594	18
0.787439	18
0.787527	18
0.787532	18
0.801887	18
0.801888	18
0.801889	18
0.808757	18
0.808761	18
0.808761	18
0.808763	18
0.808796	18
0.808797	18
0.813132	18
0.813133	18
0.813148	18
0.813156	18
0.81396	18
0.816841	18
0.816852	18
0.820466	18
0.820467	18
0.820667	18
0.820689	18
0.823162	18
0.823219	18
0.823223	18
0.823548	18
0.823564	18
0.823688	18
0.823753	18
0.823773	18
0.824145	18
0.832909	18
0.834488	18
0.83458	18
0.834601	18
0.836665	18
0.836667	18
0.836684	18
0.836687	18
0.836704	18
0.836769	18
0.838926	18
0.839081	18
0.839111	18
0.846301	18
0.846304	18
0.851898	18
0.851995	18
0.851995	18
0.852053	18
0.860614	18
0.860699	18
0.860699	18
0.860941	18
0.864771	18
0.875763	18
0.882351	18
0.882378	18
0.882378	18
0.882406	18
0.882416	18
0.88766	18
0.887858	18
0.888041	18
0.888042	18
0.89391	18
0.893917	18
0.89392	18
0.89632	18
0.896324	18
0.896325	18
0.896407	18
0.89641	18
0.896479	18
0.897185	18
0.897193	18
0.897464	18
0.905484	18
0.907728	18
0.909547	18
0.909547	18
0.909738	18
0.909739	18
0.909749	18
0.910488	18
0.910513	18
0.91056	18
0.910561	18
0.910566	18
0.913066	18
0.914631	18
0.91466	18
0.914662	18
0.914731	18
0.92237	18
0.92237	18
0.922372	18
0.922502	18
0.923007	18
0.923013	18
0.923099	18
0.925133	18
0.925134	18
0.925206	18
0.930228	18
0.93023	18
0.930383	18
0.935378	18
0.935379	18
0.935386	18
0.949722	18
0.949724	18
0.949758	18
0.949778	18
0.950931	18
0.950938	18
0.951106	18
0.951134	18
0.951135	18
0.951273	18
0.959485	18
0.959486	18
0.959488	18
0.966027	18
0.966074	18
0.966089	18
0.966283	18
0.970166	18
0.970173	18
0.971895	18
0.971902	18
0.971928	18
0.97197	18
0.974286	18
0.974289	18
0.97429	18
0.977321	18
0.977341	18
0.977363	18
0.977439	18
0.977469	18
0.977469	18
0.983241	18
0.98325	18
0.994384	18
0.994498	18
0.994501	18
1.0057	18
1.00591	18
1.00598	18
1.006	18
1.00696	18
1.00696	18
1.00699	18
1.007	18
1.02092	18
1.02092	18
1.02094	18
1.02094	18
1.02503	18
1.02517	18
1.02518	18
1.03085	18
1.03197	18
1.03205	18
1.0405	18
1.04051	18
1.04051	18
1.04068	18
1.04611	18
1.04616	18
1.04616	18
1.04637	18
1.05397	18
1.05397	18
1.05397	18
1.05397	18
1.05409	18
1.05409	18
1.05624	18
1.05632	18
1.05632	18
1.05655	18
1.05665	18
1.05665	18
1.07699	18
1.07699	18
1.07699	18
1.08019	18
1.08019	18
1.08021	18
1.08023	18
1.08023	18
1.08287	18
1.08287	18
1.08287	18
1.10921	18
1.10921	18
1.11617	18
1.11617	18
1.11618	18
1.12545	18
1.12545	18
1.13187	18
1.133	18
1.13303	18
1.13305	18
1.13305	18
1.13755	18
1.13757	18
1.13757	18
1.14413	18
1.14417	18
1.14417	18
1.14501	18
1.14515	18
1.14515	18
1.1473	18
1.14732	18
1.14732	18
1.14811	18
1.14811	18
1.14815	18
1.14815	18
1.15869	18
1.1587	18
1.1587	18
1.16002	18
1.16009	18
1.16009	18
1.16219	18
1.16219	18
1.16226	18
1.16226	18
1.17433	18
1.17433	18
1.17433	18
1.17433	18
1.17433	18
1.17949	18
1.17951	18
1.17951	18
1.19146	18
1.20189	18
1.20189	18
1.20192	18
1.20194	18
1.20194	18
1.20387	18
1.20388	18
1.20392	18
1.20392	18
1.20892	18
1.20904	18
1.20904	18
1.21077	18
1.21086	18
1.21086	18
1.21705	18
1.22072	18
1.22073	18
1.22351	18
1.22352	18
1.22352	18
1.22784	18
1.22789	18
1.22789	18
1.2285	18
1.22861	18
1.22861	18
1.23292	18
1.23292	18
1.23296	18
1.23296	18
1.23868	18
1.23869	18
1.23869	18
1.24375	18
1.24376	18
1.24376	18
1.24376	18
1.25166	18
1.25167	18
1.25168	18
1.25168	18
1.25764	18
1.25766	18
1.25766	18
1.26057	18
1.26061	18
1.26073	18
1.26074	18
1.26253	18
1.26257	18
1.26258	18
1.27118	18
1.27119	18
1.27129	18
1.27129	18
1.27293	18
1.27328	18
1.27328	18
1.27559	18
1.27564	18
1.27564	18
1.28163	18
1.28178	18
1.28178	18
1.28337	18
1.28337	18
1.28338	18
1.28489	18
1.28495	18
1.28495	18
1.28785	18
1.28791	18
1.28791	18
1.28831	18
1.2886	18
1.2886	18
1.29051	18
1.29051	18
1.29053	18
1.29054	18
1.29054	18
1.29073	18
1.29074	18
1.29615	18
1.29654	18
1.29667	18
1.35649	18
1.35649	18
1.35649	18
1.35649	18
1.35655	18
1.35655	18
1.36361	18
1.3638	18
1.36399	18
1.36399	18
1.37168	18
1.3717	18
1.3717	18
1.37178	18
1.37474	18
1.37483	18
1.375	18
1.37501	18
1.37841	18
1.37841	18
1.37843	18
1.37844	18
1.37863	18
1.37869	18
1.37869	18
1.38437	18
1.38438	18
1.38438	18
1.38834	18
1.38847	18
1.38847	18
1.38908	18
1.38909	18
1.38909	18
1.39089	18
1.39129	18
1.3913	18
1.40382	18
1.40383	18
1.40388	18
1.40388	18
1.40418	18
1.40426	18
1.40427	18
1.40922	18
1.40922	18
1.40936	18
1.40936	18
1.42079	18
1.42084	18
1.42084	18
1.42088	18
1.42088	18
1.421	18
1.42103	18
1.42116	18
1.42117	18
1.43742	18
1.43744	18
1.43744	18
1.43908	18
1.43915	18
1.43915	18
1.44092	18
1.44106	18
1.44107	18
1.44266	18
1.45383	18
1.45387	18
1.45387	18
1.45388	18
1.45389	18
1.45447	18
1.45454	18
1.45454	18
1.46238	18
1.46254	18
1.46254	18
1.46655	18
1.46655	18
1.46656	18
1.46964	18
1.46967	18
1.46967	18
1.47192	18
1.47193	18
1.47193	18
1.47467	18
1.47471	18
1.47471	18
1.47693	18
1.47693	18
1.47693	18
1.48832	18
1.48832	18
1.48839	18
1.48839	18
1.48858	18
1.48861	18
1.48862	18
1.48865	18
1.48871	18
1.48883	18
1.48883	18
1.49499	18
1.49503	18
1.49503	18
1.4964	18
1.49652	18
1.49652	18
1.49714	18
1.49716	18
1.49716	18
1.49873	18
1.49884	18
1.49884	18
1.50021	18
1.50032	18
1.50032	18
1.50161	18
1.50161	18
1.50187	18
1.50187	18
1.51169	18
1.51795	18
1.51798	18
1.51805	18
1.51806	18
1.51842	18
1.51852	18
1.51852	18
1.52187	18
1.52494	18
1.52497	18
1.52497	18
1.52515	18
1.52515	18
1.53131	18
1.53132	18
1.53132	18
1.53233	18
1.53239	18
1.53239	18
1.53456	18
1.53472	18
1.53472	18
1.53751	18
1.54159	18
1.54164	18
1.54631	18
1.54633	18
1.54633	18
1.54804	18
1.54806	18
1.54806	18
1.56457	18
1.56457	18
1.56458	18
1.56459	18
1.56459	18
1.56459	18
1.56511	18
1.56514	18
1.56514	18
1.57175	18
1.57177	18
1.57177	18
1.59274	18
1.59275	18
1.59282	18
1.59282	18
1.59292	18
1.59294	18
1.60208	18
1.60213	18
1.60213	18
1.60312	18
1.60332	18
1.60332	18
1.60507	18
1.60537	18
1.60539	18
1.61809	18
1.6184	18
1.61853	18
1.62146	18
1.62146	18
1.62152	18
1.62152	18
1.62159	18
1.6216	18
1.62468	18
1.62469	18
1.62487	18
1.62487	18
1.62563	18
1.62565	18
1.62565	18
1.62798	18
1.628	18
1.62801	18
1.63289	18
1.63313	18
1.63314	18
1.64306	18
1.64306	18
1.64308	18
1.64379	18
1.64383	18
1.64383	18
1.64385	18
1.64586	18
1.64589	18
1.64594	18
1.64594	18
1.64803	18
1.64808	18
1.64809	18
1.65774	18
1.65788	18
1.65794	18
1.66344	18
1.66371	18
1.66372	18
1.66455	18
1.66466	18
1.66468	18
1.66837	18
1.66842	18
1.6685	18
1.6685	18
1.66968	18
1.67194	18
1.67197	18
1.673	18
1.673	18
1.673	18
1.67301	18
1.67303	18
1.67968	18
1.67971	18
1.67973	18
1.68881	18
1.68886	18
1.68892	18
1.69051	18
1.69053	18
1.69055	18
1.69056	18
1.69498	18
1.69503	18
1.69507	18
1.70881	18
1.70883	18
1.70883	18
1.70886	18
1.7089	18
1.71161	18
1.71544	18
1.71547	18
1.71548	18
1.71548	18
1.71608	18
1.71608	18
1.71608	18
1.7162	18
1.71624	18
1.71818	18
1.71819	18
1.71829	18
1.72015	18
1.72018	18
1.72033	18
1.72039	18
1.72175	18
1.72197	18
1.72212	18
1.72448	18
1.72807	18
1.72808	18
1.73137	18
1.73137	18
1.73138	18
1.73138	18
1.73147	18
1.73301	18
1.73901	18
1.73905	18
1.73905	18
1.74617	18
1.74622	18
1.74622	18
1.75778	18
1.75792	18
1.75792	18
1.75819	18
1.75821	18
1.75821	18
1.75822	18
1.76409	18
1.76409	18
1.76409	18
1.76415	18
1.76416	18
1.76419	18
1.77073	18
1.7736	18
1.77363	18
1.77363	18
1.77365	18
1.77531	18
1.77534	18
1.77536	18
1.7754	18
1.77958	18
1.77958	18
1.78053	18
1.78056	18
1.78057	18
1.78072	18
1.78313	18
1.78313	18
1.78319	18
1.78977	18
1.78978	18
1.78984	18
1.80633	18
1.80634	18
1.80634	18
1.80636	18
1.81572	18
1.81572	18
1.81591	18
1.81681	18
1.81681	18
1.81682	18
1.82507	18
1.82508	18
1.82508	18
1.82511	18
1.82957	18
1.82964	18
1.82964	18
1.82971	18
1.83089	18
1.83089	18
1.83094	18
1.83434	18
1.84696	18
1.84696	18
1.84697	18
1.85139	18
1.85153	18
1.85154	18
1.8516	18
1.85324	18
1.85324	18
1.85324	18
1.86526	18
1.86527	18
1.86853	18
1.86874	18
1.86874	18
1.88222	18
1.88223	18
1.88223	18
1.88225	18
1.884	18
1.884	18
1.884	18
1.8857	18
1.8857	18
1.8857	18
1.88579	18
1.89039	18
1.89419	18
1.92274	18
1.92274	18
1.92275	18
1.92283	18
1.92283	18
1.92309	18
1.92314	18
1.92317	18
1.92318	18
1.92328	18
1.92929	18
1.94484	18
1.94485	18
1.94485	18
1.94485	18
1.94485	18
1.95384	18
1.95384	18
1.95409	18
1.95623	18
1.95624	18
1.95638	18
1.96587	18
1.96588	18
1.96588	18
1.96589	18
1.96719	18
1.9672	18
1.96727	18
1.98889	18
1.9889	18
1.9889	18
1.98891	18
2.01859	18
2.0186	18
2.0186	18
2.02358	18
2.02358	18
2.0236	18
2.02361	18
2.02363	18
2.02834	18
2.02857	18
2.02876	18
2.02876	18
2.02878	18
2.02979	18
2.02979	18
2.02981	18
2.03365	18
2.03366	18
2.03371	18
2.04092	18
2.04092	18
2.04096	18
2.04653	18
2.04654	18
2.05658	18
2.05665	18
2.05666	18
2.05767	18
2.05768	18
2.05768	18
2.05768	18
2.07746	18
2.10081	18
2.10081	18
2.10083	18
2.10084	18
2.10092	18
2.11064	18
2.11064	18
2.11753	18
2.11755	18
2.11755	18
2.11763	18
2.12098	18
2.12098	18
2.12099	18
2.12119	18
2.12314	18
2.12358	18
2.12617	18
2.12617	18
2.12626	18
2.12626	18
2.12633	18
2.12636	18
2.12719	18
2.12721	18
2.12723	18
2.13061	18
2.1357	18
2.13572	18
2.13572	18
2.13582	18
2.14075	18
2.14075	18
2.14079	18
2.14085	18
2.14123	18
2.14128	18
2.14129	18
2.14141	18
2.14203	18
2.14204	18
2.14212	18
2.14645	18
2.14645	18
2.14645	18
2.16487	18
2.16488	18
2.16492	18
2.17274	18
2.17276	18
2.17289	18
2.18232	18
2.18232	18
2.18235	18
2.18323	18
2.18323	18
2.18324	18
2.18324	18
2.18968	18
2.19273	18
2.19274	18
2.19275	18
2.193	18
2.19327	18
2.19328	18
2.1934	18
2.20051	18
2.20052	18
2.20056	18
2.21883	18
2.21883	18
2.21884	18
2.21888	18
2.22001	18
2.22002	18
2.22003	18
2.23352	18
2.23352	18
2.23371	18
2.2359	18
2.23914	18
2.23914	18
2.23916	18
2.23917	18
2.23919	18
2.25792	18
2.25793	18
2.25793	18
2.26205	18
2.26207	18
2.26217	18
2.26548	18
2.26554	18
2.26556	18
2.26556	18
2.26797	18
2.268	18
2.26805	18
2.27948	18
2.27948	18
2.27949	18
2.28049	18
2.2805	18
2.28053	18
2.28053	18
2.2806	18
2.2806	18
2.28064	18
2.282	18
2.29192	18
2.29218	18
2.29226	18
2.29227	18
2.29227	18
2.34161	18
2.34162	18
2.34163	18
2.34164	18
2.34172	18
2.34792	18
2.34794	18
2.34794	18
2.34795	18
2.35029	18
2.35029	18
2.35033	18
2.35034	18
2.35034	18
2.36178	18
2.36179	18
2.36183	18
2.3663	18
2.3663	18
2.36632	18
2.36633	18
2.37964	18
2.37968	18
2.3797	18
2.38894	18
2.38894	18
2.38895	18
2.38899	18
2.39216	18
2.39221	18
2.39221	18
2.39358	18
2.39365	18
2.39374	18
2.39733	18
2.39737	18
2.39741	18
2.39862	18
2.39863	18
2.39863	18
2.40462	18
2.40486	18
2.40487	18
2.40523	18
2.4054	18
2.4054	18
2.41203	18
2.41208	18
2.41208	18
2.41613	18
2.41631	18
2.41631	18
2.41939	18
2.41947	18
2.41947	18
2.43895	18
2.43895	18
2.43897	18
2.43897	18
2.43902	18
2.43906	18
2.43907	18
2.4414	18
2.44221	18
2.44222	18
2.45104	18
2.45104	18
2.45117	18
2.45134	18
2.45134	18
2.46768	18
2.46768	18
2.49886	18
2.49886	18
2.49894	18
2.4991	18
2.4991	18
2.50877	18
2.50893	18
2.51398	18
2.51408	18
2.54448	18
2.54449	18
2.54449	18
2.54451	18
2.58117	18
2.58125	18
2.58125	18
2.58126	18
2.58129	18
2.58129	18
2.59591	18
2.59591	18
2.59592	18
2.59592	18
2.61643	18
2.61655	18
2.61655	18
2.63327	18
2.63337	18
2.63337	18
2.63396	18
2.63642	18
2.63643	18
2.6365	18
2.63651	18
2.63651	18
2.64107	18
2.6411	18
2.64119	18
2.64119	18
2.6566	18
2.65676	18
2.65676	18
2.66194	18
2.66195	18
2.66195	18
2.69645	18
2.69645	18
2.69649	18
2.69649	18
2.69922	18
2.69932	18
2.69932	18
2.70497	18
2.705	18
2.705	18
2.70911	18
2.73875	18
2.73875	18
2.73881	18
2.73881	18
2.73882	18
2.74077	18
2.74078	18
2.74079	18
2.7408	18
2.74229	18
2.74231	18
2.74232	18
2.74358	18
2.74372	18
2.74372	18
2.74409	18
2.74414	18
2.74414	18
2.74665	18
2.74669	18
2.74669	18
2.74734	18
2.76251	18
2.76251	18
2.76252	18
2.7626	18
2.7626	18
2.77014	18
2.77031	18
2.77031	18
2.77245	18
2.77246	18
2.77247	18
2.77247	18
2.7851	18
2.7851	18
2.7851	18
2.7851	18
2.78584	18
2.78681	18
2.78683	18
2.78702	18
2.78702	18
2.78728	18
2.78729	18
2.78761	18
2.78762	18
2.79834	18
2.79834	18
2.79835	18
2.79836	18
2.79836	18
2.82208	18
2.82386	18
2.82386	18
2.8239	18
2.8239	18
2.83512	18
2.83512	18
2.83512	18
2.83512	18
2.83669	18
2.83691	18
2.83697	18
2.83877	18
2.83877	18
2.8388	18
2.83905	18
2.83905	18
2.83912	18
2.83912	18
2.83912	18
2.85266	18
2.85266	18
2.8527	18
2.8527	18
2.86489	18
2.86489	18
2.86492	18
2.86493	18
2.87203	18
2.87208	18
2.87212	18
2.87212	18
2.87397	18
2.87408	18
2.87408	18
2.87438	18
2.87438	18
2.87442	18
2.87442	18
2.87566	18
2.87573	18
2.87575	18
2.87575	18
2.88103	18
2.88116	18
2.88117	18
2.89044	18
2.89631	18
2.89631	18
2.89631	18
2.89637	18
2.89637	18
2.90178	18
2.9018	18
2.90201	18
2.90201	18
2.90868	18
2.90868	18
2.90873	18
2.90873	18
2.92324	18
2.92329	18
2.92329	18
2.92497	18
2.92843	18
2.92856	18
2.97083	18
2.97083	18
2.97091	18
2.97095	18
2.97095	18
2.97536	18
2.98446	18
2.98447	18
2.98447	18
2.98448	18
2.98545	18
2.9855	18
2.9855	18
2.99303	18
2.99324	18
2.99324	18
3.00491	18
3.00492	18
3.00499	18
3.00499	18
3.00785	18
3.00785	18
3.00785	18
3.01329	18
3.01329	18
3.0133	18
3.01331	18
3.01331	18
3.01919	18
3.02686	18
3.02688	18
3.02695	18
3.02695	18
3.03911	18
3.03911	18
3.03913	18
3.03913	18
3.03913	18
3.04223	18
3.0423	18
3.0423	18
3.04468	18
3.04469	18
3.04469	18
3.05836	18
3.05839	18
3.05839	18
3.06132	18
3.06136	18
3.06147	18
3.06148	18
3.07997	18
3.08006	18
3.08007	18
3.08471	18
3.08748	18
3.0875	18
3.08763	18
3.08763	18
3.0992	18
3.0992	18
3.10139	18
3.10139	18
3.10141	18
3.10154	18
3.10155	18
3.11098	18
3.11104	18
3.11104	18
3.11203	18
3.11203	18
3.11211	18
3.11211	18
3.11596	18
3.11603	18
3.11603	18
3.11951	18
3.11956	18
3.11956	18
3.13175	18
3.1318	18
3.13188	18
3.13189	18
3.1332	18
3.13323	18
3.13323	18
3.13943	18
3.13943	18
3.13949	18
3.13949	18
3.14334	18
3.14335	18
3.14335	18
3.14739	18
3.17677	18
3.17679	18
3.17682	18
3.17712	18
3.17712	18
3.18093	18
3.18094	18
3.18099	18
3.18099	18
3.18258	18
3.18259	18
3.18262	18
3.18262	18
3.18597	18
3.18597	18
3.18609	18
3.18619	18
3.18619	18
3.18782	18
3.18783	18
3.18783	18
3.19191	18
3.19192	18
3.19192	18
3.20036	18
3.20036	18
3.20048	18
3.20048	18
3.20395	18
3.20399	18
3.20408	18
3.20408	18
3.20728	18
3.21574	18
3.21585	18
3.26067	18
3.26068	18
3.26076	18
3.26076	18
3.26077	18
3.26266	18
3.26571	18
3.26572	18
3.26572	18
3.26612	18
3.26612	18
3.26761	18
3.26764	18
3.26764	18
3.29941	18
3.29941	18
3.29958	18
3.29958	18
3.30513	18
3.30514	18
3.30523	18
3.30523	18
3.30539	18
3.30561	18
3.30565	18
3.33191	18
3.33192	18
3.33196	18
3.33207	18
3.33207	18
3.33951	18
3.33951	18
3.33951	18
3.35811	18
3.35853	18
3.35853	18
3.35856	18
3.35857	18
3.35857	18
3.3691	18
3.36912	18
3.36912	18
3.38156	18
3.38156	18
3.38158	18
3.38158	18
3.39036	18
3.39042	18
3.39056	18
3.39056	18
3.40493	18
3.40894	18
3.40894	18
3.409	18
3.409	18
3.41941	18
3.41943	18
3.41951	18
3.41951	18
3.41962	18
3.41966	18
3.41966	18
3.42007	18
3.42012	18
3.42012	18
3.42962	18
3.42979	18
3.42979	18
3.43395	18
3.43395	18
3.43401	18
3.43401	18
3.43807	18
3.43808	18
3.43809	18
3.46397	18
3.46403	18
3.46404	18
3.46503	18
3.46514	18
3.46537	18
3.46537	18
3.47178	18
3.48402	18
3.48403	18
3.48403	18
3.48409	18
3.4841	18
3.48929	18
3.48934	18
3.48941	18
3.48941	18
3.49908	18
3.50422	18
3.50423	18
3.50423	18
3.50424	18
3.50424	18
3.51092	18
3.51099	18
3.51099	18
3.51277	18
3.51278	18
3.51278	18
3.53019	18
3.53026	18
3.53026	18
3.53721	18
3.53727	18
3.53727	18
3.53852	18
3.53857	18
3.53857	18
3.53922	18
3.53933	18
3.53933	18
3.5615	18
3.5615	18
3.56161	18
3.56161	18
3.56297	18
3.563	18
3.563	18
3.57906	18
3.57907	18
3.57924	18
3.57925	18
3.58029	18
3.58047	18
3.58048	18
3.58067	18
3.58074	18
3.58074	18
3.58445	18
3.58448	18
3.58449	18
3.60233	18
3.60233	18
3.60259	18
3.60259	18
3.61182	18
3.61192	18
3.61192	18
3.61574	18
3.62008	18
3.62013	18
3.62013	18
3.62013	18
3.62655	18
3.62667	18
3.62668	18
3.65405	18
3.65405	18
3.65407	18
3.65407	18
3.65987	18
3.65989	18
3.65989	18
3.66112	18
3.66957	18
3.66962	18
3.66982	18
3.69489	18
3.69491	18
3.69492	18
3.695	18
3.69501	18
3.70098	18
3.70108	18
3.70109	18
3.7057	18
3.71375	18
3.71376	18
3.7138	18
3.71383	18
3.71383	18
3.71383	18
3.71871	18
3.72564	18
3.72578	18
3.74634	18
3.74637	18
3.74637	18
3.74642	18
3.74642	18
3.75033	18
3.75046	18
3.75047	18
3.75164	18
3.75165	18
3.75175	18
3.75176	18
3.76955	18
3.76955	18
3.7696	18
3.76961	18
3.77458	18
3.77479	18
3.77479	18
3.77863	18
3.78905	18
3.7891	18
3.80837	18
3.80838	18
3.80838	18
3.80844	18
3.80844	18
3.81165	18
3.81196	18
3.8195	18
3.8196	18
3.81962	18
3.85851	18
3.85853	18
3.85853	18
3.85854	18
3.85854	18
3.86357	18
3.86358	18
3.86358	18
3.86407	18
3.8642	18
3.8642	18
3.88236	18
3.88236	18
3.8825	18
3.8825	18
3.89087	18
3.89114	18
3.89115	18
3.89193	18
3.89199	18
3.892	18
3.89219	18
3.89229	18
3.89229	18
3.90426	18
3.91129	18
3.91133	18
3.94581	18
3.94583	18
3.94583	18
3.96186	18
3.96187	18
3.96189	18
3.96189	18
3.96198	18
3.96198	18
3.9681	18
3.97178	18
3.97181	18
3.97189	18
3.97189	18
3.97305	18
3.9731	18
3.97313	18
3.97313	18
3.97378	18
3.97379	18
3.97379	18
3.98401	18
3.98433	18
3.9844	18
3.98453	18
3.98454	18
4.01133	18
4.01157	18
4.01157	18
4.01168	18
4.01168	18
4.01432	18
4.01436	18
4.01437	18
4.01514	18
4.01524	18
4.01524	18
4.0261	18
4.02618	18
4.02624	18
4.02624	18
4.03053	18
4.04623	18
4.04624	18
4.04624	18
4.04625	18
4.04625	18
4.06204	18
4.06208	18
4.06208	18
4.06252	18
4.06257	18
4.06257	18
4.06864	18
4.06873	18
4.06873	18
4.07133	18
4.07136	18
4.07136	18
4.08227	18
4.08227	18
4.08227	18
4.08227	18
4.0888	18
4.08891	18
4.08891	18
4.08949	18
4.08956	18
4.08957	18
4.09493	18
4.09689	18
4.0969	18
4.09691	18
4.09692	18
4.09721	18
4.09721	18
4.09723	18
4.09724	18
4.12302	18
4.12302	18
4.12304	18
4.12305	18
4.13329	18
4.13336	18
4.13336	18
4.13355	18
4.13358	18
4.13359	18
4.13359	18
4.1337	18
4.1337	18
4.13442	18
4.13448	18
4.13449	18
4.14944	18
4.14945	18
4.14952	18
4.14952	18
4.16348	18
4.16357	18
4.16358	18
4.16752	18
4.16965	18
4.16965	18
4.16966	18
4.17619	18
4.17631	18
4.17631	18
4.17642	18
4.17643	18
4.18006	18
4.18013	18
4.18015	18
4.18101	18
4.18109	18
4.18109	18
4.18664	18
4.18668	18
4.18668	18
4.18933	18
4.18937	18
4.18938	18
4.18985	18
4.19336	18
4.19338	18
4.1934	18
4.1934	18
4.1977	18
4.19773	18
4.19773	18
4.20196	18
4.20672	18
4.20674	18
4.20675	18
4.20688	18
4.20688	18
4.22502	18
4.22508	18
4.22509	18
4.2256	18
4.22565	18
4.22565	18
4.22566	18
4.2378	18
4.23817	18
4.23817	18
4.23866	18
4.23869	18
4.2387	18
4.26778	18
4.26778	18
4.26856	18
4.26857	18
4.26863	18
4.26863	18
4.26864	18
4.26865	18
4.27725	18
4.27725	18
4.27742	18
4.27742	18
4.28924	18
4.28947	18
4.28947	18
4.28947	18
4.2916	18
4.29162	18
4.29162	18
4.29632	18
4.29635	18
4.29635	18
4.29635	18
4.30966	18
4.37199	18
4.37206	18
4.37206	18
4.37493	18
4.37494	18
4.37496	18
4.37496	18
4.37496	18
4.37496	18
4.38365	18
4.3837	18
4.38375	18
4.38375	18
4.38527	18
4.38529	18
4.38529	18
4.3853	18
4.40531	18
4.40531	18
4.40541	18
4.40542	18
4.41247	18
4.41248	18
4.41257	18
4.41258	18
4.41286	18
4.41287	18
4.41288	18
4.41351	18
4.41353	18
4.41353	18
4.41373	18
4.41374	18
4.41518	18
4.41521	18
4.41521	18
4.4175	18
4.41766	18
4.41767	18
4.41829	18
4.41835	18
4.41835	18
4.42525	18
4.42526	18
4.42527	18
4.44397	18
4.44401	18
4.44404	18
4.44404	18
4.45913	18
4.45919	18
4.4592	18
4.47742	18
4.47742	18
4.47746	18
4.47746	18
4.49628	18
4.4963	18
4.4963	18
4.50058	18
4.50059	18
4.50069	18
4.50069	18
4.51077	18
4.51077	18
4.51126	18
4.51127	18
4.52366	18
4.52367	18
4.52367	18
4.52796	18
4.52836	18
4.52837	18
4.52837	18
4.52837	18
4.54361	18
4.5482	18
4.54825	18
4.54825	18
4.55884	18
4.55887	18
4.55887	18
4.55889	18
4.55891	18
4.57551	18
4.57562	18
4.57562	18
4.5758	18
4.57581	18
4.57901	18
4.57907	18
4.57907	18
4.59085	18
4.59087	18
4.59088	18
4.59645	18
4.60541	18
4.60546	18
4.60546	18
4.60547	18
4.60548	18
4.60836	18
4.60842	18
4.60842	18
4.60876	18
4.60877	18
4.60877	18
4.64787	18
4.64788	18
4.64788	18
4.64788	18
4.65125	18
4.6514	18
4.6514	18
4.65383	18
4.65383	18
4.65384	18
4.66666	18
4.66668	18
4.66668	18
4.66669	18
4.67523	18
4.67534	18
4.67555	18
4.67555	18
4.67604	18
4.67608	18
4.67608	18
4.67813	18
4.67826	18
4.67826	18
4.68603	18
4.68606	18
4.68616	18
4.68616	18
4.70817	18
4.70817	18
4.7117	18
4.71172	18
4.71172	18
4.71179	18
4.7118	18
4.71757	18
4.71759	18
4.71761	18
4.72017	18
4.72032	18
4.72033	18
4.72502	18
4.72504	18
4.72512	18
4.72513	18
4.72914	18
4.72915	18
4.72933	18
4.72933	18
4.7398	18
4.73996	18
4.73996	18
4.74747	18
4.74754	18
4.74754	18
4.76769	18
4.76772	18
4.76772	18
4.77792	18
4.78199	18
4.78205	18
4.78205	18
4.78207	18
5.9149	18
5.91673	18
5.91673	18
5.92212	18
5.92376	18
5.93315	18
5.94622	18
5.94637	18
5.94885	18
5.94887	18
5.97448	18
5.9745	18
5.9745	18
5.9745	18
5.97454	18
5.97455	18
5.97487	18
5.97487	18
5.97487	18
5.98108	18
5.98109	18
5.98111	18
5.98111	18
5.99497	18
5.99497	18
5.99504	18
5.99504	18
5.99725	18
5.99757	18
5.99757	18
6.00435	18
6.00438	18
6.00442	18
6.00442	18
6.0088	18
6.00891	18
6.00893	18
6.00997	18
6.01001	18
6.01001	18
6.01979	18
6.0198	18
6.01985	18
6.01986	18
6.04193	18
6.04197	18
6.04198	18
6.04282	18
6.04287	18
6.04287	18
6.05378	18
6.05382	18
6.05382	18
6.06207	18
6.06209	18
6.0621	18
6.07831	18
6.07831	18
6.07836	18
6.07836	18
6.07941	18
6.07941	18
6.07942	18
6.09506	18
6.09506	18
6.09509	18
6.09509	18
6.09524	18
6.09789	18
6.11753	18
6.11755	18
6.11759	18
6.1176	18
6.1179	18
6.11791	18
6.12008	18
6.12039	18
6.12041	18
6.12155	18
6.12157	18
6.12158	18
6.12319	18
6.12319	18
6.1232	18
6.12455	18
6.1246	18
6.12461	18
6.12777	18
6.12787	18
6.1279	18
6.12852	18
6.12866	18
6.12867	18
6.13621	18
6.13628	18
6.13629	18
6.14229	18
6.14229	18
6.17103	18
6.1711	18
6.1711	18
6.17124	18
6.17125	18
6.18334	18
6.18338	18
6.18339	18
6.18341	18
6.19669	18
6.19674	18
6.19675	18
6.19677	18
6.19677	18
6.21105	18
6.21119	18
6.23344	18
6.23353	18
6.23353	18
6.23355	18
6.23355	18
6.24857	18
6.24857	18
6.2487	18
6.24871	18
6.25421	18
6.25886	18
6.25887	18
6.25887	18
6.25888	18
6.26729	18
6.26731	18
6.26732	18
6.26762	18
6.26768	18
6.26768	18
6.26774	18
6.26775	18
6.27093	18
6.27105	18
6.27105	18
6.2751	18
6.27521	18
6.27522	18
6.28092	18
6.28096	18
6.28096	18
6.28288	18
6.283	18
6.283	18
6.31436	18
6.31438	18
6.31439	18
6.3144	18
6.3144	18
6.32064	18
6.32066	18
6.3207	18
6.3262	18
6.33175	18
6.33178	18
6.33193	18
6.33338	18
6.3334	18
6.33341	18
6.33353	18
6.33355	18
6.34236	18
6.34243	18
6.34244	18
6.34703	18
6.34703	18
6.34704	18
6.34827	18
6.35113	18
6.35119	18
6.36031	18
6.36034	18
6.36035	18
6.36041	18
6.36042	18
6.36916	18
6.36917	18
6.36925	18
6.36926	18
6.39329	18
6.39329	18
6.39329	18
6.39336	18
6.39338	18
6.41389	18
6.41396	18
6.41397	18
6.41786	18
6.41787	18
6.41787	18
6.42979	18
6.44325	18
6.44325	18
6.44325	18
6.44326	18
6.46662	18
6.46678	18
6.46679	18
6.47614	18
6.47616	18
6.47616	18
6.47646	18
6.47647	18
6.47656	18
6.47657	18
6.48262	18
6.48262	18
6.48396	18
6.48399	18
6.48399	18
6.4841	18
6.4841	18
6.50132	18
6.50136	18
6.50136	18
6.53801	18
6.53802	18
6.53826	18
6.53826	18
6.54015	18
6.54029	18
6.54033	18
6.55042	18
6.55042	18
6.55048	18
6.5505	18
6.56037	18
6.56043	18
6.56043	18
6.5605	18
6.56051	18
6.57269	18
6.57274	18
6.57274	18
6.58333	18
6.58346	18
6.58347	18
6.58678	18
6.58682	18
6.58691	18
6.58692	18
6.59632	18
6.59633	18
6.59653	18
6.59656	18
6.61419	18
6.61419	18
6.6143	18
6.6143	18
6.63364	18
6.63592	18
6.63687	18
6.63687	18
6.64753	18
6.64758	18
6.64758	18
6.65138	18
6.65142	18
6.65142	18
6.67776	18
6.67778	18
6.67778	18
6.67792	18
6.67792	18
6.68051	18
6.68383	18
6.68388	18
6.68395	18
6.68397	18
6.68428	18
6.68433	18
6.68434	18
6.6896	18
6.68961	18
6.68978	18
6.68979	18
6.7103	18
6.7103	18
6.7103	18
6.71031	18
6.73102	18
6.73102	18
6.73107	18
6.73108	18
6.73891	18
6.73893	18
6.73904	18
6.73905	18
6.76984	18
6.76984	18
6.77362	18
6.77366	18
6.77366	18
6.7737	18
6.77374	18
6.77693	18
6.77696	18
6.77696	18
6.77725	18
6.77736	18
6.77737	18
6.79072	18
6.79081	18
6.79082	18
6.79272	18
6.79273	18
6.79273	18
6.80191	18
6.80194	18
6.80194	18
6.81373	18
6.81373	18
6.81401	18
6.81401	18
6.81672	18
6.81683	18
6.81684	18
6.81881	18
6.82221	18
6.82226	18
6.82671	18
6.82676	18
6.82676	18
6.82684	18
6.82685	18
6.83447	18
6.83448	18
6.83449	18
6.84097	18
6.87478	18
6.87491	18
6.87491	18
6.87499	18
6.87499	18
6.88536	18
6.88539	18
6.88542	18
6.91744	18
6.91746	18
6.91746	18
6.92669	18
6.92732	18
6.92733	18
6.92733	18
6.92742	18
6.92743	18
6.93918	18
6.94636	18
6.96624	18
6.96625	18
6.96636	18
6.96638	18
6.9664	18
6.96643	18
6.9712	18
6.97121	18
6.97128	18
6.9713	18
6.97318	18
6.97319	18
6.9732	18
6.9733	18
6.9734	18
6.97344	18
6.97911	18
6.97914	18
6.97914	18
6.98271	18
6.98273	18
6.98274	18
6.98827	18
6.98832	18
6.98835	18
6.99264	18
6.99265	18
6.99265	18
6.99266	18
7.00749	18
7.00751	18
7.00754	18
7.01563	18
7.01563	18
7.01567	18
7.01567	18
7.01883	18
7.01885	18
7.01891	18
7.02799	18
7.04512	18
7.0452	18
7.04521	18
7.04525	18
7.0453	18
7.05762	18
7.05824	18
7.05825	18
7.0583	18
7.0583	18
7.06169	18
7.06179	18
7.06193	18
7.06194	18
7.07445	18
7.07446	18
7.07446	18
7.07448	18
7.08161	18
7.08163	18
7.08163	18
7.08521	18
7.08521	18
7.08528	18
7.08528	18
7.10339	18
7.10348	18
7.10348	18
7.10351	18
7.10351	18
7.10816	18
7.1084	18
7.10843	18
7.10971	18
7.10981	18
7.10987	18
7.12399	18
7.124	18
7.124	18
7.12417	18
7.12419	18
7.12968	18
7.12979	18
7.12979	18
7.13249	18
7.13252	18
7.13262	18
7.14616	18
7.14626	18
7.1463	18
7.14632	18
7.16284	18
7.16286	18
7.16291	18
7.16291	18
7.17634	18
7.18324	18
7.18329	18
7.1833	18
7.1833	18
7.18866	18
7.18869	18
7.18873	18
7.18875	18
7.22028	18
7.22029	18
7.22029	18
7.22032	18
7.22181	18
7.22194	18
7.22196	18
7.22236	18
7.22434	18
7.22437	18
7.22723	18
7.22729	18
7.22734	18
7.22735	18
7.24973	18
7.24979	18
7.24979	18
7.24981	18
7.24982	18
7.2546	18
7.25461	18
7.25466	18
7.27828	18
7.27828	18
7.27828	18
7.2783	18
7.27973	18
7.28016	18
7.28028	18
7.28034	18
7.28035	18
7.28518	18
7.28525	18
7.28545	18
7.28546	18
7.34592	18
7.34592	18
7.34593	18
7.34597	18
7.3598	18
7.35982	18
7.35983	18
7.35986	18
7.36597	18
7.36604	18
7.36616	18
7.36618	18
7.36977	18
7.36984	18
7.36984	18
7.37002	18
7.37004	18
7.37015	18
7.37015	18
7.37275	18
7.37287	18
7.37289	18
7.39407	18
7.39654	18
7.3966	18
7.39676	18
7.39679	18
7.40014	18
7.40014	18
7.40107	18
7.40109	18
7.4011	18
7.40118	18
7.4012	18
7.40373	18
7.40376	18
7.40379	18
7.40948	18
7.44297	18
7.44299	18
7.443	18
7.44302	18
7.44302	18
7.44373	18
7.44392	18
7.44392	18
7.44397	18
7.45423	18
7.4543	18
7.45431	18
7.45433	18
7.46506	18
7.46521	18
7.46526	18
7.474	18
7.49486	18
7.50371	18
7.50374	18
7.50375	18
7.50376	18
7.50382	18
7.50382	18
7.50664	18
7.50664	18
7.5067	18
7.50671	18
7.5213	18
7.52132	18
7.52134	18
7.52733	18
7.52734	18
7.52748	18
7.52757	18
7.5309	18
7.53121	18
7.53142	18
7.53355	18
7.53355	18
7.53355	18
7.53362	18
7.53364	18
7.53743	18
7.53744	18
7.53756	18
7.53762	18
7.54824	18
7.5551	18
7.55511	18
7.59239	18
7.59239	18
7.59322	18
7.59322	18
7.59344	18
7.59344	18
7.59346	18
7.59346	18
7.59474	18
7.59475	18
7.59492	18
7.59494	18
7.59549	18
7.5955	18
7.59554	18
7.59556	18
7.60624	18
7.60625	18
7.60625	18
7.61509	18
7.61511	18
7.61511	18
7.61511	18
7.61513	18
7.62491	18
7.62507	18
7.62516	18
7.62612	18
7.62624	18
7.62624	18
7.63041	18
7.63042	18
7.63044	18
7.63064	18
7.63068	18
7.63072	18
7.63747	18
7.63787	18
7.63788	18
7.63851	18
7.6386	18
7.63865	18
7.63958	18
7.6396	18
7.63962	18
7.65072	18
7.6508	18
7.65082	18
7.69177	18
7.69177	18
7.69319	18
7.69329	18
7.70654	18
7.70654	18
7.70657	18
7.72327	18
7.72328	18
7.72328	18
7.72328	18
7.72336	18
7.73205	18
7.73206	18
7.73206	18
7.73426	18
7.73435	18
7.73437	18
7.7461	18
7.75245	18
7.75247	18
7.75254	18
7.758	18
7.758	18
7.75801	18
7.7582	18
7.75821	18
7.76516	18
7.76517	18
7.76518	18
7.76531	18
7.7797	18
7.77976	18
7.77978	18
7.78736	18
7.78739	18
7.7874	18
7.7956	18
7.79561	18
7.79562	18
7.7978	18
7.79784	18
7.79785	18
7.81583	18
7.81587	18
7.81594	18
7.84685	18
7.84687	18
7.84688	18
7.84689	18
7.84689	18
7.84915	18
7.84941	18
7.84942	18
7.85247	18
7.85247	18
7.85247	18
7.85247	18
7.868	18
7.86802	18
7.86805	18
7.88426	18
7.88426	18
7.8843	18
7.88436	18
7.90914	18
7.90917	18
7.9092	18
7.92143	18
7.92156	18
7.92157	18
7.92299	18
7.92301	18
7.92304	18
7.92306	18
7.94026	18
7.94032	18
7.94042	18
7.94783	18
7.9479	18
7.94797	18
7.95531	18
7.95538	18
7.95541	18
7.95615	18
7.9865	18
7.9866	18
7.9866	18
7.98672	18
7.98673	18
7.99921	18
7.99927	18
7.99947	18
8.00927	18
8.00928	18
8.00941	18
8.00951	18
8.01	18
8.01007	18
8.01008	18
8.01449	18
8.0145	18
8.01462	18
8.01467	18
8.02134	18
8.02135	18
8.0214	18
8.04265	18
8.04267	18
8.04267	18
8.06936	18
8.06938	18
8.06938	18
8.06946	18
8.06959	18
8.07401	18
8.07485	18
8.07489	18
8.07503	18
8.07506	18
8.07908	18
8.07949	18
8.07979	18
8.08677	18
8.08678	18
8.0958	18
8.09581	18
8.09588	18
8.09588	18
8.09594	18
8.09598	18
8.09667	18
8.09669	18
8.09689	18
8.09696	18
8.09938	18
8.09939	18
8.09939	18
8.09941	18
8.11718	18
8.11729	18
8.11746	18
8.12642	18
8.13498	18
8.13536	18
8.15568	18
8.15573	18
8.15573	18
8.15573	18
8.15605	18
8.15903	18
8.15923	18
8.15929	18
8.15934	18
8.15934	18
8.15934	18
8.15938	18
8.16109	18
8.1611	18
8.16119	18
8.16119	18
8.17237	18
8.1743	18
8.17433	18
8.17455	18
8.1937	18
8.19373	18
8.19373	18
8.19374	18
8.19381	18
8.19939	18
8.19944	18
8.19945	18
8.19956	18
8.21239	18
8.2124	18
8.21241	18
8.21252	18
8.22124	18
8.22128	18
8.22128	18
8.22129	18
8.22149	18
8.23023	18
8.23023	18
8.23045	18
8.23626	18
8.23629	18
8.23674	18
8.2403	18
8.24031	18
8.24047	18
8.25047	18
8.25052	18
8.25082	18
8.25096	18
8.29304	18
8.29306	18
8.29316	18
8.29332	18
8.29948	18
8.30083	18
8.32388	18
8.32391	18
8.32393	18
8.32394	18
8.32395	18
8.32413	18
8.34994	18
8.34999	18
8.35012	18
8.35469	18
8.35471	18
8.35478	18
8.35759	18
8.35764	18
8.35924	18
8.36887	18
8.3689	18
8.36891	18
8.36895	18
8.36912	18
8.36914	18
8.36915	18
8.36919	18
8.36973	18
8.37932	18
8.37941	18
8.38169	18
8.38571	18
8.38575	18
8.38996	18
8.38997	18
8.39334	18
8.39717	18
8.40492	18
8.40497	18
8.40498	18
8.40503	18
8.40699	18
8.41437	18
8.41446	18
8.41449	18
8.4145	18
8.42142	18
8.42142	18
8.42152	18
8.43677	18
8.43677	18
8.43687	18
8.44315	18
8.44315	18
8.44317	18
8.44679	18
8.4468	18
8.44683	18
8.44986	18
8.44986	18
8.44993	18
8.62393	18
8.62393	18
8.62975	18
8.67455	18
8.67455	18
8.6746	18
8.69949	18
8.6995	18
8.69954	18
8.71996	18
8.71998	18
8.71999	18
8.72134	18
8.72134	18
8.7214	18
8.73317	18
8.73318	18
8.73321	18
8.74781	18
8.74781	18
8.74788	18
8.76798	18
8.76799	18
8.76803	18
8.76827	18
8.76827	18
8.76828	18
8.78316	18
8.78317	18
8.78323	18
10.6415	18
10.6443	18
10.6443	18
10.6458	18
10.6473	18
10.6642	18
10.6643	18
10.6643	18
10.6643	18
10.7448	18
10.7448	18
10.745	18
10.748	18
10.748	18
10.748	18
10.748	18
11.6372	18
11.6372	18
11.6402	18
11.6412	18
11.6412	18
11.6412	18
11.6415	18
11.6894	18
11.6894	18
11.6894	18
11.6979	18
11.698	18
11.698	18
11.698	18
11.7062	18
11.7208	18
11.7208	18
11.7208	18
11.7208	18
11.7401	18
11.7401	18
11.7402	18
11.7467	18
11.7467	18
11.7469	18
11.7988	18
11.7988	18
11.7988	18
11.799	18
11.8144	18
11.8144	18
11.8144	18
11.8203	18
11.8203	18
11.8204	18
12.5698	18
12.5698	18
12.5754	18
12.589	18
12.5942	18
12.5944	18
12.5944	18
12.5944	18
12.5975	18
12.5976	18
12.5976	18
12.5977	18
12.6074	18
12.6228	18
12.6229	18
12.6229	18
12.6229	18
12.6245	18
12.6245	18
12.6245	18
12.6246	18
12.9083	18
12.9083	18
12.9135	18
12.9558	18
12.9559	18
12.9559	18
12.956	18
12.9734	18
12.9735	18
12.9736	18
12.9783	18
12.9893	18
12.9893	18
12.9893	18
12.9895	18
12.9997	18
12.9997	18
12.9997	18
13.0035	18
13.0035	18
13.0035	18
13.0113	18
13.0114	18
13.0114	18
13.0114	18
13.0518	18
13.0518	18
13.0518	18
13.052	18
13.0615	18
13.0615	18
13.0616	18
13.065	18
13.0658	18
13.0659	18
13.0659	18
13.0659	18
13.0739	18
13.0739	18
13.0739	18
13.1029	18
13.1029	18
13.1029	18
13.1029	18
13.128	18
13.1281	18
13.1281	18
13.137	18
13.137	18
13.137	18
13.1371	18
13.1417	18
13.1417	18
13.1418	18
13.1438	18
13.1438	18
13.1441	18
13.1441	18
13.1441	18
13.1441	18
13.1454	18
13.1454	18
13.1454	18
13.1573	18
13.1609	18
13.1609	18
13.1609	18
13.1609	18
13.1614	18
13.1615	18
13.1615	18
13.1615	18
13.2188	18
13.2188	18
13.2189	18
13.2189	18
13.2208	18
13.2208	18
13.2208	18
13.2209	18
13.2242	18
13.2242	18
13.2244	18
13.2247	18
13.2247	18
13.2247	18
13.228	18
13.228	18
13.228	18
13.2328	18
13.2328	18
13.2328	18
13.2671	18
13.2671	18
13.2672	18
13.2672	18
13.2672	18
13.2971	18
13.2971	18
13.2973	18
13.2983	18
13.3095	18
13.3095	18
13.3095	18
13.3096	18
13.3168	18
13.3169	18
13.3169	18
13.3346	18
13.3346	18
13.3346	18
13.3346	18
13.3493	18
13.3582	18
13.3582	18
13.3582	18
13.3583	18
13.368	18
13.368	18
13.368	18
13.3795	18
13.3796	18
13.3796	18
13.3797	18
13.3801	18
13.3801	18
13.3802	18
13.3817	18
13.3817	18
13.3817	18
13.3817	18
13.3847	18
13.3847	18
13.3853	18
13.3973	18
13.3982	18
13.3983	18
13.3983	18
13.3983	18
13.3992	18
13.3992	18
13.3993	18
13.4721	18
13.4721	18
13.4721	18
13.4728	18
13.5011	18
13.5011	18
13.5022	18
13.5022	18
13.5024	18
13.5024	18
13.5025	18
13.508	18
13.508	18
13.508	18
13.508	18
13.5081	18
13.5081	18
13.5081	18
13.5312	18
13.5313	18
13.5313	18
13.5751	18
13.5751	18
13.5752	18
13.5799	18
13.5799	18
13.58	18
13.5919	18
13.5919	18
13.5919	18
13.6019	18
13.6019	18
13.602	18
13.6185	18
13.6185	18
13.6185	18
14.0444	18
14.0444	18
14.0503	18
14.0536	18
14.0537	18
14.0537	18
14.0538	18
14.0715	18
14.0715	18
14.0716	18
14.0758	18
14.0758	18
14.0758	18
14.0899	18
14.09	18
14.09	18
14.09	18
14.1212	18
14.1212	18
14.1212	18
14.1213	18
14.1213	18
14.1213	18
14.123	18
14.123	18
14.123	18
14.9022	18
14.9085	18
14.9085	18
14.9154	18
14.9329	18
14.9329	18
14.9329	18
14.9368	18
14.9368	18
14.9368	18
14.954	18
14.9541	18
14.9541	18
15.0129	18
15.0129	18
15.0129	18
15.013	18
15.0257	18
15.0257	18
15.0258	18
15.0317	18
15.0338	18
15.034	18
15.034	18
15.034	18
15.0414	18
15.0415	18
15.0416	18
16.235	18
16.235	18
16.235	18
16.2498	18
16.2498	18
16.2498	18
16.2499	18
16.2517	18
16.2518	18
16.2518	18
16.2518	18
16.2636	18
16.2636	18
16.2751	18
16.2751	18
16.2751	18
16.2752	18
16.3004	18
16.3213	18
16.3214	18
16.3214	18
16.3215	18
16.3325	18
16.3325	18
16.3326	18
16.3652	18
16.3652	18
16.3652	18
16.3653	18
16.4089	18
16.4089	18
16.4089	18
16.4223	18
16.426	18
16.4261	18
16.4261	18
16.4311	18
16.4311	18
16.4311	18
16.4313	18
16.4325	18
16.4325	18
16.4325	18
16.4329	18
16.4571	18
16.4571	18
16.4571	18
16.4572	18
16.4633	18
16.4633	18
16.4634	18
16.4732	18
16.4777	18
16.4777	18
16.4777	18
16.4779	18
16.4904	18
16.4904	18
16.4904	18
16.4904	18
16.5151	18
16.5151	18
16.5151	18
16.5491	18
16.5492	18
16.562	18
16.562	18
16.5621	18
16.5621	18
17.161	18
17.1611	18
17.1633	18
17.1702	18
17.1702	18
17.1703	18
17.1705	18
17.1705	18
17.1706	18
17.172	18
17.172	18
17.172	18
17.1744	18
17.1745	18
17.1745	18
17.1745	18
17.1929	18
17.1929	18
17.193	18
17.2053	18
17.2053	18
17.2053	18
17.2065	18
17.2065	18
17.2067	18
17.2078	18
17.2078	18
17.2078	18
17.212	18
17.212	18
17.2121	18
17.2122	18
17.2151	18
17.2151	18
17.2152	18
17.2172	18
17.2172	18
17.2173	18
17.2185	18
17.2186	18
17.2186	18
17.2186	18
17.2242	18
17.2525	18
17.2525	18
17.2525	18
17.2526	18
17.287	18
17.287	18
17.287	18
17.2882	18
17.2883	18
17.2883	18
17.2884	18
17.3089	18
17.309	18
17.3406	18
17.3406	18
17.3406	18
17.3406	18
17.3407	18
17.3532	18
17.3532	18
17.3533	18
17.388	18
17.388	18
17.3881	18
17.3881	18
17.3932	18
17.396	18
17.3961	18
17.3961	18
17.3961	18
18.3995	18
18.3995	18
18.3997	18
18.4285	18
18.4285	18
18.4285	18
18.4342	18
18.4342	18
18.4343	18
18.4356	18
18.4356	18
18.4356	18
18.4382	18
18.4382	18
18.4382	18
18.4733	18
18.4733	18
18.4733	18
18.4998	18
18.4998	18
18.4998	18
18.4999	18
18.5162	18
18.5162	18
18.5164	18
18.5461	18
18.5461	18
18.5462	18
18.5527	18
18.57	18
18.57	18
18.57	18
18.5701	18
18.6473	18
18.6473	18
18.6577	18
18.6577	18
18.6756	18
18.6756	18
18.6756	18
18.6896	18
18.6896	18
18.6896	18
18.6908	18
18.6908	18
18.6909	18
18.6912	18
18.6966	18
18.6966	18
18.6967	18
18.6978	18
18.6979	18
18.6979	18
18.698	18
18.8445	18
18.8445	18
18.8572	18
18.8706	18
18.8707	18
18.8707	18
18.8707	18
18.8742	18
18.8742	18
18.8742	18
18.8899	18
18.8899	18
18.8899	18
18.89	18
19.3443	18
19.3443	18
19.3457	18
19.3493	18
19.3494	18
19.3494	18
19.3494	18
19.3645	18
19.3646	18
19.3647	18
19.3648	18
19.3679	18
19.3679	18
19.368	18
19.389	18
19.389	18
19.389	18
19.3956	18
19.3956	18
19.3982	18
19.3982	18
19.3982	18
19.3983	18
19.3988	18
19.4459	18
19.4459	18
19.4459	18
19.446	18
19.4573	18
19.4573	18
19.4574	18
19.4596	18
19.4597	18
19.4597	18
19.468	18
19.468	18
19.468	18
19.4872	18
19.4872	18
19.4872	18
19.4872	18
19.4947	18
19.4947	18
19.4947	18
19.5008	18
19.5008	18
19.5008	18
19.5008	18
19.5291	18
19.5291	18
19.5292	18
19.5293	18
19.5356	18
19.5402	18
19.5402	18
19.5402	18
19.5403	18
19.5487	18
19.5575	18
19.5575	18
19.5575	18
19.5575	18
19.5857	18
19.5858	18
19.5858	18
19.5859	18
19.5939	18
19.5939	18
19.5939	18
19.5982	18
19.5982	18
19.5984	18
19.6173	18
19.6173	18
19.6174	18
19.6466	18
19.6466	18
19.6469	18
19.649	18
19.649	18
19.649	18
19.6758	18
19.6759	18
19.6759	18
19.6766	18
19.6766	18
19.6767	18
19.6975	18
19.6975	18
19.6976	18
19.7113	18
19.7113	18
19.7114	18
19.9636	18
19.9636	18
19.9653	18
20.7097	18
20.7097	18
20.7138	18
20.714	18
20.714	18
20.7143	18
20.808	18
20.8081	18
20.8081	18
20.8111	18
20.8111	18
20.8112	18
20.8112	18
20.8207	18
20.8207	18
20.8208	18
20.8209	18
20.8311	18
20.8311	18
20.8312	18
20.8313	18
20.8313	18
20.8313	18
20.8314	18
20.8579	18
20.858	18
20.858	18
20.8634	18
20.8634	18
20.8634	18
20.8634	18
20.8835	18
20.8835	18
20.8835	18
20.8866	18
20.8866	18
20.8866	18
20.8867	18
20.9133	18
20.9133	18
20.9133	18
20.9134	18
20.9184	18
20.9184	18
20.9184	18
20.9241	18
20.9241	18
20.9241	18
20.9331	18
20.9331	18
20.9332	18
20.9379	18
20.9379	18
20.9414	18
20.9458	18
20.9458	18
20.9458	18
20.9459	18
20.9869	18
20.9869	18
20.9869	18
20.9905	18
20.9905	18
20.9905	18
20.9931	18
20.9931	18
20.9933	18
20.9946	18
20.9946	18
20.9946	18
21.0031	18
21.0058	18
21.0058	18
21.0058	18
21.0059	18
21.0113	18
21.0113	18
21.0113	18
21.0113	18
21.0124	18
21.0125	18
21.0125	18
21.0127	18
21.018	18
21.018	18
21.0181	18
21.0181	18
21.0545	18
21.0545	18
21.0545	18
21.0546	18
21.0566	18
21.0567	18
21.0568	18
21.1069	18
21.1069	18
21.1069	18
21.1384	18
21.1385	18
21.1385	18
21.1481	18
21.1481	18
21.1481	18
21.1483	18
21.1483	18
21.1483	18
21.1557	18
21.1558	18
21.1558	18
21.168	18
21.1682	18
21.1682	18
21.1682	18
21.5784	18
21.5784	18
21.5789	18
22.0357	18
22.0357	18
22.0359	18
22.0714	18
22.0715	18
22.0715	18
22.0715	18
22.0722	18
22.0723	18
22.0723	18
22.0723	18
22.0809	18
22.0809	18
22.0809	18
22.0852	18
22.0853	18
22.0853	18
22.0853	18
22.0899	18
22.09	18
22.1006	18
22.1006	18
22.1006	18
22.1006	18
22.1006	18
22.1196	18
22.1197	18
22.1197	18
22.1198	18
22.1209	18
22.1209	18
22.1209	18
22.1209	18
22.1239	18
22.1239	18
22.1242	18
22.191	18
22.191	18
22.191	18
22.191	18
22.1973	18
22.1973	18
22.1975	18
22.2184	18
22.2305	18
22.2305	18
22.2306	18
22.2306	18
22.2371	18
22.2372	18
22.2372	18
22.2372	18
22.2513	18
22.2514	18
22.2515	18
22.2515	18
22.2525	18
22.2525	18
22.2525	18
22.2767	18
22.2767	18
22.2767	18
22.2767	18
22.2858	18
22.286	18
22.286	18
22.286	18
22.2889	18
22.289	18
22.289	18
22.289	18
24.1718	18
24.1719	18
24.1727	18
24.1727	18
24.1727	18
24.1728	18
24.1734	18
24.203	18
24.203	18
24.203	18
24.2032	18
24.2547	18
24.2559	18
24.2559	18
24.2634	18
24.2707	18
24.2707	18
24.2707	18
24.2777	18
24.2777	18
24.2779	18
24.2874	18
24.2874	18
24.2874	18
24.2874	18
24.2959	18
24.296	18
24.2961	18
24.297	18
24.297	18
24.297	18
24.3214	18
24.3214	18
24.3214	18
24.3215	18
24.3306	18
24.3306	18
24.3306	18
24.3306	18
24.7301	18
24.7302	18
24.7358	18
24.7358	18
24.7359	18
24.7359	18
24.7364	18
24.7364	18
24.7364	18
24.7364	18
24.7368	18
24.7546	18
24.7546	18
24.7547	18
27.0155	18
27.0155	18
27.0156	18
27.0157	18
27.0157	18
27.0157	18
27.0168	18
27.036	18
27.036	18
27.036	18
27.0361	18
27.0422	18
27.1086	18
27.1086	18
27.1086	18
27.1086	18
27.1094	18
27.1094	18
27.1094	18
27.127	18
27.127	18
27.1271	18
27.8742	18
27.8742	18
27.8816	18
27.9011	18
27.9011	18
27.9012	18
27.911	18
27.911	18
27.911	18
27.9267	18
27.9267	18
27.9267	18
27.927	18
27.9302	18
27.9303	18
27.9303	18
27.9303	18
27.9612	18
27.9612	18
27.9613	18
27.9662	18
27.9662	18
27.9662	18
27.9891	18
27.9892	18
27.9892	18
28.0447	18
28.0447	18
28.0448	18
28.0448	18
28.0591	18
28.0593	18
28.0594	18
28.0594	18
28.0731	18
28.0731	18
28.0732	18
28.4204	18
28.4204	18
28.4217	18
28.4467	18
28.4467	18
28.4468	18
28.7246	18
28.7247	18
28.7268	18
28.7409	18
28.7409	18
28.741	18
28.7412	18
28.7734	18
28.7734	18
28.7734	18
28.7734	18
29.0793	18
29.0818	18
29.0819	18
29.086	18
29.7301	18
29.7323	18
29.7323	18
29.738	18
30.7031	18
30.7031	18
30.7093	18
30.7167	18
30.7167	18
30.7167	18
30.7514	18
30.7514	18
30.7514	18
30.7515	18
30.7549	18
30.7549	18
30.755	18
30.7552	18
30.7621	18
30.7621	18
30.7621	18
30.7726	18
30.7727	18
30.7729	18
30.7746	18
30.7746	18
30.7746	18
30.7747	18
30.8052	18
30.8052	18
30.8052	18
30.8103	18
30.8104	18
30.8192	18
30.8193	18
30.8193	18
30.8193	18
30.8351	18
30.8515	18
30.8515	18
30.8516	18
30.8516	18
30.8618	18
30.8618	18
30.8618	18
30.8623	18
30.8623	18
30.8624	18
30.8624	18
30.8624	18
30.8625	18
30.8626	18
30.8626	18
30.8885	18
30.8886	18
30.8886	18
31.9737	18
31.9738	18
31.9739	18
31.9789	18
31.9933	18
31.9933	18
31.9934	18
31.9969	18
31.997	18
31.9971	18
31.9971	18
31.9971	18
31.9979	18
31.9979	18
31.998	18
31.998	18
32.0114	18
32.0114	18
32.0114	18
32.0124	18
32.0126	18
32.0126	18
32.0126	18
32.4159	18
32.416	18
32.4207	18
32.4211	18
32.4352	18
32.4352	18
32.4352	18
32.4352	18
32.4394	18
32.4395	18
32.4395	18
32.9771	18
32.9772	18
32.9774	18
32.9776	18
32.9776	18
32.9776	18
32.9776	18
33.2479	18
33.248	18
33.2531	18
33.5712	18
33.5712	18
33.5721	18
33.5835	18
33.6261	18
33.6261	18
33.6261	18
33.6261	18
34.9565	18
34.9565	18
34.9573	18
35.1524	18
35.1525	18
35.1581	18
35.1756	18
35.1757	18
35.1757	18
35.1836	18
35.1836	18
35.1836	18
35.1836	18
35.1975	18
35.1975	18
35.1977	18
35.1978	18
35.1982	18
35.1982	18
35.1982	18
35.2042	18
35.2042	18
35.2042	18
35.2042	18
35.2259	18
35.2259	18
35.226	18
35.3984	18
35.3985	18
35.3985	18
35.4171	18
35.4171	18
35.4171	18
35.4232	18
35.4232	18
35.4232	18
36.0084	18
36.011	18
36.011	18
36.0923	18
36.0932	18
36.0944	18
36.0945	18
36.0982	18
36.1379	18
36.138	18
36.138	18
36.138	18
36.2685	18
36.2685	18
36.2685	18
36.2739	18
36.274	18
36.274	18
36.274	18
36.2952	18
36.2952	18
36.2953	18
36.2953	18
36.4312	18
36.4312	18
36.4312	18
36.4395	18
36.4862	18
36.4862	18
36.4864	18
36.6031	18
36.6033	18
36.6052	18
36.6312	18
36.6313	18
36.6313	18
36.636	18
36.636	18
36.636	18
36.6361	18
36.6399	18
36.64	18
36.6403	18
36.6523	18
36.6523	18
36.6524	18
36.6524	18
36.663	18
36.663	18
36.663	18
36.6851	18
36.6851	18
36.6852	18
36.6852	18
36.6883	18
36.6883	18
36.6885	18
36.6885	18
36.8719	18
36.8719	18
36.8719	18
36.8949	18
36.895	18
36.895	18
36.895	18
36.8992	18
36.8994	18
36.8994	18
36.8994	18
37.1391	18
37.1392	18
37.1408	18
37.1432	18
37.1432	18
37.1432	18
37.1433	18
37.3535	18
37.3535	18
37.357	18
37.3708	18
37.3709	18
37.3709	18
37.3709	18
37.3738	18
37.3739	18
37.3739	18
37.9205	18
37.9207	18
37.923	18
37.9309	18
37.931	18
37.931	18
37.9443	18
37.9443	18
37.9443	18
37.9443	18
38.1492	18
38.1493	18
38.1501	18
38.1501	18
38.1502	18
38.1502	18
38.1504	18
38.1603	18
38.1603	18
38.1604	18
38.166	18
38.166	18
38.166	18
38.166	18
38.1752	18
38.1752	18
38.1752	18
38.1752	18
38.2051	18
38.2051	18
38.206	18
38.5232	18
38.5232	18
38.5293	18
39.6808	18
39.6809	18
39.6822	18
39.6823	18
39.6823	18
39.6824	18
39.6874	18
40.7897	18
40.7898	18
40.7939	18
41.0347	18
41.0349	18
41.0359	18
41.0697	18
41.0698	18
41.0698	18
41.5159	18
41.5204	18
41.5205	18
41.5242	18
41.6789	18
41.6792	18
41.6859	18
41.6933	18
41.6933	18
41.6933	18
41.742	18
41.742	18
41.7421	18
41.7421	18
41.7724	18
41.7724	18
41.7726	18
41.7726	18
41.8025	18
41.8026	18
41.8026	18
41.8026	18
42.0994	18
42.1001	18
42.1002	18
42.1017	18
42.2828	18
42.2865	18
42.2865	18
42.2912	18
42.4975	18
42.4979	18
42.499	18
42.5039	18
42.504	18
42.504	18
42.5041	18
42.507	18
42.5071	18
42.5071	18
42.5073	18
42.5113	18
42.5114	18
42.5114	18
42.5115	18
42.5727	18
42.5728	18
42.5728	18
42.5728	18
42.5907	18
42.5907	18
42.5908	18
42.5911	18
42.5964	18
42.5965	18
42.6191	18
42.6601	18
42.6601	18
42.6601	18
42.6601	18
42.6601	18
42.8778	18
42.8779	18
42.878	18
42.9193	18
42.9193	18
42.9194	18
42.9195	18
43.9323	18
43.9324	18
43.9329	18
43.9411	18
44.4634	18
44.4639	18
44.4648	18
45.3239	18
45.3239	18
45.3245	18
45.3397	18
45.3397	18
45.3398	18
45.3399	18
47.8619	18
47.862	18
47.862	18
47.8652	18
47.8776	18
47.8777	18
47.8778	18
47.8854	18
47.8855	18
47.8858	18
47.8858	18
47.8895	18
47.8895	18
47.8895	18
47.8895	18
47.8962	18
47.9053	18
47.9053	18
47.9053	18
47.9055	18
47.9055	18
47.9558	18
47.9559	18
47.9591	18
47.9635	18
47.9636	18
47.9636	18
47.9636	18
47.9667	18
47.9668	18
47.9668	18
47.9813	18
47.9814	18
47.9814	18
47.9815	18
48.0015	18
48.0016	18
48.0017	18
48.0017	18
48.347	18
48.3471	18
48.3486	18
48.36	18
48.36	18
48.3603	18
48.3603	18
48.6216	18
48.6246	18
48.6247	18
48.6265	18
48.7019	18
48.702	18
48.702	18
48.8057	18
48.809	18
48.8095	18
48.8133	18
48.8139	18
48.8142	18
48.8158	18
49.0204	18
49.0209	18
49.0226	18
49.7112	18
49.7163	18
49.717	18
49.7193	18
50.0651	18
50.0652	18
50.9282	18
50.9285	18
50.9289	18
50.9362	18
51.1577	18
51.1578	18
51.1604	18
51.1605	18
51.1606	18
51.1609	18
51.1612	18
51.6017	18
51.6018	18
52.0521	18
52.0524	18
52.0524	18
52.0531	18
52.0587	18
52.0587	18
52.0587	18
52.0602	18
52.0602	18
52.0603	18
52.0603	18
52.1925	18
52.1926	18
52.1926	18
52.2092	18
52.2094	18
52.2094	18
53.0037	18
53.0076	18
53.009	18
53.0118	18
53.0596	18
53.0596	18
53.0596	18
53.0597	18
53.0679	18
53.068	18
53.068	18
53.068	18
54.0369	18
54.038	18
54.0389	18
54.0641	18
54.0641	18
54.0642	18
54.0642	18
54.3343	18
54.3343	18
54.3352	18
55.1746	18
55.1757	18
55.1762	18
55.1764	18
55.7559	18
55.7563	18
55.7563	18
55.7597	18
56.1485	18
56.1487	18
56.1488	18
57.0166	18
57.0169	18
57.0265	18
57.256	18
57.2564	18
57.2745	18
57.2745	18
57.2865	18
57.2865	18
57.2866	18
57.2866	18
58.1516	18
58.153	18
58.1533	18
58.1534	18
58.163	18
58.163	18
58.1631	18
58.1632	18
58.1983	18
58.29	18
58.2906	18
58.2907	18
58.2923	18
58.6234	18
58.6235	18
58.6278	18
58.6278	18
58.6342	18
58.6342	18
58.6343	18
58.6343	18
58.6346	18
58.6347	18
58.6349	18
58.635	18
59.0423	18
59.0425	18
59.0428	18
59.2375	18
59.2379	18
59.2383	18
59.2444	18
59.2444	18
59.2444	18
59.2444	18
59.8667	18
59.8667	18
59.8668	18
60.2777	18
60.2779	18
60.2819	18
60.3751	18
60.3752	18
60.376	18
60.3772	18
60.3796	18
60.3797	18
60.3797	18
60.4592	18
60.4593	18
60.46	18
60.4615	18
60.9911	18
60.9913	18
60.9913	18
61.4915	18
61.4917	18
61.4937	18
61.7503	18
61.7504	18
61.7506	18
61.7507	18
61.7587	18
61.7588	18
61.7588	18
61.7588	18
62.8626	18
62.8632	18
62.8653	18
62.8722	18
62.8722	18
62.8723	18
63.0745	18
63.0749	18
63.8988	18
63.8999	18
63.9001	18
63.9047	18
64.0057	18
64.0078	18
64.0098	18
64.0099	18
64.3887	18
64.3888	18
64.3895	18
64.6137	18
64.6137	18
64.6147	18
65.6807	18
65.6829	18
65.6833	18
65.6837	18
65.6848	18
65.6849	18
65.6849	18
65.6849	18
67.86	18
67.86	18
67.8601	18
67.8655	18
68.2561	18
68.2561	18
68.2589	18
69.5464	18
69.5466	18
69.5561	18
69.8506	18
69.8515	18
69.8516	18
69.8558	18
70.5216	18
70.5221	18
70.5235	18
71.997	18
71.9983	18
71.9983	18
73.5628	18
73.563	18
73.5673	18
74.1197	18
74.1198	18
74.1204	18
74.3117	18
74.3121	18
74.3121	18
74.8697	18
74.8705	18
74.8705	18
74.8794	18
74.8794	18
74.8795	18
74.8796	18
74.9485	18
74.9487	18
74.9501	18
75.2567	18
75.258	18
75.2645	18
75.3614	18
75.3628	18
75.3634	18
75.3641	18
75.7501	18
75.7501	18
75.8047	18
75.8053	18
75.8056	18
75.8079	18
76.8584	18
76.859	18
76.8602	18
77.2391	18
77.2394	18
77.2474	18
77.8414	18
77.8416	18
77.8427	18
79.6211	18
79.6222	18
79.7588	18
79.7599	18
79.7607	18
79.7655	18
80.2627	18
80.2627	18
80.2639	18
80.314	18
80.3143	18
80.3143	18
80.385	18
80.3852	18
80.3862	18
80.643	18
80.6431	18
82.201	18
82.2012	18
82.2015	18
82.2031	18
82.2031	18
83.2159	18
83.216	18
83.2171	18
83.585	18
83.5862	18
83.5864	18
83.603	18
83.6031	18
83.6777	18
83.6778	18
83.6817	18
83.9075	18
83.9078	18
83.9127	18
84.5482	18
84.5498	18
84.5503	18
84.5508	18
85.004	18
85.0051	18
85.0059	18
85.273	18
85.2745	18
85.275	18
85.284	18
85.2849	18
85.2892	18
85.2973	18
85.299	18
85.4783	18
85.4819	18
85.4821	18
85.4822	18
85.5009	18
85.5029	18
85.5045	18
85.5053	18
85.5162	18
85.5165	18
85.5194	18
86.4186	18
86.4193	18
86.4227	18
89.034	18
89.0348	18
89.0359	18
89.4425	18
89.445	18
89.4455	18
89.4482	18
90.9876	18
90.9881	18
90.9881	18
92.2006	18
92.2056	18
92.2061	18
92.2097	18
92.7311	18
92.7317	18
92.7317	18
92.8531	18
92.8533	18
92.8533	18
95.13	18
95.1305	18
95.134	18
96.327	18
96.3283	18
96.3283	18
96.9736	18
96.9741	18
96.9748	18
97.0763	18
97.0766	18
97.0766	18
97.5933	18
97.5939	18
97.5978	18
97.7858	18
97.7874	18
97.7884	18
97.8227	18
97.8232	18
97.8235	18
98.998	18
98.9988	18
99.0055	18
99.1181	18
99.1181	18
99.1191	18
99.1191	18
99.7017	18
99.7022	18
99.7027	18
99.9725	18
99.9728	18
99.9769	18
