7.10568e-11	0
7.41126e-10	1
1.02755e-09	2
1.0623e-09	3
1.20044e-09	4
1.54611e-09	5
1.56865e-09	6
1.67813e-09	7
1.72681e-09	8
2.06861e-09	9
2.43026e-09	10
5.14048e-09	11
6.49534e-09	12
9.40062e-09	13
1.02239e-08	14
1.15251e-08	14
1.29917e-08	15
1.78714e-08	16
1.86632e-08	17
1.91381e-08	17
2.04554e-08	18
2.86679e-08	18
3.51882e-08	18
3.58979e-08	18
4.34313e-08	18
4.46034e-08	18
5.59784e-08	18
7.26054e-08	18
7.98885e-08	18
9.30166e-08	18
1.06546e-07	18
1.0817e-07	18
1.091e-07	18
1.17011e-07	18
1.24806e-07	18
1.32127e-07	18
1.34539e-07	18
1.37379e-07	18
1.48042e-07	18
1.54911e-07	18
1.61309e-07	18
1.70121e-07	18
1.7979e-07	18
1.802e-07	18
1.80566e-07	18
1.85962e-07	18
1.99482e-07	18
2.03197e-07	18
2.08858e-07	18
2.08949e-07	18
2.14076e-07	18
2.16351e-07	18
2.25134e-07	18
2.25655e-07	18
2.32669e-07	18
2.47036e-07	18
2.51503e-07	18
2.56335e-07	18
2.62433e-07	18
2.675e-07	18
2.78416e-07	18
3.10265e-07	18
3.14325e-07	18
3.15613e-07	18
3.16018e-07	18
3.18053e-07	18
3.354e-07	18
3.45333e-07	18
3.47494e-07	18
3.53338e-07	18
3.61448e-07	18
3.69488e-07	18
3.87487e-07	18
3.98695e-07	18
3.99504e-07	18
3.99647e-07	18
4.12399e-07	18
4.16654e-07	18
4.29732e-07	18
4.51771e-07	18
4.53396e-07	18
4.5453e-07	18
4.79978e-07	18
4.80305e-07	18
4.82489e-07	18
4.844e-07	18
4.89718e-07	18
4.91995e-07	18
4.95335e-07	18
5.05243e-07	18
5.06189e-07	18
5.12434e-07	18
5.26751e-07	18
5.37197e-07	18
5.37521e-07	18
5.49515e-07	18
5.5618e-07	18
5.57893e-07	18
5.62698e-07	18
5.63334e-07	18
5.65092e-07	18
5.73464e-07	18
5.81786e-07	18
5.85663e-07	18
5.8891e-07	18
6.20841e-07	18
6.20857e-07	18
6.223e-07	18
6.39529e-07	18
6.46283e-07	18
6.46981e-07	18
6.55546e-07	18
6.81646e-07	18
6.88775e-07	18
6.90895e-07	18
6.9467e-07	18
7.01253e-07	18
7.04691e-07	18
7.05395e-07	18
7.09511e-07	18
7.19831e-07	18
7.31761e-07	18
7.58525e-07	18
7.62818e-07	18
7.80409e-07	18
7.83343e-07	18
7.94259e-07	18
7.97403e-07	18
8.15629e-07	18
8.19499e-07	18
8.21821e-07	18
8.24006e-07	18
8.41934e-07	18
8.47855e-07	18
8.55836e-07	18
8.5845e-07	18
8.58887e-07	18
8.62767e-07	18
8.76328e-07	18
8.76465e-07	18
8.79152e-07	18
8.81269e-07	18
8.95735e-07	18
8.98936e-07	18
9.02393e-07	18
9.09445e-07	18
9.24024e-07	18
9.30469e-07	18
9.31602e-07	18
9.33129e-07	18
9.47368e-07	18
9.53927e-07	18
9.59473e-07	18
9.60455e-07	18
9.64298e-07	18
9.67399e-07	18
9.85115e-07	18
9.87138e-07	18
1.00797e-06	18
1.01084e-06	18
1.0551e-06	18
1.06455e-06	18
1.07077e-06	18
1.07811e-06	18
1.08359e-06	18
1.09473e-06	18
1.11094e-06	18
1.11437e-06	18
1.14038e-06	18
1.14208e-06	18
1.16852e-06	18
1.17068e-06	18
1.1786e-06	18
1.188e-06	18
1.18906e-06	18
1.19245e-06	18
1.20804e-06	18
1.23712e-06	18
1.23911e-06	18
1.24623e-06	18
1.25884e-06	18
1.25891e-06	18
1.2632e-06	18
1.26884e-06	18
1.28688e-06	18
1.30041e-06	18
1.31541e-06	18
1.32341e-06	18
1.32473e-06	18
1.33037e-06	18
1.34837e-06	18
1.37131e-06	18
1.37358e-06	18
1.3825e-06	18
1.42134e-06	18
1.42956e-06	18
1.43257e-06	18
1.45987e-06	18
1.47978e-06	18
1.48616e-06	18
1.49967e-06	18
1.51524e-06	18
1.55148e-06	18
1.55349e-06	18
1.59375e-06	18
1.60014e-06	18
1.6043e-06	18
1.60558e-06	18
1.61048e-06	18
1.63382e-06	18
1.64337e-06	18
1.66066e-06	18
1.67844e-06	18
1.68416e-06	18
1.68896e-06	18
1.69642e-06	18
1.69912e-06	18
1.71423e-06	18
1.72122e-06	18
1.7276e-06	18
1.75136e-06	18
1.7664e-06	18
1.7703e-06	18
1.77637e-06	18
1.77703e-06	18
1.77833e-06	18
1.78334e-06	18
1.78667e-06	18
1.79943e-06	18
1.81309e-06	18
1.86505e-06	18
1.88777e-06	18
1.92605e-06	18
1.93078e-06	18
1.94755e-06	18
1.99128e-06	18
1.99395e-06	18
2.01754e-06	18
2.0377e-06	18
2.04174e-06	18
2.05969e-06	18
2.06826e-06	18
2.07214e-06	18
2.08064e-06	18
2.08122e-06	18
2.09142e-06	18
2.10661e-06	18
2.1276e-06	18
2.1743e-06	18
2.18978e-06	18
2.24625e-06	18
2.26932e-06	18
2.2911e-06	18
2.31046e-06	18
2.36629e-06	18
2.39306e-06	18
2.49945e-06	18
2.54294e-06	18
2.59018e-06	18
2.59503e-06	18
2.64658e-06	18
2.71871e-06	18
2.81742e-06	18
2.84328e-06	18
2.85236e-06	18
2.8561e-06	18
2.85656e-06	18
2.87564e-06	18
2.93174e-06	18
2.97313e-06	18
2.97333e-06	18
3.00312e-06	18
3.04599e-06	18
3.05066e-06	18
3.167e-06	18
3.2095e-06	18
3.22056e-06	18
3.26624e-06	18
3.30911e-06	18
3.43304e-06	18
3.45507e-06	18
3.63653e-06	18
3.73453e-06	18
3.73789e-06	18
3.78766e-06	18
3.79219e-06	18
3.82696e-06	18
3.85141e-06	18
3.92081e-06	18
4.08386e-06	18
4.08907e-06	18
4.12442e-06	18
4.1705e-06	18
4.20918e-06	18
4.41825e-06	18
4.48443e-06	18
4.58153e-06	18
4.63151e-06	18
4.68458e-06	18
4.70137e-06	18
4.71276e-06	18
4.75435e-06	18
4.95169e-06	18
5.30867e-06	18
5.72918e-06	18
5.75801e-06	18
5.87753e-06	18
6.30435e-06	18
6.51379e-06	18
6.91832e-06	18
6.93156e-06	18
7.6063e-06	18
7.64376e-06	18
8.17898e-06	18
8.51684e-06	18
8.92419e-06	18
9.27033e-06	18
9.30748e-06	18
9.49053e-06	18
9.82057e-06	18
1.00014e-05	18
1.0165e-05	18
1.07115e-05	18
1.19679e-05	18
1.23712e-05	18
1.24129e-05	18
1.29281e-05	18
1.29344e-05	18
1.32349e-05	18
1.32737e-05	18
1.40541e-05	18
1.43369e-05	18
1.51666e-05	18
1.5184e-05	18
1.52939e-05	18
1.55249e-05	18
1.63774e-05	18
1.68845e-05	18
1.70334e-05	18
1.70573e-05	18
1.71803e-05	18
1.7494e-05	18
1.75281e-05	18
1.78175e-05	18
1.78341e-05	18
1.84563e-05	18
1.99526e-05	18
2.06217e-05	18
2.07687e-05	18
2.16782e-05	18
2.2053e-05	18
2.22465e-05	18
2.34949e-05	18
2.44384e-05	18
2.46631e-05	18
2.47377e-05	18
2.48481e-05	18
2.51014e-05	18
2.59117e-05	18
2.61465e-05	18
2.63792e-05	18
2.63865e-05	18
2.64555e-05	18
2.66709e-05	18
2.77354e-05	18
2.85508e-05	18
2.90437e-05	18
2.93115e-05	18
2.96389e-05	18
2.96705e-05	18
3.00544e-05	18
3.03266e-05	18
3.14087e-05	18
3.34061e-05	18
3.34838e-05	18
3.34918e-05	18
3.35025e-05	18
3.44276e-05	18
3.52209e-05	18
3.55599e-05	18
3.60128e-05	18
3.65414e-05	18
3.6551e-05	18
3.70623e-05	18
3.76664e-05	18
3.78057e-05	18
3.81339e-05	18
3.83102e-05	18
3.84242e-05	18
3.89178e-05	18
3.92876e-05	18
3.95626e-05	18
4.03276e-05	18
4.17164e-05	18
4.28105e-05	18
4.30989e-05	18
4.33227e-05	18
4.34779e-05	18
4.38015e-05	18
4.44036e-05	18
4.47889e-05	18
4.51218e-05	18
4.53127e-05	18
4.80303e-05	18
5.05177e-05	18
5.18835e-05	18
5.19136e-05	18
5.39728e-05	18
5.39797e-05	18
5.43141e-05	18
5.44453e-05	18
5.45292e-05	18
5.46535e-05	18
5.52233e-05	18
5.5696e-05	18
5.57625e-05	18
5.59379e-05	18
5.6811e-05	18
5.69349e-05	18
5.70875e-05	18
5.72599e-05	18
5.90488e-05	18
5.91938e-05	18
5.92004e-05	18
6.03435e-05	18
6.04273e-05	18
6.07201e-05	18
6.21907e-05	18
6.26126e-05	18
6.45896e-05	18
6.47561e-05	18
6.58213e-05	18
6.80993e-05	18
6.83281e-05	18
6.92345e-05	18
6.92565e-05	18
6.97853e-05	18
7.03087e-05	18
7.13407e-05	18
7.13463e-05	18
7.17594e-05	18
7.22425e-05	18
7.3217e-05	18
7.33942e-05	18
7.34236e-05	18
7.44128e-05	18
7.48128e-05	18
7.54714e-05	18
7.569e-05	18
7.6051e-05	18
7.66265e-05	18
7.67215e-05	18
7.70177e-05	18
7.70744e-05	18
7.84842e-05	18
8.11625e-05	18
8.14185e-05	18
8.33089e-05	18
8.33654e-05	18
8.38926e-05	18
8.45019e-05	18
8.8708e-05	18
8.91274e-05	18
9.04158e-05	18
9.0435e-05	18
9.1842e-05	18
9.32834e-05	18
9.37891e-05	18
9.43879e-05	18
9.55162e-05	18
9.59308e-05	18
9.61162e-05	18
9.61313e-05	18
9.64573e-05	18
9.66128e-05	18
9.72001e-05	18
9.83941e-05	18
9.89465e-05	18
0.00010191	18
0.00010202	18
0.000102294	18
0.000104243	18
0.000104597	18
0.000106084	18
0.000106901	18
0.000107292	18
0.000110586	18
0.000111153	18
0.000111301	18
0.00011433	18
0.000119247	18
0.000119873	18
0.000120574	18
0.000128915	18
0.000129387	18
0.000131433	18
0.000132403	18
0.000136858	18
0.000137617	18
0.000141194	18
0.000142567	18
0.000150895	18
0.000154251	18
0.000158511	18
0.00016432	18
0.000173243	18
0.000180922	18
0.000192159	18
0.000195335	18
0.000195993	18
0.000197221	18
0.000201221	18
0.000208865	18
0.000209412	18
0.000219669	18
0.000227938	18
0.000229615	18
0.000230851	18
0.000235303	18
0.000245141	18
0.000248466	18
0.000249337	18
0.000250152	18
0.000251201	18
0.000288284	18
0.000304789	18
0.000308539	18
0.000328107	18
0.000343157	18
0.000353193	18
0.00037055	18
0.000403972	18
0.000458684	18
0.000603751	18
0.000604352	18
0.000605974	18
0.000607897	18
0.000611	18
0.00061147	18
0.000661459	18
0.000663861	18
0.000677084	18
0.000757691	18
0.000758667	18
0.000759255	18
0.000759376	18
0.000760389	18
0.00076054	18
0.000760842	18
0.000777189	18
0.000787256	18
0.000802002	18
0.000802941	18
0.000808124	18
0.000921704	18
0.000973731	18
0.00106167	18
0.00107133	18
0.00120533	18
0.00147448	18
0.00165538	18
0.00165695	18
0.00165767	18
0.0016579	18
0.00209168	18
0.00211552	18
0.00235774	18
0.00304028	18
0.00304083	18
0.00304166	18
0.00304262	18
0.00304275	18
0.00305139	18
0.00306594	18
0.00306704	18
0.00306828	18
0.00307561	18
0.00307855	18
0.00334613	18
0.00364838	18
0.00442232	18
0.00503471	18
0.00503943	18
0.00504288	18
0.00506171	18
0.00506272	18
0.00507004	18
0.00507089	18
0.00507859	18
0.00508923	18
0.00509311	18
0.00509736	18
0.00510484	18
0.00510814	18
0.00511077	18
0.00511129	18
0.00512152	18
0.00513267	18
0.00513841	18
0.0051439	18
0.00515519	18
0.00515921	18
0.00516148	18
0.00516151	18
0.00516835	18
0.0051754	18
0.00518156	18
0.00519134	18
0.00520312	18
0.00520453	18
0.00522104	18
0.00523438	18
0.00523684	18
0.00524781	18
0.00526893	18
0.00527527	18
0.00535152	18
0.00536882	18
0.00536889	18
0.00537481	18
0.00537728	18
0.00539896	18
0.00541016	18
0.00543882	18
0.00568361	18
0.00591904	18
0.00612756	18
0.00619133	18
0.00706737	18
0.00730503	18
0.00739832	18
0.00739852	18
0.00739934	18
0.00739955	18
0.00739959	18
0.00739972	18
0.00739973	18
0.00740024	18
0.0074003	18
0.00740068	18
0.00740092	18
0.00740115	18
0.00740127	18
0.00740175	18
0.00740212	18
0.00740285	18
0.0074029	18
0.00740305	18
0.00740336	18
0.00740342	18
0.0074036	18
0.0074051	18
0.00740516	18
0.00740517	18
0.00740545	18
0.00740629	18
0.00740778	18
0.00740924	18
0.00740995	18
0.00741004	18
0.00741212	18
0.00741336	18
0.00741355	18
0.00741374	18
0.00741861	18
0.00742075	18
0.00742244	18
0.00742322	18
0.00742795	18
0.00742913	18
0.00743358	18
0.0083842	18
0.00838721	18
0.00839665	18
0.00959669	18
0.00959764	18
0.00960577	18
0.00963161	18
0.00993583	18
0.0109413	18
0.0109622	18
0.0113913	18
0.0114381	18
0.0115106	18
0.0115906	18
0.0115913	18
0.0115919	18
0.0115933	18
0.0115946	18
0.0115947	18
0.0115959	18
0.0115962	18
0.011597	18
0.0116013	18
0.0116014	18
0.0116022	18
0.0116038	18
0.0116068	18
0.0116086	18
0.011617	18
0.01162	18
0.0116252	18
0.0116266	18
0.0116697	18
0.0116871	18
0.0117215	18
0.0123722	18
0.0132296	18
0.0132306	18
0.0132311	18
0.013233	18
0.0132375	18
0.0132379	18
0.0132465	18
0.0132517	18
0.0132541	18
0.0132574	18
0.0132691	18
0.013279	18
0.0132896	18
0.0133029	18
0.0133064	18
0.0133755	18
0.0146378	18
0.0146649	18
0.0153299	18
0.0154728	18
0.0156471	18
0.0156488	18
0.0156496	18
0.0156497	18
0.0156509	18
0.015652	18
0.0156549	18
0.015656	18
0.0156573	18
0.0156637	18
0.0156645	18
0.0156745	18
0.0156756	18
0.0157363	18
0.0157435	18
0.0157604	18
0.016373	18
0.0163775	18
0.0163831	18
0.0163867	18
0.0163874	18
0.0163886	18
0.0163908	18
0.0163977	18
0.0164033	18
0.016404	18
0.0164139	18
0.0164264	18
0.016443	18
0.016458	18
0.0164629	18
0.0164652	18
0.0165371	18
0.0165425	18
0.0165451	18
0.0166661	18
0.0167272	18
0.0167321	18
0.0167381	18
0.0168095	18
0.0169514	18
0.0169525	18
0.0169533	18
0.016955	18
0.0169567	18
0.0169587	18
0.0169587	18
0.016959	18
0.0169591	18
0.0169601	18
0.016961	18
0.016962	18
0.0169622	18
0.0169639	18
0.0169643	18
0.0169674	18
0.0169674	18
0.0169682	18
0.0169709	18
0.0169709	18
0.0169712	18
0.0169735	18
0.016976	18
0.0169764	18
0.0169776	18
0.0169791	18
0.0169816	18
0.0169855	18
0.0169911	18
0.0170085	18
0.0171461	18
0.0171762	18
0.0175337	18
0.0175971	18
0.0176378	18
0.0178643	18
0.0182168	18
0.0182171	18
0.0182173	18
0.0182179	18
0.0182195	18
0.0182206	18
0.018221	18
0.0182252	18
0.0182274	18
0.0182287	18
0.0182316	18
0.0182327	18
0.0182336	18
0.0182342	18
0.0182404	18
0.0182459	18
0.0182629	18
0.0182728	18
0.0182962	18
0.0182962	18
0.0188095	18
0.018857	18
0.0188788	18
0.0188796	18
0.0189058	18
0.0189475	18
0.019061	18
0.0191252	18
0.019219	18
0.019285	18
0.0193426	18
0.0195113	18
0.0195297	18
0.0195826	18
0.0196094	18
0.0196475	18
0.0199164	18
0.0202637	18
0.0203869	18
0.020409	18
0.0206176	18
0.0229607	18
0.0229642	18
0.0229954	18
0.0229969	18
0.0233941	18
0.0233941	18
0.0233963	18
0.023397	18
0.0233976	18
0.0233991	18
0.0234004	18
0.0234018	18
0.0234024	18
0.0234026	18
0.0234027	18
0.0234032	18
0.0234051	18
0.0234054	18
0.0234056	18
0.0234064	18
0.0234064	18
0.0234078	18
0.0234085	18
0.0234109	18
0.0234119	18
0.023412	18
0.0234162	18
0.0234176	18
0.0234213	18
0.0234278	18
0.0234288	18
0.0234351	18
0.0234426	18
0.0234474	18
0.0234477	18
0.0234533	18
0.0235466	18
0.0250498	18
0.0250516	18
0.0250529	18
0.0250547	18
0.0250568	18
0.0250595	18
0.0250604	18
0.025062	18
0.0250621	18
0.0250626	18
0.0250629	18
0.0250861	18
0.0251286	18
0.0251416	18
0.0251716	18
0.0251718	18
0.0251722	18
0.0251726	18
0.0251733	18
0.0251735	18
0.0251737	18
0.0251738	18
0.0251738	18
0.0251741	18
0.0251743	18
0.0251743	18
0.0251748	18
0.0251754	18
0.0251755	18
0.0251755	18
0.025176	18
0.0251761	18
0.0251764	18
0.025177	18
0.0251774	18
0.0251775	18
0.0251779	18
0.0251781	18
0.0251788	18
0.0251789	18
0.0251795	18
0.0251797	18
0.0251805	18
0.025181	18
0.0251811	18
0.0251823	18
0.0251833	18
0.025184	18
0.0251849	18
0.0251857	18
0.0251879	18
0.0251928	18
0.0251934	18
0.0251973	18
0.0252056	18
0.0252057	18
0.0252067	18
0.0252073	18
0.0252087	18
0.0252184	18
0.0252198	18
0.0252292	18
0.0252332	18
0.0252388	18
0.0252424	18
0.0252496	18
0.0252884	18
0.0253148	18
0.0253748	18
0.0253903	18
0.0254866	18
0.0254961	18
0.0255147	18
0.0255185	18
0.0255479	18
0.0255703	18
0.0255853	18
0.025631	18
0.0257955	18
0.025817	18
0.0258792	18
0.0258962	18
0.0259082	18
0.0259513	18
0.0259517	18
0.025952	18
0.0259524	18
0.0259524	18
0.0259528	18
0.0259534	18
0.0259535	18
0.0259539	18
0.025954	18
0.0259548	18
0.0259554	18
0.0259554	18
0.0259562	18
0.0259562	18
0.0259566	18
0.0259568	18
0.0259569	18
0.025957	18
0.0259572	18
0.0259574	18
0.0259575	18
0.0259592	18
0.0259598	18
0.02596	18
0.0259602	18
0.0259604	18
0.0259612	18
0.0259622	18
0.0259623	18
0.0259623	18
0.0259627	18
0.0259633	18
0.025964	18
0.0259663	18
0.0259663	18
0.0259668	18
0.0259669	18
0.0259686	18
0.0259696	18
0.0259706	18
0.0259707	18
0.0259709	18
0.0259712	18
0.0259732	18
0.0259744	18
0.0259748	18
0.0259773	18
0.0259799	18
0.0259844	18
0.0259853	18
0.0259871	18
0.0259872	18
0.0259894	18
0.02599	18
0.0259927	18
0.0259935	18
0.0259959	18
0.0260029	18
0.026133	18
0.0265623	18
0.0265625	18
0.0265679	18
0.0265832	18
0.0266065	18
0.0266264	18
0.0266445	18
0.0266936	18
0.0267097	18
0.0267103	18
0.0267163	18
0.0267493	18
0.0267527	18
0.0267618	18
0.0267711	18
0.0268035	18
0.0268063	18
0.0268093	18
0.0269225	18
0.0269384	18
0.0269766	18
0.0269914	18
0.0270056	18
0.0270625	18
0.0270896	18
0.0270898	18
0.0270995	18
0.0271486	18
0.0273213	18
0.0273425	18
0.0273512	18
0.0273522	18
0.0273607	18
0.0273611	18
0.0273684	18
0.0273734	18
0.0273776	18
0.0273865	18
0.0275606	18
0.0275606	18
0.0275607	18
0.0275607	18
0.0275609	18
0.0275609	18
0.027561	18
0.027561	18
0.027561	18
0.0275611	18
0.0275611	18
0.0275612	18
0.0275612	18
0.0275613	18
0.0275613	18
0.0275613	18
0.0275615	18
0.0275615	18
0.0275615	18
0.0275618	18
0.0275619	18
0.0275619	18
0.0275619	18
0.0275621	18
0.0275622	18
0.0275626	18
0.0275628	18
0.027563	18
0.027563	18
0.0275633	18
0.0275633	18
0.0275633	18
0.0275635	18
0.0275636	18
0.0275639	18
0.0275643	18
0.0275643	18
0.0275645	18
0.0275646	18
0.0275649	18
0.027565	18
0.0275651	18
0.0275659	18
0.0275661	18
0.0275664	18
0.0275673	18
0.0275673	18
0.0275673	18
0.0275679	18
0.0275684	18
0.0275685	18
0.0275686	18
0.0275692	18
0.0275694	18
0.0275695	18
0.0275699	18
0.0275707	18
0.0275711	18
0.0275711	18
0.0275729	18
0.0275763	18
0.0275766	18
0.0275776	18
0.0275776	18
0.0275778	18
0.0275783	18
0.0275817	18
0.0275819	18
0.0275821	18
0.0275831	18
0.0275878	18
0.0275886	18
0.02759	18
0.0275918	18
0.0276096	18
0.0276138	18
0.027622	18
0.0276428	18
0.027725	18
0.027756	18
0.0277956	18
0.0280274	18
0.0283573	18
0.0283579	18
0.028358	18
0.0283582	18
0.0283582	18
0.0283582	18
0.0283583	18
0.0283583	18
0.0283584	18
0.0283585	18
0.0283585	18
0.0283589	18
0.0283595	18
0.0283598	18
0.0283598	18
0.02836	18
0.0283603	18
0.0283603	18
0.0283605	18
0.0283611	18
0.0283611	18
0.0283612	18
0.0283615	18
0.0283619	18
0.0283632	18
0.0283633	18
0.028364	18
0.0283646	18
0.0283649	18
0.0283652	18
0.0283653	18
0.0283662	18
0.0283662	18
0.0283665	18
0.0283681	18
0.0283686	18
0.0283689	18
0.02837	18
0.0283703	18
0.0283719	18
0.0283738	18
0.0283741	18
0.0283759	18
0.0283785	18
0.0283787	18
0.0283788	18
0.028379	18
0.0283797	18
0.0283798	18
0.0283798	18
0.0283807	18
0.0283818	18
0.0283867	18
0.0283895	18
0.0283919	18
0.0283933	18
0.0283943	18
0.0283944	18
0.0283946	18
0.0283989	18
0.0284	18
0.0284022	18
0.0284082	18
0.0284115	18
0.0284168	18
0.0284187	18
0.0284218	18
0.0284376	18
0.0284625	18
0.0284765	18
0.0285837	18
0.0286368	18
0.0287227	18
0.0287908	18
0.0293891	18
0.0297232	18
0.0297243	18
0.0297244	18
0.0297246	18
0.029726	18
0.0297262	18
0.0297265	18
0.0297311	18
0.0297357	18
0.0297363	18
0.029739	18
0.0297394	18
0.0297394	18
0.029743	18
0.029745	18
0.0297464	18
0.0297482	18
0.0297632	18
0.0297657	18
0.0297667	18
0.0297887	18
0.0297923	18
0.0297991	18
0.0297998	18
0.0298	18
0.0298003	18
0.0298005	18
0.0298005	18
0.0298007	18
0.0298016	18
0.0298017	18
0.0298017	18
0.0298018	18
0.0298024	18
0.0298024	18
0.0298026	18
0.0298031	18
0.0298032	18
0.0298033	18
0.0298035	18
0.0298046	18
0.029805	18
0.0298052	18
0.0298055	18
0.0298067	18
0.0298068	18
0.0298073	18
0.0298073	18
0.0298074	18
0.0298079	18
0.029808	18
0.0298082	18
0.0298084	18
0.0298087	18
0.029809	18
0.0298096	18
0.0298098	18
0.02981	18
0.0298103	18
0.0298113	18
0.0298115	18
0.0298117	18
0.0298129	18
0.0298147	18
0.0298157	18
0.0298162	18
0.0298185	18
0.0298206	18
0.0298215	18
0.0298216	18
0.0298235	18
0.0298242	18
0.029826	18
0.0298265	18
0.029827	18
0.029828	18
0.0298281	18
0.0298287	18
0.0298288	18
0.0298295	18
0.0298302	18
0.0298324	18
0.0298324	18
0.0298328	18
0.0298341	18
0.0298379	18
0.0298446	18
0.0298462	18
0.0298473	18
0.0298488	18
0.0298514	18
0.0298516	18
0.029852	18
0.0298525	18
0.0298779	18
0.0298833	18
0.0298878	18
0.029888	18
0.0299041	18
0.0299107	18
0.0299403	18
0.0299436	18
0.0299445	18
0.0299701	18
0.0299726	18
0.0299918	18
0.0299983	18
0.0300357	18
0.0300573	18
0.0300577	18
0.0300602	18
0.0301218	18
0.0301683	18
0.0301901	18
0.0302068	18
0.0302199	18
0.0302568	18
0.0303143	18
0.0303151	18
0.0303478	18
0.0304675	18
0.0305127	18
0.0305643	18
0.0305824	18
0.0306162	18
0.0306488	18
0.0307479	18
0.0307888	18
0.0307962	18
0.0308717	18
0.0308998	18
0.0309985	18
0.0310603	18
0.0311564	18
0.0312457	18
0.0313326	18
0.0313973	18
0.0314884	18
0.0314909	18
0.0324499	18
0.0327383	18
0.032742	18
0.0327421	18
0.0327432	18
0.032749	18
0.0327518	18
0.0327628	18
0.0327638	18
0.0327645	18
0.0327646	18
0.0327716	18
0.0327765	18
0.032779	18
0.03278	18
0.0327835	18
0.0327858	18
0.0327874	18
0.0327878	18
0.0327955	18
0.0327978	18
0.0328024	18
0.0328043	18
0.0328058	18
0.0328177	18
0.0328202	18
0.0328214	18
0.0328406	18
0.032848	18
0.0328514	18
0.0328516	18
0.0328529	18
0.0328557	18
0.0328565	18
0.0328601	18
0.0328648	18
0.0328657	18
0.032866	18
0.0328698	18
0.0328728	18
0.0328778	18
0.0328794	18
0.0328861	18
0.0328891	18
0.0328925	18
0.0328973	18
0.0328984	18
0.0329002	18
0.03291	18
0.032924	18
0.0329248	18
0.0329263	18
0.0329587	18
0.0329722	18
0.0329778	18
0.0329862	18
0.032991	18
0.0330015	18
0.0330042	18
0.0330343	18
0.0330359	18
0.03304	18
0.0330404	18
0.0330467	18
0.0330502	18
0.0330527	18
0.0330815	18
0.0330833	18
0.0330877	18
0.0330924	18
0.0330967	18
0.0331018	18
0.0331087	18
0.033113	18
0.0331323	18
0.0331401	18
0.0331506	18
0.0332003	18
0.0332025	18
0.0332036	18
0.0332376	18
0.0332384	18
0.0332501	18
0.0332525	18
0.0332643	18
0.0332678	18
0.0332745	18
0.0332847	18
0.033305	18
0.0333353	18
0.0333361	18
0.0333534	18
0.0333539	18
0.0333807	18
0.0334065	18
0.0334177	18
0.0334315	18
0.0334391	18
0.0334617	18
0.0335196	18
0.0335254	18
0.033536	18
0.0335461	18
0.0335597	18
0.0336142	18
0.0336501	18
0.0336785	18
0.0337289	18
0.0337549	18
0.0337761	18
0.0337769	18
0.0337905	18
0.0337993	18
0.0338314	18
0.0338353	18
0.0338356	18
0.033836	18
0.0338361	18
0.0338363	18
0.0338381	18
0.0338407	18
0.0338418	18
0.0338434	18
0.0338484	18
0.0338496	18
0.0338532	18
0.0338567	18
0.0338594	18
0.0338722	18
0.033892	18
0.0339119	18
0.0339162	18
0.0339191	18
0.0339301	18
0.0339313	18
0.0339617	18
0.0341471	18
0.0341525	18
0.0341598	18
0.0341663	18
0.0341739	18
0.0341933	18
0.034211	18
0.0342341	18
0.0342379	18
0.0342441	18
0.0342562	18
0.0342694	18
0.0342826	18
0.0343311	18
0.0343409	18
0.0343417	18
0.0343601	18
0.0343836	18
0.0344069	18
0.0344227	18
0.0344335	18
0.034441	18
0.0345037	18
0.0345557	18
0.034561	18
0.0345669	18
0.034609	18
0.0346107	18
0.0346136	18
0.0346375	18
0.0346444	18
0.0346449	18
0.0346469	18
0.0347066	18
0.034746	18
0.034906	18
0.0349281	18
0.0349576	18
0.0350408	18
0.0350624	18
0.0350753	18
0.0351902	18
0.0353667	18
0.0354505	18
0.0355928	18
0.0360728	18
0.036077	18
0.0362454	18
0.0366433	18
0.0366436	18
0.0366508	18
0.0366622	18
0.0366633	18
0.0366828	18
0.0366927	18
0.0366995	18
0.0367028	18
0.0367048	18
0.0367058	18
0.0367075	18
0.0367099	18
0.0367189	18
0.0367267	18
0.0367357	18
0.0367391	18
0.0367454	18
0.036776	18
0.0367896	18
0.0367963	18
0.0368042	18
0.0368132	18
0.0368298	18
0.0368444	18
0.0368516	18
0.0368518	18
0.0368704	18
0.0368838	18
0.036888	18
0.0369007	18
0.0369201	18
0.0369272	18
0.0369557	18
0.0369648	18
0.0370004	18
0.0370133	18
0.0370841	18
0.0371534	18
0.0371797	18
0.0371844	18
0.0372098	18
0.0373338	18
0.037433	18
0.0375366	18
0.0375367	18
0.0375367	18
0.0375367	18
0.0375368	18
0.0375374	18
0.0375374	18
0.0375375	18
0.0375376	18
0.0375377	18
0.0375377	18
0.0375378	18
0.0375381	18
0.0375382	18
0.0375383	18
0.0375383	18
0.0375386	18
0.0375387	18
0.0375388	18
0.0375388	18
0.037539	18
0.0375391	18
0.0375395	18
0.0375397	18
0.0375399	18
0.0375401	18
0.0375402	18
0.0375404	18
0.0375404	18
0.0375408	18
0.0375409	18
0.0375411	18
0.0375412	18
0.0375413	18
0.0375416	18
0.0375419	18
0.037542	18
0.0375422	18
0.0375423	18
0.0375424	18
0.0375431	18
0.0375432	18
0.0375434	18
0.0375437	18
0.037544	18
0.0375441	18
0.0375445	18
0.0375454	18
0.0375458	18
0.0375459	18
0.0375466	18
0.0375467	18
0.0375479	18
0.0375481	18
0.0375485	18
0.0375486	18
0.0375503	18
0.0375508	18
0.0375518	18
0.0375543	18
0.0375562	18
0.0375581	18
0.0375605	18
0.0375606	18
0.0375621	18
0.037563	18
0.0375636	18
0.0375645	18
0.0375648	18
0.0375663	18
0.0375676	18
0.0375764	18
0.0376347	18
0.0376429	18
0.037698	18
0.0377093	18
0.0377265	18
0.0379324	18
0.0379457	18
0.0381349	18
0.038136	18
0.038139	18
0.0381475	18
0.0381586	18
0.0381595	18
0.0381677	18
0.0381689	18
0.0381809	18
0.0381895	18
0.0382058	18
0.0382277	18
0.0386667	18
0.0389834	18
0.0392164	18
0.0392164	18
0.0392167	18
0.0392168	18
0.039217	18
0.0392171	18
0.0392171	18
0.0392174	18
0.0392177	18
0.0392177	18
0.0392187	18
0.0392191	18
0.0392193	18
0.0392196	18
0.0392196	18
0.0392197	18
0.0392197	18
0.0392203	18
0.0392204	18
0.0392206	18
0.0392206	18
0.0392209	18
0.0392209	18
0.0392211	18
0.0392212	18
0.0392214	18
0.0392222	18
0.0392222	18
0.0392234	18
0.0392235	18
0.0392242	18
0.0392247	18
0.0392253	18
0.0392255	18
0.0392262	18
0.0392265	18
0.0392267	18
0.0392283	18
0.0392303	18
0.0392304	18
0.0392305	18
0.0392308	18
0.0392309	18
0.0392314	18
0.0392322	18
0.039233	18
0.0392352	18
0.0392357	18
0.039238	18
0.0392414	18
0.039253	18
0.0392542	18
0.0392553	18
0.0392623	18
0.0392625	18
0.0392629	18
0.0392644	18
0.039428	18
0.0398491	18
0.0401148	18
0.0401152	18
0.0401159	18
0.040116	18
0.0401162	18
0.040117	18
0.0401174	18
0.0401174	18
0.040118	18
0.0401185	18
0.0401188	18
0.0401189	18
0.0401191	18
0.0401193	18
0.0401195	18
0.0401196	18
0.0401197	18
0.0401204	18
0.040121	18
0.0401213	18
0.0401214	18
0.0401216	18
0.0401216	18
0.0401219	18
0.0401221	18
0.0401227	18
0.0401236	18
0.0401239	18
0.0401249	18
0.0401261	18
0.0401268	18
0.040127	18
0.0401276	18
0.0401278	18
0.0401284	18
0.0401292	18
0.0401305	18
0.0401313	18
0.0401361	18
0.0401363	18
0.0401379	18
0.0401389	18
0.0401432	18
0.0401444	18
0.0401521	18
0.0401546	18
0.0401568	18
0.0401644	18
0.040166	18
0.0401684	18
0.0401837	18
0.0401894	18
0.0402005	18
0.0402592	18
0.0404498	18
0.0421137	18
0.0421138	18
0.0421138	18
0.042114	18
0.0421143	18
0.0421146	18
0.0421148	18
0.0421149	18
0.0421152	18
0.042127	18
0.0421448	18
0.0421502	18
0.0421664	18
0.0421888	18
0.0422064	18
0.0422279	18
0.0422355	18
0.0422479	18
0.0422835	18
0.0422902	18
0.0423475	18
0.0423494	18
0.0423536	18
0.042384	18
0.0423843	18
0.0423846	18
0.0423855	18
0.0423857	18
0.0423859	18
0.0423886	18
0.042389	18
0.0423947	18
0.0423974	18
0.0423984	18
0.0423998	18
0.0424005	18
0.0424018	18
0.0424022	18
0.042403	18
0.0424065	18
0.0424065	18
0.0424104	18
0.0424104	18
0.0424155	18
0.0424167	18
0.0424225	18
0.0424396	18
0.0424481	18
0.0424641	18
0.0424807	18
0.0425287	18
0.0425572	18
0.0425818	18
0.0425851	18
0.0426057	18
0.0426092	18
0.0428956	18
0.0429126	18
0.0430182	18
0.0430765	18
0.043128	18
0.0432088	18
0.0432089	18
0.0432093	18
0.0432098	18
0.04321	18
0.0432102	18
0.0432109	18
0.0432113	18
0.0432113	18
0.0432115	18
0.0432134	18
0.0432137	18
0.0432138	18
0.0432142	18
0.0432144	18
0.0432146	18
0.0432156	18
0.0432163	18
0.0432176	18
0.0432177	18
0.0432191	18
0.0432198	18
0.0432199	18
0.0432216	18
0.0432241	18
0.0432259	18
0.0432278	18
0.0432279	18
0.0432289	18
0.0432299	18
0.0432301	18
0.0432317	18
0.0432339	18
0.0432447	18
0.0432468	18
0.0432586	18
0.0432602	18
0.0432618	18
0.0432667	18
0.0432706	18
0.0432777	18
0.0432847	18
0.0432891	18
0.0433295	18
0.0434007	18
0.0437969	18
0.0438072	18
0.043954	18
0.0440211	18
0.0441154	18
0.0441949	18
0.0441958	18
0.0441965	18
0.044198	18
0.0442001	18
0.044201	18
0.0442018	18
0.044202	18
0.0442022	18
0.0442028	18
0.044203	18
0.0442033	18
0.0442041	18
0.0442049	18
0.0442056	18
0.0442062	18
0.0442067	18
0.0442067	18
0.0442089	18
0.0442096	18
0.0442162	18
0.0442165	18
0.0442172	18
0.0442205	18
0.0442212	18
0.0442305	18
0.0442406	18
0.044243	18
0.0442583	18
0.0442665	18
0.0442697	18
0.0442791	18
0.0442828	18
0.0443107	18
0.0443113	18
0.044312	18
0.0443125	18
0.0443155	18
0.0443187	18
0.0443205	18
0.0443207	18
0.0443221	18
0.0443235	18
0.0443253	18
0.0443296	18
0.0443304	18
0.0443324	18
0.0443356	18
0.0443668	18
0.0443679	18
0.044381	18
0.0443826	18
0.0443861	18
0.0443869	18
0.04439	18
0.0444446	18
0.0444485	18
0.0444923	18
0.0444938	18
0.0445146	18
0.0445416	18
0.0445808	18
0.0446598	18
0.044668	18
0.0447676	18
0.0448159	18
0.0448269	18
0.044891	18
0.0449269	18
0.0449523	18
0.045001	18
0.0450198	18
0.0450921	18
0.0450992	18
0.0452946	18
0.0453256	18
0.0454785	18
0.0457405	18
0.0457509	18
0.0457897	18
0.0462694	18
0.0471188	18
0.0483861	18
0.0483877	18
0.0483878	18
0.0483878	18
0.0483887	18
0.0483896	18
0.0483898	18
0.0483907	18
0.0483913	18
0.0483913	18
0.0483914	18
0.0483917	18
0.0483918	18
0.0483924	18
0.0483928	18
0.0483935	18
0.0483938	18
0.048394	18
0.0483967	18
0.0483979	18
0.0483979	18
0.0483993	18
0.0484002	18
0.0484031	18
0.0484044	18
0.0484109	18
0.0484146	18
0.0484237	18
0.0484288	18
0.0484337	18
0.0485131	18
0.0485845	18
0.0485847	18
0.0485857	18
0.048587	18
0.048588	18
0.0485912	18
0.0485924	18
0.0485991	18
0.0486021	18
0.0486054	18
0.0486085	18
0.0486096	18
0.0486145	18
0.04862	18
0.048632	18
0.0509007	18
0.050901	18
0.0509021	18
0.0509021	18
0.0509026	18
0.0509028	18
0.050903	18
0.0509055	18
0.0509056	18
0.0509057	18
0.0509067	18
0.0509075	18
0.0509079	18
0.0509086	18
0.0509092	18
0.0509128	18
0.0509136	18
0.0509143	18
0.0509158	18
0.0509163	18
0.0509165	18
0.0509196	18
0.0509198	18
0.0509213	18
0.0509268	18
0.0509269	18
0.0509292	18
0.0509334	18
0.050938	18
0.0509396	18
0.0509399	18
0.0509459	18
0.0509485	18
0.0511165	18
0.0511423	18
0.0512008	18
0.0512239	18
0.0547445	18
0.0547472	18
0.0547506	18
0.0547841	18
0.0547868	18
0.0547931	18
0.0548612	18
0.0560592	18
0.0560911	18
0.0561266	18
0.0561601	18
0.0562028	18
0.0566829	18
0.0569346	18
0.0569384	18
0.0569393	18
0.0569718	18
0.0586368	18
0.0586373	18
0.0586382	18
0.058642	18
0.0586439	18
0.0586457	18
0.0586497	18
0.0586535	18
0.058655	18
0.058662	18
0.0586637	18
0.0586669	18
0.0586675	18
0.0586696	18
0.0587051	18
0.0587123	18
0.0587151	18
0.0588619	18
0.0588825	18
0.0590282	18
0.05944	18
0.0594412	18
0.0594475	18
0.0595101	18
0.0595144	18
0.061019	18
0.0610398	18
0.0610401	18
0.0610428	18
0.0614429	18
0.0623688	18
0.0624316	18
0.0638297	18
0.0639887	18
0.0639924	18
0.0651695	18
0.0651755	18
0.0651846	18
0.0651889	18
0.0692085	18
0.0692331	18
0.069287	18
0.0692959	18
0.069298	18
0.069299	18
0.0722464	18
0.0722509	18
0.0722601	18
0.0722643	18
0.0723964	18
0.072401	18
0.0724184	18
0.0726836	18
0.0734785	18
0.0734836	18
0.0734844	18
0.073502	18
0.0735348	18
0.0735545	18
0.0736615	18
0.0736798	18
0.0737618	18
0.0737943	18
0.0737954	18
0.0737977	18
0.073799	18
0.0738011	18
0.0738064	18
0.0738435	18
0.073844	18
0.0738475	18
0.0738598	18
0.0738613	18
0.0746075	18
0.0746154	18
0.0746159	18
0.0746456	18
0.0746857	18
0.0746859	18
0.0747768	18
0.0805915	18
0.0805925	18
0.0805927	18
0.0805977	18
0.0805979	18
0.0813121	18
0.083207	18
0.0834436	18
0.0834637	18
0.0845456	18
0.0845515	18
0.0845627	18
0.0860212	18
0.0861025	18
0.0861087	18
0.0871248	18
0.0887241	18
0.0887248	18
0.0887251	18
0.0887274	18
0.088731	18
0.0887339	18
0.0887454	18
0.0887513	18
0.0887514	18
0.0887572	18
0.0887577	18
0.0887831	18
0.0887914	18
0.0888134	18
0.0888241	18
0.0888559	18
0.0892643	18
0.089269	18
0.0892693	18
0.0892697	18
0.08927	18
0.0892734	18
0.089275	18
0.089276	18
0.0893191	18
0.0893233	18
0.0905294	18
0.0905318	18
0.090534	18
0.0910919	18
0.0911231	18
0.0911768	18
0.0941585	18
0.0941592	18
0.0941598	18
0.0945824	18
0.0946841	18
0.0946852	18
0.0961423	18
0.0961521	18
0.0961556	18
0.0984628	18
0.0984929	18
0.098494	18
0.0987921	18
0.0988123	18
0.0988133	18
0.0988141	18
0.100513	18
0.10056	18
0.100613	18
0.100613	18
0.101715	18
0.101762	18
0.105764	18
0.105833	18
0.106777	18
0.107691	18
0.107703	18
0.107705	18
0.107828	18
0.108492	18
0.108512	18
0.108517	18
0.108553	18
0.11868	18
0.11868	18
0.11868	18
0.11868	18
0.118681	18
0.118682	18
0.118768	18
0.118772	18
0.119275	18
0.119282	18
0.119284	18
0.12163	18
0.121632	18
0.121639	18
0.121942	18
0.121953	18
0.122101	18
0.123523	18
0.123534	18
0.123602	18
0.123602	18
0.126199	18
0.1262	18
0.126215	18
0.126219	18
0.133341	18
0.133342	18
0.133342	18
0.135989	18
0.13601	18
0.13601	18
0.139345	18
0.139346	18
0.139352	18
0.139354	18
0.139644	18
0.139712	18
0.139713	18
0.139749	18
0.13976	18
0.143692	18
0.143703	18
0.143711	18
0.147213	18
0.147213	18
0.147238	18
0.14724	18
0.147242	18
0.147245	18
0.147247	18
0.147434	18
0.147594	18
0.147594	18
0.149287	18
0.14931	18
0.149316	18
0.151595	18
0.151598	18
0.151671	18
0.15168	18
0.153579	18
0.15377	18
0.153786	18
0.153786	18
0.153833	18
0.155163	18
0.155168	18
0.155171	18
0.156889	18
0.156906	18
0.15696	18
0.156962	18
0.156966	18
0.158177	18
0.158191	18
0.158198	18
0.158371	18
0.158443	18
0.158446	18
0.160252	18
0.160303	18
0.160315	18
0.160315	18
0.160499	18
0.160506	18
0.160981	18
0.161015	18
0.161015	18
0.162559	18
0.164728	18
0.164782	18
0.164782	18
0.1685	18
0.1685	18
0.168501	18
0.16852	18
0.168533	18
0.168536	18
0.168563	18
0.168565	18
0.169672	18
0.1697	18
0.169705	18
0.172464	18
0.1737	18
0.173701	18
0.173716	18
0.173724	18
0.176898	18
0.176899	18
0.1769	18
0.176941	18
0.176943	18
0.178378	18
0.178408	18
0.178431	18
0.179019	18
0.179069	18
0.17942	18
0.17943	18
0.179488	18
0.179838	18
0.179839	18
0.180044	18
0.183221	18
0.183222	18
0.183223	18
0.183228	18
0.18325	18
0.183252	18
0.185087	18
0.185267	18
0.185267	18
0.192742	18
0.195134	18
0.195134	18
0.195168	18
0.195169	18
0.200717	18
0.200717	18
0.200718	18
0.200893	18
0.200893	18
0.20152	18
0.201566	18
0.201567	18
0.202324	18
0.202332	18
0.202346	18
0.202349	18
0.203733	18
0.203845	18
0.203846	18
0.205049	18
0.205055	18
0.205056	18
0.205668	18
0.205713	18
0.205717	18
0.210922	18
0.210923	18
0.210948	18
0.21095	18
0.211122	18
0.211136	18
0.212259	18
0.212262	18
0.222086	18
0.222087	18
0.222087	18
0.222105	18
0.222107	18
0.22359	18
0.223686	18
0.223689	18
0.224639	18
0.224647	18
0.22465	18
0.225323	18
0.226227	18
0.228293	18
0.228293	18
0.22844	18
0.228634	18
0.228641	18
0.228652	18
0.228699	18
0.230466	18
0.23047	18
0.230538	18
0.233876	18
0.233921	18
0.233923	18
0.233975	18
0.233979	18
0.234179	18
0.235481	18
0.235483	18
0.241666	18
0.247517	18
0.247532	18
0.24826	18
0.2483	18
0.248474	18
0.248475	18
0.252638	18
0.252641	18
0.252657	18
0.252659	18
0.252664	18
0.252667	18
0.253818	18
0.253895	18
0.253897	18
0.258162	18
0.258212	18
0.258237	18
0.260792	18
0.260811	18
0.265389	18
0.265389	18
0.26539	18
0.265392	18
0.26544	18
0.265462	18
0.265463	18
0.266011	18
0.267263	18
0.267269	18
0.267273	18
0.267326	18
0.267326	18
0.272698	18
0.27273	18
0.27273	18
0.273859	18
0.274055	18
0.274056	18
0.27795	18
0.279282	18
0.279353	18
0.281439	18
0.281442	18
0.281554	18
0.281556	18
0.281571	18
0.282732	18
0.282733	18
0.282737	18
0.283863	18
0.283864	18
0.283872	18
0.283873	18
0.283955	18
0.283955	18
0.283957	18
0.283975	18
0.283993	18
0.283993	18
0.284056	18
0.284057	18
0.287006	18
0.28711	18
0.287116	18
0.290278	18
0.290285	18
0.290289	18
0.290527	18
0.290572	18
0.290575	18
0.295662	18
0.295662	18
0.295721	18
0.295722	18
0.29573	18
0.295745	18
0.295808	18
0.304639	18
0.304647	18
0.307288	18
0.307288	18
0.307308	18
0.307327	18
0.308854	18
0.308894	18
0.308895	18
0.308904	18
0.308919	18
0.310575	18
0.310587	18
0.310618	18
0.312087	18
0.312098	18
0.312099	18
0.318656	18
0.318657	18
0.318713	18
0.318718	18
0.318718	18
0.318919	18
0.319021	18
0.319055	18
0.319056	18
0.320444	18
0.320465	18
0.320471	18
0.320481	18
0.320489	18
0.320493	18
0.320524	18
0.320555	18
0.320558	18
0.321125	18
0.325344	18
0.325347	18
0.32536	18
0.325512	18
0.325512	18
0.333358	18
0.333359	18
0.333362	18
0.333377	18
0.333396	18
0.33343	18
0.333825	18
0.333826	18
0.339518	18
0.339521	18
0.339611	18
0.339612	18
0.3397	18
0.342439	18
0.342439	18
0.342445	18
0.342446	18
0.344142	18
0.344209	18
0.34421	18
0.344241	18
0.344246	18
0.344784	18
0.345402	18
0.345417	18
0.345493	18
0.347065	18
0.347107	18
0.34711	18
0.357847	18
0.357847	18
0.357875	18
0.35788	18
0.359287	18
0.359295	18
0.359297	18
0.359322	18
0.359327	18
0.366447	18
0.366516	18
0.366518	18
0.373413	18
0.373494	18
0.373552	18
0.373556	18
0.376455	18
0.380683	18
0.38069	18
0.38069	18
0.388346	18
0.388346	18
0.388377	18
0.388379	18
0.388469	18
0.38847	18
0.389755	18
0.391701	18
0.391734	18
0.397231	18
0.397239	18
0.397244	18
0.397286	18
0.397308	18
0.400205	18
0.400253	18
0.400286	18
0.401647	18
0.401724	18
0.401743	18
0.402131	18
0.402138	18
0.402149	18
0.402994	18
0.403001	18
0.404659	18
0.404667	18
0.404694	18
0.412193	18
0.412193	18
0.412195	18
0.412198	18
0.412211	18
0.43136	18
0.431365	18
0.431374	18
0.444576	18
0.444576	18
0.444576	18
0.444578	18
0.44458	18
0.444663	18
0.444844	18
0.444845	18
0.450038	18
0.450039	18
0.450053	18
0.450054	18
0.453244	18
0.453332	18
0.453332	18
0.454725	18
0.45525	18
0.455254	18
0.45668	18
0.456684	18
0.456691	18
0.469951	18
0.469953	18
0.469954	18
0.470042	18
0.470046	18
0.470091	18
0.47096	18
0.470966	18
0.471132	18
0.472822	18
0.472825	18
0.472836	18
0.472847	18
0.472945	18
0.472947	18
0.473143	18
0.473461	18
0.473479	18
0.473484	18
0.473484	18
0.475005	18
0.475149	18
0.47515	18
0.479141	18
0.479142	18
0.479169	18
0.479169	18
0.479171	18
0.481926	18
0.481927	18
0.481927	18
0.482063	18
0.482064	18
0.484502	18
0.488861	18
0.488862	18
0.488864	18
0.488945	18
0.488973	18
0.488973	18
0.490995	18
0.491038	18
0.491043	18
0.491043	18
0.491905	18
0.492032	18
0.492033	18
0.497685	18
0.506182	18
0.50619	18
0.507041	18
0.507041	18
0.507051	18
0.507194	18
0.507195	18
0.509212	18
0.509311	18
0.509314	18
0.510757	18
0.510765	18
0.510765	18
0.510775	18
0.512287	18
0.512425	18
0.517057	18
0.517058	18
0.517066	18
0.517067	18
0.517067	18
0.520008	18
0.520015	18
0.520015	18
0.520035	18
0.52004	18
0.520539	18
0.520634	18
0.520676	18
0.520676	18
0.525472	18
0.525498	18
0.5255	18
0.525501	18
0.525503	18
0.525511	18
0.525519	18
0.525521	18
0.526027	18
0.526117	18
0.526121	18
0.528779	18
0.532441	18
0.53505	18
0.535059	18
0.535116	18
0.53512	18
0.535238	18
0.542093	18
0.542097	18
0.542109	18
0.54211	18
0.544363	18
0.544461	18
0.544464	18
0.546128	18
0.546152	18
0.546154	18
0.546353	18
0.546364	18
0.552318	18
0.552363	18
0.552366	18
0.552387	18
0.552387	18
0.555439	18
0.55678	18
0.556959	18
0.557754	18
0.557776	18
0.557838	18
0.557838	18
0.558502	18
0.558538	18
0.558539	18
0.562018	18
0.562024	18
0.562024	18
0.562091	18
0.562093	18
0.564918	18
0.565032	18
0.565034	18
0.565166	18
0.565228	18
0.565231	18
0.571197	18
0.571219	18
0.571228	18
0.574012	18
0.574013	18
0.574079	18
0.57408	18
0.575441	18
0.575512	18
0.575543	18
0.576355	18
0.576376	18
0.57638	18
0.582999	18
0.583029	18
0.58303	18
0.584075	18
0.584132	18
0.584136	18
0.585184	18
0.585185	18
0.585186	18
0.585194	18
0.585763	18
0.58584	18
0.585842	18
0.58656	18
0.58656	18
0.58659	18
0.586599	18
0.588623	18
0.588674	18
0.588686	18
0.601414	18
0.601454	18
0.601473	18
0.602212	18
0.602236	18
0.602239	18
0.602301	18
0.60807	18
0.60807	18
0.608071	18
0.608139	18
0.609549	18
0.609565	18
0.609569	18
0.609608	18
0.623774	18
0.624941	18
0.625542	18
0.625545	18
0.625576	18
0.625577	18
0.62727	18
0.627885	18
0.62789	18
0.62836	18
0.628367	18
0.630173	18
0.63024	18
0.630241	18
0.631471	18
0.63152	18
0.63152	18
0.640285	18
0.640442	18
0.640729	18
0.640821	18
0.640821	18
0.654485	18
0.654485	18
0.654486	18
0.654512	18
0.654515	18
0.654599	18
0.654606	18
0.654715	18
0.654994	18
0.654997	18
0.655058	18
0.671098	18
0.671098	18
0.671104	18
0.671104	18
0.671835	18
0.671862	18
0.671867	18
0.671887	18
0.675115	18
0.675173	18
0.675176	18
0.675191	18
0.682398	18
0.682399	18
0.682403	18
0.682479	18
0.683282	18
0.683286	18
0.683287	18
0.686424	18
0.686426	18
0.686427	18
0.688978	18
0.689029	18
0.689036	18
0.695674	18
0.695715	18
0.695743	18
0.695752	18
0.708986	18
0.708987	18
0.709064	18
0.709245	18
0.714812	18
0.714919	18
0.714919	18
0.715586	18
0.715662	18
0.715662	18
0.719699	18
0.719703	18
0.719703	18
0.721508	18
0.721518	18
0.721518	18
0.723236	18
0.723314	18
0.723314	18
0.726872	18
0.726878	18
0.72688	18
0.729461	18
0.729462	18
0.729488	18
0.729488	18
0.731099	18
0.731111	18
0.731123	18
0.731124	18
0.739197	18
0.739198	18
0.739208	18
0.739209	18
0.742257	18
0.742289	18
0.742291	18
0.744981	18
0.745059	18
0.745059	18
0.746013	18
0.746116	18
0.746116	18
0.749853	18
0.756582	18
0.756587	18
0.764529	18
0.764529	18
0.764539	18
0.764557	18
0.772834	18
0.772836	18
0.77284	18
0.772914	18
0.772915	18
0.773957	18
0.774349	18
0.774363	18
0.774385	18
0.774399	18
0.774399	18
0.779269	18
0.780399	18
0.780405	18
0.780481	18
0.780542	18
0.780544	18
0.780698	18
0.780708	18
0.78071	18
0.782282	18
0.782285	18
0.782286	18
0.783006	18
0.783014	18
0.783074	18
0.783079	18
0.785003	18
0.785844	18
0.785846	18
0.794707	18
0.799767	18
0.799769	18
0.799813	18
0.79983	18
0.799834	18
0.802325	18
0.80661	18
0.806617	18
0.80662	18
0.812528	18
0.812538	18
0.812542	18
0.812544	18
0.822981	18
0.822983	18
0.823087	18
0.823124	18
0.823152	18
0.823155	18
0.823202	18
0.82926	18
0.82994	18
0.831016	18
0.831016	18
0.831037	18
0.831037	18
0.831067	18
0.831067	18
0.831765	18
0.831793	18
0.831794	18
0.832113	18
0.832114	18
0.832226	18
0.832231	18
0.834562	18
0.834584	18
0.834587	18
0.836112	18
0.836335	18
0.836337	18
0.838685	18
0.838693	18
0.838696	18
0.841412	18
0.841419	18
0.841485	18
0.841491	18
0.84207	18
0.842081	18
0.842081	18
0.842393	18
0.846803	18
0.850525	18
0.850543	18
0.870082	18
0.870102	18
0.870114	18
0.870208	18
0.870236	18
0.870238	18
0.880657	18
0.880658	18
0.880737	18
0.880738	18
0.892407	18
0.892412	18
0.892427	18
0.892563	18
0.892564	18
0.898661	18
0.898884	18
0.898884	18
0.898885	18
0.899638	18
0.89967	18
0.899671	18
0.903659	18
0.903686	18
0.903686	18
0.903748	18
0.903749	18
0.90837	18
0.908408	18
0.908412	18
0.910706	18
0.910831	18
0.910839	18
0.910959	18
0.911147	18
0.911151	18
0.911247	18
0.911249	18
0.91125	18
0.911254	18
0.913389	18
0.926889	18
0.926924	18
0.932939	18
0.932966	18
0.932968	18
0.935867	18
0.936937	18
0.936979	18
0.937107	18
0.937111	18
0.942028	18
0.942044	18
0.942044	18
0.942062	18
0.942064	18
0.942571	18
0.942602	18
0.942606	18
0.955363	18
0.955363	18
0.955364	18
0.955528	18
0.95553	18
0.959102	18
0.960728	18
0.96073	18
0.960754	18
0.960764	18
0.963616	18
0.963696	18
0.963696	18
0.965746	18
0.965786	18
0.965789	18
0.969606	18
0.969638	18
0.969639	18
0.973487	18
0.973487	18
0.973603	18
0.973616	18
0.97495	18
0.975842	18
0.975865	18
0.976053	18
0.976054	18
0.981717	18
0.981717	18
0.981801	18
0.981802	18
0.984846	18
0.985907	18
0.985938	18
0.986029	18
0.986029	18
0.986261	18
0.98627	18
0.986272	18
0.986318	18
0.98633	18
0.986518	18
0.986531	18
0.98654	18
0.98944	18
0.989441	18
0.989767	18
0.989794	18
0.995258	18
0.995286	18
0.99545	18
0.99545	18
0.995878	18
0.997811	18
0.997858	18
0.997883	18
0.997925	18
0.997929	18
0.99794	18
0.997956	18
0.997958	18
0.997971	18
0.997974	18
1.00464	18
1.00479	18
1.00479	18
1.00757	18
1.00758	18
1.00759	18
1.00759	18
1.00761	18
1.00807	18
1.0081	18
1.01014	18
1.01425	18
1.01819	18
1.01909	18
1.01911	18
1.01911	18
1.02333	18
1.02335	18
1.02337	18
1.02338	18
1.03537	18
1.03537	18
1.03537	18
1.03537	18
1.03537	18
1.03541	18
1.04289	18
1.04289	18
1.04292	18
1.04834	18
1.04835	18
1.04835	18
1.04841	18
1.06349	18
1.06349	18
1.0635	18
1.06885	18
1.06885	18
1.06885	18
1.06891	18
1.07113	18
1.07113	18
1.07117	18
1.07367	18
1.07368	18
1.07939	18
1.0795	18
1.0795	18
1.08151	18
1.08155	18
1.08292	18
1.08292	18
1.08293	18
1.08417	18
1.08421	18
1.08421	18
1.08689	18
1.08693	18
1.08694	18
1.08902	18
1.08904	18
1.08905	18
1.09335	18
1.09335	18
1.09335	18
1.09335	18
1.09337	18
1.0946	18
1.09915	18
1.09916	18
1.09925	18
1.09925	18
1.10119	18
1.10122	18
1.10142	18
1.10142	18
1.10579	18
1.11455	18
1.11457	18
1.11519	18
1.1152	18
1.1152	18
1.1153	18
1.11533	18
1.11774	18
1.11776	18
1.11779	18
1.1178	18
1.1188	18
1.11882	18
1.11883	18
1.11884	18
1.12298	18
1.12299	18
1.123	18
1.12303	18
1.12424	18
1.12424	18
1.12433	18
1.12738	18
1.12738	18
1.1274	18
1.14624	18
1.14625	18
1.14627	18
1.14627	18
1.14634	18
1.14635	18
1.1475	18
1.14755	18
1.14755	18
1.14755	18
1.15724	18
1.15725	18
1.15725	18
1.15725	18
1.17116	18
1.17117	18
1.17131	18
1.17513	18
1.17514	18
1.17517	18
1.18157	18
1.18157	18
1.1816	18
1.18605	18
1.18607	18
1.18608	18
1.18611	18
1.18683	18
1.19946	18
1.19952	18
1.19952	18
1.2023	18
1.2076	18
1.20763	18
1.20763	18
1.20765	18
1.20767	18
1.21311	18
1.21314	18
1.2132	18
1.2132	18
1.21942	18
1.21943	18
1.21951	18
1.22505	18
1.22505	18
1.23556	18
1.23557	18
1.23557	18
1.23683	18
1.24357	18
1.24368	18
1.24374	18
1.24374	18
1.24411	18
1.24413	18
1.24413	18
1.26061	18
1.26061	18
1.26061	18
1.26064	18
1.26067	18
1.26067	18
1.26119	18
1.26121	18
1.26121	18
1.26502	18
1.26502	18
1.26504	18
1.26504	18
1.27127	18
1.27129	18
1.27129	18
1.28176	18
1.28178	18
1.28182	18
1.28182	18
1.28391	18
1.29106	18
1.2911	18
1.29115	18
1.31117	18
1.31117	18
1.31117	18
1.31118	18
1.31198	18
1.31198	18
1.31204	18
1.31625	18
1.31625	18
1.31625	18
1.31628	18
1.31632	18
1.31632	18
1.31859	18
1.31862	18
1.31862	18
1.31933	18
1.31934	18
1.31934	18
1.33016	18
1.33032	18
1.33033	18
1.33227	18
1.33251	18
1.33251	18
1.33343	18
1.33658	18
1.33662	18
1.33685	18
1.33685	18
1.33979	18
1.33979	18
1.3398	18
1.3398	18
1.34103	18
1.3411	18
1.34111	18
1.34112	18
1.35681	18
1.3682	18
1.3682	18
1.37956	18
1.37965	18
1.37966	18
1.37968	18
1.38665	18
1.38665	18
1.38671	18
1.39122	18
1.39122	18
1.39128	18
1.41344	18
1.41345	18
1.41346	18
1.41352	18
1.41409	18
1.4141	18
1.4141	18
1.41412	18
1.41415	18
1.41415	18
1.41468	18
1.41468	18
1.4147	18
1.4147	18
1.41644	18
1.41653	18
1.41653	18
1.4176	18
1.4177	18
1.4177	18
1.42276	18
1.42278	18
1.42287	18
1.42287	18
1.42365	18
1.4237	18
1.4237	18
1.43839	18
1.43845	18
1.44324	18
1.44325	18
1.44325	18
1.44335	18
1.44335	18
1.44566	18
1.44567	18
1.44567	18
1.44831	18
1.44847	18
1.44849	18
1.44849	18
1.45241	18
1.45252	18
1.45252	18
1.47392	18
1.47392	18
1.48561	18
1.48561	18
1.48561	18
1.48565	18
1.48572	18
1.48573	18
1.49201	18
1.49201	18
1.49206	18
1.49206	18
1.49497	18
1.49501	18
1.49502	18
1.52305	18
1.52305	18
1.52306	18
1.52502	18
1.52502	18
1.52508	18
1.53083	18
1.53084	18
1.53097	18
1.53099	18
1.53099	18
1.53227	18
1.53236	18
1.53236	18
1.53481	18
1.53486	18
1.53486	18
1.54807	18
1.54808	18
1.5482	18
1.54821	18
1.54892	18
1.54896	18
1.54897	18
1.54974	18
1.55681	18
1.55687	18
1.57089	18
1.5709	18
1.57091	18
1.57095	18
1.57095	18
1.57486	18
1.57489	18
1.57489	18
1.5749	18
1.58267	18
1.58395	18
1.58402	18
1.5864	18
1.5864	18
1.5865	18
1.58771	18
1.58771	18
1.58771	18
1.58774	18
1.58774	18
1.59266	18
1.59274	18
1.59274	18
1.59866	18
1.59867	18
1.59872	18
1.59872	18
1.6009	18
1.60093	18
1.60094	18
1.60149	18
1.60495	18
1.60502	18
1.61622	18
1.61627	18
1.61628	18
1.61628	18
1.61628	18
1.61644	18
1.61646	18
1.61646	18
1.62157	18
1.62164	18
1.62164	18
1.62323	18
1.62324	18
1.62325	18
1.64548	18
1.64555	18
1.64555	18
1.64827	18
1.64831	18
1.64831	18
1.6515	18
1.65153	18
1.65154	18
1.65154	18
1.65473	18
1.65473	18
1.6548	18
1.6548	18
1.6597	18
1.65971	18
1.65971	18
1.66087	18
1.66087	18
1.66087	18
1.66383	18
1.66395	18
1.66395	18
1.66992	18
1.67954	18
1.67955	18
1.67961	18
1.67961	18
1.67962	18
1.67962	18
1.68019	18
1.6802	18
1.6802	18
1.68962	18
1.68962	18
1.68962	18
1.69409	18
1.6941	18
1.69426	18
1.69426	18
1.7016	18
1.70257	18
1.70402	18
1.70408	18
1.70724	18
1.70724	18
1.71357	18
1.71363	18
1.71363	18
1.71464	18
1.71488	18
1.71489	18
1.71491	18
1.71491	18
1.73836	18
1.73836	18
1.73837	18
1.75009	18
1.75919	18
1.75919	18
1.75919	18
1.75919	18
1.75927	18
1.75927	18
1.77357	18
1.7737	18
1.7737	18
1.77926	18
1.77928	18
1.77929	18
1.78122	18
1.7813	18
1.7813	18
1.78136	18
1.78137	18
1.782	18
1.78535	18
1.78536	18
1.78544	18
1.78544	18
1.78762	18
1.78765	18
1.78765	18
1.79149	18
1.80258	18
1.80258	18
1.81665	18
1.81666	18
1.81666	18
1.85016	18
1.85016	18
1.85019	18
1.862	18
1.86201	18
1.86201	18
1.86203	18
1.86206	18
1.86206	18
1.86209	18
1.8621	18
1.86744	18
1.86745	18
1.86751	18
1.86751	18
1.86862	18
1.86878	18
1.86879	18
1.89569	18
1.8957	18
1.89578	18
1.89578	18
1.90612	18
1.90612	18
1.90612	18
1.90612	18
1.90751	18
1.90756	18
1.90756	18
1.91733	18
1.91733	18
1.91735	18
1.91735	18
1.91895	18
1.91907	18
1.91908	18
1.92131	18
1.92134	18
1.92134	18
1.92437	18
1.92439	18
1.92439	18
1.93501	18
1.93501	18
1.93506	18
1.93507	18
1.93709	18
1.93723	18
1.93724	18
1.94062	18
1.94074	18
1.94074	18
1.94283	18
1.94287	18
1.94288	18
1.94351	18
1.94354	18
1.94354	18
1.94857	18
1.94862	18
1.94863	18
1.95365	18
1.95373	18
1.95373	18
1.96024	18
1.96024	18
1.96028	18
1.96028	18
1.96058	18
1.96064	18
1.96064	18
1.96378	18
1.96396	18
1.96396	18
1.96768	18
1.96889	18
1.9689	18
1.96892	18
1.96892	18
1.97348	18
1.97348	18
1.97349	18
1.97885	18
1.97886	18
1.97888	18
1.97889	18
1.98402	18
1.98402	18
1.9841	18
1.9841	18
1.98443	18
1.98447	18
1.98448	18
1.98658	18
1.9866	18
1.9866	18
1.98701	18
1.98701	18
1.98706	18
1.98707	18
1.9901	18
1.99012	18
1.99013	18
1.99367	18
1.99383	18
1.99383	18
1.99658	18
1.99676	18
1.99677	18
2.006	18
2.00601	18
2.00602	18
2.00603	18
2.01678	18
2.01682	18
2.01682	18
2.02904	18
2.02906	18
2.0291	18
2.0291	18
2.0382	18
2.03837	18
2.03837	18
2.04375	18
2.04378	18
2.04387	18
2.04388	18
2.04388	18
2.04388	18
2.04389	18
2.04476	18
2.04481	18
2.04481	18
2.04843	18
2.04845	18
2.04845	18
2.04864	18
2.04866	18
2.04866	18
2.05052	18
2.05052	18
2.05052	18
2.05312	18
2.05321	18
2.05322	18
2.06284	18
2.06286	18
2.06288	18
2.0629	18
2.06331	18
2.06338	18
2.06341	18
2.06595	18
2.06597	18
2.06597	18
2.06901	18
2.06907	18
2.06908	18
2.07599	18
2.07601	18
2.07603	18
2.08633	18
2.08633	18
2.08636	18
2.08638	18
2.08661	18
2.08673	18
2.08673	18
2.08784	18
2.08786	18
2.08787	18
2.09197	18
2.09199	18
2.09199	18
2.09325	18
2.09326	18
2.09326	18
2.09604	18
2.09608	18
2.09613	18
2.09614	18
2.09615	18
2.0962	18
2.0962	18
2.10808	18
2.10808	18
2.10809	18
2.10847	18
2.10849	18
2.10857	18
2.11156	18
2.11157	18
2.11157	18
2.11315	18
2.11315	18
2.11316	18
2.12687	18
2.12687	18
2.12687	18
2.1269	18
2.12692	18
2.13314	18
2.13318	18
2.13321	18
2.13882	18
2.13885	18
2.13886	18
2.14922	18
2.14927	18
2.14928	18
2.15384	18
2.15399	18
2.154	18
2.16792	18
2.16796	18
2.16797	18
2.16798	18
2.16798	18
2.17322	18
2.17327	18
2.17329	18
2.17822	18
2.17826	18
2.17828	18
2.18097	18
2.18099	18
2.18101	18
2.18104	18
2.18204	18
2.18205	18
2.1821	18
2.18497	18
2.18838	18
2.18839	18
2.18841	18
2.18843	18
2.19488	18
2.19488	18
2.20219	18
2.20221	18
2.20221	18
2.20291	18
2.2109	18
2.21094	18
2.21098	18
2.21098	18
2.22952	18
2.22952	18
2.22954	18
2.22954	18
2.22955	18
2.22955	18
2.24224	18
2.24241	18
2.24241	18
2.24565	18
2.24569	18
2.2457	18
2.24932	18
2.24938	18
2.24939	18
2.25009	18
2.2501	18
2.2502	18
2.25452	18
2.25459	18
2.25459	18
2.2564	18
2.25658	18
2.25667	18
2.25675	18
2.25776	18
2.25782	18
2.25784	18
2.26383	18
2.26385	18
2.26396	18
2.264	18
2.28689	18
2.28689	18
2.28689	18
2.28697	18
2.28701	18
2.28901	18
2.28904	18
2.28919	18
2.28936	18
2.29199	18
2.29204	18
2.29206	18
2.31167	18
2.31167	18
2.33279	18
2.33282	18
2.33282	18
2.36124	18
2.36127	18
2.36127	18
2.36127	18
2.36127	18
2.36135	18
2.36189	18
2.36189	18
2.36191	18
2.36349	18
2.36577	18
2.36584	18
2.36584	18
2.38528	18
2.38538	18
2.38538	18
2.38542	18
2.38555	18
2.38555	18
2.38558	18
2.38716	18
2.38716	18
2.38717	18
2.3874	18
2.3874	18
2.41088	18
2.41097	18
2.41098	18
2.41708	18
2.41716	18
2.41716	18
2.41917	18
2.41953	18
2.41953	18
2.41956	18
2.41957	18
2.41958	18
2.43124	18
2.43125	18
2.43129	18
2.43243	18
2.43243	18
2.43244	18
2.43361	18
2.43361	18
2.43363	18
2.4403	18
2.4403	18
2.44037	18
2.44311	18
2.44311	18
2.44312	18
2.447	18
2.447	18
2.44702	18
2.44866	18
2.44866	18
2.44866	18
2.44867	18
2.45615	18
2.46914	18
2.46919	18
2.46919	18
2.46925	18
2.47984	18
2.48729	18
2.48729	18
2.48729	18
2.48729	18
2.49917	18
2.49918	18
2.49919	18
2.49919	18
2.49919	18
2.49919	18
2.49927	18
2.50911	18
2.50927	18
2.50928	18
2.50979	18
2.5098	18
2.5098	18
2.51212	18
2.51217	18
2.51217	18
2.51944	18
2.51948	18
2.51948	18
2.51948	18
2.51965	18
2.51967	18
2.51967	18
2.51971	18
2.53721	18
2.53728	18
2.53728	18
2.54856	18
2.54858	18
2.54859	18
2.55491	18
2.57078	18
2.5708	18
2.57087	18
2.57091	18
2.57411	18
2.57413	18
2.57413	18
2.57426	18
2.57797	18
2.57798	18
2.57803	18
2.60094	18
2.60095	18
2.60104	18
2.6136	18
2.61362	18
2.61364	18
2.61757	18
2.61757	18
2.61758	18
2.62641	18
2.62642	18
2.62643	18
2.62869	18
2.62869	18
2.62879	18
2.64136	18
2.64609	18
2.64609	18
2.64611	18
2.64613	18
2.64702	18
2.64702	18
2.64719	18
2.65087	18
2.65087	18
2.65088	18
2.65379	18
2.65379	18
2.65382	18
2.65594	18
2.66448	18
2.66448	18
2.6645	18
2.6645	18
2.66454	18
2.66749	18
2.67275	18
2.67278	18
2.67281	18
2.67281	18
2.68121	18
2.68121	18
2.68125	18
2.68212	18
2.68213	18
2.68214	18
2.68219	18
2.69109	18
2.6911	18
2.69111	18
2.69275	18
2.69275	18
2.69276	18
2.69286	18
2.69791	18
2.69791	18
2.69798	18
2.71405	18
2.71411	18
2.71411	18
2.71418	18
2.73097	18
2.73097	18
2.73097	18
2.73097	18
2.73665	18
2.73666	18
2.73666	18
2.73697	18
2.73697	18
2.73699	18
2.7547	18
2.7547	18
2.75472	18
2.75472	18
2.7757	18
2.7757	18
2.7757	18
2.78407	18
2.78432	18
2.78432	18
2.78493	18
2.78494	18
2.78495	18
2.78499	18
2.80766	18
2.80766	18
2.80766	18
2.80819	18
2.81117	18
2.81118	18
2.8112	18
2.8112	18
2.81893	18
2.81893	18
2.83773	18
2.83773	18
2.83777	18
2.83777	18
2.83781	18
2.84016	18
2.84017	18
2.84017	18
2.84153	18
2.84154	18
2.84164	18
2.85343	18
2.85344	18
2.85357	18
2.86273	18
2.86504	18
2.86504	18
2.86505	18
2.86506	18
2.86513	18
2.87788	18
2.87789	18
2.87791	18
2.88251	18
2.88251	18
2.88252	18
2.88252	18
2.88362	18
2.88363	18
2.88363	18
2.88369	18
2.89544	18
2.89544	18
2.89553	18
2.96969	18
2.96969	18
2.9697	18
2.96973	18
2.96995	18
2.96995	18
2.96997	18
2.97748	18
2.9775	18
2.97754	18
2.98896	18
2.98897	18
2.98901	18
2.99394	18
2.99396	18
2.99396	18
2.99399	18
3.00371	18
3.00371	18
3.00377	18
3.00429	18
3.00433	18
3.00434	18
3.00448	18
3.01753	18
3.01754	18
3.01754	18
3.01758	18
3.02098	18
3.02099	18
3.02102	18
3.02992	18
3.02993	18
3.02997	18
3.04154	18
3.04154	18
3.04178	18
3.04181	18
3.04183	18
3.04184	18
3.04184	18
3.04211	18
3.06434	18
3.06434	18
3.06435	18
3.06435	18
3.07277	18
3.07277	18
3.0728	18
3.07574	18
3.07575	18
3.07575	18
3.07578	18
3.07932	18
3.07932	18
3.07932	18
3.07932	18
3.09061	18
3.09064	18
3.09067	18
3.09109	18
3.09112	18
3.09113	18
3.09426	18
3.09427	18
3.09429	18
3.11129	18
3.11131	18
3.11137	18
3.11896	18
3.11897	18
3.11899	18
3.12809	18
3.12828	18
3.12829	18
3.12834	18
3.12835	18
3.12836	18
3.1332	18
3.13322	18
3.13323	18
3.13512	18
3.13517	18
3.13521	18
3.13522	18
3.13593	18
3.13593	18
3.13594	18
3.13797	18
3.138	18
3.13815	18
3.14034	18
3.14034	18
3.14034	18
3.14222	18
3.14222	18
3.14229	18
3.14229	18
3.15234	18
3.15237	18
3.15239	18
3.1524	18
3.15715	18
3.15931	18
3.15938	18
3.15939	18
3.16429	18
3.16438	18
3.16451	18
3.16989	18
3.16996	18
3.16999	18
3.17261	18
3.17271	18
3.17272	18
3.1791	18
3.1791	18
3.1791	18
3.17914	18
3.17914	18
3.18037	18
3.18191	18
3.18193	18
3.18206	18
3.19268	18
3.19268	18
3.1932	18
3.2105	18
3.2105	18
3.21051	18
3.21056	18
3.21063	18
3.21107	18
3.22062	18
3.22063	18
3.22068	18
3.22143	18
3.22147	18
3.22159	18
3.22332	18
3.22333	18
3.22336	18
3.22336	18
3.24163	18
3.24163	18
3.24165	18
3.24181	18
3.24181	18
3.25665	18
3.25665	18
3.25669	18
3.25669	18
3.25895	18
3.25898	18
3.25898	18
3.25968	18
3.25969	18
3.25976	18
3.25976	18
3.27908	18
3.27908	18
3.27911	18
3.27912	18
3.29187	18
3.29191	18
3.29191	18
3.30936	18
3.30936	18
3.3094	18
3.30941	18
3.31021	18
3.31022	18
3.31023	18
3.31023	18
3.32186	18
3.32192	18
3.32193	18
3.3465	18
3.3465	18
3.34657	18
3.34657	18
3.35418	18
3.35418	18
3.3542	18
3.3542	18
3.36872	18
3.3697	18
3.36977	18
3.39018	18
3.39019	18
3.39019	18
3.39023	18
3.39023	18
3.39965	18
3.39968	18
3.39968	18
3.40883	18
3.40884	18
3.40884	18
3.41975	18
3.41975	18
3.41975	18
3.42433	18
3.42433	18
3.42441	18
3.42441	18
3.42702	18
3.42715	18
3.42715	18
3.44007	18
3.44009	18
3.44012	18
3.44012	18
3.44068	18
3.44457	18
3.4446	18
3.46008	18
3.4601	18
3.46012	18
3.4603	18
3.4603	18
3.4616	18
3.46632	18
3.46632	18
3.46676	18
3.46741	18
3.46751	18
3.46758	18
3.46758	18
3.469	18
3.47355	18
3.48232	18
3.48235	18
3.48238	18
3.49281	18
3.49281	18
3.49282	18
3.49292	18
3.49292	18
3.5016	18
3.5016	18
3.50164	18
3.50165	18
3.50165	18
3.52314	18
3.52329	18
3.52329	18
3.53007	18
3.53014	18
3.53014	18
3.54896	18
3.54896	18
3.54912	18
3.54912	18
3.55062	18
3.55064	18
3.55064	18
3.56714	18
3.58445	18
3.58445	18
3.58449	18
3.58458	18
3.58458	18
3.6004	18
3.6004	18
3.60041	18
3.6005	18
3.6005	18
3.61414	18
3.61415	18
3.61415	18
3.61416	18
3.61417	18
3.61417	18
3.62496	18
3.62496	18
3.625	18
3.625	18
3.63228	18
3.63648	18
3.63648	18
3.63649	18
3.63649	18
3.64186	18
3.64188	18
3.64188	18
3.66653	18
3.66653	18
3.66654	18
3.66655	18
3.66944	18
3.66948	18
3.66948	18
3.67222	18
3.67222	18
3.67222	18
3.67476	18
3.68307	18
3.68311	18
3.68313	18
3.68313	18
3.68592	18
3.68593	18
3.68594	18
3.68594	18
3.68779	18
3.68793	18
3.68793	18
3.68937	18
3.68941	18
3.68941	18
3.69147	18
3.69149	18
3.6915	18
3.69873	18
3.69898	18
3.69898	18
3.70884	18
3.70884	18
3.70884	18
3.70922	18
3.70928	18
3.70939	18
3.70939	18
3.7095	18
3.70971	18
3.70971	18
3.72117	18
3.72124	18
3.72124	18
3.73873	18
3.73877	18
3.73877	18
3.74757	18
3.7476	18
3.7476	18
3.74996	18
3.75051	18
3.75458	18
3.75461	18
3.75473	18
3.75722	18
3.75722	18
3.75722	18
3.75724	18
3.75725	18
3.76241	18
3.76241	18
3.76242	18
3.76263	18
3.76269	18
3.76269	18
3.77015	18
3.77015	18
3.77016	18
3.77016	18
3.77193	18
3.77195	18
3.77195	18
3.77315	18
3.77379	18
3.77379	18
3.77381	18
3.77382	18
3.78047	18
3.78836	18
3.78836	18
3.78837	18
3.78856	18
3.78857	18
3.7956	18
3.79566	18
3.79567	18
3.79708	18
3.7971	18
3.7971	18
3.80536	18
3.80536	18
3.80536	18
3.80847	18
3.80849	18
3.80849	18
3.82363	18
3.82366	18
3.82366	18
3.82574	18
3.82575	18
3.82578	18
3.82578	18
3.83709	18
3.83709	18
3.83717	18
3.83717	18
3.86232	18
3.86232	18
3.86247	18
3.86247	18
3.87068	18
3.88066	18
3.88069	18
3.8807	18
3.8807	18
3.90998	18
3.90998	18
3.91454	18
3.91454	18
3.91455	18
3.91462	18
3.92102	18
3.92104	18
3.93439	18
3.9344	18
3.93769	18
3.93775	18
3.93775	18
3.93776	18
3.9378	18
3.93781	18
3.95039	18
3.95051	18
3.95052	18
3.95587	18
3.95595	18
3.95596	18
3.95858	18
3.97742	18
3.97742	18
3.97742	18
3.97743	18
3.97743	18
3.97821	18
3.98172	18
3.98172	18
3.98288	18
3.98293	18
3.98296	18
3.98296	18
4.00225	18
4.0138	18
4.01381	18
4.01381	18
4.01384	18
4.01384	18
4.01469	18
4.01472	18
4.01472	18
4.02614	18
4.02614	18
4.02627	18
4.02628	18
4.03112	18
4.0312	18
4.0312	18
4.03527	18
4.03528	18
4.03528	18
4.03763	18
4.03763	18
4.03764	18
4.05335	18
4.05339	18
4.05339	18
4.05848	18
4.09049	18
4.09049	18
4.09058	18
4.09066	18
4.09067	18
4.0907	18
4.09222	18
4.09224	18
4.09674	18
4.10789	18
4.108	18
4.13359	18
4.13372	18
4.1621	18
4.16211	18
4.16211	18
4.16212	18
4.18331	18
4.18332	18
4.18334	18
4.18334	18
4.18335	18
4.18628	18
4.19621	18
4.19624	18
4.19627	18
4.19627	18
4.20272	18
4.20273	18
4.20273	18
4.20599	18
4.20599	18
4.20599	18
4.22275	18
4.22275	18
4.22285	18
4.22286	18
4.22301	18
4.22302	18
4.22302	18
4.22958	18
4.22959	18
4.22959	18
4.23952	18
4.23954	18
4.23954	18
4.23955	18
4.24717	18
4.24717	18
4.24717	18
4.26883	18
4.26884	18
4.26884	18
4.27455	18
4.27469	18
4.27469	18
4.27796	18
4.278	18
4.278	18
4.28042	18
4.28048	18
4.28048	18
4.29629	18
4.29629	18
4.2963	18
4.2963	18
4.29865	18
4.29875	18
4.29879	18
4.29879	18
4.32275	18
4.32282	18
4.32283	18
4.3265	18
4.32653	18
4.32653	18
4.34157	18
4.34159	18
4.34159	18
4.35953	18
4.35974	18
4.35974	18
4.36146	18
4.36538	18
4.36545	18
4.36547	18
4.36548	18
4.36802	18
4.36807	18
4.36807	18
4.37081	18
4.37081	18
4.37082	18
4.37083	18
4.37085	18
4.37088	18
4.37088	18
4.37264	18
4.37267	18
4.37267	18
4.3749	18
4.37912	18
4.37912	18
4.37936	18
4.37937	18
4.37937	18
4.37941	18
4.37941	18
4.38288	18
4.3829	18
4.38307	18
4.38307	18
4.40718	18
4.40718	18
4.40721	18
4.40721	18
4.40901	18
4.40909	18
4.4091	18
4.40958	18
4.4096	18
4.40961	18
4.415	18
4.415	18
4.41501	18
4.41501	18
4.42446	18
4.42446	18
4.42446	18
4.42446	18
4.42456	18
4.42457	18
4.43654	18
4.4371	18
4.43712	18
4.43728	18
4.43728	18
4.44526	18
4.44542	18
4.44543	18
4.44734	18
4.44735	18
4.44736	18
4.44737	18
4.47664	18
4.47665	18
4.47665	18
4.47667	18
4.47668	18
4.49158	18
4.49163	18
4.49163	18
4.49662	18
4.50289	18
4.50289	18
4.50695	18
4.50698	18
4.50698	18
4.50698	18
4.50698	18
4.51811	18
4.51827	18
4.51827	18
4.5252	18
4.52528	18
4.52528	18
4.53468	18
4.53476	18
4.53481	18
4.53481	18
4.53664	18
4.53667	18
4.53674	18
4.53675	18
4.55369	18
4.55369	18
4.55371	18
4.55371	18
4.56328	18
4.56336	18
4.56338	18
4.56339	18
4.56563	18
4.56569	18
4.5657	18
4.5716	18
4.57161	18
4.57162	18
4.57909	18
4.58105	18
4.58105	18
4.58114	18
4.58114	18
4.58333	18
4.58334	18
4.58336	18
4.58337	18
4.5866	18
4.5867	18
4.5867	18
4.58935	18
4.59326	18
4.59553	18
4.60658	18
4.60659	18
4.60661	18
4.61066	18
4.61067	18
4.61897	18
4.61899	18
4.619	18
4.619	18
4.61911	18
4.61912	18
4.61979	18
4.61979	18
4.61984	18
4.61984	18
4.62316	18
4.62317	18
4.62317	18
4.62317	18
4.62318	18
4.65395	18
4.65395	18
4.65395	18
4.65396	18
4.65536	18
4.65917	18
4.65917	18
4.65918	18
4.65918	18
4.66202	18
4.66292	18
4.66304	18
4.66309	18
4.66309	18
4.66418	18
4.66419	18
4.6642	18
4.66591	18
4.66592	18
4.66592	18
4.67123	18
4.67125	18
4.67125	18
4.67394	18
4.67394	18
4.67395	18
4.67618	18
4.67621	18
4.67621	18
4.69337	18
4.69338	18
4.69343	18
4.69343	18
4.70617	18
4.70651	18
4.70651	18
4.70656	18
4.70656	18
4.72914	18
4.72914	18
4.72916	18
4.72916	18
4.7303	18
4.73251	18
4.73251	18
4.73251	18
4.73252	18
4.73252	18
4.74343	18
4.74343	18
4.74344	18
4.75443	18
4.75443	18
4.75445	18
4.75445	18
4.76842	18
4.76842	18
4.76844	18
4.76844	18
4.77309	18
4.77327	18
4.77327	18
4.78914	18
4.78915	18
4.78923	18
4.78923	18
4.7901	18
4.79012	18
4.79012	18
4.80207	18
4.80209	18
4.8021	18
4.8021	18
4.80417	18
4.80418	18
4.80418	18
4.80911	18
4.80915	18
4.80915	18
4.81229	18
4.81229	18
4.81231	18
4.81231	18
4.81269	18
4.8127	18
4.8127	18
4.8143	18
4.81432	18
4.81432	18
4.82237	18
4.82239	18
4.82241	18
4.82241	18
4.82436	18
4.82436	18
4.82436	18
4.82645	18
4.82646	18
4.82647	18
4.82647	18
4.82798	18
4.82801	18
4.82802	18
4.8292	18
4.82932	18
4.82933	18
4.84362	18
4.84366	18
4.84366	18
4.84368	18
4.84368	18
4.84964	18
4.84968	18
4.84968	18
4.85276	18
4.85289	18
4.8529	18
4.86008	18
4.86012	18
4.86013	18
4.86112	18
4.86112	18
4.86112	18
4.86222	18
4.86224	18
4.86227	18
4.86227	18
4.86997	18
4.87001	18
4.87005	18
4.87005	18
4.89144	18
4.89144	18
4.89146	18
4.89146	18
4.90131	18
4.90133	18
4.90133	18
4.90429	18
4.9043	18
4.90434	18
4.90435	18
4.92572	18
4.92572	18
4.92572	18
4.92572	18
4.92853	18
4.92854	18
4.92857	18
4.92857	18
4.9464	18
4.9464	18
4.94641	18
4.95451	18
4.95452	18
4.95452	18
4.95456	18
4.95457	18
4.97615	18
4.97615	18
4.97616	18
4.97616	18
4.97752	18
4.97771	18
4.97771	18
4.99066	18
4.99067	18
4.9907	18
4.9907	18
5.00015	18
5.00017	18
5.00018	18
5.00019	18
5.00189	18
5.00233	18
5.00242	18
5.01053	18
5.01054	18
5.01054	18
5.01054	18
5.01055	18
5.01215	18
5.01222	18
5.01222	18
5.01859	18
5.0186	18
5.01865	18
5.01866	18
5.02997	18
5.04377	18
5.04382	18
5.07045	18
5.0705	18
5.0705	18
5.07052	18
5.07052	18
5.07755	18
5.07756	18
5.07756	18
5.08399	18
5.084	18
5.084	18
5.09094	18
5.10313	18
5.10321	18
5.11544	18
5.11548	18
5.11548	18
5.11552	18
5.11552	18
5.11783	18
5.11784	18
5.11785	18
5.12252	18
5.12512	18
5.12513	18
5.12528	18
5.12529	18
5.13664	18
5.13664	18
5.13664	18
5.15449	18
5.15461	18
5.15461	18
5.15891	18
5.15893	18
5.15904	18
5.15904	18
5.17805	18
5.17806	18
5.17808	18
5.17809	18
5.18651	18
5.18656	18
5.18657	18
5.18684	18
5.18701	18
5.18701	18
5.18735	18
5.18747	18
5.18748	18
5.19708	18
5.19716	18
5.19716	18
5.21119	18
5.2112	18
5.21125	18
5.21126	18
5.21732	18
5.21734	18
5.21735	18
5.22764	18
5.22767	18
5.22767	18
5.23601	18
5.23605	18
5.23605	18
5.23909	18
5.2391	18
5.23911	18
5.25127	18
5.25127	18
5.25135	18
5.25136	18
5.25996	18
5.25998	18
5.25999	18
5.26661	18
5.26666	18
5.26666	18
5.26671	18
5.26672	18
5.27988	18
5.27993	18
5.27993	18
5.28496	18
5.28498	18
5.28498	18
5.29054	18
5.29055	18
5.29055	18
5.29058	18
5.29061	18
5.29416	18
5.29425	18
5.29425	18
5.29853	18
5.29859	18
5.29859	18
5.29889	18
5.29891	18
5.29891	18
5.30028	18
5.3003	18
5.30031	18
5.31114	18
5.31115	18
5.31117	18
5.31117	18
5.32236	18
5.32238	18
5.32244	18
5.32244	18
5.32401	18
5.32403	18
5.32403	18
5.32884	18
5.32886	18
5.32886	18
5.33114	18
5.33119	18
5.3312	18
5.3312	18
5.33604	18
5.34667	18
5.34667	18
5.34667	18
5.34739	18
5.34743	18
5.34743	18
5.34749	18
5.3475	18
5.35143	18
5.35146	18
5.35146	18
5.35348	18
5.35348	18
5.35349	18
5.35359	18
5.35605	18
5.35609	18
5.35617	18
5.35618	18
5.35725	18
5.35731	18
5.35732	18
5.35735	18
5.35736	18
5.35736	18
5.35823	18
5.35832	18
5.35832	18
5.35943	18
5.35959	18
5.35959	18
5.36872	18
5.36876	18
5.36877	18
5.3725	18
5.38317	18
5.38324	18
5.3852	18
5.38521	18
5.38521	18
5.38522	18
5.38522	18
5.39082	18
5.39083	18
5.39084	18
5.3921	18
5.3921	18
5.39212	18
5.39466	18
5.39468	18
5.39471	18
5.41533	18
5.41534	18
5.41539	18
5.41539	18
5.42294	18
5.42295	18
5.423	18
5.42301	18
5.42389	18
5.42407	18
5.42407	18
5.43569	18
5.4357	18
5.43572	18
5.43575	18
5.43633	18
5.43634	18
5.43634	18
5.45212	18
5.45213	18
5.45213	18
5.45354	18
5.45503	18
5.45504	18
5.45505	18
5.45506	18
5.45508	18
5.45509	18
5.45512	18
5.46355	18
5.46366	18
5.46367	18
5.47614	18
5.49122	18
5.49125	18
5.49125	18
5.49144	18
5.49144	18
5.49924	18
5.4993	18
5.4993	18
5.5013	18
5.50138	18
5.50141	18
5.50142	18
5.50734	18
5.50734	18
5.50735	18
5.51428	18
5.51436	18
5.51436	18
5.51491	18
5.51496	18
5.51497	18
5.51976	18
5.5198	18
5.5198	18
5.52128	18
5.52135	18
5.52136	18
5.53087	18
5.53088	18
5.53088	18
5.55586	18
5.55587	18
5.5559	18
5.55592	18
5.56151	18
5.56152	18
5.56152	18
5.57366	18
5.5784	18
5.57843	18
5.57843	18
5.57844	18
5.59164	18
5.59165	18
5.59849	18
5.59852	18
5.59853	18
5.59855	18
5.59855	18
5.60303	18
5.60306	18
5.60306	18
5.60666	18
5.60666	18
5.60681	18
5.60681	18
5.61626	18
5.61631	18
5.61634	18
5.61634	18
5.61781	18
5.61782	18
5.61783	18
5.61905	18
5.61906	18
5.61913	18
5.61913	18
5.62333	18
5.62338	18
5.6234	18
5.62418	18
5.6242	18
5.62421	18
5.62421	18
5.62821	18
5.62869	18
5.62869	18
5.63766	18
5.63766	18
5.63871	18
5.63871	18
5.64292	18
5.64864	18
5.64871	18
5.64871	18
5.66135	18
5.66136	18
5.66136	18
5.66139	18
5.6614	18
5.66307	18
5.66659	18
5.66659	18
5.66666	18
5.67179	18
5.67181	18
5.67181	18
5.67182	18
5.67182	18
5.69186	18
5.69187	18
5.69187	18
5.69921	18
5.69936	18
5.69937	18
5.71016	18
5.71016	18
5.71017	18
5.71018	18
5.71505	18
5.71509	18
5.71512	18
5.71512	18
5.72604	18
5.72607	18
5.72619	18
5.72621	18
5.73722	18
5.76265	18
5.7627	18
5.76272	18
5.76274	18
5.76274	18
5.77275	18
5.77278	18
5.77285	18
5.77286	18
5.77483	18
5.77507	18
5.77509	18
5.7786	18
5.77867	18
5.77868	18
5.78853	18
5.78853	18
5.78855	18
5.78855	18
5.7921	18
5.79213	18
5.79219	18
5.79219	18
5.79454	18
5.79458	18
5.79463	18
5.79463	18
5.79714	18
5.79715	18
5.79716	18
5.79875	18
5.79876	18
5.79876	18
5.81037	18
5.81039	18
5.81045	18
5.81048	18
5.81447	18
5.81449	18
5.8145	18
5.82349	18
5.82349	18
5.8235	18
5.82741	18
5.82742	18
5.82743	18
5.82743	18
5.85239	18
5.8524	18
5.85243	18
5.85244	18
5.8643	18
5.86431	18
5.86431	18
5.86611	18
5.86632	18
5.86633	18
5.87203	18
5.87207	18
5.87208	18
5.87209	18
5.8721	18
5.87211	18
5.87212	18
5.87214	18
5.87354	18
5.87354	18
5.87354	18
5.88192	18
5.88195	18
5.88213	18
5.88218	18
5.88362	18
5.88368	18
5.88368	18
5.88423	18
5.88425	18
5.88435	18
5.88436	18
5.88521	18
5.88522	18
5.88529	18
5.8853	18
5.90211	18
5.90218	18
5.90219	18
5.90219	18
5.91613	18
5.91613	18
5.91623	18
5.91625	18
5.91694	18
5.91697	18
5.91698	18
5.91761	18
5.91763	18
5.91764	18
5.92123	18
5.92959	18
5.9296	18
5.94067	18
5.94067	18
5.94068	18
5.94078	18
5.94079	18
5.94213	18
5.94216	18
5.94216	18
5.94262	18
5.94265	18
5.94275	18
5.94276	18
5.94784	18
5.95192	18
5.95194	18
5.95198	18
6.01339	18
6.01339	18
6.01339	18
6.01357	18
6.01358	18
6.01359	18
6.03395	18
6.03395	18
6.03399	18
6.03399	18
6.03718	18
6.03729	18
6.03729	18
6.04339	18
6.04345	18
6.04363	18
6.04364	18
6.05623	18
6.05627	18
6.05627	18
6.05649	18
6.05651	18
6.05653	18
6.05655	18
6.0626	18
6.06261	18
6.06273	18
6.06276	18
6.06796	18
6.06797	18
6.06798	18
6.07563	18
6.07563	18
6.07567	18
6.07568	18
6.08743	18
6.08768	18
6.08769	18
6.08876	18
6.08876	18
6.0888	18
6.08881	18
6.12137	18
6.12137	18
6.12137	18
6.12141	18
6.12142	18
6.12202	18
6.12216	18
6.12217	18
6.1231	18
6.12913	18
6.12914	18
6.12921	18
6.1296	18
6.12963	18
6.12964	18
6.12964	18
6.12964	18
6.13848	18
6.13859	18
6.13864	18
6.14425	18
6.14426	18
6.14435	18
6.14436	18
6.14828	18
6.14844	18
6.14845	18
6.1597	18
6.19129	18
6.1913	18
6.1913	18
6.19136	18
6.19136	18
6.20007	18
6.20013	18
6.20015	18
6.20016	18
6.22871	18
6.22871	18
6.22871	18
6.22871	18
6.24336	18
6.2434	18
6.2434	18
6.2438	18
6.24383	18
6.24398	18
6.24398	18
6.25924	18
6.25925	18
6.25926	18
6.26103	18
6.26106	18
6.26106	18
6.2689	18
6.26894	18
6.26894	18
6.28332	18
6.28355	18
6.28356	18
6.28422	18
6.28425	18
6.28427	18
6.28448	18
6.28463	18
6.28464	18
6.28692	18
6.28698	18
6.28698	18
6.28704	18
6.28704	18
6.30029	18
6.30036	18
6.30037	18
6.30037	18
6.30038	18
6.30489	18
6.30496	18
6.30499	18
6.30503	18
6.3178	18
6.31786	18
6.31786	18
6.31824	18
6.31833	18
6.31833	18
6.322	18
6.32203	18
6.32207	18
6.32208	18
6.35505	18
6.3566	18
6.3566	18
6.357	18
6.35702	18
6.35797	18
6.35798	18
6.35798	18
6.36023	18
6.36023	18
6.36027	18
6.36028	18
6.36119	18
6.36867	18
6.38446	18
6.38446	18
6.38447	18
6.3845	18
6.38452	18
6.38587	18
6.38592	18
6.38592	18
6.38604	18
6.38606	18
6.38651	18
6.38657	18
6.38662	18
6.38662	18
6.39911	18
6.40961	18
6.40961	18
6.40966	18
6.40966	18
6.42782	18
6.42787	18
6.42789	18
6.428	18
6.428	18
6.42812	18
6.42814	18
6.42824	18
6.42824	18
6.4344	18
6.43442	18
6.43442	18
6.43811	18
6.43812	18
6.43814	18
6.43815	18
6.46436	18
6.46436	18
6.46444	18
6.46446	18
6.47332	18
6.47335	18
6.47343	18
6.47343	18
6.48275	18
6.48286	18
6.48286	18
6.49097	18
6.50616	18
6.50618	18
6.50618	18
6.50636	18
6.50637	18
6.50645	18
6.50646	18
6.50647	18
6.51015	18
6.51015	18
6.51025	18
6.51488	18
6.51496	18
6.51496	18
6.51743	18
6.54778	18
6.54783	18
6.54783	18
6.54786	18
6.54787	18
6.56628	18
6.56738	18
6.56862	18
6.56862	18
6.56866	18
6.57923	18
6.57923	18
6.57923	18
6.57925	18
6.57926	18
6.59144	18
6.59156	18
6.59159	18
6.5916	18
6.6034	18
6.60341	18
6.60352	18
6.60353	18
6.61132	18
6.61136	18
6.61137	18
6.61138	18
6.62185	18
6.62193	18
6.62194	18
6.62561	18
6.62561	18
6.62562	18
6.62562	18
6.6292	18
6.62921	18
6.62925	18
6.63267	18
6.63268	18
6.63269	18
6.63272	18
6.63274	18
6.63406	18
6.63409	18
6.63409	18
6.64095	18
6.64098	18
6.64099	18
6.64099	18
6.64132	18
6.64134	18
6.64134	18
6.6714	18
6.6714	18
6.67142	18
6.67168	18
6.67169	18
6.6717	18
6.6717	18
6.67441	18
6.67444	18
6.6745	18
6.68184	18
6.68185	18
6.68186	18
6.69262	18
6.69274	18
6.69274	18
6.69966	18
6.70517	18
6.70523	18
6.71424	18
6.71427	18
6.71427	18
6.71427	18
6.71427	18
6.71512	18
6.71519	18
6.71525	18
6.71525	18
6.71662	18
6.71666	18
6.71673	18
6.71673	18
6.71807	18
6.71812	18
6.71814	18
6.72044	18
6.72046	18
6.72046	18
6.72046	18
6.72356	18
6.72358	18
6.72358	18
6.72537	18
6.73149	18
6.73157	18
6.73158	18
6.73161	18
6.74283	18
6.74287	18
6.74288	18
6.74506	18
6.74512	18
6.74512	18
6.75267	18
6.75268	18
6.75273	18
6.75275	18
6.75315	18
6.76629	18
6.76634	18
6.76658	18
6.7666	18
6.77372	18
6.77382	18
6.77392	18
6.77394	18
6.77586	18
6.77586	18
6.77586	18
6.78221	18
6.78222	18
6.78225	18
6.78225	18
6.7919	18
6.79197	18
6.79198	18
6.79331	18
6.79338	18
6.79339	18
6.80398	18
6.80399	18
6.80399	18
6.80403	18
6.80405	18
6.80831	18
6.80849	18
6.8085	18
6.80988	18
6.80988	18
6.80988	18
6.8126	18
6.81266	18
6.81271	18
6.81277	18
6.8167	18
6.81674	18
6.81677	18
6.82563	18
6.82566	18
6.82569	18
6.8257	18
6.82872	18
6.82878	18
6.82878	18
6.84712	18
6.84714	18
6.84714	18
6.85273	18
6.86673	18
6.86675	18
6.86676	18
6.86677	18
6.86678	18
6.87896	18
6.87896	18
6.87898	18
6.87901	18
6.89168	18
6.90389	18
6.90389	18
6.9039	18
6.94854	18
6.94858	18
6.94863	18
6.94863	18
6.94867	18
6.94867	18
6.96567	18
6.96574	18
6.96574	18
7.00584	18
7.00585	18
7.00585	18
7.00585	18
7.02175	18
7.02177	18
7.0218	18
7.0218	18
7.02301	18
7.02309	18
7.02312	18
7.02315	18
7.02386	18
7.0239	18
7.02391	18
7.02392	18
7.0294	18
7.02941	18
7.02944	18
7.04208	18
7.04208	18
7.04208	18
7.04212	18
7.05591	18
7.05609	18
7.05612	18
7.06084	18
7.06086	18
7.06092	18
7.06094	18
7.06198	18
7.06203	18
7.06207	18
7.06811	18
7.06813	18
7.06819	18
7.06862	18
7.06866	18
7.06867	18
7.07081	18
7.07081	18
7.07083	18
7.07087	18
7.07751	18
7.07751	18
7.07752	18
7.07756	18
7.07756	18
7.0788	18
7.0788	18
7.07881	18
7.07888	18
7.079	18
7.07961	18
7.07962	18
7.07971	18
7.07976	18
7.08243	18
7.0874	18
7.0874	18
7.08741	18
7.09482	18
7.09484	18
7.09485	18
7.09485	18
7.09488	18
7.09574	18
7.09588	18
7.0959	18
7.1018	18
7.10183	18
7.10184	18
7.10184	18
7.10191	18
7.10541	18
7.10542	18
7.10544	18
7.10549	18
7.10617	18
7.10619	18
7.10623	18
7.10629	18
7.11649	18
7.1165	18
7.1165	18
7.11652	18
7.11773	18
7.11782	18
7.11788	18
7.11789	18
7.12254	18
7.1226	18
7.12293	18
7.12296	18
7.12863	18
7.12864	18
7.12866	18
7.14369	18
7.14374	18
7.14378	18
7.1438	18
7.1755	18
7.17551	18
7.17551	18
7.17555	18
7.17556	18
7.17692	18
7.17695	18
7.17696	18
7.17697	18
7.17781	18
7.17783	18
7.17794	18
7.18429	18
7.18429	18
7.1843	18
7.1843	18
7.19727	18
7.1973	18
7.1973	18
7.21148	18
7.24092	18
7.24096	18
7.24098	18
7.24098	18
7.24112	18
7.25164	18
7.25171	18
7.25171	18
7.26435	18
7.26436	18
7.26443	18
7.26444	18
7.27374	18
7.28436	18
7.28439	18
7.28444	18
7.28446	18
7.29742	18
7.29743	18
7.29765	18
7.29765	18
7.30441	18
7.32001	18
7.32001	18
7.32003	18
7.32003	18
7.32442	18
7.32443	18
7.32444	18
7.32446	18
7.33004	18
7.33012	18
7.33029	18
7.33032	18
7.33162	18
7.33164	18
7.33164	18
7.33169	18
7.33514	18
7.33515	18
7.33521	18
7.33524	18
7.34804	18
7.34805	18
7.34809	18
7.35124	18
7.35127	18
7.35137	18
7.35137	18
7.35978	18
7.35983	18
7.35983	18
7.36424	18
7.36434	18
7.36441	18
7.37242	18
7.37243	18
7.37243	18
7.37244	18
7.3747	18
7.37477	18
7.37478	18
7.37482	18
7.38525	18
7.38529	18
7.38534	18
7.38535	18
7.38969	18
7.38971	18
7.38972	18
7.39679	18
7.41174	18
7.41182	18
7.41182	18
7.41183	18
7.41184	18
7.4143	18
7.41436	18
7.41439	18
7.41443	18
7.4168	18
7.41683	18
7.41685	18
7.42688	18
7.42694	18
7.42694	18
7.42832	18
7.42835	18
7.42837	18
7.43137	18
7.43144	18
7.43145	18
7.43148	18
7.43532	18
7.43534	18
7.43535	18
7.45574	18
7.45574	18
7.45575	18
7.45578	18
7.45587	18
7.46081	18
7.4609	18
7.46091	18
7.46211	18
7.46229	18
7.46236	18
7.46258	18
7.46273	18
7.46294	18
7.46297	18
7.46942	18
7.46944	18
7.46955	18
7.48209	18
7.48218	18
7.48219	18
7.49273	18
7.49274	18
7.49274	18
7.49275	18
7.49275	18
7.49282	18
7.49286	18
7.49295	18
7.49298	18
7.50145	18
7.50154	18
7.5016	18
7.50164	18
7.50249	18
7.50271	18
7.50272	18
7.50517	18
7.50524	18
7.50527	18
7.50806	18
7.50809	18
7.50814	18
7.50817	18
7.51727	18
7.51762	18
7.51778	18
7.51842	18
7.51844	18
7.51862	18
7.52385	18
7.52385	18
7.52744	18
7.52744	18
7.52745	18
7.52746	18
7.52746	18
7.54138	18
7.54152	18
7.54152	18
7.55276	18
7.55277	18
7.55281	18
7.55282	18
7.55283	18
7.56022	18
7.56023	18
7.56025	18
7.57204	18
7.57205	18
7.57208	18
7.57223	18
7.57568	18
7.57572	18
7.57575	18
7.57577	18
7.57882	18
7.59989	18
7.59991	18
7.59993	18
7.61461	18
7.61461	18
7.61462	18
7.61462	18
7.61464	18
7.65021	18
7.65021	18
7.65023	18
7.65035	18
7.6524	18
7.65597	18
7.65605	18
7.65608	18
7.65611	18
7.6614	18
7.66142	18
7.66144	18
7.66146	18
7.69064	18
7.69065	18
7.69065	18
7.69214	18
7.69222	18
7.69226	18
7.69232	18
7.69233	18
7.69238	18
7.69401	18
7.69408	18
7.6941	18
7.70942	18
7.70942	18
7.70942	18
7.70948	18
7.71198	18
7.712	18
7.71204	18
7.71214	18
7.71476	18
7.71479	18
7.7163	18
7.71634	18
7.72401	18
7.72404	18
7.72406	18
7.7241	18
7.72465	18
7.72466	18
7.72471	18
7.72475	18
7.72815	18
7.72818	18
7.72824	18
7.72828	18
7.73026	18
7.73027	18
7.73042	18
7.75481	18
7.75483	18
7.75483	18
7.75484	18
7.76742	18
7.76742	18
7.7676	18
7.76761	18
7.76978	18
7.76979	18
7.7699	18
7.77021	18
8.70392	18
8.70393	18
8.70431	18
8.70433	18
8.70798	18
8.70801	18
8.70804	18
8.77605	18
8.77605	18
8.77923	18
8.77924	18
8.77927	18
8.77929	18
8.77992	18
8.78011	18
8.78065	18
8.7807	18
8.78074	18
8.78075	18
8.78753	18
8.78755	18
8.78759	18
8.78761	18
8.7879	18
8.78972	18
8.78973	18
8.78976	18
8.78984	18
8.79223	18
8.79225	18
8.79226	18
8.79704	18
8.79704	18
8.79708	18
8.79711	18
8.79733	18
8.79756	18
8.79756	18
8.80557	18
8.80561	18
8.80562	18
8.80578	18
8.80581	18
8.81538	18
8.81539	18
8.81549	18
8.81553	18
8.81691	18
8.81703	18
8.81709	18
8.81712	18
8.81732	18
8.81789	18
8.82593	18
8.82596	18
8.82597	18
8.82613	18
8.82883	18
8.82889	18
8.82908	18
8.8293	18
8.82931	18
8.82935	18
8.82938	18
8.84863	18
8.84864	18
8.84865	18
8.84872	18
8.85956	18
8.85957	18
8.85964	18
8.85974	18
8.86442	18
8.86446	18
8.86461	18
8.87428	18
8.87432	18
8.87433	18
8.8744	18
8.88255	18
8.88255	18
8.88257	18
8.88259	18
8.90635	18
8.9064	18
8.90658	18
8.90665	18
9.24511	18
9.24512	18
9.24721	18
9.24723	18
9.25046	18
9.25054	18
9.2506	18
9.25079	18
9.26043	18
9.26046	18
9.26046	18
9.26051	18
9.27341	18
9.27342	18
9.27367	18
9.28721	18
9.28724	18
9.28739	18
9.29774	18
9.29775	18
9.2978	18
9.29786	18
9.31467	18
9.31468	18
9.31468	18
9.31469	18
9.31475	18
9.31607	18
9.3161	18
9.31612	18
9.31688	18
9.31688	18
9.31695	18
9.31702	18
9.31788	18
9.31794	18
9.31811	18
9.32447	18
9.32447	18
9.32454	18
9.3246	18
9.33789	18
9.33791	18
9.33812	18
9.3564	18
9.3564	18
9.35641	18
9.35656	18
9.36686	18
9.36687	18
9.36707	18
9.3671	18
9.39094	18
9.40272	18
9.40273	18
9.40275	18
9.40296	18
9.41899	18
9.4198	18
9.41981	18
9.42129	18
9.42139	18
9.42164	18
9.42359	18
9.42359	18
9.42361	18
9.42391	18
9.42611	18
9.42614	18
9.4263	18
9.42658	18
9.47659	18
9.47662	18
9.47662	18
9.47675	18
9.47793	18
9.478	18
9.47826	18
9.49435	18
9.49436	18
9.49438	18
9.49444	18
9.50186	18
9.5019	18
9.50198	18
9.50244	18
9.51521	18
9.51523	18
9.51523	18
9.51527	18
9.51561	18
9.5164	18
9.5224	18
9.5234	18
9.52536	18
9.52545	18
9.53126	18
9.53127	18
9.54705	18
9.54709	18
9.54712	18
9.54712	18
9.54721	18
9.54723	18
9.54725	18
9.54737	18
9.56147	18
9.56153	18
9.56159	18
9.5616	18
9.56306	18
9.57428	18
9.57429	18
9.57431	18
9.57431	18
9.57435	18
9.59143	18
9.59144	18
9.59173	18
9.59282	18
9.5929	18
9.59295	18
9.61775	18
9.61777	18
9.61779	18
9.6186	18
9.61862	18
9.61865	18
9.61903	18
9.62137	18
9.62139	18
9.62143	18
9.62165	18
9.62624	18
9.62627	18
9.6263	18
9.62696	18
9.6294	18
9.62946	18
9.62946	18
9.64207	18
9.64208	18
9.64212	18
9.64212	18
9.64432	18
9.64433	18
9.64468	18
9.6447	18
9.64668	18
9.6467	18
9.64671	18
9.64681	18
9.64949	18
9.64952	18
9.64954	18
9.64969	18
9.65542	18
9.65557	18
9.65557	18
9.66282	18
9.98131	18
9.98137	18
9.98138	18
9.98315	18
9.98319	18
9.9868	18
9.9868	18
9.98684	18
9.98703	18
9.99199	18
9.99201	18
9.99203	18
9.99312	18
10.0214	18
10.0214	18
10.022	18
10.0553	18
10.0553	18
10.0553	18
10.0554	18
10.0555	18
10.0593	18
10.0593	18
10.0594	18
10.0634	18
10.0634	18
10.0634	18
10.0752	18
10.0752	18
10.076	18
10.1448	18
10.1448	18
10.1452	18
10.1456	18
10.1551	18
10.1551	18
10.1555	18
10.1619	18
10.1619	18
10.1619	18
10.1621	18
10.1678	18
10.1678	18
10.1679	18
10.1685	18
10.1725	18
10.1725	18
10.1727	18
10.2022	18
10.2022	18
10.2022	18
10.2025	18
10.2055	18
10.2055	18
10.2057	18
10.2091	18
10.2092	18
10.2096	18
10.2238	18
10.2238	18
10.2238	18
10.2241	18
10.2241	18
10.2258	18
10.2258	18
10.2258	18
10.226	18
10.2337	18
10.2338	18
10.2338	18
10.2339	18
10.2505	18
10.2505	18
10.2506	18
10.2506	18
10.2507	18
10.2507	18
10.2521	18
10.2821	18
10.2822	18
10.2822	18
10.2824	18
10.304	18
10.3041	18
10.3041	18
10.3051	18
10.3138	18
10.3138	18
10.314	18
10.3223	18
10.3223	18
10.3237	18
10.3392	18
10.3392	18
10.3392	18
10.3392	18
10.3392	18
10.3396	18
10.358	18
10.3581	18
10.3581	18
10.3584	18
10.3795	18
10.3795	18
10.3796	18
10.3796	18
10.3796	18
10.3805	18
10.3806	18
10.382	18
10.3967	18
10.3967	18
10.3978	18
10.4002	18
10.4027	18
10.4199	18
10.42	18
10.4236	18
10.4236	18
10.4364	18
10.4365	18
10.4365	18
10.4365	18
10.4365	18
10.4372	18
10.4459	18
10.446	18
10.4461	18
10.4476	18
10.4476	18
10.4476	18
10.448	18
10.6739	18
10.674	18
10.6741	18
10.6748	18
10.7073	18
10.7073	18
10.7073	18
10.7074	18
10.7076	18
10.7248	18
10.7249	18
10.7249	18
10.7249	18
10.7265	18
10.7326	18
10.7326	18
10.7327	18
10.7341	18
10.7353	18
10.7353	18
10.7355	18
10.7359	18
10.7359	18
10.7359	18
10.7378	18
10.7578	18
10.7578	18
10.7578	18
10.7597	18
10.7725	18
10.7725	18
10.7725	18
10.7729	18
10.7808	18
10.7809	18
10.7815	18
10.8114	18
10.8114	18
10.8114	18
10.8114	18
10.813	18
10.8239	18
10.8239	18
10.8239	18
10.8272	18
10.845	18
10.845	18
10.845	18
10.8464	18
10.8465	18
10.8466	18
10.8466	18
10.8484	18
10.8495	18
10.8506	18
10.8507	18
10.8513	18
10.868	18
10.8681	18
10.8681	18
10.8734	18
10.8788	18
10.8799	18
10.8799	18
10.8799	18
10.9036	18
10.9348	18
10.9348	18
10.9381	18
10.9388	18
10.9394	18
10.9394	18
10.9395	18
10.9397	18
10.9465	18
10.9465	18
10.9581	18
10.9601	18
10.9764	18
10.9766	18
10.9766	18
10.9767	18
10.9882	18
10.9937	18
10.9938	18
10.9938	18
10.9938	18
11.0247	18
11.0346	18
11.0346	18
11.0346	18
11.0346	18
11.0421	18
11.0421	18
11.0421	18
11.4858	18
11.4858	18
11.4864	18
11.4889	18
11.489	18
11.489	18
11.489	18
11.4921	18
11.4922	18
11.4922	18
11.4922	18
11.5003	18
11.5003	18
11.5005	18
11.5005	18
11.515	18
11.515	18
11.5151	18
11.5196	18
11.5196	18
11.5197	18
11.5198	18
11.5303	18
11.5303	18
11.5303	18
11.5304	18
11.5367	18
11.5367	18
11.5367	18
11.5367	18
11.5551	18
11.5551	18
11.5552	18
11.567	18
11.5671	18
11.5671	18
11.5672	18
11.5672	18
11.5673	18
11.5673	18
11.5673	18
11.5845	18
11.5845	18
11.5845	18
11.5846	18
11.602	18
11.602	18
11.6021	18
11.6026	18
11.6026	18
11.6026	18
11.6026	18
11.6095	18
11.6095	18
11.6095	18
11.6096	18
11.6723	18
11.6724	18
11.673	18
11.7271	18
11.7271	18
11.7272	18
11.7272	18
12.1001	18
12.1001	18
12.1009	18
12.1096	18
12.1097	18
12.1098	18
12.1098	18
12.1135	18
12.1135	18
12.1135	18
12.4574	18
12.4574	18
12.461	18
12.4943	18
12.4943	18
12.4943	18
12.4944	18
12.4968	18
12.4968	18
12.4968	18
12.4968	18
12.5045	18
12.5046	18
12.5049	18
12.5251	18
12.5251	18
12.5251	18
12.5252	18
12.5373	18
12.5373	18
12.5374	18
12.5374	18
12.5416	18
12.5416	18
12.5417	18
12.67	18
12.67	18
12.6866	18
12.6866	18
13.1851	18
13.1852	18
13.1876	18
13.1925	18
13.1925	18
13.1926	18
13.5581	18
13.5582	18
13.5585	18
13.6253	18
13.6256	18
13.6287	18
14.7988	18
14.7989	18
14.8011	18
14.8555	18
14.8555	18
14.8557	18
15.8208	18
15.8208	18
15.8232	18
16.8011	18
16.8012	18
16.8062	18
16.8062	18
16.8064	18
16.8064	18
16.8064	18
16.8064	18
18.1858	18
18.1864	18
18.1865	18
18.1899	18
20.6869	18
20.6871	18
20.6876	18
20.6891	18
20.6892	18
20.6892	18
20.6893	18
20.765	18
20.7651	18
20.7674	18
20.773	18
20.773	18
20.773	18
21.5617	18
21.563	18
21.563	18
21.5646	18
22.9463	18
22.9466	18
22.9467	18
23.0777	18
23.0797	18
23.0797	18
23.0797	18
23.0989	18
23.099	18
23.099	18
23.099	18
23.7497	18
23.7501	18
23.7502	18
23.7516	18
25.0538	18
25.0539	18
25.0561	18
25.0562	18
25.0563	18
25.0578	18
25.0757	18
25.0757	18
25.0757	18
25.0758	18
26.5832	18
26.5833	18
26.5848	18
27.1631	18
27.1631	18
28.418	18
28.4195	18
28.4195	18
28.4248	18
29.785	18
29.785	18
29.7851	18
31.1844	18
31.1844	18
31.1856	18
31.1936	18
31.1937	18
31.1937	18
31.5311	18
31.5311	18
32.1478	18
32.1498	18
32.1499	18
32.1548	18
32.3924	18
32.3924	18
32.3939	18
32.3962	18
32.3963	18
32.3963	18
32.3964	18
32.9856	18
32.9857	18
33.2789	18
33.2799	18
33.28	18
33.28	18
33.9752	18
33.9754	18
33.9754	18
33.9888	18
33.9888	18
33.9888	18
33.9888	18
34.5585	18
34.5587	18
34.5625	18
34.5625	18
34.6297	18
34.6298	18
34.6299	18
34.6312	18
34.6573	18
34.6574	18
34.6576	18
34.6577	18
34.6724	18
34.6724	18
34.6724	18
34.6724	18
34.8134	18
34.8135	18
34.8147	18
35.1514	18
35.1573	18
35.1574	18
35.1582	18
35.1583	18
35.1583	18
35.1585	18
35.16	18
35.1613	18
35.1613	18
35.1648	18
35.1695	18
35.1696	18
35.1697	18
35.1697	18
35.173	18
35.1731	18
35.1732	18
35.1732	18
35.1874	18
35.1874	18
36.3043	18
36.3062	18
36.3074	18
36.3074	18
36.3092	18
36.3928	18
36.3929	18
36.3936	18
37.2041	18
37.2041	18
37.2043	18
37.5646	18
37.5646	18
37.5665	18
38.1079	18
38.1081	18
38.1082	18
38.2136	18
38.2138	18
38.2147	18
39.1682	18
39.1686	18
39.1706	18
39.3946	18
39.3946	18
39.3966	18
39.8179	18
39.8182	18
39.8543	18
39.8545	18
39.8551	18
39.8552	18
39.8567	18
40.1415	18
40.1417	18
40.1423	18
44.0994	18
44.0997	18
44.1024	18
44.1054	18
44.1054	18
44.1055	18
44.1055	18
44.8239	18
44.824	18
44.8264	18
45.6783	18
45.6783	18
45.6828	18
45.8625	18
45.8626	18
46.881	18
46.8843	18
46.8843	18
46.8901	18
46.8901	18
46.9112	18
46.9112	18
46.9113	18
46.9114	18
48.1422	18
48.1423	18
48.1423	18
48.533	18
48.5344	18
48.5347	18
48.5349	18
48.5397	18
48.5397	18
48.5398	18
48.5398	18
48.8554	18
48.8555	18
49.1772	18
49.1773	18
49.1782	18
49.1784	18
49.5059	18
49.5062	18
49.5062	18
49.5078	18
49.5078	18
49.6153	18
49.6155	18
49.6156	18
49.8699	18
49.87	18
49.8733	18
50.5924	18
50.5954	18
50.5955	18
50.5961	18
51.6346	18
51.6347	18
51.6364	18
52.4	18
52.4003	18
52.4055	18
52.9113	18
52.9114	18
52.9154	18
53.1836	18
53.1836	18
53.1839	18
54.0885	18
54.0885	18
54.091	18
54.0911	18
54.0911	18
54.0911	18
54.0918	18
54.4881	18
54.4882	18
54.4949	18
54.5172	18
54.5177	18
54.5209	18
54.6967	18
54.6969	18
55.1112	18
55.1114	18
55.1117	18
55.1117	18
55.3058	18
55.3059	18
55.3094	18
55.4145	18
55.4145	18
55.4152	18
55.4264	18
55.4463	18
55.4463	18
55.4463	18
55.4463	18
56.3254	18
56.3254	18
56.3281	18
56.7558	18
56.7559	18
56.7573	18
57.391	18
57.3911	18
57.3913	18
57.649	18
57.6519	18
57.6522	18
57.6528	18
57.684	18
57.684	18
58.0947	18
58.0958	18
58.0959	18
58.1023	18
59.2343	18
59.2346	18
59.2348	18
59.2502	18
59.2502	18
59.2502	18
59.2502	18
61.6541	18
61.6544	18
61.8461	18
61.8494	18
61.8495	18
61.8502	18
61.8724	18
61.8725	18
61.8736	18
61.8843	18
61.9055	18
61.9134	18
61.9134	18
61.9134	18
61.9135	18
61.9135	18
62.108	18
62.108	18
62.11	18
62.2787	18
62.2789	18
62.2804	18
62.5181	18
62.5182	18
62.52	18
63.3779	18
63.3782	18
63.3793	18
63.5799	18
63.5804	18
63.5806	18
63.8954	18
63.8957	18
63.8971	18
64.9342	18
64.9344	18
64.948	18
64.9481	18
66.091	18
66.0913	18
66.0924	18
67.0601	18
67.0601	18
67.0632	18
67.0644	18
67.0644	18
67.0645	18
67.0645	18
67.145	18
67.1452	18
67.1469	18
68.6121	18
68.6125	18
68.6125	18
69.3077	18
69.3078	18
69.3107	18
69.4106	18
69.4107	18
69.4107	18
69.7473	18
69.7474	18
69.7474	18
70.3207	18
70.3211	18
70.3219	18
70.9968	18
70.9973	18
70.9973	18
70.998	18
71.0092	18
71.1341	18
71.1344	18
71.1345	18
71.1357	18
71.3331	18
71.3332	18
71.3351	18
71.5175	18
71.5177	18
71.5178	18
72.2732	18
72.2733	18
72.2733	18
72.2742	18
72.4779	18
72.478	18
72.4804	18
72.6804	18
72.6807	18
73.0597	18
73.0607	18
73.0609	18
73.0648	18
73.2398	18
73.2399	18
73.2399	18
73.5715	18
73.5715	18
73.5731	18
73.5849	18
73.5849	18
73.585	18
73.5851	18
74.5452	18
74.5453	18
74.5478	18
76.6127	18
76.6135	18
76.6138	18
76.6139	18
76.7685	18
76.7685	18
77.337	18
77.3377	18
77.3379	18
77.3387	18
77.3397	18
77.353	18
77.353	18
77.353	18
77.3531	18
77.3573	18
77.3709	18
77.3835	18
77.3835	18
77.3836	18
77.3836	18
77.3836	18
77.7632	18
77.7634	18
77.7737	18
78.4266	18
78.427	18
78.4328	18
78.4328	18
78.5876	18
78.5886	18
78.5886	18
78.5909	18
78.6388	18
78.6389	18
78.6398	18
78.8801	18
78.8804	18
78.8817	18
78.8818	18
79.0993	18
79.0994	18
79.0998	18
79.0999	18
79.1	18
79.1	18
79.1001	18
79.8513	18
79.8527	18
79.8528	18
79.8635	18
81.065	18
81.0652	18
81.0652	18
81.339	18
81.339	18
81.3392	18
81.5046	18
81.505	18
81.5059	18
82.2871	18
82.2879	18
82.2924	18
82.8226	18
82.8226	18
82.8271	18
82.8271	18
83.2712	18
83.2713	18
83.2731	18
83.6767	18
83.6768	18
84.1971	18
84.1973	18
84.1975	18
84.1985	18
84.4325	18
84.433	18
84.4332	18
84.4352	18
84.9723	18
84.9725	18
84.9735	18
85.3097	18
85.3099	18
85.31	18
85.3146	18
85.3727	18
85.3728	18
85.3729	18
85.5136	18
85.5142	18
85.5151	18
85.8498	18
85.8506	18
87.3108	18
87.3121	18
87.3122	18
87.3125	18
88.323	18
88.3237	18
88.3239	18
88.6355	18
88.6358	18
88.636	18
88.6399	18
89.136	18
89.136	18
89.1362	18
89.3627	18
89.3628	18
89.3647	18
89.7103	18
89.7106	18
89.7146	18
89.7463	18
89.7806	18
89.7814	18
89.7815	18
89.7815	18
91.5766	18
91.5766	18
91.577	18
91.7659	18
91.766	18
91.7702	18
93.1092	18
93.1094	18
93.1149	18
93.5964	18
93.5972	18
93.5995	18
96.2637	18
96.2638	18
96.2641	18
96.2831	18
96.2832	18
96.2832	18
96.5764	18
96.5767	18
96.5805	18
96.8779	18
96.8802	18
96.8805	18
98.2452	18
98.2453	18
98.2453	18
98.2454	18
98.247	18
98.7068	18
98.7068	18
99.8984	18
99.9002	18
99.9005	18
99.9039	18
99.9773	18
99.9778	18
99.9782	18
