6.44432e-11	0
1.58906e-10	1
4.77079e-10	2
7.83172e-10	3
1.16938e-09	4
1.19368e-09	5
1.5651e-09	6
3.21071e-09	7
3.85851e-09	8
5.16638e-09	9
5.90793e-09	10
6.59239e-09	11
8.61152e-09	12
8.68678e-09	13
8.94674e-09	14
9.32393e-09	15
1.72472e-08	16
2.01888e-08	17
2.31689e-08	17
2.35482e-08	18
2.86528e-08	18
2.98e-08	18
3.03137e-08	18
4.58421e-08	18
4.64515e-08	18
5.35208e-08	18
5.65881e-08	18
6.00053e-08	18
6.20312e-08	18
7.65576e-08	18
7.69077e-08	18
8.30669e-08	18
8.62713e-08	18
1.0135e-07	18
1.10641e-07	18
1.10778e-07	18
1.18069e-07	18
1.40113e-07	18
1.57438e-07	18
1.69416e-07	18
1.70775e-07	18
1.78301e-07	18
2.20449e-07	18
2.30427e-07	18
2.37354e-07	18
2.65807e-07	18
2.72696e-07	18
2.79758e-07	18
2.83343e-07	18
2.86625e-07	18
2.91053e-07	18
2.91233e-07	18
2.95863e-07	18
3.27276e-07	18
3.28509e-07	18
3.30986e-07	18
3.45465e-07	18
3.50668e-07	18
3.66576e-07	18
3.67186e-07	18
3.73574e-07	18
3.7748e-07	18
3.84345e-07	18
3.89114e-07	18
3.91034e-07	18
3.93637e-07	18
4.01395e-07	18
4.0455e-07	18
4.05541e-07	18
4.13185e-07	18
4.21745e-07	18
4.30438e-07	18
4.42304e-07	18
4.43238e-07	18
4.45433e-07	18
4.52402e-07	18
4.56574e-07	18
4.62809e-07	18
4.67805e-07	18
4.72571e-07	18
4.76729e-07	18
4.79392e-07	18
4.80532e-07	18
4.9162e-07	18
4.93085e-07	18
4.94787e-07	18
5.00525e-07	18
5.06433e-07	18
5.09496e-07	18
5.10554e-07	18
5.1194e-07	18
5.15858e-07	18
5.29786e-07	18
5.32611e-07	18
5.41266e-07	18
5.43299e-07	18
5.53542e-07	18
5.57424e-07	18
5.69111e-07	18
5.84229e-07	18
5.90722e-07	18
5.95368e-07	18
6.10348e-07	18
6.13533e-07	18
6.2556e-07	18
6.34574e-07	18
6.36621e-07	18
6.42799e-07	18
6.47905e-07	18
6.66645e-07	18
6.67601e-07	18
6.79349e-07	18
6.92721e-07	18
7.04234e-07	18
7.08869e-07	18
7.38389e-07	18
7.42552e-07	18
7.45566e-07	18
7.49392e-07	18
7.5118e-07	18
7.6025e-07	18
7.78692e-07	18
7.80094e-07	18
7.8492e-07	18
8.06482e-07	18
8.1331e-07	18
8.18961e-07	18
8.20671e-07	18
8.34785e-07	18
8.54525e-07	18
8.56392e-07	18
8.58118e-07	18
8.58402e-07	18
8.59052e-07	18
8.59221e-07	18
8.68762e-07	18
8.83646e-07	18
8.91642e-07	18
9.01461e-07	18
9.12784e-07	18
9.18584e-07	18
9.32956e-07	18
9.33098e-07	18
9.43089e-07	18
9.43835e-07	18
9.54295e-07	18
9.54504e-07	18
9.55489e-07	18
9.58478e-07	18
9.70593e-07	18
9.79867e-07	18
1.00174e-06	18
1.02267e-06	18
1.02438e-06	18
1.04126e-06	18
1.05461e-06	18
1.05818e-06	18
1.07473e-06	18
1.0797e-06	18
1.08648e-06	18
1.0948e-06	18
1.10501e-06	18
1.10546e-06	18
1.11756e-06	18
1.1271e-06	18
1.12805e-06	18
1.13172e-06	18
1.14178e-06	18
1.1542e-06	18
1.16148e-06	18
1.18167e-06	18
1.20902e-06	18
1.21526e-06	18
1.21959e-06	18
1.2263e-06	18
1.23453e-06	18
1.24271e-06	18
1.24651e-06	18
1.28386e-06	18
1.29757e-06	18
1.34737e-06	18
1.35142e-06	18
1.36872e-06	18
1.38e-06	18
1.38356e-06	18
1.38611e-06	18
1.45146e-06	18
1.4586e-06	18
1.46141e-06	18
1.46579e-06	18
1.47777e-06	18
1.488e-06	18
1.49293e-06	18
1.49641e-06	18
1.49764e-06	18
1.53474e-06	18
1.54472e-06	18
1.5704e-06	18
1.63795e-06	18
1.66632e-06	18
1.68319e-06	18
1.70184e-06	18
1.7099e-06	18
1.75e-06	18
1.75312e-06	18
1.77407e-06	18
1.79603e-06	18
1.81733e-06	18
1.82553e-06	18
1.85046e-06	18
1.87352e-06	18
1.8788e-06	18
1.90785e-06	18
1.9114e-06	18
1.91908e-06	18
1.92217e-06	18
1.97026e-06	18
1.98294e-06	18
1.98995e-06	18
2.01215e-06	18
2.01572e-06	18
2.03263e-06	18
2.07111e-06	18
2.12292e-06	18
2.15012e-06	18
2.16409e-06	18
2.21203e-06	18
2.23916e-06	18
2.24368e-06	18
2.24801e-06	18
2.25164e-06	18
2.26105e-06	18
2.29752e-06	18
2.34334e-06	18
2.35391e-06	18
2.44664e-06	18
2.48683e-06	18
2.49201e-06	18
2.5319e-06	18
2.53209e-06	18
2.55635e-06	18
2.59231e-06	18
2.59641e-06	18
2.60392e-06	18
2.61732e-06	18
2.67132e-06	18
2.69665e-06	18
2.70366e-06	18
2.82533e-06	18
2.87393e-06	18
2.91063e-06	18
3.08752e-06	18
3.11334e-06	18
3.13794e-06	18
3.29657e-06	18
3.30385e-06	18
3.36289e-06	18
3.38984e-06	18
3.47616e-06	18
3.48486e-06	18
3.49881e-06	18
3.52007e-06	18
3.52823e-06	18
3.5328e-06	18
3.54624e-06	18
3.597e-06	18
3.65125e-06	18
3.67509e-06	18
3.70222e-06	18
3.72535e-06	18
3.7384e-06	18
3.76304e-06	18
3.7843e-06	18
3.80442e-06	18
3.82751e-06	18
3.85584e-06	18
4.0074e-06	18
4.04936e-06	18
4.08796e-06	18
4.1958e-06	18
4.22492e-06	18
4.26151e-06	18
4.38198e-06	18
4.38963e-06	18
4.46695e-06	18
4.48447e-06	18
4.50226e-06	18
4.52942e-06	18
4.58751e-06	18
4.60712e-06	18
5.75928e-06	18
5.92052e-06	18
5.93275e-06	18
5.9401e-06	18
6.307e-06	18
6.77969e-06	18
7.50115e-06	18
7.56309e-06	18
7.62349e-06	18
7.63112e-06	18
7.71035e-06	18
7.75399e-06	18
7.8372e-06	18
7.85218e-06	18
7.90092e-06	18
8.27651e-06	18
8.54285e-06	18
8.64013e-06	18
8.71079e-06	18
8.92176e-06	18
9.06542e-06	18
9.08203e-06	18
9.59231e-06	18
9.73307e-06	18
1.02232e-05	18
1.09026e-05	18
1.11387e-05	18
1.12071e-05	18
1.17505e-05	18
1.20515e-05	18
1.21892e-05	18
1.23246e-05	18
1.26587e-05	18
1.2685e-05	18
1.27227e-05	18
1.30367e-05	18
1.402e-05	18
1.42595e-05	18
1.42625e-05	18
1.52957e-05	18
1.61881e-05	18
1.63309e-05	18
1.63662e-05	18
1.64914e-05	18
1.68272e-05	18
1.71199e-05	18
1.73968e-05	18
1.75036e-05	18
1.75123e-05	18
1.8405e-05	18
1.87215e-05	18
1.93727e-05	18
1.95172e-05	18
2.05297e-05	18
2.08895e-05	18
2.20304e-05	18
2.24259e-05	18
2.26955e-05	18
2.39393e-05	18
2.40649e-05	18
2.41146e-05	18
2.48931e-05	18
2.49206e-05	18
2.53403e-05	18
2.5865e-05	18
2.60465e-05	18
2.61147e-05	18
2.62709e-05	18
2.6347e-05	18
2.64519e-05	18
2.64693e-05	18
2.74617e-05	18
2.76692e-05	18
2.77801e-05	18
2.89364e-05	18
2.90627e-05	18
2.92099e-05	18
2.92523e-05	18
2.96979e-05	18
3.08943e-05	18
3.13077e-05	18
3.14395e-05	18
3.15692e-05	18
3.18062e-05	18
3.18163e-05	18
3.22964e-05	18
3.32908e-05	18
3.38145e-05	18
3.403e-05	18
3.47923e-05	18
3.49388e-05	18
3.52558e-05	18
3.55842e-05	18
3.69342e-05	18
3.73225e-05	18
3.78845e-05	18
3.82235e-05	18
3.85744e-05	18
3.86088e-05	18
3.89801e-05	18
3.94765e-05	18
3.9917e-05	18
4.0241e-05	18
4.04312e-05	18
4.11018e-05	18
4.12325e-05	18
4.20994e-05	18
4.34983e-05	18
4.44163e-05	18
4.45081e-05	18
4.45778e-05	18
4.59461e-05	18
4.7006e-05	18
4.72689e-05	18
4.72949e-05	18
4.74548e-05	18
4.81001e-05	18
4.88191e-05	18
4.88908e-05	18
4.89736e-05	18
4.92285e-05	18
4.93057e-05	18
5.062e-05	18
5.40956e-05	18
5.42808e-05	18
5.48354e-05	18
5.53199e-05	18
5.56003e-05	18
5.56654e-05	18
5.60983e-05	18
5.61849e-05	18
5.75045e-05	18
5.75861e-05	18
5.80796e-05	18
5.87699e-05	18
5.88845e-05	18
5.88906e-05	18
5.92874e-05	18
6.01025e-05	18
6.07796e-05	18
6.09479e-05	18
6.21285e-05	18
6.21424e-05	18
6.23388e-05	18
6.33181e-05	18
6.34118e-05	18
6.40685e-05	18
6.41636e-05	18
6.42983e-05	18
6.44526e-05	18
6.49366e-05	18
6.51641e-05	18
6.53061e-05	18
6.6321e-05	18
6.64427e-05	18
6.70398e-05	18
6.71483e-05	18
6.74135e-05	18
6.76323e-05	18
6.78901e-05	18
6.90698e-05	18
6.97487e-05	18
7.03149e-05	18
7.0661e-05	18
7.18451e-05	18
7.22059e-05	18
7.23578e-05	18
7.3373e-05	18
7.36302e-05	18
7.4158e-05	18
7.52896e-05	18
7.5338e-05	18
7.55478e-05	18
7.70876e-05	18
7.71167e-05	18
7.72144e-05	18
7.75813e-05	18
7.76526e-05	18
7.7989e-05	18
7.99459e-05	18
8.01024e-05	18
8.22223e-05	18
8.22299e-05	18
8.24809e-05	18
8.32409e-05	18
8.49492e-05	18
8.74477e-05	18
8.79504e-05	18
8.80411e-05	18
8.87824e-05	18
9.33536e-05	18
9.57856e-05	18
9.66317e-05	18
9.6655e-05	18
9.82232e-05	18
0.000102868	18
0.000104784	18
0.00011039	18
0.000113164	18
0.000119845	18
0.000122798	18
0.000123329	18
0.00012458	18
0.000126608	18
0.000126705	18
0.000127525	18
0.000128573	18
0.000128707	18
0.000131081	18
0.000134688	18
0.000135446	18
0.000140024	18
0.000144602	18
0.00014481	18
0.000148409	18
0.00015121	18
0.000162988	18
0.000165247	18
0.000170554	18
0.000176721	18
0.000178621	18
0.000180669	18
0.000186807	18
0.000190537	18
0.00019173	18
0.000197009	18
0.000199423	18
0.000200365	18
0.000201856	18
0.000203416	18
0.000204712	18
0.00021474	18
0.000216255	18
0.000216449	18
0.000231319	18
0.000243383	18
0.000252642	18
0.000270295	18
0.000288705	18
0.000290182	18
0.000325027	18
0.000330776	18
0.000340631	18
0.000371555	18
0.000431167	18
0.000441365	18
0.000443066	18
0.000486714	18
0.000553389	18
0.000622461	18
0.000626709	18
0.000652032	18
0.000753278	18
0.000855398	18
0.000925575	18
0.000975508	18
0.000992378	18
0.00100444	18
0.00106491	18
0.00106862	18
0.00107227	18
0.0010733	18
0.00107378	18
0.00108104	18
0.00108485	18
0.00108897	18
0.00109417	18
0.00109801	18
0.00110149	18
0.00111143	18
0.00111363	18
0.00113045	18
0.00115581	18
0.00116739	18
0.00119629	18
0.00130506	18
0.00179993	18
0.00230585	18
0.0023064	18
0.00231145	18
0.00231257	18
0.00231275	18
0.00231304	18
0.00231457	18
0.00231518	18
0.0023154	18
0.00231824	18
0.00231927	18
0.00232186	18
0.00232189	18
0.00232201	18
0.00232558	18
0.0023308	18
0.00234415	18
0.00235191	18
0.00235428	18
0.00237567	18
0.00238397	18
0.00251636	18
0.0026054	18
0.00265848	18
0.00272405	18
0.00311582	18
0.00371998	18
0.00372853	18
0.00410949	18
0.00414111	18
0.00419379	18
0.00420365	18
0.00436619	18
0.00608799	18
0.0061158	18
0.00649534	18
0.00668594	18
0.00709924	18
0.00778358	18
0.00826697	18
0.00826877	18
0.00827031	18
0.008303	18
0.00833485	18
0.0083508	18
0.00914316	18
0.00918328	18
0.0110461	18
0.0110462	18
0.0110474	18
0.0110487	18
0.0110498	18
0.0110499	18
0.0110504	18
0.0110508	18
0.0110513	18
0.0110522	18
0.0110528	18
0.0110533	18
0.011054	18
0.0110542	18
0.0110555	18
0.011057	18
0.0110621	18
0.0110623	18
0.0110672	18
0.0110732	18
0.0110733	18
0.011077	18
0.0110775	18
0.0110782	18
0.0110797	18
0.011082	18
0.0110883	18
0.0110888	18
0.0111009	18
0.0111016	18
0.0111021	18
0.0111138	18
0.0111326	18
0.0111495	18
0.0111609	18
0.0111853	18
0.0112396	18
0.0112436	18
0.0112454	18
0.0112482	18
0.0112495	18
0.0112556	18
0.0112591	18
0.0112627	18
0.0112634	18
0.0112782	18
0.0112787	18
0.0112963	18
0.0113494	18
0.0113519	18
0.0113656	18
0.0114502	18
0.0114787	18
0.0114976	18
0.0115382	18
0.0115459	18
0.0115518	18
0.0115714	18
0.0115744	18
0.0116228	18
0.011644	18
0.0116568	18
0.0116825	18
0.0119053	18
0.0121928	18
0.0123238	18
0.0124284	18
0.0128299	18
0.012921	18
0.0129648	18
0.013048	18
0.0132034	18
0.0135175	18
0.0141034	18
0.0141034	18
0.0141035	18
0.0141037	18
0.014104	18
0.0141043	18
0.0141043	18
0.0141046	18
0.0141048	18
0.014105	18
0.014105	18
0.0141052	18
0.0141052	18
0.0141064	18
0.0141065	18
0.0141072	18
0.0141073	18
0.0141075	18
0.0141079	18
0.014108	18
0.0141091	18
0.0141098	18
0.0141105	18
0.0141109	18
0.0141114	18
0.0141119	18
0.0141121	18
0.0141128	18
0.0141132	18
0.0141135	18
0.0141135	18
0.0141149	18
0.0141156	18
0.0141159	18
0.0141163	18
0.014118	18
0.0141183	18
0.0141193	18
0.0141204	18
0.0141236	18
0.0141241	18
0.014129	18
0.0141336	18
0.0141359	18
0.0141412	18
0.0141457	18
0.0141483	18
0.0141483	18
0.0141519	18
0.0141539	18
0.0141583	18
0.0141639	18
0.0141697	18
0.0142465	18
0.0154389	18
0.0154416	18
0.0154442	18
0.0154497	18
0.0154498	18
0.0154539	18
0.0154539	18
0.0154549	18
0.0154561	18
0.0154566	18
0.0154669	18
0.0154686	18
0.0154733	18
0.0154747	18
0.0154893	18
0.0154913	18
0.0154931	18
0.0155048	18
0.0155069	18
0.0155124	18
0.0155131	18
0.0155167	18
0.0155191	18
0.0155329	18
0.0155581	18
0.0155666	18
0.0155675	18
0.0155675	18
0.0155681	18
0.0155717	18
0.0155774	18
0.0155805	18
0.0155827	18
0.0155904	18
0.0155905	18
0.0155949	18
0.0156019	18
0.0156265	18
0.0156295	18
0.0156419	18
0.0156599	18
0.0156705	18
0.0156802	18
0.0156911	18
0.0156965	18
0.0157227	18
0.0157659	18
0.0157686	18
0.0157803	18
0.015794	18
0.015801	18
0.0158098	18
0.0158457	18
0.0158541	18
0.015867	18
0.0158829	18
0.0159063	18
0.0159113	18
0.0159314	18
0.0159728	18
0.0160035	18
0.0160254	18
0.0160313	18
0.0160438	18
0.0160448	18
0.0160471	18
0.0160893	18
0.0161098	18
0.0161204	18
0.0161836	18
0.0161911	18
0.0161927	18
0.0162208	18
0.0162605	18
0.0163033	18
0.0163106	18
0.0163544	18
0.016403	18
0.0164534	18
0.0164638	18
0.016464	18
0.0164693	18
0.0164751	18
0.0164787	18
0.0164871	18
0.0164954	18
0.0164977	18
0.0165013	18
0.0165016	18
0.0165115	18
0.0165199	18
0.0165227	18
0.0165239	18
0.0165324	18
0.016537	18
0.0165379	18
0.01654	18
0.0165412	18
0.0165644	18
0.0165698	18
0.0165772	18
0.0165812	18
0.0165901	18
0.0165907	18
0.0165918	18
0.0166036	18
0.0166051	18
0.0166781	18
0.016679	18
0.0166977	18
0.0167033	18
0.0167147	18
0.0167171	18
0.0167249	18
0.0167402	18
0.016747	18
0.0167514	18
0.0167591	18
0.0167615	18
0.0167674	18
0.0167704	18
0.0167711	18
0.0167717	18
0.0167725	18
0.0167737	18
0.0167741	18
0.016776	18
0.0167763	18
0.016778	18
0.0167794	18
0.0167811	18
0.0167828	18
0.0167888	18
0.016789	18
0.0167934	18
0.0167943	18
0.0167947	18
0.0167965	18
0.0167972	18
0.0167973	18
0.0167988	18
0.0168058	18
0.0168064	18
0.0168124	18
0.0168183	18
0.0168189	18
0.0168246	18
0.016847	18
0.0168482	18
0.0168599	18
0.0168629	18
0.016867	18
0.0168696	18
0.0168743	18
0.0168789	18
0.0168827	18
0.0168947	18
0.0168967	18
0.0168985	18
0.0169259	18
0.0169414	18
0.0169564	18
0.0169758	18
0.0170324	18
0.0170339	18
0.0170837	18
0.0171029	18
0.017113	18
0.0171266	18
0.017152	18
0.0172007	18
0.0172098	18
0.0172241	18
0.0172241	18
0.0172432	18
0.017256	18
0.0173039	18
0.0173231	18
0.0173235	18
0.0173353	18
0.017389	18
0.0174747	18
0.0175096	18
0.0175283	18
0.0175416	18
0.0175477	18
0.0176405	18
0.0177137	18
0.0177413	18
0.0177574	18
0.017774	18
0.0178296	18
0.01784	18
0.0178412	18
0.0178427	18
0.0178497	18
0.0178735	18
0.0178823	18
0.0178968	18
0.0179461	18
0.0179567	18
0.0180432	18
0.0181169	18
0.0182425	18
0.0182428	18
0.0182434	18
0.0182439	18
0.018245	18
0.0182464	18
0.0182465	18
0.018249	18
0.0182492	18
0.0182496	18
0.0182499	18
0.0182501	18
0.0182507	18
0.0182536	18
0.0182542	18
0.0182549	18
0.0182549	18
0.018255	18
0.0182555	18
0.0182577	18
0.0182582	18
0.0182586	18
0.0182612	18
0.0182612	18
0.0182618	18
0.0182649	18
0.0182657	18
0.0182715	18
0.0182715	18
0.0182725	18
0.0182814	18
0.018344	18
0.0183459	18
0.0185955	18
0.0188303	18
0.0188341	18
0.0188882	18
0.0189066	18
0.0193046	18
0.0193046	18
0.0193049	18
0.0193051	18
0.0193053	18
0.0193064	18
0.0193066	18
0.0193068	18
0.0193073	18
0.0193073	18
0.0193075	18
0.0193077	18
0.0193087	18
0.01931	18
0.0193103	18
0.0193112	18
0.0193115	18
0.0193159	18
0.0193241	18
0.0193296	18
0.0193486	18
0.0193515	18
0.0194537	18
0.0194605	18
0.0199448	18
0.0199462	18
0.0199463	18
0.0199464	18
0.0199485	18
0.0199497	18
0.0199498	18
0.0199525	18
0.0199595	18
0.0199596	18
0.0199617	18
0.0199631	18
0.0199686	18
0.0199704	18
0.0199718	18
0.0199765	18
0.0199897	18
0.0200022	18
0.0200119	18
0.0200298	18
0.0200457	18
0.0200961	18
0.0201185	18
0.0257136	18
0.0257136	18
0.0257136	18
0.0257136	18
0.0257138	18
0.0257138	18
0.0257138	18
0.0257138	18
0.025714	18
0.0257141	18
0.0257143	18
0.0257145	18
0.025715	18
0.0257153	18
0.0257157	18
0.0257157	18
0.0257157	18
0.025716	18
0.025716	18
0.0257161	18
0.0257163	18
0.0257165	18
0.0257166	18
0.0257168	18
0.0257168	18
0.0257169	18
0.0257169	18
0.0257171	18
0.0257172	18
0.0257175	18
0.0257177	18
0.0257178	18
0.0257179	18
0.0257185	18
0.0257186	18
0.025719	18
0.0257191	18
0.0257199	18
0.0257202	18
0.0257211	18
0.0257314	18
0.0257388	18
0.0257414	18
0.0257458	18
0.0257463	18
0.0257471	18
0.0257479	18
0.0257526	18
0.025753	18
0.0257605	18
0.0257649	18
0.0257684	18
0.0257692	18
0.0257733	18
0.0257748	18
0.0257757	18
0.0257763	18
0.0257764	18
0.0257775	18
0.0257796	18
0.0257856	18
0.0257889	18
0.0257916	18
0.0257923	18
0.0257949	18
0.0257965	18
0.0257976	18
0.0257986	18
0.0258023	18
0.0258065	18
0.0258086	18
0.0258089	18
0.0258107	18
0.0258113	18
0.0258119	18
0.025813	18
0.0258132	18
0.0258246	18
0.0258492	18
0.0258521	18
0.025858	18
0.0258614	18
0.0258657	18
0.0258726	18
0.0258758	18
0.0258883	18
0.0258888	18
0.0258978	18
0.0259007	18
0.0259013	18
0.0259266	18
0.0259271	18
0.0259316	18
0.0259333	18
0.0259344	18
0.0259367	18
0.0259559	18
0.0259562	18
0.0259592	18
0.0259615	18
0.0259684	18
0.0259722	18
0.025973	18
0.0259866	18
0.0259895	18
0.0259898	18
0.0259954	18
0.0259963	18
0.0259971	18
0.0260285	18
0.0260335	18
0.0260526	18
0.0260538	18
0.0260662	18
0.0260736	18
0.026074	18
0.0260846	18
0.0260849	18
0.0260939	18
0.0260986	18
0.0261009	18
0.0261373	18
0.0261582	18
0.0261617	18
0.0261708	18
0.026186	18
0.0261977	18
0.0262081	18
0.0262229	18
0.0262292	18
0.0262372	18
0.0262431	18
0.026248	18
0.0262656	18
0.0263046	18
0.0263293	18
0.0263454	18
0.0263522	18
0.0263536	18
0.0263561	18
0.0263574	18
0.0263613	18
0.0263637	18
0.0263815	18
0.0263895	18
0.0264057	18
0.0264113	18
0.0264251	18
0.0264266	18
0.0264272	18
0.026433	18
0.0264407	18
0.0264629	18
0.0264674	18
0.026503	18
0.0265082	18
0.02651	18
0.0265128	18
0.026515	18
0.0265194	18
0.0265255	18
0.0265346	18
0.0265358	18
0.0265392	18
0.0265422	18
0.0265661	18
0.0265688	18
0.0265709	18
0.0265751	18
0.0266801	18
0.0266804	18
0.0266834	18
0.0267048	18
0.0267381	18
0.026748	18
0.0267852	18
0.0268121	18
0.0268159	18
0.026882	18
0.0268867	18
0.0269931	18
0.0270291	18
0.0270338	18
0.0270368	18
0.0271831	18
0.0271832	18
0.0271833	18
0.0271837	18
0.027184	18
0.0271848	18
0.0271854	18
0.0271857	18
0.0271857	18
0.0271876	18
0.0271881	18
0.0271885	18
0.0271886	18
0.0271902	18
0.0271903	18
0.0271914	18
0.0271939	18
0.0271946	18
0.0271949	18
0.0271969	18
0.0271973	18
0.0271992	18
0.0271996	18
0.0272055	18
0.0272102	18
0.0272147	18
0.0272217	18
0.0272217	18
0.0272227	18
0.0272569	18
0.0272759	18
0.0272804	18
0.0273819	18
0.0274019	18
0.0274062	18
0.0274069	18
0.0274126	18
0.0274141	18
0.0274157	18
0.0274203	18
0.0274206	18
0.02743	18
0.027431	18
0.027434	18
0.0274349	18
0.027436	18
0.0274395	18
0.0274801	18
0.027496	18
0.0275108	18
0.0275252	18
0.027543	18
0.0276062	18
0.0276117	18
0.0277	18
0.0277042	18
0.027921	18
0.028196	18
0.0282475	18
0.0282511	18
0.0282523	18
0.0282537	18
0.0282564	18
0.0282597	18
0.0282622	18
0.028263	18
0.0282658	18
0.028269	18
0.0282693	18
0.0282744	18
0.0282765	18
0.0282808	18
0.0282851	18
0.0282879	18
0.02829	18
0.0283077	18
0.0283146	18
0.0283274	18
0.028329	18
0.0283293	18
0.0283296	18
0.0283297	18
0.0283302	18
0.0283308	18
0.028331	18
0.0283333	18
0.0283337	18
0.0283342	18
0.0283347	18
0.0283351	18
0.0283358	18
0.0283378	18
0.0283401	18
0.0283401	18
0.0283422	18
0.0283425	18
0.0283428	18
0.0283436	18
0.0283438	18
0.0283459	18
0.0283475	18
0.0283488	18
0.0283488	18
0.0283516	18
0.0283557	18
0.0283575	18
0.0283579	18
0.0283586	18
0.0283599	18
0.0283616	18
0.0283638	18
0.0283645	18
0.0283664	18
0.0283685	18
0.0283693	18
0.0283695	18
0.0283717	18
0.0283718	18
0.0283726	18
0.0283781	18
0.0283843	18
0.028397	18
0.0284466	18
0.0288608	18
0.0288736	18
0.0288751	18
0.028877	18
0.0288849	18
0.0288878	18
0.0288906	18
0.0288926	18
0.0288969	18
0.0288981	18
0.0288987	18
0.028902	18
0.028908	18
0.028911	18
0.0289857	18
0.0290118	18
0.0292222	18
0.0301033	18
0.0301045	18
0.030105	18
0.0301051	18
0.0301061	18
0.0301064	18
0.0301064	18
0.0301072	18
0.0301072	18
0.0301074	18
0.0301077	18
0.0301079	18
0.0301085	18
0.0301098	18
0.0301099	18
0.0301101	18
0.0301101	18
0.0301102	18
0.0301104	18
0.0301112	18
0.0301119	18
0.0301134	18
0.0301137	18
0.0301138	18
0.0301143	18
0.0301157	18
0.0301164	18
0.0301167	18
0.030117	18
0.0301174	18
0.0301191	18
0.0301196	18
0.0301197	18
0.0301207	18
0.0301217	18
0.030122	18
0.0301221	18
0.0301226	18
0.0301241	18
0.0301313	18
0.0301318	18
0.0301319	18
0.0301338	18
0.0301394	18
0.0301406	18
0.0301544	18
0.0301568	18
0.030159	18
0.0301595	18
0.0301772	18
0.030189	18
0.0304162	18
0.0304164	18
0.0304165	18
0.0304171	18
0.0304176	18
0.0304177	18
0.030418	18
0.0304181	18
0.0304184	18
0.0304185	18
0.0304186	18
0.0304187	18
0.0304187	18
0.0304189	18
0.030419	18
0.0304195	18
0.0304198	18
0.0304199	18
0.0304206	18
0.0304207	18
0.0304213	18
0.0304213	18
0.0304214	18
0.0304216	18
0.030422	18
0.0304227	18
0.0304228	18
0.0304238	18
0.0304239	18
0.030424	18
0.030424	18
0.0304245	18
0.0304253	18
0.0304266	18
0.0304267	18
0.0304272	18
0.0304273	18
0.0304277	18
0.0304278	18
0.0304293	18
0.0304303	18
0.0304303	18
0.0304318	18
0.0304328	18
0.0304346	18
0.0304353	18
0.0304357	18
0.0304378	18
0.030438	18
0.0304421	18
0.0304448	18
0.0304477	18
0.0304567	18
0.0304572	18
0.0304584	18
0.0304599	18
0.0304645	18
0.0304645	18
0.0304686	18
0.0304711	18
0.0304852	18
0.0304912	18
0.0304948	18
0.03052	18
0.0306463	18
0.0306664	18
0.0331119	18
0.0331544	18
0.0331599	18
0.0331622	18
0.0331651	18
0.0331876	18
0.0331999	18
0.0332113	18
0.0332202	18
0.0332712	18
0.0332763	18
0.0333221	18
0.0333844	18
0.0334108	18
0.0334157	18
0.0334496	18
0.0334787	18
0.0335376	18
0.0335377	18
0.0335377	18
0.0335377	18
0.0335383	18
0.0335384	18
0.033539	18
0.0335391	18
0.0335393	18
0.0335394	18
0.0335397	18
0.03354	18
0.0335402	18
0.0335404	18
0.0335405	18
0.0335408	18
0.0335408	18
0.0335417	18
0.0335417	18
0.0335424	18
0.0335427	18
0.0335434	18
0.0335439	18
0.0335444	18
0.033545	18
0.0335451	18
0.0335457	18
0.0335462	18
0.0335487	18
0.0335491	18
0.0335494	18
0.0335507	18
0.0335517	18
0.0335525	18
0.0335533	18
0.0335538	18
0.0335558	18
0.0335558	18
0.0335558	18
0.0335561	18
0.0335569	18
0.0335578	18
0.0335589	18
0.0335598	18
0.0335601	18
0.0335612	18
0.0335661	18
0.0335685	18
0.0335687	18
0.0335765	18
0.0335835	18
0.0335955	18
0.0336121	18
0.0336237	18
0.0336574	18
0.0338054	18
0.0338246	18
0.0338288	18
0.0339371	18
0.0339798	18
0.0340561	18
0.0340663	18
0.0340929	18
0.0341117	18
0.0341165	18
0.0341189	18
0.0341529	18
0.0343174	18
0.0344668	18
0.0344683	18
0.034469	18
0.0344693	18
0.0344714	18
0.0344738	18
0.0344743	18
0.0344751	18
0.0344754	18
0.0344773	18
0.0344862	18
0.0344975	18
0.0344975	18
0.0345139	18
0.0345147	18
0.0345242	18
0.0346189	18
0.0354096	18
0.0359578	18
0.0359583	18
0.0359603	18
0.0359644	18
0.0359681	18
0.0359939	18
0.0359987	18
0.0360501	18
0.0370358	18
0.0370359	18
0.0370362	18
0.0370362	18
0.0370366	18
0.037037	18
0.0370371	18
0.0370371	18
0.0370373	18
0.0370375	18
0.0370375	18
0.0370377	18
0.0370379	18
0.0370381	18
0.0370383	18
0.0370383	18
0.0370383	18
0.0370387	18
0.0370387	18
0.0370388	18
0.0370389	18
0.0370395	18
0.0370399	18
0.03704	18
0.0370404	18
0.0370407	18
0.0370411	18
0.0370412	18
0.0370414	18
0.0370417	18
0.0370418	18
0.0370421	18
0.0370423	18
0.0370424	18
0.0370425	18
0.0370425	18
0.0370427	18
0.0370433	18
0.0370435	18
0.0370441	18
0.037045	18
0.0370459	18
0.0370462	18
0.0370472	18
0.0370475	18
0.0370491	18
0.0370506	18
0.0370524	18
0.0370557	18
0.0370575	18
0.0370597	18
0.0370604	18
0.0370608	18
0.0370609	18
0.0370617	18
0.037063	18
0.0370641	18
0.0370654	18
0.0370654	18
0.0370659	18
0.0370668	18
0.0370669	18
0.0370704	18
0.0370705	18
0.0370726	18
0.0370735	18
0.0370743	18
0.0370773	18
0.0370782	18
0.0370783	18
0.0370821	18
0.0370918	18
0.0370968	18
0.0371047	18
0.0371157	18
0.0371374	18
0.0371377	18
0.0371466	18
0.0371496	18
0.0371514	18
0.0371823	18
0.0371958	18
0.0372146	18
0.0372164	18
0.0372681	18
0.037271	18
0.0372966	18
0.0373108	18
0.0373378	18
0.0373383	18
0.0373386	18
0.0374045	18
0.0374051	18
0.0374157	18
0.0374195	18
0.0374737	18
0.0374806	18
0.0374954	18
0.0375488	18
0.0375593	18
0.0375762	18
0.0376077	18
0.0377251	18
0.0377386	18
0.0377638	18
0.0379529	18
0.0380213	18
0.0380619	18
0.0380654	18
0.0382894	18
0.0386494	18
0.0387264	18
0.0387704	18
0.0393777	18
0.0396638	18
0.0396869	18
0.0402839	18
0.0405983	18
0.0405989	18
0.0405991	18
0.0405993	18
0.0405993	18
0.0405994	18
0.0405994	18
0.0405997	18
0.0405997	18
0.0405999	18
0.0405999	18
0.0406002	18
0.0406002	18
0.0406004	18
0.0406012	18
0.0406012	18
0.0406014	18
0.0406015	18
0.040602	18
0.0406023	18
0.0406024	18
0.0406028	18
0.0406029	18
0.0406029	18
0.0406031	18
0.0406032	18
0.0406036	18
0.0406038	18
0.0406039	18
0.0406039	18
0.0406045	18
0.0406048	18
0.0406052	18
0.0406059	18
0.0406064	18
0.0406064	18
0.0406071	18
0.0406074	18
0.040608	18
0.0406084	18
0.0406092	18
0.0406093	18
0.0406094	18
0.0406095	18
0.0406101	18
0.0406105	18
0.0406106	18
0.0406108	18
0.0406113	18
0.0406114	18
0.0406124	18
0.0406135	18
0.0406142	18
0.0406143	18
0.0406147	18
0.040615	18
0.0406152	18
0.0406159	18
0.040617	18
0.0406181	18
0.0406185	18
0.0406196	18
0.0406204	18
0.0406207	18
0.0406233	18
0.0406241	18
0.0406249	18
0.0406317	18
0.0406409	18
0.0406417	18
0.0406425	18
0.0406501	18
0.0406513	18
0.0406582	18
0.0406622	18
0.0406783	18
0.0424865	18
0.0424869	18
0.042487	18
0.042487	18
0.0424871	18
0.0424872	18
0.0424881	18
0.0424883	18
0.0424885	18
0.0424888	18
0.0424889	18
0.042489	18
0.042489	18
0.042489	18
0.0424891	18
0.04249	18
0.0424903	18
0.0424906	18
0.0424908	18
0.0424909	18
0.0424925	18
0.042493	18
0.0424935	18
0.0424941	18
0.042495	18
0.0424956	18
0.0424956	18
0.0424957	18
0.0424966	18
0.0424972	18
0.0424974	18
0.0424974	18
0.0424977	18
0.0424981	18
0.0424982	18
0.0424984	18
0.0424997	18
0.042501	18
0.0425012	18
0.0425015	18
0.0425063	18
0.0425095	18
0.0425115	18
0.0425116	18
0.0425126	18
0.0425127	18
0.0425132	18
0.0425188	18
0.0425206	18
0.0425226	18
0.0425242	18
0.0425253	18
0.0425263	18
0.0425292	18
0.042531	18
0.0425377	18
0.0425447	18
0.0425493	18
0.0425736	18
0.042646	18
0.0460806	18
0.0460807	18
0.0460807	18
0.0460808	18
0.046081	18
0.046081	18
0.0460813	18
0.0460817	18
0.0460819	18
0.0460822	18
0.0460825	18
0.0460831	18
0.0460841	18
0.0460843	18
0.0460845	18
0.0460855	18
0.0460859	18
0.0460859	18
0.0460871	18
0.0460874	18
0.0460875	18
0.0460881	18
0.0460882	18
0.046089	18
0.0460891	18
0.0460893	18
0.0460895	18
0.04609	18
0.0460909	18
0.0460915	18
0.0460918	18
0.0460919	18
0.0460921	18
0.0460928	18
0.0460934	18
0.0460938	18
0.0460946	18
0.0460946	18
0.0460949	18
0.0460952	18
0.0460966	18
0.0460967	18
0.0460971	18
0.0460984	18
0.0460993	18
0.0460995	18
0.0460997	18
0.0461004	18
0.0461004	18
0.0461008	18
0.0461009	18
0.046103	18
0.0461038	18
0.0461045	18
0.0461059	18
0.0461059	18
0.0461076	18
0.0461084	18
0.0461118	18
0.0461122	18
0.0461137	18
0.0461141	18
0.0461146	18
0.0461183	18
0.046119	18
0.046121	18
0.0461214	18
0.0461215	18
0.046125	18
0.046137	18
0.0461372	18
0.0461394	18
0.0461435	18
0.0461447	18
0.0461517	18
0.0461535	18
0.0461574	18
0.0461623	18
0.0461646	18
0.0461655	18
0.0461715	18
0.0462013	18
0.0462057	18
0.046239	18
0.0462983	18
0.046369	18
0.0464545	18
0.0464555	18
0.0464737	18
0.046496	18
0.0465861	18
0.0465926	18
0.0466274	18
0.0468867	18
0.0469963	18
0.0470071	18
0.0482138	18
0.0483814	18
0.0491186	18
0.0497784	18
0.0516998	18
0.0517037	18
0.0517071	18
0.0517245	18
0.0517303	18
0.0517445	18
0.0517549	18
0.0517701	18
0.0517866	18
0.0518157	18
0.0518561	18
0.0518612	18
0.0518658	18
0.0518931	18
0.0518987	18
0.0519147	18
0.0519198	18
0.0519303	18
0.0519405	18
0.0519515	18
0.0519518	18
0.0519519	18
0.0520729	18
0.0520886	18
0.0520966	18
0.0521201	18
0.0521505	18
0.0521737	18
0.0522137	18
0.0522186	18
0.0522935	18
0.0523878	18
0.0524089	18
0.0524089	18
0.052409	18
0.0524092	18
0.0524095	18
0.0524099	18
0.05241	18
0.05241	18
0.0524101	18
0.0524102	18
0.0524104	18
0.0524104	18
0.0524105	18
0.0524106	18
0.0524106	18
0.052411	18
0.0524114	18
0.0524117	18
0.0524118	18
0.0524122	18
0.0524124	18
0.0524126	18
0.052413	18
0.0524133	18
0.0524134	18
0.0524136	18
0.0524137	18
0.0524139	18
0.0524145	18
0.0524145	18
0.0524148	18
0.0524153	18
0.0524161	18
0.0524163	18
0.0524167	18
0.0524172	18
0.0524176	18
0.0524199	18
0.0524202	18
0.0524209	18
0.052421	18
0.0524219	18
0.0524219	18
0.0524221	18
0.0524237	18
0.052425	18
0.0524276	18
0.0524301	18
0.0524303	18
0.0524304	18
0.052432	18
0.0524337	18
0.052434	18
0.0524365	18
0.0524373	18
0.0524408	18
0.052468	18
0.05247	18
0.0524779	18
0.0525332	18
0.0525511	18
0.0525706	18
0.0525768	18
0.052605	18
0.0526232	18
0.0528306	18
0.0529989	18
0.0530191	18
0.0530317	18
0.0530347	18
0.053035	18
0.053038	18
0.0530421	18
0.0530635	18
0.0530671	18
0.0531172	18
0.0531621	18
0.0532289	18
0.053341	18
0.0533499	18
0.0533567	18
0.0533796	18
0.0539238	18
0.054283	18
0.055653	18
0.0558297	18
0.0573135	18
0.0573161	18
0.0573161	18
0.057317	18
0.0573216	18
0.05958	18
0.0595842	18
0.0595917	18
0.0661954	18
0.0661957	18
0.066196	18
0.066196	18
0.0662277	18
0.0662303	18
0.0673078	18
0.067354	18
0.0673543	18
0.0683527	18
0.0683578	18
0.0683818	18
0.0683883	18
0.0684594	18
0.0685653	18
0.0685701	18
0.0685987	18
0.0685988	18
0.0685995	18
0.0686005	18
0.0686015	18
0.0686016	18
0.0686027	18
0.0686044	18
0.0686047	18
0.0686058	18
0.0686082	18
0.0686113	18
0.0686116	18
0.0686118	18
0.0686137	18
0.0686145	18
0.0686152	18
0.0722647	18
0.0722647	18
0.0722654	18
0.0723275	18
0.0723538	18
0.0729929	18
0.0730851	18
0.0751353	18
0.0761181	18
0.0761185	18
0.0761187	18
0.0761206	18
0.0761219	18
0.0761236	18
0.0761306	18
0.0761336	18
0.0761392	18
0.0761439	18
0.0761461	18
0.0761496	18
0.0761516	18
0.0761526	18
0.0761539	18
0.0761548	18
0.0761721	18
0.076261	18
0.0762911	18
0.0762912	18
0.0772462	18
0.0773045	18
0.0773045	18
0.0810732	18
0.0810803	18
0.081081	18
0.0811017	18
0.0811068	18
0.081107	18
0.0811113	18
0.081119	18
0.0819613	18
0.0829577	18
0.0831417	18
0.0831661	18
0.0837399	18
0.0837426	18
0.083746	18
0.0837484	18
0.0837624	18
0.083767	18
0.0837688	18
0.0837691	18
0.0839321	18
0.0839447	18
0.0839456	18
0.0839571	18
0.0840195	18
0.0840203	18
0.084046	18
0.0841014	18
0.0841023	18
0.0841073	18
0.0847134	18
0.0847293	18
0.0847298	18
0.0847423	18
0.0847759	18
0.085637	18
0.0856405	18
0.0856474	18
0.0856745	18
0.0856806	18
0.0870238	18
0.0870336	18
0.0870345	18
0.0894621	18
0.0895038	18
0.0896258	18
0.0896268	18
0.0905225	18
0.0905549	18
0.0924722	18
0.0924739	18
0.0924853	18
0.0925928	18
0.0926204	18
0.0926204	18
0.093359	18
0.0933726	18
0.0933748	18
0.094336	18
0.0943376	18
0.094348	18
0.0944193	18
0.0944193	18
0.0951193	18
0.0951234	18
0.0951242	18
0.0954509	18
0.0954921	18
0.0954929	18
0.0955005	18
0.0955058	18
0.0955127	18
0.0955218	18
0.0955326	18
0.0955333	18
0.0955349	18
0.097138	18
0.0971383	18
0.0972472	18
0.0972507	18
0.0972811	18
0.0977705	18
0.097831	18
0.0984303	18
0.0984323	18
0.0984779	18
0.0985016	18
0.0992776	18
0.102775	18
0.102775	18
0.102802	18
0.104884	18
0.104884	18
0.104887	18
0.104887	18
0.105622	18
0.105637	18
0.110094	18
0.110129	18
0.110132	18
0.110135	18
0.110143	18
0.110196	18
0.111514	18
0.111536	18
0.111653	18
0.111654	18
0.113954	18
0.113959	18
0.113959	18
0.113976	18
0.113978	18
0.116194	18
0.116194	18
0.116236	18
0.116247	18
0.116249	18
0.116305	18
0.11681	18
0.116823	18
0.116862	18
0.117763	18
0.117788	18
0.117814	18
0.118625	18
0.118643	18
0.118657	18
0.119026	18
0.119047	18
0.119084	18
0.119085	18
0.121365	18
0.121369	18
0.121373	18
0.121766	18
0.121766	18
0.121782	18
0.121819	18
0.121819	18
0.125911	18
0.126015	18
0.126017	18
0.13139	18
0.131391	18
0.131391	18
0.131396	18
0.132542	18
0.132589	18
0.132592	18
0.132658	18
0.1336	18
0.13466	18
0.135351	18
0.135352	18
0.135354	18
0.135437	18
0.135444	18
0.138053	18
0.138086	18
0.138094	18
0.138098	18
0.138815	18
0.138894	18
0.141771	18
0.141784	18
0.141785	18
0.141786	18
0.14486	18
0.144863	18
0.144866	18
0.144881	18
0.147733	18
0.147736	18
0.147738	18
0.153055	18
0.153055	18
0.153056	18
0.153102	18
0.153103	18
0.153145	18
0.153149	18
0.153334	18
0.153335	18
0.153356	18
0.153362	18
0.155457	18
0.155514	18
0.155518	18
0.159423	18
0.159463	18
0.159465	18
0.159465	18
0.162352	18
0.162367	18
0.162369	18
0.164366	18
0.164457	18
0.1645	18
0.164525	18
0.164562	18
0.169967	18
0.169967	18
0.169976	18
0.170739	18
0.170746	18
0.170747	18
0.172422	18
0.172488	18
0.172488	18
0.172511	18
0.175038	18
0.175046	18
0.175048	18
0.177739	18
0.177739	18
0.17774	18
0.177749	18
0.17947	18
0.179473	18
0.17949	18
0.179493	18
0.180467	18
0.180512	18
0.180513	18
0.180767	18
0.180784	18
0.180784	18
0.180953	18
0.181073	18
0.181079	18
0.181097	18
0.1811	18
0.184126	18
0.184127	18
0.190598	18
0.190598	18
0.190598	18
0.190604	18
0.190715	18
0.192588	18
0.196017	18
0.196104	18
0.196105	18
0.19897	18
0.198971	18
0.198975	18
0.198977	18
0.198995	18
0.199007	18
0.19901	18
0.203076	18
0.203107	18
0.203108	18
0.205284	18
0.205288	18
0.205288	18
0.208202	18
0.209785	18
0.209817	18
0.209819	18
0.209823	18
0.210088	18
0.210103	18
0.210113	18
0.210165	18
0.212081	18
0.212084	18
0.212084	18
0.217164	18
0.217168	18
0.217182	18
0.217232	18
0.217287	18
0.217288	18
0.217297	18
0.2173	18
0.219103	18
0.21916	18
0.219788	18
0.21979	18
0.219835	18
0.223035	18
0.223035	18
0.223041	18
0.224531	18
0.224541	18
0.224543	18
0.226299	18
0.226307	18
0.226327	18
0.22633	18
0.226399	18
0.226406	18
0.227425	18
0.227461	18
0.2275	18
0.228129	18
0.228157	18
0.228158	18
0.230189	18
0.230192	18
0.230256	18
0.241685	18
0.244926	18
0.244931	18
0.244931	18
0.244954	18
0.244957	18
0.24515	18
0.248017	18
0.248017	18
0.248403	18
0.248407	18
0.248409	18
0.24843	18
0.249843	18
0.249843	18
0.249849	18
0.249879	18
0.250287	18
0.250287	18
0.250296	18
0.255575	18
0.255576	18
0.255634	18
0.256724	18
0.256726	18
0.256727	18
0.25687	18
0.256876	18
0.26075	18
0.26131	18
0.261319	18
0.261359	18
0.2614	18
0.261407	18
0.261439	18
0.261439	18
0.261942	18
0.262107	18
0.262107	18
0.262107	18
0.264879	18
0.265151	18
0.265152	18
0.265198	18
0.2652	18
0.265205	18
0.266137	18
0.266239	18
0.266239	18
0.267184	18
0.267236	18
0.267237	18
0.267305	18
0.267314	18
0.270605	18
0.270687	18
0.270747	18
0.27076	18
0.27129	18
0.271293	18
0.271312	18
0.271314	18
0.273275	18
0.273487	18
0.27349	18
0.275681	18
0.275728	18
0.27574	18
0.275743	18
0.275876	18
0.275878	18
0.279635	18
0.279709	18
0.27971	18
0.279738	18
0.279772	18
0.281119	18
0.281124	18
0.281197	18
0.283219	18
0.286581	18
0.286588	18
0.286651	18
0.287671	18
0.287702	18
0.287703	18
0.289463	18
0.289463	18
0.289468	18
0.289472	18
0.289513	18
0.291142	18
0.291145	18
0.291173	18
0.29451	18
0.294557	18
0.294577	18
0.301373	18
0.301405	18
0.301406	18
0.302409	18
0.302455	18
0.302474	18
0.302961	18
0.302985	18
0.302987	18
0.306696	18
0.306722	18
0.306722	18
0.306814	18
0.317325	18
0.317326	18
0.317374	18
0.317441	18
0.317582	18
0.32566	18
0.325662	18
0.325678	18
0.329021	18
0.331963	18
0.331971	18
0.332034	18
0.333131	18
0.334644	18
0.334668	18
0.33467	18
0.337856	18
0.337856	18
0.337857	18
0.337864	18
0.337939	18
0.338439	18
0.338453	18
0.338592	18
0.338674	18
0.338674	18
0.339809	18
0.339843	18
0.339844	18
0.341862	18
0.341945	18
0.341949	18
0.345635	18
0.345668	18
0.345671	18
0.346948	18
0.346968	18
0.34697	18
0.350093	18
0.350096	18
0.350117	18
0.35013	18
0.35013	18
0.358087	18
0.35809	18
0.358144	18
0.358147	18
0.358194	18
0.359617	18
0.359651	18
0.359695	18
0.359696	18
0.359754	18
0.359795	18
0.359824	18
0.359824	18
0.361293	18
0.36147	18
0.366661	18
0.366665	18
0.366665	18
0.36669	18
0.36669	18
0.371637	18
0.371679	18
0.371679	18
0.373919	18
0.37392	18
0.373921	18
0.373922	18
0.374891	18
0.374925	18
0.374927	18
0.37572	18
0.375801	18
0.375801	18
0.375914	18
0.375914	18
0.376995	18
0.377	18
0.377004	18
0.377008	18
0.379987	18
0.379988	18
0.37999	18
0.381096	18
0.38517	18
0.385246	18
0.385247	18
0.391324	18
0.391341	18
0.391343	18
0.391406	18
0.391411	18
0.392124	18
0.392155	18
0.392156	18
0.400895	18
0.401329	18
0.401333	18
0.402402	18
0.402412	18
0.402424	18
0.406983	18
0.407008	18
0.407012	18
0.407043	18
0.407065	18
0.408788	18
0.408841	18
0.408851	18
0.411278	18
0.411399	18
0.4114	18
0.412014	18
0.412015	18
0.412017	18
0.412853	18
0.412909	18
0.41291	18
0.414415	18
0.414439	18
0.414441	18
0.416702	18
0.416716	18
0.416737	18
0.417242	18
0.417242	18
0.417264	18
0.418799	18
0.418823	18
0.418942	18
0.419009	18
0.422402	18
0.42623	18
0.42629	18
0.42629	18
0.428489	18
0.428522	18
0.428525	18
0.432241	18
0.432379	18
0.43238	18
0.433617	18
0.433622	18
0.433625	18
0.435226	18
0.435278	18
0.435279	18
0.437985	18
0.439516	18
0.440214	18
0.440262	18
0.440353	18
0.440474	18
0.440488	18
0.440489	18
0.440519	18
0.44052	18
0.441942	18
0.441974	18
0.441981	18
0.450462	18
0.450485	18
0.450516	18
0.450546	18
0.453016	18
0.453079	18
0.453083	18
0.456688	18
0.45669	18
0.456696	18
0.456704	18
0.456707	18
0.458515	18
0.464548	18
0.464685	18
0.464707	18
0.466436	18
0.466478	18
0.466483	18
0.475434	18
0.475435	18
0.475436	18
0.475494	18
0.475513	18
0.47557	18
0.475581	18
0.478689	18
0.478744	18
0.478746	18
0.478875	18
0.48193	18
0.481937	18
0.481977	18
0.482077	18
0.482562	18
0.482645	18
0.482682	18
0.482685	18
0.486342	18
0.490868	18
0.490874	18
0.49093	18
0.49093	18
0.508791	18
0.508792	18
0.508792	18
0.508809	18
0.508809	18
0.510716	18
0.510783	18
0.51082	18
0.510822	18
0.51199	18
0.512108	18
0.51211	18
0.512774	18
0.512846	18
0.513007	18
0.513009	18
0.513445	18
0.514372	18
0.514435	18
0.514437	18
0.514575	18
0.525054	18
0.525057	18
0.525084	18
0.5347	18
0.534701	18
0.534703	18
0.534724	18
0.534761	18
0.534762	18
0.536644	18
0.53666	18
0.53666	18
0.543863	18
0.543864	18
0.543876	18
0.543877	18
0.543883	18
0.543942	18
0.543942	18
0.546256	18
0.54629	18
0.54629	18
0.546291	18
0.556799	18
0.557036	18
0.557081	18
0.557083	18
0.562818	18
0.562873	18
0.562945	18
0.562948	18
0.576135	18
0.57617	18
0.576171	18
0.576172	18
0.576193	18
0.576193	18
0.576401	18
0.576436	18
0.576445	18
0.576464	18
0.576496	18
0.576497	18
0.579866	18
0.579867	18
0.579893	18
0.579894	18
0.580389	18
0.580412	18
0.580412	18
0.585612	18
0.588437	18
0.5885	18
0.588561	18
0.591453	18
0.591455	18
0.591639	18
0.60305	18
0.603052	18
0.603052	18
0.603095	18
0.603097	18
0.605901	18
0.60596	18
0.605963	18
0.608928	18
0.608969	18
0.609035	18
0.609037	18
0.609885	18
0.609936	18
0.609936	18
0.618043	18
0.618055	18
0.618057	18
0.621852	18
0.621899	18
0.621901	18
0.62859	18
0.62859	18
0.628592	18
0.628597	18
0.628598	18
0.629724	18
0.629748	18
0.62975	18
0.633613	18
0.633623	18
0.634917	18
0.635026	18
0.635027	18
0.635027	18
0.635479	18
0.635487	18
0.636287	18
0.63836	18
0.638432	18
0.638458	18
0.638493	18
0.638495	18
0.63896	18
0.638966	18
0.638966	18
0.638995	18
0.639	18
0.639032	18
0.64025	18
0.64025	18
0.645175	18
0.645261	18
0.645261	18
0.645269	18
0.64527	18
0.648986	18
0.649178	18
0.649179	18
0.65044	18
0.650525	18
0.650525	18
0.650645	18
0.650649	18
0.651141	18
0.651179	18
0.651185	18
0.652134	18
0.658551	18
0.658655	18
0.658656	18
0.658657	18
0.658661	18
0.670162	18
0.670184	18
0.670184	18
0.671456	18
0.674477	18
0.674487	18
0.674709	18
0.677627	18
0.677642	18
0.677649	18
0.680757	18
0.680757	18
0.68078	18
0.68078	18
0.6808	18
0.680803	18
0.681205	18
0.681219	18
0.681222	18
0.681376	18
0.681431	18
0.681453	18
0.689779	18
0.689917	18
0.689928	18
0.700962	18
0.700962	18
0.700964	18
0.701008	18
0.70102	18
0.705896	18
0.705949	18
0.706102	18
0.706115	18
0.709502	18
0.709532	18
0.709533	18
0.709619	18
0.709634	18
0.711172	18
0.711232	18
0.711297	18
0.711327	18
0.715501	18
0.715778	18
0.71578	18
0.727064	18
0.727087	18
0.727087	18
0.727108	18
0.72712	18
0.729253	18
0.729385	18
0.72942	18
0.729809	18
0.730319	18
0.730341	18
0.730356	18
0.730357	18
0.732846	18
0.732922	18
0.732965	18
0.734336	18
0.734364	18
0.734791	18
0.734797	18
0.734798	18
0.743063	18
0.743087	18
0.743094	18
0.743123	18
0.743212	18
0.743224	18
0.743224	18
0.743243	18
0.754487	18
0.754534	18
0.754538	18
0.754563	18
0.768129	18
0.768129	18
0.768133	18
0.768147	18
0.771953	18
0.781379	18
0.781382	18
0.781415	18
0.781415	18
0.782442	18
0.782491	18
0.782492	18
0.792192	18
0.792204	18
0.79221	18
0.792223	18
0.796128	18
0.796141	18
0.796144	18
0.796185	18
0.820304	18
0.820305	18
0.820311	18
0.835272	18
0.835307	18
0.835308	18
0.840209	18
0.840254	18
0.840254	18
0.840452	18
0.872316	18
0.872344	18
0.872348	18
0.872454	18
0.872455	18
0.87402	18
0.874114	18
0.87413	18
0.87414	18
0.874142	18
0.874746	18
0.875589	18
0.875592	18
0.875654	18
0.875655	18
0.876265	18
0.876266	18
0.876279	18
0.879422	18
0.879433	18
0.879438	18
0.879438	18
0.888073	18
0.888074	18
0.888074	18
0.88808	18
0.888089	18
0.890714	18
0.890715	18
0.890718	18
0.890745	18
0.891694	18
0.891718	18
0.89172	18
0.891947	18
0.893421	18
0.893426	18
0.893432	18
0.893453	18
0.89714	18
0.897179	18
0.897192	18
0.899045	18
0.899089	18
0.899094	18
0.899183	18
0.89934	18
0.899376	18
0.899391	18
0.899402	18
0.904222	18
0.904227	18
0.904254	18
0.9059	18
0.905901	18
0.905905	18
0.905905	18
0.909751	18
0.909759	18
0.909763	18
0.909775	18
0.915619	18
0.921745	18
0.921746	18
0.921756	18
0.933212	18
0.933212	18
0.933213	18
0.933216	18
0.933425	18
0.939444	18
0.941362	18
0.941372	18
0.941372	18
0.941386	18
0.945686	18
0.945736	18
0.945751	18
0.947903	18
0.947945	18
0.948368	18
0.94946	18
0.949502	18
0.957233	18
0.957233	18
0.957233	18
0.957256	18
0.970625	18
0.970626	18
0.970629	18
0.970637	18
0.970711	18
0.970712	18
0.97371	18
0.973713	18
0.973715	18
0.973899	18
0.974041	18
0.974042	18
0.975072	18
0.977251	18
0.977261	18
0.977306	18
0.977307	18
0.985931	18
0.985963	18
0.985963	18
0.992856	18
0.992927	18
0.992928	18
0.992968	18
0.993559	18
0.993653	18
0.99376	18
0.99376	18
1.00158	18
1.00158	18
1.00159	18
1.00159	18
1.00352	18
1.0111	18
1.0111	18
1.01117	18
1.01125	18
1.01125	18
1.01616	18
1.01616	18
1.01616	18
1.02863	18
1.02865	18
1.02865	18
1.03029	18
1.03046	18
1.03046	18
1.03154	18
1.03165	18
1.03165	18
1.0382	18
1.04211	18
1.04212	18
1.04219	18
1.05251	18
1.05251	18
1.05256	18
1.05738	18
1.05738	18
1.0574	18
1.05744	18
1.05744	18
1.06209	18
1.06424	18
1.08085	18
1.08085	18
1.08086	18
1.08087	18
1.08209	18
1.08209	18
1.08212	18
1.08218	18
1.08218	18
1.0837	18
1.08372	18
1.08377	18
1.08377	18
1.08586	18
1.08593	18
1.08593	18
1.09379	18
1.09386	18
1.09386	18
1.10781	18
1.10781	18
1.10791	18
1.10791	18
1.10791	18
1.10899	18
1.10904	18
1.10907	18
1.10908	18
1.11998	18
1.12	18
1.12	18
1.12001	18
1.12169	18
1.12236	18
1.12567	18
1.12568	18
1.12572	18
1.12708	18
1.12709	18
1.12709	18
1.12714	18
1.13458	18
1.13459	18
1.1346	18
1.1346	18
1.1346	18
1.13813	18
1.14326	18
1.14327	18
1.1433	18
1.1433	18
1.14498	18
1.14506	18
1.14507	18
1.15112	18
1.15116	18
1.15117	18
1.15117	18
1.15161	18
1.15162	18
1.15162	18
1.15626	18
1.15634	18
1.15634	18
1.15711	18
1.15713	18
1.15719	18
1.15719	18
1.15874	18
1.15876	18
1.15879	18
1.15879	18
1.16232	18
1.16234	18
1.16234	18
1.1777	18
1.17771	18
1.1866	18
1.1866	18
1.1866	18
1.18681	18
1.18681	18
1.20965	18
1.20965	18
1.20972	18
1.20972	18
1.23367	18
1.23368	18
1.2337	18
1.2337	18
1.24039	18
1.24408	18
1.2441	18
1.24411	18
1.26476	18
1.26476	18
1.26479	18
1.26479	18
1.26488	18
1.26488	18
1.26511	18
1.26727	18
1.26737	18
1.2675	18
1.2675	18
1.27203	18
1.2721	18
1.2721	18
1.28264	18
1.28264	18
1.28265	18
1.28265	18
1.29447	18
1.29448	18
1.29449	18
1.29478	18
1.29497	18
1.29498	18
1.29588	18
1.29589	18
1.29589	18
1.29589	18
1.29921	18
1.29925	18
1.29925	18
1.29929	18
1.2993	18
1.29939	18
1.29939	18
1.3027	18
1.30271	18
1.30423	18
1.3043	18
1.3043	18
1.30461	18
1.30466	18
1.30467	18
1.30467	18
1.30472	18
1.30472	18
1.30875	18
1.30876	18
1.30876	18
1.31283	18
1.31302	18
1.31302	18
1.31755	18
1.31762	18
1.31762	18
1.32258	18
1.32262	18
1.32267	18
1.32267	18
1.32319	18
1.3232	18
1.32324	18
1.32324	18
1.32423	18
1.32427	18
1.32427	18
1.33908	18
1.33908	18
1.34618	18
1.34619	18
1.34619	18
1.35199	18
1.352	18
1.352	18
1.352	18
1.35204	18
1.35204	18
1.35258	18
1.35261	18
1.35261	18
1.35283	18
1.35302	18
1.35303	18
1.35517	18
1.35519	18
1.35519	18
1.38178	18
1.38178	18
1.38178	18
1.38178	18
1.38178	18
1.38907	18
1.38917	18
1.38917	18
1.39137	18
1.39137	18
1.39137	18
1.39514	18
1.39514	18
1.39522	18
1.39522	18
1.40185	18
1.40186	18
1.40195	18
1.40195	18
1.40538	18
1.40813	18
1.40958	18
1.4096	18
1.40964	18
1.41358	18
1.41358	18
1.4137	18
1.41371	18
1.41647	18
1.41656	18
1.41657	18
1.4166	18
1.4166	18
1.42322	18
1.42324	18
1.42324	18
1.4234	18
1.42341	18
1.42345	18
1.42345	18
1.43463	18
1.43468	18
1.43478	18
1.43478	18
1.43712	18
1.43789	18
1.43798	18
1.46481	18
1.46481	18
1.46481	18
1.46481	18
1.46481	18
1.46481	18
1.46595	18
1.46597	18
1.46609	18
1.46609	18
1.46842	18
1.47747	18
1.47747	18
1.47767	18
1.47767	18
1.47852	18
1.47946	18
1.47947	18
1.48387	18
1.48387	18
1.48387	18
1.48519	18
1.48521	18
1.48521	18
1.50194	18
1.50194	18
1.50201	18
1.50202	18
1.53199	18
1.53199	18
1.53211	18
1.53211	18
1.53211	18
1.53212	18
1.53212	18
1.53338	18
1.53347	18
1.53347	18
1.53356	18
1.53356	18
1.53356	18
1.53378	18
1.53379	18
1.53741	18
1.54085	18
1.54087	18
1.54087	18
1.54087	18
1.54411	18
1.54414	18
1.54414	18
1.54966	18
1.55362	18
1.55362	18
1.55362	18
1.55362	18
1.55372	18
1.55373	18
1.55471	18
1.55472	18
1.55472	18
1.55946	18
1.55954	18
1.55955	18
1.57419	18
1.57419	18
1.57421	18
1.57421	18
1.57631	18
1.57631	18
1.57634	18
1.57769	18
1.57777	18
1.57777	18
1.57925	18
1.5793	18
1.5793	18
1.5817	18
1.58179	18
1.58179	18
1.58207	18
1.58209	18
1.5821	18
1.59389	18
1.59861	18
1.59869	18
1.59869	18
1.6044	18
1.60441	18
1.60442	18
1.60559	18
1.61448	18
1.61454	18
1.61454	18
1.61454	18
1.62686	18
1.62686	18
1.62687	18
1.62688	18
1.62688	18
1.63192	18
1.63203	18
1.63204	18
1.63612	18
1.63618	18
1.6362	18
1.63963	18
1.63967	18
1.63968	18
1.63993	18
1.6402	18
1.6423	18
1.6423	18
1.64231	18
1.64231	18
1.64231	18
1.64231	18
1.64534	18
1.6454	18
1.6456	18
1.64561	18
1.66335	18
1.66335	18
1.66335	18
1.66345	18
1.66346	18
1.67164	18
1.67169	18
1.6717	18
1.67782	18
1.67784	18
1.67808	18
1.67808	18
1.69347	18
1.69347	18
1.69348	18
1.69353	18
1.69356	18
1.69519	18
1.69521	18
1.69523	18
1.69525	18
1.70313	18
1.70314	18
1.7032	18
1.70723	18
1.70726	18
1.70727	18
1.7073	18
1.71255	18
1.71259	18
1.71262	18
1.7161	18
1.71625	18
1.71629	18
1.72533	18
1.72533	18
1.72537	18
1.72537	18
1.72589	18
1.72601	18
1.72601	18
1.73475	18
1.74912	18
1.74923	18
1.74923	18
1.7547	18
1.75477	18
1.75477	18
1.75478	18
1.76739	18
1.76739	18
1.76739	18
1.7674	18
1.77125	18
1.77125	18
1.77125	18
1.77607	18
1.77614	18
1.77614	18
1.77614	18
1.77619	18
1.77635	18
1.7847	18
1.78472	18
1.78472	18
1.78472	18
1.78491	18
1.79879	18
1.79879	18
1.79879	18
1.7988	18
1.80893	18
1.80893	18
1.81202	18
1.81204	18
1.81204	18
1.81213	18
1.82051	18
1.82052	18
1.82052	18
1.82062	18
1.83562	18
1.83562	18
1.83565	18
1.83752	18
1.83752	18
1.83763	18
1.85041	18
1.85041	18
1.85043	18
1.86511	18
1.86511	18
1.86512	18
1.86723	18
1.86723	18
1.86725	18
1.86725	18
1.86942	18
1.86943	18
1.87689	18
1.87689	18
1.87691	18
1.87691	18
1.87692	18
1.88005	18
1.88005	18
1.88006	18
1.88013	18
1.88261	18
1.88265	18
1.88266	18
1.88271	18
1.88289	18
1.89112	18
1.89113	18
1.89115	18
1.89117	18
1.89117	18
1.89247	18
1.89248	18
1.89248	18
1.89249	18
1.91259	18
1.9126	18
1.91266	18
1.94013	18
1.94013	18
1.94013	18
1.94016	18
1.95189	18
1.95189	18
1.952	18
1.95591	18
1.95595	18
1.95596	18
1.95607	18
1.95819	18
1.95819	18
1.95819	18
1.9582	18
1.96825	18
1.97978	18
1.97984	18
1.97984	18
1.98889	18
1.98892	18
1.98893	18
1.99076	18
1.99079	18
1.99079	18
1.99354	18
1.99357	18
1.99357	18
2.01543	18
2.01553	18
2.01553	18
2.01559	18
2.04991	18
2.04991	18
2.04992	18
2.04993	18
2.05433	18
2.05433	18
2.05442	18
2.06145	18
2.0615	18
2.0615	18
2.0615	18
2.06371	18
2.06371	18
2.06377	18
2.0654	18
2.0654	18
2.0654	18
2.06629	18
2.06629	18
2.06633	18
2.07205	18
2.07205	18
2.0729	18
2.07293	18
2.07293	18
2.07305	18
2.07743	18
2.07743	18
2.07745	18
2.08588	18
2.08588	18
2.0859	18
2.09289	18
2.09289	18
2.09289	18
2.11212	18
2.11212	18
2.11215	18
2.13503	18
2.13503	18
2.13505	18
2.1352	18
2.13577	18
2.13577	18
2.13577	18
2.13578	18
2.14246	18
2.14251	18
2.14251	18
2.14265	18
2.14287	18
2.1429	18
2.14297	18
2.14442	18
2.14442	18
2.14936	18
2.14941	18
2.14941	18
2.15528	18
2.15533	18
2.15533	18
2.15538	18
2.1745	18
2.17451	18
2.20025	18
2.20026	18
2.20031	18
2.20032	18
2.20034	18
2.20965	18
2.20965	18
2.21574	18
2.21574	18
2.21576	18
2.21885	18
2.21886	18
2.21887	18
2.21902	18
2.22026	18
2.22026	18
2.22026	18
2.22227	18
2.22227	18
2.22228	18
2.22229	18
2.22311	18
2.22311	18
2.22316	18
2.22495	18
2.22496	18
2.225	18
2.24959	18
2.24959	18
2.24962	18
2.24967	18
2.24984	18
2.24987	18
2.24987	18
2.24991	18
2.30321	18
2.30321	18
2.30322	18
2.30322	18
2.31306	18
2.31587	18
2.31587	18
2.31587	18
2.31589	18
2.31597	18
2.32082	18
2.32082	18
2.32087	18
2.32589	18
2.3259	18
2.32598	18
2.32672	18
2.32673	18
2.32688	18
2.32978	18
2.32989	18
2.3299	18
2.3299	18
2.33328	18
2.33328	18
2.33332	18
2.33362	18
2.33362	18
2.33364	18
2.33367	18
2.33368	18
2.33646	18
2.33647	18
2.33649	18
2.34868	18
2.35446	18
2.35447	18
2.35448	18
2.35448	18
2.35473	18
2.36051	18
2.36052	18
2.36053	18
2.36054	18
2.36102	18
2.36104	18
2.3611	18
2.36628	18
2.36628	18
2.36869	18
2.36872	18
2.36875	18
2.38042	18
2.38043	18
2.38058	18
2.3806	18
2.3882	18
2.38834	18
2.38834	18
2.40109	18
2.40111	18
2.40113	18
2.40604	18
2.40604	18
2.40608	18
2.40608	18
2.40608	18
2.4105	18
2.41051	18
2.41062	18
2.41312	18
2.41314	18
2.41326	18
2.41869	18
2.4187	18
2.41871	18
2.41875	18
2.43407	18
2.43408	18
2.43408	18
2.43408	18
2.45624	18
2.45624	18
2.45625	18
2.45631	18
2.47384	18
2.5075	18
2.5075	18
2.50751	18
2.50751	18
2.50752	18
2.5127	18
2.5127	18
2.51271	18
2.51732	18
2.51736	18
2.51736	18
2.51817	18
2.51827	18
2.51827	18
2.52214	18
2.52218	18
2.52218	18
2.52639	18
2.52639	18
2.52657	18
2.5298	18
2.52982	18
2.52985	18
2.54779	18
2.5478	18
2.54781	18
2.54782	18
2.54794	18
2.54796	18
2.54796	18
2.54812	18
2.56442	18
2.56449	18
2.56449	18
2.58959	18
2.58959	18
2.58962	18
2.58962	18
2.58966	18
2.59537	18
2.5955	18
2.60314	18
2.60315	18
2.60316	18
2.60512	18
2.60526	18
2.60544	18
2.60753	18
2.60959	18
2.6096	18
2.60961	18
2.60971	18
2.60974	18
2.61441	18
2.61443	18
2.61979	18
2.61982	18
2.61995	18
2.61995	18
2.63069	18
2.63076	18
2.63076	18
2.65367	18
2.65368	18
2.65368	18
2.65369	18
2.65688	18
2.65696	18
2.65697	18
2.66323	18
2.66325	18
2.66327	18
2.66327	18
2.66648	18
2.6665	18
2.6665	18
2.66896	18
2.669	18
2.66904	18
2.66904	18
2.67818	18
2.67827	18
2.67827	18
2.68901	18
2.68921	18
2.68921	18
2.70624	18
2.7063	18
2.7063	18
2.72482	18
2.72482	18
2.72485	18
2.72486	18
2.72486	18
2.72628	18
2.72638	18
2.72638	18
2.73536	18
2.73538	18
2.73547	18
2.73547	18
2.73911	18
2.73918	18
2.73925	18
2.73925	18
2.74861	18
2.74864	18
2.74864	18
2.75994	18
2.75994	18
2.75997	18
2.75999	18
2.75999	18
2.76582	18
2.76597	18
2.76597	18
2.78407	18
2.78414	18
2.78414	18
2.78545	18
2.7855	18
2.7855	18
2.78669	18
2.7867	18
2.7867	18
2.79149	18
2.7994	18
2.7994	18
2.79941	18
2.79941	18
2.81069	18
2.81069	18
2.8107	18
2.81208	18
2.8171	18
2.8171	18
2.8296	18
2.84727	18
2.84728	18
2.84729	18
2.8473	18
2.8473	18
2.84747	18
2.85185	18
2.85187	18
2.89084	18
2.89085	18
2.89085	18
2.89094	18
2.89094	18
2.89311	18
2.89319	18
2.89319	18
2.89637	18
2.89642	18
2.89642	18
2.89819	18
2.89824	18
2.89826	18
2.89826	18
2.89933	18
2.89938	18
2.89938	18
2.90543	18
2.90551	18
2.90551	18
2.92845	18
2.92845	18
2.92847	18
2.9285	18
2.9285	18
2.93445	18
2.93453	18
2.93453	18
2.94345	18
2.94345	18
2.94354	18
2.94354	18
2.94871	18
2.94876	18
2.94876	18
2.94928	18
2.94933	18
2.94934	18
2.9549	18
2.95645	18
2.95649	18
2.95654	18
2.95654	18
2.95914	18
2.95914	18
2.9592	18
2.95922	18
2.95922	18
2.9658	18
2.9658	18
2.96582	18
2.96582	18
2.96959	18
2.96962	18
2.96962	18
2.97356	18
2.9736	18
2.97364	18
2.97364	18
2.98196	18
2.98198	18
2.98204	18
2.98204	18
2.98209	18
2.9821	18
2.9821	18
2.98493	18
2.98501	18
2.98501	18
3.0002	18
3.00022	18
3.00022	18
3.00996	18
3.00996	18
3.00997	18
3.00997	18
3.01053	18
3.01939	18
3.01943	18
3.01944	18
3.01945	18
3.05299	18
3.05315	18
3.05316	18
3.06165	18
3.06165	18
3.06166	18
3.0668	18
3.06681	18
3.06681	18
3.06696	18
3.06697	18
3.07109	18
3.07115	18
3.07115	18
3.08689	18
3.08689	18
3.08705	18
3.08706	18
3.09329	18
3.09331	18
3.09331	18
3.0959	18
3.09592	18
3.09596	18
3.09596	18
3.10987	18
3.10987	18
3.10988	18
3.10988	18
3.11538	18
3.1154	18
3.1154	18
3.11621	18
3.11625	18
3.11626	18
3.11832	18
3.11833	18
3.11833	18
3.12092	18
3.12094	18
3.12094	18
3.1264	18
3.12642	18
3.12651	18
3.12651	18
3.13772	18
3.1378	18
3.1378	18
3.14216	18
3.14224	18
3.14254	18
3.14255	18
3.14307	18
3.14311	18
3.14333	18
3.14333	18
3.14484	18
3.14492	18
3.14493	18
3.1651	18
3.16517	18
3.16517	18
3.17584	18
3.17588	18
3.17588	18
3.19133	18
3.19133	18
3.19141	18
3.19141	18
3.20174	18
3.20177	18
3.20181	18
3.20181	18
3.20762	18
3.20762	18
3.20762	18
3.21132	18
3.21132	18
3.21133	18
3.21433	18
3.21435	18
3.21435	18
3.21977	18
3.21977	18
3.21983	18
3.21983	18
3.22243	18
3.24889	18
3.24889	18
3.24892	18
3.24896	18
3.24896	18
3.27246	18
3.27252	18
3.27257	18
3.27257	18
3.27817	18
3.27821	18
3.27822	18
3.28284	18
3.28285	18
3.28286	18
3.28354	18
3.28355	18
3.28356	18
3.29212	18
3.29667	18
3.29668	18
3.31633	18
3.31638	18
3.31638	18
3.34568	18
3.3457	18
3.34573	18
3.34573	18
3.3483	18
3.36054	18
3.3606	18
3.36075	18
3.37931	18
3.37932	18
3.37934	18
3.37939	18
3.37939	18
3.38256	18
3.39309	18
3.39312	18
3.39312	18
3.39315	18
3.39315	18
3.39357	18
3.39358	18
3.39358	18
3.40621	18
3.40621	18
3.40625	18
3.40626	18
3.41003	18
3.41006	18
3.41006	18
3.41561	18
3.4157	18
3.4157	18
3.4161	18
3.41614	18
3.41618	18
3.41618	18
3.4194	18
3.41949	18
3.4197	18
3.4197	18
3.42163	18
3.42166	18
3.42168	18
3.42168	18
3.42642	18
3.4348	18
3.43483	18
3.43488	18
3.43489	18
3.44428	18
3.44428	18
3.44429	18
3.4446	18
3.44535	18
3.44544	18
3.46081	18
3.46082	18
3.46086	18
3.46086	18
3.46086	18
3.46204	18
3.47903	18
3.47903	18
3.47903	18
3.47908	18
3.47908	18
3.48835	18
3.4884	18
3.48841	18
3.51013	18
3.51026	18
3.51026	18
3.51303	18
3.51303	18
3.51304	18
3.52241	18
3.52253	18
3.52253	18
3.5647	18
3.5647	18
3.56477	18
3.56477	18
3.56637	18
3.56637	18
3.56638	18
3.57797	18
3.57807	18
3.57807	18
3.57942	18
3.57949	18
3.5795	18
3.58765	18
3.58767	18
3.58767	18
3.58932	18
3.58999	18
3.59005	18
3.5938	18
3.59382	18
3.59383	18
3.59394	18
3.59394	18
3.59604	18
3.59605	18
3.59606	18
3.59977	18
3.5999	18
3.5999	18
3.60123	18
3.60128	18
3.60129	18
3.60662	18
3.60666	18
3.60667	18
3.61083	18
3.61084	18
3.61084	18
3.63087	18
3.6309	18
3.63097	18
3.63097	18
3.63631	18
3.63633	18
3.63641	18
3.63641	18
3.64105	18
3.64109	18
3.64109	18
3.66778	18
3.66779	18
3.66779	18
3.67219	18
3.67221	18
3.67229	18
3.67229	18
3.67721	18
3.67725	18
3.67725	18
3.69192	18
3.69192	18
3.69195	18
3.69195	18
3.72437	18
3.72437	18
3.7244	18
3.72441	18
3.72955	18
3.7296	18
3.7296	18
3.73297	18
3.73298	18
3.73298	18
3.74977	18
3.76251	18
3.76252	18
3.76261	18
3.76263	18
3.76263	18
3.7735	18
3.77351	18
3.77351	18
3.77587	18
3.77599	18
3.77599	18
3.78181	18
3.78183	18
3.78184	18
3.78184	18
3.79108	18
3.79111	18
3.79111	18
3.79112	18
3.79134	18
3.79135	18
3.79179	18
3.79179	18
3.7918	18
3.7948	18
3.8017	18
3.80171	18
3.80183	18
3.80183	18
3.80638	18
3.80644	18
3.80644	18
3.82699	18
3.82704	18
3.82705	18
3.83555	18
3.83562	18
3.83562	18
3.84802	18
3.84802	18
3.84818	18
3.84819	18
3.85438	18
3.85449	18
3.85449	18
3.85896	18
3.86469	18
3.8647	18
3.86594	18
3.86594	18
3.86595	18
3.86599	18
3.86599	18
3.86937	18
3.86939	18
3.86973	18
3.86974	18
3.87139	18
3.87143	18
3.87146	18
3.87146	18
3.88514	18
3.88515	18
3.88515	18
3.88938	18
3.88949	18
3.8895	18
3.89557	18
3.89705	18
3.89712	18
3.89715	18
3.89716	18
3.90399	18
3.904	18
3.904	18
3.90401	18
3.91325	18
3.91332	18
3.91332	18
3.91359	18
3.91365	18
3.91365	18
3.91398	18
3.91409	18
3.9141	18
3.91412	18
3.91412	18
3.92194	18
3.93821	18
3.93823	18
3.93825	18
3.93825	18
3.93831	18
3.93832	18
3.93951	18
3.93959	18
3.93961	18
3.93961	18
3.94044	18
3.94993	18
3.95007	18
3.95054	18
3.95061	18
3.95061	18
3.95071	18
3.95072	18
3.95393	18
3.95933	18
3.95941	18
3.95942	18
3.95942	18
3.96086	18
3.96086	18
3.9609	18
3.9609	18
3.96445	18
3.96456	18
3.96456	18
3.96569	18
3.96577	18
3.96579	18
3.96579	18
3.97976	18
3.98188	18
3.98188	18
3.98465	18
3.98466	18
3.98466	18
3.98467	18
3.9847	18
3.9847	18
4.00277	18
4.00277	18
4.00299	18
4.003	18
4.00504	18
4.00511	18
4.00511	18
4.01782	18
4.01795	18
4.01795	18
4.01799	18
4.018	18
4.03709	18
4.03709	18
4.03711	18
4.03712	18
4.04181	18
4.04188	18
4.04188	18
4.04386	18
4.04389	18
4.04389	18
4.05653	18
4.06587	18
4.06588	18
4.08714	18
4.08715	18
4.08715	18
4.08733	18
4.08734	18
4.09305	18
4.09309	18
4.09309	18
4.09309	18
4.09826	18
4.09841	18
4.09841	18
4.1038	18
4.10387	18
4.10388	18
4.10397	18
4.10398	18
4.10405	18
4.10405	18
4.10455	18
4.10464	18
4.10464	18
4.12512	18
4.12512	18
4.12517	18
4.12518	18
4.13989	18
4.13989	18
4.1399	18
4.14586	18
4.14599	18
4.14653	18
4.15556	18
4.15556	18
4.15557	18
4.1556	18
5.4532	18
5.45339	18
5.45339	18
5.45665	18
5.45665	18
5.46422	18
5.46423	18
5.46423	18
5.4649	18
5.47176	18
5.4718	18
5.48388	18
5.4839	18
5.4839	18
5.48399	18
5.484	18
5.48453	18
5.49204	18
5.49211	18
5.49213	18
5.49213	18
5.50557	18
5.50557	18
5.51203	18
5.51203	18
5.51204	18
5.51206	18
5.51206	18
5.52041	18
5.52044	18
5.52044	18
5.52346	18
5.52347	18
5.52348	18
5.52349	18
5.54005	18
5.5401	18
5.54011	18
5.54291	18
5.54297	18
5.54298	18
5.54379	18
5.5438	18
5.54381	18
5.54381	18
5.54673	18
5.54676	18
5.54677	18
5.54965	18
5.5641	18
5.56416	18
5.56416	18
5.56423	18
5.56423	18
5.5705	18
5.5705	18
5.57051	18
5.58095	18
5.58099	18
5.581	18
5.58533	18
5.5854	18
5.5854	18
5.59642	18
5.59649	18
5.59649	18
5.60595	18
5.60595	18
5.60597	18
5.60597	18
5.61687	18
5.61723	18
5.61724	18
5.61725	18
5.61726	18
5.63554	18
5.63563	18
5.63564	18
5.63836	18
5.63836	18
5.63836	18
5.63836	18
5.65993	18
5.65993	18
5.65996	18
5.65997	18
5.66403	18
5.66403	18
5.66403	18
5.66444	18
5.66445	18
5.66446	18
5.66947	18
5.66949	18
5.6695	18
5.66974	18
5.66976	18
5.66978	18
5.66979	18
5.69105	18
5.69105	18
5.69115	18
5.69116	18
5.71432	18
5.71436	18
5.71441	18
5.71441	18
5.72545	18
5.72546	18
5.72547	18
5.72549	18
5.7255	18
5.74709	18
5.7589	18
5.75891	18
5.75893	18
5.75893	18
5.759	18
5.75901	18
5.76163	18
5.76164	18
5.76169	18
5.76169	18
5.76185	18
5.76195	18
5.76195	18
5.76336	18
5.79441	18
5.79442	18
5.79443	18
5.79457	18
5.79457	18
5.80031	18
5.80031	18
5.80032	18
5.80032	18
5.80283	18
5.80292	18
5.80292	18
5.80342	18
5.80343	18
5.80345	18
5.80346	18
5.81444	18
5.81444	18
5.8145	18
5.81451	18
5.81603	18
5.81608	18
5.81622	18
5.81622	18
5.81702	18
5.8239	18
5.82391	18
5.82395	18
5.85425	18
5.85426	18
5.85426	18
5.85427	18
5.85428	18
5.85627	18
5.85684	18
5.85771	18
5.85772	18
5.85785	18
5.91394	18
5.91395	18
5.91395	18
5.91396	18
5.91396	18
5.91655	18
5.91661	18
5.91663	18
5.91749	18
5.91757	18
5.91757	18
5.91846	18
5.91856	18
5.91857	18
5.91922	18
5.91924	18
5.91924	18
5.92057	18
5.92057	18
5.92057	18
5.92369	18
5.92372	18
5.92372	18
5.92505	18
5.92515	18
5.92518	18
5.92519	18
5.93002	18
5.93005	18
5.93006	18
5.94377	18
5.94377	18
5.94377	18
5.94739	18
5.9475	18
5.94751	18
5.94879	18
5.94879	18
5.9489	18
5.94891	18
5.95779	18
5.9661	18
5.96611	18
5.96618	18
5.96619	18
5.96779	18
5.96779	18
5.96779	18
5.97465	18
5.97466	18
5.97483	18
5.97483	18
5.9786	18
5.97879	18
5.97879	18
5.98242	18
5.98246	18
5.98246	18
5.98625	18
5.98626	18
5.98626	18
5.98626	18
5.99502	18
5.99503	18
5.99525	18
5.99526	18
5.99872	18
5.99876	18
5.99879	18
5.99881	18
5.99883	18
5.99883	18
5.99885	18
5.99886	18
6.01547	18
6.01555	18
6.01555	18
6.01556	18
6.01557	18
6.01633	18
6.01634	18
6.01637	18
6.01675	18
6.01677	18
6.01682	18
6.01683	18
6.01786	18
6.01794	18
6.01795	18
6.01919	18
6.01923	18
6.01923	18
6.01925	18
6.01925	18
6.04344	18
6.04344	18
6.04344	18
6.04392	18
6.04393	18
6.04393	18
6.04393	18
6.04504	18
6.04519	18
6.0452	18
6.04527	18
6.04528	18
6.04528	18
6.05504	18
6.05505	18
6.05505	18
6.05506	18
6.06308	18
6.0631	18
6.0631	18
6.06673	18
6.09023	18
6.09023	18
6.09023	18
6.09033	18
6.09033	18
6.09838	18
6.09843	18
6.09844	18
6.09892	18
6.09892	18
6.09895	18
6.09896	18
6.10331	18
6.10336	18
6.10336	18
6.11383	18
6.1224	18
6.12243	18
6.12306	18
6.12309	18
6.12309	18
6.12312	18
6.12313	18
6.12502	18
6.12504	18
6.12505	18
6.12639	18
6.12643	18
6.12644	18
6.13779	18
6.1378	18
6.13786	18
6.13787	18
6.17012	18
6.62966	18
6.63101	18
6.63101	18
6.63166	18
6.63166	18
6.63193	18
6.63284	18
6.63285	18
6.63916	18
6.65317	18
6.65323	18
6.70658	18
6.7066	18
6.7066	18
6.70666	18
6.70667	18
6.70704	18
6.70705	18
6.70705	18
6.74102	18
6.74102	18
6.74104	18
6.74104	18
6.74183	18
6.74197	18
6.74197	18
6.74362	18
6.74382	18
6.74384	18
6.74801	18
6.74805	18
6.74805	18
6.74827	18
6.74828	18
6.75175	18
6.75178	18
6.75179	18
6.76295	18
6.77141	18
6.79079	18
6.7908	18
6.79085	18
6.79085	18
6.79087	18
6.79087	18
6.79557	18
6.79558	18
6.79559	18
6.79559	18
6.79831	18
6.79833	18
6.79834	18
6.80034	18
6.80035	18
6.80036	18
6.82556	18
6.82556	18
6.82568	18
6.8257	18
6.83586	18
6.8359	18
6.83595	18
6.83597	18
6.83609	18
6.8361	18
6.83613	18
6.83613	18
6.83687	18
6.83689	18
6.83689	18
6.85247	18
6.85251	18
6.85261	18
6.85262	18
6.86973	18
6.86975	18
6.86976	18
6.8699	18
6.86991	18
6.87041	18
6.87046	18
6.87047	18
6.88249	18
6.89521	18
6.89524	18
6.8953	18
6.9179	18
6.91794	18
6.91795	18
6.91799	18
6.918	18
6.92191	18
6.92191	18
6.92191	18
6.92311	18
6.92318	18
6.9232	18
6.92625	18
6.92633	18
6.92633	18
6.93665	18
6.9367	18
6.93677	18
6.93677	18
6.93856	18
6.93858	18
6.93858	18
6.93979	18
6.93988	18
6.93988	18
6.95504	18
6.95512	18
6.95514	18
6.95759	18
6.95761	18
6.95768	18
6.95768	18
6.96608	18
6.96615	18
6.96616	18
6.96924	18
6.96932	18
6.96934	18
6.96945	18
6.96946	18
6.96947	18
6.97211	18
6.97212	18
6.97212	18
6.9739	18
6.97392	18
6.97393	18
6.97531	18
6.97531	18
6.97533	18
6.97533	18
6.97915	18
6.97918	18
6.97919	18
6.99076	18
6.99077	18
6.99077	18
7.00369	18
7.0037	18
7.0037	18
7.01601	18
7.01611	18
7.01611	18
7.01613	18
7.02361	18
7.02369	18
7.02375	18
7.02375	18
7.02928	18
7.02929	18
7.02929	18
7.03286	18
7.03295	18
7.03297	18
7.03346	18
7.03346	18
7.03347	18
7.03565	18
7.03566	18
7.03567	18
7.05386	18
7.05386	18
7.05389	18
7.0539	18
7.05462	18
7.06419	18
7.06422	18
7.0644	18
7.07118	18
7.07128	18
7.07128	18
7.07128	18
7.07129	18
7.07938	18
7.07947	18
7.07949	18
7.08031	18
7.08207	18
7.08208	18
7.08211	18
7.08211	18
7.08562	18
7.08571	18
7.08571	18
7.08654	18
7.08659	18
7.08659	18
7.08681	18
7.08683	18
7.08683	18
7.08934	18
7.08934	18
7.08936	18
7.10246	18
7.10256	18
7.10268	18
7.10268	18
7.11717	18
7.11732	18
7.11732	18
7.12064	18
7.12073	18
7.12074	18
7.29121	18
7.29121	18
7.29131	18
7.29132	18
7.29651	18
7.29654	18
7.29658	18
7.30034	18
7.30037	18
7.30041	18
7.30042	18
7.31417	18
7.31654	18
7.31657	18
7.31659	18
7.3166	18
7.32418	18
7.33678	18
7.33683	18
7.33683	18
7.33697	18
7.33697	18
7.33915	18
7.34355	18
7.34971	18
7.34971	18
7.34977	18
7.42287	18
7.42288	18
7.42288	18
7.42294	18
7.42295	18
7.43377	18
7.43378	18
7.43382	18
7.43383	18
7.45125	18
7.45125	18
7.45126	18
7.45128	18
7.45815	18
7.45818	18
7.45819	18
7.46778	18
7.46784	18
7.46784	18
7.46784	18
7.47933	18
7.48592	18
7.48595	18
7.50415	18
7.50416	18
7.50417	18
7.50417	18
7.50418	18
7.51849	18
7.5185	18
7.51853	18
7.51855	18
7.52403	18
7.52404	18
7.52404	18
7.52406	18
7.52973	18
7.5602	18
7.56022	18
7.56022	18
7.56028	18
7.56028	18
7.56153	18
7.5619	18
7.56191	18
7.56611	18
7.56616	18
7.56617	18
7.5662	18
7.57126	18
7.57137	18
7.57138	18
7.57672	18
7.57746	18
7.57748	18
7.5922	18
7.5934	18
7.5934	18
7.60121	18
7.60128	18
7.60129	18
7.6411	18
7.6411	18
7.64111	18
7.64112	18
7.64114	18
7.64398	18
7.64402	18
7.64408	18
7.64409	18
7.64501	18
7.64507	18
7.64511	18
7.65007	18
7.65021	18
7.65022	18
7.65589	18
7.6559	18
7.6559	18
7.65964	18
7.65967	18
7.65969	18
7.65969	18
7.66073	18
7.66078	18
7.66078	18
7.67649	18
7.67652	18
7.67653	18
7.6851	18
7.68518	18
7.68519	18
7.68524	18
7.68525	18
7.68532	18
7.68532	18
7.68855	18
7.68856	18
7.68858	18
7.68859	18
7.69017	18
7.69019	18
7.69021	18
7.75282	18
7.75283	18
7.75297	18
7.75299	18
7.76122	18
7.7613	18
7.7613	18
7.76458	18
7.76459	18
7.76462	18
7.76462	18
7.77361	18
7.77362	18
7.77363	18
7.77402	18
7.77404	18
7.77406	18
7.78388	18
7.78389	18
7.7839	18
7.78792	18
7.78794	18
7.78794	18
7.78799	18
7.78799	18
7.79812	18
7.79813	18
7.79818	18
7.80145	18
7.80149	18
7.8015	18
7.80428	18
7.80428	18
7.80429	18
7.81323	18
7.81325	18
7.81325	18
7.8137	18
7.8137	18
7.81373	18
7.81374	18
7.8235	18
7.82353	18
7.82353	18
7.8305	18
7.83056	18
7.83057	18
7.85349	18
7.85357	18
7.85357	18
7.85362	18
7.86113	18
7.86116	18
7.86124	18
7.86125	18
7.86533	18
7.86533	18
7.86536	18
7.86537	18
7.87512	18
7.87512	18
7.87517	18
7.87979	18
7.87979	18
7.87979	18
7.87979	18
7.87981	18
7.88187	18
7.88191	18
7.88192	18
7.88531	18
7.88531	18
7.88532	18
7.88958	18
7.88959	18
7.8897	18
7.88971	18
7.89575	18
7.89587	18
7.89587	18
7.90098	18
7.90116	18
7.90119	18
7.90183	18
7.90183	18
7.90188	18
7.90191	18
7.92301	18
7.92301	18
7.92302	18
7.92302	18
7.92303	18
7.92305	18
7.92305	18
7.93962	18
7.93962	18
7.93967	18
7.9498	18
7.94994	18
7.94994	18
7.9567	18
7.95673	18
7.95674	18
7.95681	18
7.95685	18
7.95688	18
7.95997	18
7.96001	18
7.96001	18
7.96205	18
7.96208	18
7.96211	18
7.96277	18
7.96296	18
7.96296	18
7.96337	18
7.96341	18
7.96345	18
7.97877	18
7.97878	18
7.97878	18
7.98072	18
7.98072	18
7.98073	18
7.98492	18
7.98506	18
7.98507	18
7.99102	18
7.9956	18
7.99563	18
7.99565	18
7.99566	18
7.99756	18
8.00131	18
8.00133	18
8.00135	18
8.00145	18
8.02019	18
8.02023	18
8.02024	18
8.02024	18
8.04446	18
8.04446	18
8.04889	18
8.04891	18
8.04891	18
8.04897	18
8.04899	18
8.05247	18
8.05249	18
8.05249	18
8.0525	18
8.05405	18
8.05407	18
8.05649	18
8.05652	18
8.0711	18
8.07112	18
8.07129	18
8.0713	18
8.0745	18
8.07452	18
8.07458	18
8.07458	18
8.07657	18
8.07661	18
8.07664	18
8.0767	18
8.07716	18
8.07716	18
8.07717	18
8.0772	18
8.08526	18
8.08636	18
8.08638	18
8.0864	18
8.0864	18
8.08641	18
8.08643	18
8.09403	18
8.09568	18
8.09569	18
8.09573	18
8.09574	18
8.10182	18
8.10188	18
8.10188	18
8.10367	18
8.10376	18
8.10376	18
8.10883	18
8.1089	18
8.1089	18
8.11214	18
8.11217	18
8.11218	18
8.12512	18
8.12512	18
8.12512	18
8.12513	18
8.13148	18
8.1315	18
8.13155	18
8.13157	18
8.14539	18
8.15269	18
8.1528	18
8.15281	18
8.15282	18
8.17119	18
8.17121	18
8.17121	18
8.17127	18
8.17127	18
8.17269	18
8.1727	18
8.17271	18
8.17547	18
8.17552	18
8.17554	18
8.17834	18
8.17838	18
8.17844	18
8.18169	18
8.1817	18
8.18173	18
8.18175	18
8.18332	18
8.18332	18
8.18333	18
8.18984	18
8.18984	18
8.18987	18
8.20756	18
8.20768	18
8.20772	18
8.21858	18
8.2186	18
8.2186	18
8.21861	18
8.22255	18
8.22258	18
8.2226	18
8.24961	18
8.24961	18
8.24962	18
8.24963	18
8.2532	18
8.25321	18
8.25323	18
8.25364	18
8.26161	18
8.26162	18
8.26163	18
8.26163	18
8.26704	18
8.26705	18
8.26706	18
8.2688	18
8.26894	18
8.269	18
8.27425	18
8.27431	18
8.27442	18
8.27958	18
8.27961	18
8.27971	18
8.29448	18
8.29458	18
8.29472	18
8.29896	18
8.29904	18
8.29904	18
8.29905	18
8.32263	18
8.32263	18
8.32266	18
8.32267	18
8.32518	18
8.32532	18
8.32541	18
8.32541	18
8.55924	18
8.55925	18
8.56194	18
8.56196	18
8.56342	18
8.56361	18
8.5637	18
8.56812	18
8.57707	18
8.57709	18
8.59782	18
8.59786	18
8.59787	18
8.59787	18
8.59793	18
8.60773	18
8.60779	18
8.60787	18
8.61584	18
8.61585	18
8.61585	18
8.62771	18
8.62773	18
8.62774	18
8.62774	18
8.63647	18
8.63649	18
8.6365	18
8.63656	18
8.63657	18
8.64407	18
8.64413	18
8.64416	18
8.64417	18
8.64541	18
8.64549	18
8.64549	18
8.64834	18
8.65222	18
8.65223	18
8.65727	18
8.65732	18
8.65732	18
8.66912	18
8.66913	18
8.66913	18
8.66914	18
8.66915	18
8.67501	18
8.67504	18
8.67509	18
8.67682	18
8.67683	18
8.67685	18
8.677	18
8.68966	18
8.68966	18
8.68967	18
8.68973	18
8.68975	18
8.69086	18
8.69093	18
8.69094	18
8.69704	18
8.69704	18
8.69706	18
8.69706	18
8.70155	18
8.70155	18
8.70156	18
8.70713	18
8.70717	18
8.70724	18
8.71046	18
8.71048	18
8.71059	18
8.71383	18
8.71387	18
8.71391	18
8.72384	18
8.72396	18
8.72404	18
8.73354	18
8.73356	18
8.73356	18
8.73361	18
8.73372	18
8.74113	18
8.74114	18
8.74115	18
8.74117	18
8.74118	18
8.74131	18
8.74131	18
8.74727	18
8.74873	18
8.74877	18
8.75778	18
8.75778	18
8.75779	18
8.7578	18
8.75783	18
8.7652	18
8.76545	18
8.76554	18
8.77299	18
8.77305	18
8.7731	18
8.77324	18
8.77328	18
8.77328	18
8.78018	18
8.78018	18
8.78034	18
8.7804	18
8.78528	18
8.7854	18
8.78558	18
9.17753	18
9.17753	18
9.17852	18
9.17864	18
9.19407	18
9.19413	18
9.19417	18
9.19474	18
9.1948	18
9.19498	18
9.19516	18
9.21012	18
9.21013	18
9.21013	18
9.21019	18
9.21784	18
9.21788	18
9.21789	18
9.21797	18
9.26654	18
9.26654	18
9.26744	18
9.26744	18
9.26957	18
9.2696	18
9.26961	18
9.27568	18
9.2757	18
9.27571	18
9.27597	18
9.29865	18
9.29866	18
9.29875	18
9.30365	18
9.32464	18
9.32465	18
9.32466	18
9.32468	18
9.3247	18
9.33637	18
9.33637	18
9.33637	18
9.33642	18
9.33645	18
9.33956	18
9.33964	18
9.33975	18
9.34696	18
9.34702	18
9.34705	18
9.35108	18
9.3511	18
9.35117	18
9.35373	18
9.35376	18
9.35377	18
9.35395	18
9.37792	18
9.37803	18
9.37803	18
9.37807	18
9.37812	18
9.38046	18
9.38049	18
9.38055	18
9.38067	18
9.39475	18
9.39478	18
9.39478	18
9.39481	18
9.3949	18
9.40433	18
9.4096	18
9.40976	18
9.41216	18
9.4122	18
9.41221	18
9.41225	18
9.41225	18
9.41786	18
9.41787	18
9.41787	18
9.41802	18
9.4281	18
9.42814	18
9.42815	18
9.42818	18
9.44302	18
9.44303	18
9.44305	18
9.44305	18
9.44318	18
9.44457	18
9.44479	18
9.44485	18
9.458	18
9.45802	18
9.45805	18
9.47261	18
9.47269	18
9.47275	18
9.47803	18
9.47805	18
9.47808	18
9.47814	18
9.48318	18
9.48321	18
9.48329	18
9.48335	18
9.49944	18
9.49958	18
9.49961	18
9.49961	18
9.50208	18
9.5022	18
9.50513	18
9.5053	18
9.50536	18
9.50694	18
9.50707	18
9.50716	18
9.51447	18
9.51449	18
9.51473	18
9.53757	18
9.53759	18
9.53761	18
9.53769	18
9.53802	18
9.53804	18
9.5381	18
9.54319	18
9.5433	18
9.54332	18
9.5434	18
9.54343	18
9.54373	18
9.55078	18
9.55079	18
9.55084	18
9.55255	18
9.55264	18
9.55282	18
9.56333	18
9.56356	18
9.56359	18
9.57699	18
9.57701	18
9.57701	18
9.57714	18
9.57771	18
9.57858	18
9.57859	18
9.57873	18
9.5872	18
9.58725	18
9.58726	18
9.58727	18
9.59865	18
9.59874	18
9.59874	18
9.61045	18
9.61047	18
9.6106	18
9.6152	18
9.61522	18
9.61524	18
9.61527	18
9.6226	18
9.62264	18
9.62354	18
9.62982	18
9.62982	18
9.62986	18
9.62988	18
9.63043	18
9.63044	18
9.63045	18
9.63074	18
9.63265	18
9.63269	18
9.63275	18
9.63281	18
9.63663	18
9.65661	18
9.65715	18
9.65716	18
9.65719	18
9.65719	18
9.65719	18
9.65721	18
9.66454	18
9.67197	18
9.67205	18
9.67217	18
9.67245	18
9.68989	18
9.68991	18
9.68996	18
9.69026	18
9.69848	18
9.69848	18
9.69849	18
9.69853	18
9.69885	18
9.71121	18
9.71123	18
9.71165	18
9.7169	18
9.71697	18
9.71794	18
9.74924	18
9.74925	18
9.74925	18
9.74948	18
9.74952	18
9.78451	18
9.78452	18
9.78456	18
9.78468	18
9.78669	18
9.78677	18
9.78689	18
9.78697	18
9.80428	18
9.8043	18
9.80451	18
9.80466	18
9.82008	18
9.82008	18
9.82029	18
9.82121	18
9.82133	18
9.82137	18
9.82359	18
9.82457	18
9.8246	18
9.82628	18
9.83342	18
9.83346	18
9.83372	18
9.8349	18
9.83877	18
9.83882	18
9.83975	18
9.83978	18
9.83979	18
9.83979	18
9.84108	18
9.84109	18
9.84111	18
9.8433	18
9.84338	18
9.84638	18
9.84642	18
9.84644	18
9.84644	18
9.85352	18
9.85354	18
9.85354	18
9.89215	18
9.89215	18
9.89221	18
9.93009	18
9.93012	18
9.93014	18
9.93017	18
9.93076	18
9.93076	18
9.93076	18
9.95584	18
9.95587	18
9.95595	18
9.95969	18
9.95974	18
9.95974	18
9.96062	18
9.97885	18
9.97886	18
9.97897	18
9.97973	18
9.97976	18
9.97976	18
9.97987	18
10.0101	18
10.0101	18
10.0102	18
10.0102	18
10.0102	18
10.0103	18
10.0232	18
10.0232	18
10.0233	18
10.0251	18
10.0252	18
10.0252	18
10.0253	18
10.0411	18
10.0745	18
10.0745	18
10.0745	18
10.0745	18
10.0881	18
10.0881	18
10.0881	18
10.1103	18
10.1104	18
10.1104	18
10.1406	18
10.1406	18
10.1407	18
10.1505	18
10.1505	18
10.1505	18
10.1505	18
10.1533	18
10.1533	18
10.1533	18
10.1737	18
10.1737	18
10.1737	18
10.1737	18
10.1934	18
10.1934	18
10.1935	18
10.1942	18
10.1944	18
10.1944	18
10.1944	18
10.1976	18
10.2057	18
10.2057	18
10.2057	18
10.2057	18
10.2059	18
10.2393	18
10.2393	18
10.2393	18
10.2393	18
10.2699	18
10.27	18
10.27	18
10.27	18
10.2726	18
10.2726	18
10.2726	18
10.2788	18
10.2789	18
10.2789	18
10.2843	18
10.3423	18
10.3423	18
10.3423	18
10.3424	18
10.3448	18
10.3449	18
10.3449	18
10.3449	18
10.6597	18
10.6597	18
10.6597	18
10.6624	18
10.6624	18
10.6624	18
10.6625	18
10.6823	18
10.6824	18
10.6824	18
10.7021	18
10.7021	18
10.7021	18
10.7023	18
10.7107	18
10.724	18
10.724	18
10.724	18
10.7241	18
10.7301	18
10.7301	18
10.7301	18
10.7301	18
10.7493	18
10.7493	18
10.7496	18
10.752	18
10.752	18
10.7521	18
10.7604	18
10.7604	18
10.7604	18
10.7604	18
10.7614	18
10.7614	18
10.7704	18
10.7704	18
10.7704	18
10.7704	18
10.7728	18
10.7747	18
10.7753	18
10.7756	18
10.7936	18
10.7936	18
10.7936	18
10.7936	18
10.7937	18
10.799	18
10.799	18
10.799	18
10.7991	18
10.8061	18
10.8061	18
10.8069	18
11.9207	18
11.9207	18
11.9207	18
11.9574	18
11.9574	18
11.9575	18
11.9575	18
11.9749	18
11.9749	18
11.9749	18
11.9749	18
15.5494	18
15.5494	18
15.5494	18
15.599	18
15.599	18
15.599	18
15.6095	18
15.6095	18
15.6095	18
15.6095	18
15.6122	18
15.6122	18
15.6122	18
15.6222	18
15.6222	18
15.6222	18
15.6325	18
15.6356	18
15.6388	18
15.639	18
15.6604	18
15.6604	18
15.6604	18
15.6604	18
15.6604	18
15.6863	18
15.6864	18
15.6864	18
15.6864	18
15.6881	18
15.6881	18
15.6883	18
15.6965	18
15.6965	18
15.6967	18
15.6978	18
15.6978	18
15.6979	18
15.698	18
15.7026	18
15.7026	18
15.7027	18
15.7099	18
15.7099	18
15.716	18
15.716	18
15.716	18
15.716	18
15.7162	18
15.7175	18
15.7175	18
15.7175	18
15.7177	18
15.7177	18
15.7177	18
15.7177	18
15.7185	18
15.7186	18
15.7186	18
15.7186	18
15.7306	18
15.7306	18
15.7307	18
15.7689	18
15.7689	18
15.7689	18
15.7813	18
15.7813	18
15.7813	18
15.7892	18
15.7893	18
15.7893	18
15.7893	18
15.8428	18
15.8428	18
15.8428	18
15.8428	18
15.8774	18
15.8774	18
15.8774	18
15.8774	18
15.8779	18
15.8779	18
15.878	18
15.8996	18
15.8996	18
15.8996	18
15.9163	18
15.9164	18
15.9164	18
15.9164	18
15.9282	18
15.9283	18
15.9283	18
15.9283	18
16.4234	18
16.4234	18
16.4244	18
16.4327	18
16.4456	18
16.4456	18
16.4456	18
16.4457	18
16.4569	18
16.4824	18
16.4824	18
16.4825	18
16.4825	18
16.6285	18
16.6285	18
16.6322	18
16.6368	18
16.6368	18
16.6369	18
16.6609	18
16.6609	18
16.6609	18
16.6671	18
16.6671	18
16.6671	18
16.6671	18
16.6763	18
16.6763	18
16.6765	18
16.6791	18
16.6791	18
16.6791	18
16.6792	18
16.6806	18
16.6806	18
16.6806	18
16.682	18
16.682	18
16.6821	18
16.6821	18
16.6821	18
16.689	18
16.689	18
16.689	18
16.689	18
16.7859	18
16.786	18
16.786	18
16.8019	18
16.8019	18
16.8019	18
16.8019	18
16.807	18
16.807	18
16.8071	18
16.8152	18
16.8152	18
16.8153	18
17.5118	18
17.5118	18
17.5122	18
17.5122	18
17.5122	18
17.5147	18
17.5148	18
17.5149	18
17.5151	18
17.5151	18
17.5151	18
17.5157	18
17.5158	18
17.518	18
17.518	18
17.5241	18
17.5311	18
17.5311	18
17.5312	18
17.5349	18
17.5349	18
17.5349	18
17.5351	18
17.5947	18
17.5947	18
17.5947	18
17.629	18
17.6364	18
17.6365	18
17.6365	18
17.6365	18
17.6578	18
17.6811	18
17.6812	18
17.6812	18
17.689	18
17.689	18
17.689	18
17.6892	18
17.6911	18
17.6911	18
17.6911	18
17.6911	18
17.7184	18
17.7184	18
17.7185	18
17.7185	18
17.7251	18
17.7251	18
17.7251	18
17.7544	18
17.7545	18
17.7545	18
17.7546	18
17.7732	18
17.7732	18
17.7733	18
17.7892	18
17.7892	18
17.7892	18
17.7892	18
17.8922	18
17.8922	18
17.8928	18
17.9017	18
17.9159	18
17.9167	18
17.9168	18
17.9254	18
17.9254	18
17.9254	18
17.9254	18
17.9254	18
19.187	18
19.187	18
21.457	18
21.4595	18
21.4595	18
21.4598	18
21.4619	18
21.4619	18
21.4619	18
21.4839	18
21.4839	18
21.4839	18
21.4839	18
21.5247	18
21.5247	18
21.5247	18
21.5247	18
21.5278	18
21.5278	18
21.5278	18
21.5279	18
21.5368	18
21.5368	18
21.5368	18
21.5369	18
21.567	18
21.567	18
21.567	18
21.567	18
21.5674	18
21.5675	18
21.5675	18
21.573	18
21.573	18
21.573	18
21.573	18
21.5973	18
21.5973	18
21.5973	18
21.6443	18
21.6443	18
21.6444	18
21.6514	18
21.6514	18
21.6514	18
21.6729	18
21.673	18
21.673	18
21.673	18
21.6774	18
21.6783	18
21.6783	18
21.6794	18
21.6857	18
21.6857	18
21.6857	18
21.6857	18
21.6909	18
21.6909	18
21.691	18
21.691	18
21.709	18
21.7112	18
21.7112	18
21.7113	18
21.7215	18
21.7216	18
21.7216	18
21.7216	18
21.7231	18
21.736	18
21.736	18
21.736	18
21.7361	18
21.7387	18
21.7545	18
21.7545	18
21.7546	18
21.7546	18
22.1625	18
22.1625	18
22.163	18
22.1641	18
22.1641	18
22.1642	18
22.1707	18
22.1707	18
22.1708	18
22.1709	18
22.18	18
22.1801	18
22.1801	18
22.1801	18
22.1939	18
22.1939	18
22.194	18
22.1942	18
22.2018	18
22.2018	18
22.2018	18
22.2048	18
22.2048	18
22.2049	18
22.2105	18
22.2106	18
22.2106	18
22.2107	18
22.2114	18
22.2285	18
22.2285	18
22.2286	18
22.2286	18
22.2625	18
22.2625	18
22.2626	18
22.2668	18
22.2668	18
22.2668	18
22.2668	18
22.2939	18
22.2939	18
22.294	18
22.3051	18
22.3051	18
22.3052	18
22.3205	18
22.3205	18
22.3205	18
22.3282	18
22.3282	18
22.3282	18
22.3683	18
22.3683	18
22.3684	18
22.3766	18
22.3766	18
22.3766	18
22.3766	18
22.3767	18
22.3814	18
22.3815	18
22.3815	18
22.3936	18
22.3936	18
22.3936	18
23.1866	18
23.1866	18
23.1877	18
23.2064	18
23.2065	18
23.2065	18
23.2065	18
23.207	18
23.207	18
23.2071	18
23.2071	18
23.4309	18
23.431	18
23.432	18
23.432	18
23.4379	18
23.4379	18
23.4379	18
23.4379	18
23.4689	18
23.4689	18
23.4689	18
23.4801	18
23.4801	18
23.4801	18
23.4801	18
23.4871	18
23.4871	18
23.4871	18
23.5149	18
23.515	18
23.5151	18
23.5151	18
23.544	18
23.544	18
23.5441	18
23.5441	18
23.5454	18
23.5454	18
23.5455	18
23.5635	18
23.5636	18
23.5637	18
23.564	18
25.7482	18
25.7482	18
25.7494	18
25.7587	18
25.7587	18
25.7587	18
25.7591	18
25.7591	18
25.7591	18
25.7591	18
25.7849	18
25.7849	18
25.7849	18
25.785	18
25.7971	18
25.7971	18
25.7972	18
25.8081	18
25.8081	18
25.8082	18
25.8106	18
25.8106	18
25.8106	18
25.8536	18
25.8536	18
25.8536	18
25.8537	18
25.8594	18
25.8594	18
25.8594	18
25.8595	18
25.8641	18
25.8642	18
25.8716	18
25.8716	18
25.8716	18
25.8717	18
25.8717	18
25.8878	18
25.8878	18
25.8878	18
25.8903	18
25.8903	18
25.8903	18
25.8903	18
28.0263	18
28.0265	18
28.0266	18
28.0358	18
28.0358	18
28.0358	18
28.0359	18
28.2264	18
28.2266	18
28.2281	18
28.2286	18
28.2286	18
28.2286	18
28.2287	18
28.2315	18
28.2315	18
28.2315	18
28.2442	18
28.2595	18
28.2595	18
28.2595	18
28.2596	18
28.2631	18
28.2631	18
28.2632	18
28.2632	18
29.1985	18
29.1991	18
29.1993	18
29.1996	18
29.2063	18
29.2064	18
29.2064	18
29.207	18
29.207	18
29.207	18
29.2071	18
29.2617	18
29.2618	18
29.2618	18
29.2685	18
29.2685	18
29.2686	18
29.2976	18
29.2976	18
29.2976	18
29.2976	18
29.3089	18
29.3089	18
29.3089	18
29.3089	18
29.6332	18
29.6333	18
29.6333	18
29.6538	18
29.6538	18
29.6539	18
30.4491	18
30.4491	18
30.4889	18
30.489	18
30.4901	18
30.4901	18
30.4908	18
31.0339	18
31.0339	18
31.0404	18
31.5132	18
31.5132	18
31.5139	18
31.5139	18
31.5139	18
31.514	18
31.6959	18
31.6961	18
31.6961	18
31.6961	18
31.7157	18
31.7157	18
31.7346	18
31.7346	18
31.7346	18
31.7346	18
31.7346	18
31.9566	18
31.9566	18
31.9567	18
31.9576	18
31.9576	18
32.0355	18
32.0355	18
32.0375	18
32.042	18
32.042	18
32.042	18
32.0504	18
32.0504	18
32.0504	18
32.0504	18
32.0741	18
32.0741	18
32.0741	18
32.0741	18
32.0859	18
32.0859	18
32.0859	18
32.0991	18
32.0991	18
32.0992	18
32.6715	18
32.6729	18
32.673	18
32.676	18
32.6761	18
32.6761	18
32.6774	18
32.6946	18
32.7075	18
32.7075	18
32.7075	18
32.7075	18
32.7269	18
32.7269	18
32.7269	18
32.7341	18
32.7362	18
32.7362	18
32.7362	18
32.7362	18
32.7423	18
32.7423	18
32.7423	18
32.7531	18
32.7531	18
32.7531	18
32.7531	18
32.7572	18
32.7572	18
32.7572	18
32.7572	18
32.7607	18
32.7607	18
32.7608	18
32.7608	18
32.9872	18
32.9873	18
32.99	18
32.9931	18
32.9931	18
32.9931	18
32.9979	18
32.998	18
32.998	18
32.998	18
33.0382	18
33.0382	18
33.0434	18
33.0828	18
33.0829	18
33.0829	18
33.0829	18
33.0922	18
33.1278	18
33.1278	18
33.1278	18
33.1278	18
33.1283	18
33.1283	18
33.1284	18
33.1284	18
33.1562	18
33.1563	18
33.1563	18
33.1563	18
33.1585	18
33.1585	18
33.1585	18
33.2108	18
33.2109	18
33.2109	18
33.2109	18
33.2699	18
33.27	18
33.27	18
34.5967	18
34.5973	18
34.5973	18
34.5981	18
34.9183	18
34.9184	18
34.9192	18
34.9615	18
34.9616	18
34.9616	18
34.9682	18
34.9682	18
34.9682	18
34.9682	18
34.9918	18
34.9918	18
34.9918	18
34.9918	18
35.0468	18
35.0468	18
35.0494	18
35.0495	18
35.0495	18
35.0495	18
35.0556	18
35.0556	18
35.0556	18
35.0557	18
35.0558	18
35.0667	18
35.0667	18
35.0667	18
35.1717	18
35.1718	18
35.1733	18
35.1881	18
35.1881	18
35.1881	18
35.1881	18
35.2012	18
35.2012	18
35.2012	18
35.2213	18
35.2213	18
35.2213	18
35.2213	18
35.6635	18
35.6636	18
35.6658	18
35.7862	18
35.7862	18
35.7878	18
36.5257	18
36.5258	18
36.5259	18
36.578	18
36.578	18
36.5781	18
36.6407	18
36.6407	18
36.6445	18
36.653	18
36.6531	18
36.6531	18
36.6997	18
36.6998	18
36.6998	18
36.7048	18
36.7049	18
36.7049	18
36.7049	18
36.7173	18
36.7191	18
36.7191	18
36.7192	18
36.7192	18
36.7434	18
36.7434	18
36.7435	18
36.7435	18
36.7609	18
36.761	18
36.761	18
36.761	18
37.3522	18
37.3524	18
37.3572	18
37.5469	18
37.5471	18
37.5515	18
37.5709	18
37.571	18
37.5718	18
37.577	18
37.577	18
37.577	18
37.577	18
37.5862	18
37.5862	18
37.5862	18
37.59	18
37.5991	18
37.6095	18
37.6095	18
37.6095	18
37.6095	18
37.6299	18
37.63	18
37.63	18
37.63	18
37.9353	18
37.9354	18
37.9356	18
37.995	18
37.9952	18
37.9968	18
38.0093	18
38.0093	18
38.0093	18
38.0093	18
38.0723	18
38.0723	18
38.0736	18
38.0761	18
38.0826	18
38.0826	18
38.0826	18
38.0827	18
38.0939	18
38.0939	18
38.094	18
38.0987	18
38.0987	18
38.0988	18
38.0988	18
38.1146	18
38.1146	18
38.1146	18
38.1174	18
38.1174	18
38.1174	18
38.1174	18
38.118	18
38.118	18
38.118	18
38.1182	18
38.1586	18
38.1587	18
38.1587	18
38.1587	18
38.1596	18
38.1606	18
38.1606	18
38.1606	18
38.1606	18
38.1613	18
38.1613	18
38.1613	18
38.1614	18
38.1733	18
38.1734	18
38.1734	18
38.1734	18
38.1747	18
38.1747	18
38.1747	18
38.195	18
38.195	18
38.1951	18
38.1951	18
38.2557	18
38.2606	18
38.2606	18
38.2633	18
38.2658	18
38.2658	18
38.2658	18
38.2658	18
38.2728	18
38.2728	18
38.2729	18
38.2821	18
38.2822	18
38.2822	18
38.3057	18
38.306	18
38.3071	18
38.3899	18
38.3901	18
38.3909	18
38.4079	18
38.4079	18
38.4079	18
38.4079	18
38.568	18
38.5684	18
38.5734	18
38.5813	18
38.5813	18
38.5813	18
38.5814	18
39.4175	18
39.4178	18
39.4178	18
39.42	18
39.42	18
39.4201	18
39.4202	18
39.4202	18
39.4243	18
39.4244	18
39.4244	18
39.6532	18
39.6535	18
39.6577	18
39.6704	18
39.6704	18
39.6704	18
39.6705	18
39.6842	18
39.6843	18
39.6843	18
39.6843	18
39.6899	18
39.6899	18
39.69	18
39.69	18
39.6936	18
39.6936	18
39.6937	18
39.6937	18
39.7281	18
39.7281	18
39.7282	18
39.7283	18
40.4527	18
40.4528	18
40.4545	18
40.5303	18
40.5304	18
40.5311	18
41.0878	18
41.0878	18
41.0901	18
41.6988	18
41.699	18
41.7017	18
41.9432	18
41.9441	18
41.9492	18
42.2764	18
42.2767	18
42.2771	18
42.8692	18
42.8694	18
42.8701	18
42.8725	18
42.8725	18
42.8726	18
42.8726	18
43.032	18
43.0322	18
43.0334	18
43.9256	18
43.9256	18
43.927	18
44.0832	18
44.0834	18
44.0834	18
44.0908	18
45.2262	18
45.2269	18
45.227	18
45.2271	18
45.25	18
45.25	18
45.25	18
48.176	18
48.176	18
48.1812	18
48.8644	18
48.8651	18
48.8654	18
48.8655	18
49.4399	18
49.4402	18
49.4411	18
49.4458	18
49.4459	18
49.446	18
49.4461	18
49.4602	18
49.4603	18
49.4604	18
49.4604	18
49.4641	18
49.4641	18
49.4642	18
49.4643	18
49.9575	18
49.9575	18
49.9575	18
49.9591	18
50.5111	18
50.5115	18
50.5116	18
50.5117	18
50.5119	18
50.5119	18
50.512	18
50.512	18
50.5777	18
50.5777	18
50.5778	18
51.1489	18
51.1494	18
51.1494	18
51.1497	18
51.1498	18
51.1499	18
51.1499	18
51.2271	18
51.2272	18
51.2284	18
52.2387	18
52.2388	18
52.2407	18
52.9971	18
52.9975	18
52.9975	18
53.319	18
53.3193	18
53.3193	18
53.3207	18
53.3207	18
53.3208	18
53.3208	18
53.8365	18
53.8365	18
53.8368	18
54.7211	18
54.7212	18
54.7233	18
55.3634	18
55.3637	18
55.3668	18
55.3725	18
55.3725	18
55.3726	18
55.642	18
55.6423	18
55.6429	18
55.6435	18
55.654	18
55.654	18
55.6541	18
55.6541	18
55.8677	18
55.8684	18
55.8684	18
55.8684	18
56.6728	18
56.6733	18
56.674	18
56.692	18
56.692	18
56.6921	18
56.6921	18
56.7284	18
56.7287	18
56.7294	18
56.761	18
56.761	18
56.7611	18
56.7612	18
56.9494	18
56.9495	18
56.9523	18
56.9544	18
56.9545	18
56.956	18
57.1748	18
57.1749	18
57.175	18
57.493	18
57.4931	18
57.4952	18
57.6327	18
57.633	18
57.636	18
58.2354	18
58.2359	18
58.2428	18
58.8122	18
58.8125	18
58.8149	18
58.8193	18
58.8472	18
58.8472	18
58.8472	18
58.8473	18
58.8476	18
58.8476	18
58.8483	18
59.0463	18
59.0464	18
59.0482	18
59.1674	18
59.1688	18
59.1692	18
59.1697	18
59.4517	18
59.4522	18
59.4522	18
59.8791	18
59.8792	18
59.8803	18
60.7159	18
60.7165	18
60.7167	18
60.7167	18
61.4521	18
61.4524	18
61.4586	18
61.6549	18
61.6549	18
61.6549	18
63.8329	18
63.834	18
63.8344	18
63.836	18
64.0902	18
64.0903	18
64.0907	18
64.5153	18
64.5154	18
64.516	18
65.6775	18
65.6778	18
65.6781	18
65.6795	18
65.9052	18
65.9058	18
65.9077	18
66.2583	18
66.2591	18
66.2591	18
66.6287	18
66.6287	18
66.6363	18
66.6367	18
66.6367	18
66.6377	18
66.6974	18
66.6975	18
66.6975	18
66.6975	18
67.2011	18
67.2014	18
67.202	18
67.4734	18
67.4737	18
67.478	18
67.5187	18
67.5209	18
67.5215	18
67.524	18
67.8253	18
67.8254	18
67.8581	18
67.8582	18
67.8582	18
68.0224	18
68.0254	18
68.0254	18
68.0264	18
69.0584	18
69.0585	18
69.0613	18
71.2822	18
71.2823	18
71.2823	18
72.0777	18
72.0779	18
72.0781	18
72.6681	18
72.6684	18
72.6685	18
72.6883	18
72.6884	18
72.6884	18
72.7523	18
72.7528	18
72.7542	18
73.0078	18
73.0078	18
73.0079	18
73.009	18
73.0858	18
73.0861	18
73.0865	18
73.1027	18
73.1039	18
73.1041	18
73.1068	18
73.6539	18
73.6546	18
73.6574	18
73.7346	18
73.7347	18
73.7348	18
74.8197	18
74.8197	18
74.82	18
74.8285	18
75.2896	18
75.2899	18
75.2907	18
75.4574	18
75.4574	18
75.4612	18
75.4849	18
75.4862	18
75.4867	18
75.8169	18
75.8171	18
75.8175	18
75.818	18
75.8181	18
76.6716	18
76.6716	18
76.6717	18
76.8917	18
76.8922	18
76.8938	18
76.907	18
76.907	18
76.907	18
76.9072	18
77.4424	18
77.4428	18
77.4444	18
78.2925	18
78.2927	18
78.293	18
78.3822	18
78.3823	18
78.3827	18
80.4546	18
80.4546	18
80.4569	18
80.4684	18
80.4687	18
80.4729	18
81.7368	18
81.7395	18
81.7395	18
82.053	18
82.056	18
82.0565	18
82.0752	18
82.0755	18
82.0755	18
82.0773	18
82.1427	18
82.1434	18
82.1447	18
83.0598	18
83.0599	18
83.0609	18
83.0615	18
83.0696	18
83.0697	18
83.0697	18
83.0697	18
83.2386	18
83.2394	18
83.2395	18
83.2395	18
83.828	18
83.8283	18
83.8302	18
84.0028	18
84.0031	18
84.0034	18
84.666	18
84.6666	18
84.6702	18
84.8658	18
84.8663	18
84.8663	18
86.8949	18
86.8959	18
86.8964	18
86.9015	18
86.9015	18
86.9016	18
86.9017	18
86.9568	18
86.9568	18
86.9568	18
86.9827	18
86.983	18
86.9839	18
87.1288	18
87.1291	18
87.1301	18
89.259	18
89.259	18
89.2749	18
89.2751	18
90.1119	18
90.112	18
90.1151	18
90.3197	18
90.3203	18
90.3207	18
90.5464	18
90.5466	18
90.5472	18
90.5578	18
90.5741	18
90.5753	18
90.5753	18
90.5983	18
90.5983	18
90.5983	18
90.5983	18
90.5985	18
90.6249	18
90.626	18
90.627	18
90.8082	18
90.8086	18
90.8105	18
91.0833	18
91.084	18
91.0848	18
91.146	18
91.1464	18
91.151	18
91.9858	18
91.9868	18
91.9868	18
94.2222	18
94.2226	18
94.2238	18
94.6116	18
94.6124	18
94.6142	18
94.8599	18
94.86	18
94.8601	18
94.8615	18
94.8659	18
94.8873	18
94.8903	18
94.8903	18
94.8947	18
94.8948	18
94.8948	18
94.8948	18
94.8949	18
96.7631	18
96.7635	18
96.7671	18
97.1138	18
97.1143	18
97.1146	18
97.156	18
97.1564	18
97.1564	18
98.5018	18
98.5033	18
98.5034	18
98.6444	18
98.6446	18
98.6447	18
98.6459	18
99.9998	18
