1.1171e-10	0
1.45773e-10	1
1.54301e-10	2
1.56959e-10	3
1.68356e-10	4
2.7928e-10	5
3.15537e-10	6
3.46689e-10	7
4.3368e-10	8
4.84848e-10	9
5.32062e-10	10
5.37712e-10	11
5.57525e-10	12
5.80216e-10	13
5.8487e-10	14
5.9046e-10	15
7.46778e-10	16
8.34813e-10	17
8.55286e-10	18
8.90611e-10	19
9.71312e-10	20
9.77738e-10	21
1.05889e-09	22
1.07325e-09	23
1.0816e-09	24
1.31587e-09	25
1.33637e-09	26
1.42427e-09	27
1.47347e-09	28
1.47686e-09	29
1.5761e-09	30
1.76463e-09	31
1.82271e-09	32
2.19889e-09	33
2.2061e-09	34
2.32975e-09	35
2.82319e-09	36
3.18361e-09	36
3.34134e-09	36
3.48974e-09	37
3.55132e-09	38
3.99229e-09	39
4.37897e-09	40
4.38871e-09	40
4.53594e-09	40
4.64935e-09	41
4.78645e-09	42
4.82733e-09	43
5.73215e-09	44
5.89258e-09	45
5.97281e-09	46
6.45893e-09	46
6.73932e-09	47
7.7503e-09	48
8.1959e-09	49
8.55397e-09	49
9.95401e-09	50
1.02894e-08	50
1.03466e-08	51
1.08867e-08	52
1.15421e-08	52
1.16271e-08	53
1.20276e-08	53
1.6469e-08	53
2.97851e-08	54
3.04366e-08	54
3.20274e-08	54
3.46682e-08	55
5.22753e-08	55
6.60578e-08	55
6.78799e-08	55
6.89746e-08	55
7.37199e-08	55
7.78557e-08	55
8.60631e-08	55
8.71568e-08	55
8.76638e-08	55
9.59337e-08	55
1.00751e-07	55
1.03408e-07	55
1.06517e-07	55
1.07627e-07	55
1.08695e-07	55
1.12547e-07	55
1.18351e-07	55
1.18434e-07	55
1.23092e-07	55
1.25176e-07	55
1.27001e-07	55
1.28193e-07	55
1.28212e-07	55
1.28233e-07	55
1.32467e-07	55
1.36096e-07	55
1.36625e-07	55
1.3848e-07	55
1.47223e-07	55
1.52786e-07	55
1.5315e-07	55
1.6097e-07	55
1.70803e-07	55
1.73513e-07	55
1.77191e-07	55
1.77711e-07	55
1.78097e-07	55
1.79796e-07	55
1.86465e-07	55
1.88797e-07	55
1.92501e-07	55
1.93253e-07	55
1.9586e-07	55
2.04805e-07	55
2.05463e-07	55
2.07834e-07	55
2.08795e-07	55
2.09869e-07	55
2.10744e-07	55
2.18339e-07	55
2.19088e-07	55
2.23319e-07	55
2.23435e-07	55
2.26371e-07	55
2.31374e-07	55
2.33049e-07	55
2.41419e-07	55
2.41836e-07	55
2.46246e-07	55
2.50876e-07	55
2.56398e-07	55
2.6214e-07	55
2.63446e-07	55
2.6353e-07	55
2.69539e-07	55
2.70605e-07	55
2.73725e-07	55
2.75651e-07	55
2.87339e-07	55
2.94702e-07	55
3.07544e-07	55
3.10315e-07	55
3.11969e-07	55
3.13898e-07	55
3.17536e-07	55
3.19494e-07	55
3.29292e-07	55
3.35689e-07	55
3.40066e-07	55
3.44341e-07	55
3.54937e-07	55
3.60615e-07	55
3.66667e-07	55
3.66912e-07	55
3.68605e-07	55
3.68766e-07	55
3.75841e-07	55
3.88321e-07	55
3.88664e-07	55
3.89842e-07	55
4.00009e-07	55
4.0008e-07	55
4.04409e-07	55
4.05187e-07	55
4.15068e-07	55
4.20014e-07	55
4.23402e-07	55
4.31224e-07	55
4.31724e-07	55
4.32981e-07	55
4.33911e-07	55
4.50269e-07	55
4.5144e-07	55
4.55322e-07	55
4.55942e-07	55
4.56109e-07	55
4.56457e-07	55
4.56807e-07	55
4.57877e-07	55
4.67966e-07	55
4.70491e-07	55
4.70822e-07	55
4.70998e-07	55
4.74308e-07	55
4.78946e-07	55
4.88888e-07	55
5.01808e-07	55
5.08495e-07	55
5.1119e-07	55
5.27158e-07	55
5.28208e-07	55
5.34152e-07	55
5.35847e-07	55
5.39164e-07	55
5.41694e-07	55
5.46721e-07	55
5.4692e-07	55
5.48925e-07	55
5.56603e-07	55
5.74076e-07	55
5.77514e-07	55
5.81662e-07	55
5.9733e-07	55
5.97878e-07	55
5.98995e-07	55
6.0633e-07	55
6.17872e-07	55
6.20776e-07	55
6.4457e-07	55
6.46071e-07	55
6.4723e-07	55
6.47586e-07	55
6.54272e-07	55
6.55711e-07	55
6.55899e-07	55
7.01742e-07	55
7.04313e-07	55
7.05884e-07	55
7.07338e-07	55
7.0965e-07	55
7.10266e-07	55
7.13392e-07	55
7.48045e-07	55
7.54737e-07	55
7.55113e-07	55
7.66507e-07	55
7.68056e-07	55
7.71139e-07	55
7.73411e-07	55
7.749e-07	55
7.76836e-07	55
7.84573e-07	55
7.89853e-07	55
7.95266e-07	55
8.01371e-07	55
8.11266e-07	55
8.1424e-07	55
8.17641e-07	55
8.18226e-07	55
8.2443e-07	55
8.32782e-07	55
8.38218e-07	55
8.47692e-07	55
8.51206e-07	55
8.54927e-07	55
8.57913e-07	55
8.59894e-07	55
8.63164e-07	55
8.66984e-07	55
8.75635e-07	55
8.78663e-07	55
8.87327e-07	55
9.0796e-07	55
9.15171e-07	55
9.18332e-07	55
9.30776e-07	55
9.33826e-07	55
9.38535e-07	55
9.42917e-07	55
9.45695e-07	55
9.47576e-07	55
9.49475e-07	55
9.52191e-07	55
9.53042e-07	55
9.54705e-07	55
9.6167e-07	55
9.75722e-07	55
9.80928e-07	55
9.86992e-07	55
9.93341e-07	55
1.02124e-06	55
1.02359e-06	55
1.02696e-06	55
1.02871e-06	55
1.0332e-06	55
1.03374e-06	55
1.03703e-06	55
1.07962e-06	55
1.08204e-06	55
1.08944e-06	55
1.09149e-06	55
1.10941e-06	55
1.10963e-06	55
1.11717e-06	55
1.12915e-06	55
1.13299e-06	55
1.14435e-06	55
1.15761e-06	55
1.16285e-06	55
1.16674e-06	55
1.17037e-06	55
1.17982e-06	55
1.18008e-06	55
1.18494e-06	55
1.20186e-06	55
1.21392e-06	55
1.24645e-06	55
1.2485e-06	55
1.26256e-06	55
1.27337e-06	55
1.28139e-06	55
1.3011e-06	55
1.30957e-06	55
1.33239e-06	55
1.33509e-06	55
1.33766e-06	55
1.34888e-06	55
1.35281e-06	55
1.36996e-06	55
1.37046e-06	55
1.37864e-06	55
1.37965e-06	55
1.39289e-06	55
1.39546e-06	55
1.4016e-06	55
1.40886e-06	55
1.4092e-06	55
1.41637e-06	55
1.42965e-06	55
1.44023e-06	55
1.4453e-06	55
1.4525e-06	55
1.45545e-06	55
1.47806e-06	55
1.48172e-06	55
1.48828e-06	55
1.49185e-06	55
1.49455e-06	55
1.49514e-06	55
1.49683e-06	55
1.51118e-06	55
1.5118e-06	55
1.51407e-06	55
1.5174e-06	55
1.51787e-06	55
1.52284e-06	55
1.55019e-06	55
1.55748e-06	55
1.56261e-06	55
1.56297e-06	55
1.5727e-06	55
1.579e-06	55
1.59166e-06	55
1.59543e-06	55
1.60337e-06	55
1.60805e-06	55
1.61543e-06	55
1.63652e-06	55
1.65773e-06	55
1.65911e-06	55
1.65956e-06	55
1.66144e-06	55
1.6685e-06	55
1.67767e-06	55
1.70733e-06	55
1.71791e-06	55
1.71871e-06	55
1.72864e-06	55
1.73102e-06	55
1.7327e-06	55
1.74385e-06	55
1.74917e-06	55
1.75062e-06	55
1.76943e-06	55
1.7714e-06	55
1.78426e-06	55
1.78455e-06	55
1.81519e-06	55
1.81884e-06	55
1.83184e-06	55
1.84185e-06	55
1.85263e-06	55
1.85429e-06	55
1.85582e-06	55
1.85959e-06	55
1.87022e-06	55
1.88159e-06	55
1.88976e-06	55
1.89991e-06	55
1.90338e-06	55
1.90526e-06	55
1.90791e-06	55
1.91345e-06	55
1.91606e-06	55
1.92701e-06	55
1.94057e-06	55
1.94401e-06	55
1.94766e-06	55
1.94946e-06	55
1.95617e-06	55
1.96225e-06	55
1.97288e-06	55
1.97838e-06	55
1.98942e-06	55
1.9897e-06	55
1.99077e-06	55
2.00785e-06	55
2.01088e-06	55
2.01209e-06	55
2.02125e-06	55
2.02138e-06	55
2.0242e-06	55
2.03257e-06	55
2.03691e-06	55
2.04342e-06	55
2.04475e-06	55
2.05264e-06	55
2.0547e-06	55
2.08292e-06	55
2.08363e-06	55
2.0843e-06	55
2.08941e-06	55
2.11597e-06	55
2.12496e-06	55
2.13246e-06	55
2.16852e-06	55
2.17291e-06	55
2.18135e-06	55
2.18251e-06	55
2.18707e-06	55
2.21213e-06	55
2.22407e-06	55
2.23179e-06	55
2.24001e-06	55
2.26007e-06	55
2.26578e-06	55
2.26803e-06	55
2.27238e-06	55
2.28697e-06	55
2.28777e-06	55
2.29199e-06	55
2.33978e-06	55
2.34145e-06	55
2.3418e-06	55
2.36872e-06	55
2.39303e-06	55
2.39941e-06	55
2.41149e-06	55
2.41226e-06	55
2.43012e-06	55
2.44626e-06	55
2.45428e-06	55
2.45786e-06	55
2.47367e-06	55
2.48078e-06	55
2.48233e-06	55
2.48475e-06	55
2.51317e-06	55
2.52005e-06	55
2.53698e-06	55
2.54385e-06	55
2.54865e-06	55
2.55839e-06	55
2.56073e-06	55
2.5638e-06	55
2.60084e-06	55
2.61052e-06	55
2.61358e-06	55
2.61471e-06	55
2.63773e-06	55
2.64741e-06	55
2.65395e-06	55
2.68575e-06	55
2.69701e-06	55
2.74815e-06	55
2.75091e-06	55
2.75519e-06	55
2.76586e-06	55
2.76696e-06	55
2.76698e-06	55
2.79659e-06	55
2.82053e-06	55
2.83743e-06	55
2.84976e-06	55
2.8499e-06	55
2.8728e-06	55
2.89514e-06	55
2.93013e-06	55
2.94181e-06	55
2.94292e-06	55
2.95532e-06	55
2.97206e-06	55
2.97264e-06	55
3.00064e-06	55
3.01113e-06	55
3.02177e-06	55
3.02355e-06	55
3.03371e-06	55
3.04563e-06	55
3.04745e-06	55
3.05755e-06	55
3.06326e-06	55
3.09583e-06	55
3.0973e-06	55
3.10902e-06	55
3.11905e-06	55
3.20617e-06	55
3.21033e-06	55
3.21475e-06	55
3.24236e-06	55
3.26074e-06	55
3.28065e-06	55
3.334e-06	55
3.40982e-06	55
3.42408e-06	55
3.44684e-06	55
3.44851e-06	55
3.45589e-06	55
3.45978e-06	55
3.54312e-06	55
3.5498e-06	55
3.57078e-06	55
3.58141e-06	55
3.6091e-06	55
3.61401e-06	55
3.61847e-06	55
3.63228e-06	55
3.64684e-06	55
3.64998e-06	55
3.73187e-06	55
3.73928e-06	55
3.93732e-06	55
3.96821e-06	55
4.00998e-06	55
4.01376e-06	55
4.02714e-06	55
4.0276e-06	55
4.02852e-06	55
4.04053e-06	55
4.04751e-06	55
4.04763e-06	55
4.08438e-06	55
4.10627e-06	55
4.10915e-06	55
4.13795e-06	55
4.1785e-06	55
4.188e-06	55
4.21606e-06	55
4.21997e-06	55
4.23322e-06	55
4.23685e-06	55
4.24146e-06	55
4.24292e-06	55
4.24859e-06	55
4.28368e-06	55
4.35536e-06	55
4.41276e-06	55
4.46184e-06	55
4.51131e-06	55
4.54751e-06	55
4.69147e-06	55
4.75571e-06	55
4.80349e-06	55
5.06565e-06	55
5.08409e-06	55
5.08517e-06	55
5.29686e-06	55
5.38627e-06	55
5.39777e-06	55
5.40855e-06	55
5.43698e-06	55
5.48957e-06	55
5.60694e-06	55
5.62904e-06	55
5.69768e-06	55
5.71223e-06	55
5.78451e-06	55
5.81088e-06	55
5.87603e-06	55
5.99733e-06	55
6.02394e-06	55
6.06402e-06	55
6.0645e-06	55
6.14621e-06	55
6.1475e-06	55
6.18283e-06	55
6.35681e-06	55
6.37926e-06	55
6.55142e-06	55
6.56973e-06	55
6.62333e-06	55
6.68252e-06	55
6.68648e-06	55
6.75409e-06	55
6.76549e-06	55
6.85006e-06	55
6.87225e-06	55
6.97226e-06	55
7.01528e-06	55
7.02401e-06	55
7.04889e-06	55
7.08924e-06	55
7.26147e-06	55
7.30625e-06	55
7.47824e-06	55
7.58084e-06	55
7.58627e-06	55
7.605e-06	55
7.62049e-06	55
7.64843e-06	55
7.98066e-06	55
8.00248e-06	55
8.5648e-06	55
8.8476e-06	55
8.88298e-06	55
8.90256e-06	55
8.96645e-06	55
9.02043e-06	55
9.28866e-06	55
9.38934e-06	55
9.39378e-06	55
9.42381e-06	55
9.43565e-06	55
9.5378e-06	55
9.65387e-06	55
9.78467e-06	55
9.87043e-06	55
9.91007e-06	55
9.9699e-06	55
1.00533e-05	55
1.02505e-05	55
1.02698e-05	55
1.04922e-05	55
1.07463e-05	55
1.07902e-05	55
1.09633e-05	55
1.11393e-05	55
1.11859e-05	55
1.12417e-05	55
1.12698e-05	55
1.13811e-05	55
1.14346e-05	55
1.15121e-05	55
1.15133e-05	55
1.17081e-05	55
1.17508e-05	55
1.18763e-05	55
1.20804e-05	55
1.22058e-05	55
1.233e-05	55
1.26006e-05	55
1.27143e-05	55
1.27487e-05	55
1.30383e-05	55
1.30664e-05	55
1.30833e-05	55
1.30834e-05	55
1.31493e-05	55
1.3159e-05	55
1.32824e-05	55
1.3353e-05	55
1.34278e-05	55
1.34512e-05	55
1.34531e-05	55
1.36282e-05	55
1.36679e-05	55
1.37425e-05	55
1.3994e-05	55
1.41971e-05	55
1.42469e-05	55
1.45745e-05	55
1.45996e-05	55
1.48363e-05	55
1.48681e-05	55
1.49946e-05	55
1.49989e-05	55
1.50162e-05	55
1.50459e-05	55
1.51048e-05	55
1.53494e-05	55
1.58091e-05	55
1.59513e-05	55
1.60842e-05	55
1.618e-05	55
1.61856e-05	55
1.61885e-05	55
1.6381e-05	55
1.64436e-05	55
1.6489e-05	55
1.65283e-05	55
1.65458e-05	55
1.66311e-05	55
1.67066e-05	55
1.67474e-05	55
1.68193e-05	55
1.68471e-05	55
1.69286e-05	55
1.69519e-05	55
1.72e-05	55
1.72537e-05	55
1.72812e-05	55
1.72934e-05	55
1.73032e-05	55
1.74021e-05	55
1.75565e-05	55
1.76642e-05	55
1.786e-05	55
1.7981e-05	55
1.80241e-05	55
1.80297e-05	55
1.80357e-05	55
1.82103e-05	55
1.82531e-05	55
1.83229e-05	55
1.85142e-05	55
1.85553e-05	55
1.86832e-05	55
1.87014e-05	55
1.88298e-05	55
1.91596e-05	55
1.93942e-05	55
1.94363e-05	55
1.95588e-05	55
1.98337e-05	55
1.9889e-05	55
2.00449e-05	55
2.00697e-05	55
2.01408e-05	55
2.01866e-05	55
2.02311e-05	55
2.02338e-05	55
2.02638e-05	55
2.02835e-05	55
2.05036e-05	55
2.06322e-05	55
2.07868e-05	55
2.10067e-05	55
2.1091e-05	55
2.11185e-05	55
2.11678e-05	55
2.15228e-05	55
2.15897e-05	55
2.15901e-05	55
2.16685e-05	55
2.16847e-05	55
2.16904e-05	55
2.18279e-05	55
2.18552e-05	55
2.21574e-05	55
2.21962e-05	55
2.23814e-05	55
2.24525e-05	55
2.27153e-05	55
2.28502e-05	55
2.29046e-05	55
2.30234e-05	55
2.31008e-05	55
2.31476e-05	55
2.31831e-05	55
2.32326e-05	55
2.33128e-05	55
2.37524e-05	55
2.37602e-05	55
2.37615e-05	55
2.37798e-05	55
2.39198e-05	55
2.39603e-05	55
2.39609e-05	55
2.4161e-05	55
2.41854e-05	55
2.41865e-05	55
2.4188e-05	55
2.42408e-05	55
2.4502e-05	55
2.45289e-05	55
2.45827e-05	55
2.48512e-05	55
2.49023e-05	55
2.49093e-05	55
2.49737e-05	55
2.51123e-05	55
2.52449e-05	55
2.52781e-05	55
2.54117e-05	55
2.54341e-05	55
2.54535e-05	55
2.57166e-05	55
2.58805e-05	55
2.60775e-05	55
2.6321e-05	55
2.65849e-05	55
2.65916e-05	55
2.70055e-05	55
2.70879e-05	55
2.74221e-05	55
2.74511e-05	55
2.77101e-05	55
2.82627e-05	55
2.83136e-05	55
2.83556e-05	55
2.86225e-05	55
2.87921e-05	55
2.90284e-05	55
2.92523e-05	55
2.94234e-05	55
2.94558e-05	55
2.94853e-05	55
2.95458e-05	55
2.95664e-05	55
2.97665e-05	55
2.97758e-05	55
2.99339e-05	55
2.99491e-05	55
2.9956e-05	55
2.99712e-05	55
3.03147e-05	55
3.03733e-05	55
3.04938e-05	55
3.05032e-05	55
3.0589e-05	55
3.06185e-05	55
3.07271e-05	55
3.07289e-05	55
3.08754e-05	55
3.10106e-05	55
3.12971e-05	55
3.13061e-05	55
3.13681e-05	55
3.13695e-05	55
3.13952e-05	55
3.14381e-05	55
3.1652e-05	55
3.1701e-05	55
3.17239e-05	55
3.17247e-05	55
3.22465e-05	55
3.26867e-05	55
3.26917e-05	55
3.28105e-05	55
3.28888e-05	55
3.31194e-05	55
3.33365e-05	55
3.33881e-05	55
3.36619e-05	55
3.43304e-05	55
3.46538e-05	55
3.49704e-05	55
3.5128e-05	55
3.51804e-05	55
3.52541e-05	55
3.5456e-05	55
3.54743e-05	55
3.5627e-05	55
3.56847e-05	55
3.58439e-05	55
3.59535e-05	55
3.60841e-05	55
3.61792e-05	55
3.62026e-05	55
3.64862e-05	55
3.68648e-05	55
3.68962e-05	55
3.69854e-05	55
3.70774e-05	55
3.72343e-05	55
3.73539e-05	55
3.75485e-05	55
3.77727e-05	55
3.78262e-05	55
3.79021e-05	55
3.8375e-05	55
3.85155e-05	55
3.85171e-05	55
3.85717e-05	55
3.86079e-05	55
3.864e-05	55
3.86496e-05	55
3.87817e-05	55
3.88411e-05	55
3.90576e-05	55
3.909e-05	55
3.9094e-05	55
3.92441e-05	55
3.93969e-05	55
3.94612e-05	55
3.95632e-05	55
3.95667e-05	55
3.97421e-05	55
3.97562e-05	55
3.98967e-05	55
3.99658e-05	55
3.99718e-05	55
4.00599e-05	55
4.0185e-05	55
4.02116e-05	55
4.02935e-05	55
4.04322e-05	55
4.04963e-05	55
4.07544e-05	55
4.09302e-05	55
4.10739e-05	55
4.11405e-05	55
4.12054e-05	55
4.13201e-05	55
4.15333e-05	55
4.15648e-05	55
4.15972e-05	55
4.18026e-05	55
4.18036e-05	55
4.18393e-05	55
4.18581e-05	55
4.19957e-05	55
4.20288e-05	55
4.20399e-05	55
4.20439e-05	55
4.2096e-05	55
4.20965e-05	55
4.22767e-05	55
4.23329e-05	55
4.23467e-05	55
4.25028e-05	55
4.2711e-05	55
4.27141e-05	55
4.28925e-05	55
4.2914e-05	55
4.29504e-05	55
4.32658e-05	55
4.3483e-05	55
4.36903e-05	55
4.37061e-05	55
4.37091e-05	55
4.38161e-05	55
4.41831e-05	55
4.42073e-05	55
4.45889e-05	55
4.48919e-05	55
4.51375e-05	55
4.52006e-05	55
4.52327e-05	55
4.53829e-05	55
4.57938e-05	55
4.5846e-05	55
4.60353e-05	55
4.60372e-05	55
4.60608e-05	55
4.6147e-05	55
4.64348e-05	55
4.66092e-05	55
4.67521e-05	55
4.69689e-05	55
4.71209e-05	55
4.72046e-05	55
4.75863e-05	55
4.7632e-05	55
4.76762e-05	55
4.77176e-05	55
4.78844e-05	55
4.7903e-05	55
4.79214e-05	55
4.79503e-05	55
4.81836e-05	55
4.82224e-05	55
4.82927e-05	55
4.89622e-05	55
4.94168e-05	55
4.94509e-05	55
4.95491e-05	55
4.96201e-05	55
4.99035e-05	55
5.00156e-05	55
5.0019e-05	55
5.00253e-05	55
5.03447e-05	55
5.03701e-05	55
5.04959e-05	55
5.05036e-05	55
5.05686e-05	55
5.06236e-05	55
5.06407e-05	55
5.07371e-05	55
5.09287e-05	55
5.10428e-05	55
5.12712e-05	55
5.13482e-05	55
5.13984e-05	55
5.16408e-05	55
5.18057e-05	55
5.18097e-05	55
5.19848e-05	55
5.21064e-05	55
5.21304e-05	55
5.22079e-05	55
5.24119e-05	55
5.24251e-05	55
5.28423e-05	55
5.31147e-05	55
5.33113e-05	55
5.33226e-05	55
5.3448e-05	55
5.35116e-05	55
5.36962e-05	55
5.37121e-05	55
5.3928e-05	55
5.39711e-05	55
5.40638e-05	55
5.42278e-05	55
5.42357e-05	55
5.4347e-05	55
5.45371e-05	55
5.50852e-05	55
5.53226e-05	55
5.54049e-05	55
5.55237e-05	55
5.57058e-05	55
5.57251e-05	55
5.57468e-05	55
5.58456e-05	55
5.61382e-05	55
5.62552e-05	55
5.62669e-05	55
5.63876e-05	55
5.66428e-05	55
5.66632e-05	55
5.67449e-05	55
5.68253e-05	55
5.70873e-05	55
5.71196e-05	55
5.72985e-05	55
5.73022e-05	55
5.75534e-05	55
5.76412e-05	55
5.76513e-05	55
5.78372e-05	55
5.79633e-05	55
5.81367e-05	55
5.84063e-05	55
5.85254e-05	55
5.87156e-05	55
5.90433e-05	55
5.90482e-05	55
5.91063e-05	55
5.9383e-05	55
5.94384e-05	55
5.96107e-05	55
5.96704e-05	55
6.02747e-05	55
6.04308e-05	55
6.07852e-05	55
6.08102e-05	55
6.11985e-05	55
6.12457e-05	55
6.15427e-05	55
6.16904e-05	55
6.20916e-05	55
6.22062e-05	55
6.22392e-05	55
6.22645e-05	55
6.24443e-05	55
6.26052e-05	55
6.29163e-05	55
6.29736e-05	55
6.30664e-05	55
6.31552e-05	55
6.31962e-05	55
6.32017e-05	55
6.33908e-05	55
6.34737e-05	55
6.34916e-05	55
6.35736e-05	55
6.36027e-05	55
6.37047e-05	55
6.37685e-05	55
6.38126e-05	55
6.42192e-05	55
6.42749e-05	55
6.42919e-05	55
6.45525e-05	55
6.4747e-05	55
6.49443e-05	55
6.53437e-05	55
6.56224e-05	55
6.58151e-05	55
6.61047e-05	55
6.61771e-05	55
6.6819e-05	55
6.69678e-05	55
6.73809e-05	55
6.74056e-05	55
6.76119e-05	55
6.78008e-05	55
6.78105e-05	55
6.83514e-05	55
6.83897e-05	55
6.84911e-05	55
6.87347e-05	55
6.88867e-05	55
6.90609e-05	55
6.9304e-05	55
6.93562e-05	55
6.94314e-05	55
6.95262e-05	55
6.97438e-05	55
7.00527e-05	55
7.00975e-05	55
7.01329e-05	55
7.02764e-05	55
7.0616e-05	55
7.10786e-05	55
7.13339e-05	55
7.15514e-05	55
7.22442e-05	55
7.22702e-05	55
7.23201e-05	55
7.27309e-05	55
7.31303e-05	55
7.31592e-05	55
7.31966e-05	55
7.34307e-05	55
7.38405e-05	55
7.38741e-05	55
7.40287e-05	55
7.44892e-05	55
7.49046e-05	55
7.49608e-05	55
7.50199e-05	55
7.52768e-05	55
7.53058e-05	55
7.54835e-05	55
7.55549e-05	55
7.56017e-05	55
7.56772e-05	55
7.57518e-05	55
7.58804e-05	55
7.59135e-05	55
7.59348e-05	55
7.63986e-05	55
7.68023e-05	55
7.69159e-05	55
7.70761e-05	55
7.73223e-05	55
7.74568e-05	55
7.7657e-05	55
7.81246e-05	55
7.83547e-05	55
7.83555e-05	55
7.83827e-05	55
7.87761e-05	55
7.94568e-05	55
7.9527e-05	55
8.01339e-05	55
8.01917e-05	55
8.03697e-05	55
8.04846e-05	55
8.07855e-05	55
8.11398e-05	55
8.13909e-05	55
8.14028e-05	55
8.15633e-05	55
8.16078e-05	55
8.19567e-05	55
8.2033e-05	55
8.21187e-05	55
8.21701e-05	55
8.21702e-05	55
8.22133e-05	55
8.28238e-05	55
8.32339e-05	55
8.33813e-05	55
8.34252e-05	55
8.37203e-05	55
8.37731e-05	55
8.39223e-05	55
8.43406e-05	55
8.4474e-05	55
8.47719e-05	55
8.54574e-05	55
8.55818e-05	55
8.56101e-05	55
8.57612e-05	55
8.57788e-05	55
8.58023e-05	55
8.608e-05	55
8.61446e-05	55
8.64157e-05	55
8.66471e-05	55
8.68751e-05	55
8.72977e-05	55
8.73426e-05	55
8.79149e-05	55
8.80459e-05	55
8.84119e-05	55
8.84202e-05	55
8.85384e-05	55
8.88331e-05	55
8.91939e-05	55
8.95079e-05	55
9.04281e-05	55
9.04363e-05	55
9.06739e-05	55
9.0693e-05	55
9.10687e-05	55
9.11864e-05	55
9.13437e-05	55
9.13786e-05	55
9.20542e-05	55
9.23765e-05	55
9.26345e-05	55
9.27934e-05	55
9.36692e-05	55
9.37954e-05	55
9.39567e-05	55
9.45233e-05	55
9.45562e-05	55
9.47491e-05	55
9.48282e-05	55
9.49561e-05	55
9.51597e-05	55
9.52964e-05	55
9.5394e-05	55
9.64018e-05	55
9.64281e-05	55
9.6469e-05	55
9.72817e-05	55
9.77915e-05	55
9.81584e-05	55
9.92527e-05	55
9.94157e-05	55
9.96517e-05	55
9.98165e-05	55
0.000100281	55
0.000100533	55
0.000100589	55
0.000100759	55
0.000100978	55
0.000101111	55
0.00010139	55
0.000101843	55
0.000102144	55
0.000102263	55
0.000102345	55
0.000102358	55
0.000102399	55
0.000102791	55
0.000104012	55
0.000104265	55
0.000104614	55
0.000104798	55
0.000104936	55
0.000105232	55
0.000105823	55
0.00010594	55
0.000105978	55
0.00010625	55
0.000106279	55
0.000106356	55
0.000106584	55
0.000106951	55
0.000107397	55
0.000107439	55
0.000107444	55
0.000107605	55
0.000107668	55
0.00010791	55
0.000108011	55
0.000108297	55
0.000108398	55
0.000109009	55
0.000109063	55
0.000109588	55
0.000109819	55
0.000109853	55
0.000110063	55
0.000110407	55
0.000110513	55
0.000111075	55
0.000111094	55
0.000111213	55
0.000111926	55
0.000111927	55
0.000111933	55
0.000112003	55
0.000112036	55
0.000112387	55
0.000112828	55
0.000112861	55
0.000113291	55
0.000113395	55
0.000113619	55
0.000113632	55
0.000113701	55
0.000114001	55
0.000114047	55
0.000115179	55
0.000115227	55
0.000115246	55
0.000115411	55
0.000116218	55
0.000116859	55
0.000116984	55
0.000118436	55
0.000118589	55
0.000118897	55
0.000119099	55
0.000119348	55
0.000119642	55
0.000119676	55
0.000119798	55
0.000119867	55
0.000119996	55
0.000120486	55
0.000120677	55
0.000121405	55
0.000121605	55
0.000121677	55
0.000121945	55
0.000122214	55
0.000122773	55
0.000122974	55
0.000123265	55
0.000123689	55
0.00012375	55
0.000123821	55
0.000124358	55
0.000125229	55
0.000125338	55
0.000125822	55
0.000126164	55
0.000126586	55
0.000126905	55
0.000127529	55
0.000127898	55
0.000128474	55
0.000129792	55
0.000130035	55
0.000130298	55
0.000130359	55
0.000130375	55
0.000131071	55
0.000131375	55
0.000131761	55
0.000131933	55
0.000132205	55
0.000132881	55
0.000132942	55
0.00013306	55
0.000133503	55
0.000133582	55
0.000133769	55
0.000133789	55
0.000133885	55
0.000133984	55
0.000134182	55
0.000134349	55
0.000135765	55
0.00013611	55
0.000136834	55
0.000137007	55
0.00013702	55
0.000137056	55
0.000137129	55
0.000137135	55
0.000137255	55
0.000137806	55
0.000137979	55
0.000138194	55
0.00013884	55
0.00013916	55
0.000139242	55
0.000139741	55
0.000139833	55
0.000140501	55
0.000140794	55
0.000141231	55
0.000141552	55
0.000142121	55
0.000143513	55
0.000143799	55
0.000144341	55
0.000144435	55
0.000145596	55
0.000145669	55
0.000145889	55
0.000146213	55
0.000146604	55
0.00014688	55
0.000146911	55
0.000147734	55
0.000147928	55
0.000148395	55
0.000148558	55
0.000148795	55
0.000150304	55
0.000150904	55
0.000151508	55
0.000152084	55
0.000152673	55
0.000153472	55
0.000153971	55
0.000154252	55
0.000155104	55
0.00015541	55
0.000155411	55
0.000155803	55
0.000156759	55
0.000156831	55
0.000157561	55
0.00015762	55
0.000158311	55
0.000158353	55
0.000159155	55
0.000159633	55
0.000160299	55
0.000160537	55
0.000160552	55
0.000160736	55
0.00016089	55
0.000161214	55
0.000161263	55
0.000161888	55
0.000161905	55
0.000162028	55
0.00016266	55
0.000163184	55
0.000163621	55
0.000164344	55
0.000164455	55
0.00016538	55
0.000165803	55
0.000165973	55
0.000165989	55
0.000165999	55
0.000166996	55
0.000167807	55
0.000167819	55
0.000167992	55
0.000169924	55
0.000170482	55
0.000170498	55
0.000171444	55
0.000171726	55
0.000172641	55
0.000173083	55
0.000174592	55
0.000174936	55
0.00017533	55
0.000176111	55
0.000177873	55
0.000178059	55
0.000178958	55
0.000179203	55
0.000179272	55
0.000179551	55
0.0001802	55
0.000180275	55
0.000180465	55
0.000181558	55
0.000181582	55
0.000181753	55
0.000181908	55
0.000183002	55
0.000183177	55
0.000183437	55
0.000183951	55
0.000184087	55
0.000184916	55
0.000185229	55
0.000185396	55
0.000186902	55
0.000189282	55
0.000189752	55
0.000189954	55
0.000190809	55
0.000190933	55
0.000190979	55
0.000191206	55
0.000191484	55
0.000191551	55
0.0001916	55
0.000191718	55
0.000191832	55
0.000192044	55
0.000192209	55
0.000192633	55
0.000193854	55
0.000194009	55
0.000195024	55
0.00019544	55
0.000195743	55
0.000197483	55
0.000198166	55
0.000198487	55
0.000198958	55
0.000200378	55
0.00020137	55
0.00020153	55
0.000202452	55
0.000202596	55
0.000202614	55
0.000203328	55
0.000203632	55
0.000203741	55
0.000203877	55
0.000204103	55
0.000204376	55
0.000204742	55
0.000206293	55
0.000206558	55
0.000208435	55
0.000208904	55
0.000209278	55
0.000210026	55
0.000210475	55
0.000210538	55
0.000210608	55
0.000215328	55
0.000216863	55
0.000217936	55
0.000218145	55
0.000218329	55
0.000218434	55
0.000219249	55
0.000219418	55
0.000221529	55
0.00022305	55
0.000223242	55
0.000223981	55
0.000224806	55
0.000224974	55
0.000224991	55
0.00022527	55
0.000226313	55
0.00022649	55
0.000226798	55
0.000226862	55
0.000227467	55
0.000229294	55
0.000229485	55
0.000230856	55
0.000230925	55
0.000233115	55
0.000233127	55
0.000233566	55
0.000233718	55
0.000233817	55
0.000234027	55
0.000234685	55
0.000234998	55
0.000235863	55
0.000236097	55
0.000238049	55
0.000238572	55
0.000238796	55
0.000239323	55
0.000241057	55
0.000242605	55
0.000242756	55
0.000243844	55
0.000244824	55
0.000245134	55
0.000245966	55
0.000247984	55
0.000249298	55
0.000249544	55
0.000249615	55
0.000250014	55
0.000251699	55
0.000252721	55
0.000254026	55
0.000254209	55
0.000255748	55
0.000255912	55
0.000257291	55
0.000258045	55
0.000258963	55
0.000259339	55
0.000259884	55
0.000260361	55
0.000261062	55
0.000261287	55
0.000261478	55
0.000263986	55
0.000266111	55
0.000266188	55
0.000268304	55
0.000268688	55
0.000269642	55
0.000270087	55
0.000270761	55
0.000271413	55
0.000271669	55
0.000271937	55
0.000272196	55
0.000273903	55
0.00027579	55
0.000277253	55
0.000278235	55
0.000278909	55
0.000279192	55
0.000280791	55
0.000282078	55
0.000282819	55
0.000282945	55
0.000284388	55
0.000284482	55
0.000284989	55
0.000286301	55
0.00028641	55
0.000286781	55
0.000286961	55
0.00028786	55
0.000289025	55
0.000290932	55
0.000292265	55
0.000294243	55
0.000295595	55
0.000299644	55
0.000300037	55
0.000300363	55
0.000301411	55
0.000302242	55
0.000303157	55
0.000305204	55
0.000306951	55
0.000308196	55
0.000309742	55
0.000310022	55
0.000310516	55
0.000310655	55
0.000311142	55
0.00031169	55
0.000311714	55
0.000311972	55
0.000312721	55
0.000314076	55
0.000318394	55
0.000319685	55
0.0003221	55
0.00032358	55
0.00032358	55
0.000325785	55
0.000328888	55
0.000329453	55
0.00033443	55
0.000335126	55
0.000336361	55
0.000337393	55
0.000337966	55
0.000342733	55
0.000343498	55
0.000343951	55
0.000347035	55
0.000348962	55
0.000349306	55
0.000349418	55
0.000349779	55
0.000353853	55
0.000354625	55
0.000355097	55
0.000356343	55
0.000359459	55
0.000360525	55
0.00036246	55
0.000362749	55
0.000364806	55
0.000367445	55
0.000368646	55
0.000375095	55
0.00037672	55
0.00037963	55
0.000381284	55
0.000381838	55
0.000383704	55
0.000385921	55
0.000386456	55
0.00038691	55
0.000388463	55
0.000390802	55
0.000393784	55
0.00039569	55
0.000397105	55
0.000397215	55
0.000397407	55
0.000397467	55
0.000398052	55
0.000399158	55
0.000413389	55
0.000413574	55
0.000413876	55
0.000413998	55
0.000415141	55
0.000416455	55
0.000416539	55
0.000418312	55
0.000421281	55
0.000422384	55
0.000423817	55
0.00042512	55
0.000429689	55
0.000433522	55
0.00043474	55
0.000437726	55
0.000440195	55
0.000442747	55
0.000443439	55
0.000448674	55
0.000451039	55
0.000455506	55
0.000458809	55
0.000459316	55
0.000465983	55
0.000468324	55
0.000468559	55
0.000470987	55
0.000476271	55
0.000477089	55
0.000478134	55
0.000480462	55
0.000486058	55
0.000493344	55
0.000495048	55
0.00050866	55
0.000509638	55
0.000512223	55
0.000522548	55
0.000522904	55
0.000524403	55
0.000524929	55
0.000525413	55
0.000530862	55
0.000533536	55
0.000547268	55
0.000552802	55
0.00055418	55
0.00055873	55
0.000559327	55
0.000568329	55
0.00056956	55
0.000572386	55
0.000573928	55
0.000579391	55
0.000595025	55
0.000604753	55
0.000605838	55
0.00061048	55
0.000611392	55
0.000615324	55
0.000618369	55
0.000619662	55
0.000620788	55
0.000626203	55
0.000631901	55
0.000642496	55
0.000645892	55
0.000650378	55
0.000651293	55
0.000653486	55
0.000656741	55
0.000674698	55
0.000683888	55
0.000685125	55
0.000699241	55
0.000701394	55
0.000704559	55
0.000748584	55
0.0007534	55
0.000755279	55
0.000764644	55
0.000770409	55
0.000774737	55
0.00079609	55
0.000819562	55
0.000827309	55
0.000832764	55
0.000838608	55
0.000840595	55
0.000850823	55
0.000856849	55
0.000874567	55
0.000875355	55
0.000889407	55
0.000910542	55
0.000910845	55
0.0009168	55
0.000922817	55
0.000955105	55
0.00098013	55
0.00101516	55
0.00104755	55
0.00107163	55
0.00107808	55
0.00109634	55
0.00114455	55
0.00115313	55
0.00115369	55
0.00115585	55
0.00118994	55
0.00120728	55
0.00122403	55
0.00122985	55
0.00123978	55
0.00125394	55
0.00125743	55
0.00131057	55
0.00136178	55
0.00141671	55
0.00153509	55
0.00161704	55
0.00163889	55
0.00178058	55
0.00184399	55
0.00235896	55
0.00324499	55
0.00863422	55
0.00863423	55
0.00864262	55
0.00865384	55
0.00866424	55
0.00873936	55
0.0136673	55
0.0136673	55
0.0136673	55
0.0136674	55
0.0136676	55
0.0136677	55
0.0136678	55
0.0136679	55
0.0136682	55
0.0136682	55
0.0136683	55
0.0136688	55
0.013669	55
0.013669	55
0.0136691	55
0.0136692	55
0.0136692	55
0.0136693	55
0.0136697	55
0.0136699	55
0.0136703	55
0.0136706	55
0.013671	55
0.0136711	55
0.0136718	55
0.0136725	55
0.0136728	55
0.013673	55
0.0136773	55
0.013681	55
0.0136945	55
0.0147563	55
0.0147602	55
0.0147626	55
0.0300696	55
0.0300697	55
0.0300698	55
0.0300698	55
0.03007	55
0.0300701	55
0.0300703	55
0.0300704	55
0.0300706	55
0.0300706	55
0.0300708	55
0.0300712	55
0.0300713	55
0.0300714	55
0.0300714	55
0.0300714	55
0.0300717	55
0.0300717	55
0.0300718	55
0.0300722	55
0.0300727	55
0.030073	55
0.0300743	55
0.0300746	55
0.0300746	55
0.0300747	55
0.0300755	55
0.0300791	55
0.0300793	55
0.0300821	55
0.0300825	55
0.0300827	55
0.030088	55
0.0300901	55
0.0300922	55
0.030096	55
0.0300962	55
0.0300983	55
0.0301096	55
0.0301161	55
0.0301169	55
0.0301454	55
0.0301555	55
0.0301791	55
0.0301877	55
0.0301944	55
0.0302136	55
0.0302418	55
0.0302499	55
0.0302668	55
0.0302802	55
0.0303022	55
0.0303154	55
0.0303174	55
0.0303184	55
0.0303394	55
0.030344	55
0.0303458	55
0.030361	55
0.0303741	55
0.0303884	55
0.0304008	55
0.0304103	55
0.0305085	55
0.0306673	55
0.0307315	55
0.0308418	55
0.0308734	55
0.0309334	55
0.0325572	55
0.0325581	55
0.0325614	55
0.0337979	55
0.033798	55
0.0337989	55
0.0337989	55
0.0337991	55
0.0337993	55
0.0338002	55
0.0338023	55
0.033803	55
0.0338049	55
0.0338078	55
0.0358344	55
0.0358349	55
0.035835	55
0.0358356	55
0.0358358	55
0.0358366	55
0.0358394	55
0.0358402	55
0.0358439	55
0.035846	55
0.0358494	55
0.0358837	55
0.0359162	55
0.035931	55
0.0359369	55
0.0359519	55
0.035982	55
0.0359828	55
0.0360075	55
0.0360509	55
0.0361125	55
0.0361159	55
0.0361186	55
0.0361237	55
0.0361258	55
0.036163	55
0.0361721	55
0.0361745	55
0.0362442	55
0.0362474	55
0.0364341	55
0.0365283	55
0.0368551	55
0.0412652	55
0.0412677	55
0.0412717	55
0.0593985	55
0.0593989	55
0.0594006	55
0.0594009	55
0.059401	55
0.0594023	55
0.0594042	55
0.059406	55
0.0594066	55
0.0594087	55
0.0594136	55
0.0594137	55
0.059478	55
0.0748493	55
0.0748497	55
0.0748541	55
0.0748551	55
0.0748553	55
0.0748581	55
0.0748636	55
0.0748649	55
0.074865	55
0.0748656	55
0.0748677	55
0.0748857	55
0.074888	55
0.0748956	55
0.0748971	55
0.0749033	55
0.0749103	55
0.0749269	55
0.074932	55
0.0749347	55
0.0749473	55
0.0749794	55
0.0749839	55
0.0749846	55
0.0749894	55
0.0749946	55
0.0751011	55
0.0751214	55
0.0752097	55
0.0752896	55
0.0753046	55
0.0753576	55
0.0754629	55
0.0756453	55
0.0757988	55
0.0759079	55
0.0765064	55
0.0765873	55
0.0765891	55
0.0766043	55
0.0768093	55
0.0777116	55
0.0777116	55
0.0777161	55
0.0777231	55
0.0777264	55
0.0777498	55
0.0781955	55
0.0786996	55
0.0787297	55
0.0859547	55
0.0859548	55
0.0859551	55
0.0859588	55
0.0859802	55
0.0865191	55
0.0918608	55
0.0918612	55
0.0918636	55
0.0918661	55
0.0920823	55
0.112482	55
0.112486	55
0.112487	55
0.112493	55
0.11463	55
0.115092	55
0.115099	55
0.134563	55
0.134565	55
0.134565	55
0.134565	55
0.134565	55
0.134567	55
0.134572	55
0.134577	55
0.134604	55
0.174549	55
0.174549	55
0.17455	55
0.174551	55
0.174552	55
0.174553	55
0.174554	55
0.174572	55
0.174616	55
0.175942	55
0.175942	55
0.17595	55
0.175952	55
0.18451	55
0.184513	55
0.184516	55
0.184519	55
0.18452	55
0.184539	55
0.188779	55
0.196431	55
0.197303	55
0.212	55
0.212001	55
0.212002	55
0.212005	55
0.212007	55
0.212014	55
0.212017	55
0.212105	55
0.218709	55
0.21871	55
0.218713	55
0.218715	55
0.218722	55
0.21885	55
0.22912	55
0.229121	55
0.229122	55
0.22913	55
0.229132	55
0.229681	55
0.23523	55
0.235236	55
0.235239	55
0.235239	55
0.235246	55
0.239662	55
0.239664	55
0.239683	55
0.239705	55
0.249777	55
0.249781	55
0.24983	55
0.251237	55
0.251243	55
0.251272	55
0.251273	55
0.251278	55
0.256989	55
0.256993	55
0.256995	55
0.257008	55
0.25702	55
0.263694	55
0.263718	55
0.270544	55
0.270549	55
0.270552	55
0.270561	55
0.283023	55
0.283024	55
0.283036	55
0.283041	55
0.283057	55
0.284083	55
0.284088	55
0.284092	55
0.284105	55
0.286929	55
0.293368	55
0.293369	55
0.293553	55
0.339177	55
0.339177	55
0.339178	55
0.339179	55
0.33918	55
0.339181	55
0.339181	55
0.339183	55
0.339193	55
0.339195	55
0.339204	55
0.343603	55
0.343606	55
0.343614	55
0.343629	55
0.343656	55
0.350002	55
0.350004	55
0.35003	55
0.372633	55
0.372636	55
0.372636	55
0.372637	55
0.373776	55
0.373777	55
0.373789	55
0.373797	55
0.378913	55
0.378916	55
0.378942	55
0.379115	55
0.383385	55
0.383391	55
0.383542	55
0.388327	55
0.388328	55
0.388337	55
0.398606	55
0.398617	55
0.398618	55
0.39862	55
0.405581	55
0.405582	55
0.405586	55
0.405586	55
0.405587	55
0.405589	55
0.414465	55
0.41937	55
0.419385	55
0.419385	55
0.419406	55
0.419425	55
0.421836	55
0.421858	55
0.429091	55
0.429092	55
0.429094	55
0.42912	55
0.429153	55
0.429157	55
0.429191	55
0.431839	55
0.43184	55
0.431853	55
0.431881	55
0.433081	55
0.43309	55
0.433094	55
0.433095	55
0.433097	55
0.434463	55
0.434472	55
0.434517	55
0.453958	55
0.453962	55
0.453962	55
0.45397	55
0.453971	55
0.459755	55
0.459758	55
0.459761	55
0.461363	55
0.461366	55
0.461368	55
0.461377	55
0.465369	55
0.465376	55
0.465383	55
0.472415	55
0.472421	55
0.472475	55
0.473415	55
0.473449	55
0.473459	55
0.473529	55
0.474182	55
0.474189	55
0.474274	55
0.480101	55
0.480108	55
0.480138	55
0.483496	55
0.483498	55
0.483502	55
0.483522	55
0.48805	55
0.488055	55
0.488058	55
0.488062	55
0.488636	55
0.488645	55
0.489123	55
0.489179	55
0.489235	55
0.497174	55
0.518964	55
0.518965	55
0.518966	55
0.518968	55
0.518968	55
0.518972	55
0.518975	55
0.51898	55
0.519012	55
0.525756	55
0.525756	55
0.525758	55
0.525759	55
0.525769	55
0.527955	55
0.527955	55
0.527977	55
0.561637	55
0.561638	55
0.561639	55
0.561641	55
0.561642	55
0.561642	55
0.56166	55
0.569398	55
0.569399	55
0.56942	55
0.574477	55
0.574485	55
0.574493	55
0.581898	55
0.581906	55
0.581934	55
0.582313	55
0.582317	55
0.582326	55
0.582437	55
0.582487	55
0.582541	55
0.589037	55
0.589037	55
0.58904	55
0.589042	55
0.589048	55
0.589059	55
0.58906	55
0.593914	55
0.593923	55
0.593932	55
0.612511	55
0.612512	55
0.612513	55
0.612516	55
0.612525	55
0.615077	55
0.615112	55
0.615122	55
0.615129	55
0.622857	55
0.622859	55
0.622863	55
0.622868	55
0.622914	55
0.644003	55
0.644013	55
0.653843	55
0.653845	55
0.653845	55
0.653846	55
0.653851	55
0.653897	55
0.67109	55
0.671091	55
0.671092	55
0.671094	55
0.671097	55
0.671103	55
0.671893	55
0.671896	55
0.671898	55
0.671915	55
0.671956	55
0.676922	55
0.676955	55
0.682518	55
0.682518	55
0.682518	55
0.682522	55
0.682522	55
0.682529	55
0.682582	55
0.694801	55
0.694802	55
0.694868	55
0.702916	55
0.702916	55
0.702961	55
0.713964	55
0.713964	55
0.713965	55
0.713966	55
0.713967	55
0.713967	55
0.713969	55
0.71397	55
0.713975	55
0.714033	55
0.718026	55
0.718163	55
0.718798	55
0.718816	55
0.71885	55
0.733661	55
0.733662	55
0.733664	55
0.733681	55
0.733681	55
0.742098	55
0.742113	55
0.742125	55
0.742156	55
0.751772	55
0.751775	55
0.751776	55
0.751778	55
0.751794	55
0.752915	55
0.765552	55
0.765552	55
0.765554	55
0.765554	55
0.765556	55
0.765562	55
0.766743	55
0.766746	55
0.770399	55
0.770406	55
0.770409	55
0.770417	55
0.782036	55
0.782039	55
0.782042	55
0.782043	55
0.796212	55
0.796213	55
0.796221	55
0.802777	55
0.802778	55
0.80278	55
0.802781	55
0.810314	55
0.810314	55
0.816064	55
0.816066	55
0.834567	55
0.834567	55
0.83457	55
0.834575	55
0.834578	55
0.834581	55
0.834588	55
0.834595	55
0.834609	55
0.834887	55
0.838528	55
0.844997	55
0.844998	55
0.845	55
0.845001	55
0.845005	55
0.845278	55
0.863268	55
0.86327	55
0.86327	55
0.863271	55
0.863277	55
0.863281	55
0.863453	55
0.864007	55
0.864012	55
0.86404	55
0.883973	55
0.883986	55
0.913375	55
0.913375	55
0.913375	55
0.913377	55
0.91338	55
0.913383	55
0.913388	55
0.923251	55
0.923251	55
0.923259	55
0.923259	55
0.923536	55
0.923539	55
0.923545	55
0.923546	55
0.923548	55
0.951413	55
0.951413	55
0.951415	55
0.951416	55
0.951416	55
0.951416	55
0.951418	55
0.951419	55
0.951423	55
0.951424	55
0.951428	55
0.951435	55
0.955934	55
0.955967	55
0.955977	55
0.959625	55
0.959632	55
0.959633	55
0.959654	55
0.964607	55
0.970276	55
0.977127	55
0.977128	55
0.985388	55
0.985393	55
0.985396	55
0.987476	55
0.989565	55
0.996959	55
0.99696	55
0.996962	55
0.996965	55
1.00412	55
1.00412	55
1.00413	55
1.00413	55
1.00414	55
1.00415	55
1.00477	55
1.00948	55
1.00949	55
1.01732	55
1.01732	55
1.01732	55
1.01732	55
1.01733	55
1.02407	55
1.02408	55
1.02589	55
1.02589	55
1.02589	55
1.02935	55
1.02935	55
1.02936	55
1.02936	55
1.03487	55
1.03487	55
1.03488	55
1.03488	55
1.03488	55
1.03489	55
1.03523	55
1.03523	55
1.03524	55
1.03525	55
1.03525	55
1.03525	55
1.03526	55
1.04134	55
1.04134	55
1.04136	55
1.04136	55
1.06735	55
1.06736	55
1.06736	55
1.06736	55
1.06737	55
1.06741	55
1.06904	55
1.06904	55
1.06905	55
1.07284	55
1.07285	55
1.07289	55
1.07289	55
1.07738	55
1.07738	55
1.07738	55
1.07739	55
1.0774	55
1.08438	55
1.08438	55
1.0844	55
1.08441	55
1.10908	55
1.10908	55
1.10908	55
1.10908	55
1.10908	55
1.10909	55
1.10914	55
1.10916	55
1.10917	55
1.10931	55
1.13313	55
1.13314	55
1.13317	55
1.16811	55
1.16812	55
1.16812	55
1.16812	55
1.16812	55
1.16813	55
1.16814	55
1.16815	55
1.17481	55
1.17481	55
1.17482	55
1.17483	55
1.1912	55
1.1912	55
1.1912	55
1.1912	55
1.19124	55
1.19348	55
1.19349	55
1.19349	55
1.22209	55
1.22209	55
1.22209	55
1.2221	55
1.2221	55
1.22381	55
1.22381	55
1.22382	55
1.22811	55
1.22811	55
1.22812	55
1.22813	55
1.22813	55
1.22819	55
1.23668	55
1.2367	55
1.23671	55
1.27782	55
1.27782	55
1.27782	55
1.27782	55
1.27783	55
1.28105	55
1.30385	55
1.30386	55
1.30386	55
1.30389	55
1.30677	55
1.3068	55
1.3068	55
1.31366	55
1.31366	55
1.31366	55
1.31366	55
1.31393	55
1.32885	55
1.32885	55
1.32885	55
1.32885	55
1.32885	55
1.33966	55
1.33966	55
1.33966	55
1.33966	55
1.33966	55
1.33967	55
1.34134	55
1.34134	55
1.34134	55
1.34135	55
1.36439	55
1.3644	55
1.3644	55
1.3644	55
1.36441	55
1.36442	55
1.36646	55
1.36646	55
1.36648	55
1.38545	55
1.38548	55
1.39013	55
1.39014	55
1.39014	55
1.39015	55
1.39015	55
1.39017	55
1.39018	55
1.39022	55
1.39229	55
1.39231	55
1.39232	55
1.39541	55
1.39542	55
1.39544	55
1.39544	55
1.41249	55
1.4125	55
1.4125	55
1.4125	55
1.41251	55
1.41253	55
1.41289	55
1.41997	55
1.41998	55
1.42002	55
1.42616	55
1.42616	55
1.42616	55
1.42617	55
1.42652	55
1.43823	55
1.43823	55
1.43824	55
1.44544	55
1.44544	55
1.44544	55
1.44545	55
1.47533	55
1.47533	55
1.47534	55
1.47534	55
1.47534	55
1.47535	55
1.47556	55
1.48071	55
1.48071	55
1.48072	55
1.48082	55
1.50708	55
1.50708	55
1.50708	55
1.50708	55
1.50709	55
1.50718	55
1.50796	55
1.50796	55
1.50808	55
1.52391	55
1.52391	55
1.52393	55
1.52395	55
1.53373	55
1.53373	55
1.53373	55
1.53373	55
1.54348	55
1.54349	55
1.54349	55
1.54352	55
1.56153	55
1.56153	55
1.56153	55
1.56154	55
1.57446	55
1.57446	55
1.57447	55
1.57447	55
1.57551	55
1.57551	55
1.57554	55
1.57555	55
1.58597	55
1.58597	55
1.58598	55
1.58602	55
1.60317	55
1.60317	55
1.60318	55
1.60318	55
1.60733	55
1.60734	55
1.60737	55
1.60738	55
1.62134	55
1.62134	55
1.62134	55
1.62137	55
1.62137	55
1.6226	55
1.62319	55
1.62808	55
1.62808	55
1.62809	55
1.62809	55
1.62815	55
1.64753	55
1.64753	55
1.64753	55
1.64919	55
1.64919	55
1.64919	55
1.6492	55
1.64979	55
1.65034	55
1.65034	55
1.65084	55
1.66104	55
1.66104	55
1.66104	55
1.66105	55
1.66259	55
1.68074	55
1.68075	55
1.68075	55
1.68096	55
1.68096	55
1.68097	55
1.68363	55
1.68364	55
1.68364	55
1.68364	55
1.7202	55
1.7202	55
1.7202	55
1.72021	55
1.72021	55
1.72021	55
1.72021	55
1.73602	55
1.73602	55
1.73602	55
1.73604	55
1.73843	55
1.75519	55
1.7552	55
1.75523	55
1.76353	55
1.77955	55
1.77955	55
1.77955	55
1.77955	55
1.77955	55
1.77955	55
1.77956	55
1.77956	55
1.77956	55
1.79065	55
1.79065	55
1.79065	55
1.79065	55
1.79066	55
1.79066	55
1.79145	55
1.79145	55
1.7915	55
1.80162	55
1.80163	55
1.80163	55
1.80164	55
1.80721	55
1.80721	55
1.80721	55
1.80722	55
1.81367	55
1.81368	55
1.81369	55
1.81785	55
1.81785	55
1.81787	55
1.82269	55
1.82269	55
1.8227	55
1.82271	55
1.8354	55
1.83541	55
1.83541	55
1.83541	55
1.83707	55
1.83707	55
1.83708	55
1.84077	55
1.84077	55
1.8408	55
1.85518	55
1.85518	55
1.85522	55
1.85528	55
1.86464	55
1.86464	55
1.86464	55
1.86464	55
1.86465	55
1.86465	55
1.86465	55
1.86554	55
1.86554	55
1.86555	55
1.89197	55
1.89197	55
1.89197	55
1.89198	55
1.89199	55
1.89199	55
1.90418	55
1.90419	55
1.90419	55
1.90419	55
1.90419	55
1.90616	55
1.90616	55
1.90616	55
1.9121	55
1.91765	55
1.91765	55
1.91765	55
1.91766	55
1.9184	55
1.9184	55
1.92919	55
1.92919	55
1.92919	55
1.9292	55
1.94	55
1.94	55
1.94	55
1.94001	55
1.94004	55
1.94004	55
1.98494	55
1.98494	55
1.98494	55
1.98494	55
1.98495	55
1.98495	55
1.98496	55
1.98517	55
1.98748	55
1.98983	55
2.00064	55
2.00065	55
2.00065	55
2.00253	55
2.00253	55
2.00258	55
2.00309	55
2.00309	55
2.00869	55
2.00869	55
2.00869	55
2.00879	55
2.01581	55
2.01581	55
2.01582	55
2.01583	55
2.01583	55
2.01588	55
2.02948	55
2.02948	55
2.02949	55
2.02949	55
2.0295	55
2.02952	55
2.02952	55
2.03457	55
2.03457	55
2.03458	55
2.0346	55
2.04144	55
2.04144	55
2.04145	55
2.04145	55
2.04145	55
2.04145	55
2.05012	55
2.05013	55
2.05348	55
2.05355	55
2.06034	55
2.06035	55
2.06036	55
2.06036	55
2.09813	55
2.09813	55
2.09813	55
2.09813	55
2.09813	55
2.09814	55
2.09815	55
2.09816	55
2.09996	55
2.09996	55
2.09996	55
2.10649	55
2.10651	55
2.1101	55
2.11011	55
2.11429	55
2.11429	55
2.1143	55
2.1143	55
2.11432	55
2.11946	55
2.11946	55
2.11946	55
2.11946	55
2.11947	55
2.13281	55
2.13282	55
2.13283	55
2.14099	55
2.141	55
2.141	55
2.14104	55
2.14835	55
2.14836	55
2.14836	55
2.15495	55
2.15495	55
2.15495	55
2.17901	55
2.17902	55
2.17904	55
2.17904	55
2.18897	55
2.18899	55
2.19031	55
2.19043	55
2.20303	55
2.21607	55
2.21607	55
2.21607	55
2.21607	55
2.21607	55
2.21607	55
2.21608	55
2.21669	55
2.22464	55
2.22465	55
2.22465	55
2.22465	55
2.22466	55
2.22466	55
2.22468	55
2.22481	55
2.22484	55
2.22975	55
2.22976	55
2.22976	55
2.22977	55
2.22979	55
2.24677	55
2.24678	55
2.24678	55
2.24679	55
2.26238	55
2.26238	55
2.26239	55
2.26239	55
2.26239	55
2.2624	55
2.2624	55
2.27866	55
2.27866	55
2.29028	55
2.29029	55
2.29029	55
2.29029	55
2.29029	55
2.29031	55
2.29196	55
2.29528	55
2.29529	55
2.29529	55
2.29641	55
2.33958	55
2.33958	55
2.33958	55
2.33959	55
2.33959	55
2.33959	55
2.33959	55
2.33961	55
2.33978	55
2.33978	55
2.3398	55
2.33984	55
2.37386	55
2.37386	55
2.37386	55
2.37387	55
2.37387	55
2.37387	55
2.37388	55
2.37388	55
2.37876	55
2.37876	55
2.37879	55
2.37991	55
2.37993	55
2.38895	55
2.38895	55
2.38896	55
2.38898	55
2.39055	55
2.39056	55
2.39058	55
2.39058	55
2.40117	55
2.40117	55
2.40117	55
2.40118	55
2.40892	55
2.40892	55
2.40892	55
2.40893	55
2.40893	55
2.41403	55
2.41805	55
2.41805	55
2.41805	55
2.41805	55
2.44436	55
2.44436	55
2.44436	55
2.44436	55
2.44436	55
2.44436	55
2.44439	55
2.44601	55
2.44602	55
2.44602	55
2.46552	55
2.46552	55
2.46553	55
2.46774	55
2.46775	55
2.46777	55
2.4678	55
2.47013	55
2.47014	55
2.47109	55
2.47109	55
2.4711	55
2.47112	55
2.48203	55
2.48203	55
2.48204	55
2.48204	55
2.48204	55
2.48204	55
2.48218	55
2.48738	55
2.48738	55
2.48738	55
2.48739	55
2.50246	55
2.50246	55
2.50246	55
2.50248	55
2.50248	55
2.50249	55
2.50995	55
2.50996	55
2.50997	55
2.53025	55
2.53025	55
2.53025	55
2.53025	55
2.53026	55
2.53322	55
2.53322	55
2.53324	55
2.57543	55
2.57543	55
2.57543	55
2.57543	55
2.57543	55
2.57543	55
2.59373	55
2.59374	55
2.59374	55
2.59375	55
2.59572	55
2.59573	55
2.59574	55
2.60357	55
2.60357	55
2.60357	55
2.60357	55
2.60358	55
2.60358	55
2.60387	55
2.60387	55
2.60388	55
2.60389	55
2.60476	55
2.60476	55
2.60477	55
2.60997	55
2.60997	55
2.60998	55
2.60998	55
2.65554	55
2.65554	55
2.65554	55
2.65555	55
2.65556	55
2.65557	55
2.66056	55
2.66059	55
2.6606	55
2.6606	55
2.66061	55
2.68547	55
2.68547	55
2.68547	55
2.68549	55
2.69635	55
2.69635	55
2.69635	55
2.69637	55
2.69637	55
2.69638	55
2.69638	55
2.69732	55
2.69733	55
2.69735	55
2.70895	55
2.70895	55
2.70896	55
2.70897	55
2.72746	55
2.72746	55
2.72747	55
2.72747	55
2.72748	55
2.72749	55
2.73473	55
2.73473	55
2.73473	55
2.7795	55
2.7795	55
2.7795	55
2.7795	55
2.7795	55
2.77951	55
2.79455	55
2.79455	55
2.79455	55
2.79456	55
2.79458	55
2.82348	55
2.82348	55
2.82349	55
2.82349	55
2.8235	55
2.82351	55
2.82352	55
2.82467	55
2.82468	55
2.82471	55
2.83032	55
2.83035	55
2.84197	55
2.84197	55
2.84197	55
2.84197	55
2.84197	55
2.84198	55
2.842	55
2.8659	55
2.8659	55
2.8659	55
2.86591	55
2.86591	55
2.87264	55
2.87267	55
2.87269	55
2.88061	55
2.88072	55
2.88102	55
2.88103	55
2.88112	55
2.88169	55
2.8817	55
2.8817	55
2.88572	55
2.88572	55
2.88573	55
2.88573	55
2.88573	55
2.88575	55
2.91424	55
2.91424	55
2.91424	55
2.91424	55
2.91425	55
2.91426	55
2.91645	55
2.91645	55
2.91646	55
2.93494	55
2.93494	55
2.93494	55
2.93494	55
2.93495	55
2.93496	55
2.93564	55
2.93566	55
2.93567	55
2.94373	55
2.94373	55
2.94374	55
2.95337	55
2.95337	55
2.95338	55
2.95356	55
2.98279	55
2.98279	55
2.9828	55
2.98281	55
2.98281	55
2.98282	55
2.98852	55
2.98852	55
2.98854	55
2.98991	55
2.98993	55
2.98995	55
2.99462	55
2.99689	55
2.9969	55
3.00289	55
3.0029	55
3.0029	55
3.0029	55
3.00291	55
3.00299	55
3.00478	55
3.00479	55
3.00479	55
3.00481	55
3.03511	55
3.03511	55
3.03511	55
3.03512	55
3.03512	55
3.03512	55
3.03512	55
3.03513	55
3.04131	55
3.04131	55
3.04133	55
3.04135	55
3.05003	55
3.05003	55
3.05004	55
3.05005	55
3.05006	55
3.05999	55
3.05999	55
3.06	55
3.06	55
3.06	55
3.06001	55
3.06001	55
3.06947	55
3.06948	55
3.09329	55
3.09329	55
3.0933	55
3.09331	55
3.09333	55
3.11839	55
3.11839	55
3.1184	55
3.1184	55
3.1184	55
3.11841	55
3.11967	55
3.11967	55
3.11967	55
3.12283	55
3.1302	55
3.13021	55
3.13021	55
3.13022	55
3.13023	55
3.13966	55
3.13966	55
3.13966	55
3.13967	55
3.13967	55
3.14924	55
3.14925	55
3.17926	55
3.17926	55
3.17926	55
3.17927	55
3.17927	55
3.17927	55
3.17927	55
3.17927	55
3.17928	55
3.18344	55
3.18344	55
3.18347	55
3.18579	55
3.18579	55
3.1858	55
3.1893	55
3.18931	55
3.18933	55
3.19883	55
3.19884	55
3.19885	55
3.19885	55
3.19886	55
3.2047	55
3.20471	55
3.20471	55
3.20471	55
3.20473	55
3.21252	55
3.21252	55
3.21253	55
3.21253	55
3.2195	55
3.2195	55
3.21951	55
3.21952	55
3.23808	55
3.23809	55
3.23809	55
3.2381	55
3.2381	55
3.26464	55
3.26465	55
3.26465	55
3.26465	55
3.28796	55
3.28796	55
3.28796	55
3.28796	55
3.28797	55
3.28797	55
3.30648	55
3.30648	55
3.30648	55
3.30648	55
3.30649	55
3.3065	55
3.35244	55
3.35244	55
3.35244	55
3.35244	55
3.35245	55
3.35245	55
3.38027	55
3.38027	55
3.38028	55
3.38028	55
3.38029	55
3.38129	55
3.38129	55
3.3813	55
3.39258	55
3.39259	55
3.39259	55
3.3926	55
3.39264	55
3.41007	55
3.41007	55
3.41008	55
3.41008	55
3.41008	55
3.41484	55
3.41485	55
3.41486	55
3.41488	55
3.41827	55
3.41827	55
3.41828	55
3.48096	55
3.48096	55
3.48096	55
3.48096	55
3.48096	55
3.48096	55
3.48101	55
3.50112	55
3.50112	55
3.50112	55
3.50113	55
3.51309	55
3.5131	55
3.5131	55
3.51311	55
3.51654	55
3.51654	55
3.51655	55
3.51655	55
3.51744	55
3.51744	55
3.51745	55
3.51749	55
3.51933	55
3.51934	55
3.51934	55
3.51935	55
3.52794	55
3.52891	55
3.52891	55
3.52894	55
3.53853	55
3.53853	55
3.53853	55
3.53853	55
3.53853	55
3.53854	55
3.53854	55
3.54052	55
3.54052	55
3.54053	55
3.54053	55
3.55918	55
3.55919	55
3.55922	55
3.55923	55
3.56943	55
3.56943	55
3.56944	55
3.57482	55
3.57482	55
3.57483	55
3.57484	55
3.57484	55
3.57518	55
3.57531	55
3.57688	55
3.57753	55
3.57754	55
3.57755	55
3.59867	55
3.59867	55
3.59868	55
3.59868	55
3.59868	55
3.59868	55
3.59869	55
3.59871	55
3.60024	55
3.60025	55
3.60027	55
3.60635	55
3.60635	55
3.60638	55
3.60639	55
3.6593	55
3.6593	55
3.6593	55
3.65931	55
3.65931	55
3.65931	55
3.65932	55
3.66073	55
3.66073	55
3.66077	55
3.67944	55
3.67944	55
3.67944	55
3.6901	55
3.6901	55
3.6901	55
3.6901	55
3.69011	55
3.69012	55
3.69012	55
3.69012	55
3.69361	55
3.69361	55
3.69362	55
3.69362	55
3.7263	55
3.7263	55
3.72631	55
3.72632	55
3.74519	55
3.74519	55
3.74519	55
3.7452	55
3.7452	55
3.74521	55
3.74522	55
3.74951	55
3.76377	55
3.76378	55
3.76378	55
3.76378	55
3.76379	55
3.7638	55
3.77829	55
3.7783	55
3.7783	55
3.7783	55
3.77832	55
3.79043	55
3.79046	55
3.79078	55
3.79708	55
3.79709	55
3.79711	55
3.82088	55
3.82088	55
3.82088	55
3.82089	55
3.82089	55
3.82089	55
3.82091	55
3.82786	55
3.82787	55
3.82787	55
3.8302	55
3.83022	55
3.83024	55
3.83026	55
3.8326	55
3.83261	55
3.83261	55
3.83262	55
3.8413	55
3.8413	55
3.8413	55
3.84131	55
3.851	55
3.851	55
3.85101	55
3.85101	55
3.85102	55
3.86222	55
3.86226	55
3.86421	55
3.86421	55
3.86421	55
3.86423	55
3.86622	55
3.86627	55
3.86769	55
3.87623	55
3.87624	55
3.87624	55
3.87624	55
3.87624	55
3.87627	55
3.87631	55
3.88205	55
3.88209	55
3.88216	55
3.90832	55
3.90832	55
3.90832	55
3.90832	55
3.90832	55
3.90833	55
3.90834	55
3.90836	55
3.91678	55
3.91678	55
3.91679	55
3.91679	55
3.91679	55
3.92137	55
3.92139	55
3.92141	55
3.9325	55
3.9325	55
3.93251	55
3.93251	55
3.93253	55
3.93578	55
3.9358	55
3.93583	55
3.93626	55
3.93629	55
3.93629	55
3.9363	55
3.94445	55
3.94445	55
3.94445	55
3.94446	55
3.94448	55
3.94599	55
3.94599	55
3.946	55
3.95934	55
3.95935	55
3.95935	55
3.95935	55
3.96242	55
3.96243	55
3.96244	55
3.96343	55
3.96343	55
3.96343	55
3.97043	55
3.97044	55
3.97045	55
3.97045	55
3.98069	55
3.98069	55
3.98069	55
3.98073	55
3.98444	55
3.98444	55
3.98446	55
3.98454	55
3.98699	55
3.98699	55
3.987	55
3.98711	55
3.9995	55
3.99951	55
3.99951	55
3.99951	55
3.9996	55
4.00542	55
4.00542	55
4.00544	55
4.01064	55
4.01065	55
4.01065	55
4.01065	55
4.01065	55
4.01066	55
4.01093	55
4.01093	55
4.01093	55
4.01105	55
4.01259	55
4.0126	55
4.01719	55
4.01719	55
4.01719	55
4.01721	55
4.01769	55
4.02234	55
4.02235	55
4.02392	55
4.02393	55
4.02393	55
4.02393	55
4.02397	55
4.02812	55
4.02814	55
4.02817	55
4.04242	55
4.04893	55
4.04893	55
4.04893	55
4.04894	55
4.04894	55
4.04894	55
4.04894	55
4.07331	55
4.07333	55
4.07333	55
4.07342	55
4.0834	55
4.0834	55
4.0834	55
4.08341	55
4.08342	55
4.08343	55
4.12111	55
4.12112	55
4.12112	55
4.12112	55
4.12112	55
4.12252	55
4.12374	55
4.12376	55
4.13451	55
4.13452	55
4.13452	55
4.13461	55
4.13795	55
4.13796	55
4.13796	55
4.13797	55
4.13798	55
4.1451	55
4.1451	55
4.14511	55
4.14512	55
4.14513	55
4.14514	55
4.16468	55
4.16468	55
4.16472	55
4.19954	55
4.19955	55
4.19955	55
4.19955	55
4.19955	55
4.19956	55
4.19974	55
4.2227	55
4.2227	55
4.22271	55
4.22271	55
4.22271	55
4.22271	55
4.22271	55
4.22274	55
4.22728	55
4.22729	55
4.22729	55
4.23344	55
4.23346	55
4.23348	55
4.23356	55
4.26447	55
4.26448	55
4.26448	55
4.26448	55
4.26448	55
4.26455	55
4.26985	55
4.26985	55
4.26986	55
4.26988	55
4.28473	55
4.28474	55
4.28474	55
4.28475	55
4.29703	55
4.29703	55
4.29703	55
4.29704	55
4.29705	55
4.30766	55
4.30767	55
4.30768	55
4.3169	55
4.32428	55
4.32428	55
4.32429	55
4.32432	55
4.33008	55
4.3301	55
4.3301	55
4.33011	55
4.33021	55
4.33043	55
4.36621	55
4.36621	55
4.36621	55
4.36622	55
4.36622	55
4.36634	55
4.37747	55
4.37747	55
4.37747	55
4.37748	55
4.37748	55
4.37749	55
4.3775	55
4.40872	55
4.40873	55
4.40873	55
4.40874	55
4.40875	55
4.40876	55
4.41812	55
4.41812	55
4.41814	55
4.41815	55
4.4205	55
4.42054	55
4.42055	55
4.43947	55
4.43949	55
4.43953	55
4.44144	55
4.44144	55
4.44149	55
4.46043	55
4.46043	55
4.46043	55
4.46044	55
4.46045	55
4.46045	55
4.47862	55
4.47863	55
4.47863	55
4.47863	55
4.47871	55
4.49239	55
4.49239	55
4.49241	55
4.49241	55
4.49242	55
4.49243	55
4.49253	55
4.50647	55
4.50647	55
4.50648	55
4.50649	55
4.54688	55
4.54688	55
4.54689	55
4.54689	55
4.54691	55
4.54694	55
4.54978	55
4.54981	55
4.55295	55
4.55295	55
4.55296	55
4.5591	55
4.5591	55
4.55911	55
4.55914	55
4.56234	55
4.56241	55
4.56903	55
4.56903	55
4.56904	55
4.56904	55
4.56911	55
4.5762	55
4.5762	55
4.57621	55
4.57621	55
4.57622	55
4.57624	55
4.58611	55
4.58611	55
4.58611	55
4.62459	55
4.62459	55
4.62461	55
4.62462	55
4.62463	55
4.62466	55
4.6364	55
4.6364	55
4.6364	55
4.63641	55
4.64991	55
4.64991	55
4.64992	55
4.64993	55
4.64994	55
4.64995	55
4.65188	55
4.65188	55
4.65188	55
4.6519	55
4.67853	55
4.67853	55
4.67853	55
4.67853	55
4.67854	55
4.6786	55
4.6786	55
4.67866	55
4.68402	55
4.68403	55
4.68407	55
4.68408	55
4.69284	55
4.69286	55
4.69288	55
4.69737	55
4.69737	55
4.69737	55
4.69743	55
4.70056	55
4.70057	55
4.70066	55
4.70084	55
4.70085	55
4.73755	55
4.73755	55
4.73756	55
4.73757	55
4.73757	55
4.74163	55
4.74163	55
4.74163	55
4.74165	55
4.74166	55
4.74166	55
4.76286	55
4.76286	55
4.76289	55
4.7629	55
4.76654	55
4.76655	55
4.76655	55
4.7666	55
4.77502	55
4.77505	55
4.78096	55
4.78096	55
4.78097	55
4.78097	55
4.78098	55
4.84718	55
4.84718	55
4.84718	55
4.84718	55
4.84718	55
4.84719	55
4.84719	55
4.8472	55
4.84725	55
4.90023	55
4.90024	55
4.90024	55
4.90024	55
4.90025	55
4.9003	55
4.92126	55
4.92126	55
4.92126	55
4.9213	55
4.92131	55
4.92315	55
4.92323	55
4.92418	55
4.92455	55
4.92459	55
4.93437	55
4.93439	55
4.93451	55
4.94719	55
4.9472	55
4.9472	55
4.94721	55
4.94738	55
4.95561	55
4.95561	55
4.95562	55
4.95629	55
4.95637	55
4.9705	55
4.9705	55
4.9705	55
4.9705	55
4.9705	55
4.9705	55
4.97051	55
4.97051	55
4.97053	55
4.97053	55
4.97822	55
4.97823	55
4.97828	55
4.9792	55
4.97921	55
4.97922	55
4.97923	55
4.97948	55
5.30867	55
5.30867	55
5.30867	55
5.30868	55
5.30869	55
5.30869	55
5.30869	55
5.30871	55
5.32762	55
5.32763	55
5.32763	55
5.32764	55
5.36702	55
5.36702	55
5.36702	55
5.36702	55
5.36703	55
5.36703	55
5.36704	55
5.36708	55
5.37606	55
5.37606	55
5.37606	55
5.37608	55
5.3864	55
5.38641	55
5.38643	55
5.38644	55
5.38964	55
5.38965	55
5.38965	55
5.39036	55
5.39038	55
5.39039	55
5.41408	55
5.41409	55
5.41409	55
5.4141	55
5.4141	55
5.41414	55
5.41678	55
5.41678	55
5.41679	55
5.42246	55
5.42247	55
5.42249	55
5.4225	55
5.44305	55
5.44305	55
5.44305	55
5.44307	55
5.44308	55
5.44347	55
5.44348	55
5.44348	55
5.44855	55
5.44856	55
5.44858	55
5.44865	55
5.44908	55
5.48541	55
5.48541	55
5.48542	55
5.48543	55
5.48556	55
5.49088	55
5.49088	55
5.49089	55
5.49098	55
5.50718	55
5.50718	55
5.50718	55
5.50719	55
5.50719	55
5.50719	55
5.5072	55
5.5072	55
5.50727	55
5.52769	55
5.5277	55
5.5277	55
5.52771	55
5.52771	55
5.52776	55
5.56288	55
5.56288	55
5.56289	55
5.56291	55
5.56291	55
5.57236	55
5.57237	55
5.57237	55
5.57237	55
5.57238	55
5.57251	55
5.58634	55
5.58634	55
5.58635	55
5.58635	55
5.58637	55
5.58641	55
5.59706	55
5.59707	55
5.59708	55
5.60948	55
5.60949	55
5.60949	55
5.6095	55
5.62005	55
5.62006	55
5.62014	55
5.64093	55
5.64094	55
5.64095	55
5.641	55
5.64401	55
5.64403	55
5.64404	55
5.64433	55
5.64433	55
5.64438	55
5.65658	55
5.65658	55
5.65658	55
5.65659	55
5.65659	55
5.6566	55
5.65664	55
5.65756	55
5.65763	55
5.65877	55
5.66633	55
5.66633	55
5.66634	55
5.66634	55
5.66718	55
5.67304	55
5.67305	55
5.6731	55
5.67483	55
5.67484	55
5.67484	55
5.69315	55
5.69316	55
5.69317	55
5.69318	55
5.72036	55
5.72036	55
5.72037	55
5.7204	55
5.72051	55
5.72528	55
5.72529	55
5.72534	55
5.73271	55
5.73271	55
5.73284	55
5.73324	55
5.73324	55
5.73326	55
5.73326	55
5.73714	55
5.73715	55
5.73717	55
5.73727	55
5.74618	55
5.74619	55
5.74619	55
5.74909	55
5.74909	55
5.7491	55
5.74911	55
5.74914	55
5.76839	55
5.76839	55
5.7684	55
5.7684	55
5.76841	55
5.76856	55
5.78566	55
5.78566	55
5.78567	55
5.78568	55
5.78569	55
5.78573	55
5.79049	55
5.7905	55
5.79051	55
5.79062	55
5.80727	55
5.80727	55
5.80728	55
5.80728	55
5.80732	55
5.82743	55
5.82748	55
5.83964	55
5.83964	55
5.83965	55
5.83967	55
5.8397	55
5.84553	55
5.84553	55
5.84554	55
5.84555	55
5.85368	55
5.85368	55
5.85369	55
5.85371	55
5.86339	55
5.8634	55
5.86341	55
5.88799	55
5.88799	55
5.888	55
5.888	55
5.88801	55
5.88802	55
5.88804	55
5.88804	55
5.90893	55
5.90894	55
5.90894	55
5.90895	55
5.90895	55
5.92058	55
5.92063	55
5.92064	55
5.92802	55
5.92802	55
5.92802	55
5.92802	55
5.92803	55
5.93453	55
5.93455	55
5.93455	55
5.9346	55
5.9439	55
5.9439	55
5.94392	55
5.94398	55
5.94453	55
5.94455	55
5.94457	55
5.9793	55
5.97931	55
5.97931	55
5.97931	55
5.97931	55
5.97931	55
5.97932	55
5.97933	55
5.98658	55
5.98658	55
5.98659	55
5.9866	55
5.9909	55
5.99091	55
5.99095	55
6.00171	55
6.00173	55
6.00173	55
6.00195	55
6.00196	55
6.00196	55
6.00625	55
6.00625	55
6.00626	55
6.00626	55
6.04524	55
6.04524	55
6.04525	55
6.04525	55
6.04525	55
6.04525	55
6.04528	55
6.04528	55
6.05249	55
6.05249	55
6.05253	55
6.06353	55
6.06353	55
6.06354	55
6.06355	55
6.06358	55
6.07353	55
6.07353	55
6.07353	55
6.07357	55
6.07358	55
6.12601	55
6.12602	55
6.12602	55
6.12605	55
6.12609	55
6.12623	55
6.12671	55
6.12989	55
6.1299	55
6.12999	55
6.14104	55
6.14105	55
6.14106	55
6.14111	55
6.14111	55
6.14445	55
6.14446	55
6.1445	55
6.14452	55
6.15912	55
6.15913	55
6.15913	55
6.15913	55
6.15915	55
6.24809	55
6.24809	55
6.24809	55
6.2481	55
6.2481	55
6.24813	55
6.24814	55
6.24815	55
6.25685	55
6.25685	55
6.25693	55
6.26149	55
6.26149	55
6.2615	55
6.2616	55
6.29485	55
6.29485	55
6.29485	55
6.29485	55
6.29486	55
6.29487	55
6.29512	55
6.29689	55
6.2969	55
6.29694	55
6.3188	55
6.3188	55
6.31881	55
6.31881	55
6.31884	55
6.32868	55
6.32869	55
6.32873	55
6.34544	55
6.34547	55
6.34553	55
6.34553	55
6.34562	55
6.37888	55
6.37889	55
6.37889	55
6.3789	55
6.37891	55
6.37891	55
6.37893	55
6.379	55
6.38736	55
6.38737	55
6.38738	55
6.38738	55
6.3969	55
6.3969	55
6.39691	55
6.39691	55
6.39695	55
6.40203	55
6.40204	55
6.40206	55
6.41336	55
6.41336	55
6.41336	55
6.41343	55
6.42347	55
6.42347	55
6.42349	55
6.4298	55
6.42981	55
6.42998	55
6.43489	55
6.43489	55
6.4349	55
6.43492	55
6.43765	55
6.43766	55
6.43768	55
6.47257	55
6.47257	55
6.47258	55
6.47259	55
6.47263	55
6.47264	55
6.47608	55
6.47608	55
6.47609	55
6.47609	55
6.47611	55
6.51327	55
6.51327	55
6.51327	55
6.51328	55
6.51328	55
6.51328	55
6.5133	55
6.51332	55
6.5185	55
6.51851	55
6.51851	55
6.58089	55
6.58089	55
6.5809	55
6.5809	55
6.5809	55
6.5809	55
6.58098	55
6.5854	55
6.58556	55
6.70405	55
6.70406	55
6.70406	55
6.70406	55
6.70407	55
6.70407	55
6.70407	55
6.70408	55
6.70416	55
6.79468	55
6.79469	55
6.79469	55
6.79471	55
6.79472	55
6.79473	55
6.79488	55
6.83174	55
6.83174	55
6.83175	55
6.83176	55
6.8318	55
6.83184	55
6.83186	55
6.83186	55
6.8319	55
6.86524	55
6.86524	55
6.86524	55
6.86526	55
6.86527	55
6.86529	55
6.86535	55
6.86696	55
6.86708	55
6.88371	55
6.88372	55
6.88373	55
6.88374	55
6.88447	55
6.88448	55
6.88448	55
6.88448	55
6.88456	55
6.91296	55
6.91296	55
6.91296	55
6.91296	55
6.91296	55
6.91299	55
6.9203	55
6.9203	55
6.92031	55
6.92032	55
6.95339	55
6.9534	55
6.9534	55
6.95341	55
6.95342	55
6.95345	55
6.95346	55
6.95369	55
6.97321	55
6.97322	55
6.97325	55
6.97332	55
7.03622	55
7.03622	55
7.03623	55
7.03626	55
7.03626	55
7.03627	55
7.0363	55
7.03634	55
7.03795	55
7.03812	55
7.03945	55
7.04709	55
7.04709	55
7.04716	55
7.05003	55
7.05005	55
7.05007	55
7.06155	55
7.06268	55
7.07065	55
7.07066	55
7.07068	55
7.07069	55
7.07069	55
7.07263	55
7.07435	55
7.07555	55
7.07555	55
7.07556	55
7.07556	55
7.07557	55
7.0756	55
7.07567	55
7.07627	55
7.08395	55
7.08398	55
7.08404	55
7.10713	55
7.10713	55
7.10717	55
7.10719	55
7.10723	55
7.12584	55
7.12584	55
7.12585	55
7.12585	55
7.12589	55
7.1262	55
7.12695	55
7.12696	55
7.12699	55
7.13355	55
7.13355	55
7.13355	55
7.13355	55
7.13359	55
7.15641	55
7.15642	55
7.15642	55
7.15643	55
7.15648	55
7.15649	55
7.44564	55
7.44566	55
7.44566	55
7.4457	55
7.44572	55
7.44574	55
7.44727	55
7.47458	55
7.47459	55
7.47459	55
7.4746	55
7.47466	55
7.47476	55
7.93962	55
7.93962	55
7.93963	55
7.93968	55
7.93971	55
7.93982	55
7.94007	55
7.94046	55
7.94573	55
7.94703	55
7.94704	55
7.94714	55
7.95411	55
7.95413	55
7.95416	55
7.95432	55
7.96354	55
8.02252	55
8.02252	55
8.02253	55
8.02254	55
8.02255	55
8.02256	55
8.02259	55
8.02261	55
8.06939	55
8.06939	55
8.06939	55
8.0694	55
8.0694	55
8.06941	55
8.06942	55
8.06943	55
8.06951	55
8.07117	55
8.07119	55
8.0712	55
8.07127	55
8.07273	55
8.07274	55
8.07274	55
8.07277	55
8.10747	55
8.10747	55
8.1075	55
8.10752	55
8.11677	55
8.11677	55
8.11677	55
8.11678	55
8.11679	55
8.1168	55
8.11687	55
8.14257	55
8.14258	55
8.14258	55
8.14258	55
8.14259	55
8.1426	55
8.14279	55
8.31567	55
8.31568	55
8.31569	55
8.3157	55
8.3157	55
8.31571	55
8.31571	55
8.31581	55
8.37716	55
8.37717	55
8.37719	55
8.37721	55
8.37722	55
8.37731	55
8.37735	55
8.39486	55
8.39487	55
8.39487	55
8.3949	55
8.39505	55
8.40123	55
8.40125	55
8.40126	55
8.40127	55
8.4013	55
8.40136	55
8.40729	55
8.4073	55
8.40737	55
8.40746	55
8.41569	55
8.41569	55
8.4157	55
8.41576	55
8.65458	55
8.65458	55
8.65462	55
8.65463	55
8.65466	55
8.65473	55
8.65543	55
8.65552	55
8.66262	55
8.66263	55
8.66264	55
8.66281	55
8.69631	55
8.69631	55
8.69631	55
8.69632	55
8.69634	55
8.69636	55
8.72879	55
8.72879	55
8.7288	55
8.7288	55
8.72881	55
8.72888	55
8.72894	55
8.74891	55
8.74897	55
8.74903	55
8.74905	55
8.7493	55
8.76605	55
8.76605	55
8.78332	55
8.78332	55
8.78332	55
8.78333	55
8.78335	55
8.78345	55
8.78365	55
14.472	55
14.472	55
14.472	55
14.472	55
14.4721	55
14.4724	55
14.4728	55
14.5071	55
14.5071	55
14.5071	55
14.5072	55
14.5072	55
14.5072	55
14.5073	55
14.5348	55
14.5348	55
14.5348	55
14.5349	55
14.5349	55
14.5349	55
14.5353	55
14.5379	55
14.5379	55
14.5379	55
14.538	55
14.5382	55
15.0357	55
15.0357	55
15.0357	55
15.0358	55
15.0358	55
15.0358	55
15.0358	55
15.0367	55
15.0477	55
15.0478	55
15.0478	55
15.0478	55
15.0824	55
15.0824	55
15.0824	55
15.0824	55
15.0824	55
15.0825	55
15.0826	55
15.0827	55
15.0885	55
15.1012	55
15.1012	55
15.1012	55
15.1013	55
15.1013	55
15.1017	55
15.115	55
15.115	55
15.1151	55
15.1151	55
15.1152	55
16.4695	55
16.4695	55
16.4695	55
16.4695	55
16.4695	55
16.4695	55
16.4711	55
16.48	55
16.48	55
16.48	55
16.48	55
16.5174	55
16.5174	55
16.5174	55
16.5174	55
16.5174	55
16.5176	55
16.5177	55
16.5179	55
17.8538	55
17.8538	55
17.8539	55
17.8539	55
17.854	55
17.8546	55
17.8547	55
17.855	55
18.3015	55
18.3015	55
18.3016	55
18.3016	55
18.3017	55
18.3019	55
18.303	55
18.3031	55
18.3033	55
18.3275	55
18.3275	55
18.3276	55
18.3277	55
18.8525	55
18.8526	55
18.8526	55
18.8526	55
18.8526	55
18.8527	55
18.8527	55
18.8528	55
18.8905	55
18.8905	55
18.8905	55
18.8905	55
18.8905	55
18.8905	55
18.8905	55
18.8906	55
18.9275	55
18.9275	55
18.9275	55
18.9275	55
18.9276	55
18.9276	55
18.9276	55
18.928	55
20.7877	55
20.7878	55
20.7878	55
20.7878	55
20.7878	55
20.7879	55
20.7887	55
20.7905	55
20.7911	55
20.7986	55
20.7986	55
20.7987	55
20.7987	55
20.7989	55
21.4924	55
21.4924	55
21.4924	55
21.4924	55
21.4927	55
21.4928	55
21.5046	55
21.5046	55
21.5046	55
21.5046	55
21.5048	55
21.5195	55
21.5195	55
21.5195	55
21.5196	55
21.5197	55
22.6523	55
22.6524	55
22.6524	55
22.6524	55
22.6529	55
22.6532	55
22.6533	55
22.6534	55
22.6537	55
22.7284	55
22.7284	55
22.7284	55
22.7284	55
22.7285	55
22.7286	55
22.7289	55
22.8381	55
22.8381	55
22.8381	55
22.8382	55
22.8382	55
22.8382	55
22.9575	55
22.9575	55
22.9575	55
22.9575	55
22.9576	55
22.958	55
22.9585	55
26.0074	55
26.0074	55
26.0074	55
26.0076	55
26.0076	55
26.0076	55
26.0081	55
27.1726	55
27.1727	55
27.1727	55
27.1727	55
27.1728	55
27.1728	55
27.1728	55
27.1728	55
27.4822	55
27.4822	55
27.4822	55
27.4822	55
27.4823	55
27.4827	55
27.4831	55
28.4112	55
28.4112	55
28.4113	55
28.4113	55
28.4114	55
28.4115	55
28.4122	55
28.6793	55
28.6793	55
28.6793	55
28.6794	55
28.6794	55
28.6794	55
28.6806	55
29.3137	55
29.3137	55
29.3138	55
29.3138	55
29.3139	55
29.3139	55
29.314	55
29.3145	55
29.3148	55
29.315	55
29.384	55
29.3841	55
29.3841	55
29.3841	55
29.3841	55
29.3841	55
29.3841	55
29.4911	55
29.4911	55
29.4911	55
29.4912	55
29.4914	55
29.4917	55
29.4917	55
29.526	55
29.526	55
29.5261	55
29.5263	55
29.5263	55
30.8206	55
30.8206	55
30.8207	55
30.8207	55
30.8207	55
30.8208	55
30.8208	55
31.6492	55
31.6493	55
31.6493	55
31.6493	55
31.6494	55
31.6497	55
31.6501	55
31.8739	55
31.8739	55
31.8739	55
31.874	55
31.874	55
31.8744	55
31.8757	55
32.1525	55
32.1525	55
32.1526	55
32.1526	55
32.1527	55
32.1528	55
32.153	55
32.8303	55
32.8304	55
32.8304	55
32.8305	55
32.8306	55
32.8307	55
32.8308	55
33.2369	55
33.2369	55
33.237	55
33.2371	55
33.2372	55
33.2372	55
33.2373	55
34.62	55
34.62	55
34.6201	55
34.6202	55
34.6202	55
34.6203	55
34.8768	55
34.8769	55
34.8769	55
34.8769	55
34.877	55
34.877	55
34.8782	55
34.8787	55
35.0619	55
35.062	55
35.062	55
35.062	55
35.0621	55
35.0621	55
35.0622	55
35.0643	55
35.2494	55
35.2494	55
35.2494	55
35.2495	55
35.2495	55
35.2497	55
35.2498	55
35.2503	55
35.3557	55
35.3558	55
35.3558	55
35.356	55
35.356	55
35.3568	55
35.6175	55
35.6176	55
35.6176	55
35.6176	55
35.6176	55
35.6177	55
35.6178	55
35.6178	55
36.2111	55
36.2112	55
36.2112	55
36.2113	55
36.2114	55
36.2114	55
36.2129	55
36.3429	55
36.3429	55
36.343	55
36.3431	55
36.3431	55
36.3432	55
36.344	55
36.4309	55
36.4309	55
36.4309	55
36.4309	55
36.4309	55
36.431	55
36.434	55
36.4419	55
36.4421	55
36.4422	55
36.5998	55
36.5999	55
36.5999	55
36.5999	55
36.6002	55
36.6002	55
36.6003	55
36.6009	55
37.3779	55
37.3779	55
37.3779	55
37.378	55
37.3785	55
37.3785	55
37.3785	55
37.3796	55
37.4872	55
37.4873	55
37.4873	55
37.4873	55
37.4874	55
37.4874	55
37.4878	55
37.4896	55
37.4896	55
37.4896	55
38.6743	55
38.6743	55
38.6743	55
38.6743	55
38.6744	55
38.6747	55
39.3951	55
39.3952	55
39.3952	55
39.3952	55
39.3953	55
39.396	55
39.3964	55
41.858	55
41.858	55
41.8581	55
41.8581	55
41.8581	55
41.8582	55
41.8583	55
41.8584	55
41.8591	55
42.1687	55
42.1687	55
42.1687	55
42.1688	55
42.1688	55
42.1689	55
42.1692	55
42.4659	55
42.4659	55
42.466	55
42.466	55
42.4662	55
42.4664	55
42.4665	55
43.0314	55
43.0314	55
43.0314	55
43.0314	55
43.0315	55
43.0334	55
44.7478	55
44.7478	55
44.7478	55
44.7478	55
44.7479	55
44.7481	55
44.7482	55
44.7485	55
44.7496	55
44.9388	55
44.9388	55
44.9388	55
44.9388	55
44.9389	55
44.9389	55
44.9394	55
44.9557	55
44.956	55
46.5228	55
46.5228	55
46.5228	55
46.5228	55
46.5229	55
46.5229	55
46.5231	55
46.524	55
48.8123	55
48.8123	55
48.8123	55
48.8123	55
48.8124	55
48.8124	55
48.8125	55
48.9908	55
48.9908	55
48.9908	55
48.9909	55
48.991	55
48.9913	55
50.0436	55
50.0436	55
50.0436	55
50.0436	55
50.0438	55
50.0439	55
50.0439	55
50.0442	55
50.0443	55
50.0445	55
50.1219	55
50.122	55
50.122	55
50.122	55
50.1221	55
50.1221	55
50.1223	55
50.1224	55
50.1225	55
50.1231	55
50.3039	55
50.3039	55
50.3039	55
50.304	55
50.3041	55
50.3042	55
50.3042	55
50.3042	55
50.5555	55
50.5555	55
50.5555	55
50.5556	55
50.5556	55
50.5557	55
50.556	55
50.5589	55
50.5967	55
50.5967	55
50.5967	55
50.5968	55
50.5968	55
50.5971	55
50.5974	55
50.9372	55
50.9372	55
50.9372	55
50.9373	55
50.9374	55
50.9377	55
50.9377	55
50.9383	55
52.5844	55
52.5845	55
52.5845	55
52.5845	55
52.5845	55
52.5846	55
52.5847	55
54.2215	55
54.2215	55
54.2215	55
54.2217	55
54.2217	55
54.222	55
54.8898	55
54.8898	55
54.8898	55
54.8899	55
54.89	55
54.8903	55
54.8906	55
55.1911	55
55.1911	55
55.1912	55
55.1912	55
55.1913	55
55.1915	55
55.1921	55
55.2555	55
55.2555	55
55.2555	55
55.2555	55
55.2556	55
55.2559	55
55.2567	55
56.4146	55
56.4146	55
56.4148	55
56.4148	55
56.4149	55
56.4153	55
56.4155	55
56.4158	55
57.6284	55
57.6284	55
57.6284	55
57.6284	55
57.6285	55
57.6286	55
57.6286	55
57.6288	55
59.2781	55
59.2781	55
59.2781	55
59.2781	55
59.2782	55
59.2783	55
59.2784	55
60.4761	55
60.4761	55
60.4761	55
60.4761	55
60.4762	55
60.4762	55
60.4764	55
60.8781	55
60.8782	55
60.8782	55
60.8782	55
60.8782	55
60.8784	55
60.8787	55
60.8794	55
60.9235	55
60.9235	55
60.9235	55
60.9235	55
60.9238	55
60.9238	55
61.07	55
61.07	55
61.07	55
61.0701	55
61.0701	55
61.0702	55
61.0703	55
61.0715	55
62.9773	55
62.9774	55
62.9774	55
62.9775	55
62.9776	55
62.9778	55
63.1496	55
63.1496	55
63.1497	55
63.1497	55
63.1497	55
63.1498	55
63.1499	55
63.1511	55
63.7739	55
63.7739	55
63.7739	55
63.774	55
63.7741	55
63.7742	55
63.7743	55
63.7745	55
63.7751	55
64.7025	55
64.7025	55
64.7025	55
64.7026	55
64.7028	55
64.7032	55
64.704	55
65.5318	55
65.5318	55
65.5318	55
65.5318	55
65.5319	55
65.5321	55
65.5321	55
65.5697	55
65.5698	55
65.5698	55
65.5699	55
65.5699	55
65.6311	55
65.6311	55
65.6311	55
65.6312	55
65.6313	55
65.6322	55
65.6323	55
66.4079	55
66.4079	55
66.4079	55
66.408	55
66.4081	55
66.4081	55
66.4083	55
66.4084	55
66.617	55
66.6171	55
66.6171	55
66.6172	55
66.6174	55
66.6176	55
68.8573	55
68.8574	55
68.8574	55
68.8574	55
68.8574	55
68.8575	55
68.8576	55
68.8595	55
68.8596	55
68.8597	55
68.8627	55
69.3379	55
69.3379	55
69.338	55
69.338	55
69.338	55
69.3381	55
69.3383	55
69.3388	55
69.5203	55
69.5204	55
69.5204	55
69.5204	55
69.5207	55
69.5209	55
69.5211	55
69.5213	55
70.5609	55
70.5609	55
70.561	55
70.561	55
70.561	55
70.5615	55
70.5616	55
70.7419	55
70.7419	55
70.7419	55
70.7419	55
70.7421	55
70.7423	55
70.7433	55
71.1934	55
71.1934	55
71.1935	55
71.1935	55
71.1936	55
71.1946	55
71.1949	55
71.9658	55
71.9658	55
71.9659	55
71.9659	55
71.966	55
71.9664	55
71.9665	55
72.7752	55
72.7752	55
72.7752	55
72.7753	55
72.7753	55
72.7753	55
72.7758	55
73.6287	55
73.6287	55
73.6288	55
73.6288	55
73.6288	55
73.6289	55
73.6293	55
74.2874	55
74.2874	55
74.2874	55
74.2874	55
74.2874	55
74.2875	55
74.2878	55
74.2879	55
74.2881	55
74.994	55
74.994	55
74.994	55
74.9941	55
74.9942	55
74.9943	55
74.9951	55
74.9961	55
75.4424	55
75.4424	55
75.4424	55
75.4424	55
75.4424	55
75.4425	55
75.4426	55
75.7962	55
75.7962	55
75.7963	55
75.7963	55
75.7963	55
75.7966	55
76.5496	55
76.5496	55
76.5496	55
76.5496	55
76.5496	55
76.5497	55
76.5499	55
76.5504	55
76.7482	55
76.7482	55
76.7482	55
76.7482	55
76.7482	55
76.7485	55
76.7487	55
77.3949	55
77.3949	55
77.3949	55
77.395	55
77.395	55
77.3962	55
77.3966	55
78.9797	55
78.9797	55
78.9797	55
78.9798	55
78.9798	55
78.9799	55
78.98	55
79.9297	55
79.9297	55
79.9297	55
79.9297	55
79.9298	55
79.9298	55
79.9299	55
79.9302	55
80.369	55
80.369	55
80.369	55
80.369	55
80.3691	55
80.3692	55
80.3692	55
80.6913	55
80.6914	55
80.6914	55
80.6915	55
80.6916	55
80.6916	55
80.692	55
81.6868	55
81.6868	55
81.6868	55
81.6868	55
81.687	55
81.687	55
81.6875	55
82.8284	55
82.8284	55
82.8284	55
82.8284	55
82.8284	55
82.8285	55
82.8289	55
82.876	55
82.8761	55
82.8761	55
82.8761	55
82.8762	55
82.8762	55
83.0793	55
83.0793	55
83.0793	55
83.0794	55
83.0795	55
83.0795	55
83.0796	55
83.1184	55
83.1184	55
83.1185	55
83.1185	55
83.1186	55
83.1186	55
83.1188	55
83.1191	55
83.1192	55
84.2	55
84.2	55
84.2	55
84.2001	55
84.2001	55
84.2002	55
84.2015	55
84.7984	55
84.7984	55
84.7984	55
84.7985	55
84.7986	55
84.7986	55
86.1239	55
86.1239	55
86.1239	55
86.124	55
86.124	55
86.124	55
86.124	55
86.8449	55
86.8449	55
86.8449	55
86.845	55
86.845	55
86.8451	55
86.8451	55
86.846	55
86.8662	55
86.8663	55
87.733	55
87.733	55
87.7331	55
87.7331	55
87.7333	55
87.7339	55
87.8378	55
87.8378	55
87.8378	55
87.8378	55
87.8379	55
87.8379	55
87.8386	55
87.8389	55
88.0583	55
88.0583	55
88.0583	55
88.0583	55
88.0584	55
88.0588	55
88.0591	55
90.1424	55
90.1424	55
90.1424	55
90.1424	55
90.1424	55
90.1425	55
90.1428	55
90.1438	55
90.2883	55
90.2883	55
90.2883	55
90.2884	55
90.2885	55
90.2885	55
90.2885	55
91.6843	55
91.6844	55
91.6844	55
91.6844	55
91.6844	55
91.6846	55
91.6849	55
91.8364	55
91.8364	55
91.8365	55
91.8365	55
91.8366	55
91.8369	55
92.1354	55
92.1355	55
92.1356	55
92.1356	55
92.1358	55
92.1359	55
92.1362	55
92.1363	55
92.1365	55
92.3383	55
92.3384	55
92.3385	55
92.3385	55
92.3386	55
92.3386	55
92.3386	55
92.3386	55
92.3399	55
93.1133	55
93.1133	55
93.1134	55
93.1134	55
93.1135	55
93.1135	55
93.1137	55
95.0789	55
95.0789	55
95.0789	55
95.079	55
95.0791	55
95.0791	55
95.0803	55
95.6293	55
95.6293	55
95.6293	55
95.6294	55
95.6294	55
95.6295	55
95.6303	55
95.6541	55
95.6542	55
95.6549	55
96.6629	55
96.663	55
96.663	55
96.6631	55
96.6631	55
96.6632	55
98.2608	55
98.2608	55
98.2608	55
98.2608	55
98.2608	55
98.2608	55
98.2609	55
98.2612	55
99.0569	55
99.0569	55
99.057	55
99.0571	55
99.0571	55
99.0579	55
99.0583	55
99.0584	55
99.0588	55
99.2359	55
99.2359	55
99.2359	55
99.236	55
99.2361	55
99.2361	55
