6.93614e-12	0
5.10589e-11	1
9.40381e-11	2
1.3945e-10	3
1.86616e-10	4
1.99734e-10	5
3.41971e-10	6
4.91486e-10	7
6.58865e-10	8
7.12806e-10	9
8.22154e-10	10
8.30843e-10	11
8.92908e-10	12
9.50571e-10	13
1.0208e-09	14
1.14633e-09	15
1.18498e-09	16
1.21856e-09	17
1.23346e-09	18
1.26357e-09	19
1.37062e-09	20
1.55573e-09	21
1.80638e-09	22
1.86307e-09	23
1.99236e-09	24
2.19526e-09	25
2.51659e-09	26
3.10949e-09	27
3.23001e-09	28
3.24132e-09	29
3.24994e-09	30
3.28943e-09	31
3.76889e-09	32
4.3462e-09	33
4.44849e-09	34
4.46298e-09	35
4.54601e-09	36
4.65974e-09	37
4.70961e-09	38
5.2847e-09	38
5.62441e-09	39
5.63354e-09	40
6.1461e-09	41
6.94134e-09	42
7.00072e-09	42
7.18118e-09	43
8.80309e-09	44
9.06312e-09	45
9.64555e-09	46
1.18785e-08	47
1.27954e-08	48
1.29917e-08	49
1.58707e-08	49
1.64677e-08	50
1.65506e-08	51
1.92084e-08	51
2.08046e-08	51
2.59312e-08	51
2.6435e-08	51
3.00466e-08	51
3.28715e-08	51
3.55256e-08	51
3.92783e-08	51
4.1569e-08	51
4.47e-08	51
5.95901e-08	51
8.45454e-08	51
8.92281e-08	51
8.93046e-08	51
9.45808e-08	51
9.7214e-08	51
9.88034e-08	51
9.981e-08	51
1.01903e-07	51
1.02593e-07	51
1.02628e-07	51
1.07181e-07	51
1.12914e-07	51
1.13223e-07	51
1.13607e-07	51
1.13948e-07	51
1.14485e-07	51
1.16198e-07	51
1.18152e-07	51
1.22973e-07	51
1.33486e-07	51
1.38499e-07	51
1.39725e-07	51
1.42126e-07	51
1.53704e-07	51
1.60448e-07	51
1.63386e-07	51
1.64074e-07	51
1.68567e-07	51
1.69717e-07	51
1.81731e-07	51
1.82392e-07	51
1.87227e-07	51
1.87368e-07	51
2.05399e-07	51
2.0985e-07	51
2.10711e-07	51
2.12271e-07	51
2.17811e-07	51
2.22946e-07	51
2.27733e-07	51
2.30029e-07	51
2.3214e-07	51
2.34479e-07	51
2.3595e-07	51
2.53065e-07	51
2.53538e-07	51
2.64612e-07	51
2.67223e-07	51
2.81535e-07	51
2.82066e-07	51
2.86216e-07	51
2.95735e-07	51
2.96247e-07	51
2.9634e-07	51
3.00665e-07	51
3.04685e-07	51
3.05005e-07	51
3.07216e-07	51
3.09449e-07	51
3.24088e-07	51
3.25822e-07	51
3.29263e-07	51
3.371e-07	51
3.37789e-07	51
3.4516e-07	51
3.52014e-07	51
3.60326e-07	51
3.71343e-07	51
3.72626e-07	51
3.73989e-07	51
3.78967e-07	51
3.79392e-07	51
3.86944e-07	51
3.95838e-07	51
3.979e-07	51
3.99521e-07	51
4.0048e-07	51
4.0146e-07	51
4.13866e-07	51
4.16143e-07	51
4.16286e-07	51
4.18418e-07	51
4.29127e-07	51
4.34846e-07	51
4.43176e-07	51
4.45353e-07	51
4.50023e-07	51
4.51555e-07	51
4.557e-07	51
4.61414e-07	51
4.65154e-07	51
4.72404e-07	51
4.86434e-07	51
4.97478e-07	51
4.98808e-07	51
5.07606e-07	51
5.11467e-07	51
5.14076e-07	51
5.26957e-07	51
5.26988e-07	51
5.37088e-07	51
5.37556e-07	51
5.44247e-07	51
5.46777e-07	51
5.48496e-07	51
5.50799e-07	51
5.53574e-07	51
5.60348e-07	51
5.626e-07	51
5.63275e-07	51
5.66441e-07	51
5.94382e-07	51
6.03937e-07	51
6.09534e-07	51
6.09855e-07	51
6.15349e-07	51
6.41249e-07	51
6.43086e-07	51
6.46108e-07	51
6.46125e-07	51
6.48865e-07	51
6.51654e-07	51
6.57537e-07	51
6.61275e-07	51
6.62784e-07	51
6.69967e-07	51
6.76978e-07	51
6.84121e-07	51
6.96528e-07	51
6.96893e-07	51
7.03379e-07	51
7.18422e-07	51
7.35227e-07	51
7.36663e-07	51
7.51246e-07	51
7.55811e-07	51
7.57229e-07	51
7.66855e-07	51
7.72798e-07	51
7.80629e-07	51
7.87506e-07	51
7.9138e-07	51
8.01567e-07	51
8.13289e-07	51
8.18983e-07	51
8.21253e-07	51
8.22307e-07	51
8.32334e-07	51
8.35937e-07	51
8.36397e-07	51
8.56957e-07	51
8.70971e-07	51
8.73243e-07	51
8.79948e-07	51
8.80645e-07	51
8.85651e-07	51
8.88782e-07	51
8.95145e-07	51
8.98828e-07	51
9.01224e-07	51
9.02888e-07	51
9.07128e-07	51
9.08874e-07	51
9.16684e-07	51
9.27094e-07	51
9.31225e-07	51
9.34633e-07	51
9.34634e-07	51
9.41477e-07	51
9.46429e-07	51
9.49747e-07	51
9.58329e-07	51
9.62176e-07	51
9.64007e-07	51
9.79251e-07	51
9.82425e-07	51
1.0178e-06	51
1.01841e-06	51
1.01887e-06	51
1.02006e-06	51
1.03151e-06	51
1.03595e-06	51
1.03613e-06	51
1.04131e-06	51
1.06052e-06	51
1.06157e-06	51
1.08091e-06	51
1.0898e-06	51
1.09175e-06	51
1.09654e-06	51
1.10803e-06	51
1.11337e-06	51
1.13397e-06	51
1.13526e-06	51
1.14955e-06	51
1.18193e-06	51
1.18792e-06	51
1.19034e-06	51
1.2106e-06	51
1.22892e-06	51
1.23476e-06	51
1.24786e-06	51
1.24909e-06	51
1.26578e-06	51
1.26587e-06	51
1.28464e-06	51
1.2895e-06	51
1.29031e-06	51
1.29094e-06	51
1.2924e-06	51
1.2989e-06	51
1.30612e-06	51
1.31378e-06	51
1.31415e-06	51
1.3308e-06	51
1.33526e-06	51
1.34715e-06	51
1.3533e-06	51
1.35653e-06	51
1.36436e-06	51
1.37293e-06	51
1.37726e-06	51
1.38313e-06	51
1.38361e-06	51
1.39574e-06	51
1.41635e-06	51
1.41772e-06	51
1.42112e-06	51
1.44181e-06	51
1.44738e-06	51
1.46158e-06	51
1.46527e-06	51
1.46605e-06	51
1.47424e-06	51
1.50324e-06	51
1.51681e-06	51
1.5354e-06	51
1.55909e-06	51
1.56707e-06	51
1.57556e-06	51
1.59788e-06	51
1.59814e-06	51
1.60636e-06	51
1.62352e-06	51
1.63146e-06	51
1.63252e-06	51
1.63459e-06	51
1.66421e-06	51
1.68017e-06	51
1.68079e-06	51
1.68815e-06	51
1.69154e-06	51
1.70865e-06	51
1.70986e-06	51
1.73277e-06	51
1.73648e-06	51
1.77936e-06	51
1.78752e-06	51
1.81599e-06	51
1.82782e-06	51
1.87292e-06	51
1.87471e-06	51
1.88452e-06	51
1.90408e-06	51
1.90941e-06	51
1.94705e-06	51
1.9569e-06	51
1.95803e-06	51
1.96518e-06	51
1.99563e-06	51
2.02342e-06	51
2.02728e-06	51
2.05682e-06	51
2.05999e-06	51
2.06421e-06	51
2.0811e-06	51
2.09823e-06	51
2.1115e-06	51
2.12588e-06	51
2.13461e-06	51
2.14608e-06	51
2.17576e-06	51
2.17744e-06	51
2.18654e-06	51
2.21373e-06	51
2.23568e-06	51
2.24565e-06	51
2.2557e-06	51
2.26488e-06	51
2.27167e-06	51
2.35186e-06	51
2.35726e-06	51
2.35877e-06	51
2.3676e-06	51
2.37424e-06	51
2.37777e-06	51
2.39042e-06	51
2.39801e-06	51
2.41588e-06	51
2.4351e-06	51
2.48239e-06	51
2.49115e-06	51
2.55042e-06	51
2.55742e-06	51
2.57485e-06	51
2.6134e-06	51
2.63297e-06	51
2.64029e-06	51
2.64262e-06	51
2.65548e-06	51
2.66104e-06	51
2.68268e-06	51
2.72581e-06	51
2.75432e-06	51
2.80102e-06	51
2.85051e-06	51
2.87739e-06	51
2.87758e-06	51
2.90981e-06	51
2.95615e-06	51
2.98259e-06	51
2.98329e-06	51
3.0145e-06	51
3.14763e-06	51
3.18247e-06	51
3.23702e-06	51
3.25629e-06	51
3.2944e-06	51
3.33044e-06	51
3.33913e-06	51
3.3757e-06	51
3.38404e-06	51
3.39468e-06	51
3.42883e-06	51
3.43168e-06	51
3.43634e-06	51
3.48532e-06	51
3.48563e-06	51
3.49236e-06	51
3.55915e-06	51
3.56064e-06	51
3.59088e-06	51
3.62213e-06	51
3.62697e-06	51
3.71686e-06	51
3.79905e-06	51
3.8424e-06	51
3.84648e-06	51
3.85339e-06	51
3.88082e-06	51
3.95675e-06	51
4.10136e-06	51
4.13913e-06	51
4.14132e-06	51
4.22435e-06	51
4.23087e-06	51
4.23627e-06	51
4.32346e-06	51
4.32527e-06	51
4.37131e-06	51
4.37664e-06	51
4.42324e-06	51
4.44052e-06	51
4.51373e-06	51
4.5175e-06	51
4.58418e-06	51
4.59305e-06	51
4.6422e-06	51
4.66118e-06	51
4.71536e-06	51
4.7707e-06	51
4.85358e-06	51
4.87206e-06	51
4.91543e-06	51
4.93988e-06	51
4.97269e-06	51
4.99095e-06	51
5.03263e-06	51
5.0433e-06	51
5.06853e-06	51
5.14612e-06	51
5.25095e-06	51
5.33836e-06	51
5.36143e-06	51
5.37241e-06	51
5.37352e-06	51
5.48018e-06	51
5.49593e-06	51
5.54674e-06	51
5.58269e-06	51
5.68039e-06	51
5.8182e-06	51
5.83277e-06	51
5.83837e-06	51
6.0272e-06	51
6.05433e-06	51
6.05783e-06	51
6.18972e-06	51
6.20205e-06	51
6.25091e-06	51
6.33218e-06	51
6.45902e-06	51
6.50708e-06	51
6.58098e-06	51
6.58182e-06	51
6.62715e-06	51
6.65634e-06	51
6.94258e-06	51
6.94501e-06	51
6.99846e-06	51
7.20264e-06	51
7.23515e-06	51
7.27117e-06	51
7.34205e-06	51
7.39548e-06	51
7.41053e-06	51
7.45242e-06	51
7.57745e-06	51
7.59605e-06	51
7.80142e-06	51
7.8448e-06	51
7.86505e-06	51
7.89281e-06	51
7.9581e-06	51
8.00453e-06	51
8.06635e-06	51
8.098e-06	51
8.11314e-06	51
8.13967e-06	51
8.20415e-06	51
8.20536e-06	51
8.5951e-06	51
8.64947e-06	51
8.72063e-06	51
8.74559e-06	51
8.8138e-06	51
8.86601e-06	51
8.86971e-06	51
8.99037e-06	51
9.02493e-06	51
9.22522e-06	51
9.24291e-06	51
9.27008e-06	51
9.37458e-06	51
9.37567e-06	51
9.64136e-06	51
9.80457e-06	51
1.00792e-05	51
1.00997e-05	51
1.01096e-05	51
1.02339e-05	51
1.02911e-05	51
1.02949e-05	51
1.03312e-05	51
1.03438e-05	51
1.03469e-05	51
1.08359e-05	51
1.08608e-05	51
1.0912e-05	51
1.09228e-05	51
1.09448e-05	51
1.09904e-05	51
1.11583e-05	51
1.12102e-05	51
1.13664e-05	51
1.14447e-05	51
1.14865e-05	51
1.15786e-05	51
1.15991e-05	51
1.16464e-05	51
1.16979e-05	51
1.17353e-05	51
1.1753e-05	51
1.21358e-05	51
1.23112e-05	51
1.24339e-05	51
1.24749e-05	51
1.24923e-05	51
1.25028e-05	51
1.26155e-05	51
1.2636e-05	51
1.27042e-05	51
1.27096e-05	51
1.27137e-05	51
1.28892e-05	51
1.29457e-05	51
1.30281e-05	51
1.30599e-05	51
1.31566e-05	51
1.32212e-05	51
1.32314e-05	51
1.34065e-05	51
1.3589e-05	51
1.3773e-05	51
1.38645e-05	51
1.39123e-05	51
1.3927e-05	51
1.39656e-05	51
1.41582e-05	51
1.42128e-05	51
1.42287e-05	51
1.4235e-05	51
1.4248e-05	51
1.43978e-05	51
1.44281e-05	51
1.47371e-05	51
1.4861e-05	51
1.49115e-05	51
1.49312e-05	51
1.49662e-05	51
1.51835e-05	51
1.51998e-05	51
1.53343e-05	51
1.5525e-05	51
1.55564e-05	51
1.61425e-05	51
1.61545e-05	51
1.62542e-05	51
1.62786e-05	51
1.63093e-05	51
1.64387e-05	51
1.6721e-05	51
1.67599e-05	51
1.69255e-05	51
1.7021e-05	51
1.73523e-05	51
1.74293e-05	51
1.75677e-05	51
1.76129e-05	51
1.77468e-05	51
1.79604e-05	51
1.81169e-05	51
1.83699e-05	51
1.8446e-05	51
1.84595e-05	51
1.85413e-05	51
1.87472e-05	51
1.8949e-05	51
1.89624e-05	51
1.89705e-05	51
1.90788e-05	51
1.92905e-05	51
1.93244e-05	51
1.94445e-05	51
1.96151e-05	51
1.97376e-05	51
1.97757e-05	51
1.98769e-05	51
1.99458e-05	51
1.99616e-05	51
2.00006e-05	51
2.00019e-05	51
2.00125e-05	51
2.0095e-05	51
2.03268e-05	51
2.06107e-05	51
2.07718e-05	51
2.07918e-05	51
2.08595e-05	51
2.10349e-05	51
2.10625e-05	51
2.1133e-05	51
2.14315e-05	51
2.14703e-05	51
2.16968e-05	51
2.18055e-05	51
2.19429e-05	51
2.22718e-05	51
2.2286e-05	51
2.27844e-05	51
2.27961e-05	51
2.28232e-05	51
2.29222e-05	51
2.29344e-05	51
2.29398e-05	51
2.29864e-05	51
2.32087e-05	51
2.34752e-05	51
2.36555e-05	51
2.37204e-05	51
2.38253e-05	51
2.39997e-05	51
2.40917e-05	51
2.40922e-05	51
2.40975e-05	51
2.41257e-05	51
2.44761e-05	51
2.5029e-05	51
2.51271e-05	51
2.52325e-05	51
2.53015e-05	51
2.53577e-05	51
2.56067e-05	51
2.58807e-05	51
2.60769e-05	51
2.65712e-05	51
2.65746e-05	51
2.66555e-05	51
2.67075e-05	51
2.68552e-05	51
2.68677e-05	51
2.69896e-05	51
2.70483e-05	51
2.70535e-05	51
2.72174e-05	51
2.73448e-05	51
2.73824e-05	51
2.75682e-05	51
2.75722e-05	51
2.78009e-05	51
2.78553e-05	51
2.79723e-05	51
2.80324e-05	51
2.83229e-05	51
2.83238e-05	51
2.84575e-05	51
2.85607e-05	51
2.85945e-05	51
2.86786e-05	51
2.87943e-05	51
2.88284e-05	51
2.89088e-05	51
2.9185e-05	51
2.92288e-05	51
2.92357e-05	51
2.92404e-05	51
2.92513e-05	51
2.95031e-05	51
2.95864e-05	51
2.95961e-05	51
2.96419e-05	51
2.98314e-05	51
2.99775e-05	51
3.00402e-05	51
3.01625e-05	51
3.02883e-05	51
3.04237e-05	51
3.0532e-05	51
3.09569e-05	51
3.096e-05	51
3.12125e-05	51
3.14278e-05	51
3.146e-05	51
3.14877e-05	51
3.16244e-05	51
3.16714e-05	51
3.17024e-05	51
3.19003e-05	51
3.21502e-05	51
3.22133e-05	51
3.25658e-05	51
3.27628e-05	51
3.29963e-05	51
3.30327e-05	51
3.30351e-05	51
3.31846e-05	51
3.34719e-05	51
3.35108e-05	51
3.35508e-05	51
3.35555e-05	51
3.35587e-05	51
3.37299e-05	51
3.39385e-05	51
3.39827e-05	51
3.43029e-05	51
3.45266e-05	51
3.47186e-05	51
3.47415e-05	51
3.47839e-05	51
3.51304e-05	51
3.54356e-05	51
3.55087e-05	51
3.5512e-05	51
3.55528e-05	51
3.55537e-05	51
3.5846e-05	51
3.58617e-05	51
3.59219e-05	51
3.63471e-05	51
3.65984e-05	51
3.67978e-05	51
3.69149e-05	51
3.70075e-05	51
3.7219e-05	51
3.72209e-05	51
3.72265e-05	51
3.73166e-05	51
3.73338e-05	51
3.75413e-05	51
3.75773e-05	51
3.77844e-05	51
3.78296e-05	51
3.80268e-05	51
3.81005e-05	51
3.84298e-05	51
3.86254e-05	51
3.86385e-05	51
3.89867e-05	51
3.90018e-05	51
3.92195e-05	51
3.92464e-05	51
3.937e-05	51
3.93762e-05	51
3.94173e-05	51
3.94744e-05	51
3.95332e-05	51
3.96364e-05	51
3.9827e-05	51
3.99064e-05	51
3.99558e-05	51
4.00247e-05	51
4.02826e-05	51
4.03038e-05	51
4.05947e-05	51
4.06181e-05	51
4.06603e-05	51
4.0666e-05	51
4.07407e-05	51
4.09628e-05	51
4.11235e-05	51
4.11895e-05	51
4.1225e-05	51
4.13524e-05	51
4.15188e-05	51
4.16226e-05	51
4.17713e-05	51
4.1933e-05	51
4.21623e-05	51
4.25447e-05	51
4.30021e-05	51
4.32236e-05	51
4.34241e-05	51
4.35518e-05	51
4.41312e-05	51
4.42379e-05	51
4.43455e-05	51
4.48242e-05	51
4.48653e-05	51
4.49654e-05	51
4.50345e-05	51
4.51057e-05	51
4.51353e-05	51
4.51696e-05	51
4.53836e-05	51
4.5485e-05	51
4.55083e-05	51
4.5916e-05	51
4.61577e-05	51
4.63736e-05	51
4.66772e-05	51
4.6687e-05	51
4.67006e-05	51
4.67735e-05	51
4.68269e-05	51
4.69779e-05	51
4.71385e-05	51
4.72058e-05	51
4.73034e-05	51
4.73207e-05	51
4.73904e-05	51
4.74465e-05	51
4.74582e-05	51
4.7529e-05	51
4.77331e-05	51
4.77618e-05	51
4.77876e-05	51
4.79519e-05	51
4.84272e-05	51
4.87501e-05	51
4.87811e-05	51
4.89544e-05	51
4.94947e-05	51
4.95532e-05	51
4.97307e-05	51
4.97889e-05	51
5.01212e-05	51
5.05406e-05	51
5.06841e-05	51
5.0749e-05	51
5.08847e-05	51
5.09312e-05	51
5.13916e-05	51
5.16509e-05	51
5.16765e-05	51
5.17252e-05	51
5.17807e-05	51
5.17919e-05	51
5.20986e-05	51
5.21524e-05	51
5.21751e-05	51
5.23517e-05	51
5.23536e-05	51
5.25897e-05	51
5.27451e-05	51
5.30117e-05	51
5.30867e-05	51
5.31627e-05	51
5.31815e-05	51
5.32673e-05	51
5.33481e-05	51
5.3468e-05	51
5.35096e-05	51
5.35204e-05	51
5.35305e-05	51
5.37096e-05	51
5.38862e-05	51
5.3986e-05	51
5.4161e-05	51
5.42119e-05	51
5.4232e-05	51
5.42888e-05	51
5.43867e-05	51
5.43925e-05	51
5.44307e-05	51
5.456e-05	51
5.46426e-05	51
5.47408e-05	51
5.48314e-05	51
5.48497e-05	51
5.51691e-05	51
5.52815e-05	51
5.53472e-05	51
5.58896e-05	51
5.60287e-05	51
5.63075e-05	51
5.63882e-05	51
5.64718e-05	51
5.65185e-05	51
5.6848e-05	51
5.69469e-05	51
5.72095e-05	51
5.72725e-05	51
5.77486e-05	51
5.80689e-05	51
5.82102e-05	51
5.82299e-05	51
5.82659e-05	51
5.83361e-05	51
5.84478e-05	51
5.86082e-05	51
5.86891e-05	51
5.9405e-05	51
5.97391e-05	51
6.02454e-05	51
6.02934e-05	51
6.02936e-05	51
6.06281e-05	51
6.06654e-05	51
6.07907e-05	51
6.10143e-05	51
6.1337e-05	51
6.1477e-05	51
6.15807e-05	51
6.17137e-05	51
6.18546e-05	51
6.1868e-05	51
6.2223e-05	51
6.22739e-05	51
6.23532e-05	51
6.25853e-05	51
6.26532e-05	51
6.26698e-05	51
6.32685e-05	51
6.34669e-05	51
6.36472e-05	51
6.36919e-05	51
6.39896e-05	51
6.42366e-05	51
6.44748e-05	51
6.45461e-05	51
6.46212e-05	51
6.48447e-05	51
6.4849e-05	51
6.51904e-05	51
6.54763e-05	51
6.62375e-05	51
6.64089e-05	51
6.66809e-05	51
6.67774e-05	51
6.69492e-05	51
6.79471e-05	51
6.79997e-05	51
6.81991e-05	51
6.82793e-05	51
6.84828e-05	51
6.87609e-05	51
6.88109e-05	51
6.90917e-05	51
6.91188e-05	51
6.97493e-05	51
6.9819e-05	51
7.00389e-05	51
7.01145e-05	51
7.02147e-05	51
7.02277e-05	51
7.0671e-05	51
7.08043e-05	51
7.08516e-05	51
7.09015e-05	51
7.12851e-05	51
7.13133e-05	51
7.14266e-05	51
7.19131e-05	51
7.21367e-05	51
7.22359e-05	51
7.22723e-05	51
7.25921e-05	51
7.26736e-05	51
7.36919e-05	51
7.38252e-05	51
7.40884e-05	51
7.41465e-05	51
7.4516e-05	51
7.50347e-05	51
7.51292e-05	51
7.51337e-05	51
7.52042e-05	51
7.52714e-05	51
7.53695e-05	51
7.55567e-05	51
7.55676e-05	51
7.56688e-05	51
7.57387e-05	51
7.59739e-05	51
7.63007e-05	51
7.64669e-05	51
7.68298e-05	51
7.69061e-05	51
7.69313e-05	51
7.69967e-05	51
7.70509e-05	51
7.71163e-05	51
7.72226e-05	51
7.73921e-05	51
7.74026e-05	51
7.77428e-05	51
7.78318e-05	51
7.80041e-05	51
7.88241e-05	51
7.90332e-05	51
7.91451e-05	51
7.93952e-05	51
7.95733e-05	51
7.95889e-05	51
7.96691e-05	51
7.97274e-05	51
7.98094e-05	51
7.99194e-05	51
8.04526e-05	51
8.06703e-05	51
8.10797e-05	51
8.1276e-05	51
8.16234e-05	51
8.19236e-05	51
8.19713e-05	51
8.20371e-05	51
8.20687e-05	51
8.20783e-05	51
8.22569e-05	51
8.28838e-05	51
8.34341e-05	51
8.34475e-05	51
8.35447e-05	51
8.35868e-05	51
8.36128e-05	51
8.37046e-05	51
8.39633e-05	51
8.4093e-05	51
8.44271e-05	51
8.45295e-05	51
8.48462e-05	51
8.49956e-05	51
8.53237e-05	51
8.55189e-05	51
8.55381e-05	51
8.56676e-05	51
8.63123e-05	51
8.648e-05	51
8.66468e-05	51
8.77057e-05	51
8.77632e-05	51
8.813e-05	51
8.84301e-05	51
8.85227e-05	51
8.86529e-05	51
8.86675e-05	51
8.8741e-05	51
8.90326e-05	51
8.9297e-05	51
8.94002e-05	51
8.95819e-05	51
8.96973e-05	51
9.08918e-05	51
9.09519e-05	51
9.10203e-05	51
9.11134e-05	51
9.12828e-05	51
9.13189e-05	51
9.1542e-05	51
9.17483e-05	51
9.19666e-05	51
9.23451e-05	51
9.24771e-05	51
9.32101e-05	51
9.33236e-05	51
9.34019e-05	51
9.34983e-05	51
9.37296e-05	51
9.39127e-05	51
9.39501e-05	51
9.41029e-05	51
9.45851e-05	51
9.47258e-05	51
9.5574e-05	51
9.64237e-05	51
9.6453e-05	51
9.65683e-05	51
9.79734e-05	51
9.80817e-05	51
9.82943e-05	51
9.83666e-05	51
9.85238e-05	51
9.86346e-05	51
9.87991e-05	51
9.92e-05	51
9.92014e-05	51
0.000100104	51
0.000100836	51
0.000101087	51
0.000101215	51
0.000101219	51
0.000101246	51
0.000101289	51
0.000101813	51
0.000102466	51
0.000102643	51
0.000102977	51
0.0001035	51
0.000103726	51
0.000103969	51
0.000104631	51
0.000104942	51
0.000105125	51
0.000105177	51
0.000105198	51
0.000105221	51
0.000105591	51
0.000105868	51
0.000106282	51
0.000106751	51
0.000106927	51
0.000106935	51
0.00010703	51
0.000107224	51
0.000107639	51
0.000107734	51
0.000108284	51
0.000108404	51
0.000108439	51
0.000108669	51
0.000109243	51
0.00010955	51
0.000109651	51
0.000110202	51
0.000110266	51
0.000110291	51
0.000110575	51
0.000110601	51
0.000111557	51
0.000111603	51
0.000111676	51
0.000111712	51
0.000112038	51
0.000112234	51
0.000112277	51
0.000112619	51
0.00011271	51
0.000112847	51
0.000113195	51
0.000113659	51
0.000113678	51
0.000113753	51
0.000113909	51
0.000114006	51
0.000114252	51
0.000114448	51
0.00011473	51
0.000114791	51
0.000114976	51
0.000115537	51
0.000115713	51
0.000115898	51
0.00011596	51
0.00011674	51
0.000117561	51
0.000118455	51
0.000119344	51
0.000119397	51
0.000119561	51
0.000119636	51
0.000119898	51
0.000120451	51
0.000121596	51
0.000121899	51
0.000122196	51
0.00012228	51
0.000122455	51
0.000123156	51
0.000123161	51
0.000123409	51
0.000123588	51
0.000123837	51
0.000124136	51
0.000124741	51
0.000124944	51
0.000125253	51
0.000125618	51
0.000125752	51
0.000126162	51
0.000126592	51
0.000127481	51
0.000127536	51
0.000127588	51
0.000127811	51
0.000127821	51
0.000128066	51
0.000128596	51
0.000128795	51
0.000129218	51
0.000129482	51
0.000129567	51
0.000130204	51
0.000130943	51
0.000131227	51
0.000131745	51
0.000131856	51
0.000132547	51
0.000132723	51
0.000132795	51
0.000133211	51
0.000134195	51
0.000134536	51
0.000135829	51
0.00013639	51
0.0001367	51
0.000137212	51
0.000137269	51
0.000137309	51
0.00013751	51
0.000138109	51
0.000138785	51
0.000139033	51
0.000139451	51
0.000139631	51
0.000140251	51
0.000140903	51
0.000140962	51
0.000141008	51
0.000141305	51
0.000141398	51
0.000141674	51
0.00014214	51
0.000142496	51
0.000142502	51
0.000142587	51
0.000142941	51
0.000143276	51
0.000143454	51
0.00014417	51
0.000144453	51
0.000145061	51
0.000145122	51
0.000145147	51
0.000145592	51
0.000146254	51
0.000147205	51
0.000147273	51
0.000147601	51
0.000147799	51
0.000147812	51
0.000148725	51
0.00014876	51
0.000148852	51
0.000149073	51
0.000149119	51
0.000149231	51
0.000149409	51
0.000149603	51
0.000149663	51
0.000149688	51
0.000150048	51
0.000150134	51
0.000150243	51
0.000150301	51
0.000150323	51
0.000150372	51
0.000151014	51
0.000151191	51
0.000151695	51
0.000152396	51
0.000153865	51
0.00015392	51
0.000153924	51
0.000154246	51
0.000154281	51
0.000154403	51
0.000155645	51
0.000156886	51
0.000157265	51
0.000157405	51
0.000158143	51
0.000158249	51
0.000158366	51
0.000158376	51
0.000158949	51
0.000158993	51
0.00016016	51
0.000160653	51
0.000160867	51
0.000162434	51
0.000162858	51
0.000163495	51
0.000164174	51
0.000164517	51
0.000164856	51
0.000166664	51
0.000167145	51
0.000167209	51
0.000167635	51
0.000167925	51
0.000167976	51
0.000169456	51
0.000169624	51
0.000169696	51
0.000170227	51
0.000170633	51
0.000170885	51
0.000171028	51
0.000171585	51
0.000171719	51
0.000172952	51
0.000173216	51
0.000173233	51
0.000173392	51
0.000173628	51
0.000173761	51
0.000174232	51
0.000174819	51
0.000175303	51
0.000175723	51
0.000175837	51
0.000176059	51
0.000176837	51
0.000178829	51
0.000179339	51
0.000180036	51
0.000180706	51
0.00018083	51
0.000181132	51
0.000181785	51
0.000181796	51
0.000182803	51
0.000182898	51
0.000182962	51
0.000183158	51
0.00018346	51
0.000183796	51
0.000184917	51
0.000185733	51
0.000185782	51
0.000186102	51
0.000188496	51
0.000190193	51
0.000190325	51
0.000190332	51
0.000191344	51
0.000191903	51
0.000191957	51
0.000192277	51
0.000192968	51
0.000193091	51
0.000193679	51
0.000193843	51
0.000195215	51
0.000195602	51
0.000195758	51
0.00019629	51
0.000196444	51
0.000196735	51
0.000197003	51
0.000197349	51
0.000197718	51
0.000197721	51
0.000198772	51
0.000198796	51
0.000198939	51
0.000199664	51
0.000200896	51
0.000201543	51
0.000202286	51
0.000202408	51
0.000202601	51
0.000203116	51
0.0002039	51
0.000204225	51
0.000204811	51
0.000205211	51
0.00020637	51
0.000206872	51
0.000208364	51
0.00020921	51
0.000210501	51
0.000211619	51
0.000211784	51
0.000211946	51
0.000212119	51
0.000212893	51
0.00021437	51
0.000215409	51
0.000216135	51
0.000216568	51
0.000216591	51
0.000218269	51
0.000218739	51
0.000218744	51
0.000218846	51
0.000218925	51
0.000219042	51
0.000219241	51
0.000220328	51
0.000220343	51
0.000220911	51
0.000223879	51
0.000223915	51
0.000224711	51
0.000225093	51
0.000226057	51
0.00022653	51
0.000227405	51
0.000227473	51
0.000228016	51
0.000229133	51
0.000229889	51
0.000230041	51
0.000230103	51
0.000230354	51
0.000230659	51
0.000232568	51
0.000234479	51
0.000234698	51
0.000236514	51
0.000236548	51
0.000237803	51
0.000238026	51
0.00023815	51
0.000238626	51
0.000238927	51
0.000240192	51
0.000240417	51
0.000240833	51
0.000241734	51
0.000242148	51
0.000243843	51
0.000244181	51
0.000245045	51
0.000246212	51
0.000250454	51
0.000251016	51
0.000251036	51
0.000254048	51
0.0002557	51
0.000256896	51
0.000257349	51
0.00025757	51
0.000257674	51
0.000257854	51
0.000258434	51
0.000260257	51
0.000260458	51
0.000260922	51
0.000260997	51
0.000262795	51
0.000263144	51
0.000266057	51
0.00026959	51
0.000270974	51
0.000271387	51
0.000274507	51
0.00027534	51
0.000276254	51
0.000276421	51
0.000276498	51
0.000278126	51
0.000279539	51
0.000281535	51
0.0002816	51
0.000282811	51
0.000284745	51
0.000286758	51
0.000287743	51
0.000288063	51
0.000288301	51
0.000288599	51
0.000288604	51
0.000290344	51
0.000290505	51
0.000291339	51
0.000291857	51
0.000292049	51
0.00029392	51
0.000295255	51
0.000298281	51
0.000300531	51
0.000301269	51
0.000301286	51
0.000302233	51
0.000302983	51
0.000303655	51
0.000305957	51
0.000306484	51
0.000307912	51
0.000308302	51
0.000308625	51
0.000308755	51
0.000308808	51
0.000309194	51
0.000309522	51
0.000309928	51
0.000310471	51
0.000311823	51
0.00031248	51
0.000314016	51
0.000315063	51
0.000316167	51
0.000316531	51
0.00031689	51
0.000316896	51
0.000317143	51
0.000318712	51
0.000318758	51
0.000318977	51
0.00031961	51
0.000319683	51
0.000320311	51
0.000323276	51
0.000326619	51
0.000327207	51
0.000327848	51
0.000329386	51
0.00032965	51
0.000330049	51
0.000333564	51
0.000334017	51
0.000335075	51
0.000337597	51
0.000342119	51
0.000343441	51
0.000343523	51
0.000344548	51
0.000347989	51
0.000348187	51
0.000350409	51
0.000358407	51
0.00036069	51
0.000361974	51
0.000363914	51
0.00036513	51
0.0003652	51
0.000365542	51
0.000366311	51
0.000367626	51
0.000368238	51
0.000368759	51
0.000368786	51
0.000373917	51
0.000377988	51
0.000380835	51
0.000382673	51
0.000383258	51
0.000386502	51
0.000390654	51
0.00039149	51
0.000391512	51
0.000391681	51
0.000392627	51
0.000397333	51
0.000400363	51
0.000400405	51
0.000405861	51
0.000415849	51
0.000416194	51
0.000418388	51
0.000419746	51
0.000421725	51
0.000425109	51
0.000430309	51
0.000430463	51
0.000432277	51
0.000432459	51
0.000434181	51
0.000439973	51
0.000440151	51
0.000440637	51
0.000446002	51
0.000448151	51
0.000449619	51
0.000450716	51
0.00045109	51
0.000452046	51
0.000454277	51
0.000454916	51
0.000459082	51
0.000463635	51
0.000468588	51
0.000469869	51
0.000471541	51
0.000472329	51
0.000472919	51
0.000472956	51
0.000474024	51
0.000476446	51
0.000479064	51
0.000481422	51
0.000482217	51
0.000483782	51
0.000485567	51
0.000488296	51
0.000492427	51
0.000495754	51
0.000497521	51
0.000499404	51
0.000501767	51
0.000509195	51
0.000511665	51
0.000519155	51
0.000520346	51
0.000523892	51
0.000526349	51
0.000527571	51
0.000534484	51
0.000536127	51
0.000539823	51
0.000542614	51
0.000547117	51
0.000554774	51
0.000556548	51
0.000560349	51
0.000563703	51
0.000568171	51
0.00057529	51
0.000575584	51
0.000582814	51
0.000583388	51
0.000588716	51
0.000593467	51
0.000598381	51
0.000600027	51
0.0006048	51
0.000620611	51
0.000623939	51
0.000624703	51
0.000625634	51
0.000625796	51
0.000633562	51
0.000636679	51
0.000640516	51
0.000651549	51
0.000661031	51
0.000675833	51
0.000677234	51
0.000678088	51
0.000682847	51
0.000683362	51
0.000683525	51
0.000691507	51
0.000695599	51
0.000697821	51
0.000697863	51
0.000707728	51
0.000708812	51
0.000715188	51
0.000717969	51
0.000718986	51
0.000720542	51
0.00072785	51
0.000732786	51
0.000734542	51
0.000734596	51
0.000758347	51
0.000759106	51
0.000762025	51
0.000779712	51
0.000783217	51
0.000789216	51
0.000795149	51
0.000802911	51
0.000802928	51
0.000807302	51
0.000823966	51
0.000830242	51
0.000838294	51
0.000840722	51
0.00084137	51
0.000859284	51
0.000867913	51
0.000875047	51
0.000884378	51
0.000893835	51
0.000900163	51
0.00090283	51
0.000913858	51
0.000923185	51
0.000930282	51
0.000938226	51
0.000944001	51
0.000959652	51
0.000968756	51
0.000991743	51
0.000992013	51
0.000996243	51
0.000996413	51
0.000996658	51
0.0010092	51
0.00101378	51
0.00101729	51
0.00101933	51
0.00104045	51
0.00107057	51
0.00107092	51
0.00107547	51
0.00108677	51
0.00110443	51
0.00112121	51
0.00120125	51
0.00120289	51
0.00121256	51
0.00121751	51
0.00123509	51
0.00132882	51
0.00142808	51
0.00147444	51
0.00151094	51
0.00153351	51
0.00155993	51
0.00161881	51
0.00170216	51
0.00171935	51
0.00187044	51
0.00195148	51
0.00217537	51
0.00225338	51
0.00226458	51
0.00507622	51
0.0112313	51
0.0114544	51
0.0145266	51
0.0145267	51
0.0145267	51
0.0145267	51
0.0145268	51
0.0145268	51
0.0145269	51
0.0145269	51
0.014527	51
0.014527	51
0.0145271	51
0.0145272	51
0.0145273	51
0.0145273	51
0.0145273	51
0.0145276	51
0.0145276	51
0.0145279	51
0.0145284	51
0.0145285	51
0.0145285	51
0.0145286	51
0.0145287	51
0.0145287	51
0.0145291	51
0.0145295	51
0.0145302	51
0.0145303	51
0.0145304	51
0.0145308	51
0.0145309	51
0.0145311	51
0.0145314	51
0.0145318	51
0.0145319	51
0.014532	51
0.0145322	51
0.0145323	51
0.0145325	51
0.0145332	51
0.0145333	51
0.0145349	51
0.0145367	51
0.0145503	51
0.0292171	51
0.0292171	51
0.0292171	51
0.0292172	51
0.0292172	51
0.0292172	51
0.0292172	51
0.0292173	51
0.0292174	51
0.0292176	51
0.0292177	51
0.0292177	51
0.0292178	51
0.029218	51
0.029218	51
0.0292184	51
0.0292184	51
0.0292184	51
0.0292187	51
0.0292187	51
0.0292188	51
0.0292191	51
0.0292191	51
0.0292192	51
0.0292193	51
0.0292194	51
0.0292211	51
0.0292212	51
0.0292212	51
0.0292225	51
0.0292227	51
0.0292232	51
0.0292233	51
0.0292242	51
0.0292244	51
0.0292255	51
0.029226	51
0.0292265	51
0.0292272	51
0.0292282	51
0.0292307	51
0.0292313	51
0.0292318	51
0.0292351	51
0.0292451	51
0.0292459	51
0.0292463	51
0.0292557	51
0.0292567	51
0.0292571	51
0.0292599	51
0.0292606	51
0.0292645	51
0.0292646	51
0.029271	51
0.0292717	51
0.0292724	51
0.0292748	51
0.0292776	51
0.029278	51
0.0292886	51
0.0292892	51
0.029291	51
0.0292989	51
0.0293	51
0.0293083	51
0.029323	51
0.0293274	51
0.0293285	51
0.0293294	51
0.0293317	51
0.0293337	51
0.029336	51
0.029339	51
0.0293418	51
0.0293459	51
0.0293551	51
0.0293578	51
0.0293629	51
0.0293707	51
0.0293869	51
0.0293893	51
0.0293999	51
0.0294149	51
0.0294169	51
0.0294384	51
0.0294488	51
0.0294581	51
0.0294589	51
0.0294897	51
0.029499	51
0.0295024	51
0.0295106	51
0.0295229	51
0.029525	51
0.0295431	51
0.0295498	51
0.0295702	51
0.0295803	51
0.0296155	51
0.0296447	51
0.0296734	51
0.0297827	51
0.0298189	51
0.0298675	51
0.0298911	51
0.0298995	51
0.0299585	51
0.0300524	51
0.0300924	51
0.0300941	51
0.0307359	51
0.0425835	51
0.0425835	51
0.0425837	51
0.0425837	51
0.0425838	51
0.0425839	51
0.0425839	51
0.042584	51
0.042584	51
0.042584	51
0.042584	51
0.0425842	51
0.0425842	51
0.0425842	51
0.0425842	51
0.0425844	51
0.0425845	51
0.0425846	51
0.0425846	51
0.0425848	51
0.0425849	51
0.042585	51
0.042585	51
0.0425851	51
0.0425852	51
0.0425853	51
0.0425854	51
0.0425855	51
0.0425855	51
0.0425855	51
0.0425856	51
0.0425856	51
0.0425856	51
0.0425857	51
0.0425857	51
0.0425858	51
0.0425858	51
0.0425861	51
0.0425864	51
0.0425864	51
0.0425865	51
0.0425866	51
0.0425866	51
0.0425868	51
0.0425871	51
0.0425876	51
0.0425877	51
0.042588	51
0.042588	51
0.042588	51
0.0425884	51
0.0425885	51
0.0425886	51
0.042589	51
0.042589	51
0.0425892	51
0.0425898	51
0.04259	51
0.0425902	51
0.0425903	51
0.0425905	51
0.042591	51
0.042591	51
0.0425918	51
0.0425922	51
0.0425939	51
0.0428597	51
0.0545186	51
0.0545192	51
0.0545193	51
0.0545194	51
0.0545195	51
0.0545208	51
0.0545211	51
0.0545223	51
0.0545223	51
0.0545225	51
0.0545225	51
0.054523	51
0.0545231	51
0.0545253	51
0.0545278	51
0.0545314	51
0.0545388	51
0.0545643	51
0.0694007	51
0.0694007	51
0.0694014	51
0.0694021	51
0.0694026	51
0.0694031	51
0.0694033	51
0.0694037	51
0.0694078	51
0.0694082	51
0.0694151	51
0.06942	51
0.0694421	51
0.0694747	51
0.0694847	51
0.0694986	51
0.0696596	51
0.0699523	51
0.0699532	51
0.0700195	51
0.0704381	51
0.0761473	51
0.0761474	51
0.0761505	51
0.0761518	51
0.0761521	51
0.0761586	51
0.0761609	51
0.0761777	51
0.0762192	51
0.0776413	51
0.077759	51
0.0777592	51
0.0777602	51
0.0777602	51
0.0777603	51
0.0777604	51
0.0777612	51
0.0777616	51
0.077763	51
0.0777639	51
0.0777648	51
0.0777662	51
0.0777695	51
0.0784661	51
0.0784666	51
0.0784849	51
0.0993591	51
0.0993599	51
0.09936	51
0.0993604	51
0.0993605	51
0.0993618	51
0.0993628	51
0.0993662	51
0.099373	51
0.0993805	51
0.105727	51
0.10578	51
0.105877	51
0.118561	51
0.118561	51
0.118562	51
0.118562	51
0.118563	51
0.118565	51
0.118573	51
0.118578	51
0.128556	51
0.128557	51
0.128559	51
0.128561	51
0.128562	51
0.128563	51
0.128567	51
0.128576	51
0.128578	51
0.12911	51
0.129111	51
0.129227	51
0.134474	51
0.134487	51
0.134488	51
0.146747	51
0.146748	51
0.146749	51
0.146749	51
0.14675	51
0.146756	51
0.146757	51
0.146759	51
0.154642	51
0.154643	51
0.154647	51
0.154649	51
0.154662	51
0.154664	51
0.154664	51
0.177538	51
0.177538	51
0.177539	51
0.17754	51
0.177543	51
0.177545	51
0.177551	51
0.177557	51
0.177564	51
0.177991	51
0.177993	51
0.178042	51
0.197796	51
0.197797	51
0.197798	51
0.197802	51
0.197803	51
0.197818	51
0.197824	51
0.197879	51
0.204226	51
0.204226	51
0.204245	51
0.204257	51
0.20428	51
0.206759	51
0.214819	51
0.214825	51
0.214838	51
0.21533	51
0.226317	51
0.226319	51
0.226322	51
0.226326	51
0.226355	51
0.226452	51
0.237777	51
0.237793	51
0.238194	51
0.238197	51
0.238201	51
0.238201	51
0.238205	51
0.238211	51
0.238242	51
0.243956	51
0.244744	51
0.245013	51
0.253082	51
0.253085	51
0.253085	51
0.253086	51
0.253092	51
0.2531	51
0.25438	51
0.255742	51
0.255746	51
0.255747	51
0.255748	51
0.275442	51
0.275442	51
0.275442	51
0.275443	51
0.275443	51
0.275451	51
0.275452	51
0.275505	51
0.288543	51
0.288545	51
0.288547	51
0.28857	51
0.28859	51
0.320261	51
0.320261	51
0.320263	51
0.320263	51
0.320264	51
0.320264	51
0.320304	51
0.320804	51
0.321102	51
0.321152	51
0.321153	51
0.321153	51
0.321247	51
0.327146	51
0.327147	51
0.327147	51
0.327151	51
0.327168	51
0.328354	51
0.328354	51
0.328359	51
0.328367	51
0.328443	51
0.328952	51
0.328959	51
0.328983	51
0.330241	51
0.330426	51
0.330429	51
0.332463	51
0.351927	51
0.351928	51
0.35193	51
0.35193	51
0.351932	51
0.351933	51
0.351934	51
0.352605	51
0.35261	51
0.352613	51
0.352614	51
0.352616	51
0.352619	51
0.352772	51
0.356625	51
0.356641	51
0.356674	51
0.362937	51
0.362942	51
0.363088	51
0.363099	51
0.372795	51
0.372801	51
0.372806	51
0.372809	51
0.372904	51
0.379231	51
0.379241	51
0.379294	51
0.38027	51
0.380273	51
0.380277	51
0.380283	51
0.380299	51
0.381517	51
0.381519	51
0.381661	51
0.384153	51
0.384155	51
0.384176	51
0.384177	51
0.392791	51
0.392811	51
0.392856	51
0.39732	51
0.397321	51
0.397327	51
0.397343	51
0.397583	51
0.399489	51
0.399489	51
0.399493	51
0.401557	51
0.401559	51
0.401607	51
0.415681	51
0.415684	51
0.415687	51
0.415694	51
0.445981	51
0.445983	51
0.445985	51
0.445987	51
0.44599	51
0.446028	51
0.461931	51
0.461932	51
0.461937	51
0.461951	51
0.464643	51
0.464646	51
0.464647	51
0.464687	51
0.48583	51
0.48583	51
0.485832	51
0.485833	51
0.485844	51
0.48586	51
0.487519	51
0.48752	51
0.487526	51
0.487629	51
0.487629	51
0.487661	51
0.487796	51
0.487797	51
0.487801	51
0.487805	51
0.487812	51
0.488059	51
0.500148	51
0.500151	51
0.500171	51
0.500395	51
0.500396	51
0.5004	51
0.507223	51
0.522871	51
0.522873	51
0.522875	51
0.522877	51
0.522885	51
0.533254	51
0.533258	51
0.533259	51
0.534216	51
0.534216	51
0.534221	51
0.534226	51
0.534267	51
0.54867	51
0.548672	51
0.548672	51
0.548678	51
0.548696	51
0.555314	51
0.555316	51
0.555316	51
0.562094	51
0.562095	51
0.562096	51
0.562102	51
0.562102	51
0.562999	51
0.563008	51
0.563011	51
0.575208	51
0.575225	51
0.577003	51
0.577014	51
0.577032	51
0.588929	51
0.588933	51
0.588933	51
0.588936	51
0.588939	51
0.597893	51
0.597893	51
0.597893	51
0.597894	51
0.597901	51
0.597924	51
0.638178	51
0.638179	51
0.638179	51
0.63818	51
0.638182	51
0.638183	51
0.638192	51
0.638228	51
0.657287	51
0.65729	51
0.657291	51
0.657293	51
0.657295	51
0.659955	51
0.659964	51
0.659966	51
0.659972	51
0.671017	51
0.671018	51
0.67102	51
0.67102	51
0.671021	51
0.671054	51
0.686206	51
0.686207	51
0.686215	51
0.686217	51
0.686221	51
0.686252	51
0.695924	51
0.695929	51
0.695935	51
0.698024	51
0.70448	51
0.704487	51
0.704493	51
0.7045	51
0.719609	51
0.719609	51
0.719611	51
0.719616	51
0.719618	51
0.719623	51
0.72516	51
0.725162	51
0.725169	51
0.72521	51
0.736962	51
0.736965	51
0.736983	51
0.750458	51
0.750458	51
0.750458	51
0.750458	51
0.75046	51
0.75047	51
0.750471	51
0.762215	51
0.762223	51
0.762244	51
0.772559	51
0.772561	51
0.772574	51
0.772596	51
0.77271	51
0.772717	51
0.772755	51
0.772909	51
0.772913	51
0.772927	51
0.772972	51
0.774411	51
0.774418	51
0.774426	51
0.774472	51
0.781581	51
0.781582	51
0.781594	51
0.781604	51
0.781611	51
0.791294	51
0.791298	51
0.791301	51
0.79131	51
0.801207	51
0.801208	51
0.801272	51
0.816178	51
0.816182	51
0.816183	51
0.816184	51
0.827462	51
0.827464	51
0.827467	51
0.827469	51
0.827475	51
0.827478	51
0.827712	51
0.829012	51
0.829013	51
0.829148	51
0.833169	51
0.83349	51
0.834559	51
0.844152	51
0.844154	51
0.844329	51
0.845341	51
0.845352	51
0.845479	51
0.867747	51
0.867749	51
0.867749	51
0.867759	51
0.86776	51
0.86776	51
0.867797	51
0.888065	51
0.888066	51
0.888068	51
0.888112	51
0.892592	51
0.892605	51
0.892611	51
0.894194	51
0.894197	51
0.894211	51
0.894306	51
0.899777	51
0.899779	51
0.899783	51
0.89979	51
0.899796	51
0.899838	51
0.907961	51
0.907963	51
0.907989	51
0.909305	51
0.909326	51
0.909332	51
0.913023	51
0.931415	51
0.931416	51
0.931416	51
0.931416	51
0.931419	51
0.931426	51
0.931591	51
0.935428	51
0.935435	51
0.935437	51
0.935459	51
0.939011	51
0.963647	51
0.963647	51
0.963649	51
0.963651	51
0.96366	51
0.964041	51
0.964045	51
0.964052	51
0.964055	51
0.964169	51
0.964602	51
0.964615	51
0.964621	51
0.964658	51
0.964659	51
0.964667	51
0.964825	51
0.974171	51
0.974172	51
0.974174	51
0.974217	51
0.978179	51
0.981707	51
0.981753	51
0.99095	51
0.990951	51
0.990958	51
0.990959	51
0.991385	51
0.997912	51
0.997914	51
0.997916	51
0.997921	51
0.997928	51
0.997944	51
0.99795	51
1.01096	51
1.01096	51
1.01096	51
1.01099	51
1.01379	51
1.01379	51
1.01382	51
1.02155	51
1.02155	51
1.02155	51
1.02159	51
1.02818	51
1.02818	51
1.02818	51
1.02887	51
1.02887	51
1.02905	51
1.03294	51
1.03295	51
1.04339	51
1.04339	51
1.04339	51
1.04339	51
1.0434	51
1.0434	51
1.04347	51
1.06709	51
1.06709	51
1.06709	51
1.0671	51
1.0671	51
1.06715	51
1.0712	51
1.07122	51
1.07122	51
1.07124	51
1.07127	51
1.09261	51
1.09261	51
1.09262	51
1.09262	51
1.09262	51
1.09263	51
1.09321	51
1.09321	51
1.09328	51
1.11908	51
1.11908	51
1.11908	51
1.11909	51
1.11932	51
1.14772	51
1.14773	51
1.14773	51
1.14781	51
1.14911	51
1.14911	51
1.14916	51
1.1555	51
1.18582	51
1.18582	51
1.18582	51
1.18582	51
1.18582	51
1.18583	51
1.18583	51
1.18584	51
1.18585	51
1.207	51
1.207	51
1.207	51
1.207	51
1.20701	51
1.20701	51
1.20708	51
1.21616	51
1.21617	51
1.21617	51
1.21641	51
1.21641	51
1.21642	51
1.21642	51
1.21661	51
1.21988	51
1.21988	51
1.21999	51
1.22861	51
1.22861	51
1.22917	51
1.24135	51
1.24806	51
1.24806	51
1.24807	51
1.26047	51
1.26047	51
1.26047	51
1.26047	51
1.26047	51
1.26048	51
1.26048	51
1.26048	51
1.26078	51
1.26079	51
1.26082	51
1.27359	51
1.27359	51
1.2736	51
1.2737	51
1.28182	51
1.28183	51
1.28749	51
1.28749	51
1.2875	51
1.28753	51
1.29148	51
1.30004	51
1.30004	51
1.30004	51
1.30004	51
1.30005	51
1.30005	51
1.30005	51
1.31117	51
1.31117	51
1.31118	51
1.31119	51
1.31355	51
1.34923	51
1.34923	51
1.34923	51
1.34923	51
1.34924	51
1.34924	51
1.34926	51
1.34933	51
1.35034	51
1.35035	51
1.35036	51
1.35037	51
1.36016	51
1.36016	51
1.36018	51
1.36035	51
1.3732	51
1.37321	51
1.37321	51
1.37333	51
1.37341	51
1.37358	51
1.37359	51
1.3736	51
1.3737	51
1.3972	51
1.3972	51
1.3972	51
1.39721	51
1.40118	51
1.40119	51
1.41063	51
1.41064	51
1.41065	51
1.423	51
1.423	51
1.423	51
1.42302	51
1.43071	51
1.43071	51
1.43071	51
1.433	51
1.433	51
1.43302	51
1.43596	51
1.43596	51
1.43596	51
1.44479	51
1.44479	51
1.44479	51
1.44479	51
1.44479	51
1.44494	51
1.44854	51
1.44857	51
1.4487	51
1.45254	51
1.45256	51
1.48195	51
1.48195	51
1.48195	51
1.48196	51
1.48196	51
1.48197	51
1.48843	51
1.48843	51
1.48844	51
1.50268	51
1.50269	51
1.50269	51
1.50269	51
1.50271	51
1.50424	51
1.50425	51
1.51089	51
1.51089	51
1.51091	51
1.51091	51
1.51903	51
1.51903	51
1.51903	51
1.51904	51
1.51905	51
1.53007	51
1.53008	51
1.53008	51
1.53008	51
1.53008	51
1.53008	51
1.53008	51
1.53012	51
1.5334	51
1.53341	51
1.53341	51
1.53358	51
1.53482	51
1.53482	51
1.53482	51
1.53493	51
1.54998	51
1.57014	51
1.57014	51
1.57014	51
1.57014	51
1.57014	51
1.57015	51
1.58414	51
1.58414	51
1.58414	51
1.58415	51
1.58998	51
1.58998	51
1.59806	51
1.59807	51
1.59807	51
1.59808	51
1.59808	51
1.59938	51
1.59938	51
1.59942	51
1.61591	51
1.61591	51
1.61591	51
1.61591	51
1.61591	51
1.61592	51
1.62065	51
1.62614	51
1.62614	51
1.62614	51
1.62614	51
1.62615	51
1.63259	51
1.63259	51
1.6326	51
1.6326	51
1.64075	51
1.64076	51
1.64076	51
1.65237	51
1.65237	51
1.65237	51
1.65238	51
1.65238	51
1.65646	51
1.65646	51
1.65646	51
1.65647	51
1.65656	51
1.66912	51
1.66912	51
1.66912	51
1.66919	51
1.67877	51
1.67878	51
1.67878	51
1.67878	51
1.67881	51
1.69069	51
1.69069	51
1.69069	51
1.6907	51
1.70251	51
1.70251	51
1.70252	51
1.7084	51
1.7084	51
1.7084	51
1.70841	51
1.70844	51
1.75045	51
1.75045	51
1.75045	51
1.75045	51
1.75046	51
1.75047	51
1.75047	51
1.75098	51
1.75479	51
1.7548	51
1.75481	51
1.75488	51
1.77672	51
1.77672	51
1.77674	51
1.77686	51
1.78567	51
1.78567	51
1.78568	51
1.78568	51
1.78614	51
1.79488	51
1.79488	51
1.79488	51
1.79488	51
1.79491	51
1.7964	51
1.79721	51
1.81193	51
1.81194	51
1.81194	51
1.81195	51
1.81195	51
1.81331	51
1.82932	51
1.82932	51
1.82932	51
1.82932	51
1.82932	51
1.82933	51
1.82933	51
1.82934	51
1.83172	51
1.83172	51
1.83175	51
1.83262	51
1.83758	51
1.83759	51
1.83759	51
1.83802	51
1.84219	51
1.84219	51
1.84219	51
1.84251	51
1.84999	51
1.8869	51
1.8869	51
1.8869	51
1.8869	51
1.8869	51
1.8869	51
1.8869	51
1.8874	51
1.88869	51
1.88869	51
1.8887	51
1.8887	51
1.88972	51
1.89521	51
1.89526	51
1.90168	51
1.90169	51
1.90171	51
1.9166	51
1.9166	51
1.9166	51
1.91661	51
1.91661	51
1.91661	51
1.91661	51
1.91663	51
1.94306	51
1.94306	51
1.99869	51
1.99869	51
1.99869	51
1.99869	51
1.9987	51
1.9987	51
1.99874	51
2.01084	51
2.01086	51
2.01123	51
2.01123	51
2.01123	51
2.01128	51
2.02638	51
2.02638	51
2.02638	51
2.02639	51
2.0264	51
2.02645	51
2.03	51
2.03	51
2.03	51
2.03509	51
2.03509	51
2.03509	51
2.0351	51
2.04069	51
2.04072	51
2.0451	51
2.0451	51
2.0451	51
2.04511	51
2.04511	51
2.04511	51
2.05049	51
2.05049	51
2.05049	51
2.05049	51
2.05049	51
2.05051	51
2.06147	51
2.06292	51
2.0878	51
2.0878	51
2.0878	51
2.0878	51
2.0878	51
2.0878	51
2.08781	51
2.08781	51
2.08783	51
2.08988	51
2.08988	51
2.0899	51
2.0899	51
2.0899	51
2.08998	51
2.08998	51
2.08998	51
2.08999	51
2.10779	51
2.10779	51
2.10779	51
2.1078	51
2.1078	51
2.1078	51
2.10865	51
2.10866	51
2.10867	51
2.12292	51
2.12292	51
2.12293	51
2.12293	51
2.124	51
2.124	51
2.12402	51
2.14647	51
2.14648	51
2.14648	51
2.14648	51
2.15685	51
2.15685	51
2.15685	51
2.15685	51
2.15685	51
2.15686	51
2.15686	51
2.15686	51
2.18047	51
2.18047	51
2.18047	51
2.18047	51
2.18048	51
2.1805	51
2.19117	51
2.19118	51
2.20406	51
2.20406	51
2.20406	51
2.20407	51
2.20409	51
2.20409	51
2.20526	51
2.20526	51
2.20526	51
2.20617	51
2.20618	51
2.20619	51
2.2062	51
2.21151	51
2.21151	51
2.21154	51
2.22146	51
2.22146	51
2.22146	51
2.22147	51
2.22147	51
2.24876	51
2.24876	51
2.24877	51
2.24877	51
2.24877	51
2.25929	51
2.25929	51
2.27753	51
2.27754	51
2.27755	51
2.28602	51
2.28602	51
2.28602	51
2.2861	51
2.30429	51
2.30429	51
2.30429	51
2.30429	51
2.30429	51
2.30434	51
2.32494	51
2.32495	51
2.32495	51
2.32496	51
2.32496	51
2.32497	51
2.32706	51
2.32706	51
2.34027	51
2.34027	51
2.34027	51
2.34027	51
2.34028	51
2.35628	51
2.35629	51
2.35823	51
2.37434	51
2.37435	51
2.37435	51
2.37436	51
2.37492	51
2.37493	51
2.37494	51
2.37549	51
2.37549	51
2.3874	51
2.3874	51
2.3874	51
2.3874	51
2.3874	51
2.39278	51
2.39278	51
2.39279	51
2.39279	51
2.3928	51
2.40413	51
2.40413	51
2.40413	51
2.40413	51
2.40413	51
2.40413	51
2.40414	51
2.40414	51
2.40415	51
2.40518	51
2.41239	51
2.41239	51
2.4124	51
2.4124	51
2.41241	51
2.41928	51
2.41928	51
2.41929	51
2.44599	51
2.44599	51
2.44599	51
2.446	51
2.446	51
2.45173	51
2.45173	51
2.45173	51
2.45174	51
2.45174	51
2.45174	51
2.45175	51
2.45681	51
2.46279	51
2.4628	51
2.46282	51
2.4715	51
2.47151	51
2.47157	51
2.47594	51
2.47596	51
2.47604	51
2.48628	51
2.48628	51
2.48628	51
2.48629	51
2.48647	51
2.48647	51
2.48651	51
2.50378	51
2.50378	51
2.50378	51
2.50379	51
2.5038	51
2.53637	51
2.53637	51
2.53637	51
2.53639	51
2.5364	51
2.55193	51
2.55193	51
2.55194	51
2.55194	51
2.55246	51
2.55247	51
2.55248	51
2.55248	51
2.55352	51
2.55352	51
2.55353	51
2.55354	51
2.57361	51
2.57361	51
2.57361	51
2.57361	51
2.57361	51
2.57361	51
2.57361	51
2.57362	51
2.5751	51
2.5751	51
2.57537	51
2.57749	51
2.57749	51
2.57749	51
2.57749	51
2.58633	51
2.58634	51
2.58635	51
2.58843	51
2.58843	51
2.58845	51
2.60612	51
2.60613	51
2.60613	51
2.61432	51
2.61435	51
2.61604	51
2.61604	51
2.61604	51
2.63086	51
2.63087	51
2.63087	51
2.63088	51
2.63097	51
2.6361	51
2.63705	51
2.63705	51
2.63705	51
2.63706	51
2.6389	51
2.6389	51
2.6389	51
2.6389	51
2.63891	51
2.63892	51
2.63986	51
2.63986	51
2.63986	51
2.63988	51
2.64297	51
2.64298	51
2.64566	51
2.64567	51
2.64567	51
2.6457	51
2.66186	51
2.66187	51
2.66187	51
2.66189	51
2.66189	51
2.66211	51
2.66462	51
2.66462	51
2.66463	51
2.66463	51
2.67016	51
2.67016	51
2.67017	51
2.68435	51
2.68436	51
2.68439	51
2.69429	51
2.69429	51
2.6943	51
2.69431	51
2.69432	51
2.69934	51
2.69934	51
2.69934	51
2.69935	51
2.72405	51
2.72405	51
2.72405	51
2.72406	51
2.72406	51
2.72406	51
2.7699	51
2.7699	51
2.7699	51
2.7699	51
2.7699	51
2.7699	51
2.76992	51
2.78485	51
2.78485	51
2.78485	51
2.78485	51
2.78486	51
2.78488	51
2.81136	51
2.81136	51
2.81136	51
2.81136	51
2.81136	51
2.82985	51
2.82985	51
2.82985	51
2.82986	51
2.82986	51
2.82986	51
2.82986	51
2.8368	51
2.86837	51
2.86837	51
2.86837	51
2.86837	51
2.86838	51
2.86838	51
2.87705	51
2.87705	51
2.87705	51
2.87705	51
2.87706	51
2.87707	51
2.88651	51
2.88652	51
2.88652	51
2.88652	51
2.88652	51
2.89304	51
2.89305	51
2.89305	51
2.89307	51
2.92658	51
2.92658	51
2.92658	51
2.9266	51
2.9266	51
2.9266	51
2.94276	51
2.94276	51
2.94277	51
2.94277	51
2.97192	51
2.97192	51
2.97192	51
2.97192	51
2.97192	51
2.97193	51
2.97194	51
3.00497	51
3.00497	51
3.00497	51
3.00498	51
3.00499	51
3.00499	51
3.01589	51
3.03977	51
3.03977	51
3.03977	51
3.03978	51
3.03978	51
3.03979	51
3.0398	51
3.0399	51
3.0399	51
3.03992	51
3.04556	51
3.04556	51
3.04562	51
3.06051	51
3.06051	51
3.06052	51
3.06052	51
3.06053	51
3.0655	51
3.0655	51
3.07846	51
3.07847	51
3.07848	51
3.07848	51
3.07849	51
3.10015	51
3.10015	51
3.10015	51
3.10015	51
3.10015	51
3.10016	51
3.10017	51
3.12879	51
3.12879	51
3.12879	51
3.1288	51
3.1288	51
3.1288	51
3.12882	51
3.13549	51
3.1355	51
3.13551	51
3.15714	51
3.15714	51
3.15714	51
3.15714	51
3.15714	51
3.15715	51
3.15716	51
3.16604	51
3.16606	51
3.17404	51
3.17404	51
3.17405	51
3.17405	51
3.17406	51
3.17408	51
3.19309	51
3.19309	51
3.1931	51
3.1931	51
3.1931	51
3.19466	51
3.19466	51
3.19468	51
3.1954	51
3.1954	51
3.19542	51
3.19688	51
3.20148	51
3.20148	51
3.2015	51
3.21469	51
3.21487	51
3.22041	51
3.22041	51
3.22042	51
3.22142	51
3.22143	51
3.22144	51
3.22369	51
3.22369	51
3.2237	51
3.2237	51
3.22372	51
3.22375	51
3.22966	51
3.22972	51
3.24177	51
3.24177	51
3.24178	51
3.24178	51
3.24183	51
3.24185	51
3.24864	51
3.24864	51
3.24864	51
3.26904	51
3.26904	51
3.26904	51
3.26904	51
3.26905	51
3.26909	51
3.27242	51
3.27242	51
3.27243	51
3.27243	51
3.27249	51
3.30063	51
3.30063	51
3.30063	51
3.30063	51
3.30064	51
3.31893	51
3.31894	51
3.31895	51
3.31895	51
3.31899	51
3.32198	51
3.32198	51
3.32199	51
3.36155	51
3.36155	51
3.36155	51
3.36156	51
3.36156	51
3.36156	51
3.36157	51
3.37358	51
3.37467	51
3.37468	51
3.37468	51
3.3747	51
3.39457	51
3.39457	51
3.39457	51
3.39464	51
3.40886	51
3.40886	51
3.40887	51
3.40887	51
3.40887	51
3.41085	51
3.41085	51
3.41085	51
3.43709	51
3.43709	51
3.43709	51
3.43709	51
3.4371	51
3.43711	51
3.43711	51
3.44344	51
3.44345	51
3.44345	51
3.44346	51
3.45846	51
3.45847	51
3.45848	51
3.45848	51
3.4688	51
3.46881	51
3.46881	51
3.4767	51
3.47671	51
3.47671	51
3.47673	51
3.49945	51
3.49946	51
3.49946	51
3.49946	51
3.49947	51
3.50418	51
3.50418	51
3.50418	51
3.50418	51
3.50419	51
3.50423	51
3.50437	51
3.507	51
3.507	51
3.50701	51
3.51655	51
3.51657	51
3.51657	51
3.52267	51
3.52267	51
3.52268	51
3.52786	51
3.52786	51
3.52787	51
3.52847	51
3.54668	51
3.54668	51
3.54669	51
3.5467	51
3.54671	51
3.54683	51
3.55151	51
3.55151	51
3.55151	51
3.55614	51
3.55617	51
3.55618	51
3.55625	51
3.55625	51
3.55626	51
3.55626	51
3.55627	51
3.57837	51
3.57838	51
3.57838	51
3.57839	51
3.57843	51
3.58155	51
3.58156	51
3.58157	51
3.58157	51
3.59484	51
3.59484	51
3.59484	51
3.59485	51
3.60554	51
3.60554	51
3.60554	51
3.60554	51
3.60555	51
3.60556	51
3.60576	51
3.61724	51
3.61724	51
3.61724	51
3.61725	51
3.61726	51
3.65508	51
3.65508	51
3.65509	51
3.6551	51
3.6551	51
3.65738	51
3.65738	51
3.65739	51
3.65745	51
3.68236	51
3.68237	51
3.68237	51
3.68238	51
3.68238	51
3.68238	51
3.68242	51
3.68286	51
3.68286	51
3.68286	51
3.68289	51
3.6874	51
3.68827	51
3.69015	51
3.69016	51
3.69017	51
3.6903	51
3.69579	51
3.69579	51
3.6958	51
3.69585	51
3.70158	51
3.70159	51
3.70159	51
3.70166	51
3.71235	51
3.71235	51
3.71235	51
3.71237	51
3.71238	51
3.73507	51
3.73507	51
3.73508	51
3.73508	51
3.74064	51
3.74065	51
3.74308	51
3.74308	51
3.74309	51
3.74311	51
3.76971	51
3.76971	51
3.76971	51
3.76972	51
3.76973	51
3.76975	51
3.77457	51
3.77457	51
3.77458	51
3.77461	51
3.8257	51
3.82571	51
3.82571	51
3.82571	51
3.82571	51
3.82571	51
3.82571	51
3.82572	51
3.82575	51
3.84257	51
3.84257	51
3.84257	51
3.84258	51
3.84259	51
3.8522	51
3.85221	51
3.85221	51
3.85221	51
3.85225	51
3.85408	51
3.85408	51
3.85409	51
3.85903	51
3.85942	51
3.86025	51
3.86025	51
3.86025	51
3.86026	51
3.86027	51
3.92034	51
3.92034	51
3.92034	51
3.92034	51
3.92035	51
3.92035	51
3.92036	51
3.92037	51
3.92852	51
3.92852	51
3.92853	51
3.92855	51
3.96351	51
3.96351	51
3.96351	51
3.96351	51
3.96351	51
3.96351	51
3.96351	51
3.96353	51
3.96798	51
3.96798	51
3.96799	51
3.98009	51
3.98011	51
3.98013	51
3.98849	51
3.98849	51
3.98849	51
3.98851	51
4.0033	51
4.00334	51
4.00403	51
4.01159	51
4.01159	51
4.0116	51
4.0116	51
4.01161	51
4.01162	51
4.01203	51
4.01203	51
4.01207	51
4.01303	51
4.03827	51
4.03827	51
4.03827	51
4.03827	51
4.03828	51
4.03828	51
4.03828	51
4.03832	51
4.04999	51
4.05	51
4.05004	51
4.05259	51
4.05259	51
4.0526	51
4.05302	51
4.05302	51
4.05303	51
4.05306	51
4.058	51
4.058	51
4.05801	51
4.05801	51
4.05802	51
4.07043	51
4.07043	51
4.07045	51
4.07046	51
4.1129	51
4.1129	51
4.1129	51
4.11291	51
4.11292	51
4.11293	51
4.11295	51
4.121	51
4.12683	51
4.12684	51
4.12685	51
4.13168	51
4.1317	51
4.13172	51
4.19199	51
4.19199	51
4.19199	51
4.19199	51
4.192	51
4.192	51
4.19211	51
4.1933	51
4.19331	51
4.19331	51
4.19336	51
4.19678	51
4.19681	51
4.19685	51
4.20069	51
4.2007	51
4.2007	51
4.20071	51
4.20078	51
4.20368	51
4.2037	51
4.2037	51
4.20389	51
4.20904	51
4.20904	51
4.20904	51
4.20905	51
4.21342	51
4.21342	51
4.21342	51
4.2135	51
4.22351	51
4.22351	51
4.22352	51
4.22356	51
4.23723	51
4.23723	51
4.23724	51
4.23724	51
4.23724	51
4.23724	51
4.23786	51
4.23786	51
4.23786	51
4.26371	51
4.26371	51
4.26372	51
4.26372	51
4.26373	51
4.26373	51
4.26374	51
4.26488	51
4.26488	51
4.26488	51
4.2649	51
4.27806	51
4.27806	51
4.27806	51
4.27806	51
4.28836	51
4.28837	51
4.28837	51
4.30049	51
4.30049	51
4.30049	51
4.30051	51
4.3179	51
4.3179	51
4.31791	51
4.31791	51
4.31791	51
4.31792	51
4.31793	51
4.34389	51
4.34389	51
4.3439	51
4.34391	51
4.34391	51
4.34391	51
4.34963	51
4.37356	51
4.37357	51
4.37357	51
4.37357	51
4.37358	51
4.3736	51
4.37363	51
4.38864	51
4.38865	51
4.38865	51
4.38865	51
4.38866	51
4.38866	51
4.40714	51
4.40714	51
4.40714	51
4.40714	51
4.40714	51
4.40714	51
4.40718	51
4.41409	51
4.41409	51
4.4141	51
4.41643	51
4.41647	51
4.443	51
4.44301	51
4.44303	51
4.44304	51
4.47678	51
4.47678	51
4.47678	51
4.47679	51
4.4768	51
4.47682	51
4.49506	51
4.49506	51
4.49507	51
4.49507	51
4.49507	51
4.49515	51
4.49648	51
4.49649	51
4.49651	51
4.49997	51
4.49998	51
4.49998	51
4.5069	51
4.50692	51
4.50692	51
4.53944	51
4.53944	51
4.53945	51
4.53945	51
4.53946	51
4.53947	51
4.53947	51
4.53948	51
4.56377	51
4.56377	51
4.56377	51
4.56381	51
4.56387	51
4.56506	51
4.56507	51
4.56507	51
4.56517	51
4.5674	51
4.56741	51
4.56745	51
4.56901	51
4.56903	51
4.56904	51
4.57204	51
4.5798	51
4.5798	51
4.5798	51
4.5798	51
4.5798	51
4.5798	51
4.57985	51
4.58036	51
4.58036	51
4.59384	51
4.59385	51
4.59386	51
4.61681	51
4.61681	51
4.61682	51
4.61682	51
4.61683	51
4.61685	51
4.61969	51
4.61969	51
4.61969	51
4.6197	51
4.61971	51
4.61971	51
4.62064	51
4.62065	51
4.62068	51
4.62682	51
4.62683	51
4.62683	51
4.62687	51
4.63586	51
4.63586	51
4.63589	51
4.63963	51
4.63963	51
4.63967	51
4.64518	51
4.64518	51
4.64518	51
4.64519	51
4.6702	51
4.6702	51
4.6702	51
4.6702	51
4.67021	51
4.67023	51
4.67029	51
4.69522	51
4.69522	51
4.69522	51
4.69523	51
4.69523	51
4.69525	51
4.69526	51
4.72029	51
4.7203	51
4.7203	51
4.7203	51
4.7203	51
4.72032	51
4.72035	51
4.72203	51
4.72203	51
4.72206	51
4.72209	51
4.72375	51
4.72375	51
4.72376	51
4.72376	51
4.74756	51
4.74757	51
4.74757	51
4.74758	51
4.74758	51
4.74759	51
4.768	51
4.76801	51
4.76801	51
4.76802	51
4.76809	51
4.76811	51
4.76812	51
4.76812	51
4.77819	51
4.77819	51
4.7782	51
4.7782	51
4.7782	51
4.79853	51
4.79853	51
4.79853	51
4.79854	51
4.79858	51
4.79858	51
4.80806	51
4.80806	51
4.80807	51
4.80807	51
4.8081	51
4.80905	51
4.80906	51
4.81362	51
4.81366	51
4.82879	51
4.8288	51
4.8288	51
4.8288	51
4.8288	51
4.82881	51
4.82881	51
4.82881	51
4.82888	51
4.84191	51
4.84191	51
4.84194	51
4.88494	51
4.88494	51
4.88495	51
4.88495	51
4.88498	51
4.88503	51
4.88506	51
4.89035	51
4.89848	51
4.8985	51
4.8985	51
4.8985	51
4.89854	51
4.91729	51
4.91729	51
4.9173	51
4.9173	51
4.9173	51
4.91737	51
4.94447	51
4.94448	51
4.94448	51
4.94449	51
4.94449	51
4.9445	51
4.9445	51
4.94665	51
4.94665	51
4.94666	51
4.9914	51
4.9914	51
4.9914	51
4.9914	51
4.99141	51
4.99141	51
4.99143	51
4.99213	51
4.99213	51
4.99213	51
4.99214	51
5.0004	51
5.0004	51
5.0004	51
5.0004	51
5.0004	51
5.00045	51
5.00384	51
5.00384	51
5.00391	51
5.01815	51
5.01815	51
5.01815	51
5.01816	51
5.0182	51
5.03818	51
5.03818	51
5.03818	51
5.03819	51
5.03822	51
5.03823	51
5.0438	51
5.04382	51
5.04383	51
5.07841	51
5.07841	51
5.07841	51
5.07841	51
5.07841	51
5.07847	51
5.07848	51
5.09996	51
5.09996	51
5.10003	51
5.10059	51
5.10059	51
5.1006	51
5.10224	51
5.10225	51
5.10225	51
5.10226	51
5.10232	51
5.10244	51
5.12651	51
5.12651	51
5.12651	51
5.12651	51
5.12651	51
5.12651	51
5.12652	51
5.13601	51
5.13601	51
5.13604	51
5.13605	51
5.15659	51
5.15661	51
5.15665	51
5.22497	51
5.22497	51
5.22497	51
5.22497	51
5.22498	51
5.22498	51
5.225	51
5.225	51
5.22503	51
5.25212	51
5.25214	51
5.25214	51
5.25214	51
5.25214	51
5.25214	51
5.25218	51
5.26201	51
5.26203	51
5.26205	51
5.27327	51
5.27327	51
5.27329	51
5.27333	51
5.28007	51
5.28007	51
5.28007	51
5.28008	51
5.28019	51
5.31947	51
5.31947	51
5.31948	51
5.31948	51
5.31949	51
5.31952	51
5.32466	51
5.32466	51
5.32467	51
5.32467	51
5.32468	51
5.32472	51
5.33935	51
5.33935	51
5.33936	51
5.3394	51
5.34204	51
5.34205	51
5.34206	51
5.37931	51
5.37931	51
5.37932	51
5.37932	51
5.37933	51
5.37938	51
5.38081	51
5.38084	51
5.38132	51
5.38612	51
5.38613	51
5.38613	51
5.38613	51
5.38618	51
5.3895	51
5.3895	51
5.38951	51
5.38959	51
5.4009	51
5.4009	51
5.40091	51
5.40091	51
5.40461	51
5.40462	51
5.40462	51
5.40463	51
5.4047	51
5.41427	51
5.41427	51
5.41427	51
5.41428	51
5.41433	51
5.41856	51
5.41857	51
5.41858	51
5.41862	51
5.42409	51
5.42409	51
5.42409	51
5.42415	51
5.43635	51
5.43636	51
5.43637	51
5.43874	51
5.43875	51
5.45643	51
5.45643	51
5.45643	51
5.45644	51
5.45644	51
5.45647	51
5.45651	51
5.46427	51
5.46427	51
5.46427	51
5.46427	51
5.46428	51
5.46428	51
5.4643	51
5.46431	51
5.46539	51
5.4654	51
5.46543	51
5.46606	51
5.46854	51
5.47447	51
5.47447	51
5.47447	51
5.47451	51
5.47524	51
5.47525	51
5.47525	51
5.4753	51
5.47563	51
5.47563	51
5.47563	51
5.47563	51
5.47733	51
5.47733	51
5.47736	51
5.48067	51
5.48067	51
5.48067	51
5.48075	51
5.50049	51
5.50049	51
5.5005	51
5.50051	51
5.50052	51
5.50248	51
5.50251	51
5.53604	51
5.53605	51
5.53606	51
5.53607	51
5.5361	51
5.53735	51
5.53736	51
5.53736	51
5.56321	51
5.56321	51
5.56322	51
5.56322	51
5.56322	51
5.56322	51
5.56323	51
5.56325	51
5.56736	51
5.56884	51
5.56884	51
5.56884	51
5.58359	51
5.58359	51
5.5836	51
5.5836	51
5.61127	51
5.61127	51
5.61128	51
5.61128	51
5.61128	51
5.61136	51
5.6114	51
5.63385	51
5.63386	51
5.63387	51
5.63388	51
5.63482	51
5.65191	51
5.65191	51
5.65192	51
5.65192	51
5.65192	51
5.65193	51
5.65193	51
5.65306	51
5.65312	51
5.67376	51
5.67384	51
5.67389	51
5.69032	51
5.69032	51
5.69032	51
5.69033	51
5.69033	51
5.69033	51
5.69041	51
5.69043	51
5.70151	51
5.70151	51
5.70152	51
5.70152	51
5.72311	51
5.72311	51
5.72311	51
5.72312	51
5.72312	51
5.72316	51
5.73689	51
5.7369	51
5.7369	51
5.7369	51
5.73692	51
5.76123	51
5.76124	51
5.76124	51
5.7613	51
5.76131	51
5.76134	51
5.77351	51
5.77351	51
5.77352	51
5.77361	51
5.77506	51
5.77507	51
5.77604	51
5.7925	51
5.79251	51
5.79253	51
5.8277	51
5.82771	51
5.82772	51
5.82773	51
5.82775	51
5.82776	51
5.84435	51
5.84435	51
5.84435	51
5.84436	51
5.84436	51
5.84975	51
5.84975	51
5.84976	51
5.84978	51
5.8843	51
5.8843	51
5.88431	51
5.88432	51
5.88432	51
5.88435	51
5.88448	51
5.91546	51
5.91546	51
5.91546	51
5.91546	51
5.91547	51
5.91552	51
5.91552	51
5.93243	51
5.93243	51
5.93244	51
5.93245	51
5.93246	51
5.9325	51
5.94708	51
5.94709	51
5.9471	51
5.94715	51
5.95142	51
5.95142	51
5.95143	51
5.95147	51
5.96181	51
5.96181	51
5.96182	51
5.96188	51
5.97083	51
5.97083	51
5.97084	51
5.97084	51
5.97085	51
5.97093	51
5.97096	51
5.97303	51
5.97305	51
5.97306	51
5.97674	51
5.97675	51
5.97679	51
6.01302	51
6.01303	51
6.01303	51
6.01303	51
6.01303	51
6.01304	51
6.0131	51
6.02767	51
6.02767	51
6.02768	51
6.02773	51
6.02839	51
6.0284	51
6.02841	51
6.03502	51
6.03502	51
6.03503	51
6.03506	51
6.0351	51
6.0941	51
6.09411	51
6.09411	51
6.09411	51
6.09411	51
6.09413	51
6.09423	51
6.10638	51
6.10638	51
6.10639	51
6.10641	51
6.12487	51
6.12487	51
6.12488	51
6.12493	51
6.12849	51
6.12849	51
6.12851	51
6.12852	51
6.13705	51
6.13705	51
6.13705	51
6.13705	51
6.13708	51
6.14643	51
6.14644	51
6.14648	51
6.1466	51
6.17481	51
6.17481	51
6.17481	51
6.17481	51
6.17484	51
6.17488	51
6.17489	51
6.1816	51
6.18161	51
6.18162	51
6.20867	51
6.20868	51
6.2087	51
6.20872	51
6.24783	51
6.24783	51
6.24783	51
6.24784	51
6.24785	51
6.24786	51
6.24788	51
6.26796	51
6.26797	51
6.26797	51
6.26798	51
6.26798	51
6.26799	51
6.26816	51
6.29558	51
6.29559	51
6.29559	51
6.29561	51
6.29561	51
6.30731	51
6.30731	51
6.30735	51
6.30735	51
6.30748	51
6.31719	51
6.31719	51
6.31721	51
6.31726	51
6.35886	51
6.35886	51
6.35886	51
6.35886	51
6.35887	51
6.35895	51
6.35908	51
6.3591	51
6.35911	51
6.35947	51
6.36196	51
6.36196	51
6.36197	51
6.36201	51
6.37598	51
6.37598	51
6.37599	51
6.376	51
6.40173	51
6.40173	51
6.40174	51
6.40175	51
6.40179	51
6.4021	51
6.42862	51
6.42862	51
6.42863	51
6.42863	51
6.42864	51
6.42864	51
6.43542	51
6.43543	51
6.4356	51
6.44534	51
6.44535	51
6.44535	51
6.4454	51
6.44541	51
6.49718	51
6.49719	51
6.49719	51
6.4972	51
6.4972	51
6.49724	51
6.49749	51
6.49972	51
6.49972	51
6.49979	51
6.51293	51
6.51293	51
6.51293	51
6.51295	51
6.51303	51
6.51308	51
6.52056	51
6.52057	51
6.52057	51
6.52058	51
6.52059	51
6.52062	51
6.53257	51
6.53257	51
6.53257	51
6.53268	51
6.58663	51
6.58663	51
6.58664	51
6.58664	51
6.58664	51
6.58665	51
6.58665	51
6.58671	51
6.58932	51
6.58932	51
6.58932	51
6.5895	51
6.59405	51
6.59405	51
6.59422	51
6.59614	51
6.59621	51
6.60678	51
6.60678	51
6.60678	51
6.60678	51
6.60691	51
6.60791	51
6.60793	51
6.60799	51
6.62292	51
6.62293	51
6.62296	51
6.62296	51
6.62803	51
6.62803	51
6.62803	51
6.62806	51
6.62816	51
6.62988	51
6.62988	51
6.62989	51
6.62996	51
6.6433	51
6.6433	51
6.64331	51
6.64333	51
6.64358	51
6.67243	51
6.67243	51
6.67245	51
6.67245	51
6.67246	51
6.67251	51
6.67251	51
6.67402	51
6.67402	51
6.67414	51
6.67827	51
6.67848	51
6.68309	51
6.68309	51
6.68312	51
6.68313	51
6.70681	51
6.70681	51
6.70681	51
6.70684	51
6.70692	51
6.70706	51
6.73389	51
6.73389	51
6.73389	51
6.73393	51
6.73394	51
6.74805	51
6.74805	51
6.74806	51
6.74806	51
6.74807	51
6.74815	51
6.75282	51
6.75283	51
6.75283	51
6.75284	51
6.75286	51
6.75311	51
6.75312	51
6.75312	51
6.75314	51
6.77584	51
6.77585	51
6.77586	51
6.7759	51
6.77607	51
6.78	51
6.78	51
6.78017	51
6.78148	51
6.7816	51
6.79353	51
6.79353	51
6.79353	51
6.79353	51
6.79355	51
6.79355	51
6.79377	51
6.80764	51
6.80764	51
6.80764	51
6.80766	51
6.80771	51
6.8078	51
6.82219	51
6.8222	51
6.82221	51
6.82224	51
6.82236	51
6.82526	51
6.82527	51
6.82533	51
6.82654	51
6.82655	51
6.82656	51
6.82659	51
6.84631	51
6.84632	51
6.84632	51
6.84635	51
6.84635	51
6.84644	51
6.87108	51
6.87108	51
6.8711	51
6.8711	51
6.87111	51
6.87113	51
6.87437	51
6.87438	51
6.87438	51
6.8744	51
6.90221	51
6.90221	51
6.90225	51
6.90229	51
6.9023	51
6.90234	51
6.94007	51
6.94008	51
6.94009	51
6.9401	51
6.94014	51
6.94015	51
6.94017	51
6.9803	51
6.98031	51
6.98032	51
6.98035	51
6.98041	51
6.98041	51
6.9805	51
7.00541	51
7.00541	51
7.00542	51
7.00543	51
7.00544	51
7.00549	51
7.00552	51
7.00806	51
7.00806	51
7.00806	51
7.00808	51
7.00818	51
7.04598	51
7.04598	51
7.04599	51
7.04601	51
7.04613	51
7.20704	51
7.20705	51
7.20705	51
7.20705	51
7.20706	51
7.20709	51
7.20715	51
7.20716	51
7.74774	51
7.74777	51
7.74778	51
7.74784	51
7.74791	51
7.748	51
7.804	51
7.804	51
7.80401	51
7.80402	51
7.80406	51
7.80408	51
7.80408	51
7.80415	51
7.80587	51
7.81406	51
7.81407	51
7.81407	51
7.81407	51
7.81418	51
7.83798	51
7.83799	51
7.83803	51
7.83805	51
7.83887	51
7.84168	51
7.84169	51
7.84169	51
7.84171	51
7.92012	51
7.92012	51
7.92013	51
7.92016	51
7.92017	51
7.92022	51
7.92023	51
7.92028	51
7.9341	51
7.93413	51
7.93415	51
7.93454	51
9.1799	51
9.1799	51
9.17991	51
9.17994	51
9.17998	51
9.18009	51
9.18069	51
9.18668	51
9.18668	51
9.18694	51
9.19943	51
9.19951	51
9.19953	51
9.19962	51
9.21344	51
9.21345	51
9.21345	51
9.21347	51
9.21349	51
9.21355	51
9.61762	51
9.61764	51
9.61765	51
9.61767	51
9.61771	51
9.61773	51
9.69704	51
9.69705	51
9.69705	51
9.69706	51
9.69706	51
9.69707	51
9.69709	51
9.6971	51
9.99515	51
9.99516	51
9.99517	51
9.99519	51
9.99522	51
9.99559	51
9.99571	51
9.99575	51
9.99578	51
10.0287	51
10.0287	51
10.0287	51
10.0288	51
10.0288	51
10.0288	51
10.0289	51
10.0339	51
10.0339	51
10.0339	51
10.034	51
10.0341	51
10.0548	51
10.0548	51
10.055	51
10.055	51
10.0753	51
10.0753	51
10.0753	51
10.0754	51
10.0755	51
10.0755	51
10.086	51
10.086	51
10.086	51
10.0861	51
10.1042	51
10.1042	51
10.1042	51
10.1042	51
10.1044	51
10.1131	51
10.1131	51
10.1132	51
10.1133	51
10.2079	51
10.208	51
10.208	51
10.208	51
10.2081	51
10.2082	51
10.2084	51
10.271	51
10.271	51
10.271	51
10.271	51
10.271	51
10.271	51
10.2714	51
10.4238	51
10.4238	51
10.4239	51
10.4239	51
10.4239	51
10.424	51
10.424	51
10.4413	51
10.473	51
10.473	51
10.473	51
10.473	51
10.473	51
10.473	51
10.4731	51
10.4737	51
10.4799	51
10.4799	51
10.4799	51
10.4801	51
10.5915	51
10.5915	51
10.5916	51
10.5917	51
10.5917	51
10.5919	51
10.5921	51
10.7223	51
10.7223	51
10.7223	51
10.7223	51
10.7223	51
10.7224	51
10.7226	51
11.1238	51
11.1238	51
11.1239	51
11.1239	51
11.1239	51
11.1241	51
11.3108	51
11.3108	51
11.3109	51
11.3109	51
11.311	51
11.311	51
11.312	51
11.4258	51
11.4258	51
11.4258	51
11.4259	51
11.4259	51
11.426	51
11.4261	51
11.4261	51
11.6387	51
11.6387	51
11.6388	51
11.6388	51
11.6388	51
11.6389	51
11.639	51
12.5505	51
12.5505	51
12.5505	51
12.5506	51
12.5506	51
12.5506	51
12.5516	51
12.5794	51
12.5794	51
12.5794	51
12.5794	51
12.5794	51
12.7262	51
12.7262	51
12.7262	51
12.7262	51
12.7263	51
12.7264	51
12.7265	51
12.7273	51
12.8094	51
12.8094	51
12.8095	51
12.8096	51
12.8096	51
12.81	51
12.8107	51
13.4207	51
13.4207	51
13.4207	51
13.4207	51
13.4208	51
13.421	51
13.9016	51
13.9016	51
13.9016	51
13.9017	51
13.9017	51
13.902	51
13.9022	51
15.7264	51
15.7264	51
15.7264	51
15.7266	51
15.7266	51
15.7275	51
15.7277	51
15.7283	51
16.6314	51
16.6314	51
16.6315	51
16.6315	51
16.6315	51
16.6316	51
16.6316	51
16.6317	51
16.6404	51
16.6695	51
16.6695	51
16.6695	51
16.6695	51
16.6695	51
16.6695	51
16.6698	51
16.8222	51
16.8222	51
16.8222	51
16.8222	51
16.8222	51
16.8225	51
16.8227	51
17.8567	51
17.8567	51
17.8567	51
17.8568	51
17.8568	51
17.857	51
17.8592	51
17.8733	51
17.9365	51
17.9365	51
17.9365	51
17.9365	51
17.9365	51
17.9365	51
17.9366	51
17.9366	51
17.9367	51
17.938	51
17.9555	51
17.9965	51
17.9966	51
17.9966	51
17.9966	51
17.9966	51
17.9966	51
17.9966	51
17.9969	51
18.0143	51
18.0143	51
18.0145	51
19.4478	51
19.4478	51
19.4478	51
19.4479	51
19.4479	51
19.4489	51
19.933	51
19.933	51
19.933	51
19.9331	51
19.9331	51
19.9331	51
19.9332	51
21.0756	51
21.0756	51
21.0756	51
21.0756	51
21.0758	51
21.0759	51
21.0759	51
21.0759	51
21.1792	51
21.1792	51
21.1792	51
21.1792	51
21.1793	51
21.1796	51
21.2281	51
21.2281	51
21.2281	51
21.2282	51
21.2283	51
21.2284	51
21.2286	51
21.2287	51
21.3251	51
21.3251	51
21.3251	51
21.3251	51
21.3251	51
21.3252	51
21.3256	51
21.3921	51
21.3921	51
21.3921	51
21.3921	51
21.3921	51
21.3922	51
21.3923	51
21.6306	51
21.6306	51
21.6306	51
21.6306	51
21.6307	51
21.6316	51
21.6513	51
22.3004	51
22.3004	51
22.3004	51
22.3004	51
22.3004	51
22.3004	51
22.3005	51
22.3008	51
22.3025	51
23.6556	51
23.6556	51
23.6556	51
23.6556	51
23.6557	51
23.6557	51
23.6558	51
24.1227	51
24.1227	51
24.1227	51
24.1227	51
24.1228	51
24.1231	51
24.1233	51
24.1655	51
24.1655	51
24.1655	51
24.1655	51
24.1656	51
24.1662	51
24.1664	51
24.18	51
24.18	51
24.1804	51
24.1806	51
24.5456	51
24.5457	51
24.5457	51
24.5457	51
24.5458	51
24.5458	51
24.5473	51
24.5473	51
24.6025	51
24.6025	51
24.6025	51
24.6025	51
24.6027	51
24.6028	51
24.6029	51
24.623	51
24.6232	51
24.6237	51
24.6247	51
24.625	51
25.5456	51
25.5456	51
25.5456	51
25.5456	51
25.5456	51
25.5458	51
25.546	51
25.6241	51
25.6241	51
25.6241	51
25.6241	51
25.6243	51
25.6243	51
25.6243	51
25.7423	51
25.7423	51
25.7423	51
25.7423	51
25.7424	51
25.7424	51
25.7425	51
25.8149	51
25.8149	51
25.8149	51
25.8149	51
25.8151	51
25.8151	51
25.8152	51
26.7718	51
26.7718	51
26.7718	51
26.7719	51
26.7719	51
26.772	51
26.7724	51
26.7725	51
27.1537	51
27.1538	51
27.1538	51
27.1539	51
27.154	51
27.1544	51
27.1557	51
27.341	51
27.341	51
27.3411	51
27.3411	51
27.3412	51
27.3416	51
27.3624	51
27.3624	51
27.3624	51
27.3624	51
27.3818	51
27.3818	51
27.3819	51
27.3819	51
27.3825	51
27.445	51
27.445	51
27.445	51
27.445	51
27.445	51
27.4451	51
27.4452	51
27.4454	51
27.4456	51
28.2303	51
28.2303	51
28.2303	51
28.2303	51
28.2304	51
28.2304	51
28.2314	51
28.2317	51
28.7491	51
28.7491	51
28.7491	51
28.7491	51
28.7492	51
28.7496	51
28.7502	51
29.1725	51
29.1725	51
29.1725	51
29.1725	51
29.1726	51
29.1727	51
29.173	51
30.3166	51
30.3166	51
30.3166	51
30.3167	51
30.3167	51
30.3168	51
30.3174	51
30.3183	51
30.383	51
30.3832	51
30.3832	51
30.3832	51
30.3833	51
30.3833	51
30.3837	51
30.7266	51
30.7267	51
30.7267	51
30.7267	51
30.7269	51
30.7269	51
31.179	51
31.179	51
31.179	51
31.179	51
31.1791	51
31.1791	51
31.1792	51
31.1792	51
32.0172	51
32.0172	51
32.0172	51
32.0173	51
32.0175	51
32.0176	51
32.0176	51
32.5285	51
32.5285	51
32.5285	51
32.5285	51
32.5285	51
32.5285	51
32.5288	51
33.105	51
33.1051	51
33.1051	51
33.1051	51
33.1053	51
33.1055	51
33.1058	51
33.7306	51
33.7306	51
33.7306	51
33.7308	51
33.731	51
33.7314	51
33.732	51
33.7703	51
33.7703	51
33.7704	51
33.7704	51
33.7704	51
33.7705	51
33.7705	51
35.7444	51
35.7444	51
35.7445	51
35.7445	51
35.7446	51
35.7446	51
35.7446	51
36.7869	51
36.7869	51
36.7869	51
36.7869	51
36.787	51
36.7871	51
36.7873	51
37.3218	51
37.3218	51
37.3218	51
37.3219	51
37.3219	51
37.3223	51
37.3223	51
37.5994	51
37.5994	51
37.5995	51
37.5995	51
37.5996	51
37.5996	51
37.6002	51
37.6007	51
37.6682	51
37.6682	51
37.6682	51
37.6682	51
37.6683	51
37.6685	51
37.6687	51
37.7846	51
37.7846	51
37.7846	51
37.7846	51
37.7847	51
37.7849	51
37.7854	51
37.7867	51
37.8877	51
37.8877	51
37.8878	51
37.8878	51
37.888	51
37.8881	51
37.8881	51
38.1425	51
38.1425	51
38.1426	51
38.1426	51
38.1426	51
38.1427	51
38.1431	51
38.5726	51
38.5726	51
38.5726	51
38.5726	51
38.5727	51
38.5729	51
39.368	51
39.368	51
39.368	51
39.3681	51
39.3681	51
39.3681	51
39.3683	51
39.3685	51
39.4439	51
39.4439	51
39.4439	51
39.4439	51
39.4439	51
39.4441	51
39.4445	51
40.3915	51
40.3915	51
40.3915	51
40.3915	51
40.3916	51
40.3919	51
42.2104	51
42.2104	51
42.2104	51
42.2104	51
42.2104	51
42.2105	51
42.2106	51
42.2112	51
42.2114	51
42.228	51
42.228	51
42.228	51
42.2956	51
42.2957	51
42.2957	51
42.2957	51
42.2958	51
42.2959	51
43.3055	51
43.3055	51
43.3055	51
43.3055	51
43.3056	51
43.3057	51
43.3058	51
43.3065	51
44.3503	51
44.3504	51
44.3504	51
44.3504	51
44.3505	51
44.351	51
45.1253	51
45.1253	51
45.1253	51
45.1255	51
45.1256	51
45.1257	51
45.126	51
45.2309	51
45.231	51
45.2311	51
45.2311	51
45.2311	51
45.2311	51
45.2313	51
45.2314	51
47.2526	51
47.2526	51
47.2527	51
47.2528	51
47.2528	51
47.2528	51
47.253	51
49.0126	51
49.0126	51
49.0126	51
49.0126	51
49.0126	51
49.0126	51
49.0128	51
49.0142	51
49.2199	51
49.2199	51
49.2199	51
49.2199	51
49.2201	51
49.2203	51
49.2204	51
50.4151	51
50.4151	51
50.4151	51
50.4151	51
50.4153	51
50.4153	51
50.4154	51
50.9596	51
50.9596	51
50.9596	51
50.9597	51
50.9597	51
50.9599	51
50.9599	51
51.7241	51
51.7241	51
51.7242	51
51.7243	51
51.7243	51
51.7243	51
51.7243	51
52.1274	51
52.1274	51
52.1275	51
52.1275	51
52.1276	51
52.1278	51
52.7534	51
52.7534	51
52.7534	51
52.7534	51
52.7535	51
52.7535	51
52.7536	51
52.7537	51
52.754	51
52.895	51
52.895	51
52.895	51
52.895	51
52.8951	51
52.8953	51
55.1404	51
55.1404	51
55.1405	51
55.1405	51
55.1405	51
55.1405	51
55.1419	51
55.7197	51
55.7197	51
55.7198	51
55.7198	51
55.7198	51
55.7201	51
55.7223	51
55.9327	51
55.9328	51
55.9328	51
55.9328	51
55.9329	51
55.9329	51
55.933	51
55.933	51
55.9331	51
56.3983	51
56.3983	51
56.3983	51
56.3984	51
56.3984	51
56.3984	51
56.399	51
56.6409	51
56.6409	51
56.6409	51
56.641	51
56.6411	51
56.6412	51
56.6412	51
56.6414	51
57.2035	51
57.2035	51
57.2036	51
57.2036	51
57.2036	51
57.2037	51
57.2038	51
58.4436	51
58.4436	51
58.4436	51
58.4437	51
58.4437	51
58.4439	51
58.5535	51
58.5536	51
58.5536	51
58.5536	51
58.5537	51
58.5537	51
58.5542	51
58.5543	51
58.5552	51
58.638	51
58.6381	51
58.6381	51
58.6381	51
58.6381	51
58.6383	51
58.6387	51
59.1793	51
59.1793	51
59.1793	51
59.1794	51
59.1794	51
59.1794	51
59.1795	51
62.6557	51
62.6557	51
62.6557	51
62.6557	51
62.6558	51
62.6561	51
62.8272	51
62.8273	51
62.8273	51
62.8273	51
62.8275	51
62.8275	51
62.8284	51
63.2754	51
63.2754	51
63.2754	51
63.2754	51
63.2754	51
63.2754	51
63.2756	51
63.2757	51
63.9128	51
63.9128	51
63.9128	51
63.9129	51
63.9129	51
63.9132	51
63.9135	51
64.5482	51
64.5482	51
64.5482	51
64.5482	51
64.5482	51
64.5485	51
64.5486	51
64.5497	51
65.9499	51
65.95	51
65.95	51
65.95	51
65.95	51
65.95	51
65.9503	51
66.619	51
66.619	51
66.619	51
66.6191	51
66.6193	51
66.6193	51
66.6195	51
66.8869	51
66.8869	51
66.8869	51
66.8869	51
66.8869	51
66.8874	51
66.8881	51
67.5045	51
67.5045	51
67.5045	51
67.5046	51
67.5046	51
67.5047	51
67.5047	51
67.851	51
67.851	51
67.851	51
67.851	51
67.8511	51
67.8512	51
67.8512	51
67.9629	51
67.9629	51
67.9629	51
67.963	51
67.963	51
67.963	51
67.9631	51
70.4248	51
70.4248	51
70.4249	51
70.4249	51
70.425	51
70.425	51
70.4252	51
70.4252	51
70.4505	51
70.4506	51
70.4508	51
70.4509	51
70.4509	51
71.2132	51
71.2132	51
71.2133	51
71.2134	51
71.2134	51
71.2137	51
71.214	51
72.3078	51
72.3078	51
72.3078	51
72.3079	51
72.3079	51
72.3079	51
72.3089	51
72.909	51
72.9091	51
72.9092	51
72.9092	51
72.9093	51
72.9101	51
73.2363	51
73.2363	51
73.2363	51
73.2364	51
73.2364	51
73.2365	51
73.2368	51
73.2378	51
74.0085	51
74.0085	51
74.0086	51
74.0086	51
74.0087	51
74.0087	51
74.0088	51
74.8584	51
74.8584	51
74.8584	51
74.8585	51
74.8585	51
74.8588	51
74.8591	51
74.9409	51
74.9409	51
74.9409	51
74.941	51
74.9411	51
74.9411	51
74.9411	51
75.0307	51
75.0307	51
75.0307	51
75.0308	51
75.0308	51
75.0311	51
75.0312	51
75.5359	51
75.536	51
75.536	51
75.536	51
75.536	51
75.5361	51
75.5366	51
75.6898	51
75.6898	51
75.6899	51
75.6899	51
75.6899	51
75.69	51
75.6903	51
78.0554	51
78.0554	51
78.0554	51
78.0555	51
78.0555	51
78.056	51
78.2464	51
78.2464	51
78.2465	51
78.2465	51
78.2465	51
78.2466	51
78.2471	51
78.2474	51
78.2476	51
78.644	51
78.644	51
78.644	51
78.644	51
78.6441	51
78.6442	51
78.6443	51
78.7616	51
78.7617	51
78.7617	51
78.7618	51
78.7618	51
78.7623	51
78.9988	51
78.9988	51
78.9989	51
78.9989	51
78.999	51
78.999	51
78.9995	51
78.9995	51
79.3943	51
79.3943	51
79.3943	51
79.3943	51
79.3944	51
79.3944	51
79.3946	51
79.4113	51
79.4115	51
79.4115	51
80.3758	51
80.3758	51
80.3758	51
80.3759	51
80.3763	51
80.3764	51
80.3769	51
80.3771	51
80.5752	51
80.5752	51
80.5752	51
80.5753	51
80.5753	51
80.5756	51
80.5756	51
80.5758	51
80.669	51
80.669	51
80.669	51
80.669	51
80.669	51
80.669	51
80.6697	51
81.1899	51
81.1899	51
81.19	51
81.19	51
81.19	51
81.1902	51
81.1905	51
81.1905	51
82.2424	51
82.2424	51
82.2424	51
82.2425	51
82.2425	51
82.2431	51
82.2446	51
85.067	51
85.067	51
85.067	51
85.067	51
85.067	51
85.0674	51
85.2567	51
85.2568	51
85.2568	51
85.2568	51
85.2568	51
85.2569	51
85.2571	51
85.2571	51
85.4009	51
85.4009	51
85.401	51
85.401	51
85.4011	51
85.4011	51
85.4012	51
85.4033	51
86.4572	51
86.4572	51
86.4572	51
86.4573	51
86.4576	51
86.4576	51
86.4576	51
86.5696	51
86.5696	51
86.5696	51
86.5697	51
86.5697	51
86.5698	51
86.5701	51
86.8267	51
86.8267	51
86.8268	51
86.8268	51
86.8269	51
86.8269	51
86.8273	51
87.2382	51
87.2382	51
87.2382	51
87.2382	51
87.2383	51
87.2383	51
87.2387	51
87.3439	51
87.3439	51
87.3439	51
87.344	51
87.3441	51
87.3443	51
87.3443	51
88.4054	51
88.4054	51
88.4054	51
88.4054	51
88.4055	51
88.406	51
88.4078	51
89.171	51
89.171	51
89.171	51
89.1712	51
89.1712	51
89.1712	51
89.1739	51
91.6006	51
91.6006	51
91.6006	51
91.6007	51
91.6007	51
91.6017	51
91.6023	51
91.6024	51
92.835	51
92.835	51
92.835	51
92.835	51
92.835	51
92.8353	51
92.8355	51
94.6677	51
94.6678	51
94.6678	51
94.6678	51
94.6678	51
94.6685	51
94.6707	51
95.3326	51
95.3326	51
95.3326	51
95.3327	51
95.3327	51
95.3328	51
95.3331	51
95.5915	51
95.5915	51
95.5915	51
95.5915	51
95.5915	51
95.5916	51
95.5918	51
95.5918	51
95.6524	51
95.6524	51
95.6525	51
95.6525	51
95.6526	51
95.6526	51
95.6528	51
96.1818	51
96.1818	51
96.1818	51
96.182	51
96.1821	51
96.1824	51
96.1827	51
96.6274	51
96.6275	51
96.6275	51
96.6275	51
96.6275	51
96.6278	51
96.6283	51
