6.20755e-11	0
6.51389e-11	1
1.36189e-10	2
2.6397e-10	3
3.00484e-10	4
3.0823e-10	5
3.25184e-10	6
3.48057e-10	7
5.64851e-10	8
6.29404e-10	9
6.63561e-10	10
6.72885e-10	11
6.79531e-10	12
7.10029e-10	13
8.99598e-10	14
9.24572e-10	15
1.0272e-09	16
1.14397e-09	17
1.3804e-09	18
1.42232e-09	19
1.46776e-09	20
1.65235e-09	21
1.74607e-09	22
1.85166e-09	23
1.95983e-09	24
2.12654e-09	25
2.26775e-09	26
2.4222e-09	27
2.42684e-09	28
2.7988e-09	29
2.8699e-09	30
2.97282e-09	31
2.99197e-09	32
3.05831e-09	33
3.45609e-09	34
3.60512e-09	35
3.7074e-09	36
3.98591e-09	37
4.12998e-09	37
4.85915e-09	38
6.07661e-09	39
6.10303e-09	39
7.06664e-09	40
7.68557e-09	41
7.71844e-09	42
8.05507e-09	42
8.74609e-09	43
8.97709e-09	44
9.04435e-09	45
9.80472e-09	46
1.00551e-08	46
1.00768e-08	46
1.0431e-08	46
1.05535e-08	47
1.09393e-08	48
1.15261e-08	49
1.68686e-08	50
2.15638e-08	50
2.97626e-08	50
3.16454e-08	50
3.26881e-08	50
3.2947e-08	50
3.67288e-08	50
4.36881e-08	50
6.0214e-08	50
6.07645e-08	50
6.62336e-08	50
7.65877e-08	50
8.26469e-08	50
8.58455e-08	50
8.86883e-08	50
8.98893e-08	50
9.34479e-08	50
9.50997e-08	50
9.72252e-08	50
1.00884e-07	50
1.03723e-07	50
1.0701e-07	50
1.07533e-07	50
1.09016e-07	50
1.14342e-07	50
1.16743e-07	50
1.17092e-07	50
1.21729e-07	50
1.23663e-07	50
1.31155e-07	50
1.35369e-07	50
1.37076e-07	50
1.42985e-07	50
1.44752e-07	50
1.45228e-07	50
1.46841e-07	50
1.49149e-07	50
1.49548e-07	50
1.56303e-07	50
1.59558e-07	50
1.60064e-07	50
1.61706e-07	50
1.63351e-07	50
1.6673e-07	50
1.74901e-07	50
1.76025e-07	50
1.7731e-07	50
1.78559e-07	50
1.79844e-07	50
1.84214e-07	50
1.84669e-07	50
1.86142e-07	50
1.91529e-07	50
1.92969e-07	50
1.94554e-07	50
2.01466e-07	50
2.07034e-07	50
2.07099e-07	50
2.09727e-07	50
2.13837e-07	50
2.1406e-07	50
2.16196e-07	50
2.21616e-07	50
2.22314e-07	50
2.23109e-07	50
2.23452e-07	50
2.34783e-07	50
2.35359e-07	50
2.57882e-07	50
2.60848e-07	50
2.62597e-07	50
2.6411e-07	50
2.67368e-07	50
2.67897e-07	50
2.72677e-07	50
2.76221e-07	50
2.82121e-07	50
2.82315e-07	50
2.85508e-07	50
2.89023e-07	50
2.98887e-07	50
3.10139e-07	50
3.16272e-07	50
3.18724e-07	50
3.20064e-07	50
3.20232e-07	50
3.23412e-07	50
3.24021e-07	50
3.2534e-07	50
3.27825e-07	50
3.32805e-07	50
3.3289e-07	50
3.34901e-07	50
3.35126e-07	50
3.35289e-07	50
3.36243e-07	50
3.48773e-07	50
3.50302e-07	50
3.61682e-07	50
3.70019e-07	50
3.77346e-07	50
3.80534e-07	50
3.86194e-07	50
3.87072e-07	50
3.91195e-07	50
3.97436e-07	50
4.08381e-07	50
4.09972e-07	50
4.16928e-07	50
4.19483e-07	50
4.23894e-07	50
4.25315e-07	50
4.28626e-07	50
4.4691e-07	50
4.47218e-07	50
4.57746e-07	50
4.66883e-07	50
4.72069e-07	50
4.73904e-07	50
4.77368e-07	50
4.95603e-07	50
4.98375e-07	50
4.98735e-07	50
4.99407e-07	50
5.04357e-07	50
5.0518e-07	50
5.10155e-07	50
5.18661e-07	50
5.19092e-07	50
5.23105e-07	50
5.30125e-07	50
5.33832e-07	50
5.41192e-07	50
5.42092e-07	50
5.52268e-07	50
5.5559e-07	50
5.57836e-07	50
5.63354e-07	50
5.68339e-07	50
5.69103e-07	50
5.74262e-07	50
5.7938e-07	50
5.86792e-07	50
5.87326e-07	50
5.90423e-07	50
5.93374e-07	50
6.07791e-07	50
6.17054e-07	50
6.19428e-07	50
6.21931e-07	50
6.24686e-07	50
6.29254e-07	50
6.30562e-07	50
6.3981e-07	50
6.40603e-07	50
6.41813e-07	50
6.45052e-07	50
6.48587e-07	50
6.54422e-07	50
6.61944e-07	50
6.74441e-07	50
6.86412e-07	50
6.86702e-07	50
7.03089e-07	50
7.16046e-07	50
7.16677e-07	50
7.20853e-07	50
7.22841e-07	50
7.32007e-07	50
7.32471e-07	50
7.34966e-07	50
7.38596e-07	50
7.39713e-07	50
7.40676e-07	50
7.46182e-07	50
7.69338e-07	50
7.70958e-07	50
7.86187e-07	50
7.89625e-07	50
7.897e-07	50
8.03181e-07	50
8.20195e-07	50
8.25271e-07	50
8.2912e-07	50
8.30696e-07	50
8.4813e-07	50
8.57293e-07	50
8.79936e-07	50
8.93436e-07	50
8.94743e-07	50
8.96699e-07	50
9.09173e-07	50
9.12707e-07	50
9.29542e-07	50
9.37178e-07	50
9.40168e-07	50
9.4464e-07	50
9.5675e-07	50
9.61708e-07	50
9.70576e-07	50
9.82252e-07	50
1.0008e-06	50
1.00214e-06	50
1.00632e-06	50
1.01262e-06	50
1.03587e-06	50
1.04614e-06	50
1.04678e-06	50
1.05396e-06	50
1.07033e-06	50
1.0917e-06	50
1.10707e-06	50
1.10734e-06	50
1.10788e-06	50
1.11257e-06	50
1.13681e-06	50
1.14276e-06	50
1.15263e-06	50
1.1564e-06	50
1.1607e-06	50
1.16755e-06	50
1.16796e-06	50
1.18432e-06	50
1.1849e-06	50
1.21066e-06	50
1.21408e-06	50
1.21647e-06	50
1.22729e-06	50
1.23371e-06	50
1.242e-06	50
1.26158e-06	50
1.26321e-06	50
1.26459e-06	50
1.27632e-06	50
1.27854e-06	50
1.27977e-06	50
1.29722e-06	50
1.31124e-06	50
1.39421e-06	50
1.41228e-06	50
1.42228e-06	50
1.42313e-06	50
1.43123e-06	50
1.44481e-06	50
1.45113e-06	50
1.45268e-06	50
1.45307e-06	50
1.4556e-06	50
1.48591e-06	50
1.49196e-06	50
1.49937e-06	50
1.51173e-06	50
1.54977e-06	50
1.54992e-06	50
1.55305e-06	50
1.60402e-06	50
1.61178e-06	50
1.64625e-06	50
1.64661e-06	50
1.66681e-06	50
1.66694e-06	50
1.67405e-06	50
1.67639e-06	50
1.69305e-06	50
1.70698e-06	50
1.72704e-06	50
1.74544e-06	50
1.75293e-06	50
1.76437e-06	50
1.77337e-06	50
1.77681e-06	50
1.77741e-06	50
1.77797e-06	50
1.78914e-06	50
1.79544e-06	50
1.79586e-06	50
1.81198e-06	50
1.83109e-06	50
1.84126e-06	50
1.86207e-06	50
1.86329e-06	50
1.87918e-06	50
1.89404e-06	50
1.90125e-06	50
1.9039e-06	50
1.94088e-06	50
1.98244e-06	50
2.02184e-06	50
2.03174e-06	50
2.03431e-06	50
2.04408e-06	50
2.05062e-06	50
2.05269e-06	50
2.06639e-06	50
2.07356e-06	50
2.0846e-06	50
2.08541e-06	50
2.09214e-06	50
2.11017e-06	50
2.1204e-06	50
2.13159e-06	50
2.15958e-06	50
2.16308e-06	50
2.1771e-06	50
2.23989e-06	50
2.24266e-06	50
2.24419e-06	50
2.32823e-06	50
2.37308e-06	50
2.3747e-06	50
2.37603e-06	50
2.39014e-06	50
2.40659e-06	50
2.4225e-06	50
2.4624e-06	50
2.47511e-06	50
2.49618e-06	50
2.49738e-06	50
2.50525e-06	50
2.51819e-06	50
2.53381e-06	50
2.61486e-06	50
2.61887e-06	50
2.62197e-06	50
2.64354e-06	50
2.65129e-06	50
2.67586e-06	50
2.6887e-06	50
2.70987e-06	50
2.76139e-06	50
2.76337e-06	50
2.76709e-06	50
2.77966e-06	50
2.84941e-06	50
2.88787e-06	50
2.88881e-06	50
2.92279e-06	50
2.95946e-06	50
3.03753e-06	50
3.09865e-06	50
3.12239e-06	50
3.13582e-06	50
3.15098e-06	50
3.15771e-06	50
3.16331e-06	50
3.16855e-06	50
3.19183e-06	50
3.23718e-06	50
3.27919e-06	50
3.27919e-06	50
3.41844e-06	50
3.4386e-06	50
3.55118e-06	50
3.55142e-06	50
3.55184e-06	50
3.6169e-06	50
3.81223e-06	50
3.84583e-06	50
3.92312e-06	50
3.98803e-06	50
4.10998e-06	50
4.1998e-06	50
4.24245e-06	50
4.29819e-06	50
4.31303e-06	50
4.37851e-06	50
4.42076e-06	50
4.4372e-06	50
4.44204e-06	50
4.47783e-06	50
4.59955e-06	50
4.632e-06	50
4.66624e-06	50
4.68339e-06	50
4.69146e-06	50
4.75547e-06	50
4.88742e-06	50
4.93431e-06	50
4.96673e-06	50
5.0532e-06	50
5.0916e-06	50
5.10674e-06	50
5.21717e-06	50
5.22329e-06	50
5.28601e-06	50
5.32397e-06	50
5.36392e-06	50
5.45403e-06	50
5.4611e-06	50
5.65219e-06	50
5.73013e-06	50
6.08782e-06	50
6.1985e-06	50
6.22584e-06	50
6.23208e-06	50
6.48882e-06	50
6.63037e-06	50
6.71737e-06	50
6.81491e-06	50
6.97565e-06	50
7.18925e-06	50
7.21267e-06	50
7.23114e-06	50
7.30217e-06	50
7.31463e-06	50
7.41235e-06	50
7.41605e-06	50
7.54507e-06	50
7.58505e-06	50
7.59399e-06	50
7.59952e-06	50
7.61404e-06	50
7.61918e-06	50
7.80696e-06	50
7.80929e-06	50
7.84042e-06	50
7.87752e-06	50
7.90886e-06	50
7.92046e-06	50
8.09862e-06	50
8.2834e-06	50
8.39155e-06	50
8.40809e-06	50
8.42669e-06	50
8.45666e-06	50
8.46596e-06	50
8.48422e-06	50
8.69507e-06	50
8.71489e-06	50
8.71671e-06	50
8.79508e-06	50
8.8156e-06	50
8.92736e-06	50
8.98238e-06	50
9.09816e-06	50
9.30403e-06	50
9.30792e-06	50
9.32275e-06	50
9.46218e-06	50
9.47304e-06	50
9.51533e-06	50
9.68789e-06	50
9.70991e-06	50
9.78683e-06	50
9.7993e-06	50
9.94301e-06	50
9.97346e-06	50
1.0189e-05	50
1.03562e-05	50
1.05574e-05	50
1.05841e-05	50
1.05903e-05	50
1.06094e-05	50
1.06777e-05	50
1.06796e-05	50
1.07313e-05	50
1.07724e-05	50
1.08157e-05	50
1.08521e-05	50
1.09735e-05	50
1.09983e-05	50
1.11261e-05	50
1.11638e-05	50
1.13292e-05	50
1.13397e-05	50
1.14072e-05	50
1.14484e-05	50
1.14992e-05	50
1.16304e-05	50
1.17955e-05	50
1.21478e-05	50
1.22383e-05	50
1.23108e-05	50
1.2403e-05	50
1.24926e-05	50
1.25477e-05	50
1.25889e-05	50
1.27641e-05	50
1.27738e-05	50
1.28427e-05	50
1.28641e-05	50
1.29729e-05	50
1.31855e-05	50
1.3203e-05	50
1.34474e-05	50
1.35626e-05	50
1.35995e-05	50
1.37395e-05	50
1.37675e-05	50
1.38326e-05	50
1.38984e-05	50
1.4187e-05	50
1.42535e-05	50
1.42985e-05	50
1.44517e-05	50
1.44561e-05	50
1.44955e-05	50
1.46131e-05	50
1.48187e-05	50
1.48864e-05	50
1.49515e-05	50
1.50337e-05	50
1.51092e-05	50
1.56051e-05	50
1.59978e-05	50
1.61023e-05	50
1.61119e-05	50
1.62324e-05	50
1.62898e-05	50
1.64189e-05	50
1.64805e-05	50
1.65271e-05	50
1.65688e-05	50
1.65756e-05	50
1.66768e-05	50
1.68032e-05	50
1.68303e-05	50
1.69155e-05	50
1.71106e-05	50
1.71574e-05	50
1.72758e-05	50
1.72844e-05	50
1.73089e-05	50
1.74536e-05	50
1.75723e-05	50
1.75842e-05	50
1.7647e-05	50
1.79225e-05	50
1.80485e-05	50
1.83295e-05	50
1.84447e-05	50
1.84513e-05	50
1.846e-05	50
1.84753e-05	50
1.87404e-05	50
1.87864e-05	50
1.91515e-05	50
1.94107e-05	50
1.94325e-05	50
1.96724e-05	50
1.97494e-05	50
1.9814e-05	50
1.98565e-05	50
1.99647e-05	50
2.0106e-05	50
2.01454e-05	50
2.03071e-05	50
2.06943e-05	50
2.07383e-05	50
2.08378e-05	50
2.1066e-05	50
2.11825e-05	50
2.12021e-05	50
2.12065e-05	50
2.14292e-05	50
2.14676e-05	50
2.15473e-05	50
2.18902e-05	50
2.18969e-05	50
2.21387e-05	50
2.23955e-05	50
2.25267e-05	50
2.25431e-05	50
2.28215e-05	50
2.30144e-05	50
2.30269e-05	50
2.3676e-05	50
2.37017e-05	50
2.37262e-05	50
2.39101e-05	50
2.39522e-05	50
2.39609e-05	50
2.40783e-05	50
2.40816e-05	50
2.41667e-05	50
2.41765e-05	50
2.41807e-05	50
2.4437e-05	50
2.44466e-05	50
2.44512e-05	50
2.45059e-05	50
2.46209e-05	50
2.46756e-05	50
2.47126e-05	50
2.47716e-05	50
2.48442e-05	50
2.51138e-05	50
2.51465e-05	50
2.51993e-05	50
2.52727e-05	50
2.53808e-05	50
2.55046e-05	50
2.58237e-05	50
2.60023e-05	50
2.62587e-05	50
2.6447e-05	50
2.68973e-05	50
2.71348e-05	50
2.74145e-05	50
2.76931e-05	50
2.77451e-05	50
2.78373e-05	50
2.78764e-05	50
2.79312e-05	50
2.79725e-05	50
2.81073e-05	50
2.8224e-05	50
2.82646e-05	50
2.8499e-05	50
2.85606e-05	50
2.85917e-05	50
2.85977e-05	50
2.86432e-05	50
2.86722e-05	50
2.8753e-05	50
2.88187e-05	50
2.89044e-05	50
2.89257e-05	50
2.90645e-05	50
2.91946e-05	50
2.95243e-05	50
2.96248e-05	50
2.97101e-05	50
2.97147e-05	50
2.98113e-05	50
2.98129e-05	50
2.99965e-05	50
3.00789e-05	50
3.05592e-05	50
3.07689e-05	50
3.08529e-05	50
3.08918e-05	50
3.11106e-05	50
3.11281e-05	50
3.11333e-05	50
3.13371e-05	50
3.16402e-05	50
3.16758e-05	50
3.16853e-05	50
3.176e-05	50
3.17642e-05	50
3.18625e-05	50
3.19016e-05	50
3.19457e-05	50
3.19694e-05	50
3.20355e-05	50
3.20905e-05	50
3.24216e-05	50
3.24582e-05	50
3.24634e-05	50
3.25919e-05	50
3.26214e-05	50
3.26607e-05	50
3.27343e-05	50
3.27691e-05	50
3.28291e-05	50
3.28319e-05	50
3.30074e-05	50
3.32577e-05	50
3.32891e-05	50
3.37372e-05	50
3.38217e-05	50
3.39313e-05	50
3.39507e-05	50
3.39817e-05	50
3.39962e-05	50
3.40375e-05	50
3.44746e-05	50
3.45193e-05	50
3.46636e-05	50
3.46913e-05	50
3.47145e-05	50
3.52664e-05	50
3.52685e-05	50
3.55696e-05	50
3.60092e-05	50
3.60187e-05	50
3.60378e-05	50
3.61967e-05	50
3.62263e-05	50
3.65139e-05	50
3.65245e-05	50
3.65532e-05	50
3.65869e-05	50
3.6659e-05	50
3.66857e-05	50
3.67981e-05	50
3.68675e-05	50
3.71267e-05	50
3.75242e-05	50
3.79703e-05	50
3.82034e-05	50
3.82383e-05	50
3.82837e-05	50
3.85308e-05	50
3.86646e-05	50
3.8777e-05	50
3.90351e-05	50
3.91522e-05	50
3.9206e-05	50
3.93414e-05	50
3.95588e-05	50
3.97057e-05	50
3.99759e-05	50
4.00791e-05	50
4.01075e-05	50
4.01827e-05	50
4.03681e-05	50
4.10002e-05	50
4.10931e-05	50
4.11077e-05	50
4.13233e-05	50
4.15058e-05	50
4.15221e-05	50
4.16066e-05	50
4.16604e-05	50
4.20147e-05	50
4.20402e-05	50
4.21293e-05	50
4.2163e-05	50
4.24432e-05	50
4.25093e-05	50
4.25159e-05	50
4.26438e-05	50
4.26963e-05	50
4.27215e-05	50
4.2841e-05	50
4.28457e-05	50
4.28985e-05	50
4.31205e-05	50
4.32451e-05	50
4.32902e-05	50
4.3352e-05	50
4.33966e-05	50
4.38214e-05	50
4.41787e-05	50
4.42954e-05	50
4.43505e-05	50
4.44353e-05	50
4.48865e-05	50
4.49376e-05	50
4.50576e-05	50
4.50781e-05	50
4.52803e-05	50
4.53991e-05	50
4.54774e-05	50
4.55877e-05	50
4.59161e-05	50
4.59177e-05	50
4.59443e-05	50
4.64468e-05	50
4.66603e-05	50
4.67337e-05	50
4.67549e-05	50
4.68014e-05	50
4.7329e-05	50
4.7737e-05	50
4.80343e-05	50
4.8037e-05	50
4.82419e-05	50
4.82553e-05	50
4.83173e-05	50
4.8507e-05	50
4.85071e-05	50
4.8708e-05	50
4.92983e-05	50
4.94095e-05	50
4.95762e-05	50
4.96876e-05	50
4.99075e-05	50
4.99801e-05	50
5.02064e-05	50
5.07546e-05	50
5.07957e-05	50
5.08095e-05	50
5.10635e-05	50
5.12514e-05	50
5.16896e-05	50
5.19144e-05	50
5.19808e-05	50
5.21191e-05	50
5.21655e-05	50
5.23201e-05	50
5.23438e-05	50
5.23475e-05	50
5.24006e-05	50
5.26816e-05	50
5.32039e-05	50
5.33739e-05	50
5.41054e-05	50
5.43032e-05	50
5.44273e-05	50
5.44576e-05	50
5.45872e-05	50
5.47947e-05	50
5.48164e-05	50
5.48481e-05	50
5.49216e-05	50
5.50585e-05	50
5.5059e-05	50
5.51937e-05	50
5.54532e-05	50
5.5625e-05	50
5.58902e-05	50
5.60951e-05	50
5.62492e-05	50
5.64058e-05	50
5.64416e-05	50
5.68764e-05	50
5.69735e-05	50
5.71421e-05	50
5.71474e-05	50
5.74518e-05	50
5.7552e-05	50
5.77775e-05	50
5.79865e-05	50
5.80257e-05	50
5.86812e-05	50
5.884e-05	50
5.88867e-05	50
5.89251e-05	50
5.93377e-05	50
5.93815e-05	50
6.01015e-05	50
6.03179e-05	50
6.0449e-05	50
6.10326e-05	50
6.15106e-05	50
6.15858e-05	50
6.16623e-05	50
6.19196e-05	50
6.23657e-05	50
6.24726e-05	50
6.25171e-05	50
6.27088e-05	50
6.29528e-05	50
6.31157e-05	50
6.31454e-05	50
6.37886e-05	50
6.37965e-05	50
6.38338e-05	50
6.39312e-05	50
6.49261e-05	50
6.52502e-05	50
6.52657e-05	50
6.53681e-05	50
6.57106e-05	50
6.58306e-05	50
6.59674e-05	50
6.60942e-05	50
6.61095e-05	50
6.63355e-05	50
6.63882e-05	50
6.63976e-05	50
6.64913e-05	50
6.67626e-05	50
6.69488e-05	50
6.7069e-05	50
6.72309e-05	50
6.78773e-05	50
6.79252e-05	50
6.81074e-05	50
6.8282e-05	50
6.83473e-05	50
6.86163e-05	50
6.87747e-05	50
6.89809e-05	50
6.92369e-05	50
6.95038e-05	50
6.95441e-05	50
7.04661e-05	50
7.05219e-05	50
7.06699e-05	50
7.08138e-05	50
7.09176e-05	50
7.10883e-05	50
7.16663e-05	50
7.17335e-05	50
7.18663e-05	50
7.20099e-05	50
7.27665e-05	50
7.2881e-05	50
7.39212e-05	50
7.40425e-05	50
7.40898e-05	50
7.42228e-05	50
7.47394e-05	50
7.48004e-05	50
7.50019e-05	50
7.5306e-05	50
7.54053e-05	50
7.6453e-05	50
7.65844e-05	50
7.66657e-05	50
7.70314e-05	50
7.70315e-05	50
7.72209e-05	50
7.76178e-05	50
7.77061e-05	50
7.77615e-05	50
7.80557e-05	50
7.83831e-05	50
7.84396e-05	50
7.84861e-05	50
7.87888e-05	50
7.9101e-05	50
7.91235e-05	50
7.91632e-05	50
8.03083e-05	50
8.04633e-05	50
8.20801e-05	50
8.24596e-05	50
8.25587e-05	50
8.25971e-05	50
8.28624e-05	50
8.37966e-05	50
8.47945e-05	50
8.55675e-05	50
8.58867e-05	50
8.63432e-05	50
8.65481e-05	50
8.72037e-05	50
8.76232e-05	50
8.78414e-05	50
8.79276e-05	50
8.83028e-05	50
8.84887e-05	50
8.8656e-05	50
8.91482e-05	50
9.01298e-05	50
9.01375e-05	50
9.0219e-05	50
9.05056e-05	50
9.05306e-05	50
9.06471e-05	50
9.07028e-05	50
9.13577e-05	50
9.13858e-05	50
9.1912e-05	50
9.20975e-05	50
9.24555e-05	50
9.24993e-05	50
9.25062e-05	50
9.28768e-05	50
9.30817e-05	50
9.39312e-05	50
9.3998e-05	50
9.45661e-05	50
9.50872e-05	50
9.58842e-05	50
9.60822e-05	50
9.64804e-05	50
9.66905e-05	50
9.66963e-05	50
9.72537e-05	50
9.75231e-05	50
9.82573e-05	50
9.85545e-05	50
9.86325e-05	50
9.87316e-05	50
9.92274e-05	50
9.92805e-05	50
9.93529e-05	50
9.97735e-05	50
0.000100207	50
0.000100843	50
0.000100985	50
0.000101458	50
0.000101837	50
0.00010198	50
0.000102187	50
0.000102203	50
0.000102631	50
0.000103698	50
0.000103728	50
0.000104617	50
0.00010468	50
0.00010479	50
0.000104873	50
0.000104979	50
0.000105205	50
0.000105327	50
0.000106287	50
0.000107183	50
0.000107254	50
0.000107285	50
0.000107326	50
0.000107544	50
0.000108382	50
0.000108455	50
0.000109084	50
0.000110338	50
0.000110599	50
0.000111038	50
0.000111465	50
0.000111484	50
0.000111659	50
0.000112466	50
0.000112741	50
0.000112788	50
0.000112821	50
0.000113612	50
0.000113844	50
0.000113984	50
0.000114528	50
0.000114647	50
0.000115582	50
0.000115846	50
0.00011609	50
0.000116303	50
0.000116392	50
0.000116589	50
0.000117438	50
0.000117668	50
0.000117952	50
0.00011816	50
0.000118237	50
0.000118423	50
0.00011847	50
0.000118564	50
0.000118652	50
0.000119552	50
0.000121251	50
0.000121352	50
0.000121389	50
0.000122474	50
0.000122943	50
0.000123155	50
0.000123479	50
0.000123608	50
0.000123846	50
0.000124361	50
0.000125549	50
0.000126406	50
0.000126644	50
0.000127266	50
0.000127653	50
0.000129026	50
0.00012953	50
0.000129684	50
0.000130013	50
0.00013017	50
0.000130351	50
0.000130552	50
0.000131325	50
0.000132056	50
0.000132159	50
0.000132209	50
0.000132936	50
0.000133744	50
0.000133865	50
0.000134819	50
0.000135115	50
0.000136584	50
0.000139057	50
0.000139468	50
0.000139478	50
0.000139747	50
0.000139884	50
0.000139977	50
0.000140056	50
0.000140159	50
0.00014071	50
0.000140997	50
0.000141451	50
0.000142552	50
0.000142629	50
0.000142682	50
0.000143039	50
0.00014399	50
0.000144037	50
0.000144072	50
0.000144415	50
0.000145731	50
0.000145736	50
0.000146994	50
0.000147971	50
0.000148102	50
0.000148318	50
0.000148988	50
0.000149088	50
0.000149304	50
0.000149718	50
0.00015019	50
0.000150639	50
0.000151762	50
0.00015203	50
0.000152183	50
0.000152793	50
0.000153463	50
0.000153987	50
0.000154193	50
0.000154871	50
0.000155884	50
0.000157322	50
0.000157643	50
0.00015808	50
0.000158461	50
0.000158979	50
0.000159405	50
0.000159707	50
0.000160596	50
0.000161698	50
0.00016203	50
0.000162063	50
0.00016299	50
0.000163711	50
0.000163841	50
0.00016594	50
0.000166216	50
0.000166476	50
0.000168675	50
0.000170118	50
0.000171998	50
0.000172038	50
0.000172066	50
0.000172594	50
0.000172795	50
0.000174849	50
0.000175296	50
0.000175373	50
0.000176366	50
0.000176411	50
0.000176928	50
0.000177796	50
0.000178107	50
0.000180085	50
0.000180263	50
0.000180918	50
0.000181006	50
0.000181111	50
0.000181223	50
0.000182627	50
0.000183038	50
0.00018315	50
0.000183653	50
0.00018422	50
0.000184554	50
0.000185421	50
0.00018564	50
0.000185772	50
0.00018743	50
0.000188008	50
0.000188241	50
0.000188786	50
0.000188881	50
0.000189012	50
0.000189039	50
0.000189804	50
0.000190072	50
0.000192192	50
0.000192238	50
0.000192435	50
0.000192955	50
0.000193181	50
0.000193399	50
0.000194011	50
0.000195851	50
0.000198472	50
0.000199064	50
0.000199086	50
0.000200181	50
0.00020172	50
0.000201815	50
0.000203276	50
0.000204163	50
0.000204537	50
0.000204852	50
0.000204918	50
0.000204978	50
0.000205085	50
0.000207395	50
0.000208925	50
0.000210527	50
0.000210662	50
0.000212188	50
0.000212798	50
0.000213063	50
0.000213208	50
0.000213816	50
0.000214843	50
0.000215349	50
0.000215854	50
0.000216047	50
0.000217489	50
0.000217724	50
0.000218219	50
0.000218581	50
0.000218705	50
0.000219097	50
0.000219542	50
0.000219853	50
0.000221377	50
0.000221521	50
0.000221553	50
0.000221619	50
0.000222478	50
0.000222772	50
0.000223509	50
0.000226312	50
0.000226375	50
0.000226528	50
0.000226648	50
0.000227057	50
0.000229021	50
0.000230098	50
0.000231347	50
0.000232969	50
0.000234014	50
0.000234867	50
0.000235338	50
0.000235371	50
0.000236741	50
0.000236886	50
0.000239349	50
0.000241601	50
0.000242215	50
0.000242548	50
0.00024345	50
0.000244059	50
0.000244488	50
0.000245486	50
0.000246631	50
0.000249594	50
0.00025252	50
0.000254457	50
0.000254468	50
0.000254768	50
0.000257765	50
0.000258026	50
0.000258103	50
0.000260382	50
0.00026089	50
0.000261242	50
0.000262481	50
0.000263513	50
0.000263842	50
0.000265736	50
0.000266239	50
0.000267431	50
0.000267687	50
0.000268065	50
0.000268299	50
0.000269705	50
0.000271098	50
0.00027128	50
0.000271473	50
0.000273639	50
0.000274525	50
0.000274567	50
0.000274999	50
0.000275088	50
0.000276642	50
0.000276727	50
0.000277902	50
0.000281568	50
0.000282986	50
0.000283076	50
0.000289134	50
0.000289574	50
0.000292132	50
0.000292397	50
0.000293074	50
0.000296876	50
0.000297329	50
0.000297484	50
0.000298314	50
0.000300468	50
0.000301248	50
0.00030294	50
0.000302964	50
0.000303108	50
0.000305604	50
0.000306189	50
0.000308003	50
0.000309976	50
0.000313293	50
0.000313355	50
0.000316337	50
0.0003168	50
0.00031742	50
0.000317703	50
0.000320315	50
0.000321512	50
0.000321529	50
0.000322915	50
0.000323645	50
0.000323938	50
0.000324118	50
0.00032463	50
0.000326338	50
0.000326585	50
0.000327289	50
0.000328654	50
0.00033191	50
0.00033472	50
0.00033782	50
0.000338931	50
0.000340945	50
0.000341065	50
0.000341334	50
0.000342152	50
0.000350801	50
0.000351835	50
0.000351879	50
0.000354298	50
0.000358714	50
0.000360891	50
0.000361512	50
0.000362555	50
0.000363661	50
0.000365303	50
0.000366904	50
0.000373281	50
0.000374877	50
0.000374982	50
0.000375495	50
0.000376144	50
0.000377216	50
0.000379769	50
0.000385746	50
0.000389567	50
0.000391182	50
0.000391856	50
0.000394655	50
0.000394697	50
0.000394869	50
0.000395779	50
0.00039805	50
0.000398312	50
0.000398525	50
0.000398823	50
0.0003995	50
0.000400087	50
0.000400817	50
0.000404132	50
0.000404328	50
0.00040452	50
0.000404886	50
0.000410511	50
0.000419251	50
0.000431704	50
0.00043569	50
0.000436571	50
0.000436981	50
0.000437077	50
0.000437728	50
0.000443562	50
0.000444708	50
0.000444808	50
0.000447866	50
0.000450165	50
0.000450169	50
0.000450199	50
0.000455642	50
0.00046015	50
0.000461644	50
0.000464528	50
0.000465056	50
0.000465782	50
0.000465917	50
0.000466598	50
0.000467178	50
0.000480202	50
0.000480377	50
0.000480588	50
0.000481928	50
0.000488735	50
0.000491325	50
0.000500313	50
0.00050196	50
0.000511125	50
0.000515617	50
0.000517744	50
0.000519356	50
0.000522861	50
0.000524414	50
0.000525349	50
0.0005263	50
0.000527775	50
0.000534568	50
0.000534986	50
0.000540262	50
0.000541386	50
0.000544015	50
0.000552621	50
0.000554327	50
0.000556686	50
0.000558778	50
0.000560355	50
0.000560795	50
0.000563199	50
0.000567229	50
0.000570296	50
0.000572496	50
0.000576098	50
0.000582054	50
0.000586184	50
0.000590466	50
0.000594791	50
0.000595169	50
0.000598807	50
0.000600846	50
0.000601378	50
0.000602737	50
0.000604407	50
0.000613925	50
0.000617057	50
0.000617744	50
0.000625383	50
0.000626005	50
0.000629122	50
0.00064228	50
0.000642571	50
0.000649354	50
0.000651694	50
0.000657017	50
0.000668157	50
0.000672334	50
0.000685911	50
0.000709654	50
0.000718239	50
0.000724894	50
0.000752775	50
0.000761551	50
0.000770781	50
0.000774482	50
0.000777774	50
0.00080033	50
0.00081343	50
0.000824873	50
0.000862563	50
0.000878947	50
0.000880248	50
0.000894953	50
0.000906953	50
0.000911552	50
0.00092247	50
0.000939093	50
0.000959732	50
0.000998598	50
0.00100882	50
0.00100908	50
0.00102142	50
0.00103078	50
0.0010566	50
0.00109049	50
0.00109611	50
0.00109829	50
0.00109911	50
0.0012064	50
0.00130589	50
0.00130652	50
0.0013169	50
0.00134827	50
0.00144042	50
0.00145538	50
0.00153596	50
0.00161319	50
0.00168693	50
0.00172903	50
0.00176817	50
0.00966551	50
0.00966601	50
0.00966636	50
0.00966657	50
0.009667	50
0.00966715	50
0.0096673	50
0.00966748	50
0.00966759	50
0.00966789	50
0.00966813	50
0.0096683	50
0.00966922	50
0.00967033	50
0.00967055	50
0.00967096	50
0.00967207	50
0.00967233	50
0.00967249	50
0.00967338	50
0.0096735	50
0.00967453	50
0.00967499	50
0.00967525	50
0.00967697	50
0.0096771	50
0.00967722	50
0.00968089	50
0.00968226	50
0.024081	50
0.0240811	50
0.0240811	50
0.0240812	50
0.0240813	50
0.0240814	50
0.0240824	50
0.0240825	50
0.0240825	50
0.0240827	50
0.024083	50
0.0240834	50
0.0240834	50
0.0240841	50
0.0240844	50
0.024085	50
0.0240857	50
0.0240865	50
0.024087	50
0.0240872	50
0.024088	50
0.0240881	50
0.0240889	50
0.0240897	50
0.0240909	50
0.024091	50
0.0240944	50
0.0240959	50
0.0240965	50
0.0240968	50
0.0240978	50
0.0241001	50
0.0241001	50
0.0241022	50
0.0241034	50
0.0241139	50
0.0241295	50
0.0241421	50
0.0241439	50
0.0241858	50
0.0241868	50
0.0241922	50
0.0243024	50
0.0243083	50
0.0243086	50
0.0243097	50
0.0243157	50
0.0243373	50
0.0243932	50
0.0243964	50
0.0244186	50
0.0244535	50
0.0244679	50
0.024555	50
0.0259951	50
0.0273588	50
0.0273593	50
0.0273595	50
0.0273597	50
0.02736	50
0.0273601	50
0.0273609	50
0.0273624	50
0.0273625	50
0.0273626	50
0.0273638	50
0.0273699	50
0.0273744	50
0.0273746	50
0.0273793	50
0.0273835	50
0.0273884	50
0.0273915	50
0.0273918	50
0.027392	50
0.0274041	50
0.0274045	50
0.027406	50
0.0274081	50
0.0274138	50
0.0274207	50
0.0274229	50
0.0274339	50
0.0274415	50
0.0274433	50
0.0274548	50
0.0274549	50
0.0274684	50
0.0274723	50
0.0274853	50
0.0275004	50
0.0275019	50
0.0275128	50
0.0275236	50
0.0275285	50
0.0275359	50
0.0275373	50
0.0275683	50
0.0275884	50
0.027624	50
0.0276379	50
0.0277042	50
0.0277326	50
0.0277749	50
0.0277876	50
0.0278055	50
0.0278497	50
0.0278498	50
0.0280298	50
0.0280308	50
0.0280356	50
0.0280476	50
0.0280481	50
0.0280516	50
0.0280533	50
0.0280535	50
0.0280535	50
0.0280571	50
0.0280616	50
0.0280618	50
0.0280627	50
0.0280628	50
0.0280676	50
0.0280677	50
0.028075	50
0.0280779	50
0.0280806	50
0.0280851	50
0.0280877	50
0.0280879	50
0.028088	50
0.028088	50
0.0280889	50
0.0281009	50
0.0281109	50
0.0281206	50
0.0281245	50
0.0281255	50
0.028128	50
0.0281388	50
0.0281439	50
0.0281796	50
0.0281965	50
0.0282221	50
0.0282393	50
0.0282447	50
0.0282492	50
0.0283141	50
0.0283151	50
0.0283567	50
0.0283602	50
0.0283605	50
0.0283611	50
0.0283708	50
0.0283779	50
0.0283917	50
0.0283963	50
0.0285321	50
0.0285321	50
0.0285322	50
0.0285322	50
0.0285323	50
0.0285323	50
0.0285324	50
0.0285324	50
0.0285325	50
0.0285325	50
0.0285326	50
0.0285326	50
0.0285327	50
0.0285327	50
0.028533	50
0.0285332	50
0.0285332	50
0.0285333	50
0.0285333	50
0.0285334	50
0.0285334	50
0.0285335	50
0.0285338	50
0.0285338	50
0.0285342	50
0.0285342	50
0.0285343	50
0.0285343	50
0.0285343	50
0.0285344	50
0.0285353	50
0.0285357	50
0.0285359	50
0.0285361	50
0.0285363	50
0.0285372	50
0.0285372	50
0.0285377	50
0.0285384	50
0.0285392	50
0.0285394	50
0.0285397	50
0.0285399	50
0.0285433	50
0.0285434	50
0.0285436	50
0.0285445	50
0.0285763	50
0.0285982	50
0.0286051	50
0.0286306	50
0.02864	50
0.0287325	50
0.0287606	50
0.0287658	50
0.0287781	50
0.0287831	50
0.0287852	50
0.0287973	50
0.0288024	50
0.0288176	50
0.0288297	50
0.0288314	50
0.0288323	50
0.0288402	50
0.028864	50
0.0288917	50
0.028898	50
0.0289058	50
0.0289071	50
0.0289267	50
0.028946	50
0.0289893	50
0.0290198	50
0.0290323	50
0.0290607	50
0.0291158	50
0.0292433	50
0.0292759	50
0.0292786	50
0.029281	50
0.0292893	50
0.029334	50
0.0293739	50
0.0294211	50
0.0295812	50
0.0296567	50
0.029666	50
0.0352436	50
0.0352444	50
0.0352449	50
0.0352475	50
0.0352488	50
0.0352499	50
0.0352499	50
0.0352505	50
0.035252	50
0.0352529	50
0.0352549	50
0.0352558	50
0.0352563	50
0.035269	50
0.0352692	50
0.0352718	50
0.0352732	50
0.0352749	50
0.0352754	50
0.0352786	50
0.0352799	50
0.0352858	50
0.0353016	50
0.0353144	50
0.0353168	50
0.0353179	50
0.0353185	50
0.0353196	50
0.0353254	50
0.0353266	50
0.0353268	50
0.0353269	50
0.0353321	50
0.0353356	50
0.0353379	50
0.0353452	50
0.0353565	50
0.035357	50
0.0353663	50
0.0353762	50
0.0353773	50
0.0353857	50
0.0353942	50
0.035406	50
0.0354074	50
0.03541	50
0.0354187	50
0.0354206	50
0.0354223	50
0.0354337	50
0.0354344	50
0.0354355	50
0.0354571	50
0.0354614	50
0.0354632	50
0.0354823	50
0.0355027	50
0.0355311	50
0.0355353	50
0.0355644	50
0.0355655	50
0.0355754	50
0.0356316	50
0.0356795	50
0.0356942	50
0.0357948	50
0.0358021	50
0.0358517	50
0.0358914	50
0.0358978	50
0.036016	50
0.0363499	50
0.0366584	50
0.0368556	50
0.0372663	50
0.0492454	50
0.0492456	50
0.0492456	50
0.0492456	50
0.0492458	50
0.049246	50
0.0492462	50
0.0492462	50
0.0492463	50
0.0492463	50
0.0492464	50
0.049247	50
0.049247	50
0.0492472	50
0.0492478	50
0.0492479	50
0.0492479	50
0.0492482	50
0.0492494	50
0.0492495	50
0.0492504	50
0.0492524	50
0.0492527	50
0.0492538	50
0.0492543	50
0.0492563	50
0.0492605	50
0.0492674	50
0.0493004	50
0.0493057	50
0.0493187	50
0.0493208	50
0.0493532	50
0.049362	50
0.0493742	50
0.0493822	50
0.049419	50
0.0494227	50
0.0494263	50
0.0494357	50
0.049436	50
0.0494375	50
0.0494449	50
0.0494604	50
0.0494959	50
0.0495795	50
0.0498172	50
0.0498707	50
0.0498716	50
0.0499333	50
0.0501992	50
0.0615628	50
0.0615662	50
0.0615667	50
0.0615703	50
0.0615762	50
0.0615802	50
0.0615829	50
0.0615906	50
0.0616012	50
0.0616214	50
0.0616399	50
0.0617167	50
0.0619738	50
0.062007	50
0.062605	50
0.0629846	50
0.077697	50
0.077697	50
0.077697	50
0.0776972	50
0.0776973	50
0.0776977	50
0.0776982	50
0.0776988	50
0.0776989	50
0.077699	50
0.0776997	50
0.0777003	50
0.0777003	50
0.0777004	50
0.0777027	50
0.0777032	50
0.0777032	50
0.0777033	50
0.077704	50
0.0777045	50
0.077709	50
0.09081	50
0.090811	50
0.0908133	50
0.0908138	50
0.0908148	50
0.0908331	50
0.0908403	50
0.0908429	50
0.0908492	50
0.0908683	50
0.0908996	50
0.0944897	50
0.0944911	50
0.0944927	50
0.0944992	50
0.0973379	50
0.0973437	50
0.097413	50
0.0974291	50
0.0974572	50
0.097651	50
0.0976522	50
0.103553	50
0.103553	50
0.103556	50
0.103557	50
0.103559	50
0.10356	50
0.10356	50
0.10356	50
0.103561	50
0.103571	50
0.103636	50
0.103871	50
0.117513	50
0.121234	50
0.121235	50
0.121235	50
0.121235	50
0.121236	50
0.121236	50
0.121237	50
0.121237	50
0.121237	50
0.121237	50
0.121239	50
0.121239	50
0.121239	50
0.121239	50
0.12124	50
0.12124	50
0.12124	50
0.12124	50
0.121241	50
0.121242	50
0.121244	50
0.12125	50
0.121251	50
0.121282	50
0.124101	50
0.124105	50
0.124159	50
0.136944	50
0.136945	50
0.136946	50
0.136948	50
0.136949	50
0.136952	50
0.136953	50
0.137004	50
0.144665	50
0.144666	50
0.144673	50
0.144704	50
0.144756	50
0.144774	50
0.147873	50
0.149318	50
0.149334	50
0.149341	50
0.14936	50
0.14938	50
0.149385	50
0.149404	50
0.149417	50
0.149426	50
0.149461	50
0.149537	50
0.149567	50
0.149587	50
0.14971	50
0.150692	50
0.151501	50
0.151503	50
0.151586	50
0.153235	50
0.172154	50
0.172155	50
0.172155	50
0.172156	50
0.172156	50
0.172157	50
0.172157	50
0.172157	50
0.172158	50
0.172158	50
0.172159	50
0.17216	50
0.172162	50
0.172164	50
0.172341	50
0.172363	50
0.172368	50
0.17237	50
0.175475	50
0.175476	50
0.175478	50
0.17548	50
0.176223	50
0.176267	50
0.177759	50
0.206496	50
0.206496	50
0.206496	50
0.206497	50
0.206497	50
0.2065	50
0.206507	50
0.206508	50
0.206866	50
0.217972	50
0.217973	50
0.217977	50
0.217977	50
0.217978	50
0.217979	50
0.218005	50
0.218134	50
0.21864	50
0.231686	50
0.231686	50
0.231686	50
0.231687	50
0.231695	50
0.231695	50
0.231698	50
0.231712	50
0.231717	50
0.23816	50
0.238161	50
0.238162	50
0.238166	50
0.238239	50
0.242321	50
0.242323	50
0.242325	50
0.24233	50
0.242333	50
0.242377	50
0.24546	50
0.245463	50
0.245467	50
0.245582	50
0.247617	50
0.24837	50
0.296993	50
0.296993	50
0.296993	50
0.296993	50
0.296993	50
0.296995	50
0.296996	50
0.296998	50
0.297001	50
0.297001	50
0.297006	50
0.297011	50
0.297073	50
0.304752	50
0.304755	50
0.304763	50
0.304911	50
0.311721	50
0.32113	50
0.321131	50
0.321137	50
0.321137	50
0.321138	50
0.321144	50
0.32123	50
0.321445	50
0.324498	50
0.32451	50
0.324609	50
0.342802	50
0.342802	50
0.342802	50
0.342802	50
0.342804	50
0.342806	50
0.342808	50
0.345427	50
0.345428	50
0.34544	50
0.356426	50
0.356428	50
0.356435	50
0.356437	50
0.356441	50
0.359913	50
0.359947	50
0.370296	50
0.370297	50
0.370297	50
0.370298	50
0.370304	50
0.370306	50
0.37031	50
0.370347	50
0.381455	50
0.381458	50
0.381459	50
0.381462	50
0.381487	50
0.382979	50
0.383	50
0.383046	50
0.38496	50
0.384969	50
0.385087	50
0.394262	50
0.394265	50
0.394266	50
0.394285	50
0.394333	50
0.395827	50
0.395836	50
0.395848	50
0.403986	50
0.403987	50
0.403993	50
0.403994	50
0.404008	50
0.40402	50
0.408524	50
0.408525	50
0.40853	50
0.41084	50
0.410848	50
0.410857	50
0.41088	50
0.411197	50
0.411212	50
0.411232	50
0.420533	50
0.420534	50
0.420535	50
0.420536	50
0.420538	50
0.420552	50
0.420552	50
0.423851	50
0.423858	50
0.423873	50
0.432508	50
0.432534	50
0.435996	50
0.435998	50
0.435999	50
0.436007	50
0.436066	50
0.437981	50
0.446858	50
0.44686	50
0.446862	50
0.446864	50
0.446871	50
0.446895	50
0.449694	50
0.449701	50
0.454971	50
0.454976	50
0.454977	50
0.454992	50
0.454996	50
0.480878	50
0.480878	50
0.480878	50
0.480878	50
0.480879	50
0.48089	50
0.48101	50
0.482889	50
0.482904	50
0.482904	50
0.483042	50
0.483462	50
0.483463	50
0.483557	50
0.48904	50
0.489043	50
0.489046	50
0.489052	50
0.49564	50
0.495645	50
0.49565	50
0.495789	50
0.501283	50
0.501292	50
0.50131	50
0.50135	50
0.511886	50
0.511889	50
0.511893	50
0.511905	50
0.512059	50
0.513609	50
0.513617	50
0.513968	50
0.514475	50
0.514477	50
0.517727	50
0.517731	50
0.517762	50
0.520018	50
0.520018	50
0.520022	50
0.520029	50
0.520054	50
0.520602	50
0.520603	50
0.520604	50
0.520604	50
0.544866	50
0.544866	50
0.544868	50
0.544868	50
0.544869	50
0.544878	50
0.544896	50
0.544931	50
0.5567	50
0.5567	50
0.556701	50
0.556705	50
0.556713	50
0.556714	50
0.556716	50
0.556721	50
0.556793	50
0.572128	50
0.572132	50
0.572132	50
0.572132	50
0.572202	50
0.583456	50
0.583456	50
0.583458	50
0.583459	50
0.58346	50
0.58346	50
0.583461	50
0.583462	50
0.583464	50
0.58347	50
0.583491	50
0.583517	50
0.583529	50
0.583534	50
0.589419	50
0.589424	50
0.589466	50
0.590078	50
0.590082	50
0.59016	50
0.616409	50
0.616409	50
0.616409	50
0.616416	50
0.616431	50
0.616533	50
0.621331	50
0.621333	50
0.621347	50
0.621409	50
0.621518	50
0.629728	50
0.629729	50
0.629734	50
0.629742	50
0.656525	50
0.656525	50
0.656526	50
0.656527	50
0.656537	50
0.656543	50
0.656572	50
0.662055	50
0.662069	50
0.662261	50
0.683433	50
0.683434	50
0.683434	50
0.683436	50
0.683436	50
0.683437	50
0.683439	50
0.683441	50
0.690638	50
0.690645	50
0.690657	50
0.690684	50
0.692865	50
0.69287	50
0.692897	50
0.698412	50
0.698413	50
0.698414	50
0.698416	50
0.698743	50
0.701195	50
0.701196	50
0.701197	50
0.701651	50
0.716732	50
0.716732	50
0.716736	50
0.716748	50
0.716748	50
0.716952	50
0.717395	50
0.724484	50
0.724685	50
0.724685	50
0.724736	50
0.728864	50
0.792378	50
0.792379	50
0.792379	50
0.792379	50
0.79238	50
0.792381	50
0.792381	50
0.792381	50
0.792383	50
0.792389	50
0.792396	50
0.812107	50
0.812108	50
0.812108	50
0.812109	50
0.812112	50
0.812113	50
0.812115	50
0.812132	50
0.812136	50
0.813442	50
0.813447	50
0.81345	50
0.813511	50
0.813962	50
0.813963	50
0.814132	50
0.814247	50
0.81425	50
0.814387	50
0.824912	50
0.84046	50
0.84046	50
0.840462	50
0.840465	50
0.840467	50
0.840482	50
0.840587	50
0.843206	50
0.843208	50
0.873381	50
0.873382	50
0.873382	50
0.873383	50
0.873383	50
0.873386	50
0.873388	50
0.873396	50
0.873496	50
0.873502	50
0.873504	50
0.873704	50
0.876633	50
0.87664	50
0.876641	50
0.876692	50
0.877453	50
0.877493	50
0.877593	50
0.881017	50
0.881026	50
0.88103	50
0.881035	50
0.881055	50
0.88424	50
0.884254	50
0.884274	50
0.948158	50
0.948158	50
0.948158	50
0.94816	50
0.948161	50
0.948162	50
0.948171	50
0.948214	50
0.963289	50
0.96329	50
0.963291	50
0.963324	50
0.985434	50
0.985435	50
0.985437	50
0.985438	50
0.985442	50
0.985446	50
0.985462	50
0.987718	50
0.987725	50
0.987729	50
0.98775	50
0.987811	50
0.987815	50
0.987829	50
0.999361	50
0.999362	50
0.999363	50
0.999364	50
0.999368	50
0.999368	50
0.999391	50
1.00363	50
1.00364	50
1.00365	50
1.00367	50
1.00502	50
1.00503	50
1.00503	50
1.00574	50
1.00574	50
1.0102	50
1.02292	50
1.02292	50
1.02357	50
1.02357	50
1.02357	50
1.02358	50
1.02656	50
1.02656	50
1.02657	50
1.02657	50
1.03288	50
1.03288	50
1.03289	50
1.04113	50
1.04432	50
1.04433	50
1.04433	50
1.04433	50
1.04433	50
1.04435	50
1.04449	50
1.04727	50
1.0473	50
1.04733	50
1.04965	50
1.04965	50
1.05229	50
1.05231	50
1.05234	50
1.05234	50
1.05689	50
1.05689	50
1.0569	50
1.0569	50
1.0569	50
1.05691	50
1.05694	50
1.05694	50
1.06368	50
1.06368	50
1.06369	50
1.0637	50
1.06376	50
1.06705	50
1.06707	50
1.06709	50
1.07574	50
1.07574	50
1.07575	50
1.07581	50
1.08463	50
1.08463	50
1.08463	50
1.08464	50
1.08464	50
1.08467	50
1.08731	50
1.08731	50
1.08732	50
1.08742	50
1.09008	50
1.09009	50
1.09011	50
1.09187	50
1.09188	50
1.09189	50
1.09193	50
1.09727	50
1.09735	50
1.09739	50
1.10782	50
1.10782	50
1.10782	50
1.10783	50
1.10784	50
1.10784	50
1.11022	50
1.11023	50
1.11023	50
1.11492	50
1.11492	50
1.11492	50
1.11493	50
1.11504	50
1.11504	50
1.11504	50
1.11506	50
1.12748	50
1.12749	50
1.12749	50
1.1275	50
1.12751	50
1.12753	50
1.1448	50
1.1448	50
1.1448	50
1.1448	50
1.14481	50
1.14483	50
1.14485	50
1.14597	50
1.14598	50
1.14599	50
1.14698	50
1.15417	50
1.15417	50
1.15417	50
1.15418	50
1.1542	50
1.15537	50
1.15541	50
1.15605	50
1.21341	50
1.21341	50
1.21341	50
1.21341	50
1.21341	50
1.21341	50
1.21341	50
1.21341	50
1.21343	50
1.21354	50
1.22681	50
1.22682	50
1.22682	50
1.22682	50
1.22685	50
1.22845	50
1.22845	50
1.22846	50
1.24317	50
1.24318	50
1.24318	50
1.26104	50
1.26104	50
1.26105	50
1.26105	50
1.26105	50
1.26106	50
1.2611	50
1.27527	50
1.27528	50
1.27528	50
1.27529	50
1.27529	50
1.27529	50
1.27535	50
1.27699	50
1.29478	50
1.29479	50
1.29479	50
1.29479	50
1.2948	50
1.29483	50
1.29845	50
1.30739	50
1.30739	50
1.30739	50
1.30739	50
1.30739	50
1.3074	50
1.30843	50
1.30844	50
1.30849	50
1.31031	50
1.31034	50
1.31038	50
1.32227	50
1.32228	50
1.32229	50
1.32999	50
1.32999	50
1.32999	50
1.32999	50
1.32999	50
1.33	50
1.33	50
1.33898	50
1.33899	50
1.33901	50
1.33901	50
1.3411	50
1.34111	50
1.34112	50
1.34251	50
1.34252	50
1.34253	50
1.34261	50
1.34681	50
1.34683	50
1.34683	50
1.34718	50
1.34722	50
1.34722	50
1.35276	50
1.35276	50
1.35276	50
1.35277	50
1.35281	50
1.35441	50
1.35441	50
1.35445	50
1.35457	50
1.35971	50
1.37049	50
1.37049	50
1.37147	50
1.37159	50
1.37229	50
1.37229	50
1.37252	50
1.38416	50
1.38418	50
1.38422	50
1.41187	50
1.41187	50
1.41187	50
1.41187	50
1.41188	50
1.41188	50
1.41189	50
1.4119	50
1.4119	50
1.41196	50
1.41411	50
1.41415	50
1.4214	50
1.42148	50
1.42387	50
1.42547	50
1.42547	50
1.42549	50
1.42549	50
1.42561	50
1.47673	50
1.47673	50
1.47673	50
1.47673	50
1.47674	50
1.47674	50
1.47674	50
1.47675	50
1.47675	50
1.47675	50
1.48544	50
1.48544	50
1.48545	50
1.4855	50
1.49038	50
1.4904	50
1.49042	50
1.49367	50
1.49367	50
1.4937	50
1.49524	50
1.49527	50
1.49667	50
1.50169	50
1.50169	50
1.50169	50
1.50169	50
1.50172	50
1.50185	50
1.50561	50
1.50561	50
1.50561	50
1.50587	50
1.50628	50
1.50634	50
1.50645	50
1.50946	50
1.50968	50
1.50999	50
1.52024	50
1.52026	50
1.52026	50
1.52219	50
1.52219	50
1.5222	50
1.52331	50
1.52331	50
1.55217	50
1.55217	50
1.55217	50
1.55217	50
1.55217	50
1.55218	50
1.55218	50
1.55219	50
1.56345	50
1.56345	50
1.56345	50
1.56346	50
1.5636	50
1.57803	50
1.57804	50
1.57804	50
1.57804	50
1.57804	50
1.5803	50
1.5803	50
1.58031	50
1.58031	50
1.58037	50
1.58388	50
1.61657	50
1.61657	50
1.61657	50
1.61657	50
1.61657	50
1.61658	50
1.61658	50
1.61658	50
1.61658	50
1.61662	50
1.61673	50
1.65079	50
1.65079	50
1.65079	50
1.65079	50
1.6508	50
1.6508	50
1.65083	50
1.65083	50
1.65085	50
1.66532	50
1.66532	50
1.66532	50
1.66532	50
1.66545	50
1.67353	50
1.67353	50
1.67355	50
1.67355	50
1.67924	50
1.67925	50
1.67925	50
1.6793	50
1.67936	50
1.68505	50
1.68505	50
1.68505	50
1.68507	50
1.68507	50
1.6851	50
1.68877	50
1.68878	50
1.68879	50
1.68884	50
1.69154	50
1.69155	50
1.69155	50
1.69158	50
1.69728	50
1.69728	50
1.69729	50
1.69731	50
1.69733	50
1.70552	50
1.70552	50
1.70552	50
1.70553	50
1.70554	50
1.70556	50
1.7191	50
1.7191	50
1.71911	50
1.71915	50
1.71915	50
1.72374	50
1.72374	50
1.72381	50
1.73876	50
1.73876	50
1.73876	50
1.73877	50
1.7388	50
1.74348	50
1.74545	50
1.74546	50
1.74546	50
1.74546	50
1.7456	50
1.75994	50
1.75994	50
1.75995	50
1.75995	50
1.76161	50
1.76163	50
1.76386	50
1.76386	50
1.76386	50
1.76387	50
1.77575	50
1.77577	50
1.77579	50
1.79863	50
1.79863	50
1.79863	50
1.79863	50
1.79863	50
1.79863	50
1.79864	50
1.79864	50
1.79864	50
1.79865	50
1.79877	50
1.80873	50
1.80873	50
1.80873	50
1.8088	50
1.81242	50
1.81242	50
1.81244	50
1.81275	50
1.81604	50
1.81606	50
1.81607	50
1.81608	50
1.82675	50
1.82676	50
1.82998	50
1.83009	50
1.83244	50
1.83244	50
1.83246	50
1.83273	50
1.83624	50
1.83626	50
1.83646	50
1.84183	50
1.84184	50
1.84184	50
1.84195	50
1.84551	50
1.84552	50
1.84553	50
1.86094	50
1.86094	50
1.86094	50
1.86095	50
1.86095	50
1.86095	50
1.86096	50
1.86097	50
1.86238	50
1.86238	50
1.86263	50
1.86263	50
1.86264	50
1.86358	50
1.86362	50
1.87344	50
1.87344	50
1.87344	50
1.87346	50
1.87348	50
1.89695	50
1.89695	50
1.89695	50
1.89695	50
1.89696	50
1.89696	50
1.89697	50
1.89697	50
1.897	50
1.897	50
1.90519	50
1.90519	50
1.9052	50
1.9052	50
1.90521	50
1.90523	50
1.91129	50
1.91129	50
1.9113	50
1.91133	50
1.92027	50
1.92028	50
1.92042	50
1.9342	50
1.9342	50
1.9342	50
1.93438	50
1.9361	50
1.9361	50
1.93621	50
1.93892	50
1.93893	50
1.93893	50
1.93946	50
1.9398	50
1.93981	50
1.93983	50
1.93985	50
1.93987	50
1.95375	50
1.95375	50
1.95375	50
1.95376	50
1.95378	50
1.96757	50
1.96757	50
1.96758	50
1.96769	50
1.99388	50
1.99388	50
1.99389	50
1.9939	50
1.99391	50
1.99464	50
1.99874	50
1.99874	50
1.99878	50
1.99917	50
2.00206	50
2.00206	50
2.00206	50
2.00226	50
2.04505	50
2.04505	50
2.04505	50
2.04506	50
2.04507	50
2.04508	50
2.04509	50
2.04509	50
2.04509	50
2.04509	50
2.04512	50
2.04642	50
2.04642	50
2.04643	50
2.04643	50
2.04643	50
2.04644	50
2.0471	50
2.04891	50
2.04892	50
2.04893	50
2.04918	50
2.04925	50
2.08087	50
2.08088	50
2.08088	50
2.08088	50
2.08089	50
2.08089	50
2.08089	50
2.08456	50
2.08456	50
2.08458	50
2.08462	50
2.08648	50
2.08648	50
2.08648	50
2.08648	50
2.08649	50
2.08649	50
2.08879	50
2.09865	50
2.09865	50
2.09866	50
2.09868	50
2.10158	50
2.10159	50
2.1016	50
2.10357	50
2.10357	50
2.10361	50
2.10821	50
2.10821	50
2.10822	50
2.11986	50
2.13457	50
2.13458	50
2.13458	50
2.13458	50
2.13458	50
2.13465	50
2.13906	50
2.13906	50
2.13906	50
2.13907	50
2.13907	50
2.13907	50
2.13908	50
2.13908	50
2.13914	50
2.14347	50
2.16066	50
2.16066	50
2.16066	50
2.16067	50
2.16068	50
2.18224	50
2.18224	50
2.18224	50
2.18224	50
2.19167	50
2.19167	50
2.19168	50
2.19168	50
2.19168	50
2.19168	50
2.19749	50
2.19749	50
2.1975	50
2.20249	50
2.2025	50
2.20253	50
2.21099	50
2.21099	50
2.21099	50
2.211	50
2.211	50
2.22233	50
2.22233	50
2.22233	50
2.22233	50
2.22234	50
2.22234	50
2.22966	50
2.22966	50
2.22967	50
2.22974	50
2.24216	50
2.24217	50
2.24217	50
2.24217	50
2.24218	50
2.24221	50
2.26554	50
2.26555	50
2.26558	50
2.2656	50
2.27086	50
2.27087	50
2.27087	50
2.27091	50
2.27092	50
2.27095	50
2.27483	50
2.27484	50
2.27484	50
2.27486	50
2.27492	50
2.27935	50
2.28926	50
2.28926	50
2.28926	50
2.28927	50
2.28966	50
2.28968	50
2.29423	50
2.29424	50
2.29424	50
2.29424	50
2.29426	50
2.30348	50
2.30348	50
2.30349	50
2.30476	50
2.30477	50
2.30478	50
2.30479	50
2.30479	50
2.31784	50
2.31784	50
2.31784	50
2.31784	50
2.31784	50
2.31789	50
2.32179	50
2.3218	50
2.3218	50
2.32764	50
2.32764	50
2.32764	50
2.32764	50
2.32904	50
2.32904	50
2.32905	50
2.35025	50
2.35025	50
2.35025	50
2.35025	50
2.35025	50
2.35026	50
2.37345	50
2.37345	50
2.37345	50
2.37346	50
2.37346	50
2.37347	50
2.3736	50
2.3825	50
2.3825	50
2.3825	50
2.3825	50
2.38253	50
2.39555	50
2.39556	50
2.39556	50
2.40592	50
2.40592	50
2.40593	50
2.40593	50
2.42263	50
2.42263	50
2.42264	50
2.42264	50
2.42264	50
2.42264	50
2.42264	50
2.42264	50
2.42269	50
2.42456	50
2.42458	50
2.4246	50
2.42469	50
2.43173	50
2.43174	50
2.43175	50
2.43175	50
2.43176	50
2.43189	50
2.44002	50
2.44003	50
2.44004	50
2.44079	50
2.44079	50
2.44079	50
2.44081	50
2.44081	50
2.44082	50
2.44082	50
2.44082	50
2.44083	50
2.44088	50
2.45209	50
2.45209	50
2.45212	50
2.47359	50
2.47359	50
2.4736	50
2.4736	50
2.47366	50
2.4765	50
2.47651	50
2.47651	50
2.47653	50
2.47661	50
2.47813	50
2.49211	50
2.49211	50
2.49212	50
2.49212	50
2.49796	50
2.49797	50
2.49799	50
2.49801	50
2.51097	50
2.51097	50
2.51097	50
2.51097	50
2.51098	50
2.51098	50
2.51098	50
2.511	50
2.51108	50
2.51109	50
2.5111	50
2.51111	50
2.51134	50
2.52467	50
2.52468	50
2.52468	50
2.52468	50
2.52471	50
2.5251	50
2.52511	50
2.53005	50
2.53008	50
2.53334	50
2.53335	50
2.53335	50
2.56335	50
2.56335	50
2.56335	50
2.56335	50
2.56336	50
2.56336	50
2.56336	50
2.56337	50
2.56337	50
2.56338	50
2.56347	50
2.56347	50
2.56351	50
2.56364	50
2.56575	50
2.56575	50
2.56581	50
2.56592	50
2.56725	50
2.56725	50
2.56725	50
2.56727	50
2.56734	50
2.58606	50
2.58606	50
2.58606	50
2.58607	50
2.58611	50
2.58905	50
2.58906	50
2.58908	50
2.58908	50
2.5974	50
2.59741	50
2.59765	50
2.59767	50
2.59769	50
2.59773	50
2.60757	50
2.60757	50
2.60758	50
2.60758	50
2.61153	50
2.61154	50
2.61158	50
2.61208	50
2.61957	50
2.61958	50
2.61958	50
2.61958	50
2.61959	50
2.62864	50
2.62864	50
2.62864	50
2.62864	50
2.62869	50
2.62943	50
2.62943	50
2.62943	50
2.62943	50
2.62944	50
2.62944	50
2.69085	50
2.69085	50
2.69085	50
2.69085	50
2.69085	50
2.69086	50
2.69087	50
2.69088	50
2.70182	50
2.70185	50
2.70186	50
2.71488	50
2.71488	50
2.71488	50
2.7149	50
2.71491	50
2.71494	50
2.74256	50
2.74256	50
2.74256	50
2.74256	50
2.74256	50
2.74257	50
2.74257	50
2.7426	50
2.75091	50
2.75091	50
2.75092	50
2.75092	50
2.75992	50
2.75992	50
2.75992	50
2.75993	50
2.75993	50
2.75993	50
2.75993	50
2.75995	50
2.75995	50
2.76037	50
2.7617	50
2.76171	50
2.76172	50
2.76173	50
2.76848	50
2.76848	50
2.76849	50
2.7685	50
2.76851	50
2.76851	50
2.76856	50
2.77375	50
2.77388	50
2.80218	50
2.80218	50
2.80219	50
2.80219	50
2.8022	50
2.8022	50
2.8022	50
2.80222	50
2.80303	50
2.80839	50
2.80839	50
2.8084	50
2.8084	50
2.80843	50
2.82285	50
2.82286	50
2.82288	50
2.82289	50
2.823	50
2.83628	50
2.83628	50
2.83628	50
2.83629	50
2.83629	50
2.8363	50
2.83644	50
2.84247	50
2.84249	50
2.84252	50
2.87603	50
2.87603	50
2.87604	50
2.87605	50
2.87605	50
2.87615	50
2.88046	50
2.88046	50
2.88046	50
2.88047	50
2.88048	50
2.8805	50
2.88309	50
2.88309	50
2.8831	50
2.8927	50
2.8927	50
2.8927	50
2.8927	50
2.89279	50
2.9193	50
2.9193	50
2.9193	50
2.91932	50
2.91933	50
2.91935	50
2.93695	50
2.93695	50
2.93695	50
2.93695	50
2.93696	50
2.93701	50
2.93775	50
2.93777	50
2.94653	50
2.95657	50
2.95657	50
2.95657	50
2.95657	50
2.95658	50
2.95661	50
2.95972	50
2.98012	50
2.98012	50
2.98012	50
2.98012	50
2.98012	50
2.98012	50
2.98012	50
2.98012	50
2.98932	50
2.98933	50
2.98933	50
2.98933	50
2.99482	50
2.99483	50
2.99485	50
2.99796	50
2.99798	50
2.99803	50
3.00481	50
3.00482	50
3.00482	50
3.00482	50
3.00483	50
3.00484	50
3.0049	50
3.0381	50
3.0381	50
3.0381	50
3.0381	50
3.0381	50
3.03811	50
3.03811	50
3.03819	50
3.03862	50
3.04288	50
3.0522	50
3.0522	50
3.0522	50
3.05222	50
3.06615	50
3.06615	50
3.06616	50
3.06616	50
3.06617	50
3.06617	50
3.06635	50
3.11086	50
3.11086	50
3.11086	50
3.11086	50
3.11086	50
3.11089	50
3.11089	50
3.11699	50
3.117	50
3.117	50
3.117	50
3.11713	50
3.11936	50
3.11937	50
3.11937	50
3.11956	50
3.12024	50
3.12025	50
3.12033	50
3.12213	50
3.12215	50
3.12216	50
3.12346	50
3.12367	50
3.12367	50
3.12368	50
3.12372	50
3.12451	50
3.12453	50
3.12462	50
3.12513	50
3.12513	50
3.12514	50
3.12517	50
3.14022	50
3.14022	50
3.14022	50
3.14023	50
3.14055	50
3.14066	50
3.15093	50
3.15093	50
3.15094	50
3.15095	50
3.15095	50
3.15095	50
3.15096	50
3.15962	50
3.15962	50
3.15963	50
3.15963	50
3.1616	50
3.1616	50
3.16161	50
3.16247	50
3.18629	50
3.18629	50
3.18629	50
3.1863	50
3.1863	50
3.18631	50
3.18632	50
3.18632	50
3.18635	50
3.18654	50
3.19569	50
3.19569	50
3.1957	50
3.19574	50
3.20408	50
3.20408	50
3.20516	50
3.20579	50
3.22528	50
3.22528	50
3.22529	50
3.22529	50
3.22529	50
3.22529	50
3.22545	50
3.23099	50
3.231	50
3.23107	50
3.23935	50
3.23937	50
3.25285	50
3.25286	50
3.25286	50
3.25286	50
3.25287	50
3.26334	50
3.26334	50
3.26334	50
3.26334	50
3.26334	50
3.26335	50
3.26336	50
3.26681	50
3.26968	50
3.26968	50
3.26969	50
3.2697	50
3.26971	50
3.27391	50
3.27391	50
3.27391	50
3.27393	50
3.28588	50
3.28588	50
3.28588	50
3.29805	50
3.29805	50
3.29805	50
3.29805	50
3.29805	50
3.29806	50
3.29806	50
3.29806	50
3.29806	50
3.29809	50
3.29818	50
3.31114	50
3.31115	50
3.31115	50
3.31116	50
3.31117	50
3.31122	50
3.31761	50
3.33256	50
3.33257	50
3.33257	50
3.33257	50
3.33258	50
3.33312	50
3.34717	50
3.34717	50
3.34718	50
3.34718	50
3.34719	50
3.34721	50
3.34727	50
3.3553	50
3.35533	50
3.35579	50
3.35984	50
3.35986	50
3.35986	50
3.3599	50
3.36008	50
3.36572	50
3.37002	50
3.37129	50
3.38118	50
3.38118	50
3.38118	50
3.38124	50
3.39156	50
3.39156	50
3.39157	50
3.39157	50
3.39158	50
3.39161	50
3.4005	50
3.4005	50
3.40063	50
3.41193	50
3.41193	50
3.41198	50
3.41238	50
3.42283	50
3.42283	50
3.42285	50
3.42285	50
3.42285	50
3.42295	50
3.43111	50
3.43121	50
3.43729	50
3.43729	50
3.4373	50
3.43734	50
3.43758	50
3.44028	50
3.44029	50
3.44031	50
3.44042	50
3.44042	50
3.44043	50
3.44043	50
3.44044	50
3.44044	50
3.44046	50
3.44053	50
3.45843	50
3.45879	50
3.45879	50
3.45879	50
3.45879	50
3.45933	50
3.47335	50
3.47335	50
3.47336	50
3.47337	50
3.47337	50
3.47422	50
3.4751	50
3.4845	50
3.4845	50
3.48452	50
3.49731	50
3.49731	50
3.49732	50
3.49732	50
3.49733	50
3.49734	50
3.524	50
3.52401	50
3.52401	50
3.52401	50
3.52401	50
3.52402	50
3.52403	50
3.52447	50
3.52742	50
3.53556	50
3.53556	50
3.53558	50
3.53608	50
3.53608	50
3.53609	50
3.53631	50
3.53643	50
3.53643	50
3.53648	50
3.55219	50
3.55221	50
3.55222	50
3.55222	50
3.55222	50
3.55231	50
3.56168	50
3.56168	50
3.56168	50
3.56264	50
3.56318	50
3.56319	50
3.56337	50
3.56758	50
3.5676	50
3.5676	50
3.58798	50
3.58798	50
3.58798	50
3.58798	50
3.58798	50
3.58798	50
3.58798	50
3.58799	50
3.58799	50
3.58801	50
3.58802	50
3.58843	50
3.60092	50
3.60093	50
3.60093	50
3.60099	50
3.60415	50
3.60415	50
3.60416	50
3.60427	50
3.60974	50
3.60975	50
3.60976	50
3.6098	50
3.64373	50
3.64373	50
3.64373	50
3.64373	50
3.64374	50
3.64374	50
3.64376	50
3.64383	50
3.64397	50
3.65935	50
3.65935	50
3.65939	50
3.6594	50
3.67049	50
3.67049	50
3.6705	50
3.67056	50
3.70626	50
3.70627	50
3.70627	50
3.70627	50
3.70627	50
3.70627	50
3.70627	50
3.70627	50
3.70629	50
3.70635	50
3.70698	50
3.71482	50
3.71482	50
3.71482	50
3.71484	50
3.71562	50
3.71563	50
3.72363	50
3.72364	50
3.72364	50
3.72367	50
3.76418	50
3.76418	50
3.76418	50
3.76418	50
3.76418	50
3.76418	50
3.76419	50
3.76421	50
3.76421	50
3.76423	50
3.76472	50
3.76472	50
3.76473	50
3.7648	50
3.76724	50
3.78039	50
3.7804	50
3.78041	50
3.78041	50
3.78168	50
3.79417	50
3.79417	50
3.79417	50
3.79417	50
3.79417	50
3.79419	50
3.7942	50
3.79424	50
3.80456	50
3.8046	50
3.80461	50
3.80467	50
3.80742	50
3.80742	50
3.80743	50
3.80747	50
3.87095	50
3.87095	50
3.87096	50
3.87096	50
3.87096	50
3.87097	50
3.87107	50
3.8741	50
3.88126	50
3.88126	50
3.88163	50
3.88166	50
3.88169	50
3.88363	50
3.89306	50
3.89307	50
3.89307	50
3.89312	50
3.89323	50
3.89418	50
3.89418	50
3.89419	50
3.89449	50
3.89947	50
3.89949	50
3.8995	50
3.9065	50
3.90808	50
3.90808	50
3.90809	50
3.90811	50
3.90814	50
3.93299	50
3.933	50
3.933	50
3.933	50
3.933	50
3.93303	50
3.93303	50
3.93325	50
3.94124	50
3.95086	50
3.95086	50
3.95086	50
3.95087	50
3.95106	50
3.95123	50
3.95127	50
3.95716	50
3.95716	50
3.95719	50
3.95721	50
3.95723	50
3.9731	50
3.9731	50
3.9731	50
3.97311	50
3.97312	50
3.97313	50
3.99729	50
3.99729	50
3.9973	50
3.9973	50
3.9973	50
3.99731	50
3.99732	50
4.00513	50
4.00516	50
4.00516	50
4.00519	50
4.03673	50
4.03673	50
4.03673	50
4.03674	50
4.03674	50
4.03676	50
4.03676	50
4.03682	50
4.03694	50
4.03999	50
4.04001	50
4.05233	50
4.05234	50
4.05234	50
4.0524	50
4.05798	50
4.05798	50
4.05799	50
4.058	50
4.09541	50
4.09541	50
4.09541	50
4.09541	50
4.09542	50
4.09542	50
4.09543	50
4.09544	50
4.09546	50
4.09577	50
4.10134	50
4.10135	50
4.10136	50
4.10142	50
4.11345	50
4.11346	50
4.11349	50
4.11475	50
4.11476	50
4.11476	50
4.11487	50
4.11548	50
4.11548	50
4.11549	50
4.12649	50
4.1265	50
4.12651	50
4.14961	50
4.14962	50
4.14962	50
4.14964	50
4.14967	50
4.1498	50
4.16164	50
4.16164	50
4.16165	50
4.16166	50
4.16167	50
4.16171	50
4.1746	50
4.1746	50
4.1746	50
4.17461	50
4.17462	50
4.17476	50
4.17476	50
4.17477	50
4.17477	50
4.17491	50
4.18444	50
4.18444	50
4.18444	50
4.18446	50
4.18448	50
4.18452	50
4.19024	50
4.19026	50
4.19046	50
4.19054	50
4.21305	50
4.21306	50
4.21306	50
4.2131	50
4.21954	50
4.21955	50
4.21955	50
4.21959	50
4.22232	50
4.22233	50
4.22234	50
4.22234	50
4.23614	50
4.23615	50
4.23619	50
4.25055	50
4.25056	50
4.25056	50
4.25056	50
4.25057	50
4.25058	50
4.25059	50
4.25066	50
4.25705	50
4.25707	50
4.2571	50
4.25731	50
4.26263	50
4.26264	50
4.2628	50
4.26285	50
4.26847	50
4.26849	50
4.26855	50
4.27778	50
4.27778	50
4.27778	50
4.27778	50
4.2778	50
4.29094	50
4.29095	50
4.29095	50
4.29097	50
4.29097	50
4.291	50
4.30108	50
4.30108	50
4.30109	50
4.30109	50
4.30109	50
4.3011	50
4.30111	50
4.30752	50
4.31936	50
4.31936	50
4.31939	50
4.31941	50
4.31944	50
4.32516	50
4.32517	50
4.32517	50
4.32517	50
4.32518	50
4.32524	50
4.33504	50
4.33506	50
4.33508	50
4.33508	50
4.34671	50
4.34671	50
4.34673	50
4.36274	50
4.36274	50
4.36275	50
4.36275	50
4.36275	50
4.36275	50
4.36276	50
4.36278	50
4.36279	50
4.3676	50
4.3676	50
4.3676	50
4.3676	50
4.3676	50
4.36761	50
4.36779	50
4.38086	50
4.38089	50
4.38089	50
4.38162	50
4.39229	50
4.39229	50
4.39229	50
4.3923	50
4.3923	50
4.41049	50
4.41049	50
4.41049	50
4.4105	50
4.4105	50
4.4105	50
4.41051	50
4.41051	50
4.41064	50
4.47482	50
4.47482	50
4.47482	50
4.47482	50
4.47482	50
4.47482	50
4.47483	50
4.47484	50
4.4749	50
4.50456	50
4.50456	50
4.50457	50
4.51365	50
4.51365	50
4.51366	50
4.51366	50
4.51368	50
4.51608	50
4.51608	50
4.51608	50
4.51609	50
4.5161	50
4.52752	50
4.52752	50
4.52754	50
4.52761	50
4.53601	50
4.53601	50
4.53602	50
4.53604	50
4.54261	50
4.54262	50
4.54262	50
4.54262	50
4.54263	50
4.54263	50
4.54263	50
4.54275	50
4.54569	50
4.5457	50
4.54587	50
4.54614	50
4.56511	50
4.56511	50
4.56511	50
4.56512	50
4.56512	50
4.56513	50
4.56518	50
4.56519	50
4.56738	50
4.56738	50
4.5674	50
4.57295	50
4.57296	50
4.57298	50
4.57821	50
4.58888	50
4.58889	50
4.58889	50
4.58893	50
4.58898	50
4.59687	50
4.59689	50
4.59689	50
4.5969	50
4.59696	50
4.60827	50
4.60828	50
4.60828	50
4.60834	50
4.60834	50
4.61484	50
4.61484	50
4.61485	50
4.61488	50
4.61488	50
4.63693	50
4.63693	50
4.63693	50
4.63694	50
4.63695	50
4.63696	50
4.6371	50
4.63918	50
4.64142	50
4.64142	50
4.64144	50
4.64497	50
4.645	50
4.64502	50
4.64997	50
4.65	50
4.65001	50
4.65308	50
4.65308	50
4.6532	50
4.66798	50
4.66798	50
4.66798	50
4.66799	50
4.66799	50
4.66799	50
4.66799	50
4.66799	50
4.668	50
4.66805	50
4.66807	50
4.66819	50
4.6682	50
4.66843	50
4.66927	50
4.6693	50
4.66946	50
4.67937	50
4.67937	50
4.67938	50
4.67945	50
4.67955	50
4.68463	50
4.68464	50
4.68465	50
4.68465	50
4.68467	50
4.68562	50
4.68562	50
4.68562	50
4.68567	50
4.68871	50
4.68872	50
4.72103	50
4.72103	50
4.72103	50
4.72104	50
4.72104	50
4.72104	50
4.72105	50
4.72111	50
4.7338	50
4.7338	50
4.73383	50
4.7339	50
4.74387	50
4.74387	50
4.74389	50
4.74389	50
4.7439	50
4.7439	50
4.74975	50
4.74975	50
4.74975	50
4.74976	50
4.74977	50
4.75044	50
4.75113	50
4.75115	50
4.75146	50
4.75414	50
4.75415	50
4.75443	50
4.75895	50
4.75897	50
4.75897	50
4.75956	50
4.76517	50
4.76517	50
4.76518	50
4.76521	50
4.77976	50
4.77976	50
4.77977	50
4.77977	50
4.77978	50
4.77986	50
4.78007	50
4.80193	50
4.80193	50
4.80194	50
4.80194	50
4.80195	50
4.80533	50
4.80535	50
4.80536	50
4.80668	50
4.80668	50
4.80669	50
4.80669	50
4.8067	50
4.80671	50
4.80717	50
4.80887	50
4.81028	50
4.81031	50
4.81503	50
4.81504	50
4.81507	50
4.81575	50
4.81676	50
4.81689	50
4.8189	50
4.81893	50
4.819	50
4.82355	50
4.82355	50
4.82357	50
4.82361	50
4.82868	50
4.82869	50
4.82869	50
4.82872	50
4.8292	50
4.83182	50
4.83183	50
4.83191	50
4.84872	50
4.84872	50
4.84872	50
4.84872	50
4.84873	50
4.84873	50
4.84886	50
4.85403	50
4.85404	50
4.85405	50
4.85416	50
4.85475	50
4.85539	50
4.8554	50
4.85544	50
4.85778	50
4.85778	50
4.85779	50
4.85779	50
4.87792	50
4.87792	50
4.87792	50
4.87794	50
4.87798	50
4.87812	50
4.87822	50
4.87892	50
4.87893	50
4.87898	50
4.89075	50
4.89076	50
4.89079	50
4.8908	50
4.89985	50
4.89986	50
4.89986	50
4.89989	50
4.90043	50
4.90058	50
4.91119	50
4.9197	50
4.9197	50
4.91974	50
4.91975	50
4.93086	50
4.93086	50
4.93087	50
4.93087	50
4.93087	50
4.93087	50
4.93094	50
4.93342	50
4.93483	50
4.93484	50
4.93485	50
4.93487	50
4.93487	50
4.94537	50
4.94537	50
4.94538	50
4.94538	50
4.94539	50
4.94544	50
4.94582	50
4.94853	50
4.94855	50
4.94856	50
4.94866	50
4.96497	50
4.96498	50
4.96499	50
5.02721	50
5.02721	50
5.02721	50
5.02723	50
5.02724	50
5.02725	50
5.02725	50
5.02728	50
5.02736	50
5.03399	50
5.03399	50
5.03401	50
5.03402	50
5.03785	50
5.03786	50
5.03787	50
5.04364	50
5.09298	50
5.09298	50
5.09298	50
5.09298	50
5.09298	50
5.09298	50
5.09298	50
5.09299	50
5.093	50
5.09305	50
5.09306	50
5.09334	50
5.10114	50
5.10115	50
5.10116	50
5.10118	50
5.11226	50
5.11229	50
5.11231	50
5.11238	50
5.11246	50
5.13835	50
5.13835	50
5.13835	50
5.13836	50
5.13836	50
5.13836	50
5.13837	50
5.13869	50
5.15132	50
5.15132	50
5.15133	50
5.15134	50
5.1603	50
5.16032	50
5.1605	50
5.17357	50
5.17357	50
5.17358	50
5.17366	50
5.23018	50
5.23018	50
5.23018	50
5.23018	50
5.23018	50
5.23018	50
5.23019	50
5.23023	50
5.2303	50
5.23047	50
5.24293	50
5.24316	50
5.24322	50
5.24709	50
5.24709	50
5.2471	50
5.24751	50
5.26599	50
5.26599	50
5.266	50
5.266	50
5.266	50
5.26602	50
5.26624	50
5.26637	50
5.26638	50
5.26723	50
5.26724	50
5.26726	50
5.28088	50
5.28088	50
5.28089	50
5.2809	50
5.28102	50
5.28651	50
5.28652	50
5.28654	50
5.28656	50
5.28659	50
5.28689	50
5.32085	50
5.32086	50
5.32086	50
5.32087	50
5.32087	50
5.32088	50
5.32089	50
5.32094	50
5.32166	50
5.3255	50
5.32552	50
5.32554	50
5.32555	50
5.32562	50
5.32573	50
5.3283	50
5.32832	50
5.32832	50
5.32835	50
5.34226	50
5.34228	50
5.34228	50
5.34229	50
5.34232	50
5.34264	50
5.35297	50
5.35297	50
5.35299	50
5.353	50
5.35386	50
5.36342	50
5.36342	50
5.36343	50
5.36343	50
5.36344	50
5.36346	50
5.36358	50
5.37255	50
5.37256	50
5.37257	50
5.37285	50
5.38632	50
5.38632	50
5.38632	50
5.38633	50
5.38637	50
5.3864	50
5.38936	50
5.38936	50
5.3894	50
5.38976	50
5.41729	50
5.41729	50
5.41729	50
5.41729	50
5.4173	50
5.4173	50
5.4173	50
5.41735	50
5.41758	50
5.43	50
5.43	50
5.43002	50
5.43003	50
5.43019	50
5.4313	50
5.4313	50
5.4313	50
5.43137	50
5.43852	50
5.43853	50
5.43857	50
5.43957	50
5.43992	50
5.44329	50
5.4433	50
5.4433	50
5.44425	50
5.44682	50
5.44682	50
5.44683	50
5.44685	50
5.4471	50
5.47706	50
5.4771	50
5.4771	50
5.4771	50
5.47713	50
5.47718	50
5.47729	50
5.47758	50
5.47811	50
5.5293	50
5.5293	50
5.5293	50
5.52931	50
5.52931	50
5.52934	50
5.52934	50
5.52939	50
5.52984	50
5.55677	50
5.55677	50
5.55677	50
5.5568	50
5.5568	50
5.55681	50
5.55732	50
5.56902	50
5.56904	50
5.56904	50
5.5692	50
5.57569	50
5.57569	50
5.57578	50
5.57584	50
5.58612	50
5.58612	50
5.58612	50
5.58613	50
5.58614	50
5.58628	50
5.61425	50
5.61425	50
5.61426	50
5.61433	50
5.61436	50
5.61519	50
5.61791	50
5.61792	50
5.61792	50
5.61792	50
5.62677	50
5.62677	50
5.62677	50
5.62682	50
5.66613	50
5.66613	50
5.66613	50
5.66614	50
5.66615	50
5.66619	50
5.66619	50
5.66625	50
5.6663	50
5.67419	50
5.67419	50
5.67421	50
5.67446	50
5.67446	50
5.67446	50
5.67448	50
5.68064	50
5.68064	50
5.68065	50
5.68069	50
5.68083	50
5.68251	50
5.68251	50
5.68259	50
5.68801	50
5.68801	50
5.68802	50
5.68803	50
5.68809	50
5.68929	50
5.70532	50
5.70533	50
5.70534	50
5.70535	50
5.70536	50
5.70583	50
5.71101	50
5.71102	50
5.71168	50
5.7264	50
5.7264	50
5.73803	50
5.73803	50
5.73804	50
5.73806	50
5.73808	50
5.73809	50
5.73969	50
5.73997	50
5.73998	50
5.74124	50
5.74124	50
5.74125	50
5.74136	50
5.75708	50
5.75709	50
5.75709	50
5.7571	50
5.75711	50
5.75713	50
5.75713	50
5.75728	50
5.7574	50
5.82037	50
5.82038	50
5.82039	50
5.8204	50
5.82041	50
5.82042	50
5.82047	50
5.82049	50
5.82057	50
5.82224	50
5.82225	50
5.82261	50
5.8802	50
5.88021	50
5.88022	50
5.88023	50
5.88024	50
5.88024	50
5.88025	50
5.88032	50
5.88045	50
5.88465	50
5.88465	50
5.88506	50
5.90579	50
5.90579	50
5.90581	50
5.90581	50
5.90587	50
5.90597	50
5.98134	50
5.98134	50
5.98135	50
5.98135	50
5.98136	50
5.98136	50
5.98138	50
5.98139	50
5.9814	50
5.98194	50
5.9841	50
5.9841	50
5.98411	50
5.9852	50
6.0392	50
6.0392	50
6.03921	50
6.03921	50
6.03921	50
6.03924	50
6.03925	50
6.04043	50
6.04077	50
6.04078	50
6.04079	50
6.06021	50
6.06021	50
6.06021	50
6.06021	50
6.06021	50
6.06022	50
6.06022	50
6.0603	50
6.06342	50
6.09648	50
6.0965	50
6.09652	50
6.09653	50
6.09654	50
6.09659	50
6.14956	50
6.14956	50
6.14956	50
6.14957	50
6.14957	50
6.14959	50
6.14961	50
6.14984	50
6.17156	50
6.17158	50
6.17158	50
6.17163	50
6.17163	50
6.18643	50
6.18644	50
6.18644	50
6.18647	50
6.18647	50
6.18653	50
6.18714	50
6.19286	50
6.19289	50
6.19289	50
6.19294	50
6.19326	50
6.2461	50
6.24611	50
6.24611	50
6.24612	50
6.24613	50
6.24614	50
6.24616	50
6.24617	50
6.24744	50
6.25205	50
6.25206	50
6.25207	50
6.25951	50
6.25951	50
6.25951	50
6.25956	50
6.25974	50
6.3283	50
6.32831	50
6.32831	50
6.32832	50
6.32832	50
6.32832	50
6.32833	50
6.32834	50
6.35713	50
6.35713	50
6.35714	50
6.35714	50
6.35714	50
6.35721	50
6.35723	50
6.35724	50
6.35727	50
6.35808	50
6.68535	50
6.68535	50
6.68535	50
6.68536	50
6.68537	50
6.68542	50
6.68543	50
6.68721	50
6.68729	50
6.68732	50
6.68788	50
6.77553	50
6.77553	50
6.77553	50
6.77555	50
6.77556	50
6.77556	50
6.7756	50
6.7756	50
6.77565	50
6.77709	50
6.80147	50
6.80147	50
6.80147	50
6.80148	50
6.80149	50
6.80152	50
6.80262	50
6.92018	50
6.92019	50
6.92019	50
6.92021	50
6.92023	50
6.92025	50
6.92026	50
6.92032	50
6.92037	50
6.92039	50
6.92041	50
6.92042	50
6.92053	50
6.92144	50
6.9359	50
6.93591	50
6.93623	50
6.93634	50
6.93643	50
6.95712	50
6.95712	50
6.95714	50
6.95719	50
6.96312	50
6.96312	50
6.96314	50
6.96317	50
6.98195	50
6.98195	50
6.98195	50
6.98196	50
6.98202	50
6.98204	50
6.99337	50
6.99337	50
6.99338	50
6.99338	50
6.99342	50
6.99342	50
6.99348	50
6.99476	50
7.00213	50
7.00214	50
7.00214	50
7.00215	50
7.00226	50
7.00379	50
7.05566	50
7.05568	50
7.05569	50
7.05569	50
7.05571	50
7.05572	50
7.05587	50
7.05589	50
7.05591	50
7.05789	50
7.08662	50
7.08662	50
7.08663	50
7.08667	50
7.0867	50
7.0878	50
7.12845	50
7.12845	50
7.12845	50
7.12845	50
7.12848	50
7.12849	50
7.1285	50
7.1293	50
7.25402	50
7.25402	50
7.25402	50
7.25405	50
7.25405	50
7.25407	50
7.25408	50
7.25412	50
7.25413	50
7.25454	50
7.28683	50
7.28683	50
7.28684	50
7.28686	50
7.28686	50
7.28687	50
7.28688	50
7.28691	50
7.28692	50
7.28714	50
7.39741	50
7.39741	50
7.39741	50
7.39742	50
7.39746	50
7.39747	50
7.39748	50
7.39755	50
7.39761	50
7.39825	50
7.40087	50
7.40088	50
7.40088	50
7.4015	50
8.0722	50
8.07221	50
8.07224	50
8.07224	50
8.0723	50
8.07232	50
8.07245	50
8.07388	50
8.07408	50
8.16585	50
8.16585	50
8.16585	50
8.16585	50
8.16589	50
8.16595	50
8.166	50
8.16602	50
8.1661	50
8.16702	50
8.97326	50
8.97329	50
8.97329	50
8.9733	50
8.97332	50
8.97341	50
8.97341	50
8.97446	50
8.97555	50
9.16367	50
9.16369	50
9.16373	50
9.16373	50
9.16379	50
9.16395	50
9.16416	50
9.19175	50
9.19176	50
9.1918	50
9.19183	50
9.19183	50
9.19185	50
9.19192	50
9.29724	50
9.29725	50
9.29726	50
9.29733	50
9.29735	50
9.2975	50
9.2975	50
9.29797	50
9.41942	50
9.41943	50
9.41944	50
9.41944	50
9.41944	50
9.41946	50
9.4195	50
9.41951	50
9.41965	50
9.41968	50
9.42104	50
9.42123	50
9.42128	50
9.43653	50
9.43724	50
9.44884	50
9.44997	50
9.44998	50
9.46155	50
9.46155	50
9.46155	50
9.46157	50
9.46158	50
9.46158	50
9.46158	50
9.46158	50
9.46165	50
9.49186	50
9.49187	50
9.49188	50
9.4919	50
9.49192	50
9.492	50
9.49216	50
10.077	50
10.077	50
10.077	50
10.077	50
10.077	50
10.0771	50
10.0773	50
10.0773	50
10.0783	50
10.0784	50
10.1217	50
10.1217	50
10.1217	50
10.1217	50
10.1218	50
10.1219	50
10.1219	50
10.1234	50
10.1242	50
10.1596	50
10.1596	50
10.1596	50
10.1597	50
10.1598	50
10.1599	50
10.1623	50
10.1624	50
10.1625	50
10.1628	50
11.2721	50
11.2721	50
11.2721	50
11.2721	50
11.2721	50
11.2722	50
11.2723	50
11.2727	50
11.273	50
11.4616	50
11.4616	50
11.4616	50
11.4616	50
11.4616	50
11.4616	50
11.4617	50
11.4622	50
11.4642	50
11.4663	50
11.7849	50
11.7849	50
11.785	50
11.785	50
11.785	50
11.785	50
11.7851	50
11.7853	50
11.787	50
12.4876	50
12.4876	50
12.4876	50
12.4877	50
12.4877	50
12.4878	50
12.4878	50
12.4881	50
12.4885	50
12.4938	50
12.4938	50
12.4938	50
12.4962	50
12.4965	50
13.0957	50
13.0957	50
13.0957	50
13.0957	50
13.0958	50
13.0958	50
13.0958	50
13.0961	50
13.0976	50
13.1725	50
13.1725	50
13.1725	50
13.1725	50
13.1726	50
13.1726	50
13.1727	50
13.1728	50
13.1728	50
13.173	50
14.1351	50
14.1351	50
14.1351	50
14.1351	50
14.1351	50
14.1352	50
14.1353	50
14.1355	50
14.1364	50
14.7357	50
14.7357	50
14.7357	50
14.7358	50
14.7358	50
14.7358	50
14.7359	50
14.8989	50
14.8989	50
14.8989	50
14.8989	50
14.8989	50
14.899	50
14.8992	50
14.8997	50
15.1933	50
15.1933	50
15.1934	50
15.1934	50
15.1934	50
15.1934	50
15.1935	50
15.1936	50
15.4516	50
15.4516	50
15.4516	50
15.4517	50
15.4517	50
15.4517	50
15.4517	50
15.4518	50
15.4893	50
15.4893	50
15.4893	50
15.4893	50
15.4893	50
15.4895	50
15.4896	50
15.4918	50
15.4927	50
15.4929	50
16.3179	50
16.3179	50
16.318	50
16.318	50
16.318	50
16.318	50
16.3181	50
16.3206	50
16.3219	50
16.455	50
16.455	50
16.4551	50
16.4551	50
16.4551	50
16.4551	50
16.4556	50
16.4556	50
16.4621	50
16.9009	50
16.901	50
16.901	50
16.901	50
16.901	50
16.9011	50
16.9011	50
16.9013	50
16.9046	50
17.0289	50
17.0289	50
17.0289	50
17.029	50
17.029	50
17.029	50
17.0291	50
17.0293	50
17.0311	50
17.4331	50
17.4331	50
17.4331	50
17.4332	50
17.4333	50
17.4333	50
17.4333	50
17.4335	50
17.4351	50
17.5186	50
17.5186	50
17.5186	50
17.5187	50
17.5188	50
17.5188	50
17.5189	50
17.52	50
17.5213	50
18.2891	50
18.2891	50
18.2891	50
18.2892	50
18.2892	50
18.2892	50
18.2893	50
18.2896	50
18.2903	50
18.3468	50
18.3468	50
18.3468	50
18.3468	50
18.3468	50
18.3469	50
18.3471	50
18.3472	50
18.3477	50
18.3501	50
18.7054	50
18.7054	50
18.7054	50
18.7055	50
18.7055	50
18.7055	50
18.7056	50
19.3234	50
19.3234	50
19.3234	50
19.3235	50
19.3235	50
19.3235	50
19.3235	50
19.3235	50
19.3236	50
19.3238	50
19.3244	50
19.4189	50
19.4189	50
19.4189	50
19.419	50
19.419	50
19.4191	50
19.4195	50
19.4197	50
19.4198	50
19.7473	50
19.7473	50
19.7474	50
19.7474	50
19.7474	50
19.7475	50
19.7478	50
19.7493	50
19.7496	50
20.5263	50
20.5263	50
20.5263	50
20.5264	50
20.5264	50
20.5267	50
20.527	50
20.5273	50
20.5298	50
21.3834	50
21.3834	50
21.3834	50
21.3834	50
21.3836	50
21.3836	50
21.3836	50
21.3838	50
21.3856	50
21.3864	50
21.4716	50
21.4716	50
21.4717	50
21.4717	50
21.4717	50
21.4717	50
21.4717	50
21.4718	50
21.4731	50
22.2158	50
22.2159	50
22.2159	50
22.2159	50
22.2159	50
22.216	50
22.216	50
22.2496	50
22.2496	50
22.2496	50
22.2496	50
22.2497	50
22.25	50
22.2502	50
22.2509	50
23.3498	50
23.3498	50
23.3498	50
23.3498	50
23.3498	50
23.3498	50
23.3502	50
23.3502	50
23.3503	50
23.633	50
23.633	50
23.633	50
23.6331	50
23.6331	50
23.6331	50
23.6332	50
23.6332	50
23.6356	50
23.6358	50
24.7606	50
24.7607	50
24.7607	50
24.7607	50
24.7607	50
24.7607	50
24.7607	50
24.7608	50
24.7633	50
25.0182	50
25.0182	50
25.0182	50
25.0182	50
25.0182	50
25.0183	50
25.0185	50
25.4958	50
25.4958	50
25.4958	50
25.4958	50
25.4958	50
25.496	50
25.4961	50
25.4961	50
25.4986	50
25.5649	50
25.5649	50
25.565	50
25.565	50
25.565	50
25.5651	50
25.5653	50
25.5656	50
25.5666	50
25.5706	50
25.8106	50
25.8107	50
25.8107	50
25.8107	50
25.8107	50
25.8107	50
25.8107	50
25.8108	50
25.8113	50
25.8751	50
25.8751	50
25.8752	50
25.8752	50
25.8753	50
25.8753	50
25.8754	50
27.856	50
27.856	50
27.856	50
27.856	50
27.856	50
27.8561	50
27.8561	50
27.8569	50
27.8578	50
27.8764	50
27.8765	50
27.8765	50
27.8766	50
27.9819	50
27.9819	50
27.982	50
27.982	50
27.982	50
27.982	50
27.982	50
27.9821	50
27.9822	50
27.9823	50
27.9828	50
28.0719	50
28.0719	50
28.0719	50
28.0719	50
28.0719	50
28.0719	50
28.072	50
28.072	50
28.0723	50
28.2358	50
28.2358	50
28.2358	50
28.2358	50
28.2359	50
28.236	50
28.236	50
28.3843	50
28.3844	50
28.3844	50
28.3844	50
28.3844	50
28.3845	50
28.3845	50
28.3846	50
28.3846	50
28.3849	50
28.67	50
28.67	50
28.67	50
28.67	50
28.6701	50
28.6703	50
28.6704	50
28.6704	50
28.6724	50
29.8691	50
29.8691	50
29.8691	50
29.8692	50
29.8692	50
29.8692	50
29.8693	50
29.8693	50
29.8709	50
30.2747	50
30.2747	50
30.2747	50
30.2747	50
30.2748	50
30.2749	50
30.275	50
30.5841	50
30.5841	50
30.5841	50
30.5842	50
30.5842	50
30.5843	50
30.5846	50
30.5853	50
30.5868	50
31.3432	50
31.3432	50
31.3432	50
31.3432	50
31.3433	50
31.3433	50
31.3433	50
31.3436	50
31.3441	50
31.3443	50
31.5589	50
31.5589	50
31.5589	50
31.5589	50
31.559	50
31.5591	50
31.5591	50
31.5591	50
31.56	50
31.9587	50
31.9587	50
31.9587	50
31.9587	50
31.9588	50
31.9588	50
31.9589	50
31.9591	50
31.9595	50
32.1688	50
32.1688	50
32.1688	50
32.1689	50
32.1689	50
32.169	50
32.1691	50
33.4392	50
33.4393	50
33.4393	50
33.4393	50
33.4394	50
33.4395	50
33.4395	50
33.5967	50
33.5967	50
33.5967	50
33.5967	50
33.5968	50
33.5968	50
33.5968	50
33.5968	50
33.597	50
33.5971	50
33.5988	50
33.6032	50
35.3729	50
35.3729	50
35.3729	50
35.373	50
35.373	50
35.3731	50
35.3738	50
35.4789	50
35.4789	50
35.479	50
35.479	50
35.479	50
35.479	50
35.4791	50
35.4797	50
35.524	50
35.524	50
35.5241	50
35.5241	50
35.5241	50
35.5242	50
35.525	50
35.8751	50
35.8752	50
35.8752	50
35.8752	50
35.8752	50
35.8754	50
35.8754	50
35.8755	50
35.8758	50
35.8763	50
35.8768	50
36.2525	50
36.2525	50
36.2525	50
36.2525	50
36.2525	50
36.2526	50
36.253	50
36.2549	50
36.255	50
38.0299	50
38.0299	50
38.0299	50
38.0299	50
38.03	50
38.0301	50
38.0303	50
38.0315	50
38.0316	50
38.318	50
38.318	50
38.318	50
38.318	50
38.3181	50
38.3183	50
38.3183	50
38.3192	50
38.3218	50
39.1112	50
39.1112	50
39.1113	50
39.1113	50
39.1113	50
39.1113	50
39.1115	50
39.1119	50
39.1171	50
39.1173	50
39.1174	50
39.5279	50
39.5279	50
39.5279	50
39.528	50
39.528	50
39.5281	50
39.5282	50
40.1089	50
40.1089	50
40.1089	50
40.109	50
40.109	50
40.1092	50
40.1092	50
40.1092	50
40.1092	50
40.1093	50
40.1096	50
40.1106	50
40.1111	50
40.2356	50
40.2357	50
40.2357	50
40.2357	50
40.2357	50
40.2357	50
40.2357	50
40.2374	50
40.238	50
40.2999	50
40.2999	50
40.2999	50
40.2999	50
40.2999	50
40.3	50
40.3001	50
40.3008	50
40.3009	50
40.3048	50
40.6284	50
40.6284	50
40.6284	50
40.6285	50
40.6285	50
40.6288	50
40.629	50
40.868	50
40.868	50
40.8681	50
40.8681	50
40.8681	50
40.8681	50
40.8682	50
40.8687	50
40.8687	50
40.8707	50
40.8707	50
41.8473	50
41.8474	50
41.8474	50
41.8475	50
41.8475	50
41.8475	50
41.8475	50
41.8481	50
41.8493	50
41.85	50
42.3126	50
42.3126	50
42.3127	50
42.3127	50
42.3127	50
42.3128	50
42.3128	50
42.3141	50
42.3143	50
42.4672	50
42.4672	50
42.4673	50
42.4673	50
42.4673	50
42.4674	50
42.4676	50
42.9937	50
42.9937	50
42.9937	50
42.9937	50
42.9937	50
42.9937	50
42.9938	50
42.9939	50
42.9942	50
42.9946	50
42.9952	50
43.0201	50
43.0202	50
43.0202	50
43.0205	50
43.0205	50
43.0224	50
44.1988	50
44.1989	50
44.1989	50
44.1989	50
44.199	50
44.1993	50
44.1997	50
44.1998	50
45.0409	50
45.0409	50
45.0409	50
45.0409	50
45.041	50
45.0412	50
45.0415	50
45.0427	50
47.0925	50
47.0925	50
47.0926	50
47.0926	50
47.0927	50
47.0928	50
47.0928	50
47.0935	50
47.8959	50
47.8959	50
47.896	50
47.896	50
47.896	50
47.8961	50
47.8962	50
47.8962	50
47.8967	50
47.897	50
47.9905	50
47.9906	50
47.9906	50
47.9906	50
47.9906	50
47.9906	50
47.9907	50
47.9907	50
47.9908	50
49.1416	50
49.1416	50
49.1416	50
49.1416	50
49.1417	50
49.1417	50
49.1417	50
49.1417	50
49.143	50
49.8684	50
49.8684	50
49.8685	50
49.8685	50
49.8685	50
49.8685	50
49.8685	50
49.8686	50
49.8689	50
49.8691	50
50.0443	50
50.0443	50
50.0443	50
50.0443	50
50.0444	50
50.0444	50
50.0446	50
50.0448	50
50.0457	50
50.3939	50
50.3939	50
50.3939	50
50.394	50
50.394	50
50.3941	50
50.3941	50
50.3942	50
50.3942	50
52.6047	50
52.6047	50
52.6047	50
52.6047	50
52.6048	50
52.6048	50
52.605	50
53.1133	50
53.1133	50
53.1133	50
53.1133	50
53.1133	50
53.1134	50
53.1134	50
53.8577	50
53.8577	50
53.8577	50
53.8577	50
53.8577	50
53.8578	50
53.8578	50
53.8579	50
53.8581	50
53.9907	50
53.9907	50
53.9907	50
53.9907	50
53.9908	50
53.9909	50
53.9909	50
53.9909	50
53.991	50
53.9915	50
53.9918	50
53.992	50
54.5184	50
54.5184	50
54.5184	50
54.5184	50
54.5184	50
54.5185	50
54.5186	50
54.5189	50
54.5207	50
54.5209	50
54.8397	50
54.8397	50
54.8397	50
54.8397	50
54.8397	50
54.8398	50
54.8398	50
54.8399	50
54.842	50
54.9741	50
54.9741	50
54.9741	50
54.9741	50
54.9741	50
54.9742	50
54.9743	50
55.2447	50
55.2447	50
55.2447	50
55.2447	50
55.2447	50
55.2447	50
55.2449	50
55.2449	50
55.2452	50
55.2457	50
55.8914	50
55.8914	50
55.8914	50
55.8914	50
55.8914	50
55.8914	50
55.8915	50
55.8922	50
55.8928	50
56.7668	50
56.7668	50
56.7668	50
56.7668	50
56.7668	50
56.7669	50
56.767	50
56.7673	50
59.2483	50
59.2483	50
59.2483	50
59.2483	50
59.2484	50
59.2484	50
59.2486	50
59.2487	50
59.2489	50
59.2495	50
59.2527	50
59.5544	50
59.5544	50
59.5544	50
59.5544	50
59.5545	50
59.5545	50
59.5546	50
59.5553	50
59.5557	50
60.4012	50
60.4012	50
60.4012	50
60.4013	50
60.4013	50
60.4013	50
60.4014	50
60.4017	50
60.4024	50
60.8445	50
60.8445	50
60.8445	50
60.8445	50
60.8445	50
60.8445	50
60.8446	50
61.7444	50
61.7444	50
61.7444	50
61.7445	50
61.7445	50
61.7445	50
61.7445	50
61.7445	50
61.9277	50
61.9278	50
61.9278	50
61.9278	50
61.9279	50
61.9279	50
61.928	50
61.9287	50
61.9303	50
61.9519	50
61.9519	50
61.952	50
61.9522	50
61.9537	50
62.3122	50
62.3123	50
62.3123	50
62.3123	50
62.3123	50
62.3125	50
62.3129	50
62.3133	50
62.3855	50
62.3855	50
62.3855	50
62.3855	50
62.3856	50
62.3856	50
62.3859	50
62.3875	50
62.4436	50
62.4436	50
62.4436	50
62.4436	50
62.4436	50
62.4437	50
62.4437	50
62.4437	50
62.4439	50
62.4441	50
62.8928	50
62.8928	50
62.8928	50
62.8928	50
62.8929	50
62.8931	50
62.8932	50
62.9058	50
62.9059	50
62.9061	50
62.9061	50
63.3395	50
63.3395	50
63.3396	50
63.3396	50
63.3396	50
63.3396	50
63.3397	50
63.3399	50
63.3403	50
63.3412	50
63.5192	50
63.5192	50
63.5192	50
63.5192	50
63.5192	50
63.5192	50
63.5195	50
63.5197	50
63.5231	50
63.6883	50
63.6883	50
63.6883	50
63.6884	50
63.6884	50
63.6884	50
63.6885	50
64.0802	50
64.0802	50
64.0802	50
64.0802	50
64.0803	50
64.0804	50
64.0804	50
64.0806	50
64.0827	50
64.085	50
64.1703	50
64.1703	50
64.1703	50
64.1704	50
64.1704	50
64.1704	50
64.1704	50
64.1708	50
64.173	50
65.0003	50
65.0003	50
65.0003	50
65.0003	50
65.0004	50
65.0004	50
65.0005	50
65.0008	50
65.0034	50
65.6946	50
65.6946	50
65.6946	50
65.6946	50
65.6946	50
65.6946	50
65.6946	50
65.6949	50
65.6951	50
65.7288	50
65.7288	50
65.7289	50
65.729	50
65.7291	50
65.7435	50
65.7435	50
65.7436	50
65.7437	50
66.0398	50
66.0398	50
66.0398	50
66.0398	50
66.0399	50
66.04	50
66.04	50
66.4099	50
66.4099	50
66.4099	50
66.4099	50
66.41	50
66.4101	50
66.4101	50
66.4103	50
66.4107	50
66.4133	50
68.0015	50
68.0015	50
68.0015	50
68.0015	50
68.0016	50
68.0016	50
68.0016	50
68.0019	50
68.002	50
68.0033	50
68.0052	50
68.2781	50
68.2781	50
68.2781	50
68.2781	50
68.2781	50
68.2782	50
68.2783	50
68.2783	50
68.2805	50
68.3283	50
68.3283	50
68.3283	50
68.3283	50
68.3283	50
68.3284	50
68.3284	50
68.3285	50
68.3292	50
70.7435	50
70.7435	50
70.7435	50
70.7436	50
70.7436	50
70.7436	50
70.7436	50
71.1548	50
71.1549	50
71.155	50
71.155	50
71.1551	50
71.1551	50
71.1551	50
71.156	50
71.1566	50
72.8014	50
72.8014	50
72.8014	50
72.8015	50
72.8015	50
72.8018	50
72.8019	50
72.8019	50
72.8031	50
72.8041	50
72.8053	50
72.8239	50
72.8239	50
72.824	50
72.825	50
72.8255	50
72.8993	50
72.8993	50
72.8994	50
72.8994	50
72.8994	50
72.8994	50
72.8995	50
72.8996	50
72.8996	50
72.903	50
72.9032	50
72.924	50
72.924	50
72.9241	50
72.9242	50
73.1977	50
73.1977	50
73.1977	50
73.1978	50
73.1978	50
73.1978	50
73.1978	50
73.1978	50
73.6049	50
73.6049	50
73.6049	50
73.605	50
73.605	50
73.605	50
73.6052	50
73.6053	50
73.9893	50
73.9893	50
73.9893	50
73.9894	50
73.9894	50
73.9894	50
73.9904	50
74.6565	50
74.6565	50
74.6565	50
74.6565	50
74.6565	50
74.6567	50
74.6568	50
74.6568	50
74.6572	50
74.6591	50
74.6591	50
75.0261	50
75.0261	50
75.0261	50
75.0262	50
75.0262	50
75.0262	50
75.0263	50
75.0264	50
75.0268	50
75.0272	50
75.0295	50
75.384	50
75.384	50
75.384	50
75.384	50
75.384	50
75.3841	50
75.3843	50
75.3856	50
75.3874	50
76.3642	50
76.3643	50
76.3643	50
76.3643	50
76.3643	50
76.3644	50
76.3644	50
77.1555	50
77.1555	50
77.1555	50
77.1555	50
77.1556	50
77.1556	50
77.1559	50
77.1559	50
77.156	50
77.1561	50
77.1564	50
78.3083	50
78.3083	50
78.3084	50
78.3084	50
78.3084	50
78.3084	50
78.3084	50
78.3101	50
78.314	50
78.3154	50
78.9253	50
78.9253	50
78.9254	50
78.9254	50
78.9255	50
78.9256	50
78.9256	50
78.9269	50
80.0741	50
80.0741	50
80.0742	50
80.0742	50
80.0743	50
80.0744	50
80.0745	50
80.0745	50
80.1267	50
80.1268	50
80.1268	50
80.1268	50
80.1269	50
80.1269	50
80.127	50
80.1271	50
80.3821	50
80.3821	50
80.3821	50
80.3821	50
80.3822	50
80.3822	50
80.3823	50
80.3825	50
80.3831	50
80.3839	50
80.3859	50
80.5192	50
80.5192	50
80.5193	50
80.5193	50
80.5193	50
80.5194	50
80.5198	50
80.9914	50
80.9914	50
80.9915	50
80.9915	50
80.9915	50
80.9916	50
80.9917	50
80.9926	50
80.9926	50
80.9928	50
81.1961	50
81.1961	50
81.1961	50
81.1961	50
81.1961	50
81.1961	50
81.1962	50
81.1991	50
81.1991	50
81.1996	50
81.6043	50
81.6043	50
81.6044	50
81.6044	50
81.6045	50
81.6045	50
81.6045	50
82.4183	50
82.4183	50
82.4184	50
82.4184	50
82.4184	50
82.4184	50
82.4188	50
82.4189	50
83.6286	50
83.6286	50
83.6287	50
83.6287	50
83.6287	50
83.6288	50
83.6292	50
83.6293	50
85.1613	50
85.1613	50
85.1614	50
85.1614	50
85.1614	50
85.1614	50
85.1614	50
85.1615	50
85.1618	50
85.1638	50
85.1654	50
86.1344	50
86.1344	50
86.1344	50
86.1345	50
86.1345	50
86.1346	50
86.1346	50
86.7075	50
86.7075	50
86.7076	50
86.7076	50
86.7077	50
86.7078	50
86.7079	50
86.7126	50
86.7129	50
87.4557	50
87.4557	50
87.4557	50
87.4557	50
87.4557	50
87.4558	50
87.4559	50
87.456	50
87.5981	50
87.5981	50
87.5981	50
87.5981	50
87.5982	50
87.5983	50
87.5986	50
88.8733	50
88.8733	50
88.8734	50
88.8734	50
88.8735	50
88.8736	50
88.8737	50
88.874	50
88.8771	50
90.5011	50
90.5011	50
90.5011	50
90.5012	50
90.5012	50
90.5012	50
90.5013	50
90.5013	50
90.5014	50
90.5019	50
91.1094	50
91.1095	50
91.1095	50
91.1095	50
91.1095	50
91.1096	50
91.1099	50
91.11	50
91.1108	50
91.1122	50
91.1133	50
91.6914	50
91.6914	50
91.6914	50
91.6914	50
91.6915	50
91.6917	50
91.6917	50
91.7021	50
91.7022	50
91.7756	50
91.7756	50
91.7756	50
91.7756	50
91.7757	50
91.7757	50
91.7761	50
91.7762	50
91.7763	50
91.7763	50
91.8853	50
91.8853	50
91.8853	50
91.8853	50
91.8854	50
91.8856	50
91.8859	50
91.9626	50
91.9626	50
91.9626	50
91.9626	50
91.9626	50
91.9627	50
91.9627	50
91.9627	50
91.9628	50
91.9638	50
91.966	50
92.458	50
92.458	50
92.458	50
92.4581	50
92.4581	50
92.4582	50
92.4582	50
92.4584	50
92.4613	50
92.9985	50
92.9985	50
92.9985	50
92.9985	50
92.9987	50
92.9987	50
92.9991	50
93.0021	50
93.0034	50
93.3897	50
93.3897	50
93.3897	50
93.3898	50
93.3899	50
93.3899	50
93.3899	50
93.3902	50
93.3922	50
93.3939	50
93.3961	50
94.7265	50
94.7265	50
94.7266	50
94.7267	50
94.7268	50
94.7269	50
94.7269	50
94.7278	50
94.7279	50
94.7282	50
94.7283	50
94.8166	50
94.8167	50
94.8167	50
94.8167	50
94.8167	50
94.817	50
94.8171	50
94.8181	50
94.8181	50
94.8183	50
94.8225	50
95.1816	50
95.1816	50
95.1816	50
95.1816	50
95.1817	50
95.1817	50
95.1818	50
95.1822	50
95.1831	50
96.5671	50
96.5671	50
96.5671	50
96.5671	50
96.5671	50
96.5671	50
96.5672	50
96.5676	50
96.5696	50
97.4513	50
97.4513	50
97.4513	50
97.4514	50
97.4514	50
97.4515	50
97.4517	50
97.4522	50
97.4525	50
97.9574	50
97.9575	50
97.9575	50
97.9576	50
97.9576	50
97.9577	50
97.958	50
97.9582	50
97.9591	50
98.4418	50
98.4419	50
98.4419	50
98.4419	50
98.4421	50
98.4421	50
98.4422	50
98.443	50
98.4465	50
98.9427	50
98.9427	50
98.9427	50
98.9428	50
98.9428	50
98.9428	50
98.9428	50
98.9429	50
98.9442	50
98.9782	50
98.9783	50
98.9783	50
98.9783	50
98.9784	50
98.9786	50
98.9792	50
98.9799	50
98.9831	50
98.9876	50
