6.17047e-10	0
7.01187e-10	1
7.16663e-10	2
1.50569e-09	3
1.76204e-09	4
2.0918e-09	5
2.76208e-09	6
3.27875e-09	7
3.84309e-09	8
4.49401e-09	9
4.79758e-09	10
5.07189e-09	11
5.19673e-09	12
5.87466e-09	13
6.41442e-09	14
7.50493e-09	15
7.63731e-09	16
9.38936e-09	16
1.17163e-08	16
2.02828e-08	17
2.2471e-08	18
2.26606e-08	18
2.931e-08	18
4.79382e-08	19
6.91957e-08	19
8.51416e-08	19
1.22614e-07	19
1.2487e-07	19
1.30524e-07	19
1.34174e-07	19
1.39717e-07	19
1.43195e-07	19
1.51707e-07	19
1.52448e-07	19
1.61069e-07	19
1.63031e-07	19
1.82532e-07	19
2.08776e-07	19
2.09521e-07	19
2.11334e-07	19
2.11935e-07	19
2.15178e-07	19
2.15483e-07	19
2.15938e-07	19
2.21374e-07	19
2.33245e-07	19
2.41175e-07	19
2.50839e-07	19
2.74945e-07	19
2.96911e-07	19
3.23021e-07	19
3.39101e-07	19
3.40204e-07	19
3.4322e-07	19
3.5051e-07	19
3.56597e-07	19
3.62937e-07	19
3.77817e-07	19
3.84632e-07	19
3.86116e-07	19
3.87516e-07	19
3.94841e-07	19
4.08477e-07	19
4.12812e-07	19
4.25015e-07	19
4.25105e-07	19
4.26854e-07	19
4.37627e-07	19
4.3777e-07	19
4.39832e-07	19
4.5355e-07	19
4.57215e-07	19
4.57985e-07	19
4.61479e-07	19
4.68582e-07	19
4.73973e-07	19
4.77928e-07	19
4.78915e-07	19
4.86948e-07	19
4.96123e-07	19
5.03683e-07	19
5.15961e-07	19
5.1766e-07	19
5.32841e-07	19
5.44534e-07	19
5.48771e-07	19
5.53646e-07	19
5.59437e-07	19
5.60068e-07	19
5.75702e-07	19
5.84784e-07	19
5.86883e-07	19
5.94487e-07	19
6.42975e-07	19
6.444e-07	19
6.4817e-07	19
6.54517e-07	19
6.57039e-07	19
6.57045e-07	19
6.62567e-07	19
6.70069e-07	19
6.96397e-07	19
6.99243e-07	19
7.03381e-07	19
7.13318e-07	19
7.18862e-07	19
7.36312e-07	19
7.56051e-07	19
7.71197e-07	19
8.35266e-07	19
8.3549e-07	19
8.41815e-07	19
8.42499e-07	19
8.54772e-07	19
8.95048e-07	19
9.09359e-07	19
9.2453e-07	19
9.33325e-07	19
9.47418e-07	19
9.54051e-07	19
9.77473e-07	19
9.80631e-07	19
9.98779e-07	19
1.01309e-06	19
1.0216e-06	19
1.03763e-06	19
1.03987e-06	19
1.03992e-06	19
1.05593e-06	19
1.06924e-06	19
1.08344e-06	19
1.08603e-06	19
1.0872e-06	19
1.1005e-06	19
1.13645e-06	19
1.14041e-06	19
1.15083e-06	19
1.17212e-06	19
1.18069e-06	19
1.18277e-06	19
1.18297e-06	19
1.18357e-06	19
1.19263e-06	19
1.20279e-06	19
1.20591e-06	19
1.22294e-06	19
1.23745e-06	19
1.27895e-06	19
1.28568e-06	19
1.31558e-06	19
1.32022e-06	19
1.34391e-06	19
1.3517e-06	19
1.35445e-06	19
1.36138e-06	19
1.39217e-06	19
1.39326e-06	19
1.39648e-06	19
1.40455e-06	19
1.41323e-06	19
1.42176e-06	19
1.43955e-06	19
1.44503e-06	19
1.4572e-06	19
1.45972e-06	19
1.50629e-06	19
1.52593e-06	19
1.53747e-06	19
1.53985e-06	19
1.5502e-06	19
1.56865e-06	19
1.57439e-06	19
1.59444e-06	19
1.60436e-06	19
1.60805e-06	19
1.60815e-06	19
1.60938e-06	19
1.61989e-06	19
1.63506e-06	19
1.63843e-06	19
1.64094e-06	19
1.64441e-06	19
1.66035e-06	19
1.67677e-06	19
1.67969e-06	19
1.71855e-06	19
1.71978e-06	19
1.72982e-06	19
1.73689e-06	19
1.74465e-06	19
1.78624e-06	19
1.79828e-06	19
1.79942e-06	19
1.8012e-06	19
1.83687e-06	19
1.86347e-06	19
1.87804e-06	19
1.89441e-06	19
1.89692e-06	19
1.90475e-06	19
1.96095e-06	19
1.96341e-06	19
1.96365e-06	19
1.96872e-06	19
1.96984e-06	19
1.9733e-06	19
1.97416e-06	19
1.99814e-06	19
2.00818e-06	19
2.01078e-06	19
2.04427e-06	19
2.05261e-06	19
2.06318e-06	19
2.06805e-06	19
2.06827e-06	19
2.07221e-06	19
2.07919e-06	19
2.08759e-06	19
2.09016e-06	19
2.09487e-06	19
2.12126e-06	19
2.13651e-06	19
2.13787e-06	19
2.1703e-06	19
2.205e-06	19
2.24118e-06	19
2.24513e-06	19
2.25698e-06	19
2.25731e-06	19
2.26678e-06	19
2.27115e-06	19
2.29196e-06	19
2.37376e-06	19
2.37751e-06	19
2.38673e-06	19
2.40172e-06	19
2.4096e-06	19
2.42774e-06	19
2.57071e-06	19
2.58342e-06	19
2.5911e-06	19
2.88257e-06	19
2.94105e-06	19
3.01408e-06	19
3.04425e-06	19
3.14998e-06	19
3.22488e-06	19
3.23028e-06	19
3.27346e-06	19
3.31362e-06	19
3.39084e-06	19
3.41573e-06	19
3.65056e-06	19
3.74108e-06	19
3.98347e-06	19
4.21025e-06	19
4.21052e-06	19
4.21961e-06	19
4.31105e-06	19
4.38021e-06	19
4.45666e-06	19
5.12616e-06	19
5.39721e-06	19
5.66579e-06	19
5.71393e-06	19
5.84862e-06	19
6.24097e-06	19
6.3237e-06	19
6.59055e-06	19
6.68653e-06	19
6.69704e-06	19
7.1519e-06	19
7.17011e-06	19
7.17793e-06	19
7.43667e-06	19
7.6743e-06	19
8.63976e-06	19
8.81485e-06	19
8.8358e-06	19
9.19705e-06	19
9.44789e-06	19
9.45728e-06	19
9.48525e-06	19
9.52349e-06	19
9.78152e-06	19
9.8438e-06	19
1.02172e-05	19
1.02386e-05	19
1.05254e-05	19
1.05351e-05	19
1.06485e-05	19
1.07137e-05	19
1.07338e-05	19
1.07702e-05	19
1.08097e-05	19
1.16587e-05	19
1.19708e-05	19
1.2327e-05	19
1.26745e-05	19
1.28931e-05	19
1.30486e-05	19
1.3495e-05	19
1.36815e-05	19
1.36866e-05	19
1.3716e-05	19
1.37169e-05	19
1.37466e-05	19
1.45952e-05	19
1.49365e-05	19
1.52624e-05	19
1.53449e-05	19
1.53845e-05	19
1.62414e-05	19
1.64031e-05	19
1.65203e-05	19
1.66936e-05	19
1.67942e-05	19
1.70025e-05	19
1.75596e-05	19
1.80941e-05	19
1.81858e-05	19
1.82586e-05	19
1.82988e-05	19
1.84375e-05	19
1.90917e-05	19
1.94641e-05	19
1.94829e-05	19
2.02182e-05	19
2.06437e-05	19
2.06438e-05	19
2.11624e-05	19
2.12162e-05	19
2.18703e-05	19
2.23563e-05	19
2.24501e-05	19
2.24553e-05	19
2.2537e-05	19
2.26335e-05	19
2.28486e-05	19
2.34544e-05	19
2.43686e-05	19
2.45579e-05	19
2.47031e-05	19
2.47661e-05	19
2.4906e-05	19
2.54709e-05	19
2.55064e-05	19
2.59545e-05	19
2.6206e-05	19
2.66785e-05	19
2.7152e-05	19
2.75513e-05	19
2.75675e-05	19
2.82759e-05	19
2.9021e-05	19
3.01882e-05	19
3.12555e-05	19
3.13054e-05	19
3.16089e-05	19
3.20192e-05	19
3.20827e-05	19
3.23091e-05	19
3.28492e-05	19
3.32388e-05	19
3.32922e-05	19
3.35689e-05	19
3.3784e-05	19
3.39586e-05	19
3.50453e-05	19
3.52337e-05	19
3.61092e-05	19
3.64324e-05	19
3.66139e-05	19
3.71656e-05	19
3.77846e-05	19
3.84119e-05	19
3.8711e-05	19
3.93074e-05	19
3.94776e-05	19
3.98098e-05	19
3.99483e-05	19
4.0309e-05	19
4.03253e-05	19
4.16717e-05	19
4.23922e-05	19
4.2505e-05	19
4.29652e-05	19
4.31408e-05	19
4.33792e-05	19
4.37808e-05	19
4.38267e-05	19
4.49061e-05	19
4.51465e-05	19
4.52524e-05	19
4.54518e-05	19
4.55024e-05	19
4.62957e-05	19
4.6741e-05	19
4.71989e-05	19
4.78166e-05	19
4.87715e-05	19
4.94552e-05	19
4.96344e-05	19
4.99863e-05	19
5.00799e-05	19
5.02592e-05	19
5.05757e-05	19
5.12264e-05	19
5.19406e-05	19
5.19926e-05	19
5.2347e-05	19
5.2355e-05	19
5.29633e-05	19
5.40286e-05	19
5.56218e-05	19
5.59748e-05	19
5.6458e-05	19
5.68093e-05	19
5.79555e-05	19
5.80221e-05	19
5.83176e-05	19
5.86648e-05	19
5.89314e-05	19
5.98476e-05	19
6.086e-05	19
6.27337e-05	19
6.44334e-05	19
6.61307e-05	19
6.73754e-05	19
6.78453e-05	19
6.91619e-05	19
6.94254e-05	19
6.96153e-05	19
7.01121e-05	19
7.27598e-05	19
7.34922e-05	19
7.3571e-05	19
7.44804e-05	19
7.63842e-05	19
7.69482e-05	19
7.69682e-05	19
7.82846e-05	19
8.02357e-05	19
8.08453e-05	19
8.36766e-05	19
8.72978e-05	19
8.74539e-05	19
8.83563e-05	19
8.88659e-05	19
8.88683e-05	19
8.93469e-05	19
8.98403e-05	19
9.05971e-05	19
9.05973e-05	19
9.17623e-05	19
9.20699e-05	19
9.29175e-05	19
9.3398e-05	19
9.38518e-05	19
9.40271e-05	19
9.65915e-05	19
9.83786e-05	19
9.89662e-05	19
0.000101175	19
0.000102191	19
0.000103544	19
0.000103609	19
0.00010421	19
0.000106508	19
0.000107879	19
0.000108908	19
0.000109018	19
0.00010915	19
0.000113639	19
0.00011747	19
0.000117815	19
0.000121519	19
0.000123945	19
0.000124715	19
0.000124959	19
0.000125456	19
0.000126035	19
0.000126232	19
0.000127839	19
0.000128707	19
0.0001304	19
0.000130514	19
0.000133447	19
0.000149979	19
0.00015113	19
0.000152297	19
0.000155089	19
0.000158021	19
0.000159384	19
0.000162082	19
0.000169222	19
0.000173977	19
0.000176427	19
0.000184419	19
0.000186939	19
0.000187381	19
0.000198477	19
0.000202939	19
0.000203843	19
0.000235626	19
0.000252148	19
0.000335528	19
0.000370043	19
0.000444026	19
0.000476849	19
0.000608418	19
0.000648789	19
0.000744104	19
0.000885407	19
0.00104087	19
0.00137837	19
0.00138494	19
0.00138539	19
0.0013924	19
0.00139389	19
0.00139625	19
0.00141931	19
0.00141942	19
0.00142044	19
0.0014236	19
0.00142467	19
0.00143806	19
0.00144144	19
0.00145336	19
0.00145994	19
0.00146907	19
0.00146932	19
0.00148754	19
0.00149519	19
0.00151463	19
0.00157251	19
0.00158287	19
0.00166365	19
0.00168169	19
0.00171418	19
0.00173746	19
0.00174399	19
0.00174672	19
0.00174969	19
0.00177111	19
0.00181854	19
0.00185841	19
0.00186782	19
0.00203014	19
0.00203408	19
0.00204397	19
0.00204574	19
0.00215748	19
0.00216273	19
0.00220364	19
0.00222826	19
0.00226411	19
0.00226645	19
0.00226659	19
0.00228362	19
0.0023171	19
0.00233737	19
0.00268945	19
0.00268951	19
0.00269063	19
0.00269283	19
0.00269351	19
0.00269506	19
0.00269862	19
0.00269884	19
0.00269903	19
0.00269903	19
0.00270354	19
0.00270415	19
0.00270808	19
0.00270946	19
0.00270956	19
0.00271084	19
0.00272102	19
0.00280583	19
0.00286232	19
0.00286325	19
0.00290754	19
0.00328602	19
0.00331095	19
0.00338815	19
0.00371198	19
0.00500266	19
0.00500279	19
0.00500286	19
0.00500307	19
0.00500453	19
0.00500486	19
0.00500518	19
0.00500527	19
0.00500568	19
0.00500588	19
0.00500589	19
0.00500621	19
0.00500767	19
0.00500777	19
0.00500961	19
0.00501018	19
0.00501025	19
0.0050108	19
0.00501192	19
0.00501297	19
0.00501683	19
0.005017	19
0.00501931	19
0.00502317	19
0.00502775	19
0.00503185	19
0.00503229	19
0.00539418	19
0.00546747	19
0.00567402	19
0.00574087	19
0.00587914	19
0.00629202	19
0.0063742	19
0.00640389	19
0.00679841	19
0.008082	19
0.00811646	19
0.00987855	19
0.0110751	19
0.0126151	19
0.0126156	19
0.0126162	19
0.0126164	19
0.0126165	19
0.0126165	19
0.0126166	19
0.0126169	19
0.012617	19
0.012617	19
0.0126171	19
0.0126174	19
0.0126177	19
0.0126177	19
0.0126181	19
0.0126187	19
0.012619	19
0.012619	19
0.01262	19
0.0126207	19
0.0126208	19
0.012621	19
0.012622	19
0.012622	19
0.0126222	19
0.0126226	19
0.0126236	19
0.0126248	19
0.0126256	19
0.0126257	19
0.0126272	19
0.0126273	19
0.012629	19
0.0126303	19
0.012632	19
0.0126328	19
0.0126337	19
0.0126343	19
0.0126348	19
0.0126358	19
0.0126376	19
0.0126398	19
0.0126426	19
0.0126431	19
0.0126436	19
0.0126473	19
0.012651	19
0.0126528	19
0.0126576	19
0.0126604	19
0.0126633	19
0.0126693	19
0.0126712	19
0.0127142	19
0.0127366	19
0.013005	19
0.0131076	19
0.0143004	19
0.014304	19
0.0143163	19
0.0143421	19
0.0143427	19
0.0143429	19
0.0143441	19
0.0143448	19
0.0143456	19
0.0143459	19
0.0143466	19
0.0143468	19
0.0143526	19
0.0143528	19
0.0143529	19
0.0143532	19
0.0143546	19
0.0143563	19
0.0143582	19
0.0143669	19
0.0143773	19
0.0143853	19
0.0144107	19
0.0144118	19
0.0144213	19
0.0144505	19
0.0148321	19
0.0148325	19
0.0148325	19
0.0148325	19
0.0148327	19
0.0148327	19
0.0148331	19
0.0148331	19
0.0148332	19
0.0148333	19
0.0148338	19
0.014834	19
0.0148342	19
0.0148346	19
0.014835	19
0.0148359	19
0.014836	19
0.0148362	19
0.0148368	19
0.0148369	19
0.014837	19
0.014837	19
0.0148382	19
0.0148387	19
0.0148387	19
0.0148395	19
0.0148395	19
0.0148399	19
0.0148405	19
0.0148419	19
0.0148423	19
0.0148424	19
0.0148427	19
0.0148464	19
0.014852	19
0.0148526	19
0.0148532	19
0.0148557	19
0.0148571	19
0.0148575	19
0.0148662	19
0.0148704	19
0.0148712	19
0.0148719	19
0.0148731	19
0.0148761	19
0.0148785	19
0.0148816	19
0.0148885	19
0.0148888	19
0.0148991	19
0.0150243	19
0.0150809	19
0.0150853	19
0.015086	19
0.0150868	19
0.0150873	19
0.0150888	19
0.015091	19
0.0150925	19
0.0150954	19
0.0151001	19
0.0151011	19
0.0151073	19
0.0151277	19
0.0151426	19
0.0151453	19
0.0151587	19
0.0158278	19
0.0158362	19
0.0158424	19
0.0158528	19
0.015863	19
0.0158703	19
0.0158781	19
0.0159175	19
0.0164648	19
0.0164649	19
0.0164654	19
0.0164654	19
0.0164664	19
0.0164685	19
0.0164685	19
0.0164686	19
0.0164688	19
0.0164688	19
0.0164695	19
0.0164747	19
0.0164771	19
0.0164785	19
0.0164789	19
0.0164794	19
0.0164798	19
0.0164827	19
0.016483	19
0.0164838	19
0.0164865	19
0.0164867	19
0.0164867	19
0.0164884	19
0.0164899	19
0.0164927	19
0.0164961	19
0.0165017	19
0.0165049	19
0.0165092	19
0.0166158	19
0.0166272	19
0.0166372	19
0.0166406	19
0.0166568	19
0.0166684	19
0.0166697	19
0.0166817	19
0.0166982	19
0.0167184	19
0.0167371	19
0.0167424	19
0.0167789	19
0.016799	19
0.0168065	19
0.0168518	19
0.0168778	19
0.0169508	19
0.0169815	19
0.0170207	19
0.0170226	19
0.0170252	19
0.0170259	19
0.0170273	19
0.0170274	19
0.0170276	19
0.0170282	19
0.0170286	19
0.0170329	19
0.0170352	19
0.0170373	19
0.0170408	19
0.0170415	19
0.0170466	19
0.0170499	19
0.0170619	19
0.0172887	19
0.0173327	19
0.0173482	19
0.0173703	19
0.0178221	19
0.0178398	19
0.0179327	19
0.017972	19
0.0183413	19
0.0185426	19
0.0186019	19
0.0186031	19
0.0186166	19
0.0186306	19
0.0186496	19
0.0186534	19
0.0186798	19
0.0186837	19
0.0186953	19
0.0187018	19
0.0187036	19
0.0187206	19
0.0187347	19
0.0187401	19
0.0187427	19
0.0187431	19
0.0187544	19
0.0187589	19
0.0187661	19
0.018797	19
0.0187985	19
0.0187997	19
0.018809	19
0.0188114	19
0.0188122	19
0.0188218	19
0.0188255	19
0.0188255	19
0.01884	19
0.0188441	19
0.0188454	19
0.0188506	19
0.0188529	19
0.0188535	19
0.0188605	19
0.0188614	19
0.0188669	19
0.0188674	19
0.0188725	19
0.018883	19
0.0188904	19
0.0188934	19
0.0188955	19
0.018905	19
0.0189116	19
0.018918	19
0.0189205	19
0.0189229	19
0.0189348	19
0.0189413	19
0.0189503	19
0.0189518	19
0.0189607	19
0.0189622	19
0.0189633	19
0.0189756	19
0.0189808	19
0.0189897	19
0.0189936	19
0.0190036	19
0.0190141	19
0.0190234	19
0.0190274	19
0.0190378	19
0.0190463	19
0.019052	19
0.0190528	19
0.0190567	19
0.0190608	19
0.0190734	19
0.01908	19
0.0190976	19
0.0191012	19
0.0191059	19
0.0191135	19
0.019115	19
0.0191178	19
0.0191393	19
0.0191614	19
0.0191652	19
0.0191913	19
0.0192101	19
0.0192349	19
0.0192366	19
0.0192378	19
0.0192563	19
0.0192787	19
0.0193086	19
0.0193182	19
0.0193348	19
0.0193352	19
0.0193752	19
0.0193798	19
0.0194014	19
0.0194519	19
0.0194827	19
0.01952	19
0.0195598	19
0.019563	19
0.0196102	19
0.0196378	19
0.0196446	19
0.0197041	19
0.0197052	19
0.0197548	19
0.019766	19
0.019811	19
0.0198189	19
0.0198915	19
0.0199274	19
0.0199613	19
0.0200062	19
0.0200359	19
0.0200471	19
0.0200787	19
0.0200951	19
0.0201476	19
0.0201991	19
0.020339	19
0.0203487	19
0.0204119	19
0.0204252	19
0.0204343	19
0.0204439	19
0.0205346	19
0.0205358	19
0.020536	19
0.0205362	19
0.0205366	19
0.0205378	19
0.0205385	19
0.0205388	19
0.0205393	19
0.0205398	19
0.020541	19
0.0205417	19
0.0205421	19
0.0205422	19
0.0205424	19
0.0205425	19
0.0205427	19
0.0205432	19
0.0205442	19
0.0205486	19
0.0205494	19
0.02055	19
0.0205501	19
0.0205501	19
0.0205502	19
0.0205513	19
0.020553	19
0.0205559	19
0.0205564	19
0.0205583	19
0.0205604	19
0.0205617	19
0.0205652	19
0.0205718	19
0.0205751	19
0.0205848	19
0.0205858	19
0.0205925	19
0.0206006	19
0.020601	19
0.0206577	19
0.0206711	19
0.0207033	19
0.0208173	19
0.0208277	19
0.0208357	19
0.0208588	19
0.0208638	19
0.0208703	19
0.020877	19
0.0208939	19
0.0209034	19
0.0209221	19
0.0209728	19
0.0209729	19
0.0209905	19
0.020995	19
0.0210138	19
0.021039	19
0.0210587	19
0.0210754	19
0.0210789	19
0.0210892	19
0.0211005	19
0.0211234	19
0.0211289	19
0.0211407	19
0.0211901	19
0.021192	19
0.0212066	19
0.0212815	19
0.0213088	19
0.0213193	19
0.0213458	19
0.0214063	19
0.0214186	19
0.0214281	19
0.0214867	19
0.0214911	19
0.0215155	19
0.0216657	19
0.0217862	19
0.0218135	19
0.0218139	19
0.0218238	19
0.0218568	19
0.0218584	19
0.0222318	19
0.0223136	19
0.02247	19
0.0225688	19
0.0229159	19
0.0229569	19
0.0230809	19
0.0236455	19
0.0236456	19
0.0236458	19
0.0236459	19
0.023646	19
0.0236463	19
0.0236463	19
0.0236466	19
0.0236467	19
0.0236469	19
0.0236469	19
0.0236471	19
0.0236474	19
0.0236476	19
0.0236477	19
0.0236486	19
0.0236487	19
0.0236488	19
0.0236491	19
0.0236497	19
0.0236501	19
0.0236506	19
0.0236507	19
0.0236519	19
0.0236521	19
0.0236525	19
0.023653	19
0.0236531	19
0.0236532	19
0.0236547	19
0.0236549	19
0.0236549	19
0.0236553	19
0.0236557	19
0.0236557	19
0.0236559	19
0.0236565	19
0.0236572	19
0.0236587	19
0.0236588	19
0.023659	19
0.0236595	19
0.0236597	19
0.0236598	19
0.0236622	19
0.0236641	19
0.0236644	19
0.023668	19
0.0236686	19
0.0236724	19
0.0236783	19
0.0236815	19
0.0236844	19
0.0236851	19
0.0236854	19
0.0236867	19
0.0236869	19
0.0236928	19
0.0236932	19
0.0236935	19
0.0236936	19
0.0237012	19
0.0237403	19
0.0237802	19
0.0238979	19
0.0245682	19
0.0251498	19
0.0251626	19
0.025177	19
0.0251863	19
0.0251989	19
0.0252162	19
0.0252259	19
0.0252308	19
0.0252311	19
0.0252401	19
0.0252666	19
0.0253108	19
0.0253135	19
0.0253169	19
0.0253428	19
0.0253603	19
0.025405	19
0.0254767	19
0.0254965	19
0.0255195	19
0.0255303	19
0.0255492	19
0.0255585	19
0.0255938	19
0.0257139	19
0.0257252	19
0.0257416	19
0.0257847	19
0.0258949	19
0.0260492	19
0.026105	19
0.0261402	19
0.026294	19
0.0263114	19
0.0263437	19
0.0267668	19
0.0280012	19
0.0280036	19
0.0280095	19
0.0280124	19
0.0280374	19
0.0299481	19
0.0299481	19
0.0299482	19
0.0299483	19
0.0299484	19
0.0299484	19
0.0299486	19
0.0299487	19
0.0299488	19
0.029949	19
0.0299497	19
0.0299498	19
0.0299499	19
0.02995	19
0.0299501	19
0.0299501	19
0.0299503	19
0.0299504	19
0.0299506	19
0.0299507	19
0.0299507	19
0.0299508	19
0.0299509	19
0.0299511	19
0.0299513	19
0.0299513	19
0.0299514	19
0.0299518	19
0.029952	19
0.0299524	19
0.0299528	19
0.0299534	19
0.0299535	19
0.0299543	19
0.0299549	19
0.0299551	19
0.0299559	19
0.0299559	19
0.0299561	19
0.0299561	19
0.0299564	19
0.0299566	19
0.0299573	19
0.0299573	19
0.029958	19
0.0299581	19
0.0299585	19
0.029959	19
0.0299591	19
0.02996	19
0.0299604	19
0.0299605	19
0.0299613	19
0.0299617	19
0.0299619	19
0.0299621	19
0.0299622	19
0.0299626	19
0.0299628	19
0.0299632	19
0.0299638	19
0.0299647	19
0.0299651	19
0.0299653	19
0.0299658	19
0.0299662	19
0.0299665	19
0.0299689	19
0.0299691	19
0.0299694	19
0.02997	19
0.0299707	19
0.0299711	19
0.0299718	19
0.0299723	19
0.0299733	19
0.0299736	19
0.029974	19
0.0299745	19
0.029981	19
0.0299837	19
0.0299841	19
0.0299857	19
0.0299864	19
0.0299875	19
0.0299875	19
0.0299943	19
0.0299973	19
0.0300006	19
0.030001	19
0.0300031	19
0.0300075	19
0.0300077	19
0.030011	19
0.0300115	19
0.030014	19
0.0300154	19
0.0300315	19
0.0300607	19
0.0300645	19
0.0300717	19
0.0300839	19
0.0300864	19
0.0301086	19
0.0301113	19
0.0301414	19
0.0301485	19
0.0302121	19
0.0302159	19
0.0302412	19
0.0302846	19
0.0303154	19
0.0303164	19
0.0303564	19
0.0303668	19
0.0303987	19
0.030415	19
0.0304244	19
0.0304279	19
0.0304326	19
0.0304608	19
0.0304774	19
0.0304975	19
0.0305147	19
0.0305191	19
0.030547	19
0.0305495	19
0.0305524	19
0.0305667	19
0.0306253	19
0.0306489	19
0.0306671	19
0.0307564	19
0.0307565	19
0.0307579	19
0.030759	19
0.0307592	19
0.0307597	19
0.0307604	19
0.0307606	19
0.0307619	19
0.0307633	19
0.0307715	19
0.0307765	19
0.0307781	19
0.0307869	19
0.0307875	19
0.0308001	19
0.0308003	19
0.0308141	19
0.0308152	19
0.0308173	19
0.0308193	19
0.0308195	19
0.0308551	19
0.0308562	19
0.0308601	19
0.0308606	19
0.0308697	19
0.0308724	19
0.0308737	19
0.0308747	19
0.0308807	19
0.0308819	19
0.0308872	19
0.0308882	19
0.0308972	19
0.0309064	19
0.0309704	19
0.0309722	19
0.0310171	19
0.0310542	19
0.0311547	19
0.0311768	19
0.0311778	19
0.0311914	19
0.0312049	19
0.031206	19
0.0312085	19
0.0312145	19
0.0312783	19
0.0312901	19
0.0313819	19
0.0314065	19
0.0314067	19
0.0314067	19
0.0314069	19
0.0314069	19
0.031407	19
0.031407	19
0.031407	19
0.0314071	19
0.0314073	19
0.0314073	19
0.0314074	19
0.0314075	19
0.0314076	19
0.0314078	19
0.031408	19
0.0314083	19
0.0314092	19
0.0314093	19
0.0314095	19
0.0314104	19
0.0314105	19
0.0314106	19
0.0314114	19
0.0314115	19
0.0314116	19
0.0314118	19
0.0314118	19
0.031412	19
0.0314121	19
0.0314121	19
0.0314129	19
0.031413	19
0.0314134	19
0.0314152	19
0.0314156	19
0.0314164	19
0.031417	19
0.0314184	19
0.0314193	19
0.0314196	19
0.0314217	19
0.031422	19
0.0314229	19
0.0314233	19
0.0314254	19
0.0314266	19
0.0314269	19
0.031427	19
0.0314277	19
0.0314284	19
0.0314319	19
0.0314321	19
0.0314414	19
0.031447	19
0.0314477	19
0.0314502	19
0.0314577	19
0.0314614	19
0.0314641	19
0.0314731	19
0.0314735	19
0.031474	19
0.031477	19
0.0314779	19
0.0315026	19
0.0315144	19
0.031519	19
0.0315381	19
0.0315909	19
0.031594	19
0.0316011	19
0.0317246	19
0.0317257	19
0.0317684	19
0.0317711	19
0.031773	19
0.0317746	19
0.0317812	19
0.0317821	19
0.031787	19
0.0318008	19
0.0318028	19
0.0318041	19
0.0318071	19
0.031825	19
0.031841	19
0.031847	19
0.0318526	19
0.031853	19
0.0318609	19
0.0318689	19
0.0318706	19
0.031872	19
0.031874	19
0.0318903	19
0.031893	19
0.0318931	19
0.0318968	19
0.0319367	19
0.0319438	19
0.031946	19
0.0319466	19
0.0319477	19
0.0319701	19
0.0319993	19
0.0320538	19
0.0320542	19
0.0320546	19
0.0320555	19
0.0320556	19
0.0320556	19
0.0320562	19
0.032057	19
0.0320574	19
0.0320579	19
0.0320607	19
0.0320611	19
0.0320624	19
0.0320636	19
0.0320647	19
0.032065	19
0.0320664	19
0.0320668	19
0.032068	19
0.0320687	19
0.0320688	19
0.0320708	19
0.032078	19
0.0320784	19
0.0320923	19
0.0321161	19
0.0321162	19
0.0321185	19
0.0321234	19
0.0321662	19
0.0321708	19
0.0321732	19
0.0321739	19
0.0321748	19
0.0321762	19
0.0321771	19
0.0321788	19
0.0321839	19
0.0321878	19
0.0321961	19
0.0322008	19
0.0322017	19
0.0322056	19
0.0322082	19
0.0322187	19
0.0322491	19
0.0322629	19
0.032335	19
0.032389	19
0.0325092	19
0.0325407	19
0.0325468	19
0.0325504	19
0.0325942	19
0.0326073	19
0.0326506	19
0.0327656	19
0.0327903	19
0.0328205	19
0.0328216	19
0.0328313	19
0.0329028	19
0.0329442	19
0.032955	19
0.0331059	19
0.033204	19
0.0332533	19
0.0333129	19
0.0333221	19
0.033331	19
0.0333876	19
0.0333977	19
0.0334076	19
0.0334465	19
0.0334531	19
0.0335628	19
0.0335774	19
0.0335795	19
0.0335799	19
0.0335837	19
0.0335838	19
0.0335923	19
0.0335968	19
0.0336112	19
0.0336276	19
0.0336344	19
0.033635	19
0.0336389	19
0.0336422	19
0.0336501	19
0.0336594	19
0.0336679	19
0.0336685	19
0.0336739	19
0.0336794	19
0.033681	19
0.033681	19
0.0336882	19
0.0336907	19
0.0336967	19
0.0337305	19
0.0337339	19
0.0337482	19
0.033754	19
0.0337641	19
0.0338174	19
0.0338377	19
0.033862	19
0.0338741	19
0.0338771	19
0.0338818	19
0.0338832	19
0.0338963	19
0.0339065	19
0.0339161	19
0.03396	19
0.0339864	19
0.0339886	19
0.0340109	19
0.0340189	19
0.0340346	19
0.0340409	19
0.0340416	19
0.034047	19
0.0340489	19
0.0340822	19
0.0341088	19
0.0341499	19
0.0341553	19
0.0341725	19
0.0341896	19
0.0341998	19
0.0342174	19
0.0342186	19
0.0342509	19
0.0342712	19
0.034275	19
0.0342846	19
0.0343468	19
0.0344012	19
0.0344024	19
0.0344026	19
0.0344028	19
0.0344028	19
0.034403	19
0.0344031	19
0.0344035	19
0.0344038	19
0.0344039	19
0.0344039	19
0.0344042	19
0.0344046	19
0.034405	19
0.034405	19
0.0344051	19
0.0344052	19
0.0344052	19
0.0344053	19
0.0344054	19
0.0344055	19
0.0344057	19
0.0344057	19
0.0344061	19
0.0344067	19
0.0344073	19
0.0344082	19
0.0344084	19
0.0344084	19
0.0344085	19
0.0344091	19
0.0344091	19
0.0344096	19
0.0344097	19
0.0344101	19
0.034411	19
0.0344117	19
0.0344118	19
0.0344125	19
0.0344132	19
0.0344135	19
0.034414	19
0.0344148	19
0.034415	19
0.0344157	19
0.0344189	19
0.034419	19
0.0344192	19
0.0344216	19
0.0344223	19
0.0344249	19
0.0344252	19
0.0344264	19
0.0344268	19
0.0344274	19
0.0344314	19
0.0344393	19
0.0344409	19
0.0344413	19
0.0344442	19
0.034449	19
0.0344584	19
0.0344659	19
0.0344677	19
0.0344695	19
0.0344738	19
0.0344778	19
0.0344895	19
0.0344916	19
0.0344944	19
0.034504	19
0.0345101	19
0.0345486	19
0.034555	19
0.0345813	19
0.0346554	19
0.0346682	19
0.0347352	19
0.0347739	19
0.0349046	19
0.0349246	19
0.0350459	19
0.0352774	19
0.0352774	19
0.0352774	19
0.0352785	19
0.0352792	19
0.0352801	19
0.0352804	19
0.0352809	19
0.035281	19
0.0352821	19
0.0352843	19
0.0352856	19
0.0352877	19
0.0352878	19
0.0352879	19
0.0352885	19
0.0352897	19
0.035291	19
0.0352913	19
0.0352933	19
0.0352953	19
0.0352957	19
0.0353053	19
0.0353076	19
0.0353105	19
0.0353172	19
0.035326	19
0.03538	19
0.0353862	19
0.0354935	19
0.035764	19
0.0357883	19
0.0358861	19
0.0359218	19
0.0361553	19
0.036156	19
0.0361663	19
0.036175	19
0.0361869	19
0.0361895	19
0.0361933	19
0.0362	19
0.0362237	19
0.0362438	19
0.0362658	19
0.0362692	19
0.0362792	19
0.0362816	19
0.0362856	19
0.0364084	19
0.0370127	19
0.0370202	19
0.0370269	19
0.0371547	19
0.037157	19
0.0371589	19
0.0371687	19
0.0371742	19
0.0372209	19
0.0372501	19
0.0372593	19
0.0372624	19
0.0379387	19
0.0379678	19
0.0379835	19
0.0391588	19
0.039159	19
0.039159	19
0.0391592	19
0.0391595	19
0.0391597	19
0.0391597	19
0.0391597	19
0.0391599	19
0.0391601	19
0.0391606	19
0.0391616	19
0.0391617	19
0.0391619	19
0.039162	19
0.0391621	19
0.0391623	19
0.0391625	19
0.0391629	19
0.039163	19
0.0391633	19
0.0391634	19
0.0391636	19
0.0391639	19
0.0391643	19
0.0391645	19
0.0391646	19
0.0391651	19
0.0391651	19
0.0391653	19
0.0391657	19
0.0391662	19
0.0391664	19
0.0391669	19
0.0391672	19
0.0391676	19
0.0391676	19
0.0391677	19
0.0391679	19
0.0391682	19
0.0391686	19
0.0391695	19
0.0391709	19
0.0391718	19
0.0391727	19
0.0391733	19
0.0391747	19
0.0391749	19
0.0391759	19
0.0391769	19
0.0391793	19
0.03918	19
0.0391802	19
0.0391841	19
0.0391852	19
0.0391854	19
0.0391863	19
0.0391882	19
0.0391892	19
0.0391902	19
0.0391938	19
0.0391942	19
0.0391947	19
0.0391963	19
0.0391977	19
0.0391979	19
0.0391984	19
0.0392006	19
0.0392028	19
0.0392037	19
0.0392044	19
0.0392058	19
0.0392067	19
0.039216	19
0.0392184	19
0.0392468	19
0.0405072	19
0.0405778	19
0.041	19
0.0410017	19
0.0410756	19
0.0413654	19
0.0422936	19
0.0424251	19
0.0429253	19
0.0429419	19
0.0431214	19
0.0431223	19
0.0431452	19
0.0431692	19
0.0431898	19
0.0432792	19
0.0433087	19
0.0440305	19
0.0440446	19
0.0440458	19
0.0440499	19
0.04405	19
0.0440509	19
0.0440523	19
0.044055	19
0.0440657	19
0.0441018	19
0.0441082	19
0.0441167	19
0.0441332	19
0.0441336	19
0.0441516	19
0.0442019	19
0.0442035	19
0.044226	19
0.0442454	19
0.0442631	19
0.0442701	19
0.0442817	19
0.0443437	19
0.0443742	19
0.0443902	19
0.0444158	19
0.0444396	19
0.0444908	19
0.0445184	19
0.0445186	19
0.0445193	19
0.0445196	19
0.0445197	19
0.0445199	19
0.0445207	19
0.0445208	19
0.0445208	19
0.044522	19
0.0445226	19
0.0445262	19
0.0445291	19
0.0445305	19
0.0445324	19
0.0445326	19
0.044533	19
0.0445335	19
0.0445351	19
0.044536	19
0.0445371	19
0.0445403	19
0.044541	19
0.0445418	19
0.0445442	19
0.0445491	19
0.0445635	19
0.0445651	19
0.04457	19
0.0446054	19
0.0446258	19
0.0446444	19
0.0446625	19
0.0446737	19
0.0446905	19
0.044695	19
0.0446984	19
0.0447466	19
0.0447491	19
0.0448102	19
0.0448276	19
0.0448284	19
0.044836	19
0.0448638	19
0.04488	19
0.0448951	19
0.0449094	19
0.0449492	19
0.0449719	19
0.0449932	19
0.0450466	19
0.0450555	19
0.0450772	19
0.0451015	19
0.0451057	19
0.0451121	19
0.0451211	19
0.0451256	19
0.0451268	19
0.0451481	19
0.0451494	19
0.0451506	19
0.0451711	19
0.0451719	19
0.0451858	19
0.0451883	19
0.0451932	19
0.0451951	19
0.0451965	19
0.0451999	19
0.0452094	19
0.0452142	19
0.0452162	19
0.0452192	19
0.0452236	19
0.0452237	19
0.0452288	19
0.0452468	19
0.0452475	19
0.045286	19
0.0452905	19
0.0452973	19
0.0453271	19
0.0453276	19
0.0453398	19
0.0453746	19
0.0453749	19
0.045378	19
0.0454142	19
0.0454446	19
0.0454568	19
0.0454659	19
0.0454777	19
0.0454836	19
0.0455372	19
0.045543	19
0.0456144	19
0.0456895	19
0.0457101	19
0.0457451	19
0.0457486	19
0.0457494	19
0.0457511	19
0.0458	19
0.0458156	19
0.0458739	19
0.0459024	19
0.0459387	19
0.0459531	19
0.0459608	19
0.0459662	19
0.0459692	19
0.0459977	19
0.0461406	19
0.0461699	19
0.0462578	19
0.0462786	19
0.0463582	19
0.0463713	19
0.0464165	19
0.0465183	19
0.0465226	19
0.046603	19
0.0466654	19
0.0467162	19
0.0469806	19
0.0472616	19
0.0473844	19
0.0477377	19
0.0477381	19
0.0477391	19
0.0477393	19
0.0477395	19
0.0477408	19
0.0477408	19
0.0477416	19
0.047745	19
0.047749	19
0.0477508	19
0.0477528	19
0.0480756	19
0.0481534	19
0.0481714	19
0.0483193	19
0.0488163	19
0.0488183	19
0.0488192	19
0.0488221	19
0.0488246	19
0.0488317	19
0.0488323	19
0.0488324	19
0.0488606	19
0.0488792	19
0.0488923	19
0.0490433	19
0.0490477	19
0.0490523	19
0.0497451	19
0.0499485	19
0.0503934	19
0.0504256	19
0.0504283	19
0.05052	19
0.0505633	19
0.0505704	19
0.0518412	19
0.0518574	19
0.0518575	19
0.0519891	19
0.0527859	19
0.0528177	19
0.05282	19
0.0528225	19
0.0528991	19
0.0529053	19
0.0535123	19
0.0535136	19
0.0535175	19
0.0535231	19
0.0535265	19
0.0535272	19
0.0535273	19
0.053562	19
0.0550719	19
0.0550771	19
0.0550801	19
0.0551084	19
0.0551156	19
0.055117	19
0.0551189	19
0.0551193	19
0.0551214	19
0.0551246	19
0.0551254	19
0.0551255	19
0.0551272	19
0.0551295	19
0.0551311	19
0.0551348	19
0.0551391	19
0.0551403	19
0.0551437	19
0.0551472	19
0.0558346	19
0.0564669	19
0.0565469	19
0.0579849	19
0.0580306	19
0.0580376	19
0.0580393	19
0.067001	19
0.0670013	19
0.0670021	19
0.0670039	19
0.0670047	19
0.0670278	19
0.0670476	19
0.0670704	19
0.0670814	19
0.0671171	19
0.0671248	19
0.067136	19
0.0671365	19
0.0671584	19
0.0671762	19
0.067199	19
0.0672164	19
0.0672196	19
0.0672293	19
0.0672609	19
0.0674754	19
0.0675049	19
0.0675064	19
0.0675522	19
0.0675689	19
0.0676203	19
0.0676783	19
0.0676788	19
0.0677208	19
0.0678295	19
0.0683458	19
0.0686065	19
0.0686078	19
0.0686097	19
0.0704332	19
0.0704389	19
0.0705458	19
0.071864	19
0.0718665	19
0.0718741	19
0.0719121	19
0.0719389	19
0.0719391	19
0.0724886	19
0.0724907	19
0.072491	19
0.0725092	19
0.0725104	19
0.072524	19
0.0725431	19
0.0725498	19
0.0726641	19
0.0728656	19
0.0729685	19
0.0730037	19
0.0766829	19
0.0766829	19
0.0766853	19
0.0766865	19
0.0766876	19
0.0766885	19
0.0766888	19
0.0766912	19
0.0766913	19
0.0766922	19
0.076693	19
0.0766932	19
0.0766946	19
0.0766947	19
0.0766952	19
0.076697	19
0.0767004	19
0.0767034	19
0.0767064	19
0.0767162	19
0.078777	19
0.0787855	19
0.0788514	19
0.0788528	19
0.0789874	19
0.0790239	19
0.0790276	19
0.079055	19
0.0790936	19
0.0790947	19
0.0794121	19
0.0794689	19
0.0795186	19
0.0810758	19
0.0811138	19
0.0819963	19
0.0819965	19
0.0820039	19
0.0862308	19
0.0895136	19
0.089514	19
0.0895149	19
0.0895176	19
0.089521	19
0.0895237	19
0.0895252	19
0.0895262	19
0.0895278	19
0.0895294	19
0.0895308	19
0.0895324	19
0.0895422	19
0.0895458	19
0.0895497	19
0.0895508	19
0.0895814	19
0.0895902	19
0.0919327	19
0.0919329	19
0.0926621	19
0.092678	19
0.0926781	19
0.0927132	19
0.0931925	19
0.0933644	19
0.0945718	19
0.0945749	19
0.0974288	19
0.100191	19
0.100245	19
0.100247	19
0.100256	19
0.100329	19
0.101126	19
0.101234	19
0.101235	19
0.102437	19
0.102461	19
0.102461	19
0.102505	19
0.102566	19
0.102568	19
0.102828	19
0.102936	19
0.102936	19
0.106638	19
0.106639	19
0.106684	19
0.106704	19
0.106755	19
0.107238	19
0.107283	19
0.109379	19
0.109379	19
0.109468	19
0.109595	19
0.112924	19
0.112924	19
0.112926	19
0.114839	19
0.11484	19
0.114841	19
0.114907	19
0.114944	19
0.11495	19
0.114976	19
0.115428	19
0.11543	19
0.115444	19
0.1167	19
0.116892	19
0.11691	19
0.117293	19
0.121045	19
0.121107	19
0.12111	19
0.121555	19
0.121558	19
0.124436	19
0.126412	19
0.12653	19
0.126531	19
0.127082	19
0.127172	19
0.130553	19
0.130556	19
0.130603	19
0.133518	19
0.133532	19
0.136775	19
0.136848	19
0.137133	19
0.142162	19
0.142165	19
0.142304	19
0.142304	19
0.144644	19
0.145622	19
0.145623	19
0.145627	19
0.145654	19
0.145655	19
0.145662	19
0.145674	19
0.145675	19
0.145675	19
0.148095	19
0.148098	19
0.148251	19
0.148329	19
0.148335	19
0.149236	19
0.149249	19
0.149249	19
0.152036	19
0.15209	19
0.152091	19
0.154729	19
0.154732	19
0.154763	19
0.154766	19
0.159576	19
0.163542	19
0.163551	19
0.163748	19
0.163748	19
0.170703	19
0.170703	19
0.170712	19
0.170716	19
0.170725	19
0.170762	19
0.172102	19
0.172105	19
0.172148	19
0.172148	19
0.173146	19
0.176515	19
0.176516	19
0.176522	19
0.176522	19
0.176526	19
0.176727	19
0.17923	19
0.179264	19
0.179394	19
0.179396	19
0.179943	19
0.180631	19
0.182792	19
0.182903	19
0.18298	19
0.188901	19
0.188923	19
0.188979	19
0.189056	19
0.189158	19
0.189385	19
0.189429	19
0.199133	19
0.199133	19
0.199134	19
0.199136	19
0.199169	19
0.199276	19
0.199277	19
0.202671	19
0.202689	19
0.202693	19
0.20271	19
0.202723	19
0.202789	19
0.202789	19
0.202805	19
0.202809	19
0.203581	19
0.203677	19
0.203689	19
0.203948	19
0.208201	19
0.208202	19
0.208217	19
0.208225	19
0.208317	19
0.209531	19
0.209533	19
0.209539	19
0.214428	19
0.214429	19
0.214434	19
0.215089	19
0.215089	19
0.215136	19
0.218308	19
0.218309	19
0.218312	19
0.218326	19
0.218328	19
0.218331	19
0.219483	19
0.219502	19
0.219537	19
0.219538	19
0.220836	19
0.220955	19
0.220961	19
0.224135	19
0.224135	19
0.22414	19
0.224147	19
0.228262	19
0.228324	19
0.228325	19
0.229872	19
0.229904	19
0.229971	19
0.229976	19
0.232917	19
0.232935	19
0.232937	19
0.232967	19
0.232978	19
0.235291	19
0.237593	19
0.239459	19
0.239482	19
0.239504	19
0.239558	19
0.239558	19
0.241351	19
0.241358	19
0.241363	19
0.241363	19
0.2414	19
0.247049	19
0.24705	19
0.24705	19
0.247629	19
0.248696	19
0.25009	19
0.250126	19
0.257231	19
0.257599	19
0.258219	19
0.25876	19
0.258766	19
0.258846	19
0.258857	19
0.25886	19
0.2597	19
0.259801	19
0.259801	19
0.259819	19
0.25984	19
0.260312	19
0.261045	19
0.261975	19
0.262014	19
0.262365	19
0.26506	19
0.26506	19
0.265092	19
0.265103	19
0.265106	19
0.267873	19
0.267882	19
0.267894	19
0.267895	19
0.267895	19
0.267896	19
0.267904	19
0.274929	19
0.278911	19
0.278914	19
0.278949	19
0.278949	19
0.281581	19
0.281601	19
0.281605	19
0.281904	19
0.284886	19
0.284886	19
0.284886	19
0.284954	19
0.284987	19
0.28499	19
0.288199	19
0.288201	19
0.288204	19
0.288212	19
0.290581	19
0.292458	19
0.296838	19
0.296841	19
0.29692	19
0.296943	19
0.298375	19
0.2984	19
0.29841	19
0.298543	19
0.298584	19
0.300416	19
0.300497	19
0.30055	19
0.300551	19
0.301978	19
0.302046	19
0.302049	19
0.311195	19
0.311195	19
0.311215	19
0.311223	19
0.32429	19
0.324355	19
0.324356	19
0.324591	19
0.327457	19
0.327464	19
0.328465	19
0.328465	19
0.328467	19
0.329497	19
0.329517	19
0.32952	19
0.329521	19
0.329914	19
0.329956	19
0.329965	19
0.329965	19
0.330109	19
0.332271	19
0.332272	19
0.332331	19
0.332451	19
0.332464	19
0.332495	19
0.336529	19
0.33653	19
0.336531	19
0.336577	19
0.336587	19
0.337944	19
0.337947	19
0.337948	19
0.344263	19
0.344264	19
0.344265	19
0.344268	19
0.344292	19
0.344296	19
0.344361	19
0.344736	19
0.344768	19
0.34477	19
0.34483	19
0.34971	19
0.349757	19
0.349762	19
0.349801	19
0.353168	19
0.353171	19
0.35355	19
0.353603	19
0.353616	19
0.354847	19
0.355077	19
0.355097	19
0.356308	19
0.356335	19
0.356351	19
0.363385	19
0.363438	19
0.363439	19
0.364778	19
0.364891	19
0.364896	19
0.368337	19
0.368342	19
0.368452	19
0.368453	19
0.369594	19
0.372527	19
0.372645	19
0.375643	19
0.375643	19
0.375658	19
0.375664	19
0.375676	19
0.375706	19
0.375706	19
0.375851	19
0.375852	19
0.378764	19
0.37877	19
0.378863	19
0.380937	19
0.389785	19
0.389785	19
0.389897	19
0.3899	19
0.392029	19
0.39204	19
0.39205	19
0.393017	19
0.39306	19
0.393064	19
0.393177	19
0.393193	19
0.393201	19
0.393285	19
0.393618	19
0.394652	19
0.399162	19
0.399222	19
0.399405	19
0.399409	19
0.405725	19
0.405726	19
0.405746	19
0.405755	19
0.406303	19
0.40631	19
0.406315	19
0.409636	19
0.411615	19
0.411752	19
0.419802	19
0.419821	19
0.41983	19
0.419835	19
0.419842	19
0.422082	19
0.422093	19
0.422093	19
0.422093	19
0.42251	19
0.422512	19
0.422518	19
0.422524	19
0.426285	19
0.426286	19
0.426388	19
0.428335	19
0.428403	19
0.428415	19
0.428665	19
0.428667	19
0.431468	19
0.431477	19
0.431478	19
0.445499	19
0.445506	19
0.44605	19
0.44614	19
0.446141	19
0.450787	19
0.450788	19
0.450794	19
0.450798	19
0.450823	19
0.450826	19
0.45351	19
0.453602	19
0.453604	19
0.45399	19
0.454119	19
0.45412	19
0.46091	19
0.460939	19
0.461037	19
0.461037	19
0.461981	19
0.462005	19
0.46201	19
0.46532	19
0.46539	19
0.466962	19
0.467093	19
0.467098	19
0.471832	19
0.471847	19
0.471848	19
0.484642	19
0.484642	19
0.484705	19
0.484708	19
0.49664	19
0.49664	19
0.496641	19
0.496659	19
0.496666	19
0.497309	19
0.497377	19
0.497378	19
0.499276	19
0.499305	19
0.499392	19
0.499394	19
0.504637	19
0.504766	19
0.504768	19
0.505528	19
0.506859	19
0.506866	19
0.515282	19
0.515283	19
0.515284	19
0.515301	19
0.515302	19
0.515312	19
0.515314	19
0.515509	19
0.515544	19
0.517504	19
0.517558	19
0.517617	19
0.518295	19
0.518305	19
0.518452	19
0.519302	19
0.519341	19
0.520742	19
0.520743	19
0.520745	19
0.520753	19
0.522575	19
0.522579	19
0.522705	19
0.530806	19
0.530806	19
0.530811	19
0.530816	19
0.534095	19
0.534097	19
0.534135	19
0.544025	19
0.544025	19
0.544025	19
0.544144	19
0.544799	19
0.544804	19
0.544858	19
0.545845	19
0.545862	19
0.545935	19
0.546215	19
0.546216	19
0.546231	19
0.550107	19
0.550114	19
0.550204	19
0.550227	19
0.550232	19
0.550401	19
0.555808	19
0.556836	19
0.55684	19
0.556845	19
0.557373	19
0.557413	19
0.557413	19
0.557425	19
0.557425	19
0.557465	19
0.560014	19
0.560045	19
0.560066	19
0.560069	19
0.56543	19
0.567262	19
0.575779	19
0.575839	19
0.57584	19
0.57928	19
0.579298	19
0.579301	19
0.579346	19
0.579354	19
0.58297	19
0.584221	19
0.58425	19
0.584271	19
0.584272	19
0.584299	19
0.584337	19
0.592439	19
0.592441	19
0.592443	19
0.592449	19
0.592575	19
0.597186	19
0.597291	19
0.597457	19
0.597776	19
0.59778	19
0.597996	19
0.597996	19
0.601035	19
0.601044	19
0.601045	19
0.60229	19
0.607651	19
0.607652	19
0.612669	19
0.616779	19
0.616917	19
0.616953	19
0.616955	19
0.616959	19
0.617123	19
0.617124	19
0.625421	19
0.625439	19
0.625439	19
0.625445	19
0.62545	19
0.625588	19
0.628972	19
0.628982	19
0.628988	19
0.644801	19
0.644802	19
0.644924	19
0.650279	19
0.65028	19
0.65041	19
0.650416	19
0.650419	19
0.650458	19
0.654306	19
0.655045	19
0.655077	19
0.655077	19
0.656541	19
0.65656	19
0.65656	19
0.656656	19
0.66011	19
0.660119	19
0.666814	19
0.666847	19
0.666862	19
0.666863	19
0.666946	19
0.666947	19
0.67434	19
0.67434	19
0.674489	19
0.67449	19
0.684998	19
0.684998	19
0.684999	19
0.685107	19
0.68511	19
0.687091	19
0.68713	19
0.68713	19
0.687302	19
0.687453	19
0.687453	19
0.688245	19
0.688288	19
0.688289	19
0.691568	19
0.691764	19
0.691775	19
0.692053	19
0.694924	19
0.694931	19
0.695691	19
0.695704	19
0.695747	19
0.695764	19
0.695765	19
0.696807	19
0.696812	19
0.696813	19
0.71952	19
0.719521	19
0.719524	19
0.719607	19
0.719609	19
0.721238	19
0.721265	19
0.721269	19
0.724111	19
0.72415	19
0.72415	19
0.725959	19
0.725986	19
0.725986	19
0.727283	19
0.727327	19
0.727327	19
0.729706	19
0.729786	19
0.729787	19
0.737851	19
0.737966	19
0.737967	19
0.740823	19
0.741109	19
0.741119	19
0.741482	19
0.741607	19
0.741609	19
0.748154	19
0.748155	19
0.753078	19
0.75308	19
0.753134	19
0.753135	19
0.770696	19
0.770699	19
0.770699	19
0.770811	19
0.770812	19
0.770833	19
0.77084	19
0.770855	19
0.770913	19
0.770913	19
0.77715	19
0.777153	19
0.777156	19
0.777159	19
0.780203	19
0.780361	19
0.780363	19
0.780492	19
0.782364	19
0.782448	19
0.788381	19
0.788443	19
0.788452	19
0.800554	19
0.800555	19
0.800561	19
0.800562	19
0.80071	19
0.800718	19
0.802015	19
0.802018	19
0.802028	19
0.808011	19
0.808037	19
0.808125	19
0.808126	19
0.832128	19
0.832129	19
0.83213	19
0.83213	19
0.832158	19
0.832161	19
0.833562	19
0.83425	19
0.834279	19
0.835305	19
0.835467	19
0.835467	19
0.840821	19
0.854609	19
0.85461	19
0.85461	19
0.854615	19
0.85462	19
0.857749	19
0.857777	19
0.857844	19
0.857847	19
0.859715	19
0.862377	19
0.86238	19
0.865928	19
0.86596	19
0.865963	19
0.86699	19
0.867048	19
0.867052	19
0.869118	19
0.869288	19
0.869289	19
0.869305	19
0.869307	19
0.870194	19
0.870269	19
0.870271	19
0.872621	19
0.872639	19
0.872644	19
0.873623	19
0.873732	19
0.873733	19
0.873827	19
0.873872	19
0.873909	19
0.880896	19
0.881899	19
0.881917	19
0.881917	19
0.882076	19
0.882242	19
0.883293	19
0.883388	19
0.88339	19
0.891809	19
0.891832	19
0.891885	19
0.894064	19
0.894125	19
0.894614	19
0.894623	19
0.894641	19
0.895696	19
0.895698	19
0.895699	19
0.900729	19
0.900736	19
0.901052	19
0.904284	19
0.905611	19
0.905757	19
0.905762	19
0.905859	19
0.913051	19
0.926969	19
0.92698	19
0.92698	19
0.92707	19
0.927071	19
0.927075	19
0.928178	19
0.928184	19
0.928218	19
0.931615	19
0.94474	19
0.944742	19
0.944775	19
0.944776	19
0.944909	19
0.952087	19
0.952087	19
0.952109	19
0.955101	19
0.955104	19
0.95525	19
0.959451	19
0.959453	19
0.959665	19
0.962472	19
0.969255	19
0.969266	19
0.969271	19
0.974715	19
0.974741	19
0.974741	19
0.975836	19
0.97586	19
0.975875	19
0.975876	19
0.997446	19
0.997447	19
0.997454	19
0.997582	19
1.00257	19
1.00257	19
1.00285	19
1.00286	19
1.00287	19
1.00287	19
1.00432	19
1.00435	19
1.00435	19
1.00438	19
1.01046	19
1.01047	19
1.01336	19
1.01338	19
1.01338	19
1.03033	19
1.03044	19
1.03044	19
1.0429	19
1.0429	19
1.04293	19
1.04293	19
1.04293	19
1.05274	19
1.05274	19
1.05276	19
1.05277	19
1.05284	19
1.05339	19
1.05339	19
1.05339	19
1.0534	19
1.05344	19
1.05675	19
1.05676	19
1.05681	19
1.0634	19
1.06341	19
1.06342	19
1.06619	19
1.06619	19
1.0662	19
1.07027	19
1.07028	19
1.07028	19
1.07049	19
1.07665	19
1.07665	19
1.07666	19
1.07694	19
1.08931	19
1.08932	19
1.08942	19
1.09835	19
1.09838	19
1.0985	19
1.1041	19
1.1041	19
1.10411	19
1.10411	19
1.10411	19
1.10951	19
1.10952	19
1.10961	19
1.11603	19
1.11605	19
1.11605	19
1.13607	19
1.13612	19
1.14545	19
1.14545	19
1.14545	19
1.14798	19
1.14803	19
1.14804	19
1.14804	19
1.16166	19
1.16289	19
1.1629	19
1.16293	19
1.16296	19
1.16296	19
1.16298	19
1.16299	19
1.16299	19
1.17917	19
1.17918	19
1.17918	19
1.17918	19
1.17942	19
1.17942	19
1.17955	19
1.17955	19
1.18704	19
1.18712	19
1.18712	19
1.18719	19
1.19073	19
1.19074	19
1.19074	19
1.19074	19
1.19229	19
1.1923	19
1.19241	19
1.19245	19
1.19245	19
1.20464	19
1.20464	19
1.20464	19
1.2047	19
1.20483	19
1.20483	19
1.20703	19
1.20708	19
1.20708	19
1.21681	19
1.21682	19
1.21682	19
1.2175	19
1.21766	19
1.21766	19
1.22366	19
1.22393	19
1.22393	19
1.23073	19
1.23074	19
1.23074	19
1.23186	19
1.23187	19
1.23198	19
1.23198	19
1.23812	19
1.23812	19
1.23815	19
1.23815	19
1.24894	19
1.24894	19
1.24894	19
1.24895	19
1.24895	19
1.24957	19
1.24963	19
1.24964	19
1.2519	19
1.25215	19
1.25215	19
1.25809	19
1.25812	19
1.25812	19
1.27691	19
1.27691	19
1.27691	19
1.27699	19
1.277	19
1.27785	19
1.2779	19
1.27793	19
1.27793	19
1.28699	19
1.2886	19
1.28862	19
1.29046	19
1.29046	19
1.29057	19
1.29068	19
1.29068	19
1.29289	19
1.29534	19
1.29539	19
1.29574	19
1.29574	19
1.29738	19
1.2974	19
1.2974	19
1.30003	19
1.30011	19
1.30013	19
1.30013	19
1.30239	19
1.3024	19
1.3024	19
1.30485	19
1.30509	19
1.30509	19
1.30769	19
1.3077	19
1.3077	19
1.30775	19
1.30775	19
1.31025	19
1.31037	19
1.31037	19
1.31105	19
1.31493	19
1.31494	19
1.31495	19
1.31495	19
1.31895	19
1.31903	19
1.31907	19
1.31907	19
1.34591	19
1.34592	19
1.34592	19
1.34597	19
1.34597	19
1.34757	19
1.34771	19
1.34771	19
1.35122	19
1.37195	19
1.37195	19
1.37196	19
1.37198	19
1.37206	19
1.37207	19
1.37348	19
1.37356	19
1.37357	19
1.3793	19
1.37932	19
1.37932	19
1.38071	19
1.3808	19
1.38081	19
1.39361	19
1.39361	19
1.39361	19
1.42926	19
1.42927	19
1.42934	19
1.43806	19
1.43807	19
1.43812	19
1.43843	19
1.43844	19
1.43856	19
1.47321	19
1.47321	19
1.47322	19
1.47325	19
1.47325	19
1.47402	19
1.47406	19
1.47406	19
1.47884	19
1.47892	19
1.47892	19
1.49106	19
1.49106	19
1.49107	19
1.49107	19
1.49158	19
1.49441	19
1.49441	19
1.4945	19
1.49451	19
1.49927	19
1.52563	19
1.52563	19
1.52566	19
1.52568	19
1.52581	19
1.52581	19
1.52871	19
1.52872	19
1.52872	19
1.53515	19
1.53518	19
1.53518	19
1.5382	19
1.53841	19
1.53841	19
1.54074	19
1.54076	19
1.54077	19
1.55582	19
1.55583	19
1.55591	19
1.55591	19
1.55599	19
1.55621	19
1.55622	19
1.55709	19
1.55734	19
1.57312	19
1.57313	19
1.57315	19
1.57315	19
1.57317	19
1.57318	19
1.57391	19
1.57393	19
1.57393	19
1.58807	19
1.59457	19
1.59465	19
1.59821	19
1.59825	19
1.59825	19
1.59827	19
1.59827	19
1.60931	19
1.60933	19
1.60933	19
1.60933	19
1.60933	19
1.61413	19
1.61417	19
1.61417	19
1.61434	19
1.61434	19
1.61961	19
1.62554	19
1.62554	19
1.62554	19
1.62555	19
1.62561	19
1.62562	19
1.62588	19
1.62858	19
1.6287	19
1.64085	19
1.64094	19
1.64094	19
1.65268	19
1.65268	19
1.65268	19
1.66243	19
1.67186	19
1.6719	19
1.6719	19
1.67195	19
1.67419	19
1.67421	19
1.67421	19
1.67421	19
1.67422	19
1.67422	19
1.67428	19
1.67428	19
1.67642	19
1.67653	19
1.67653	19
1.6804	19
1.68048	19
1.68048	19
1.68239	19
1.68241	19
1.68243	19
1.68244	19
1.68276	19
1.68276	19
1.68834	19
1.68834	19
1.68836	19
1.70761	19
1.70761	19
1.70761	19
1.70762	19
1.71329	19
1.71329	19
1.71329	19
1.71753	19
1.71754	19
1.71754	19
1.71756	19
1.71756	19
1.72025	19
1.72025	19
1.72025	19
1.72025	19
1.72025	19
1.73334	19
1.73334	19
1.73334	19
1.73335	19
1.73338	19
1.73339	19
1.73437	19
1.73441	19
1.73441	19
1.7447	19
1.74475	19
1.74476	19
1.74477	19
1.74586	19
1.74772	19
1.74783	19
1.74799	19
1.74802	19
1.74802	19
1.77112	19
1.77112	19
1.77115	19
1.77115	19
1.77134	19
1.77134	19
1.77161	19
1.7717	19
1.7717	19
1.77717	19
1.77724	19
1.77725	19
1.77937	19
1.79657	19
1.79658	19
1.7966	19
1.7966	19
1.79671	19
1.79672	19
1.79739	19
1.79752	19
1.79752	19
1.79999	19
1.80007	19
1.80008	19
1.80008	19
1.80152	19
1.80157	19
1.80157	19
1.81	19
1.81147	19
1.81148	19
1.8115	19
1.8115	19
1.81171	19
1.81187	19
1.81187	19
1.81597	19
1.81599	19
1.81608	19
1.81609	19
1.81902	19
1.81906	19
1.81906	19
1.81975	19
1.81978	19
1.81996	19
1.81996	19
1.82526	19
1.82532	19
1.82534	19
1.83536	19
1.85065	19
1.85066	19
1.85066	19
1.85074	19
1.85074	19
1.85754	19
1.85755	19
1.85755	19
1.85845	19
1.85849	19
1.85849	19
1.86137	19
1.86138	19
1.86144	19
1.86144	19
1.87302	19
1.87305	19
1.87306	19
1.87306	19
1.87306	19
1.8763	19
1.88118	19
1.8812	19
1.88134	19
1.88675	19
1.8868	19
1.8868	19
1.88683	19
1.88683	19
1.8962	19
1.89631	19
1.89631	19
1.8972	19
1.89723	19
1.89723	19
1.89978	19
1.90138	19
1.90138	19
1.90138	19
1.90235	19
1.90242	19
1.90242	19
1.90685	19
1.90696	19
1.90696	19
1.90697	19
1.90697	19
1.9235	19
1.9235	19
1.92354	19
1.92355	19
1.94273	19
1.94274	19
1.94283	19
1.94283	19
1.94656	19
1.94663	19
1.94664	19
1.94665	19
1.95966	19
1.95967	19
1.96663	19
1.96665	19
1.96665	19
1.96784	19
1.96791	19
1.9716	19
1.97161	19
1.97161	19
1.97163	19
1.97164	19
1.98031	19
1.98048	19
1.98048	19
1.98497	19
1.98498	19
1.98499	19
1.99002	19
1.99153	19
1.99156	19
1.99157	19
1.99165	19
1.99317	19
1.99326	19
1.99331	19
1.99476	19
1.99495	19
1.99504	19
2.0013	19
2.00849	19
2.00872	19
2.00872	19
2.01792	19
2.02565	19
2.0257	19
2.02618	19
2.0262	19
2.0262	19
2.0262	19
2.02622	19
2.02635	19
2.02638	19
2.03572	19
2.03796	19
2.03804	19
2.04304	19
2.04311	19
2.04311	19
2.04315	19
2.04319	19
2.05355	19
2.0536	19
2.05364	19
2.05508	19
2.05529	19
2.0553	19
2.07391	19
2.07396	19
2.07403	19
2.07906	19
2.07911	19
2.07914	19
2.08107	19
2.08108	19
2.08108	19
2.0812	19
2.08131	19
2.08169	19
2.0817	19
2.09028	19
2.09049	19
2.09054	19
2.09361	19
2.09361	19
2.09361	19
2.09383	19
2.12256	19
2.12256	19
2.12256	19
2.123	19
2.12316	19
2.12884	19
2.12884	19
2.12919	19
2.13305	19
2.14253	19
2.14263	19
2.14692	19
2.14692	19
2.14695	19
2.14696	19
2.14705	19
2.14902	19
2.14902	19
2.14916	19
2.15392	19
2.15393	19
2.15393	19
2.18558	19
2.18558	19
2.1857	19
2.19986	19
2.19986	19
2.19993	19
2.21263	19
2.21263	19
2.21263	19
2.21263	19
2.21556	19
2.21556	19
2.21558	19
2.22562	19
2.22563	19
2.22563	19
2.22564	19
2.23158	19
2.23158	19
2.23162	19
2.23552	19
2.23553	19
2.23554	19
2.24304	19
2.24304	19
2.25231	19
2.25243	19
2.25243	19
2.25254	19
2.2578	19
2.2578	19
2.25781	19
2.25966	19
2.2597	19
2.2597	19
2.26851	19
2.27038	19
2.27047	19
2.27048	19
2.27048	19
2.28133	19
2.28136	19
2.28136	19
2.28138	19
2.28704	19
2.28705	19
2.28705	19
2.28707	19
2.29052	19
2.29425	19
2.29433	19
2.29433	19
2.29676	19
2.29679	19
2.29679	19
2.29679	19
2.29927	19
2.30034	19
2.30038	19
2.30038	19
2.30041	19
2.30108	19
2.30111	19
2.30112	19
2.30121	19
2.3169	19
2.31758	19
2.31771	19
2.31771	19
2.31989	19
2.3199	19
2.31991	19
2.32008	19
2.32951	19
2.32951	19
2.32952	19
2.33392	19
2.33393	19
2.33395	19
2.33854	19
2.33855	19
2.33875	19
2.33875	19
2.33879	19
2.34061	19
2.35487	19
2.3549	19
2.3549	19
2.35493	19
2.36352	19
2.36352	19
2.36352	19
2.36356	19
2.3797	19
2.37971	19
2.37986	19
2.39114	19
2.39393	19
2.41456	19
2.41464	19
2.41464	19
2.41466	19
2.41466	19
2.41469	19
2.41528	19
2.41529	19
2.41541	19
2.42387	19
2.42387	19
2.43768	19
2.43772	19
2.43772	19
2.43772	19
2.44322	19
2.44331	19
2.44331	19
2.44698	19
2.44698	19
2.44699	19
2.44702	19
2.46651	19
2.46651	19
2.46653	19
2.47225	19
2.47225	19
2.47227	19
2.48714	19
2.48715	19
2.48715	19
2.49648	19
2.49648	19
2.49648	19
2.4965	19
2.50264	19
2.50265	19
2.50265	19
2.51021	19
2.51023	19
2.51031	19
2.5225	19
2.5225	19
2.52251	19
2.52252	19
2.55437	19
2.55437	19
2.55438	19
2.55699	19
2.557	19
2.557	19
2.55701	19
2.55703	19
2.55703	19
2.55716	19
2.56214	19
2.56214	19
2.56229	19
2.56834	19
2.56834	19
2.56834	19
2.56838	19
2.62212	19
2.62212	19
2.62214	19
2.62214	19
2.62259	19
2.62402	19
2.62403	19
2.62404	19
2.63933	19
2.63938	19
2.63941	19
2.63947	19
2.65746	19
2.65746	19
2.65746	19
2.65763	19
2.65877	19
2.65879	19
2.65895	19
2.66563	19
2.66563	19
2.66563	19
2.66565	19
2.66993	19
2.66993	19
2.66993	19
2.67673	19
2.67674	19
2.67675	19
2.67675	19
2.69347	19
2.69347	19
2.6935	19
2.6935	19
2.69353	19
2.69542	19
2.69544	19
2.69545	19
2.70269	19
2.71185	19
2.71186	19
2.71186	19
2.71573	19
2.7158	19
2.71583	19
2.71583	19
2.72192	19
2.72204	19
2.72204	19
2.72493	19
2.72493	19
2.72495	19
2.72495	19
2.72508	19
2.72989	19
2.72989	19
2.7299	19
2.73303	19
2.73303	19
2.7331	19
2.74995	19
2.74995	19
2.74998	19
2.75001	19
2.75983	19
2.75984	19
2.75985	19
2.75985	19
2.75985	19
2.75994	19
2.76165	19
2.7617	19
2.76173	19
2.7619	19
2.76438	19
2.7644	19
2.76447	19
2.76469	19
2.76469	19
2.76477	19
2.78398	19
2.78401	19
2.78408	19
2.79327	19
2.79327	19
2.79328	19
2.79491	19
2.79492	19
2.79492	19
2.80473	19
2.80473	19
2.80475	19
2.80684	19
2.80684	19
2.80776	19
2.80778	19
2.80778	19
2.81279	19
2.81279	19
2.8128	19
2.81282	19
2.81544	19
2.81944	19
2.81944	19
2.81944	19
2.81947	19
2.81956	19
2.82845	19
2.82845	19
2.82846	19
2.8285	19
2.84221	19
2.84224	19
2.84233	19
2.86699	19
2.86699	19
2.867	19
2.867	19
2.87402	19
2.87403	19
2.87405	19
2.89139	19
2.89139	19
2.89151	19
2.89152	19
2.89153	19
2.90499	19
2.90502	19
2.90505	19
2.9086	19
2.90865	19
2.90875	19
2.91131	19
2.91133	19
2.91153	19
2.9184	19
2.9184	19
2.91841	19
2.92112	19
2.92473	19
2.92476	19
2.92478	19
2.92482	19
2.98538	19
2.98538	19
2.98539	19
2.9855	19
3.01071	19
3.01074	19
3.01075	19
3.02218	19
3.02218	19
3.02219	19
3.02351	19
3.02353	19
3.02355	19
3.02355	19
3.03048	19
3.03049	19
3.03054	19
3.03464	19
3.03465	19
3.05951	19
3.05957	19
3.05957	19
3.0596	19
3.05965	19
3.05966	19
3.06426	19
3.06431	19
3.06431	19
3.06945	19
3.06956	19
3.06957	19
3.07044	19
3.07046	19
3.07046	19
3.07173	19
3.07177	19
3.07177	19
3.0769	19
3.0769	19
3.07914	19
3.07915	19
3.07916	19
3.07924	19
3.08388	19
3.0839	19
3.0839	19
3.08952	19
3.08953	19
3.08954	19
3.09808	19
3.09815	19
3.09816	19
3.11599	19
3.11599	19
3.11603	19
3.11604	19
3.11604	19
3.121	19
3.121	19
3.12127	19
3.14469	19
3.14472	19
3.14475	19
3.14475	19
3.14569	19
3.1458	19
3.14581	19
3.14742	19
3.14743	19
3.14744	19
3.14744	19
3.17825	19
3.17826	19
3.1783	19
3.17831	19
3.19276	19
3.19278	19
3.19278	19
3.19369	19
3.19372	19
3.19392	19
3.19392	19
3.20089	19
3.20097	19
3.20097	19
3.204	19
3.20402	19
3.20408	19
3.20408	19
3.21293	19
3.21294	19
3.21294	19
3.21353	19
3.22005	19
3.22006	19
3.22903	19
3.22903	19
3.2291	19
3.22916	19
3.22917	19
3.23338	19
3.23353	19
3.23353	19
3.24068	19
3.2407	19
3.24076	19
3.24076	19
3.24957	19
3.24958	19
3.24969	19
3.24969	19
3.25216	19
3.25233	19
3.25233	19
3.28286	19
3.28286	19
3.28293	19
3.28294	19
3.28295	19
3.28409	19
3.28409	19
3.28411	19
3.28411	19
3.28483	19
3.28483	19
3.28483	19
3.28606	19
3.2875	19
3.28752	19
3.28762	19
3.28762	19
3.29257	19
3.29267	19
3.29268	19
3.29268	19
3.29662	19
3.29995	19
3.3	19
3.30002	19
3.30002	19
3.30217	19
3.30226	19
3.30227	19
3.30698	19
3.30706	19
3.30707	19
3.30744	19
3.30773	19
3.30773	19
3.32534	19
3.33136	19
3.33142	19
3.3717	19
3.3717	19
3.37172	19
3.37174	19
3.37175	19
3.37298	19
3.37374	19
3.37376	19
3.37619	19
3.37619	19
3.37628	19
3.37632	19
3.37632	19
3.38033	19
3.38597	19
3.38646	19
3.39866	19
3.39866	19
3.3987	19
3.3987	19
3.39871	19
3.42156	19
3.42157	19
3.42158	19
3.42411	19
3.47133	19
3.47133	19
3.47134	19
3.47134	19
3.47135	19
3.47334	19
3.49443	19
3.49447	19
3.52395	19
3.52395	19
3.52401	19
3.52403	19
3.52403	19
3.52926	19
3.5293	19
3.5293	19
3.5299	19
3.53005	19
3.53005	19
3.53293	19
3.53303	19
3.53304	19
3.55224	19
3.55224	19
3.55694	19
3.55695	19
3.557	19
3.55871	19
3.55872	19
3.56931	19
3.57384	19
3.57386	19
3.61075	19
3.61075	19
3.6108	19
3.6108	19
3.6108	19
3.61445	19
3.61445	19
3.61456	19
3.61456	19
3.62901	19
3.62906	19
3.62912	19
3.62912	19
3.63801	19
3.63807	19
3.63807	19
3.64073	19
3.64073	19
3.64074	19
3.64074	19
3.6431	19
3.6432	19
3.6432	19
3.6465	19
3.64651	19
3.64651	19
3.65506	19
3.65521	19
3.65521	19
3.65692	19
3.65703	19
3.65704	19
3.65822	19
3.65826	19
3.65826	19
3.66331	19
3.6636	19
3.6636	19
3.66761	19
3.6682	19
3.66824	19
3.66841	19
3.66841	19
3.67273	19
3.67297	19
3.67301	19
3.67301	19
3.67303	19
3.67712	19
3.67714	19
3.67715	19
3.68263	19
3.68265	19
3.68266	19
3.6858	19
3.68583	19
3.68583	19
3.68601	19
3.68604	19
3.68605	19
3.69318	19
3.69321	19
3.69321	19
3.69721	19
3.69722	19
3.69736	19
3.69736	19
3.70029	19
3.70033	19
3.70033	19
3.70827	19
3.70828	19
3.7083	19
3.70833	19
3.70834	19
3.71082	19
3.71282	19
3.71285	19
3.71302	19
3.72187	19
3.72187	19
3.72189	19
3.72189	19
3.72189	19
3.73891	19
3.73981	19
3.73982	19
3.73985	19
3.73989	19
3.7399	19
3.74762	19
3.74768	19
3.74768	19
3.76115	19
3.76709	19
3.76709	19
3.76712	19
3.76714	19
3.76714	19
3.77835	19
3.77842	19
3.77844	19
3.77844	19
3.77849	19
3.77861	19
3.77861	19
3.79598	19
3.79598	19
3.79599	19
3.796	19
3.80139	19
3.81055	19
3.81056	19
3.81079	19
3.81079	19
3.81079	19
3.81085	19
3.81089	19
3.81089	19
3.81897	19
3.84515	19
3.84516	19
3.84836	19
3.8484	19
3.8484	19
3.84841	19
3.84854	19
3.84854	19
3.85574	19
3.8558	19
3.8558	19
3.85719	19
3.85723	19
3.85723	19
3.85885	19
3.8589	19
3.85893	19
3.85893	19
3.86506	19
3.86507	19
3.86525	19
3.86526	19
3.88242	19
3.88245	19
3.88245	19
3.89199	19
3.90142	19
3.90143	19
3.90149	19
3.90151	19
3.90151	19
3.90531	19
3.90535	19
3.90535	19
3.91409	19
3.9141	19
3.91411	19
3.92703	19
3.92703	19
3.92705	19
3.92705	19
3.93174	19
3.93177	19
3.93184	19
3.93184	19
3.93628	19
3.93633	19
3.93653	19
3.93653	19
3.94648	19
3.94649	19
3.9465	19
3.94743	19
3.94747	19
3.94747	19
3.98408	19
3.98408	19
3.98416	19
3.98416	19
3.98969	19
3.98981	19
3.98981	19
3.99046	19
3.99049	19
3.99049	19
4.00051	19
4.00053	19
4.00054	19
4.00054	19
4.00876	19
4.00882	19
4.00882	19
4.01252	19
4.01258	19
4.01261	19
4.01261	19
4.02286	19
4.02292	19
4.02299	19
4.02299	19
4.03349	19
4.03355	19
4.03355	19
4.03565	19
4.03573	19
4.03573	19
4.03789	19
4.03794	19
4.03794	19
4.0512	19
4.05121	19
4.05123	19
4.05123	19
4.05724	19
4.05724	19
4.05735	19
4.05735	19
4.0684	19
4.06851	19
4.06852	19
4.09005	19
4.09012	19
4.09012	19
4.10835	19
4.10835	19
4.10843	19
4.10848	19
4.10848	19
4.11377	19
4.11379	19
4.11381	19
4.11381	19
4.1157	19
4.11571	19
4.11571	19
4.12023	19
4.13424	19
4.13424	19
4.13424	19
4.14997	19
4.14999	19
4.15	19
4.15	19
4.15009	19
4.1501	19
4.15746	19
4.17808	19
4.1781	19
4.1781	19
4.17814	19
4.17815	19
4.18213	19
4.18215	19
4.18218	19
4.18218	19
4.18583	19
4.18584	19
4.18586	19
4.19548	19
4.20866	19
4.20866	19
4.20867	19
4.20869	19
4.2087	19
4.21581	19
4.21582	19
4.21583	19
4.21584	19
4.21964	19
4.2197	19
4.2197	19
4.22595	19
4.22595	19
4.22596	19
4.23725	19
4.23727	19
4.23727	19
4.24873	19
4.25006	19
4.25007	19
4.2602	19
4.26022	19
4.26022	19
4.2861	19
4.2861	19
4.28615	19
4.28615	19
4.29005	19
4.29009	19
4.29009	19
4.29011	19
4.29252	19
4.29252	19
4.29263	19
4.29264	19
4.30019	19
4.30199	19
4.30204	19
4.31119	19
4.3112	19
4.3112	19
4.31127	19
4.31127	19
4.3196	19
4.31966	19
4.31966	19
4.33211	19
4.33215	19
4.33216	19
4.33816	19
4.33819	19
4.3382	19
4.34288	19
4.34291	19
4.34302	19
4.34302	19
4.35572	19
4.37766	19
4.37766	19
4.37767	19
4.37781	19
4.37782	19
4.37809	19
4.37878	19
4.37881	19
4.38032	19
4.38033	19
4.38043	19
4.38044	19
4.38045	19
4.39458	19
4.39459	19
4.39465	19
4.39465	19
4.40194	19
4.40195	19
4.40196	19
4.40197	19
4.40198	19
4.40224	19
4.40229	19
4.40233	19
4.40233	19
4.40308	19
4.40308	19
4.40308	19
4.40526	19
4.40528	19
4.40529	19
4.40659	19
4.40661	19
4.40661	19
4.41112	19
4.41115	19
4.41115	19
4.42809	19
4.42809	19
4.42819	19
4.42819	19
4.43371	19
4.4354	19
4.4354	19
4.4354	19
4.43541	19
4.44258	19
4.44263	19
4.44263	19
4.44299	19
4.44303	19
4.44303	19
4.4453	19
4.44531	19
4.44533	19
4.44534	19
4.44797	19
4.44797	19
4.44798	19
4.44997	19
4.45004	19
4.45004	19
4.46538	19
4.46546	19
4.46546	19
4.47281	19
4.4729	19
4.4729	19
4.47357	19
4.47361	19
4.47362	19
4.47406	19
4.47473	19
4.47473	19
4.47863	19
4.47875	19
4.47876	19
4.48912	19
4.48931	19
4.48933	19
4.48942	19
4.48943	19
4.48947	19
4.48951	19
4.49226	19
4.49585	19
4.49592	19
4.49592	19
4.49592	19
4.49701	19
4.49706	19
4.49722	19
4.49723	19
4.49829	19
4.49842	19
4.49842	19
4.51459	19
4.5146	19
4.51461	19
4.51657	19
4.51658	19
4.51659	19
4.54301	19
4.54301	19
4.54366	19
4.54368	19
4.54368	19
4.54369	19
4.54369	19
4.56128	19
4.56861	19
4.56862	19
4.56862	19
4.56864	19
4.56865	19
4.56902	19
4.56902	19
4.56903	19
4.56903	19
4.57868	19
4.57869	19
4.5787	19
4.57873	19
4.58491	19
4.58491	19
4.585	19
4.585	19
4.58584	19
4.58584	19
4.58584	19
4.59352	19
4.59359	19
4.59359	19
4.59885	19
4.59888	19
4.59896	19
4.59896	19
4.60377	19
4.60382	19
4.60382	19
4.60484	19
4.60485	19
4.60489	19
4.60489	19
4.6182	19
4.6182	19
4.6182	19
4.62471	19
4.62471	19
4.62493	19
4.62493	19
4.62945	19
4.62954	19
4.62955	19
4.64962	19
4.64978	19
4.64979	19
4.65318	19
4.65322	19
4.65322	19
4.66959	19
4.66964	19
4.66965	19
4.66966	19
4.6765	19
4.69802	19
4.69806	19
4.69812	19
4.69812	19
4.70445	19
4.70446	19
4.7045	19
4.70452	19
4.79387	19
4.79387	19
4.79648	19
4.79648	19
4.80647	19
4.80647	19
4.80648	19
4.81905	19
4.8191	19
4.8191	19
4.82567	19
4.8257	19
4.8257	19
4.82571	19
4.82572	19
4.82832	19
4.82918	19
4.82921	19
4.82925	19
4.82927	19
4.83787	19
4.83789	19
4.83794	19
4.83794	19
4.85154	19
4.86655	19
4.86658	19
4.86658	19
4.86663	19
4.86664	19
4.87079	19
4.871	19
4.87101	19
4.89354	19
4.89362	19
4.89362	19
4.89382	19
4.89382	19
4.90549	19
4.91065	19
4.91066	19
4.91893	19
4.91906	19
4.91907	19
4.9191	19
4.91911	19
4.92373	19
4.92373	19
4.92374	19
4.92676	19
4.92689	19
4.92689	19
4.9385	19
4.93858	19
4.93859	19
4.93896	19
4.94454	19
4.94454	19
4.94455	19
4.94456	19
4.94456	19
4.94519	19
4.94534	19
4.94534	19
4.94663	19
4.94667	19
4.94671	19
4.94671	19
4.94844	19
4.94849	19
4.94849	19
4.96086	19
4.96092	19
4.96092	19
4.96093	19
4.96093	19
4.96217	19
4.96382	19
4.96388	19
4.96975	19
4.96978	19
4.96978	19
4.96979	19
4.9698	19
4.98036	19
4.98038	19
4.9806	19
4.98061	19
4.99135	19
4.99137	19
4.99146	19
4.99147	19
4.99182	19
4.99193	19
4.99193	19
4.99194	19
4.99751	19
5.0017	19
5.00174	19
5.00176	19
5.00177	19
5.00372	19
5.00376	19
5.00381	19
5.00381	19
5.02233	19
5.02254	19
5.02254	19
5.02376	19
5.02377	19
5.02378	19
5.02378	19
5.02848	19
5.02857	19
5.02858	19
5.03131	19
5.03136	19
5.0314	19
5.0314	19
5.03194	19
5.03195	19
5.03195	19
5.03445	19
5.03448	19
5.03449	19
5.04069	19
5.04076	19
5.04076	19
5.05226	19
5.05228	19
5.05228	19
5.05238	19
5.05238	19
5.05332	19
5.05336	19
5.05336	19
5.05889	19
5.06997	19
5.06997	19
5.06997	19
5.07021	19
5.07022	19
5.07198	19
5.07204	19
5.07205	19
5.07315	19
5.07319	19
5.07321	19
5.07365	19
5.07366	19
5.07366	19
5.07797	19
5.07802	19
5.07803	19
5.08992	19
5.08994	19
5.08994	19
5.09229	19
5.0923	19
5.09232	19
5.1037	19
5.12866	19
5.1287	19
5.1287	19
5.12877	19
5.12878	19
5.12977	19
5.12985	19
5.12985	19
5.13261	19
5.13707	19
5.13711	19
5.14046	19
5.15127	19
5.15137	19
5.17136	19
5.17142	19
5.17154	19
5.17155	19
5.17155	19
5.17155	19
5.18746	19
5.18749	19
5.1875	19
5.1905	19
5.19215	19
5.19216	19
5.19217	19
5.19217	19
5.19217	19
5.20847	19
5.22019	19
5.22028	19
5.22028	19
5.22031	19
5.22032	19
5.22251	19
5.22254	19
5.22255	19
5.22567	19
5.22587	19
5.22588	19
5.24604	19
5.24614	19
5.24614	19
5.24792	19
5.24793	19
5.24794	19
5.26109	19
5.26113	19
5.26113	19
5.26897	19
5.2691	19
5.26911	19
5.26918	19
5.2692	19
5.26927	19
5.26927	19
5.27544	19
5.3078	19
5.34527	19
5.34527	19
5.34528	19
5.34528	19
5.34528	19
5.34533	19
5.34533	19
5.3511	19
5.35112	19
5.35113	19
5.35655	19
5.3566	19
5.35661	19
5.37472	19
5.37478	19
5.3748	19
5.37766	19
5.37771	19
5.37773	19
5.37822	19
5.37822	19
5.37823	19
5.37897	19
5.38076	19
5.38078	19
5.40284	19
5.40284	19
5.40305	19
5.40305	19
5.41225	19
5.41225	19
5.41226	19
5.41227	19
5.42954	19
5.42964	19
5.42964	19
5.43495	19
5.43495	19
5.43504	19
5.43504	19
5.4352	19
5.43523	19
5.43525	19
5.43526	19
5.44879	19
5.4488	19
5.44881	19
5.44998	19
5.44999	19
5.44999	19
5.45229	19
5.4523	19
5.4523	19
5.47756	19
5.47756	19
5.47768	19
5.47769	19
5.47978	19
5.49407	19
5.49408	19
5.49408	19
5.49417	19
5.4942	19
5.49669	19
5.49671	19
5.49681	19
5.49682	19
5.50823	19
5.50829	19
5.50829	19
5.50871	19
5.5088	19
5.5088	19
5.51478	19
5.51481	19
5.51481	19
5.53397	19
5.54092	19
5.54093	19
5.54094	19
5.54097	19
5.54097	19
5.55951	19
5.55954	19
5.55956	19
5.56506	19
5.5651	19
5.56511	19
5.5967	19
5.59671	19
5.59677	19
5.59678	19
5.59744	19
5.59951	19
5.59956	19
5.59964	19
5.59966	19
5.60093	19
5.60096	19
5.60097	19
5.60998	19
5.61004	19
5.61006	19
5.62591	19
5.63684	19
5.63685	19
5.63685	19
5.63686	19
5.6369	19
5.64129	19
5.64141	19
5.64142	19
5.67035	19
5.67056	19
5.67056	19
5.67763	19
5.67764	19
5.6777	19
5.6777	19
5.68002	19
5.68186	19
5.68186	19
5.68192	19
5.68195	19
5.68513	19
5.6888	19
5.68891	19
5.68913	19
5.68914	19
5.69809	19
5.69818	19
5.6982	19
5.71615	19
5.71617	19
5.71617	19
5.71629	19
5.7163	19
5.72431	19
5.72443	19
5.72445	19
5.73462	19
5.73728	19
5.73734	19
5.73742	19
5.73746	19
5.76031	19
5.76031	19
5.76031	19
5.76033	19
5.76033	19
5.766	19
5.766	19
5.76601	19
5.76603	19
5.77812	19
5.77813	19
5.77817	19
5.77817	19
5.7791	19
5.77919	19
5.77921	19
5.7827	19
5.78277	19
5.78277	19
5.8055	19
5.8055	19
5.8056	19
5.80561	19
5.80682	19
5.81931	19
5.81932	19
5.81934	19
5.81935	19
5.81935	19
5.81936	19
5.82548	19
5.82552	19
5.82553	19
5.82906	19
5.82912	19
5.82921	19
5.82921	19
5.83228	19
5.83235	19
5.83242	19
5.83242	19
5.84631	19
5.84636	19
5.84653	19
5.84654	19
5.84706	19
5.84712	19
5.84713	19
5.84715	19
5.8502	19
5.85022	19
5.85026	19
5.85526	19
5.85527	19
5.85553	19
5.85553	19
5.86006	19
5.86009	19
5.8601	19
5.86222	19
5.86231	19
5.86231	19
5.86351	19
5.86353	19
5.86355	19
6.41803	19
6.41803	19
6.41921	19
6.41923	19
6.42507	19
6.42518	19
6.42518	19
6.44091	19
6.45345	19
6.4535	19
6.4535	19
6.4535	19
6.45352	19
6.45448	19
6.45451	19
6.45452	19
6.45642	19
6.46125	19
6.46129	19
6.46323	19
6.46334	19
6.46334	19
6.46339	19
6.4634	19
6.46706	19
6.46724	19
6.46726	19
6.47954	19
6.47955	19
6.47964	19
6.47964	19
6.48211	19
6.48216	19
6.48223	19
6.48224	19
6.49224	19
6.49225	19
6.49225	19
6.49351	19
6.49352	19
6.49353	19
6.52611	19
6.52611	19
6.52617	19
6.52621	19
6.54452	19
6.54459	19
6.54459	19
6.57671	19
6.57673	19
6.57673	19
6.57681	19
6.57681	19
6.57921	19
6.57926	19
6.57928	19
6.58448	19
6.58449	19
6.58451	19
6.5872	19
6.58721	19
6.58721	19
6.61072	19
6.61072	19
6.61086	19
6.61087	19
6.62155	19
6.6216	19
6.62165	19
6.62165	19
6.62317	19
6.62324	19
6.62324	19
6.62414	19
6.62421	19
6.62423	19
6.62424	19
6.6276	19
6.62761	19
6.62762	19
6.64114	19
6.64588	19
6.6459	19
6.64835	19
6.64835	19
6.66833	19
6.66844	19
6.66844	19
6.66845	19
6.66851	19
6.67045	19
6.67047	19
6.67058	19
6.67058	19
6.68812	19
6.68814	19
6.68815	19
6.69059	19
6.6906	19
6.6906	19
6.69077	19
6.73834	19
6.73847	19
6.73847	19
6.73851	19
6.73852	19
6.73875	19
6.73875	19
6.73879	19
6.73975	19
6.73981	19
6.73982	19
6.75505	19
6.75521	19
6.75524	19
6.7731	19
6.77317	19
6.77318	19
6.78143	19
6.78143	19
6.78147	19
6.78489	19
6.7849	19
6.78491	19
6.78626	19
6.78634	19
6.78636	19
6.79857	19
6.79862	19
6.79866	19
6.80277	19
6.80278	19
6.80278	19
6.83491	19
6.83491	19
6.83523	19
6.83525	19
6.84302	19
6.86142	19
6.86143	19
6.86148	19
6.86148	19
6.86151	19
6.86156	19
6.86215	19
6.86217	19
6.8622	19
6.86939	19
6.86947	19
6.86948	19
6.87868	19
6.88124	19
6.8813	19
6.88131	19
7.19596	19
7.19601	19
7.19602	19
7.19677	19
7.19678	19
7.20601	19
7.20604	19
7.20608	19
7.21094	19
7.21094	19
7.21095	19
7.21098	19
7.2111	19
7.21113	19
7.21113	19
7.21116	19
7.21145	19
7.21146	19
7.2116	19
7.21161	19
7.30581	19
7.30581	19
7.30583	19
7.30586	19
7.30832	19
7.32619	19
7.32623	19
7.32623	19
7.32641	19
7.32643	19
7.32909	19
7.32911	19
7.32912	19
7.33343	19
7.33357	19
7.33357	19
7.33361	19
7.33363	19
7.33364	19
7.34071	19
7.34076	19
7.34077	19
7.34787	19
7.3479	19
7.34791	19
7.42499	19
7.425	19
7.42568	19
7.42568	19
7.43172	19
7.43172	19
7.43182	19
7.43184	19
7.43694	19
7.43825	19
7.43826	19
7.4405	19
7.4405	19
7.4405	19
7.44051	19
7.47691	19
7.47691	19
7.47693	19
7.47693	19
7.48143	19
7.48144	19
7.4815	19
7.48544	19
7.48544	19
7.48548	19
7.48553	19
7.49494	19
7.49495	19
7.49496	19
7.51508	19
7.51518	19
7.51534	19
7.51534	19
7.51586	19
7.51587	19
7.51588	19
7.51618	19
7.52309	19
7.52311	19
7.52312	19
7.52313	19
7.52313	19
7.52313	19
7.52316	19
7.5232	19
7.54228	19
7.56313	19
7.56318	19
7.56319	19
7.56323	19
7.56329	19
7.56627	19
7.59307	19
7.5931	19
7.5931	19
7.59312	19
7.59315	19
7.59825	19
7.61027	19
7.61421	19
7.61436	19
7.61998	19
7.61998	19
7.62011	19
7.62011	19
7.62015	19
7.6202	19
7.62054	19
7.6206	19
7.6206	19
7.62095	19
7.62096	19
7.621	19
7.62804	19
7.62809	19
7.62811	19
7.63612	19
7.63613	19
7.63613	19
7.64647	19
7.64664	19
7.64665	19
7.64668	19
7.64678	19
7.66119	19
7.66124	19
7.66129	19
7.6613	19
7.66982	19
7.6844	19
7.68441	19
7.68441	19
7.68447	19
7.68455	19
7.68488	19
7.68488	19
7.68493	19
7.68493	19
7.68633	19
7.68648	19
7.68648	19
7.69008	19
7.69013	19
7.69016	19
7.69023	19
7.69031	19
7.71697	19
7.71698	19
7.71699	19
7.71706	19
7.71711	19
7.72156	19
7.73319	19
7.73322	19
7.73329	19
7.73329	19
7.73329	19
7.7333	19
7.74068	19
7.74068	19
7.74085	19
7.74093	19
7.88317	19
7.88318	19
7.88703	19
7.88708	19
7.89127	19
7.89132	19
7.89143	19
7.89151	19
7.89436	19
7.8944	19
7.89445	19
7.90551	19
7.90554	19
7.90561	19
7.90568	19
7.91346	19
7.92494	19
7.92496	19
7.92496	19
7.92502	19
7.92506	19
7.92717	19
7.9341	19
7.93411	19
7.9362	19
7.9362	19
7.93621	19
7.93625	19
7.93627	19
7.9372	19
7.93721	19
7.93727	19
7.94533	19
7.94535	19
7.94536	19
7.94748	19
7.94753	19
7.94754	19
7.94928	19
7.94937	19
7.94943	19
7.96737	19
7.96753	19
7.96759	19
7.97763	19
7.97769	19
7.97785	19
7.98133	19
7.98134	19
7.98138	19
8.28746	19
8.28747	19
8.28967	19
8.28974	19
8.29388	19
8.29391	19
8.29393	19
8.29451	19
8.31914	19
8.31914	19
8.31915	19
8.3192	19
8.31928	19
8.32171	19
8.32176	19
8.32178	19
8.32179	19
8.32249	19
8.3225	19
8.32251	19
8.32259	19
8.3226	19
8.32262	19
8.32267	19
8.32398	19
8.32402	19
8.32403	19
8.32405	19
8.33319	19
8.33319	19
8.33328	19
8.34997	19
8.35002	19
8.35007	19
8.37397	19
8.374	19
8.374	19
8.37401	19
8.37412	19
8.39966	19
8.39983	19
8.39984	19
8.41043	19
8.41044	19
8.41048	19
8.42523	19
8.42524	19
8.42527	19
8.44945	19
8.44946	19
8.44955	19
8.44964	19
8.45656	19
8.45657	19
8.45662	19
8.45664	19
8.45894	19
8.45894	19
8.45895	19
8.45895	19
8.46208	19
8.46209	19
8.46209	19
8.46217	19
8.46222	19
8.46514	19
8.46514	19
8.46518	19
8.46521	19
8.46546	19
8.46556	19
8.46556	19
8.47986	19
8.47988	19
8.4799	19
8.48631	19
8.48637	19
8.48641	19
8.49449	19
8.49454	19
8.49457	19
8.49572	19
8.49578	19
8.496	19
8.49612	19
8.52552	19
8.52554	19
8.52555	19
8.52559	19
8.52577	19
8.52972	19
8.52974	19
8.52978	19
8.52987	19
8.5362	19
8.53627	19
8.53629	19
8.53629	19
8.53636	19
8.53843	19
8.53857	19
8.53862	19
8.53954	19
8.55215	19
8.5522	19
8.55223	19
8.55366	19
8.55371	19
8.55371	19
8.55375	19
8.55381	19
8.56747	19
8.5675	19
8.56754	19
8.56756	19
8.60366	19
8.60368	19
8.60369	19
8.60386	19
8.60784	19
8.60798	19
8.6081	19
8.61078	19
8.61589	19
8.61591	19
8.6161	19
8.61616	19
8.61758	19
8.61763	19
8.61763	19
8.61792	19
8.62093	19
8.62095	19
8.62095	19
8.62435	19
8.62437	19
8.63735	19
8.63736	19
8.63736	19
8.63737	19
8.63741	19
8.6379	19
8.63791	19
8.63806	19
8.63855	19
8.6386	19
8.63864	19
8.64524	19
8.6454	19
8.64563	19
8.71822	19
8.71886	19
8.71886	19
8.72268	19
8.72272	19
8.7251	19
8.72513	19
8.72516	19
8.72533	19
8.72534	19
8.72551	19
8.72553	19
8.73176	19
8.73181	19
8.73185	19
8.73186	19
8.75754	19
8.75755	19
8.75755	19
8.76817	19
8.76818	19
8.76818	19
8.76819	19
8.76836	19
8.77095	19
8.77099	19
8.77108	19
8.77726	19
8.77732	19
8.77734	19
8.78961	19
8.7897	19
8.78975	19
8.79336	19
8.79336	19
8.7935	19
8.79355	19
8.80585	19
8.8059	19
8.80601	19
8.80613	19
8.8294	19
8.82941	19
8.82942	19
8.82943	19
8.84704	19
8.85379	19
8.8538	19
8.8538	19
8.8709	19
8.87096	19
8.87096	19
8.87097	19
8.871	19
8.89351	19
8.89351	19
8.89358	19
8.89369	19
8.89449	19
8.89451	19
8.89474	19
8.89502	19
9.30234	19
9.30237	19
9.30336	19
9.30362	19
9.3059	19
9.30595	19
9.30596	19
9.30618	19
9.30808	19
9.31067	19
9.31074	19
9.33017	19
9.3302	19
9.3302	19
9.3302	19
9.33022	19
9.3334	19
9.33345	19
9.33347	19
9.33382	19
9.33395	19
9.33404	19
9.33407	19
9.33413	19
9.35349	19
9.35353	19
9.35357	19
9.35366	19
9.35843	19
9.37647	19
9.37871	19
9.37874	19
9.38649	19
9.38651	19
9.38653	19
9.38653	19
9.38657	19
9.38668	19
9.39436	19
9.39442	19
9.39457	19
9.41257	19
9.41258	19
9.4126	19
9.42959	19
9.4296	19
9.43414	19
9.43416	19
9.4342	19
9.4342	19
9.43421	19
9.4343	19
9.44547	19
9.4455	19
9.44562	19
9.44606	19
9.45198	19
9.45202	19
9.45203	19
9.45204	19
9.45204	19
9.45211	19
9.45429	19
9.45429	19
9.45441	19
9.45442	19
9.46811	19
9.46812	19
9.46818	19
9.46855	19
9.53913	19
9.5395	19
9.53952	19
9.54074	19
9.54111	19
9.5455	19
9.5455	19
9.5456	19
9.55924	19
9.55924	19
9.55926	19
9.55927	19
9.5594	19
9.56097	19
9.588	19
9.58802	19
9.58807	19
9.58813	19
9.58835	19
9.60525	19
9.60525	19
9.60525	19
9.60535	19
9.61944	19
9.63119	19
9.63127	19
9.63133	19
9.63164	19
9.63735	19
9.63735	19
9.63735	19
9.63738	19
9.63843	19
9.66054	19
9.66056	19
9.66056	19
9.6606	19
9.69325	19
9.69337	19
9.69339	19
9.69339	19
9.69384	19
9.69407	19
9.69411	19
9.69413	19
9.69421	19
9.71241	19
9.71241	19
9.71241	19
9.71254	19
9.71256	19
9.71536	19
9.7154	19
9.71543	19
9.73522	19
9.73522	19
9.76928	19
9.7693	19
9.76935	19
9.76935	19
9.76965	19
9.76967	19
9.7843	19
9.78436	19
9.78436	19
9.78551	19
9.78563	19
9.78578	19
9.7861	19
9.81174	19
9.81175	19
9.81182	19
9.81183	19
9.81185	19
9.81191	19
11.2193	19
11.2193	19
11.2253	19
11.2254	19
11.4612	19
11.4613	19
11.4723	19
11.4729	19
11.4934	19
11.4934	19
11.4934	19
11.4939	19
11.5	19
11.5019	19
11.5019	19
11.5019	19
11.5035	19
11.5045	19
11.5056	19
11.5056	19
11.5056	19
11.506	19
11.5236	19
11.5236	19
11.5236	19
11.5237	19
11.9757	19
11.9757	19
11.9768	19
11.977	19
11.9794	19
11.9815	19
12.0227	19
12.0228	19
12.023	19
12.0231	19
12.0232	19
12.0234	19
12.0348	19
12.0349	19
12.0349	19
12.035	19
12.036	19
12.036	19
12.0364	19
12.0434	19
12.0434	19
12.0434	19
12.0435	19
12.0437	19
12.0437	19
12.0442	19
12.0444	19
12.0532	19
12.0532	19
12.0553	19
12.0671	19
12.0671	19
12.0671	19
12.0678	19
12.0782	19
12.0783	19
12.0784	19
12.0784	19
12.0882	19
12.1028	19
12.1029	19
12.1029	19
12.103	19
12.103	19
12.1032	19
12.1412	19
12.1413	19
12.1413	19
12.1421	19
12.1511	19
12.1511	19
12.1512	19
12.1515	19
12.1517	19
12.1517	19
12.1518	19
12.1543	19
12.1657	19
12.172	19
12.172	19
12.2146	19
12.2146	19
12.2146	19
12.2203	19
12.2203	19
12.2204	19
12.2204	19
12.2205	19
12.2209	19
12.2589	19
12.2589	19
12.2589	19
12.2591	19
12.26	19
12.2666	19
12.2669	19
12.2679	19
12.2996	19
12.2998	19
12.2998	19
12.2999	19
12.3014	19
12.3317	19
12.3317	19
12.3318	19
12.3353	19
12.4615	19
12.4619	19
12.4619	19
12.4624	19
12.4627	19
12.4734	19
12.4734	19
12.4735	19
12.4782	19
12.4782	19
12.4783	19
12.4794	19
12.6498	19
12.6498	19
12.6517	19
12.6532	19
12.6628	19
12.6705	19
12.6706	19
12.6707	19
12.6743	19
12.6753	19
12.6812	19
12.685	19
12.6851	19
12.6851	19
12.8097	19
12.8195	19
12.8195	19
12.8203	19
12.8213	19
12.8213	19
12.8213	19
12.8234	19
12.8234	19
12.8235	19
12.8313	19
12.8314	19
12.8314	19
12.8314	19
12.8413	19
12.8413	19
12.8414	19
13.6528	19
13.6528	19
13.751	19
13.7538	19
13.7539	19
13.7541	19
13.7542	19
13.7543	19
13.7575	19
13.7814	19
13.7814	19
13.7815	19
13.7876	19
13.7876	19
13.7876	19
14.6992	19
14.6992	19
14.6993	19
14.6993	19
14.6995	19
14.6996	19
14.7043	19
14.7161	19
14.7162	19
14.7162	19
14.7163	19
14.7262	19
14.7264	19
14.7264	19
14.7264	19
14.7271	19
14.7272	19
14.7272	19
14.7272	19
14.7525	19
14.7525	19
14.7525	19
16.1612	19
16.1612	19
16.1628	19
16.1628	19
16.1629	19
16.163	19
16.163	19
16.1646	19
16.1647	19
16.1647	19
16.6191	19
16.6191	19
16.625	19
16.6342	19
16.6342	19
16.6342	19
16.6372	19
16.6373	19
16.6373	19
16.6373	19
16.6431	19
16.6431	19
16.6431	19
17.1331	19
17.1332	19
17.1345	19
17.1502	19
17.1502	19
17.1502	19
17.1503	19
17.1941	19
17.1942	19
17.1942	19
17.1942	19
17.1955	19
17.1978	19
17.1979	19
17.1979	19
17.1981	19
17.7638	19
17.7638	19
17.7658	19
17.7658	19
17.7659	19
17.7659	19
17.7717	19
17.7718	19
17.8482	19
17.8482	19
17.8546	19
17.8761	19
17.8761	19
17.8761	19
17.8762	19
17.8865	19
17.8865	19
17.8865	19
17.9015	19
17.9015	19
17.9015	19
17.9015	19
17.9123	19
17.9124	19
17.9124	19
18.7609	19
18.7609	19
18.765	19
19.8936	19
19.8937	19
19.9099	19
20.2987	19
20.2988	19
20.299	19
20.5511	19
20.5528	19
20.5528	19
20.5537	19
20.5622	19
20.5622	19
20.5622	19
20.5623	19
20.619	19
20.619	19
20.6191	19
20.6442	19
20.6642	19
20.6643	19
20.6643	19
20.6644	19
21.3511	19
21.3535	19
21.3536	19
21.3548	19
21.3744	19
21.3745	19
21.3745	19
21.3745	19
21.6957	19
21.6961	19
21.6962	19
21.7109	19
21.711	19
21.711	19
21.711	19
21.7132	19
21.7133	19
21.7134	19
21.7134	19
21.7178	19
21.7178	19
21.7179	19
21.7969	19
21.797	19
21.8067	19
22.215	19
22.215	19
22.2212	19
22.5009	19
22.5009	19
22.5033	19
22.52	19
22.5201	19
22.5223	19
22.5376	19
22.5376	19
22.5376	19
22.5377	19
22.7002	19
22.7003	19
22.7074	19
24.8771	19
24.8772	19
24.8835	19
24.8835	19
25.0374	19
25.0374	19
25.0464	19
25.2196	19
25.2196	19
25.2201	19
26.0695	19
26.0697	19
26.0716	19
26.0933	19
26.0934	19
26.0934	19
26.0934	19
26.0998	19
26.0999	19
26.0999	19
26.1	19
26.118	19
26.118	19
26.118	19
26.118	19
27.6968	19
27.6968	19
27.6986	19
27.6986	19
27.6988	19
27.6988	19
27.6998	19
27.7067	19
27.7068	19
27.7068	19
27.7068	19
27.7267	19
27.7267	19
27.7268	19
27.7268	19
27.7769	19
27.7769	19
27.7823	19
27.7823	19
27.7823	19
27.7824	19
27.8453	19
27.8456	19
27.8459	19
29.2378	19
29.2379	19
29.2425	19
29.2918	19
29.2919	19
29.2919	19
29.292	19
29.5271	19
29.5274	19
29.5311	19
29.7539	19
29.7589	19
29.7589	19
29.7611	19
30.0101	19
30.0101	19
30.0145	19
30.5105	19
30.5132	19
30.5133	19
30.5144	19
30.7483	19
30.7484	19
30.7486	19
30.8083	19
30.8084	19
30.8085	19
30.8186	19
30.8492	19
30.8492	19
30.8493	19
30.8493	19
30.8876	19
30.8877	19
30.8881	19
30.9058	19
30.9078	19
30.9079	19
30.9088	19
30.9121	19
30.9122	19
30.9122	19
30.9122	19
32.6697	19
32.6698	19
32.67	19
32.6715	19
33.7681	19
33.7682	19
33.7686	19
33.7687	19
33.7688	19
33.7688	19
33.769	19
33.839	19
33.839	19
34.0096	19
34.0109	19
34.011	19
34.0116	19
35.8451	19
35.8451	19
35.8471	19
35.8499	19
35.8499	19
35.85	19
35.85	19
35.854	19
35.854	19
35.854	19
35.8541	19
35.8604	19
35.8604	19
35.8604	19
35.8604	19
37.4868	19
37.4869	19
37.4876	19
37.5757	19
37.5758	19
37.5762	19
39.08	19
39.08	19
39.0841	19
39.8099	19
39.81	19
40.7515	19
40.7523	19
40.7523	19
40.7548	19
40.7548	19
42.0068	19
42.0069	19
42.0086	19
42.0086	19
42.0087	19
42.0088	19
42.0096	19
42.7859	19
42.786	19
42.7867	19
43.426	19
43.4261	19
43.427	19
43.5007	19
43.5007	19
43.5029	19
43.7333	19
43.7333	19
43.7337	19
44.9547	19
44.9547	19
44.9548	19
46.4444	19
46.4449	19
46.4449	19
47.8099	19
47.8124	19
47.8124	19
47.8158	19
48.0951	19
48.0952	19
48.0996	19
48.1021	19
48.1022	19
48.1023	19
48.1024	19
48.1032	19
48.2482	19
48.2483	19
48.2494	19
49.6324	19
49.6327	19
49.6328	19
49.6328	19
50.2096	19
50.2096	19
50.2096	19
50.2166	19
50.2167	19
50.2168	19
50.2168	19
50.9072	19
50.9078	19
50.908	19
50.9081	19
50.9216	19
50.9317	19
50.9672	19
50.9672	19
50.9672	19
50.9673	19
50.9673	19
51.5785	19
51.5786	19
51.5856	19
51.8623	19
51.8623	19
51.8647	19
52.1948	19
52.1948	19
52.6249	19
52.6257	19
52.6258	19
52.626	19
52.629	19
52.629	19
52.629	19
52.629	19
52.6768	19
52.6768	19
52.6768	19
53.4162	19
53.4166	19
53.4166	19
53.4195	19
53.7324	19
53.7324	19
53.734	19
53.8953	19
53.8953	19
53.8997	19
53.9001	19
53.9002	19
53.9002	19
53.9003	19
53.9087	19
53.9087	19
53.9087	19
53.9088	19
55.2427	19
55.2427	19
55.243	19
55.2456	19
55.4873	19
55.4874	19
55.4875	19
55.8282	19
55.8283	19
55.8299	19
55.8343	19
55.8394	19
55.8394	19
55.8394	19
55.8394	19
56.4773	19
56.4774	19
56.4921	19
59.654	19
59.6579	19
59.6579	19
59.6596	19
59.7017	19
59.7018	19
59.7037	19
60.0843	19
60.0843	19
60.0864	19
60.33	19
60.33	19
60.3327	19
60.9651	19
60.9652	19
60.9696	19
62.107	19
62.1071	19
62.1072	19
62.4432	19
62.4432	19
62.4441	19
62.5876	19
62.5881	19
62.5882	19
62.5886	19
62.5895	19
62.5946	19
62.5981	19
62.5981	19
62.6092	19
62.6093	19
62.6093	19
62.6093	19
62.6093	19
62.9031	19
62.9032	19
62.905	19
63.7653	19
63.7654	19
63.7754	19
64.5149	19
64.515	19
64.5161	19
66.0786	19
66.0788	19
66.0799	19
66.5253	19
66.5254	19
66.5256	19
66.8665	19
66.8666	19
66.8679	19
66.9344	19
66.9346	19
66.9353	19
66.9353	19
66.9354	19
66.9355	19
66.9356	19
67.2514	19
67.2514	19
67.2516	19
67.5536	19
67.5539	19
67.5701	19
67.8493	19
67.8495	19
67.8515	19
67.8534	19
67.8534	19
68.0516	19
68.0533	19
68.0535	19
68.0539	19
68.0545	19
68.0622	19
68.1743	19
68.1744	19
68.1744	19
68.1745	19
70.3578	19
70.358	19
70.3589	19
70.5002	19
70.5005	19
70.506	19
70.6945	19
70.6945	19
71.448	19
71.4545	19
71.4547	19
71.4564	19
71.4564	19
71.4567	19
71.4568	19
71.459	19
72.3134	19
72.3135	19
72.3135	19
72.6323	19
72.6324	19
72.6342	19
72.9357	19
72.9358	19
72.9388	19
73.3526	19
73.3526	19
73.353	19
73.3531	19
73.3531	19
73.3532	19
73.3645	19
76.9872	19
76.9872	19
76.9918	19
77.6471	19
77.6471	19
77.65	19
79.1677	19
79.1677	19
79.1693	19
79.332	19
79.3324	19
79.3365	19
79.3366	19
80.4824	19
80.4827	19
80.4852	19
80.4997	19
80.4997	19
80.4997	19
80.906	19
80.9061	19
80.907	19
81.6234	19
81.6234	19
81.6257	19
81.9228	19
81.9228	19
81.9228	19
81.9324	19
81.9325	19
81.9381	19
81.9882	19
81.9883	19
81.9884	19
81.9997	19
81.9997	19
81.9999	19
81.9999	19
82.2749	19
82.275	19
82.2751	19
84.1119	19
84.112	19
84.1168	19
84.1794	19
84.1798	19
84.1877	19
84.1968	19
84.1968	19
84.2005	19
84.9655	19
84.9655	19
84.9658	19
85.4938	19
85.4939	19
85.5068	19
85.5165	19
85.5165	19
85.5166	19
85.5166	19
85.878	19
85.8782	19
85.8797	19
85.9738	19
85.9746	19
85.9748	19
85.9789	19
87.3543	19
87.3544	19
87.3556	19
87.8934	19
87.8935	19
87.8951	19
87.9157	19
87.9159	19
87.9716	19
87.9725	19
87.9726	19
87.9739	19
88.2397	19
88.2398	19
88.4371	19
88.445	19
88.4451	19
88.446	19
88.8164	19
88.8165	19
88.8166	19
89.5001	19
89.5002	19
89.5035	19
89.8116	19
89.8159	19
89.8164	19
89.8182	19
90.1166	19
90.1168	19
90.1218	19
90.3594	19
90.3596	19
90.3619	19
90.3985	19
90.3986	19
90.4032	19
90.9641	19
90.9641	19
90.9723	19
91.2361	19
91.2364	19
91.2427	19
91.5291	19
91.5301	19
91.5301	19
91.7115	19
91.7118	19
91.7159	19
91.7161	19
91.7164	19
92.0536	19
92.0538	19
92.0665	19
92.6231	19
92.6233	19
92.6282	19
93.0315	19
93.0316	19
93.0324	19
95.2707	19
95.2707	19
95.2708	19
95.3451	19
95.3469	19
95.3471	19
95.3489	19
95.4114	19
95.4116	19
95.4118	19
95.5043	19
95.5044	19
95.5079	19
96.4414	19
96.4416	19
96.4445	19
96.9195	19
96.9196	19
96.9242	19
98.254	19
98.254	19
98.2561	19
98.8073	19
98.8075	19
98.8076	19
98.9497	19
98.9499	19
99.314	19
99.3144	19
99.3149	19
99.315	19
99.9157	19
99.921	19
99.9211	19
99.9246	19
