2.39853e-12	0
5.48945e-11	1
4.76532e-10	2
9.98136e-10	3
1.04567e-09	4
1.06833e-09	5
1.26825e-09	6
1.60202e-09	7
1.75047e-09	8
1.85778e-09	9
2.82898e-09	10
6.70195e-09	11
6.86703e-09	12
6.8857e-09	13
6.94812e-09	14
7.03521e-09	15
9.51508e-09	16
1.00381e-08	16
2.04506e-08	17
2.25227e-08	17
3.21847e-08	17
3.38329e-08	17
3.59423e-08	18
3.79642e-08	18
3.81454e-08	18
3.9988e-08	18
4.08606e-08	19
4.2285e-08	19
4.79157e-08	19
4.95248e-08	19
5.88152e-08	19
8.41671e-08	19
8.5678e-08	19
8.78183e-08	19
9.22423e-08	19
1.0025e-07	19
1.19834e-07	19
1.25922e-07	19
1.33275e-07	19
1.35965e-07	19
1.48176e-07	19
1.50835e-07	19
1.56357e-07	19
1.6939e-07	19
1.86994e-07	19
2.01771e-07	19
2.41128e-07	19
2.5118e-07	19
2.63574e-07	19
2.75511e-07	19
2.98516e-07	19
3.58442e-07	19
3.61318e-07	19
3.83138e-07	19
3.95264e-07	19
4.05983e-07	19
4.17081e-07	19
4.18601e-07	19
4.37968e-07	19
4.49254e-07	19
4.5711e-07	19
5.14402e-07	19
5.42402e-07	19
5.44046e-07	19
5.53315e-07	19
5.61655e-07	19
5.73656e-07	19
5.79638e-07	19
5.9154e-07	19
6.06287e-07	19
6.07611e-07	19
6.22177e-07	19
6.38596e-07	19
6.43359e-07	19
6.64192e-07	19
6.69943e-07	19
6.74969e-07	19
6.82252e-07	19
7.05085e-07	19
7.09109e-07	19
7.1901e-07	19
7.19639e-07	19
7.23808e-07	19
7.39302e-07	19
7.42548e-07	19
7.63277e-07	19
7.65058e-07	19
7.766e-07	19
7.86717e-07	19
7.9082e-07	19
7.91049e-07	19
7.92899e-07	19
7.95807e-07	19
8.13063e-07	19
8.18989e-07	19
8.19906e-07	19
8.28732e-07	19
8.31699e-07	19
8.33729e-07	19
8.64067e-07	19
8.78126e-07	19
8.92917e-07	19
9.15252e-07	19
9.20768e-07	19
9.30521e-07	19
9.36812e-07	19
9.37864e-07	19
9.50052e-07	19
9.53703e-07	19
9.60896e-07	19
9.62135e-07	19
9.70492e-07	19
9.79749e-07	19
9.94746e-07	19
1.00196e-06	19
1.02243e-06	19
1.02299e-06	19
1.04389e-06	19
1.0578e-06	19
1.06516e-06	19
1.07566e-06	19
1.07905e-06	19
1.09733e-06	19
1.10855e-06	19
1.11018e-06	19
1.12116e-06	19
1.12167e-06	19
1.15176e-06	19
1.16498e-06	19
1.17417e-06	19
1.17526e-06	19
1.17862e-06	19
1.19655e-06	19
1.1999e-06	19
1.21936e-06	19
1.23323e-06	19
1.25459e-06	19
1.2596e-06	19
1.26778e-06	19
1.27572e-06	19
1.27815e-06	19
1.29365e-06	19
1.30162e-06	19
1.32552e-06	19
1.33348e-06	19
1.34079e-06	19
1.35114e-06	19
1.35506e-06	19
1.36476e-06	19
1.37924e-06	19
1.40037e-06	19
1.40161e-06	19
1.40299e-06	19
1.40305e-06	19
1.4044e-06	19
1.41353e-06	19
1.43635e-06	19
1.44305e-06	19
1.45879e-06	19
1.46456e-06	19
1.46474e-06	19
1.46638e-06	19
1.47564e-06	19
1.47856e-06	19
1.48326e-06	19
1.48612e-06	19
1.4879e-06	19
1.50836e-06	19
1.54293e-06	19
1.61652e-06	19
1.61954e-06	19
1.63636e-06	19
1.65329e-06	19
1.66934e-06	19
1.67565e-06	19
1.68142e-06	19
1.68162e-06	19
1.68301e-06	19
1.6935e-06	19
1.69788e-06	19
1.70126e-06	19
1.70965e-06	19
1.71515e-06	19
1.7341e-06	19
1.7364e-06	19
1.76875e-06	19
1.80006e-06	19
1.80168e-06	19
1.80703e-06	19
1.81588e-06	19
1.8247e-06	19
1.83646e-06	19
1.84916e-06	19
1.89098e-06	19
1.89685e-06	19
1.92847e-06	19
1.93968e-06	19
1.94256e-06	19
1.95547e-06	19
1.96081e-06	19
1.96246e-06	19
1.96843e-06	19
1.98645e-06	19
1.99708e-06	19
2.01832e-06	19
2.02373e-06	19
2.02553e-06	19
2.03086e-06	19
2.03871e-06	19
2.06968e-06	19
2.11298e-06	19
2.11954e-06	19
2.12612e-06	19
2.13199e-06	19
2.13406e-06	19
2.13775e-06	19
2.13903e-06	19
2.14238e-06	19
2.16366e-06	19
2.17467e-06	19
2.20391e-06	19
2.25431e-06	19
2.26985e-06	19
2.29341e-06	19
2.30414e-06	19
2.32201e-06	19
2.33584e-06	19
2.33705e-06	19
2.35232e-06	19
2.35363e-06	19
2.38492e-06	19
2.41101e-06	19
2.46199e-06	19
2.48874e-06	19
2.53026e-06	19
2.5625e-06	19
2.60527e-06	19
2.69506e-06	19
2.71312e-06	19
2.73531e-06	19
2.73796e-06	19
2.83887e-06	19
2.8459e-06	19
2.84796e-06	19
2.8494e-06	19
2.8521e-06	19
2.8962e-06	19
2.91104e-06	19
2.92176e-06	19
2.93012e-06	19
2.93148e-06	19
2.93707e-06	19
2.96758e-06	19
3.00634e-06	19
3.01289e-06	19
3.02608e-06	19
3.03737e-06	19
3.0402e-06	19
3.08288e-06	19
3.09956e-06	19
3.13018e-06	19
3.1572e-06	19
3.16395e-06	19
3.16727e-06	19
3.17182e-06	19
3.18762e-06	19
3.21884e-06	19
3.2211e-06	19
3.25528e-06	19
3.27418e-06	19
3.29279e-06	19
3.29908e-06	19
3.30881e-06	19
3.35619e-06	19
3.3616e-06	19
3.39947e-06	19
3.42931e-06	19
3.4715e-06	19
3.54872e-06	19
3.58044e-06	19
3.62183e-06	19
3.81703e-06	19
3.87537e-06	19
3.955e-06	19
4.02406e-06	19
4.15043e-06	19
4.28441e-06	19
4.29941e-06	19
4.3089e-06	19
4.39413e-06	19
4.39644e-06	19
4.42808e-06	19
4.47271e-06	19
4.55032e-06	19
4.55791e-06	19
4.59196e-06	19
4.73991e-06	19
5.0887e-06	19
5.09745e-06	19
5.18002e-06	19
5.35271e-06	19
5.39713e-06	19
5.40534e-06	19
5.47871e-06	19
5.4873e-06	19
5.56692e-06	19
5.66078e-06	19
5.68222e-06	19
5.85538e-06	19
6.01468e-06	19
6.09682e-06	19
6.18009e-06	19
6.34106e-06	19
6.69093e-06	19
6.97408e-06	19
7.19612e-06	19
7.74086e-06	19
7.98091e-06	19
8.22974e-06	19
8.23882e-06	19
9.06277e-06	19
9.69672e-06	19
9.95746e-06	19
1.04733e-05	19
1.05184e-05	19
1.0572e-05	19
1.07352e-05	19
1.09867e-05	19
1.11049e-05	19
1.14207e-05	19
1.14258e-05	19
1.15891e-05	19
1.16044e-05	19
1.20307e-05	19
1.23329e-05	19
1.27978e-05	19
1.33859e-05	19
1.4175e-05	19
1.4288e-05	19
1.43666e-05	19
1.44918e-05	19
1.49165e-05	19
1.53273e-05	19
1.56958e-05	19
1.57125e-05	19
1.61492e-05	19
1.62674e-05	19
1.63081e-05	19
1.65552e-05	19
1.67704e-05	19
1.73933e-05	19
1.79339e-05	19
1.79455e-05	19
1.84069e-05	19
1.87648e-05	19
1.93092e-05	19
1.96142e-05	19
2.02679e-05	19
2.03906e-05	19
2.12111e-05	19
2.12196e-05	19
2.24755e-05	19
2.33506e-05	19
2.34642e-05	19
2.39997e-05	19
2.42266e-05	19
2.42785e-05	19
2.43722e-05	19
2.45272e-05	19
2.46211e-05	19
2.49637e-05	19
2.50739e-05	19
2.52285e-05	19
2.58061e-05	19
2.59648e-05	19
2.61428e-05	19
2.62905e-05	19
2.71136e-05	19
2.71891e-05	19
2.79293e-05	19
2.80267e-05	19
2.89922e-05	19
2.93401e-05	19
2.99881e-05	19
3.0968e-05	19
3.12279e-05	19
3.13425e-05	19
3.13545e-05	19
3.16432e-05	19
3.21541e-05	19
3.2396e-05	19
3.3679e-05	19
3.56218e-05	19
3.65155e-05	19
3.65379e-05	19
3.74803e-05	19
3.86678e-05	19
3.88717e-05	19
3.91712e-05	19
3.94026e-05	19
3.94462e-05	19
3.9938e-05	19
4.09117e-05	19
4.1074e-05	19
4.12981e-05	19
4.13051e-05	19
4.18046e-05	19
4.24522e-05	19
4.33921e-05	19
4.45668e-05	19
4.47052e-05	19
4.55493e-05	19
4.59225e-05	19
4.92855e-05	19
4.95931e-05	19
4.96771e-05	19
5.02912e-05	19
5.10815e-05	19
5.12824e-05	19
5.16596e-05	19
5.26661e-05	19
5.31289e-05	19
5.4788e-05	19
5.4876e-05	19
5.5141e-05	19
5.5296e-05	19
5.53906e-05	19
5.57925e-05	19
5.5909e-05	19
5.59955e-05	19
5.84211e-05	19
5.8445e-05	19
5.86448e-05	19
5.88669e-05	19
6.35564e-05	19
6.42731e-05	19
6.42867e-05	19
6.4436e-05	19
6.45942e-05	19
6.5702e-05	19
6.58412e-05	19
6.66138e-05	19
6.83407e-05	19
6.84873e-05	19
6.89092e-05	19
6.9874e-05	19
6.99638e-05	19
7.03183e-05	19
7.07708e-05	19
7.17707e-05	19
7.18541e-05	19
7.23725e-05	19
7.24189e-05	19
7.28208e-05	19
7.2889e-05	19
7.36589e-05	19
7.40927e-05	19
7.48182e-05	19
7.55669e-05	19
7.58428e-05	19
7.67405e-05	19
7.71928e-05	19
7.79051e-05	19
7.8172e-05	19
7.91547e-05	19
8.04276e-05	19
8.05801e-05	19
8.09488e-05	19
8.10369e-05	19
8.14812e-05	19
8.24775e-05	19
8.28849e-05	19
8.33449e-05	19
8.406e-05	19
8.41115e-05	19
8.43228e-05	19
8.61278e-05	19
8.64478e-05	19
8.75722e-05	19
8.77557e-05	19
8.86099e-05	19
8.89367e-05	19
8.91859e-05	19
9.07817e-05	19
9.09272e-05	19
9.09964e-05	19
9.14982e-05	19
9.15106e-05	19
9.27509e-05	19
9.46884e-05	19
9.46892e-05	19
9.51634e-05	19
9.55033e-05	19
9.66365e-05	19
9.66428e-05	19
9.7532e-05	19
9.78463e-05	19
9.80578e-05	19
9.83758e-05	19
9.94229e-05	19
0.000100009	19
0.000101153	19
0.000104751	19
0.000104966	19
0.000105554	19
0.000105951	19
0.00010598	19
0.000106637	19
0.000106833	19
0.000115005	19
0.000115218	19
0.000115343	19
0.000115987	19
0.000116466	19
0.000119857	19
0.000120415	19
0.000120708	19
0.000120853	19
0.000122332	19
0.000122355	19
0.000124897	19
0.000125033	19
0.000126994	19
0.000127319	19
0.000127924	19
0.000128917	19
0.000131603	19
0.000131703	19
0.000131725	19
0.000140763	19
0.000142978	19
0.000159438	19
0.000160092	19
0.000162884	19
0.000165404	19
0.000166871	19
0.000167356	19
0.000168746	19
0.000171443	19
0.000172075	19
0.000173527	19
0.000173896	19
0.000176223	19
0.000180418	19
0.000182128	19
0.000183091	19
0.000186694	19
0.000189704	19
0.000193054	19
0.000193074	19
0.000201239	19
0.000212689	19
0.000223657	19
0.000230497	19
0.000233527	19
0.000269073	19
0.000284395	19
0.000293169	19
0.000308318	19
0.000314239	19
0.000349037	19
0.000363173	19
0.000374571	19
0.000436121	19
0.000443778	19
0.000455464	19
0.000459808	19
0.00048608	19
0.000523282	19
0.000564688	19
0.000572662	19
0.000849727	19
0.00112492	19
0.00122207	19
0.00188181	19
0.00253663	19
0.00253744	19
0.00253874	19
0.00254163	19
0.0025443	19
0.00254972	19
0.0025737	19
0.00305312	19
0.00434578	19
0.00434682	19
0.00434761	19
0.00434937	19
0.00435184	19
0.00435439	19
0.00435507	19
0.0043693	19
0.00437052	19
0.00437478	19
0.00438191	19
0.00438294	19
0.00439169	19
0.00439502	19
0.00440154	19
0.0044025	19
0.00463179	19
0.0046373	19
0.00596131	19
0.00735415	19
0.00735595	19
0.00735921	19
0.00736244	19
0.00745824	19
0.00790951	19
0.00809531	19
0.00809552	19
0.00810764	19
0.00810991	19
0.00812817	19
0.00813641	19
0.00817081	19
0.0089149	19
0.00892156	19
0.0089225	19
0.00946728	19
0.00989927	19
0.00990149	19
0.00991501	19
0.00991587	19
0.00991758	19
0.00991955	19
0.00992057	19
0.00992925	19
0.00993143	19
0.00993221	19
0.00994278	19
0.00998602	19
0.0100348	19
0.0104433	19
0.010742	19
0.0110601	19
0.0110699	19
0.0111595	19
0.0128642	19
0.0128645	19
0.012867	19
0.0128681	19
0.0128685	19
0.0128688	19
0.0128689	19
0.0128691	19
0.0128692	19
0.0128711	19
0.0128714	19
0.0128739	19
0.0128746	19
0.0128748	19
0.0128767	19
0.0128779	19
0.0128813	19
0.0128849	19
0.0128855	19
0.0128895	19
0.0128976	19
0.0129058	19
0.01291	19
0.0129154	19
0.0130212	19
0.0131004	19
0.0131143	19
0.0131756	19
0.013195	19
0.0132327	19
0.0132966	19
0.0133095	19
0.0133758	19
0.0134236	19
0.0134801	19
0.0134861	19
0.0134979	19
0.0138062	19
0.0138381	19
0.0139062	19
0.0141709	19
0.0141709	19
0.0141712	19
0.0141714	19
0.0141716	19
0.014172	19
0.0141723	19
0.0141732	19
0.0141732	19
0.0141736	19
0.0141739	19
0.0141748	19
0.0141749	19
0.0141755	19
0.014176	19
0.014177	19
0.014177	19
0.0141783	19
0.0141792	19
0.0141813	19
0.0141817	19
0.0141834	19
0.0141836	19
0.0141868	19
0.0141874	19
0.0141876	19
0.0141879	19
0.0141898	19
0.0141902	19
0.0141915	19
0.0141953	19
0.0141956	19
0.0141989	19
0.0142014	19
0.0142014	19
0.0142169	19
0.0142292	19
0.0142525	19
0.0142563	19
0.0151026	19
0.015198	19
0.0152125	19
0.0166543	19
0.0166625	19
0.0166669	19
0.0166745	19
0.0166836	19
0.0167275	19
0.0167283	19
0.0167333	19
0.0167655	19
0.0167656	19
0.0168054	19
0.0168071	19
0.0168114	19
0.0168116	19
0.0168137	19
0.0168298	19
0.0168323	19
0.0168353	19
0.0168363	19
0.0168456	19
0.0168522	19
0.0168941	19
0.0168941	19
0.0169076	19
0.0169096	19
0.0169185	19
0.0169234	19
0.0169243	19
0.0169254	19
0.0169358	19
0.0169395	19
0.0169407	19
0.0169437	19
0.016949	19
0.0169511	19
0.0169527	19
0.0169534	19
0.0169559	19
0.0169598	19
0.0169604	19
0.0169774	19
0.0169791	19
0.0169913	19
0.0169916	19
0.0170048	19
0.0170195	19
0.0170229	19
0.0170236	19
0.0170403	19
0.01706	19
0.0170608	19
0.0170661	19
0.0170853	19
0.0170935	19
0.0170968	19
0.0171122	19
0.0171155	19
0.0171169	19
0.0171229	19
0.0171257	19
0.0171321	19
0.0171338	19
0.0171652	19
0.0171703	19
0.0171741	19
0.0171793	19
0.0172241	19
0.0172443	19
0.0172565	19
0.0172681	19
0.0172965	19
0.017302	19
0.0173037	19
0.0173069	19
0.0173353	19
0.0173563	19
0.0173585	19
0.0173626	19
0.0173675	19
0.0173759	19
0.0174005	19
0.0174169	19
0.0174248	19
0.0174258	19
0.0174382	19
0.0174851	19
0.017487	19
0.017489	19
0.0174923	19
0.0175044	19
0.0175089	19
0.0175171	19
0.0175226	19
0.0175419	19
0.017543	19
0.0175664	19
0.0175803	19
0.0176028	19
0.017636	19
0.017669	19
0.0177528	19
0.0177569	19
0.0177681	19
0.0177752	19
0.0177787	19
0.0177918	19
0.0177993	19
0.0178164	19
0.0178197	19
0.0178218	19
0.0178239	19
0.0178243	19
0.01784	19
0.0178532	19
0.0178657	19
0.0178697	19
0.0178722	19
0.0178819	19
0.0179136	19
0.0179185	19
0.0179273	19
0.0179347	19
0.0179497	19
0.0179545	19
0.0179641	19
0.0179711	19
0.0179753	19
0.0179952	19
0.0180051	19
0.018014	19
0.0180509	19
0.0180514	19
0.0180552	19
0.0180715	19
0.0180857	19
0.0180953	19
0.0181045	19
0.0181313	19
0.0181361	19
0.0181517	19
0.0182158	19
0.0182202	19
0.0182463	19
0.0182621	19
0.0183405	19
0.0183542	19
0.0183743	19
0.0183879	19
0.0184258	19
0.0184581	19
0.0184641	19
0.0185348	19
0.0185943	19
0.0185969	19
0.0186168	19
0.0186841	19
0.0187251	19
0.0187363	19
0.0188619	19
0.018973	19
0.0190069	19
0.019102	19
0.0192237	19
0.0192613	19
0.0192614	19
0.0195869	19
0.0195873	19
0.0195877	19
0.0195878	19
0.019588	19
0.0195883	19
0.0195887	19
0.0195888	19
0.0195889	19
0.019589	19
0.0195891	19
0.0195894	19
0.0195895	19
0.0195896	19
0.0195897	19
0.0195898	19
0.0195898	19
0.0195899	19
0.0195907	19
0.0195908	19
0.0195915	19
0.0195916	19
0.0195918	19
0.0195922	19
0.0195924	19
0.0195924	19
0.019594	19
0.0195945	19
0.0195957	19
0.0195965	19
0.0195968	19
0.019597	19
0.0195979	19
0.0195983	19
0.0195995	19
0.019601	19
0.0196011	19
0.0196012	19
0.0196019	19
0.0196055	19
0.0196061	19
0.0196076	19
0.0196098	19
0.0196114	19
0.0196117	19
0.0196123	19
0.019616	19
0.0196172	19
0.0196218	19
0.0196231	19
0.0196244	19
0.0196283	19
0.0196389	19
0.019729	19
0.019841	19
0.0202173	19
0.0202175	19
0.0202177	19
0.0202177	19
0.0202177	19
0.0202178	19
0.0202179	19
0.0202181	19
0.0202181	19
0.0202182	19
0.0202183	19
0.0202183	19
0.0202184	19
0.0202185	19
0.0202191	19
0.0202192	19
0.0202193	19
0.0202194	19
0.0202194	19
0.0202196	19
0.0202197	19
0.0202198	19
0.0202201	19
0.0202204	19
0.0202216	19
0.0202217	19
0.0202223	19
0.0202231	19
0.0202232	19
0.0202232	19
0.0202235	19
0.0202243	19
0.0202246	19
0.0202255	19
0.0202258	19
0.0202259	19
0.020227	19
0.0202279	19
0.0202289	19
0.0202294	19
0.0202297	19
0.0202297	19
0.0202299	19
0.0202304	19
0.0202305	19
0.0202315	19
0.020232	19
0.0202328	19
0.020233	19
0.0202339	19
0.0202351	19
0.0202354	19
0.0202362	19
0.0202363	19
0.0202375	19
0.0202382	19
0.0202384	19
0.0202418	19
0.0202433	19
0.0202577	19
0.0202586	19
0.020259	19
0.020271	19
0.0202817	19
0.0202857	19
0.020651	19
0.0206516	19
0.0206581	19
0.0206583	19
0.0206584	19
0.0206597	19
0.0206626	19
0.0206665	19
0.0206723	19
0.020674	19
0.0206743	19
0.0206744	19
0.0206782	19
0.0206827	19
0.0206915	19
0.0207065	19
0.0207146	19
0.0214254	19
0.0214314	19
0.0214334	19
0.0214383	19
0.0214516	19
0.0214542	19
0.0214685	19
0.0214721	19
0.0214722	19
0.0215016	19
0.0215061	19
0.0215122	19
0.0215129	19
0.0215239	19
0.0215292	19
0.0215357	19
0.0215393	19
0.0215487	19
0.0215629	19
0.0215758	19
0.0215762	19
0.0215873	19
0.0215951	19
0.0215976	19
0.021636	19
0.0216592	19
0.0216596	19
0.0216641	19
0.0216839	19
0.0216865	19
0.0217043	19
0.0217512	19
0.0217525	19
0.02176	19
0.0217839	19
0.0217953	19
0.0218673	19
0.0218674	19
0.0218691	19
0.02187	19
0.0218709	19
0.0218715	19
0.0218732	19
0.0218737	19
0.0218742	19
0.0218748	19
0.0218749	19
0.021876	19
0.0218777	19
0.0218786	19
0.0218792	19
0.0218793	19
0.0218795	19
0.0218826	19
0.0218864	19
0.0218878	19
0.0218892	19
0.0218893	19
0.0218933	19
0.0218966	19
0.0219046	19
0.0219164	19
0.0219173	19
0.0219191	19
0.0219626	19
0.0220386	19
0.0220893	19
0.0221013	19
0.0221222	19
0.0221457	19
0.0222727	19
0.0223045	19
0.0223423	19
0.0223819	19
0.0223844	19
0.0224728	19
0.0224871	19
0.0226102	19
0.022647	19
0.0226912	19
0.0228734	19
0.023206	19
0.0233796	19
0.0240193	19
0.0240201	19
0.0240204	19
0.024026	19
0.0240333	19
0.024037	19
0.024044	19
0.0240658	19
0.0240961	19
0.0240967	19
0.0240985	19
0.0241593	19
0.0241594	19
0.0241594	19
0.0241594	19
0.0241595	19
0.0241595	19
0.0241596	19
0.0241598	19
0.0241598	19
0.0241598	19
0.0241599	19
0.02416	19
0.0241602	19
0.0241606	19
0.0241609	19
0.0241611	19
0.0241613	19
0.0241618	19
0.0241618	19
0.0241619	19
0.0241619	19
0.0241623	19
0.0241625	19
0.0241626	19
0.0241628	19
0.0241632	19
0.0241632	19
0.0241633	19
0.024164	19
0.024164	19
0.0241644	19
0.0241647	19
0.0241651	19
0.0241651	19
0.0241655	19
0.024166	19
0.0241665	19
0.0241665	19
0.0241672	19
0.0241675	19
0.0241677	19
0.0241689	19
0.0241691	19
0.0241707	19
0.024172	19
0.0241734	19
0.0241781	19
0.0241788	19
0.024181	19
0.0241817	19
0.0241846	19
0.0241874	19
0.0241953	19
0.0242147	19
0.0242154	19
0.0242219	19
0.0242233	19
0.0242336	19
0.02427	19
0.0242785	19
0.0243075	19
0.0243106	19
0.0243291	19
0.0243353	19
0.0243467	19
0.0243676	19
0.0243778	19
0.0243804	19
0.0244741	19
0.0244906	19
0.0245229	19
0.024627	19
0.024636	19
0.024662	19
0.024768	19
0.0248589	19
0.0248612	19
0.0248676	19
0.0248708	19
0.0248802	19
0.0249	19
0.0249184	19
0.0249194	19
0.0249657	19
0.0249717	19
0.0250245	19
0.0250946	19
0.0251036	19
0.0251332	19
0.0251389	19
0.0252297	19
0.0252756	19
0.0252758	19
0.0252813	19
0.0252852	19
0.0252912	19
0.0252927	19
0.0252941	19
0.0253135	19
0.0253156	19
0.025322	19
0.0253226	19
0.0253337	19
0.0253349	19
0.0253368	19
0.0253417	19
0.0253441	19
0.0253487	19
0.0253522	19
0.0253546	19
0.0253561	19
0.0253574	19
0.0253598	19
0.0253718	19
0.0253781	19
0.0254201	19
0.0254536	19
0.0255497	19
0.0255813	19
0.0257413	19
0.0257998	19
0.0258002	19
0.0258005	19
0.0258009	19
0.0258017	19
0.025802	19
0.0258034	19
0.0258055	19
0.0258062	19
0.0258075	19
0.0258104	19
0.0258146	19
0.0258164	19
0.0258277	19
0.0258281	19
0.0258356	19
0.0258421	19
0.0258421	19
0.0258425	19
0.0258425	19
0.0258425	19
0.0258428	19
0.0258431	19
0.0258431	19
0.0258437	19
0.0258438	19
0.0258443	19
0.0258445	19
0.0258451	19
0.0258452	19
0.0258452	19
0.0258455	19
0.0258456	19
0.0258457	19
0.0258457	19
0.025846	19
0.0258461	19
0.0258464	19
0.0258464	19
0.0258465	19
0.0258467	19
0.0258468	19
0.0258469	19
0.025847	19
0.0258471	19
0.0258474	19
0.025848	19
0.0258481	19
0.0258482	19
0.0258486	19
0.0258487	19
0.0258488	19
0.0258491	19
0.0258491	19
0.0258492	19
0.0258501	19
0.0258501	19
0.0258505	19
0.0258509	19
0.0258512	19
0.0258513	19
0.0258519	19
0.0258528	19
0.0258533	19
0.0258536	19
0.0258538	19
0.0258539	19
0.0258546	19
0.0258562	19
0.0258563	19
0.0258564	19
0.0258564	19
0.0258569	19
0.0258575	19
0.0258576	19
0.0258584	19
0.0258612	19
0.0258625	19
0.0258633	19
0.0258645	19
0.0258661	19
0.0258666	19
0.0258722	19
0.0258725	19
0.0258759	19
0.0258831	19
0.0258845	19
0.0258851	19
0.0258973	19
0.0259008	19
0.0259646	19
0.0259647	19
0.0259675	19
0.0259679	19
0.02597	19
0.0259732	19
0.0259741	19
0.0259766	19
0.0259866	19
0.0259989	19
0.0260022	19
0.0260036	19
0.0260144	19
0.0260191	19
0.0260195	19
0.0260287	19
0.0260492	19
0.0260636	19
0.026066	19
0.0260812	19
0.0260819	19
0.0261183	19
0.0261724	19
0.0261727	19
0.0261953	19
0.0262037	19
0.0262047	19
0.0262065	19
0.0262069	19
0.0262125	19
0.0262159	19
0.0262195	19
0.02622	19
0.026222	19
0.0262231	19
0.0262232	19
0.0262275	19
0.0262309	19
0.0262317	19
0.0262378	19
0.0262438	19
0.0262574	19
0.0262584	19
0.0262595	19
0.0262611	19
0.026293	19
0.0262958	19
0.0263018	19
0.026304	19
0.0263173	19
0.0263291	19
0.026371	19
0.0263769	19
0.026381	19
0.0263856	19
0.0264078	19
0.0264096	19
0.0264253	19
0.0264379	19
0.0264421	19
0.0264576	19
0.026479	19
0.0264799	19
0.0264801	19
0.0264971	19
0.0264982	19
0.0264986	19
0.0264989	19
0.0264993	19
0.0264997	19
0.0264999	19
0.0265005	19
0.0265006	19
0.026501	19
0.0265015	19
0.0265018	19
0.0265019	19
0.0265021	19
0.0265022	19
0.0265037	19
0.0265044	19
0.0265045	19
0.0265056	19
0.0265126	19
0.0265144	19
0.0265213	19
0.0265223	19
0.0265276	19
0.0265277	19
0.0265329	19
0.0265329	19
0.026536	19
0.0265396	19
0.0265413	19
0.026545	19
0.0265516	19
0.0265524	19
0.0265743	19
0.0265827	19
0.0265955	19
0.0266111	19
0.0266277	19
0.0266283	19
0.0266487	19
0.0266611	19
0.0266696	19
0.0267323	19
0.0267592	19
0.0267637	19
0.0267845	19
0.0267962	19
0.0268063	19
0.0268168	19
0.0268379	19
0.0268418	19
0.0268453	19
0.0268557	19
0.0269153	19
0.0270301	19
0.0270767	19
0.0271206	19
0.0271206	19
0.0271921	19
0.0271925	19
0.0271936	19
0.0271938	19
0.0271943	19
0.0271952	19
0.027197	19
0.0271973	19
0.0271977	19
0.0271984	19
0.0271993	19
0.0272	19
0.0272003	19
0.0272013	19
0.0272058	19
0.0272087	19
0.0272101	19
0.0272116	19
0.0272133	19
0.0272151	19
0.0272182	19
0.0272252	19
0.0272259	19
0.0272289	19
0.0272301	19
0.0272348	19
0.0272356	19
0.0272391	19
0.0272468	19
0.0272532	19
0.0272564	19
0.0272586	19
0.0272667	19
0.0272852	19
0.0273351	19
0.0279588	19
0.027959	19
0.02797	19
0.0279812	19
0.0279877	19
0.0279941	19
0.0280219	19
0.0280276	19
0.0280285	19
0.0280288	19
0.0280457	19
0.0280586	19
0.028075	19
0.0280775	19
0.0280793	19
0.0281022	19
0.0281055	19
0.0281174	19
0.028123	19
0.0281303	19
0.0281334	19
0.0281401	19
0.0281425	19
0.02818	19
0.0282245	19
0.0282654	19
0.0283643	19
0.0284124	19
0.0284164	19
0.02842	19
0.0284378	19
0.0285185	19
0.0285461	19
0.0285925	19
0.0286702	19
0.0286992	19
0.0287484	19
0.0288176	19
0.028908	19
0.0289796	19
0.0291638	19
0.0291791	19
0.0292925	19
0.0293628	19
0.029645	19
0.0297176	19
0.0298426	19
0.0298441	19
0.0298443	19
0.0298453	19
0.0298462	19
0.0298464	19
0.0298539	19
0.0298549	19
0.0298584	19
0.0298612	19
0.029867	19
0.0298844	19
0.029885	19
0.0298863	19
0.0298865	19
0.0298878	19
0.0298879	19
0.0298881	19
0.0298884	19
0.0298884	19
0.0298892	19
0.0298899	19
0.0298905	19
0.0298907	19
0.0298934	19
0.0298943	19
0.0298956	19
0.0298959	19
0.0298961	19
0.0298962	19
0.0298969	19
0.0298981	19
0.0298989	19
0.0299012	19
0.0299047	19
0.0299094	19
0.0299111	19
0.0299164	19
0.0299192	19
0.02992	19
0.0299232	19
0.0299242	19
0.0299263	19
0.0299274	19
0.0299318	19
0.0299318	19
0.0299336	19
0.0299407	19
0.0299679	19
0.0299706	19
0.029985	19
0.0300032	19
0.0300086	19
0.0300658	19
0.0303109	19
0.0304801	19
0.0306191	19
0.0322001	19
0.0322012	19
0.0322014	19
0.0322017	19
0.0322031	19
0.0322062	19
0.0322116	19
0.0322168	19
0.0322244	19
0.03223	19
0.0322331	19
0.0322368	19
0.0322411	19
0.0322425	19
0.0322516	19
0.0322632	19
0.0322704	19
0.0322737	19
0.0322772	19
0.0322853	19
0.0322923	19
0.0323083	19
0.0323157	19
0.0323396	19
0.0323511	19
0.0323609	19
0.0323624	19
0.0323673	19
0.0323773	19
0.0323819	19
0.0323877	19
0.0323928	19
0.0323957	19
0.0324037	19
0.032433	19
0.0324362	19
0.0324386	19
0.0324557	19
0.0324562	19
0.0324589	19
0.0324748	19
0.0324924	19
0.0324947	19
0.0325156	19
0.0325181	19
0.0325489	19
0.0325535	19
0.0326069	19
0.0326109	19
0.0326951	19
0.0326968	19
0.0327044	19
0.0327108	19
0.0327114	19
0.0327154	19
0.0327763	19
0.0327843	19
0.0327966	19
0.0328322	19
0.0328651	19
0.0328941	19
0.0329304	19
0.0329306	19
0.032948	19
0.0329696	19
0.033003	19
0.0330603	19
0.0331525	19
0.0331665	19
0.0331847	19
0.0331897	19
0.0332066	19
0.0332126	19
0.0332145	19
0.0332844	19
0.0333007	19
0.0333144	19
0.0333306	19
0.0333539	19
0.0333545	19
0.0333546	19
0.0333552	19
0.0333618	19
0.033363	19
0.0333662	19
0.0333669	19
0.0333691	19
0.0333726	19
0.0333747	19
0.033378	19
0.0333862	19
0.0333905	19
0.0333908	19
0.0333925	19
0.0333943	19
0.0333983	19
0.0334021	19
0.033408	19
0.033417	19
0.0334191	19
0.0334332	19
0.0334348	19
0.0334379	19
0.0334666	19
0.0334692	19
0.0334871	19
0.0334932	19
0.0334978	19
0.0335038	19
0.03354	19
0.0335618	19
0.0335627	19
0.0335743	19
0.0335923	19
0.0335947	19
0.0336065	19
0.0336077	19
0.033623	19
0.0336279	19
0.0336307	19
0.0336437	19
0.0336487	19
0.033656	19
0.0336627	19
0.0336668	19
0.0336885	19
0.033708	19
0.0337113	19
0.0337116	19
0.0337117	19
0.0337127	19
0.0337134	19
0.0337138	19
0.0337148	19
0.0337186	19
0.0337189	19
0.0337202	19
0.0337231	19
0.0337235	19
0.033727	19
0.0337282	19
0.0337292	19
0.0337299	19
0.0337323	19
0.0337363	19
0.0337391	19
0.0337436	19
0.033744	19
0.0337474	19
0.0337497	19
0.0337523	19
0.0337529	19
0.0337565	19
0.033757	19
0.0337581	19
0.0337689	19
0.0337745	19
0.0337882	19
0.0338118	19
0.0338199	19
0.033861	19
0.0338665	19
0.0338916	19
0.0338974	19
0.034066	19
0.0340853	19
0.0341298	19
0.0342222	19
0.0342366	19
0.0342573	19
0.0342669	19
0.0342883	19
0.0343523	19
0.0344073	19
0.034636	19
0.0348534	19
0.0348558	19
0.034858	19
0.0349033	19
0.0350381	19
0.0351165	19
0.035177	19
0.0352475	19
0.0354701	19
0.0361936	19
0.0361937	19
0.036194	19
0.0361942	19
0.0361944	19
0.0361947	19
0.036195	19
0.0361955	19
0.0361956	19
0.0361956	19
0.0361957	19
0.0361958	19
0.0361959	19
0.0361963	19
0.0361964	19
0.0361964	19
0.0361965	19
0.0361965	19
0.0361969	19
0.0361974	19
0.0361977	19
0.0361978	19
0.0361978	19
0.0361989	19
0.0361989	19
0.0361992	19
0.0361996	19
0.0361997	19
0.0362002	19
0.0362011	19
0.0362015	19
0.0362018	19
0.0362021	19
0.0362024	19
0.0362034	19
0.0362044	19
0.0362045	19
0.036205	19
0.0362051	19
0.0362054	19
0.0362055	19
0.036206	19
0.0362066	19
0.0362072	19
0.0362075	19
0.0362076	19
0.036208	19
0.036209	19
0.0362091	19
0.0362095	19
0.0362095	19
0.0362111	19
0.0362122	19
0.0362143	19
0.0362171	19
0.0362173	19
0.0362181	19
0.036219	19
0.0362245	19
0.0362283	19
0.0362319	19
0.0362372	19
0.0362461	19
0.036249	19
0.0362495	19
0.0362684	19
0.0362685	19
0.0362859	19
0.0362932	19
0.0363004	19
0.0363771	19
0.0370356	19
0.0370377	19
0.0370388	19
0.0370398	19
0.03704	19
0.0370422	19
0.0370426	19
0.0370428	19
0.0370428	19
0.0370457	19
0.0370468	19
0.0370474	19
0.0370478	19
0.0370501	19
0.0370521	19
0.0370567	19
0.0370604	19
0.0370615	19
0.0370631	19
0.0370668	19
0.0370762	19
0.0370848	19
0.0370995	19
0.0371071	19
0.0377024	19
0.03822	19
0.0382595	19
0.0383687	19
0.0385507	19
0.0399559	19
0.0400209	19
0.040859	19
0.0408601	19
0.0408621	19
0.0408625	19
0.0408642	19
0.0408762	19
0.0408954	19
0.0408985	19
0.0409017	19
0.0409072	19
0.0409078	19
0.0409205	19
0.0409217	19
0.0409258	19
0.0409348	19
0.0409391	19
0.0409436	19
0.0410109	19
0.0410236	19
0.041034	19
0.0410426	19
0.0410711	19
0.0410729	19
0.0410768	19
0.0410871	19
0.0410897	19
0.0410929	19
0.0411081	19
0.0411734	19
0.0411869	19
0.0411926	19
0.0411946	19
0.0411951	19
0.0412032	19
0.0412606	19
0.0413006	19
0.0413112	19
0.0413299	19
0.0413417	19
0.0414038	19
0.0414316	19
0.0414719	19
0.0415023	19
0.0415466	19
0.0415814	19
0.0415959	19
0.0416068	19
0.0416262	19
0.0416288	19
0.0416374	19
0.0416419	19
0.0416596	19
0.0416832	19
0.0416911	19
0.0417087	19
0.0417269	19
0.0417806	19
0.0417883	19
0.0418088	19
0.0419011	19
0.0419134	19
0.0419215	19
0.0419574	19
0.0419847	19
0.042004	19
0.0420172	19
0.0420431	19
0.0420552	19
0.0420562	19
0.0420729	19
0.0420758	19
0.042076	19
0.0420875	19
0.0420946	19
0.0421795	19
0.042246	19
0.0422464	19
0.0422585	19
0.0422609	19
0.0422651	19
0.0422655	19
0.0422694	19
0.0422795	19
0.0422911	19
0.0423009	19
0.042309	19
0.0424265	19
0.0426079	19
0.0426395	19
0.0426765	19
0.0426789	19
0.0426874	19
0.0427322	19
0.0436445	19
0.0441289	19
0.0448771	19
0.0450567	19
0.0475558	19
0.0475563	19
0.0475564	19
0.0475575	19
0.047558	19
0.0475581	19
0.0475582	19
0.0475583	19
0.0475587	19
0.0475587	19
0.0475589	19
0.0475598	19
0.0475606	19
0.0475607	19
0.0475618	19
0.047562	19
0.0475631	19
0.0475632	19
0.0475647	19
0.0475673	19
0.0475677	19
0.04757	19
0.04757	19
0.0475712	19
0.0475755	19
0.0475757	19
0.0475769	19
0.0475787	19
0.0475795	19
0.047581	19
0.0475831	19
0.0475867	19
0.047589	19
0.0475902	19
0.0475936	19
0.0476049	19
0.0476216	19
0.0483605	19
0.04838	19
0.048381	19
0.0511304	19
0.0511306	19
0.051131	19
0.051132	19
0.0511327	19
0.0511338	19
0.0511342	19
0.0511348	19
0.0511348	19
0.0511355	19
0.0511355	19
0.0511359	19
0.051136	19
0.0511384	19
0.0511391	19
0.0511427	19
0.0511442	19
0.0511455	19
0.0511465	19
0.0511474	19
0.0511489	19
0.0511489	19
0.0511494	19
0.0511517	19
0.051153	19
0.0511531	19
0.0511569	19
0.0511585	19
0.0511672	19
0.0511676	19
0.0511752	19
0.0511769	19
0.051181	19
0.0511861	19
0.051187	19
0.0511905	19
0.0512073	19
0.0512467	19
0.0512508	19
0.0512607	19
0.0512613	19
0.0512736	19
0.0512872	19
0.0512955	19
0.0537217	19
0.053844	19
0.0554925	19
0.0570684	19
0.0570713	19
0.0570766	19
0.0571668	19
0.0571755	19
0.0589926	19
0.0590119	19
0.0601885	19
0.0601973	19
0.0602299	19
0.0661511	19
0.0661944	19
0.0662027	19
0.0662069	19
0.066221	19
0.0662285	19
0.0709766	19
0.0711052	19
0.0711054	19
0.0711061	19
0.0711083	19
0.0711125	19
0.0711193	19
0.0711206	19
0.0711286	19
0.0711314	19
0.0711444	19
0.071148	19
0.0711663	19
0.0711666	19
0.0711842	19
0.0733611	19
0.0733613	19
0.0733623	19
0.0733633	19
0.074387	19
0.0744104	19
0.0744145	19
0.0744246	19
0.0744414	19
0.0747103	19
0.0752879	19
0.0752881	19
0.0753737	19
0.0756603	19
0.0756893	19
0.075704	19
0.0792514	19
0.0792556	19
0.07926	19
0.0793232	19
0.0793677	19
0.0793925	19
0.0802143	19
0.0828495	19
0.0828735	19
0.0829456	19
0.0829464	19
0.0833502	19
0.0833852	19
0.0833882	19
0.0849929	19
0.0858114	19
0.0858651	19
0.0858662	19
0.0901905	19
0.0901905	19
0.0901923	19
0.0901975	19
0.0902147	19
0.0902282	19
0.0902305	19
0.0902317	19
0.0902841	19
0.0902861	19
0.0903353	19
0.0903391	19
0.090415	19
0.0905518	19
0.0905683	19
0.0905829	19
0.0906	19
0.0906209	19
0.0906268	19
0.0907296	19
0.0907963	19
0.0909368	19
0.0910156	19
0.0910595	19
0.0910953	19
0.0911601	19
0.0913313	19
0.091454	19
0.0922665	19
0.0922668	19
0.0922669	19
0.0922669	19
0.0922723	19
0.092495	19
0.0924969	19
0.0929163	19
0.0929194	19
0.092924	19
0.0952932	19
0.0954204	19
0.0955354	19
0.0974181	19
0.0974205	19
0.0979295	19
0.0979637	19
0.0979672	19
0.101458	19
0.101458	19
0.101459	19
0.103249	19
0.103257	19
0.103262	19
0.104653	19
0.104683	19
0.104697	19
0.109815	19
0.109863	19
0.109863	19
0.111141	19
0.111205	19
0.111209	19
0.111455	19
0.111462	19
0.111479	19
0.112895	19
0.112961	19
0.112964	19
0.114138	19
0.114242	19
0.114271	19
0.114278	19
0.119633	19
0.119633	19
0.119713	19
0.119727	19
0.121161	19
0.121178	19
0.121182	19
0.128638	19
0.128638	19
0.128642	19
0.128665	19
0.12867	19
0.128671	19
0.128948	19
0.128952	19
0.13027	19
0.13029	19
0.130295	19
0.130526	19
0.130527	19
0.130817	19
0.130948	19
0.130981	19
0.130981	19
0.134997	19
0.135005	19
0.135015	19
0.135077	19
0.13508	19
0.136603	19
0.137378	19
0.13752	19
0.138845	19
0.138864	19
0.138925	19
0.140203	19
0.141886	19
0.141886	19
0.141895	19
0.14405	19
0.144051	19
0.144148	19
0.146892	19
0.146902	19
0.148902	19
0.148908	19
0.148911	19
0.148911	19
0.148957	19
0.148959	19
0.149283	19
0.149318	19
0.149324	19
0.151305	19
0.151305	19
0.151309	19
0.151765	19
0.151775	19
0.151788	19
0.152853	19
0.152854	19
0.152865	19
0.155468	19
0.155472	19
0.155473	19
0.155506	19
0.155507	19
0.155799	19
0.157052	19
0.157055	19
0.157055	19
0.157091	19
0.157751	19
0.157758	19
0.157772	19
0.15818	19
0.158181	19
0.158182	19
0.158323	19
0.158327	19
0.162672	19
0.164905	19
0.164912	19
0.165116	19
0.165116	19
0.165119	19
0.1653	19
0.165317	19
0.165621	19
0.165641	19
0.165647	19
0.16868	19
0.168873	19
0.180425	19
0.180425	19
0.180426	19
0.180431	19
0.180446	19
0.180449	19
0.180503	19
0.180514	19
0.182419	19
0.182475	19
0.187139	19
0.187208	19
0.187209	19
0.188405	19
0.188696	19
0.188699	19
0.189837	19
0.189867	19
0.189875	19
0.192163	19
0.192188	19
0.192191	19
0.199103	19
0.199148	19
0.199201	19
0.199202	19
0.205998	19
0.205998	19
0.205998	19
0.206013	19
0.206015	19
0.206699	19
0.207271	19
0.207272	19
0.210218	19
0.210221	19
0.210227	19
0.210263	19
0.210263	19
0.21135	19
0.21347	19
0.213471	19
0.21348	19
0.213741	19
0.215003	19
0.219874	19
0.219877	19
0.219879	19
0.219879	19
0.219882	19
0.219896	19
0.219975	19
0.219989	19
0.21999	19
0.221364	19
0.221803	19
0.221869	19
0.223343	19
0.223386	19
0.223386	19
0.224096	19
0.224105	19
0.224207	19
0.22421	19
0.225033	19
0.225063	19
0.225065	19
0.238285	19
0.238288	19
0.238291	19
0.238311	19
0.238332	19
0.248675	19
0.248678	19
0.252143	19
0.252146	19
0.252195	19
0.252197	19
0.253121	19
0.253165	19
0.253167	19
0.254399	19
0.25444	19
0.254441	19
0.257026	19
0.257087	19
0.257088	19
0.264368	19
0.264423	19
0.264425	19
0.264488	19
0.271187	19
0.271187	19
0.271189	19
0.271197	19
0.272896	19
0.272932	19
0.272936	19
0.272937	19
0.272984	19
0.272987	19
0.274226	19
0.2759	19
0.277378	19
0.277505	19
0.27762	19
0.278089	19
0.278096	19
0.2781	19
0.2781	19
0.278431	19
0.282209	19
0.282228	19
0.28225	19
0.282303	19
0.286509	19
0.286543	19
0.286843	19
0.287912	19
0.287914	19
0.287915	19
0.288059	19
0.288059	19
0.288626	19
0.293266	19
0.293267	19
0.299542	19
0.299542	19
0.299552	19
0.300487	19
0.300491	19
0.300495	19
0.300497	19
0.30176	19
0.301769	19
0.301769	19
0.311006	19
0.311011	19
0.311016	19
0.311022	19
0.311025	19
0.313556	19
0.319677	19
0.319702	19
0.319736	19
0.321941	19
0.321942	19
0.333871	19
0.333891	19
0.333901	19
0.333902	19
0.333952	19
0.333955	19
0.336214	19
0.33628	19
0.336281	19
0.336283	19
0.336293	19
0.336382	19
0.339745	19
0.339753	19
0.339833	19
0.34137	19
0.347626	19
0.347628	19
0.347631	19
0.347697	19
0.347702	19
0.349175	19
0.349181	19
0.349182	19
0.351369	19
0.351382	19
0.351383	19
0.351407	19
0.351424	19
0.351437	19
0.351884	19
0.35189	19
0.351938	19
0.352091	19
0.352095	19
0.35308	19
0.35331	19
0.353317	19
0.354401	19
0.35443	19
0.354444	19
0.362388	19
0.362396	19
0.362504	19
0.364687	19
0.364687	19
0.364689	19
0.364773	19
0.365594	19
0.365594	19
0.36894	19
0.36894	19
0.368958	19
0.36896	19
0.376648	19
0.382919	19
0.38292	19
0.382925	19
0.388114	19
0.388122	19
0.388126	19
0.388143	19
0.388149	19
0.388185	19
0.393993	19
0.393995	19
0.394064	19
0.403094	19
0.403095	19
0.403098	19
0.403146	19
0.416212	19
0.416212	19
0.416212	19
0.416225	19
0.416226	19
0.41626	19
0.417913	19
0.41792	19
0.417945	19
0.420658	19
0.423892	19
0.423895	19
0.423905	19
0.423916	19
0.423926	19
0.42969	19
0.4297	19
0.429738	19
0.434536	19
0.434537	19
0.436331	19
0.436339	19
0.436417	19
0.43642	19
0.440066	19
0.440066	19
0.440071	19
0.440114	19
0.440412	19
0.440421	19
0.444129	19
0.444153	19
0.444217	19
0.444217	19
0.448129	19
0.449155	19
0.449301	19
0.45041	19
0.450432	19
0.450434	19
0.450485	19
0.45273	19
0.452733	19
0.452739	19
0.452744	19
0.452847	19
0.452847	19
0.453708	19
0.45374	19
0.453763	19
0.453769	19
0.453927	19
0.453929	19
0.46139	19
0.461723	19
0.461728	19
0.464783	19
0.464811	19
0.464816	19
0.473296	19
0.473302	19
0.473379	19
0.473398	19
0.477888	19
0.484466	19
0.484467	19
0.484484	19
0.484488	19
0.484675	19
0.48468	19
0.490807	19
0.490808	19
0.490814	19
0.490815	19
0.490818	19
0.490907	19
0.490908	19
0.491935	19
0.492018	19
0.492022	19
0.493229	19
0.493858	19
0.49391	19
0.493938	19
0.498203	19
0.498213	19
0.498229	19
0.498429	19
0.498431	19
0.499413	19
0.499429	19
0.499429	19
0.504517	19
0.508098	19
0.508104	19
0.508159	19
0.508161	19
0.513097	19
0.513097	19
0.513218	19
0.513219	19
0.513314	19
0.515636	19
0.520835	19
0.520836	19
0.520902	19
0.520909	19
0.520913	19
0.528886	19
0.528888	19
0.528899	19
0.5289	19
0.528908	19
0.533199	19
0.533207	19
0.533236	19
0.539636	19
0.539637	19
0.539639	19
0.539875	19
0.544433	19
0.547013	19
0.54702	19
0.547026	19
0.550781	19
0.552808	19
0.552928	19
0.556594	19
0.556614	19
0.556617	19
0.563387	19
0.563521	19
0.592279	19
0.59228	19
0.592281	19
0.592289	19
0.592295	19
0.592298	19
0.5923	19
0.59231	19
0.592311	19
0.592404	19
0.594062	19
0.594605	19
0.599435	19
0.599473	19
0.599495	19
0.599506	19
0.59991	19
0.608917	19
0.608933	19
0.610203	19
0.610248	19
0.610251	19
0.610251	19
0.610301	19
0.612535	19
0.612588	19
0.612596	19
0.612609	19
0.616121	19
0.616211	19
0.642194	19
0.642195	19
0.642196	19
0.642199	19
0.642283	19
0.644174	19
0.644175	19
0.644183	19
0.644187	19
0.644194	19
0.650606	19
0.650607	19
0.650749	19
0.65075	19
0.663978	19
0.663988	19
0.663991	19
0.666955	19
0.667057	19
0.667058	19
0.66826	19
0.668305	19
0.668305	19
0.672137	19
0.67539	19
0.676827	19
0.676829	19
0.677488	19
0.677502	19
0.677503	19
0.677623	19
0.678242	19
0.678256	19
0.67834	19
0.681172	19
0.681235	19
0.681239	19
0.681239	19
0.696108	19
0.696109	19
0.696113	19
0.696141	19
0.696231	19
0.696231	19
0.697859	19
0.697926	19
0.698248	19
0.698249	19
0.70135	19
0.701423	19
0.701429	19
0.704475	19
0.704618	19
0.704618	19
0.704746	19
0.704755	19
0.704758	19
0.707892	19
0.707892	19
0.707899	19
0.7079	19
0.707943	19
0.708016	19
0.708019	19
0.711258	19
0.71129	19
0.711294	19
0.711299	19
0.718803	19
0.718803	19
0.718804	19
0.718804	19
0.718808	19
0.720818	19
0.720921	19
0.720922	19
0.723502	19
0.723542	19
0.723542	19
0.755585	19
0.755585	19
0.755765	19
0.755765	19
0.761906	19
0.761915	19
0.761918	19
0.764795	19
0.767615	19
0.767685	19
0.767686	19
0.795258	19
0.795258	19
0.795259	19
0.795275	19
0.795275	19
0.801464	19
0.801513	19
0.801514	19
0.801617	19
0.801623	19
0.80529	19
0.805319	19
0.80532	19
0.805515	19
0.80568	19
0.806511	19
0.806514	19
0.806527	19
0.806556	19
0.806702	19
0.806706	19
0.816089	19
0.819681	19
0.81976	19
0.819875	19
0.819875	19
0.82107	19
0.821108	19
0.821109	19
0.831094	19
0.831111	19
0.831113	19
0.840119	19
0.840133	19
0.840135	19
0.855224	19
0.855224	19
0.855224	19
0.855236	19
0.855236	19
0.855238	19
0.855247	19
0.856204	19
0.85622	19
0.856222	19
0.865929	19
0.865941	19
0.865945	19
0.866682	19
0.866716	19
0.866718	19
0.86815	19
0.868331	19
0.868337	19
0.870416	19
0.870434	19
0.870445	19
0.870446	19
0.877578	19
0.877643	19
0.877649	19
0.91829	19
0.91829	19
0.91829	19
0.918294	19
0.918317	19
0.918319	19
0.928261	19
0.928262	19
0.928262	19
0.928268	19
0.928276	19
0.93029	19
0.930303	19
0.930308	19
0.931252	19
0.931276	19
0.931289	19
0.931938	19
0.93196	19
0.940925	19
0.940926	19
0.940945	19
0.940946	19
0.944605	19
0.94492	19
0.944923	19
0.952457	19
0.952561	19
0.952563	19
0.955578	19
0.958866	19
0.958874	19
0.958933	19
0.963603	19
0.96361	19
0.963611	19
0.96363	19
0.96363	19
0.963755	19
0.963761	19
0.963792	19
0.963793	19
0.968393	19
0.968393	19
0.96845	19
0.968451	19
0.968499	19
0.968519	19
0.969481	19
0.979715	19
0.979724	19
0.979726	19
0.979734	19
0.979841	19
0.979842	19
0.979846	19
0.984969	19
0.984971	19
0.984977	19
0.985969	19
0.989602	19
0.989604	19
0.989605	19
1.01813	19
1.01813	19
1.01813	19
1.01815	19
1.01815	19
1.01816	19
1.02071	19
1.02599	19
1.02608	19
1.02608	19
1.02688	19
1.02734	19
1.02735	19
1.0274	19
1.03658	19
1.03658	19
1.03658	19
1.03678	19
1.03678	19
1.03703	19
1.03706	19
1.03707	19
1.03723	19
1.04465	19
1.04465	19
1.05089	19
1.05091	19
1.05092	19
1.0511	19
1.0545	19
1.05463	19
1.05463	19
1.05467	19
1.06519	19
1.06519	19
1.06519	19
1.06571	19
1.06787	19
1.06793	19
1.07254	19
1.07257	19
1.07257	19
1.07262	19
1.07262	19
1.07262	19
1.07265	19
1.07266	19
1.07288	19
1.07609	19
1.0761	19
1.07629	19
1.07685	19
1.07744	19
1.07745	19
1.07763	19
1.07763	19
1.07807	19
1.07816	19
1.07818	19
1.08947	19
1.08954	19
1.08955	19
1.08956	19
1.09025	19
1.09252	19
1.09256	19
1.09258	19
1.09261	19
1.09265	19
1.09265	19
1.09267	19
1.10066	19
1.10067	19
1.10068	19
1.10069	19
1.10072	19
1.10073	19
1.10073	19
1.11574	19
1.11574	19
1.11574	19
1.11622	19
1.11624	19
1.11636	19
1.11636	19
1.11653	19
1.12575	19
1.12874	19
1.12882	19
1.12885	19
1.12936	19
1.12961	19
1.12962	19
1.14614	19
1.14617	19
1.14622	19
1.14623	19
1.14826	19
1.14827	19
1.1483	19
1.14831	19
1.1499	19
1.14998	19
1.14999	19
1.15541	19
1.15574	19
1.16297	19
1.163	19
1.163	19
1.16311	19
1.164	19
1.16401	19
1.16401	19
1.16405	19
1.16405	19
1.16869	19
1.16937	19
1.16937	19
1.17465	19
1.17465	19
1.17466	19
1.18613	19
1.18613	19
1.1862	19
1.18622	19
1.18622	19
1.18676	19
1.18874	19
1.18877	19
1.21503	19
1.21503	19
1.21503	19
1.21504	19
1.21512	19
1.21512	19
1.22094	19
1.22094	19
1.22102	19
1.22102	19
1.22266	19
1.22268	19
1.22269	19
1.23499	19
1.23501	19
1.23502	19
1.23966	19
1.23973	19
1.23973	19
1.2534	19
1.25362	19
1.25362	19
1.25365	19
1.25369	19
1.25369	19
1.26112	19
1.27042	19
1.27042	19
1.27044	19
1.27046	19
1.27046	19
1.27159	19
1.27162	19
1.27162	19
1.27569	19
1.27573	19
1.27573	19
1.28183	19
1.28185	19
1.2819	19
1.2819	19
1.28656	19
1.28662	19
1.28663	19
1.28797	19
1.28815	19
1.28815	19
1.29515	19
1.29515	19
1.29515	19
1.303	19
1.30585	19
1.30589	19
1.30597	19
1.30597	19
1.30899	19
1.30899	19
1.309	19
1.309	19
1.31387	19
1.3164	19
1.31641	19
1.31641	19
1.31925	19
1.31925	19
1.31938	19
1.32764	19
1.32764	19
1.32766	19
1.32767	19
1.32767	19
1.32775	19
1.32777	19
1.32777	19
1.33039	19
1.33041	19
1.33042	19
1.33214	19
1.33214	19
1.33225	19
1.33225	19
1.33872	19
1.34205	19
1.34225	19
1.3496	19
1.34961	19
1.34961	19
1.34972	19
1.34972	19
1.35136	19
1.35137	19
1.35138	19
1.35139	19
1.35142	19
1.3515	19
1.35151	19
1.35179	19
1.36302	19
1.36312	19
1.3729	19
1.3729	19
1.37291	19
1.37293	19
1.37293	19
1.37797	19
1.37797	19
1.38183	19
1.38183	19
1.38185	19
1.38208	19
1.38208	19
1.38311	19
1.38315	19
1.38322	19
1.38322	19
1.38399	19
1.38405	19
1.38411	19
1.38411	19
1.38526	19
1.38527	19
1.38527	19
1.38701	19
1.38728	19
1.38728	19
1.38954	19
1.38955	19
1.38955	19
1.39068	19
1.39071	19
1.39071	19
1.39372	19
1.39384	19
1.39384	19
1.39935	19
1.39937	19
1.39937	19
1.40185	19
1.40187	19
1.40187	19
1.41175	19
1.41203	19
1.41203	19
1.42362	19
1.42362	19
1.42367	19
1.42368	19
1.42473	19
1.42483	19
1.42483	19
1.44884	19
1.44884	19
1.44884	19
1.44887	19
1.44888	19
1.45397	19
1.45408	19
1.45408	19
1.45874	19
1.45881	19
1.45881	19
1.46217	19
1.46218	19
1.46219	19
1.4682	19
1.46832	19
1.46832	19
1.47799	19
1.47799	19
1.47801	19
1.47802	19
1.4907	19
1.49074	19
1.49075	19
1.49075	19
1.49786	19
1.50494	19
1.50495	19
1.50495	19
1.50595	19
1.50596	19
1.50596	19
1.50611	19
1.50611	19
1.50635	19
1.50636	19
1.50637	19
1.50904	19
1.5093	19
1.5093	19
1.51125	19
1.5113	19
1.51147	19
1.51148	19
1.52889	19
1.52893	19
1.52893	19
1.52894	19
1.52894	19
1.53568	19
1.53577	19
1.53581	19
1.53581	19
1.54152	19
1.54153	19
1.54181	19
1.54182	19
1.54257	19
1.54287	19
1.54287	19
1.547	19
1.54713	19
1.54717	19
1.54717	19
1.56157	19
1.56158	19
1.5616	19
1.56161	19
1.56564	19
1.57826	19
1.57833	19
1.57837	19
1.57837	19
1.58365	19
1.58368	19
1.58368	19
1.58368	19
1.58683	19
1.58683	19
1.58685	19
1.58685	19
1.58991	19
1.58991	19
1.58994	19
1.58994	19
1.59658	19
1.59665	19
1.59678	19
1.59679	19
1.60493	19
1.60493	19
1.60604	19
1.60604	19
1.62892	19
1.629	19
1.62901	19
1.62906	19
1.62906	19
1.6327	19
1.63281	19
1.63282	19
1.6468	19
1.64707	19
1.64707	19
1.65024	19
1.65027	19
1.65027	19
1.65665	19
1.65665	19
1.65673	19
1.65673	19
1.65944	19
1.65946	19
1.65948	19
1.65948	19
1.66179	19
1.66282	19
1.66284	19
1.66378	19
1.66386	19
1.66386	19
1.67168	19
1.67186	19
1.67186	19
1.67267	19
1.67269	19
1.67271	19
1.67272	19
1.67604	19
1.67609	19
1.67609	19
1.67684	19
1.68709	19
1.68709	19
1.6871	19
1.68711	19
1.69093	19
1.69093	19
1.69094	19
1.69104	19
1.69104	19
1.71986	19
1.71986	19
1.71987	19
1.71991	19
1.71992	19
1.71993	19
1.72188	19
1.72198	19
1.72198	19
1.72413	19
1.72417	19
1.72417	19
1.7288	19
1.72883	19
1.72884	19
1.7461	19
1.7461	19
1.74625	19
1.74626	19
1.74668	19
1.74674	19
1.74674	19
1.74959	19
1.7496	19
1.7496	19
1.75362	19
1.76075	19
1.76077	19
1.76357	19
1.76358	19
1.76362	19
1.76362	19
1.76378	19
1.76847	19
1.76848	19
1.7715	19
1.77161	19
1.77891	19
1.77894	19
1.77894	19
1.77899	19
1.77899	19
1.77904	19
1.77905	19
1.78117	19
1.78121	19
1.78121	19
1.79038	19
1.79185	19
1.79186	19
1.80762	19
1.80762	19
1.80763	19
1.80779	19
1.80781	19
1.81567	19
1.81649	19
1.81713	19
1.81713	19
1.81714	19
1.8181	19
1.81814	19
1.81814	19
1.81821	19
1.81822	19
1.82083	19
1.82088	19
1.82097	19
1.82101	19
1.82372	19
1.82375	19
1.82377	19
1.82424	19
1.82426	19
1.82426	19
1.82724	19
1.82729	19
1.82729	19
1.82856	19
1.82866	19
1.82868	19
1.83107	19
1.83108	19
1.83113	19
1.83297	19
1.83307	19
1.83308	19
1.83847	19
1.83852	19
1.83854	19
1.83871	19
1.83931	19
1.83932	19
1.83937	19
1.83947	19
1.83947	19
1.83947	19
1.83953	19
1.83954	19
1.8406	19
1.84061	19
1.84061	19
1.84217	19
1.85007	19
1.85011	19
1.85011	19
1.85017	19
1.85025	19
1.85703	19
1.85703	19
1.85703	19
1.85704	19
1.85712	19
1.86004	19
1.86005	19
1.86012	19
1.86033	19
1.86565	19
1.86566	19
1.86574	19
1.86631	19
1.87104	19
1.87105	19
1.87108	19
1.87493	19
1.88227	19
1.88227	19
1.88249	19
1.88249	19
1.88249	19
1.89016	19
1.89016	19
1.89017	19
1.89032	19
1.8935	19
1.8935	19
1.89353	19
1.91021	19
1.91022	19
1.91025	19
1.912	19
1.912	19
1.912	19
1.91207	19
2.06625	19
2.06625	19
2.06625	19
2.06833	19
2.07312	19
2.08469	19
2.08477	19
2.08477	19
2.08478	19
2.10669	19
2.10669	19
2.10679	19
2.1068	19
2.10682	19
2.11522	19
2.11549	19
2.11558	19
2.11559	19
2.12874	19
2.12875	19
2.12875	19
2.12889	19
2.13093	19
2.13093	19
2.13102	19
2.13836	19
2.13837	19
2.13841	19
2.13841	19
2.13848	19
2.16263	19
2.16263	19
2.16264	19
2.16277	19
2.16765	19
2.16765	19
2.16765	19
2.17404	19
2.17404	19
2.1741	19
2.17412	19
2.17412	19
2.17422	19
2.17992	19
2.17992	19
2.17993	19
2.18447	19
2.18447	19
2.18452	19
2.1874	19
2.18743	19
2.18743	19
2.18746	19
2.19195	19
2.19195	19
2.19201	19
2.20223	19
2.21366	19
2.21367	19
2.21367	19
2.22281	19
2.22282	19
2.22283	19
2.22284	19
2.22308	19
2.23385	19
2.23385	19
2.23386	19
2.23487	19
2.23847	19
2.24274	19
2.24275	19
2.24275	19
2.24275	19
2.24567	19
2.24568	19
2.24569	19
2.26858	19
2.26858	19
2.26861	19
2.26862	19
2.26864	19
2.2727	19
2.27278	19
2.27279	19
2.27282	19
2.27445	19
2.27445	19
2.2745	19
2.27942	19
2.27942	19
2.27942	19
2.27944	19
2.28065	19
2.28627	19
2.28629	19
2.28629	19
2.2863	19
2.28843	19
2.28844	19
2.28848	19
2.30254	19
2.30255	19
2.30255	19
2.31598	19
2.32426	19
2.32428	19
2.32435	19
2.32435	19
2.32932	19
2.32935	19
2.32935	19
2.34021	19
2.34054	19
2.34054	19
2.34194	19
2.34237	19
2.34242	19
2.34244	19
2.34244	19
2.34245	19
2.34476	19
2.34477	19
2.3448	19
2.35548	19
2.35548	19
2.35553	19
2.37136	19
2.37138	19
2.37138	19
2.37142	19
2.37202	19
2.37204	19
2.37204	19
2.37423	19
2.37425	19
2.37425	19
2.37444	19
2.37445	19
2.37445	19
2.38198	19
2.38452	19
2.38458	19
2.38458	19
2.38468	19
2.38631	19
2.38631	19
2.38631	19
2.38639	19
2.38736	19
2.38737	19
2.38739	19
2.3874	19
2.40344	19
2.41083	19
2.41085	19
2.41085	19
2.41086	19
2.42031	19
2.42031	19
2.42031	19
2.42031	19
2.42334	19
2.42334	19
2.42352	19
2.42874	19
2.42875	19
2.4288	19
2.43523	19
2.43532	19
2.43533	19
2.43533	19
2.44408	19
2.44408	19
2.4441	19
2.4441	19
2.44419	19
2.46332	19
2.46333	19
2.46341	19
2.46608	19
2.46608	19
2.46609	19
2.46611	19
2.4669	19
2.46691	19
2.46693	19
2.46698	19
2.46822	19
2.46823	19
2.47235	19
2.47244	19
2.47244	19
2.47246	19
2.47258	19
2.47259	19
2.4726	19
2.47408	19
2.47409	19
2.47409	19
2.47424	19
2.47426	19
2.47625	19
2.47634	19
2.47636	19
2.47638	19
2.4764	19
2.47646	19
2.47653	19
2.48023	19
2.48023	19
2.48025	19
2.48025	19
2.48443	19
2.48468	19
2.48471	19
2.48474	19
2.49029	19
2.49154	19
2.49156	19
2.49157	19
2.50938	19
2.50945	19
2.50957	19
2.5096	19
2.51339	19
2.51339	19
2.51341	19
2.52331	19
2.52339	19
2.52342	19
2.52504	19
2.52515	19
2.52516	19
2.53184	19
2.53186	19
2.53198	19
2.532	19
2.53286	19
2.53298	19
2.53303	19
2.53386	19
2.53683	19
2.53689	19
2.53689	19
2.53691	19
2.53691	19
2.54203	19
2.54212	19
2.54215	19
2.54555	19
2.54559	19
2.54566	19
2.54572	19
2.54617	19
2.54622	19
2.54626	19
2.54626	19
2.54979	19
2.5498	19
2.54991	19
2.55904	19
2.55905	19
2.55907	19
2.55908	19
2.56329	19
2.56329	19
2.56329	19
2.56335	19
2.56468	19
2.5648	19
2.56483	19
2.57939	19
2.57944	19
2.57963	19
2.58645	19
2.58653	19
2.58662	19
2.58669	19
2.59658	19
2.59659	19
2.59673	19
2.61027	19
2.61028	19
2.61032	19
2.61032	19
2.61618	19
2.61625	19
2.61626	19
2.63548	19
2.63548	19
2.63562	19
2.63562	19
2.64292	19
2.64301	19
2.64301	19
2.64528	19
2.64532	19
2.64532	19
2.65268	19
2.65289	19
2.65289	19
2.65346	19
2.65349	19
2.65349	19
2.65515	19
2.66104	19
2.66108	19
2.66195	19
2.66195	19
2.66195	19
2.67485	19
2.67486	19
2.6749	19
2.675	19
2.675	19
2.67811	19
2.67817	19
2.67817	19
2.69208	19
2.69209	19
2.69213	19
2.69221	19
2.69222	19
2.6938	19
2.6938	19
2.69389	19
2.69389	19
2.70477	19
2.70489	19
2.70489	19
2.70904	19
2.70907	19
2.70908	19
2.70908	19
2.72063	19
2.72064	19
2.72066	19
2.72066	19
2.72227	19
2.72227	19
2.72227	19
2.72967	19
2.72967	19
2.72975	19
2.72975	19
2.7496	19
2.74968	19
2.74968	19
2.76124	19
2.76124	19
2.76126	19
2.76126	19
2.76204	19
2.76547	19
2.76556	19
2.78946	19
2.78946	19
2.78947	19
2.78968	19
2.78968	19
2.79149	19
2.79154	19
2.79154	19
2.79197	19
2.79201	19
2.79201	19
2.79622	19
2.79623	19
2.79623	19
2.8163	19
2.8163	19
2.81636	19
2.81638	19
2.81638	19
2.81917	19
2.8192	19
2.8192	19
2.84434	19
2.84434	19
2.84443	19
2.84443	19
2.85617	19
2.85627	19
2.85627	19
2.87543	19
2.87855	19
2.87855	19
2.90669	19
2.90669	19
2.90675	19
2.90688	19
2.90688	19
2.9069	19
2.92925	19
2.92941	19
2.92941	19
2.93168	19
2.93169	19
2.9317	19
2.93538	19
2.93887	19
2.93888	19
2.93888	19
2.93891	19
2.93891	19
2.95665	19
2.96165	19
2.96166	19
2.96171	19
2.96171	19
2.96582	19
2.96586	19
2.96586	19
2.99253	19
2.99253	19
2.99304	19
2.99305	19
2.99306	19
2.99306	19
2.99315	19
2.99321	19
2.99321	19
2.99775	19
2.99781	19
2.99782	19
2.99951	19
3.00029	19
3.00461	19
3.00471	19
3.00477	19
3.00688	19
3.00688	19
3.00692	19
3.00697	19
3.00697	19
3.01441	19
3.01586	19
3.01586	19
3.01588	19
3.01588	19
3.02479	19
3.02487	19
3.02487	19
3.03608	19
3.03609	19
3.03609	19
3.04706	19
3.04718	19
3.04719	19
3.05652	19
3.1024	19
3.10241	19
3.10245	19
3.1025	19
3.10251	19
3.10436	19
3.10442	19
3.10442	19
3.10494	19
3.10496	19
3.10497	19
3.11362	19
3.11369	19
3.1137	19
3.12903	19
3.12903	19
3.12903	19
3.12904	19
3.13026	19
3.13027	19
3.13031	19
3.13031	19
3.1358	19
3.13649	19
3.13789	19
3.13789	19
3.13832	19
3.13839	19
3.13839	19
3.13869	19
3.1387	19
3.13877	19
3.13877	19
3.14388	19
3.14391	19
3.14391	19
3.14428	19
3.14433	19
3.14442	19
3.14442	19
3.14689	19
3.1472	19
3.1472	19
3.14951	19
3.14967	19
3.14967	19
3.15053	19
3.15055	19
3.15055	19
3.15713	19
3.15717	19
3.15718	19
3.16385	19
3.16398	19
3.16398	19
3.16977	19
3.16977	19
3.16977	19
3.16978	19
3.17195	19
3.17197	19
3.172	19
3.172	19
3.17319	19
3.17321	19
3.17325	19
3.17325	19
3.17388	19
3.17392	19
3.17392	19
3.17597	19
3.17597	19
3.17597	19
3.19016	19
3.19031	19
3.19031	19
3.22172	19
3.22173	19
3.22173	19
3.22175	19
3.22175	19
3.23833	19
3.23834	19
3.23834	19
3.24093	19
3.24101	19
3.24105	19
3.24106	19
3.24676	19
3.24681	19
3.24682	19
3.24683	19
3.24948	19
3.24951	19
3.24952	19
3.25077	19
3.25078	19
3.25079	19
3.25313	19
3.25315	19
3.25315	19
3.25652	19
3.25659	19
3.25659	19
3.28197	19
3.28628	19
3.28634	19
3.28638	19
3.28638	19
3.29431	19
3.29432	19
3.29437	19
3.29437	19
3.29788	19
3.29788	19
3.29789	19
3.2979	19
3.31059	19
3.31061	19
3.31061	19
3.31769	19
3.3177	19
3.31779	19
3.31779	19
3.31989	19
3.32074	19
3.32077	19
3.32098	19
3.32099	19
3.32184	19
3.32186	19
3.32186	19
3.32957	19
3.32962	19
3.32964	19
3.81951	19
3.81951	19
3.82111	19
3.82114	19
3.82115	19
3.82371	19
3.82421	19
3.82421	19
3.82466	19
3.82489	19
3.82489	19
3.82719	19
3.82728	19
3.82728	19
3.83138	19
3.83142	19
3.83143	19
3.83229	19
3.83231	19
3.83231	19
3.8335	19
3.83358	19
3.83358	19
3.84637	19
3.84645	19
3.84646	19
3.86852	19
3.86852	19
3.86859	19
3.86859	19
3.87567	19
3.87567	19
3.87567	19
3.87996	19
3.88822	19
3.88823	19
3.88823	19
3.88824	19
3.88824	19
3.89174	19
3.89185	19
3.89186	19
3.89577	19
3.8958	19
3.89581	19
3.89581	19
3.90344	19
3.90347	19
3.90349	19
3.90349	19
3.91713	19
3.91718	19
3.91719	19
3.918	19
3.91801	19
3.91802	19
3.91857	19
3.91866	19
3.91866	19
3.92282	19
3.92285	19
3.92285	19
3.93697	19
3.93892	19
3.93897	19
3.939	19
3.95309	19
3.95309	19
3.95309	19
3.95311	19
3.95312	19
3.95632	19
3.95635	19
3.95635	19
4.04406	19
4.04406	19
4.04846	19
4.04847	19
4.04853	19
4.04995	19
4.04995	19
4.0521	19
4.05231	19
4.05233	19
4.06104	19
4.06109	19
4.06109	19
4.08896	19
4.0891	19
4.0891	19
4.1061	19
4.1063	19
4.1063	19
4.11512	19
4.11518	19
4.11518	19
4.11746	19
4.11753	19
4.11753	19
4.12225	19
4.12233	19
4.12234	19
4.12235	19
4.12604	19
4.12605	19
4.12605	19
4.13249	19
4.1325	19
4.13252	19
4.13252	19
4.14497	19
4.14499	19
4.145	19
4.14503	19
4.14503	19
4.1945	19
4.1945	19
4.19465	19
4.19465	19
4.22101	19
4.22108	19
4.22108	19
4.22878	19
4.28616	19
4.28616	19
4.28617	19
4.28632	19
4.28632	19
4.28653	19
4.289	19
4.28904	19
4.30338	19
4.30343	19
4.30345	19
4.3036	19
4.30361	19
4.31151	19
4.31163	19
4.31163	19
4.31558	19
4.31575	19
4.31575	19
4.3201	19
4.3277	19
4.32772	19
4.32773	19
4.34078	19
4.3408	19
4.3408	19
4.34082	19
4.34082	19
4.34338	19
4.34338	19
4.34339	19
4.35087	19
4.38067	19
4.38073	19
4.40336	19
4.40337	19
4.40337	19
4.40338	19
4.40338	19
4.41191	19
4.41204	19
4.41204	19
4.42005	19
4.42012	19
4.42012	19
4.42258	19
4.42262	19
4.42262	19
4.42784	19
4.42785	19
4.42788	19
4.42789	19
4.42848	19
4.42851	19
4.42852	19
4.42852	19
4.43437	19
4.43438	19
4.43439	19
4.44328	19
4.44328	19
4.44329	19
4.44329	19
4.44394	19
4.45095	19
4.45106	19
4.45332	19
4.45333	19
4.45334	19
4.45335	19
4.45336	19
4.47581	19
4.47581	19
4.47582	19
4.47582	19
4.48082	19
4.48865	19
4.48866	19
4.48868	19
4.48868	19
4.50415	19
4.50416	19
4.50416	19
4.50574	19
4.51168	19
4.51184	19
4.51185	19
4.51191	19
4.51192	19
4.51193	19
4.51193	19
4.51467	19
4.5147	19
4.51471	19
4.52572	19
4.52576	19
4.52598	19
4.52598	19
4.52741	19
4.52741	19
4.52744	19
4.52745	19
4.5459	19
4.5459	19
4.5459	19
4.54613	19
4.54613	19
4.54975	19
4.55629	19
4.55642	19
4.5788	19
4.57884	19
4.57884	19
4.57887	19
4.57888	19
4.57943	19
4.57946	19
4.5795	19
4.5795	19
4.58285	19
4.58293	19
4.58293	19
4.59568	19
4.59574	19
4.59585	19
4.59585	19
4.60815	19
4.60818	19
4.60818	19
4.62245	19
4.62252	19
4.62253	19
4.63246	19
4.63246	19
4.63248	19
4.63248	19
4.64736	19
4.64737	19
4.64737	19
4.65194	19
4.65195	19
4.65196	19
4.67631	19
4.67631	19
4.67636	19
4.67637	19
4.68712	19
4.6908	19
4.69082	19
4.69082	19
4.69087	19
4.69087	19
4.69773	19
4.69774	19
4.69775	19
4.75406	19
4.75406	19
4.75406	19
4.75415	19
4.75416	19
4.75585	19
4.76646	19
4.76683	19
4.7692	19
4.76924	19
4.76924	19
4.7694	19
4.7694	19
4.77025	19
4.77131	19
4.77133	19
4.77274	19
4.77275	19
4.77275	19
4.77277	19
4.77277	19
4.78437	19
4.78449	19
4.7845	19
4.79247	19
4.79249	19
4.79253	19
4.79254	19
4.7959	19
4.80051	19
4.80056	19
4.80135	19
4.80135	19
4.80143	19
4.80143	19
4.80152	19
4.80153	19
4.80318	19
4.81103	19
4.81105	19
4.81105	19
4.81115	19
4.81116	19
4.81152	19
4.81159	19
4.8116	19
4.81249	19
4.81261	19
4.81261	19
4.81262	19
4.81996	19
4.84908	19
4.84913	19
4.84915	19
4.84915	19
4.8493	19
4.8493	19
4.88597	19
4.88597	19
4.88602	19
4.88603	19
4.88814	19
4.88817	19
4.88821	19
4.88821	19
4.88906	19
4.88907	19
4.88908	19
4.89018	19
4.89031	19
4.89037	19
4.89037	19
4.9142	19
4.91473	19
4.91477	19
4.91927	19
4.91929	19
4.91929	19
4.91929	19
4.9193	19
4.9248	19
4.92482	19
4.94033	19
4.94045	19
4.94045	19
4.94056	19
4.94056	19
4.94063	19
4.94082	19
4.94082	19
4.99187	19
4.99187	19
4.99193	19
4.99193	19
4.99369	19
4.99373	19
4.99373	19
4.99726	19
4.99727	19
4.99727	19
4.99851	19
5.00033	19
5.00037	19
5.00041	19
5.00042	19
5.00642	19
5.00647	19
5.0065	19
5.00651	19
5.01538	19
5.01538	19
5.01548	19
5.01548	19
5.01864	19
5.01864	19
5.01865	19
5.02404	19
5.02412	19
5.02421	19
5.02423	19
5.03348	19
5.03578	19
5.0358	19
5.03585	19
5.03585	19
5.04243	19
5.04263	19
5.04263	19
5.06631	19
5.06631	19
5.06648	19
5.06649	19
5.08359	19
5.08359	19
5.08359	19
5.0836	19
5.09826	19
5.09842	19
5.09843	19
5.1066	19
5.11125	19
5.11127	19
5.11132	19
5.11133	19
5.12038	19
5.12039	19
5.12041	19
5.12042	19
5.13108	19
5.1311	19
5.1312	19
5.13122	19
5.13148	19
5.13159	19
5.1316	19
5.13217	19
5.13218	19
5.13218	19
5.13529	19
5.14809	19
5.14838	19
5.16724	19
5.16729	19
5.16729	19
5.16735	19
5.16735	19
5.18623	19
5.1964	19
5.19647	19
5.21252	19
5.21252	19
5.21252	19
5.21258	19
5.21259	19
5.23682	19
5.23683	19
5.23683	19
5.23695	19
5.23695	19
5.23803	19
5.23826	19
5.23828	19
5.23876	19
5.23878	19
5.23881	19
5.24379	19
5.24383	19
5.24383	19
5.24574	19
5.24852	19
5.24855	19
5.24862	19
5.24862	19
5.25501	19
5.25506	19
5.25507	19
5.25902	19
5.25912	19
5.25913	19
5.26032	19
5.26972	19
5.2698	19
5.28438	19
5.28438	19
5.28439	19
5.2844	19
5.2844	19
5.2984	19
5.29846	19
5.29846	19
5.29846	19
5.30525	19
5.30528	19
5.3053	19
5.30769	19
5.30771	19
5.30773	19
5.33419	19
5.3342	19
5.33434	19
5.33434	19
5.33523	19
5.33524	19
5.3353	19
5.33531	19
5.33737	19
5.33743	19
5.33744	19
5.34875	19
5.34877	19
5.34877	19
5.3537	19
5.35371	19
5.35371	19
5.35372	19
5.37083	19
5.37088	19
5.37089	19
5.38399	19
5.38411	19
5.38413	19
5.38463	19
5.38464	19
5.38467	19
5.38467	19
5.38914	19
5.38917	19
5.3892	19
5.38921	19
5.39535	19
5.39537	19
5.39539	19
5.3954	19
5.40302	19
5.40303	19
5.40304	19
5.40809	19
5.41048	19
5.41063	19
5.41064	19
5.41264	19
5.41266	19
5.41276	19
5.41278	19
5.41279	19
5.41859	19
5.41859	19
5.41861	19
5.42177	19
5.42213	19
5.42213	19
5.42353	19
5.42364	19
5.42365	19
5.44323	19
5.44337	19
5.44339	19
5.44339	19
5.45635	19
5.45643	19
5.45644	19
5.46055	19
5.46055	19
5.46056	19
5.46056	19
5.46624	19
5.46625	19
5.46625	19
5.46626	19
5.46626	19
5.47346	19
5.47353	19
5.47353	19
5.47769	19
5.47771	19
5.47771	19
5.49066	19
5.49077	19
5.49079	19
5.51908	19
5.51909	19
5.51919	19
5.5192	19
5.52821	19
5.5283	19
5.5283	19
5.54749	19
5.54753	19
5.54755	19
5.56396	19
5.56398	19
5.56398	19
5.56404	19
5.56405	19
5.57966	19
5.57967	19
5.57967	19
5.57967	19
5.58866	19
5.62677	19
5.62678	19
5.62678	19
5.62681	19
5.62682	19
5.62847	19
5.62848	19
5.62848	19
5.63617	19
5.63976	19
5.63986	19
5.63986	19
5.63986	19
5.63987	19
5.6434	19
5.6434	19
5.64341	19
5.65036	19
5.65039	19
5.65039	19
5.65043	19
5.65048	19
5.65048	19
5.65074	19
5.65078	19
5.65079	19
5.6629	19
5.66292	19
5.66292	19
5.66496	19
5.66501	19
5.66501	19
5.66501	19
5.67732	19
5.67737	19
5.67737	19
5.6859	19
5.68593	19
5.68594	19
5.70481	19
5.70481	19
5.70482	19
5.70482	19
5.71217	19
5.71218	19
5.71218	19
5.71226	19
5.71227	19
5.73497	19
5.73717	19
5.73718	19
5.74381	19
5.74381	19
5.74384	19
5.74385	19
5.74669	19
5.74671	19
5.74671	19
5.76085	19
5.76093	19
5.76094	19
5.76959	19
5.7696	19
5.7696	19
5.80469	19
5.8047	19
5.80724	19
5.80727	19
5.80727	19
5.8073	19
5.80732	19
5.81144	19
5.81145	19
5.81147	19
5.82052	19
5.82055	19
5.82057	19
5.82154	19
5.82163	19
5.82164	19
5.82541	19
5.82542	19
5.82543	19
5.82602	19
5.82612	19
5.82613	19
5.82778	19
5.82781	19
5.82785	19
5.83179	19
5.83181	19
5.83182	19
5.84681	19
5.84681	19
5.85137	19
5.8514	19
5.85142	19
5.85143	19
5.85143	19
5.85216	19
5.85224	19
5.85225	19
5.85289	19
5.8529	19
5.85293	19
5.85669	19
5.85952	19
5.85953	19
5.85953	19
5.86143	19
5.86144	19
5.86565	19
5.86571	19
5.86571	19
5.86621	19
5.86623	19
5.86624	19
5.86624	19
5.86846	19
5.86848	19
5.86849	19
5.86849	19
5.87229	19
5.87235	19
5.87245	19
5.87249	19
5.87691	19
5.87699	19
5.87706	19
5.87707	19
5.88097	19
5.88097	19
5.88097	19
5.88099	19
5.88775	19
5.88965	19
5.88976	19
5.88995	19
5.88996	19
5.89385	19
5.89385	19
5.89386	19
5.8939	19
5.89392	19
5.90464	19
5.91522	19
5.91529	19
5.91531	19
5.91531	19
5.9161	19
5.91612	19
5.91612	19
5.92022	19
5.94105	19
5.94106	19
5.94112	19
5.94114	19
5.94496	19
5.94499	19
5.94499	19
5.94509	19
5.9451	19
5.94648	19
5.94653	19
5.94656	19
5.94656	19
5.961	19
5.96126	19
5.96128	19
5.99152	19
5.99161	19
5.99164	19
6.00604	19
6.00641	19
6.00642	19
6.01045	19
6.01051	19
6.01052	19
6.0168	19
6.0168	19
6.01687	19
6.0169	19
6.02142	19
6.02145	19
6.02147	19
6.0232	19
6.02324	19
6.02326	19
6.02328	19
6.02329	19
6.03874	19
6.03876	19
6.0388	19
6.03881	19
6.05205	19
6.05217	19
6.05228	19
6.05229	19
6.0554	19
6.05542	19
6.05545	19
6.05546	19
6.06086	19
6.06097	19
6.06097	19
6.0614	19
6.06141	19
6.06142	19
6.36521	19
6.36736	19
6.36736	19
6.36806	19
6.36807	19
6.37556	19
6.38382	19
6.39375	19
6.39376	19
6.39377	19
6.39378	19
6.39379	19
6.39382	19
6.39387	19
6.3956	19
6.39566	19
6.39572	19
6.39573	19
6.40322	19
6.40325	19
6.40338	19
6.40339	19
6.40503	19
6.40514	19
6.40524	19
6.40526	19
6.41728	19
6.41729	19
6.41732	19
6.41736	19
6.41784	19
6.41788	19
6.41795	19
6.418	19
6.4202	19
6.42021	19
6.42052	19
6.42053	19
6.42621	19
6.42625	19
6.42626	19
6.42698	19
6.42703	19
6.42704	19
6.43357	19
6.44407	19
6.44412	19
6.44785	19
6.44785	19
6.44787	19
6.44793	19
6.44795	19
6.45872	19
6.4603	19
6.46037	19
6.4611	19
6.46114	19
6.46115	19
6.46361	19
6.46365	19
6.46366	19
6.46377	19
6.46377	19
6.48135	19
6.48136	19
6.4814	19
6.48141	19
6.48502	19
6.4888	19
6.48883	19
6.4942	19
6.49422	19
6.49423	19
6.49424	19
6.49427	19
6.49987	19
6.49998	19
6.50001	19
6.50344	19
6.50347	19
6.50355	19
6.50357	19
6.5221	19
6.52211	19
6.52214	19
6.5222	19
6.5257	19
6.52576	19
6.52583	19
6.52583	19
6.53092	19
6.53103	19
6.53103	19
6.54024	19
6.54028	19
6.54043	19
6.5518	19
6.55184	19
6.55192	19
6.552	19
6.55202	19
6.56356	19
6.56363	19
6.56363	19
6.57749	19
6.57763	19
6.57764	19
6.57766	19
6.58023	19
6.58032	19
6.58034	19
6.58038	19
6.59412	19
6.59414	19
6.59414	19
6.60479	19
6.60485	19
6.60488	19
6.60488	19
6.60915	19
6.60918	19
6.60932	19
6.60932	19
6.6149	19
6.61492	19
6.61502	19
6.61502	19
6.61824	19
6.61824	19
6.61832	19
6.61834	19
6.63334	19
6.63335	19
6.63336	19
6.63337	19
6.63884	19
6.63888	19
6.63895	19
6.64317	19
6.64346	19
6.64348	19
6.66122	19
6.66123	19
6.66123	19
6.66746	19
6.66746	19
6.66749	19
6.66751	19
6.69298	19
6.69298	19
6.69298	19
6.69299	19
6.69539	19
6.69542	19
6.69544	19
6.69545	19
6.71108	19
6.71111	19
6.71123	19
6.71124	19
6.7221	19
6.72224	19
6.72225	19
6.73604	19
6.73605	19
6.73608	19
6.73613	19
6.73613	19
6.73614	19
6.73618	19
6.74921	19
6.74922	19
6.74926	19
6.74926	19
6.75249	19
6.75253	19
6.75255	19
6.75274	19
6.75278	19
6.75279	19
6.75279	19
6.76583	19
6.76589	19
6.7659	19
6.76601	19
6.7722	19
6.77633	19
6.78201	19
6.78205	19
6.78206	19
6.78207	19
6.78211	19
6.78313	19
6.78315	19
6.78316	19
6.82278	19
6.8228	19
6.82288	19
6.82553	19
6.82555	19
6.82556	19
6.82557	19
6.82614	19
6.82616	19
6.8262	19
6.82623	19
6.82817	19
6.82817	19
6.82821	19
6.83841	19
6.83905	19
6.83908	19
6.8391	19
6.8391	19
6.83917	19
6.84516	19
6.8452	19
6.84529	19
6.84536	19
6.84657	19
6.84659	19
6.84671	19
6.84674	19
6.86004	19
6.86006	19
6.86008	19
6.8601	19
6.86377	19
6.86378	19
6.86387	19
6.86387	19
6.86771	19
6.86772	19
6.86776	19
6.87429	19
6.90511	19
6.90512	19
6.90512	19
6.90534	19
6.90536	19
6.90987	19
6.91007	19
6.9101	19
6.91337	19
6.9134	19
6.91344	19
6.91345	19
6.92393	19
6.92397	19
6.92397	19
6.92515	19
6.92551	19
6.92563	19
6.94734	19
6.94737	19
6.94738	19
6.95678	19
6.95679	19
6.95679	19
6.95687	19
6.95689	19
6.95926	19
6.95927	19
6.95932	19
6.96332	19
6.96333	19
6.96337	19
6.9634	19
6.986	19
6.986	19
6.98615	19
6.98617	19
6.98822	19
6.98823	19
6.98825	19
7.0636	19
7.06361	19
7.06363	19
7.06366	19
7.06369	19
7.07169	19
7.07239	19
7.07241	19
7.08453	19
7.08454	19
7.08461	19
7.08964	19
7.08965	19
7.08966	19
7.08967	19
7.08973	19
7.10394	19
7.10394	19
7.10395	19
7.10398	19
7.11742	19
7.11746	19
7.11749	19
7.11765	19
7.12488	19
7.12553	19
7.12553	19
7.12553	19
7.1256	19
7.1268	19
7.12689	19
7.12689	19
7.12836	19
7.13511	19
7.13518	19
7.1558	19
7.15581	19
7.15581	19
7.15582	19
7.15583	19
7.16261	19
7.16266	19
7.16271	19
7.1805	19
7.18052	19
7.18053	19
7.18059	19
7.1806	19
7.18118	19
7.18136	19
7.18142	19
7.18148	19
7.18529	19
7.18532	19
7.18537	19
7.20498	19
7.205	19
7.205	19
7.20503	19
7.20504	19
7.20702	19
7.20703	19
7.20704	19
7.20712	19
7.21219	19
7.21221	19
7.21227	19
7.21228	19
7.22576	19
7.2346	19
7.23463	19
7.2347	19
7.23471	19
7.28368	19
7.28371	19
7.28372	19
7.28385	19
7.28387	19
7.28533	19
7.28534	19
7.28543	19
7.28543	19
7.28969	19
7.2897	19
7.28971	19
7.29307	19
7.29307	19
7.29309	19
7.29309	19
7.30329	19
7.30338	19
7.30339	19
7.30597	19
7.31028	19
7.31028	19
7.31035	19
7.31042	19
7.31548	19
7.3155	19
7.31558	19
7.31559	19
7.31773	19
7.3179	19
7.31792	19
7.32003	19
7.32005	19
7.32009	19
7.32021	19
7.32022	19
7.32025	19
7.32029	19
7.32053	19
7.32416	19
7.32417	19
7.32417	19
7.32426	19
7.32429	19
7.33507	19
7.3351	19
7.33517	19
7.34637	19
7.34648	19
7.34649	19
7.35593	19
7.35595	19
7.35604	19
7.35616	19
7.40078	19
7.40084	19
7.40085	19
7.40757	19
7.40774	19
7.41473	19
7.41475	19
7.41483	19
7.41496	19
7.41608	19
7.4161	19
7.41613	19
7.41614	19
7.42262	19
7.42277	19
7.42284	19
7.42428	19
7.42434	19
7.42436	19
7.42446	19
7.42495	19
7.42506	19
7.4251	19
7.4347	19
7.4347	19
7.43472	19
7.43487	19
7.44016	19
7.44019	19
7.44042	19
7.45505	19
7.45505	19
7.45506	19
7.45508	19
7.45515	19
7.47034	19
7.47035	19
7.47035	19
7.47045	19
7.47049	19
7.47499	19
7.48545	19
7.48549	19
7.4855	19
7.48553	19
7.48559	19
7.49992	19
7.49992	19
7.49994	19
7.49997	19
7.49998	19
7.50757	19
7.50758	19
7.50775	19
7.5081	19
7.50812	19
7.50812	19
7.50839	19
7.51751	19
7.51754	19
7.51762	19
7.54207	19
7.54214	19
7.54214	19
7.54215	19
7.54224	19
7.54621	19
7.54623	19
7.54641	19
7.5539	19
7.55392	19
7.55402	19
7.55403	19
7.55566	19
7.5557	19
7.5558	19
7.55582	19
7.56436	19
7.56983	19
7.56985	19
7.56989	19
7.56989	19
7.58116	19
7.58125	19
7.58125	19
7.58125	19
7.58129	19
7.58807	19
7.58809	19
7.58821	19
7.62699	19
7.627	19
7.62701	19
7.62749	19
7.63272	19
7.63276	19
7.63284	19
7.63292	19
7.65388	19
7.65388	19
7.65409	19
7.65414	19
7.65572	19
7.65579	19
7.65615	19
7.66184	19
7.66192	19
7.66197	19
7.66225	19
7.66226	19
7.66234	19
7.66253	19
7.66479	19
7.66481	19
7.66494	19
7.66595	19
7.67865	19
7.68042	19
7.68043	19
7.68043	19
7.69869	19
7.69872	19
7.69872	19
7.69875	19
7.69929	19
7.70953	19
7.70956	19
7.70956	19
7.71004	19
7.71085	19
7.71094	19
7.71222	19
7.72475	19
7.73911	19
7.73911	19
7.73913	19
7.73925	19
7.73942	19
8.12883	19
8.12883	19
8.12931	19
8.12952	19
8.13045	19
8.13045	19
8.13056	19
8.13091	19
8.15025	19
8.15026	19
8.15028	19
8.15028	19
8.15135	19
8.17249	19
8.1725	19
8.17261	19
8.1733	19
8.17598	19
8.17603	19
8.17606	19
8.17783	19
9.03942	19
9.03985	19
9.03988	19
9.04091	19
9.04124	19
9.04767	19
9.04928	19
9.04929	19
9.04934	19
9.0518	19
9.05766	19
9.05769	19
9.05913	19
9.05965	19
9.05968	19
9.0597	19
9.9705	19
9.97051	19
9.97458	19
9.97461	19
9.97462	19
9.97463	19
9.9815	19
10.0154	19
10.0154	19
10.039	19
10.0391	19
10.0391	19
10.0391	19
10.0392	19
10.0589	19
10.0728	19
10.0728	19
10.0728	19
10.073	19
10.0749	19
10.0749	19
10.0751	19
10.0839	19
10.0841	19
10.0841	19
10.0841	19
10.1237	19
10.1286	19
10.1286	19
10.1287	19
10.1289	19
10.13	19
10.13	19
10.1301	19
10.1488	19
10.1488	19
10.1498	19
10.1498	19
10.1498	19
10.1523	19
10.161	19
10.161	19
10.161	19
10.1611	19
10.171	19
10.1712	19
10.1712	19
10.1713	19
10.1755	19
10.1755	19
10.1755	19
10.1755	19
10.1919	19
10.1919	19
10.192	19
10.2677	19
10.2677	19
10.2709	19
10.2903	19
10.2903	19
10.2904	19
10.3367	19
10.3368	19
10.3368	19
10.337	19
10.3478	19
10.3478	19
10.3479	19
10.3547	19
10.3548	19
10.3548	19
10.3576	19
10.3576	19
10.3576	19
10.3578	19
10.3716	19
10.3716	19
10.3716	19
10.3716	19
10.6773	19
10.6773	19
10.6778	19
10.7045	19
10.7045	19
10.7045	19
10.711	19
10.7111	19
10.7111	19
10.7111	19
10.7181	19
10.7182	19
10.7182	19
10.7182	19
10.726	19
10.726	19
10.726	19
10.7273	19
10.7273	19
10.7274	19
10.738	19
10.7381	19
10.7381	19
10.7457	19
10.7458	19
10.7458	19
10.7458	19
10.7624	19
10.7625	19
10.7625	19
10.7948	19
10.7948	19
10.7949	19
10.9601	19
10.9601	19
10.9646	19
10.9646	19
10.994	19
10.994	19
10.995	19
11.0345	19
11.0346	19
11.0346	19
11.0347	19
11.0349	19
11.0426	19
11.0426	19
11.0426	19
11.0426	19
11.8666	19
11.8666	19
11.8685	19
11.8686	19
11.8686	19
12.0296	19
12.0298	19
12.0298	19
12.031	19
12.0316	19
12.0316	19
12.0317	19
12.0381	19
12.0381	19
12.0381	19
12.0457	19
12.0457	19
12.0492	19
12.0492	19
12.0494	19
12.0494	19
12.0494	19
12.0537	19
12.0538	19
12.0538	19
12.0538	19
12.0665	19
12.0666	19
12.0666	19
12.1831	19
12.1831	19
12.1871	19
12.1903	19
12.1903	19
12.1903	19
12.1903	19
12.2427	19
12.2427	19
12.2428	19
12.251	19
12.251	19
12.251	19
12.251	19
12.2578	19
12.2578	19
12.258	19
12.2606	19
12.2606	19
12.2606	19
12.2699	19
12.2699	19
12.2804	19
12.2804	19
12.2804	19
12.2805	19
12.2949	19
12.295	19
12.295	19
12.3081	19
12.3081	19
12.3081	19
12.3151	19
12.3152	19
12.3152	19
12.3337	19
12.3337	19
12.3338	19
12.342	19
12.3421	19
12.3421	19
12.3421	19
12.3792	19
12.3792	19
12.3792	19
12.3963	19
12.3963	19
12.3963	19
12.3963	19
12.3977	19
12.3977	19
12.3977	19
12.408	19
12.4081	19
12.4081	19
12.4624	19
12.4624	19
12.4624	19
12.4624	19
12.4625	19
13.7273	19
13.7273	19
13.735	19
13.7799	19
13.7799	19
13.7801	19
14.2779	19
14.2779	19
14.2787	19
14.2943	19
14.2944	19
14.2944	19
14.2947	19
14.3028	19
14.3031	19
14.3031	19
14.3032	19
14.3179	19
14.3179	19
14.3181	19
14.3187	19
14.3187	19
14.3188	19
14.3189	19
14.3282	19
14.3282	19
14.3283	19
14.3283	19
15.6446	19
15.6447	19
15.6447	19
17.0131	19
17.0131	19
17.0146	19
17.0274	19
17.0274	19
17.0274	19
17.0353	19
17.0353	19
17.0354	19
17.0368	19
17.0368	19
17.0368	19
17.0368	19
17.0428	19
17.0429	19
17.0429	19
17.0429	19
17.0971	19
17.0971	19
17.0971	19
17.0971	19
17.1078	19
17.1079	19
17.1079	19
17.1079	19
17.1203	19
17.1204	19
17.1206	19
17.2071	19
17.2071	19
17.2115	19
17.2254	19
17.2254	19
17.2254	19
18.2083	19
18.2083	19
18.2088	19
18.2421	19
18.2422	19
18.2422	19
18.2422	19
18.2518	19
18.2518	19
18.2518	19
18.2684	19
18.2684	19
18.2684	19
18.2855	19
18.2855	19
18.2857	19
18.3167	19
18.3167	19
18.3168	19
18.4056	19
18.4056	19
18.4056	19
18.4056	19
18.4116	19
18.4116	19
18.4116	19
18.4119	19
18.4127	19
18.4127	19
18.4127	19
18.4128	19
19.8492	19
19.8492	19
19.8519	19
20.037	19
20.0396	19
20.0396	19
20.04	19
20.0497	19
20.0497	19
20.0497	19
20.0676	19
20.0676	19
20.0677	19
21.5223	19
21.5223	19
21.5237	19
21.7826	19
21.7827	19
21.7887	19
21.7947	19
21.8566	19
21.8567	19
21.8567	19
21.8576	19
23.2344	19
23.2345	19
23.2346	19
23.2366	19
23.2366	19
23.2367	19
23.2414	19
23.2414	19
23.2476	19
23.2505	19
23.2505	19
23.2505	19
23.2513	19
23.2513	19
23.2513	19
23.2514	19
23.4221	19
23.4221	19
23.4221	19
23.4222	19
23.4222	19
23.4237	19
23.4566	19
23.466	19
23.466	19
23.466	19
23.466	19
23.4719	19
23.4755	19
23.5175	19
23.5176	19
23.5176	19
23.5176	19
23.5176	19
24.717	19
24.717	19
24.7185	19
24.7186	19
24.7186	19
24.7186	19
24.7187	19
24.7304	19
24.7307	19
24.7308	19
24.7355	19
25.4756	19
25.4756	19
25.4763	19
25.4885	19
25.4885	19
25.4885	19
25.4885	19
25.9131	19
25.9131	19
25.9133	19
25.9435	19
25.9435	19
25.9435	19
25.9436	19
25.9447	19
25.9447	19
25.9447	19
25.9644	19
25.9644	19
25.9644	19
25.9646	19
25.9647	19
25.9647	19
25.9647	19
25.9648	19
26.0712	19
26.0712	19
26.0777	19
26.4743	19
26.4743	19
26.4765	19
26.7188	19
26.7189	19
26.72	19
27.6039	19
27.6039	19
27.6051	19
27.6179	19
27.6237	19
27.6238	19
27.6238	19
27.6238	19
27.6357	19
27.6358	19
27.6358	19
27.6358	19
28.4954	19
28.4954	19
28.497	19
28.4971	19
28.4971	19
28.4974	19
28.6122	19
28.6122	19
28.6133	19
28.6431	19
28.6431	19
28.6431	19
29.5177	19
29.5177	19
29.5178	19
29.5351	19
29.5351	19
29.5351	19
29.5351	19
29.5439	19
29.5439	19
29.5439	19
29.544	19
29.641	19
29.641	19
29.6411	19
29.758	19
29.7581	19
29.8027	19
29.8028	19
29.8033	19
29.8034	19
29.8093	19
29.8093	19
29.8093	19
29.8094	19
29.8098	19
30.8921	19
30.8932	19
30.8932	19
30.8934	19
30.8934	19
30.8934	19
30.8953	19
30.9335	19
30.9336	19
30.9336	19
30.9337	19
30.9409	19
30.9409	19
30.9409	19
30.9496	19
30.9496	19
30.9496	19
30.9497	19
30.9535	19
30.9536	19
30.9537	19
30.9689	19
30.9689	19
30.9689	19
31.0205	19
31.0206	19
31.0207	19
31.0261	19
31.0261	19
31.0261	19
31.0334	19
31.0335	19
31.0335	19
31.0335	19
31.046	19
31.046	19
31.046	19
31.046	19
31.079	19
31.0791	19
31.0791	19
31.0993	19
31.0993	19
31.0993	19
31.0993	19
31.1155	19
31.1156	19
31.1156	19
31.1156	19
31.5729	19
31.573	19
31.573	19
31.5893	19
31.5893	19
31.5894	19
31.5895	19
31.5972	19
31.5972	19
31.5973	19
31.6255	19
31.6255	19
31.6256	19
32.6735	19
32.6736	19
32.6743	19
32.6961	19
32.6962	19
32.6962	19
33.1329	19
33.133	19
33.1338	19
33.1338	19
33.1345	19
33.1346	19
33.1352	19
33.1352	19
33.1353	19
33.1353	19
33.1356	19
33.2076	19
33.2076	19
33.2076	19
33.2076	19
33.215	19
33.2151	19
33.2151	19
33.2152	19
33.22	19
33.22	19
33.22	19
33.2201	19
33.2353	19
33.2354	19
33.2354	19
33.2523	19
33.2523	19
33.2524	19
33.2535	19
33.2535	19
33.2535	19
33.2571	19
33.2572	19
33.2572	19
33.2572	19
34.0274	19
34.0275	19
34.0277	19
34.0422	19
34.0422	19
34.0422	19
34.0427	19
34.0428	19
34.0428	19
34.0428	19
34.0453	19
34.0454	19
34.0454	19
34.0457	19
34.0653	19
34.0654	19
34.0654	19
34.0654	19
35.9336	19
35.9337	19
35.9343	19
35.9432	19
35.9432	19
35.9432	19
35.9432	19
37.0796	19
37.0796	19
37.0803	19
37.1332	19
37.1334	19
37.1367	19
37.5139	19
37.514	19
37.5178	19
37.7426	19
37.7426	19
37.7455	19
37.7455	19
37.7456	19
37.7456	19
37.7477	19
37.783	19
37.783	19
37.783	19
37.7832	19
37.8073	19
37.8074	19
37.8074	19
37.8074	19
37.8174	19
37.8175	19
37.8175	19
37.841	19
37.8729	19
37.8729	19
37.8729	19
37.8833	19
37.8833	19
37.8833	19
37.8833	19
37.8834	19
37.8847	19
37.8847	19
37.8848	19
37.8848	19
37.8928	19
37.9067	19
37.9408	19
37.9408	19
37.9408	19
37.9408	19
37.9408	19
37.9446	19
37.9446	19
37.9447	19
37.9612	19
37.9612	19
37.9612	19
37.9612	19
37.998	19
37.998	19
37.9981	19
37.9981	19
38.0215	19
38.0215	19
38.0215	19
38.0215	19
38.0365	19
38.0365	19
38.0365	19
38.0366	19
38.5187	19
38.5187	19
38.5205	19
39.0388	19
39.0393	19
39.0393	19
39.0393	19
39.2831	19
39.2832	19
39.2895	19
39.8526	19
39.8526	19
39.8595	19
39.8616	19
39.8616	19
39.8616	19
39.8616	19
39.871	19
39.871	19
39.8711	19
39.8711	19
39.8954	19
39.8954	19
39.8954	19
40.7896	19
40.7898	19
40.7913	19
40.833	19
40.8331	19
40.8344	19
40.836	19
40.836	19
40.8361	19
40.8361	19
41.561	19
41.561	19
41.5655	19
41.5662	19
41.6006	19
41.6006	19
41.6025	19
41.6026	19
41.6027	19
41.6027	19
41.6052	19
41.6102	19
41.6103	19
41.6103	19
41.6103	19
41.6128	19
41.6557	19
41.6557	19
41.6557	19
41.6557	19
41.6609	19
41.6609	19
41.6609	19
41.661	19
41.6622	19
41.6623	19
41.6669	19
42.7426	19
42.7427	19
42.7441	19
42.7868	19
42.7869	19
42.7869	19
42.7986	19
42.7986	19
42.7987	19
42.8037	19
42.8037	19
42.8037	19
42.8037	19
42.8207	19
42.8207	19
42.8208	19
42.8219	19
42.8918	19
42.8918	19
42.8919	19
42.8919	19
42.9	19
42.9001	19
42.9001	19
42.9001	19
42.9147	19
42.9148	19
42.9148	19
44.3261	19
44.3288	19
44.3289	19
44.3317	19
44.3318	19
44.3318	19
44.3322	19
44.3528	19
44.7277	19
44.7277	19
44.754	19
44.7545	19
44.7545	19
44.7578	19
45.2666	19
45.2667	19
45.268	19
45.2831	19
45.2831	19
45.2831	19
45.2861	19
45.2861	19
45.2861	19
45.2861	19
45.2935	19
45.2935	19
45.2936	19
45.2936	19
45.8746	19
45.8746	19
45.8772	19
45.8776	19
45.9676	19
45.9678	19
45.9679	19
45.9701	19
46.0172	19
46.0173	19
46.0216	19
46.0426	19
46.0426	19
46.0426	19
46.0427	19
46.5038	19
46.5083	19
46.5085	19
46.5112	19
46.907	19
46.907	19
46.9093	19
46.922	19
46.922	19
46.9221	19
46.9221	19
47.2279	19
47.228	19
47.2345	19
48.3269	19
48.327	19
48.3273	19
48.3298	19
48.3298	19
48.3326	19
48.753	19
48.7532	19
48.7537	19
49.2819	19
49.2819	19
49.2819	19
49.4617	19
49.4617	19
49.4627	19
49.4662	19
49.9143	19
49.9143	19
49.9157	19
50.135	19
50.1351	19
50.1356	19
50.1472	19
50.1472	19
50.1473	19
50.1473	19
50.8028	19
50.8028	19
50.8036	19
50.8089	19
50.8089	19
50.8089	19
50.8089	19
51.2421	19
51.2431	19
51.2434	19
51.2467	19
51.2541	19
51.2541	19
51.2541	19
51.2541	19
51.2981	19
51.2981	19
51.2982	19
51.2982	19
52.0822	19
52.0828	19
52.0831	19
52.0872	19
53.2043	19
53.2054	19
53.2055	19
53.2089	19
53.7284	19
53.7285	19
53.733	19
54.6357	19
54.6359	19
54.6383	19
54.6782	19
54.6783	19
54.6788	19
54.6788	19
54.6789	19
54.679	19
54.6815	19
54.788	19
54.7882	19
54.7894	19
55.0696	19
55.07	19
55.0717	19
55.2101	19
55.2102	19
55.2176	19
55.3564	19
55.3566	19
55.3627	19
55.3971	19
55.3971	19
55.3971	19
55.3971	19
55.4002	19
55.4002	19
55.4003	19
55.4004	19
55.4415	19
55.4416	19
55.4421	19
55.4898	19
55.49	19
55.497	19
56.0587	19
56.0587	19
56.0607	19
56.3684	19
56.3685	19
56.3688	19
56.7193	19
56.7194	19
56.7203	19
56.7812	19
56.7818	19
56.7841	19
57.0062	19
57.0062	19
57.0105	19
57.0111	19
57.0111	19
57.0111	19
57.0111	19
58.3787	19
58.3789	19
58.3818	19
58.8595	19
58.8604	19
58.8609	19
58.8609	19
58.8609	19
58.861	19
58.8636	19
58.8786	19
58.8787	19
58.8788	19
58.8789	19
59.1992	19
59.1992	19
59.1999	19
60.5788	19
60.5805	19
60.5805	19
60.5808	19
60.5861	19
60.5861	19
60.5862	19
60.5863	19
61.2009	19
61.201	19
61.2042	19
62.8031	19
62.8037	19
62.8075	19
63.0313	19
63.0313	19
63.0329	19
63.3026	19
63.3028	19
63.3055	19
63.5931	19
63.5931	19
63.5976	19
63.6071	19
63.6071	19
63.6072	19
64.4093	19
64.4095	19
64.4107	19
65.3384	19
65.3384	19
65.3396	19
66.0187	19
66.0188	19
66.0212	19
66.9072	19
66.9091	19
66.9092	19
66.9101	19
66.9564	19
66.9566	19
66.9576	19
68.2705	19
68.2706	19
68.2793	19
68.434	19
68.4341	19
68.4344	19
68.7712	19
68.7714	19
71.8423	19
71.8452	19
71.8454	19
71.8481	19
73.002	19
73.0023	19
73.0083	19
73.0084	19
73.0287	19
73.0288	19
73.0288	19
73.0289	19
73.1518	19
73.1518	19
73.1518	19
73.1676	19
73.1677	19
73.1677	19
73.6155	19
73.6155	19
73.6157	19
73.786	19
73.7866	19
73.7884	19
73.828	19
73.828	19
73.828	19
73.8281	19
74.0191	19
74.0193	19
74.0196	19
75.1962	19
75.1963	19
75.1987	19
75.6149	19
75.615	19
75.6186	19
76.1409	19
76.141	19
76.1699	19
76.1706	19
76.1707	19
76.1717	19
76.5281	19
76.5282	19
76.5287	19
76.5322	19
76.5322	19
76.5322	19
76.5323	19
77.2712	19
77.2735	19
77.2738	19
77.2755	19
77.2792	19
77.2793	19
77.2793	19
77.2794	19
77.5432	19
77.5437	19
77.5472	19
78.2644	19
78.2644	19
78.2704	19
78.2704	19
78.7429	19
78.7431	19
78.7434	19
81.7943	19
81.7973	19
81.7973	19
81.799	19
81.8036	19
81.8036	19
81.8037	19
82.2826	19
82.283	19
82.2831	19
83.021	19
83.022	19
83.022	19
83.0264	19
84.6073	19
84.6079	19
84.6083	19
85.1266	19
85.1268	19
85.1309	19
85.6908	19
85.691	19
85.695	19
85.9086	19
85.9088	19
85.9097	19
86.4418	19
86.4419	19
86.4434	19
86.716	19
86.7164	19
86.7166	19
87.4881	19
87.4893	19
87.4894	19
87.4908	19
87.5512	19
87.5515	19
87.5549	19
88.1315	19
88.1317	19
88.9142	19
88.9144	19
88.9144	19
88.9158	19
90.9217	19
90.9235	19
90.9236	19
90.9247	19
91.7902	19
91.7907	19
91.792	19
91.9355	19
91.9358	19
92.3836	19
92.3881	19
92.389	19
92.395	19
93.5479	19
93.548	19
93.5525	19
93.5526	19
94.7529	19
94.7535	19
94.9042	19
94.9042	19
94.9042	19
94.9043	19
94.9309	19
94.938	19
94.9381	19
94.9381	19
94.9381	19
96.406	19
96.4097	19
96.4097	19
96.4098	19
96.4249	19
96.4251	19
96.426	19
97.4278	19
97.4283	19
97.4292	19
98.0401	19
98.0402	19
98.0408	19
98.9083	19
98.9084	19
98.9085	19
99.2498	19
99.2499	19
99.6543	19
99.6544	19
99.6546	19
99.6586	19
