1.54792e-10	0
1.96988e-10	1
2.00863e-10	2
4.20162e-10	3
6.10952e-10	4
8.2404e-10	5
8.24455e-10	6
9.07998e-10	7
1.20012e-09	8
1.25599e-09	9
3.21554e-09	10
4.43626e-09	11
4.81829e-09	12
5.08812e-09	13
7.77645e-09	14
1.01731e-08	15
1.57379e-08	16
1.60153e-08	16
1.79859e-08	17
1.80842e-08	17
1.83008e-08	17
2.23279e-08	17
2.43636e-08	17
2.76458e-08	17
3.93509e-08	17
4.02395e-08	17
5.94357e-08	17
6.61787e-08	17
8.49937e-08	17
8.88257e-08	17
9.32738e-08	17
1.23908e-07	17
1.24753e-07	17
1.2522e-07	17
1.27794e-07	17
1.29368e-07	17
1.37122e-07	17
1.56064e-07	17
1.84879e-07	17
1.85424e-07	17
1.86442e-07	17
1.93205e-07	17
1.94276e-07	17
1.96295e-07	17
2.02588e-07	17
2.07277e-07	17
2.19424e-07	17
2.26567e-07	17
2.29509e-07	17
2.31916e-07	17
2.39911e-07	17
2.48317e-07	17
2.54966e-07	17
2.61506e-07	17
2.86258e-07	17
2.90193e-07	17
2.93275e-07	17
3.00185e-07	17
3.06832e-07	17
3.11374e-07	17
3.23798e-07	17
3.25634e-07	17
3.3176e-07	17
3.38654e-07	17
3.57441e-07	17
3.60681e-07	17
3.88041e-07	17
3.93064e-07	17
4.02726e-07	17
4.14258e-07	17
4.1516e-07	17
4.38149e-07	17
4.38798e-07	17
4.47284e-07	17
4.50264e-07	17
4.50746e-07	17
4.644e-07	17
4.88586e-07	17
4.9402e-07	17
4.94361e-07	17
5.01656e-07	17
5.06927e-07	17
5.08295e-07	17
5.08907e-07	17
5.34088e-07	17
5.43534e-07	17
5.4495e-07	17
5.53054e-07	17
5.61235e-07	17
5.70999e-07	17
5.72349e-07	17
5.79808e-07	17
6.06235e-07	17
6.07431e-07	17
6.14693e-07	17
6.3661e-07	17
6.51547e-07	17
6.76932e-07	17
6.96398e-07	17
6.96415e-07	17
7.21418e-07	17
7.2716e-07	17
7.79731e-07	17
7.824e-07	17
7.97837e-07	17
8.29072e-07	17
8.6269e-07	17
8.7104e-07	17
8.81211e-07	17
8.84001e-07	17
8.86174e-07	17
8.93503e-07	17
9.0134e-07	17
9.05196e-07	17
9.10678e-07	17
9.14486e-07	17
9.17364e-07	17
9.5082e-07	17
9.70525e-07	17
9.73851e-07	17
9.75826e-07	17
1.01325e-06	17
1.01925e-06	17
1.02225e-06	17
1.04104e-06	17
1.04545e-06	17
1.04713e-06	17
1.06644e-06	17
1.08876e-06	17
1.09354e-06	17
1.11594e-06	17
1.13399e-06	17
1.13864e-06	17
1.1403e-06	17
1.15238e-06	17
1.15648e-06	17
1.16544e-06	17
1.18313e-06	17
1.18385e-06	17
1.21159e-06	17
1.24878e-06	17
1.25267e-06	17
1.29086e-06	17
1.31127e-06	17
1.34097e-06	17
1.39519e-06	17
1.42489e-06	17
1.42697e-06	17
1.4357e-06	17
1.44134e-06	17
1.44833e-06	17
1.45091e-06	17
1.46534e-06	17
1.4942e-06	17
1.50914e-06	17
1.51925e-06	17
1.52613e-06	17
1.53045e-06	17
1.57187e-06	17
1.59896e-06	17
1.63024e-06	17
1.67416e-06	17
1.73379e-06	17
1.74854e-06	17
1.7495e-06	17
1.78513e-06	17
1.81372e-06	17
1.84937e-06	17
1.85886e-06	17
1.90421e-06	17
2.04151e-06	17
2.11257e-06	17
2.14822e-06	17
2.15075e-06	17
2.21493e-06	17
2.22033e-06	17
2.23147e-06	17
2.37735e-06	17
2.39038e-06	17
2.40715e-06	17
2.44997e-06	17
2.45994e-06	17
2.46133e-06	17
2.46978e-06	17
2.49743e-06	17
2.50993e-06	17
2.60568e-06	17
2.61418e-06	17
2.61785e-06	17
2.72159e-06	17
2.8318e-06	17
2.83381e-06	17
2.92559e-06	17
2.95899e-06	17
2.97788e-06	17
3.01206e-06	17
3.06584e-06	17
3.1173e-06	17
3.16572e-06	17
3.24633e-06	17
3.27207e-06	17
3.28022e-06	17
3.28341e-06	17
3.3762e-06	17
3.38564e-06	17
3.60426e-06	17
3.61788e-06	17
3.6469e-06	17
3.70161e-06	17
3.74745e-06	17
3.81551e-06	17
3.88152e-06	17
4.04061e-06	17
4.0544e-06	17
4.10547e-06	17
4.17033e-06	17
4.1819e-06	17
4.19906e-06	17
4.34094e-06	17
4.34511e-06	17
4.37151e-06	17
4.40611e-06	17
4.53664e-06	17
4.53907e-06	17
4.56461e-06	17
4.7271e-06	17
5.29196e-06	17
5.29336e-06	17
6.36986e-06	17
6.72533e-06	17
6.79389e-06	17
6.84594e-06	17
6.96307e-06	17
7.01872e-06	17
7.5281e-06	17
7.68866e-06	17
7.85257e-06	17
7.86903e-06	17
7.96722e-06	17
8.18267e-06	17
8.44657e-06	17
8.46574e-06	17
8.79566e-06	17
9.03408e-06	17
9.15613e-06	17
9.16375e-06	17
9.50051e-06	17
9.78977e-06	17
9.8323e-06	17
9.843e-06	17
1.00345e-05	17
1.00357e-05	17
1.02501e-05	17
1.08785e-05	17
1.09313e-05	17
1.12674e-05	17
1.14038e-05	17
1.14424e-05	17
1.16003e-05	17
1.16016e-05	17
1.16371e-05	17
1.17006e-05	17
1.1893e-05	17
1.29083e-05	17
1.31326e-05	17
1.36951e-05	17
1.44542e-05	17
1.50272e-05	17
1.57864e-05	17
1.68272e-05	17
1.73987e-05	17
1.74335e-05	17
1.81638e-05	17
1.86041e-05	17
1.95814e-05	17
1.95997e-05	17
2.01794e-05	17
2.04704e-05	17
2.13403e-05	17
2.16763e-05	17
2.18266e-05	17
2.19905e-05	17
2.25051e-05	17
2.27598e-05	17
2.32544e-05	17
2.32717e-05	17
2.34408e-05	17
2.36796e-05	17
2.39785e-05	17
2.398e-05	17
2.44252e-05	17
2.50304e-05	17
2.55625e-05	17
2.59361e-05	17
2.64e-05	17
2.6957e-05	17
2.71703e-05	17
2.75146e-05	17
2.75936e-05	17
2.77961e-05	17
2.79945e-05	17
2.87755e-05	17
2.8887e-05	17
2.97357e-05	17
3.01663e-05	17
3.02525e-05	17
3.11066e-05	17
3.14862e-05	17
3.16067e-05	17
3.17596e-05	17
3.2112e-05	17
3.2408e-05	17
3.25292e-05	17
3.26638e-05	17
3.27124e-05	17
3.40425e-05	17
3.41666e-05	17
3.41961e-05	17
3.48869e-05	17
3.50475e-05	17
3.55571e-05	17
3.59294e-05	17
3.63614e-05	17
3.8173e-05	17
3.84449e-05	17
3.91617e-05	17
3.98931e-05	17
4.00193e-05	17
4.07413e-05	17
4.10756e-05	17
4.12722e-05	17
4.22062e-05	17
4.26264e-05	17
4.34861e-05	17
4.36271e-05	17
4.389e-05	17
4.44093e-05	17
4.5246e-05	17
4.54696e-05	17
4.56924e-05	17
4.71499e-05	17
4.72332e-05	17
4.75564e-05	17
4.95626e-05	17
4.98361e-05	17
5.04746e-05	17
5.22419e-05	17
5.29431e-05	17
5.32116e-05	17
5.32126e-05	17
5.32799e-05	17
5.40519e-05	17
5.49153e-05	17
5.58627e-05	17
5.63884e-05	17
5.65291e-05	17
5.70329e-05	17
5.70759e-05	17
5.87069e-05	17
5.94345e-05	17
5.95991e-05	17
6.06427e-05	17
6.09286e-05	17
6.19704e-05	17
6.31821e-05	17
6.38424e-05	17
6.50867e-05	17
6.63239e-05	17
6.95456e-05	17
7.01044e-05	17
7.01797e-05	17
7.09992e-05	17
7.2092e-05	17
7.29711e-05	17
7.35435e-05	17
7.49051e-05	17
7.57162e-05	17
7.57648e-05	17
7.83085e-05	17
8.18647e-05	17
8.20548e-05	17
8.2608e-05	17
8.41433e-05	17
8.55044e-05	17
8.5922e-05	17
8.62316e-05	17
8.69131e-05	17
8.73143e-05	17
8.77359e-05	17
8.99387e-05	17
9.04901e-05	17
9.10912e-05	17
9.46013e-05	17
9.49267e-05	17
9.66995e-05	17
9.8088e-05	17
0.000108254	17
0.000116275	17
0.000117181	17
0.00011942	17
0.000123676	17
0.000134907	17
0.000137361	17
0.000145906	17
0.000148821	17
0.00015237	17
0.000158531	17
0.000160668	17
0.000164839	17
0.00017189	17
0.000176723	17
0.000180492	17
0.000191474	17
0.000193572	17
0.000217386	17
0.000217497	17
0.000222099	17
0.000231383	17
0.00024691	17
0.000259441	17
0.000260882	17
0.00026388	17
0.000287501	17
0.000297859	17
0.00033608	17
0.000353221	17
0.000369343	17
0.000369707	17
0.000370104	17
0.000370391	17
0.000370481	17
0.000370828	17
0.000371268	17
0.000372345	17
0.000373557	17
0.00037413	17
0.000375536	17
0.000376468	17
0.000379839	17
0.000381468	17
0.000384454	17
0.000385625	17
0.00113623	17
0.00150069	17
0.00150082	17
0.00150204	17
0.00150338	17
0.0015065	17
0.00150653	17
0.00164896	17
0.00215741	17
0.00248002	17
0.00248069	17
0.00248186	17
0.00248289	17
0.00248296	17
0.00248313	17
0.00248315	17
0.0024841	17
0.00248532	17
0.00248554	17
0.00248567	17
0.00248589	17
0.00248685	17
0.00248706	17
0.00248762	17
0.00249004	17
0.0024902	17
0.0036985	17
0.00370761	17
0.00446624	17
0.00448091	17
0.00452422	17
0.00452858	17
0.00454263	17
0.00454327	17
0.00455428	17
0.00456103	17
0.00457245	17
0.00457892	17
0.00459693	17
0.00459935	17
0.0045998	17
0.00460348	17
0.00462079	17
0.00463203	17
0.00463205	17
0.00464328	17
0.00464411	17
0.00465204	17
0.00466509	17
0.00466692	17
0.00466863	17
0.00467523	17
0.00467565	17
0.00467986	17
0.00469706	17
0.00469802	17
0.0047223	17
0.00474212	17
0.00474709	17
0.00476899	17
0.00477615	17
0.00478221	17
0.00478349	17
0.00479888	17
0.00484102	17
0.0048577	17
0.00490329	17
0.00492448	17
0.00496537	17
0.0049694	17
0.00497781	17
0.0050214	17
0.00505451	17
0.00507888	17
0.00509038	17
0.00513588	17
0.00514209	17
0.0051864	17
0.00555278	17
0.0057976	17
0.00626751	17
0.00632969	17
0.00708916	17
0.00733433	17
0.00735781	17
0.00737716	17
0.00739272	17
0.00787411	17
0.00954677	17
0.0095468	17
0.00954683	17
0.00954696	17
0.00954804	17
0.00954809	17
0.0095481	17
0.00954815	17
0.00954829	17
0.00954832	17
0.00954835	17
0.00954859	17
0.00954862	17
0.00954864	17
0.0095487	17
0.00954926	17
0.00954991	17
0.00955093	17
0.00955101	17
0.00955192	17
0.00955206	17
0.00955218	17
0.00955484	17
0.00955577	17
0.00955611	17
0.009557	17
0.00955757	17
0.00955766	17
0.0095578	17
0.00955932	17
0.00956097	17
0.00956128	17
0.009562	17
0.00956311	17
0.00956417	17
0.00956488	17
0.00957252	17
0.00957304	17
0.00957365	17
0.00957482	17
0.00957978	17
0.0095817	17
0.0095818	17
0.00958186	17
0.00958187	17
0.00958254	17
0.00958713	17
0.00959147	17
0.00959685	17
0.0095983	17
0.00960184	17
0.00960925	17
0.00961615	17
0.00962918	17
0.00963977	17
0.00963989	17
0.00964018	17
0.00964419	17
0.00967293	17
0.00968247	17
0.00972426	17
0.00972949	17
0.00973308	17
0.00974008	17
0.0097455	17
0.00976125	17
0.00976546	17
0.00976912	17
0.00977629	17
0.00978422	17
0.00979734	17
0.00979736	17
0.00979765	17
0.00979769	17
0.00979832	17
0.00979878	17
0.00979892	17
0.00979913	17
0.00979919	17
0.00979938	17
0.00979954	17
0.00980009	17
0.00980017	17
0.00980062	17
0.00980067	17
0.009801	17
0.0098014	17
0.00980144	17
0.00980165	17
0.00980184	17
0.00980187	17
0.00980204	17
0.00980231	17
0.00980349	17
0.00980363	17
0.00980423	17
0.00980428	17
0.00980453	17
0.00980465	17
0.00980505	17
0.00980725	17
0.00980799	17
0.0098094	17
0.0098112	17
0.00981172	17
0.00981226	17
0.00981336	17
0.00981377	17
0.00989605	17
0.00989712	17
0.0099034	17
0.00990458	17
0.00990507	17
0.0099694	17
0.0101663	17
0.0101695	17
0.0101704	17
0.0101707	17
0.0101761	17
0.0101782	17
0.0101798	17
0.0101966	17
0.0102119	17
0.0102625	17
0.0102628	17
0.0102675	17
0.0102688	17
0.0102711	17
0.0102711	17
0.0102753	17
0.0102919	17
0.0102974	17
0.010299	17
0.010315	17
0.0103844	17
0.0103981	17
0.0105336	17
0.0105836	17
0.0112525	17
0.0112557	17
0.0112675	17
0.0112684	17
0.0112752	17
0.0112841	17
0.0113158	17
0.0113366	17
0.0113404	17
0.0113442	17
0.0113588	17
0.0113602	17
0.0113672	17
0.011449	17
0.0114497	17
0.0114552	17
0.01146	17
0.0114675	17
0.0114743	17
0.0114819	17
0.0115	17
0.0115336	17
0.0115426	17
0.011548	17
0.0115493	17
0.0115614	17
0.0115636	17
0.0115933	17
0.0115981	17
0.0116165	17
0.0116703	17
0.0117144	17
0.0117255	17
0.0117335	17
0.0117797	17
0.0118668	17
0.0119825	17
0.0119873	17
0.0120411	17
0.0121589	17
0.0121841	17
0.0122395	17
0.0123414	17
0.0124937	17
0.0125418	17
0.0128282	17
0.0128297	17
0.0128344	17
0.0128459	17
0.0128461	17
0.0128479	17
0.0128523	17
0.0128602	17
0.0128847	17
0.0135739	17
0.0136485	17
0.0143425	17
0.0145326	17
0.0147915	17
0.0147919	17
0.0147921	17
0.0147928	17
0.0147928	17
0.0147936	17
0.0147938	17
0.0147938	17
0.0147941	17
0.0147946	17
0.014795	17
0.0147956	17
0.0147985	17
0.0147991	17
0.014801	17
0.0148014	17
0.0148026	17
0.0148027	17
0.0148028	17
0.0148057	17
0.0148073	17
0.014808	17
0.014809	17
0.0148092	17
0.0148125	17
0.0148129	17
0.014816	17
0.0148179	17
0.0148195	17
0.0148217	17
0.014828	17
0.0148542	17
0.014867	17
0.0149251	17
0.0149276	17
0.0149294	17
0.0149316	17
0.0149352	17
0.0149363	17
0.0149423	17
0.014945	17
0.0149636	17
0.0149645	17
0.0154045	17
0.0154047	17
0.015405	17
0.0154069	17
0.0154071	17
0.0154076	17
0.0154094	17
0.0154105	17
0.0154153	17
0.0154157	17
0.0154167	17
0.015421	17
0.0154214	17
0.0154218	17
0.0154234	17
0.0154242	17
0.0154278	17
0.0154282	17
0.0154291	17
0.0154305	17
0.0154401	17
0.0154421	17
0.0154455	17
0.0154493	17
0.0154528	17
0.0154876	17
0.0155016	17
0.0156621	17
0.016974	17
0.0190706	17
0.0194425	17
0.0194536	17
0.0194543	17
0.0194572	17
0.0194668	17
0.0195004	17
0.0198153	17
0.0198178	17
0.0198178	17
0.0198188	17
0.0198199	17
0.0198222	17
0.0198253	17
0.0198368	17
0.0198438	17
0.0198984	17
0.0204815	17
0.0204989	17
0.0205082	17
0.0205102	17
0.0205168	17
0.0205194	17
0.0205264	17
0.0205289	17
0.0205619	17
0.0205679	17
0.0205692	17
0.0205722	17
0.020587	17
0.0205949	17
0.0205995	17
0.0206138	17
0.0206312	17
0.0206637	17
0.0206788	17
0.0207253	17
0.0207267	17
0.0207377	17
0.0207381	17
0.0207388	17
0.020748	17
0.0207847	17
0.0208024	17
0.0208086	17
0.0208292	17
0.0208559	17
0.0209046	17
0.0209333	17
0.0209415	17
0.0209703	17
0.0209779	17
0.0210289	17
0.0210496	17
0.021059	17
0.0211482	17
0.0211651	17
0.021195	17
0.0212326	17
0.02141	17
0.0214101	17
0.0214103	17
0.0214105	17
0.0214108	17
0.021413	17
0.0214133	17
0.0214141	17
0.0214143	17
0.0214165	17
0.0214173	17
0.0214179	17
0.0214183	17
0.0214183	17
0.0214191	17
0.0214194	17
0.0214203	17
0.0214212	17
0.0214213	17
0.021424	17
0.0214245	17
0.0214246	17
0.0214299	17
0.0214302	17
0.0214305	17
0.0214315	17
0.0214335	17
0.0214354	17
0.0214388	17
0.0214398	17
0.021446	17
0.0214468	17
0.0214554	17
0.0214556	17
0.0214602	17
0.0214605	17
0.0214686	17
0.0216137	17
0.0217208	17
0.0217418	17
0.0217654	17
0.0218063	17
0.0218623	17
0.0220781	17
0.0220894	17
0.0220971	17
0.0221891	17
0.022216	17
0.0222199	17
0.0224826	17
0.0228362	17
0.0230253	17
0.0230294	17
0.0230302	17
0.0230357	17
0.023037	17
0.0230424	17
0.0230455	17
0.0230618	17
0.0230621	17
0.0230956	17
0.0233453	17
0.0233462	17
0.0233466	17
0.0233467	17
0.0233474	17
0.0233477	17
0.0233477	17
0.0233478	17
0.023349	17
0.0233521	17
0.0233522	17
0.0233527	17
0.0233533	17
0.0233601	17
0.0233613	17
0.0233626	17
0.0233629	17
0.0233658	17
0.0233686	17
0.0233704	17
0.0233938	17
0.0234166	17
0.0234283	17
0.0234491	17
0.0234614	17
0.0235123	17
0.0235132	17
0.0235145	17
0.0235147	17
0.0235155	17
0.0235162	17
0.0235165	17
0.0235175	17
0.0235177	17
0.0235181	17
0.0235186	17
0.0235227	17
0.0235227	17
0.0235256	17
0.0235292	17
0.0235307	17
0.0235316	17
0.0235358	17
0.0235431	17
0.023545	17
0.0235467	17
0.0235548	17
0.0235681	17
0.0244172	17
0.0244173	17
0.0244173	17
0.0244174	17
0.0244174	17
0.0244176	17
0.0244178	17
0.0244178	17
0.0244179	17
0.024418	17
0.0244181	17
0.0244182	17
0.0244182	17
0.0244183	17
0.0244184	17
0.0244186	17
0.0244186	17
0.0244189	17
0.0244189	17
0.0244189	17
0.024419	17
0.024419	17
0.0244191	17
0.0244191	17
0.0244191	17
0.0244191	17
0.0244192	17
0.0244192	17
0.0244193	17
0.0244196	17
0.0244196	17
0.0244197	17
0.0244197	17
0.02442	17
0.02442	17
0.0244201	17
0.0244203	17
0.0244203	17
0.0244207	17
0.0244211	17
0.0244213	17
0.0244217	17
0.0244218	17
0.0244222	17
0.0244224	17
0.0244226	17
0.0244227	17
0.0244228	17
0.0244233	17
0.0244233	17
0.0244234	17
0.024424	17
0.0244242	17
0.0244242	17
0.0244242	17
0.0244244	17
0.0244244	17
0.0244247	17
0.0244249	17
0.0244257	17
0.0244258	17
0.0244263	17
0.0244265	17
0.0244268	17
0.0244272	17
0.0244275	17
0.0244279	17
0.0244279	17
0.0244281	17
0.0244282	17
0.0244289	17
0.0244292	17
0.0244303	17
0.0244305	17
0.0244307	17
0.0244307	17
0.0244311	17
0.0244312	17
0.0244322	17
0.0244322	17
0.0244325	17
0.0244327	17
0.024434	17
0.0244345	17
0.0244355	17
0.0244356	17
0.0244358	17
0.024436	17
0.0244361	17
0.0244381	17
0.0244385	17
0.0244397	17
0.0244405	17
0.0244411	17
0.0244416	17
0.0244426	17
0.0244427	17
0.0244435	17
0.0244444	17
0.0244445	17
0.024446	17
0.0244465	17
0.0244467	17
0.0244487	17
0.0244491	17
0.0244549	17
0.0244615	17
0.0244618	17
0.0244626	17
0.0244638	17
0.0244686	17
0.0244724	17
0.0244736	17
0.0244863	17
0.0244882	17
0.0244896	17
0.0244986	17
0.0245002	17
0.0245008	17
0.0245009	17
0.024506	17
0.0245151	17
0.0245204	17
0.0245549	17
0.0245616	17
0.0245796	17
0.024675	17
0.0251836	17
0.025402	17
0.0259517	17
0.0259722	17
0.0259753	17
0.0260196	17
0.0260337	17
0.0260692	17
0.0261224	17
0.0261638	17
0.0261977	17
0.0262004	17
0.0262345	17
0.0262581	17
0.0262616	17
0.026278	17
0.0262881	17
0.0263119	17
0.0263214	17
0.0263848	17
0.0263887	17
0.0264056	17
0.0264425	17
0.0264657	17
0.0264768	17
0.0265338	17
0.0265341	17
0.0265345	17
0.0265346	17
0.0265346	17
0.0265353	17
0.0265354	17
0.0265357	17
0.0265358	17
0.0265362	17
0.0265368	17
0.0265375	17
0.0265379	17
0.026538	17
0.026538	17
0.0265381	17
0.0265393	17
0.0265396	17
0.02654	17
0.0265405	17
0.0265407	17
0.0265415	17
0.0265419	17
0.0265421	17
0.0265431	17
0.0265478	17
0.0265479	17
0.0265489	17
0.0265511	17
0.0265522	17
0.0265525	17
0.0265561	17
0.0265586	17
0.0265604	17
0.0265682	17
0.0265682	17
0.0265699	17
0.0265711	17
0.0265751	17
0.0265831	17
0.0266012	17
0.026604	17
0.0266075	17
0.0266495	17
0.0266855	17
0.026711	17
0.0267354	17
0.0268974	17
0.0269593	17
0.0270964	17
0.0271157	17
0.0271226	17
0.0271353	17
0.0271361	17
0.0271375	17
0.0271393	17
0.0271409	17
0.0271418	17
0.0271437	17
0.0271543	17
0.0271586	17
0.0272256	17
0.0274764	17
0.0274817	17
0.0274821	17
0.0274822	17
0.0274826	17
0.0274839	17
0.0274855	17
0.0274856	17
0.0274861	17
0.0274865	17
0.0274876	17
0.0274879	17
0.0274887	17
0.0274903	17
0.0274903	17
0.0274908	17
0.0274931	17
0.0274964	17
0.0274985	17
0.0274986	17
0.027504	17
0.0275055	17
0.0275093	17
0.0275155	17
0.0275157	17
0.0275195	17
0.0275197	17
0.0275211	17
0.0275267	17
0.027536	17
0.0275685	17
0.0277799	17
0.0278295	17
0.0278389	17
0.0278619	17
0.0290167	17
0.029017	17
0.0290176	17
0.0290207	17
0.0290225	17
0.0290235	17
0.0290239	17
0.0290299	17
0.0290305	17
0.0290312	17
0.0290313	17
0.0290362	17
0.0290382	17
0.0290399	17
0.0290401	17
0.0290401	17
0.0290403	17
0.0290409	17
0.0290409	17
0.0290415	17
0.0290432	17
0.0290439	17
0.029044	17
0.0290463	17
0.0290466	17
0.0290481	17
0.0290485	17
0.0290505	17
0.0290508	17
0.0290512	17
0.0290525	17
0.0290532	17
0.0290544	17
0.029055	17
0.0290556	17
0.0290564	17
0.0290587	17
0.0290589	17
0.0290596	17
0.0290647	17
0.0290675	17
0.0290692	17
0.029071	17
0.029074	17
0.0290758	17
0.0290784	17
0.0290863	17
0.0290865	17
0.0290882	17
0.0290916	17
0.0291086	17
0.0291296	17
0.0291367	17
0.029169	17
0.0294384	17
0.029511	17
0.0296728	17
0.0311195	17
0.0311306	17
0.0311483	17
0.0311557	17
0.0311622	17
0.0311724	17
0.0311747	17
0.0311862	17
0.0311948	17
0.0312197	17
0.0312304	17
0.0312351	17
0.0312371	17
0.0312602	17
0.0312615	17
0.0312645	17
0.0312687	17
0.031316	17
0.031334	17
0.0313377	17
0.0313613	17
0.0313687	17
0.0313821	17
0.0313913	17
0.0314173	17
0.0314209	17
0.0314287	17
0.0314853	17
0.031488	17
0.0314972	17
0.0315075	17
0.0315113	17
0.0315161	17
0.0315254	17
0.0315362	17
0.0315393	17
0.031545	17
0.0315513	17
0.0315634	17
0.0315778	17
0.031603	17
0.0316054	17
0.0316089	17
0.0316461	17
0.0316496	17
0.0316622	17
0.0316663	17
0.0316673	17
0.0316749	17
0.0316834	17
0.0316978	17
0.031714	17
0.0317271	17
0.0317297	17
0.0317341	17
0.0317495	17
0.0317526	17
0.0317563	17
0.0317651	17
0.0317855	17
0.0317861	17
0.0317869	17
0.0317898	17
0.0317957	17
0.0318042	17
0.0318112	17
0.0318151	17
0.0318195	17
0.0318326	17
0.0318333	17
0.0318341	17
0.0318342	17
0.0318353	17
0.0318356	17
0.0318367	17
0.0318369	17
0.0318369	17
0.0318378	17
0.0318379	17
0.0318386	17
0.0318396	17
0.0318446	17
0.0318481	17
0.0318487	17
0.0318493	17
0.0318526	17
0.031853	17
0.031855	17
0.0318552	17
0.0318567	17
0.0318588	17
0.0318604	17
0.0318801	17
0.0318811	17
0.031882	17
0.0319202	17
0.0319294	17
0.0319294	17
0.0319381	17
0.0319613	17
0.0319625	17
0.0319941	17
0.0320115	17
0.0320591	17
0.0320831	17
0.0320936	17
0.0321112	17
0.0321133	17
0.0321147	17
0.0321166	17
0.0321169	17
0.0321189	17
0.0321193	17
0.0321214	17
0.032122	17
0.0321268	17
0.0321411	17
0.0321506	17
0.0321552	17
0.0321565	17
0.0321641	17
0.032176	17
0.0322586	17
0.0322843	17
0.0323282	17
0.0323395	17
0.0323661	17
0.0323793	17
0.0323871	17
0.0323954	17
0.0324373	17
0.0324482	17
0.0324984	17
0.0325009	17
0.0325014	17
0.0326928	17
0.0327526	17
0.0327721	17
0.0327725	17
0.032773	17
0.0327734	17
0.0327734	17
0.0327736	17
0.0327736	17
0.0327743	17
0.0327746	17
0.0327748	17
0.032775	17
0.032775	17
0.0327751	17
0.0327756	17
0.0327756	17
0.0327757	17
0.0327784	17
0.0327785	17
0.0327787	17
0.032779	17
0.0327792	17
0.0327796	17
0.0327802	17
0.0327812	17
0.0327816	17
0.0327821	17
0.0327821	17
0.0327835	17
0.032787	17
0.0327912	17
0.0327953	17
0.032798	17
0.0328021	17
0.0328068	17
0.032816	17
0.0328209	17
0.032823	17
0.0328659	17
0.0328753	17
0.0329289	17
0.0329341	17
0.032947	17
0.0329653	17
0.0329961	17
0.0330243	17
0.0330277	17
0.0330429	17
0.0331744	17
0.0331878	17
0.0331961	17
0.0332025	17
0.0333889	17
0.0335805	17
0.0335834	17
0.0335844	17
0.0335879	17
0.0335879	17
0.0335883	17
0.0335886	17
0.0335887	17
0.0335894	17
0.0335918	17
0.0336023	17
0.0336105	17
0.0336132	17
0.0336134	17
0.0336347	17
0.03365	17
0.0336835	17
0.0343366	17
0.0344552	17
0.0346349	17
0.0350213	17
0.0350215	17
0.0350216	17
0.0350217	17
0.0350223	17
0.035023	17
0.0350233	17
0.0350237	17
0.0350238	17
0.035024	17
0.0350241	17
0.0350248	17
0.0350252	17
0.0350254	17
0.035026	17
0.0350264	17
0.0350264	17
0.0350265	17
0.035027	17
0.0350278	17
0.0350285	17
0.0350288	17
0.0350292	17
0.0350297	17
0.0350302	17
0.0350302	17
0.0350307	17
0.0350315	17
0.0350322	17
0.0350325	17
0.0350331	17
0.0350336	17
0.0350336	17
0.0350344	17
0.0350346	17
0.0350348	17
0.0350367	17
0.0350369	17
0.035039	17
0.035039	17
0.0350404	17
0.0350406	17
0.0350443	17
0.0350455	17
0.0350498	17
0.0350559	17
0.0350572	17
0.0350607	17
0.0350681	17
0.03507	17
0.0350737	17
0.0350797	17
0.0351141	17
0.0351274	17
0.0385385	17
0.0385392	17
0.0385408	17
0.0385432	17
0.0385635	17
0.0385706	17
0.0385888	17
0.038599	17
0.0386021	17
0.038607	17
0.0386283	17
0.0386286	17
0.0386372	17
0.0386419	17
0.0386529	17
0.0386559	17
0.0386578	17
0.0386676	17
0.0386744	17
0.0386996	17
0.0387155	17
0.0387155	17
0.0387219	17
0.038723	17
0.0387298	17
0.0387358	17
0.0387449	17
0.0387472	17
0.0387475	17
0.0387612	17
0.0387615	17
0.0387677	17
0.0387679	17
0.038774	17
0.038776	17
0.0387894	17
0.0387897	17
0.0387954	17
0.0387993	17
0.0388029	17
0.0388104	17
0.0388106	17
0.0388257	17
0.0388387	17
0.0388521	17
0.0388549	17
0.0388681	17
0.0389348	17
0.0389375	17
0.0389376	17
0.0389434	17
0.0389621	17
0.0389781	17
0.0389797	17
0.0389984	17
0.0390159	17
0.0390267	17
0.0390337	17
0.0390494	17
0.0390496	17
0.0390709	17
0.0390796	17
0.0390967	17
0.0390984	17
0.0391066	17
0.0391067	17
0.0391185	17
0.0391254	17
0.0391267	17
0.0391384	17
0.0391504	17
0.0391594	17
0.0391616	17
0.0391619	17
0.0391745	17
0.0391842	17
0.0391913	17
0.0391973	17
0.0392144	17
0.0392198	17
0.0392224	17
0.0392235	17
0.0392241	17
0.0392348	17
0.0392472	17
0.0392535	17
0.0392717	17
0.0392966	17
0.0393001	17
0.0393027	17
0.0393075	17
0.0393077	17
0.0393078	17
0.0393176	17
0.0393202	17
0.0393214	17
0.0393236	17
0.0393414	17
0.0393578	17
0.0393619	17
0.0393671	17
0.0393858	17
0.0393947	17
0.0394107	17
0.0394351	17
0.0394569	17
0.0394615	17
0.0394808	17
0.039484	17
0.0394959	17
0.0395125	17
0.0395148	17
0.039534	17
0.0395406	17
0.0395505	17
0.0395566	17
0.0395655	17
0.0395656	17
0.0395916	17
0.0396048	17
0.0396392	17
0.0396566	17
0.0396853	17
0.0396915	17
0.0397823	17
0.0398179	17
0.0399294	17
0.0399468	17
0.0399978	17
0.0400075	17
0.0400208	17
0.0400224	17
0.0400368	17
0.0400462	17
0.040048	17
0.0400917	17
0.0401729	17
0.040178	17
0.0402461	17
0.040294	17
0.0403482	17
0.0403594	17
0.0403893	17
0.0405429	17
0.0405539	17
0.0405541	17
0.0406339	17
0.0406444	17
0.0408009	17
0.0410398	17
0.0410449	17
0.0410938	17
0.0411108	17
0.0412511	17
0.0413222	17
0.0414429	17
0.0415367	17
0.0415369	17
0.0415369	17
0.0415372	17
0.0415372	17
0.0415377	17
0.0415379	17
0.0415381	17
0.0415386	17
0.0415386	17
0.0415387	17
0.0415387	17
0.0415391	17
0.0415397	17
0.0415405	17
0.0415412	17
0.0415418	17
0.0415421	17
0.0415423	17
0.0415426	17
0.0415431	17
0.0415438	17
0.0415457	17
0.0415463	17
0.0415477	17
0.0415482	17
0.0415508	17
0.0415526	17
0.0415532	17
0.0415548	17
0.0415557	17
0.0415561	17
0.0415635	17
0.041564	17
0.0415711	17
0.0415741	17
0.0415793	17
0.0415922	17
0.0415973	17
0.0416035	17
0.0417649	17
0.0417835	17
0.0417859	17
0.04179	17
0.0417911	17
0.0417915	17
0.0418289	17
0.0418318	17
0.0418466	17
0.041853	17
0.0418537	17
0.0418576	17
0.041859	17
0.0418674	17
0.0418779	17
0.0418918	17
0.041902	17
0.0419034	17
0.0419035	17
0.0419134	17
0.0419207	17
0.0419479	17
0.04196	17
0.0420138	17
0.0420211	17
0.0420324	17
0.0420494	17
0.0420907	17
0.0420914	17
0.0420928	17
0.042104	17
0.0421085	17
0.0421101	17
0.0421136	17
0.0421198	17
0.0421203	17
0.0421225	17
0.0421231	17
0.0421234	17
0.0421235	17
0.042142	17
0.04215	17
0.0421545	17
0.0421587	17
0.042163	17
0.0421649	17
0.0421658	17
0.0421728	17
0.0421858	17
0.0421971	17
0.0422007	17
0.0422071	17
0.0422091	17
0.0422159	17
0.0422379	17
0.04224	17
0.0422487	17
0.0422514	17
0.0422555	17
0.0422676	17
0.0422808	17
0.0422835	17
0.0422895	17
0.0423118	17
0.0423194	17
0.0423235	17
0.0423398	17
0.0423398	17
0.0423466	17
0.0423662	17
0.0423759	17
0.0423834	17
0.0423978	17
0.0424015	17
0.0424026	17
0.0424067	17
0.04241	17
0.0424194	17
0.0424328	17
0.0424366	17
0.0424536	17
0.042469	17
0.0424963	17
0.0425261	17
0.0425777	17
0.0425991	17
0.0426235	17
0.0426474	17
0.0426494	17
0.0426754	17
0.042685	17
0.0427093	17
0.0427423	17
0.0427723	17
0.0428005	17
0.0428051	17
0.0428369	17
0.0428771	17
0.0429314	17
0.0429314	17
0.0429377	17
0.0429381	17
0.042939	17
0.0429393	17
0.0429407	17
0.0429457	17
0.0429471	17
0.0429494	17
0.0429504	17
0.0429549	17
0.0429577	17
0.0429812	17
0.0429824	17
0.0429827	17
0.0429848	17
0.0429862	17
0.0429883	17
0.0429968	17
0.0430031	17
0.0430037	17
0.043016	17
0.0430207	17
0.0430424	17
0.043047	17
0.0430509	17
0.0430516	17
0.0430571	17
0.043078	17
0.0430854	17
0.0430959	17
0.0431048	17
0.0431067	17
0.0431099	17
0.043127	17
0.0431278	17
0.0431308	17
0.0431325	17
0.0431357	17
0.0431363	17
0.0431376	17
0.0431521	17
0.0431534	17
0.0431705	17
0.0431715	17
0.0431814	17
0.0431817	17
0.04319	17
0.0431902	17
0.043232	17
0.0432562	17
0.0432564	17
0.0432569	17
0.0432575	17
0.0432592	17
0.0432594	17
0.0432596	17
0.0432598	17
0.0432603	17
0.0432621	17
0.043263	17
0.0432631	17
0.0432636	17
0.043264	17
0.0432643	17
0.0432658	17
0.043268	17
0.0432709	17
0.0432717	17
0.043272	17
0.0432727	17
0.0432751	17
0.0432752	17
0.0432776	17
0.0432784	17
0.0432821	17
0.0432871	17
0.0432924	17
0.0432934	17
0.0432942	17
0.0433026	17
0.0433054	17
0.0433067	17
0.0433112	17
0.0433117	17
0.0433203	17
0.0433301	17
0.0433463	17
0.0433464	17
0.0433466	17
0.0433466	17
0.0433467	17
0.0433469	17
0.0433469	17
0.0433469	17
0.0433475	17
0.0433475	17
0.0433477	17
0.0433478	17
0.0433485	17
0.0433492	17
0.0433492	17
0.0433495	17
0.0433496	17
0.0433499	17
0.0433499	17
0.0433506	17
0.0433508	17
0.0433509	17
0.0433512	17
0.0433518	17
0.0433519	17
0.0433526	17
0.0433528	17
0.0433533	17
0.0433538	17
0.0433538	17
0.0433545	17
0.0433552	17
0.0433565	17
0.043357	17
0.0433641	17
0.0433658	17
0.0433679	17
0.0433708	17
0.0433712	17
0.043372	17
0.043394	17
0.0434096	17
0.0434111	17
0.043414	17
0.0434332	17
0.0434688	17
0.0434827	17
0.043485	17
0.0434991	17
0.043525	17
0.043569	17
0.0435883	17
0.0435896	17
0.0436186	17
0.0436233	17
0.0436252	17
0.043674	17
0.0437421	17
0.0437457	17
0.0437773	17
0.0437812	17
0.043814	17
0.0438261	17
0.0438525	17
0.0438734	17
0.0439289	17
0.0439505	17
0.0440141	17
0.0440222	17
0.0440702	17
0.0444512	17
0.0446366	17
0.0447593	17
0.0449676	17
0.0449859	17
0.04514	17
0.0451458	17
0.0455528	17
0.0460254	17
0.0460529	17
0.0460777	17
0.0461406	17
0.0461539	17
0.0473286	17
0.0473295	17
0.0473304	17
0.0473311	17
0.0473317	17
0.0473342	17
0.0473353	17
0.0473362	17
0.0473366	17
0.0473373	17
0.047339	17
0.0473413	17
0.0473428	17
0.0473458	17
0.0473462	17
0.047349	17
0.0473518	17
0.047359	17
0.0473606	17
0.0473637	17
0.0473701	17
0.0473903	17
0.0474006	17
0.0474155	17
0.0474246	17
0.0474393	17
0.0474571	17
0.0474718	17
0.0474747	17
0.0474794	17
0.047485	17
0.0474878	17
0.0475317	17
0.0475651	17
0.0475703	17
0.047576	17
0.0476087	17
0.0476433	17
0.0476684	17
0.0477344	17
0.0477551	17
0.0477569	17
0.0477737	17
0.0478098	17
0.0478145	17
0.0478347	17
0.0478406	17
0.0478615	17
0.0478979	17
0.0479664	17
0.0479809	17
0.0480114	17
0.048022	17
0.0480311	17
0.0480465	17
0.0481219	17
0.0481584	17
0.0481611	17
0.0481632	17
0.0481709	17
0.0485532	17
0.0487057	17
0.0487831	17
0.048883	17
0.0488992	17
0.0489543	17
0.0489707	17
0.0489791	17
0.0489956	17
0.048999	17
0.0490899	17
0.0492967	17
0.049563	17
0.0498014	17
0.0498429	17
0.0498468	17
0.0498612	17
0.0500171	17
0.0500599	17
0.0510595	17
0.0510615	17
0.0522317	17
0.0559479	17
0.0559517	17
0.0559519	17
0.0559548	17
0.0559562	17
0.0559652	17
0.0559667	17
0.0559735	17
0.0559771	17
0.056059	17
0.0587925	17
0.0587927	17
0.0587928	17
0.0587931	17
0.0587933	17
0.0587937	17
0.0587948	17
0.0587953	17
0.0587958	17
0.0587971	17
0.0587975	17
0.0587978	17
0.0587984	17
0.0587993	17
0.0588009	17
0.0588019	17
0.0588047	17
0.058808	17
0.05881	17
0.0588105	17
0.058813	17
0.0588161	17
0.058819	17
0.0588197	17
0.0588222	17
0.0588298	17
0.0588323	17
0.0588448	17
0.0588849	17
0.0588873	17
0.0592443	17
0.0593166	17
0.0604414	17
0.0631409	17
0.0631494	17
0.0631633	17
0.0636009	17
0.063602	17
0.063627	17
0.0636291	17
0.0636368	17
0.0648344	17
0.0648344	17
0.064836	17
0.0648553	17
0.0649658	17
0.0649667	17
0.0663162	17
0.0669008	17
0.0669472	17
0.0669507	17
0.0693356	17
0.0693374	17
0.0693376	17
0.0693386	17
0.069341	17
0.0693433	17
0.0693437	17
0.0693439	17
0.069344	17
0.0693452	17
0.0693454	17
0.0693461	17
0.0693519	17
0.069359	17
0.0693815	17
0.0694081	17
0.0694328	17
0.0694825	17
0.0696689	17
0.0714566	17
0.071458	17
0.0714919	17
0.0714942	17
0.0715409	17
0.072686	17
0.0737582	17
0.0755626	17
0.0755768	17
0.0757113	17
0.0820924	17
0.0821299	17
0.082166	17
0.0825007	17
0.0825231	17
0.0825236	17
0.0859003	17
0.0859014	17
0.0859731	17
0.0860305	17
0.0890952	17
0.0890954	17
0.0890967	17
0.0903151	17
0.0906314	17
0.0906639	17
0.0906652	17
0.090667	17
0.0982456	17
0.0982665	17
0.0982673	17
0.0990767	17
0.0990867	17
0.0990892	17
0.0990896	17
0.0990927	17
0.0990962	17
0.0990987	17
0.0991473	17
0.099149	17
0.099279	17
0.0992889	17
0.0993374	17
0.0993562	17
0.100235	17
0.100239	17
0.101162	17
0.101166	17
0.10142	17
0.101442	17
0.101456	17
0.101489	17
0.104242	17
0.1055	17
0.105501	17
0.105519	17
0.105531	17
0.105534	17
0.105542	17
0.105547	17
0.105554	17
0.105571	17
0.105574	17
0.105589	17
0.105781	17
0.105849	17
0.105849	17
0.106058	17
0.106621	17
0.106648	17
0.106648	17
0.107095	17
0.108345	17
0.108861	17
0.108948	17
0.108951	17
0.108953	17
0.109111	17
0.109115	17
0.111612	17
0.111656	17
0.111658	17
0.114499	17
0.114506	17
0.114535	17
0.115791	17
0.118671	17
0.118787	17
0.120451	17
0.120476	17
0.120476	17
0.126443	17
0.126443	17
0.126444	17
0.126446	17
0.126446	17
0.133146	17
0.133155	17
0.133155	17
0.133156	17
0.133158	17
0.134076	17
0.137645	17
0.137645	17
0.137646	17
0.13766	17
0.13766	17
0.137838	17
0.137895	17
0.137895	17
0.138619	17
0.139382	17
0.139386	17
0.139458	17
0.13946	17
0.140911	17
0.14095	17
0.140956	17
0.142126	17
0.14231	17
0.142311	17
0.142438	17
0.142452	17
0.142452	17
0.142459	17
0.14252	17
0.142524	17
0.148755	17
0.148762	17
0.148806	17
0.15338	17
0.153909	17
0.15604	17
0.156058	17
0.156085	17
0.156087	17
0.16478	17
0.164781	17
0.164783	17
0.164785	17
0.164821	17
0.164823	17
0.164843	17
0.168307	17
0.168309	17
0.168327	17
0.168401	17
0.168406	17
0.168953	17
0.169024	17
0.16903	17
0.169043	17
0.169525	17
0.16958	17
0.170169	17
0.170206	17
0.170209	17
0.170545	17
0.170546	17
0.170551	17
0.173196	17
0.173198	17
0.173199	17
0.173322	17
0.173324	17
0.176646	17
0.176775	17
0.176777	17
0.179363	17
0.179425	17
0.179436	17
0.181933	17
0.181934	17
0.18196	17
0.181961	17
0.181967	17
0.185368	17
0.18537	17
0.185429	17
0.185433	17
0.1894	17
0.189402	17
0.190106	17
0.190168	17
0.190175	17
0.193216	17
0.193217	17
0.193423	17
0.193427	17
0.194155	17
0.194164	17
0.194167	17
0.195498	17
0.197723	17
0.197777	17
0.199147	17
0.199173	17
0.199173	17
0.199214	17
0.199216	17
0.202142	17
0.206463	17
0.206622	17
0.206626	17
0.208773	17
0.212444	17
0.212467	17
0.213807	17
0.21501	17
0.215049	17
0.215056	17
0.215105	17
0.216122	17
0.216123	17
0.216138	17
0.216138	17
0.216139	17
0.216145	17
0.216175	17
0.216226	17
0.216228	17
0.216796	17
0.216825	17
0.216825	17
0.216982	17
0.217002	17
0.217007	17
0.217233	17
0.217238	17
0.220892	17
0.22095	17
0.220965	17
0.221105	17
0.225795	17
0.225813	17
0.225929	17
0.225936	17
0.231926	17
0.231927	17
0.231972	17
0.231977	17
0.232035	17
0.236488	17
0.236488	17
0.236492	17
0.23709	17
0.2371	17
0.237124	17
0.237436	17
0.237451	17
0.237488	17
0.23753	17
0.240288	17
0.240289	17
0.240289	17
0.240317	17
0.240321	17
0.240989	17
0.244205	17
0.244205	17
0.244207	17
0.244208	17
0.244285	17
0.244286	17
0.244474	17
0.244478	17
0.244478	17
0.245602	17
0.245806	17
0.245818	17
0.24604	17
0.246055	17
0.246058	17
0.251475	17
0.251476	17
0.251478	17
0.251522	17
0.251523	17
0.254835	17
0.254843	17
0.25485	17
0.254853	17
0.258081	17
0.258085	17
0.258086	17
0.258098	17
0.260636	17
0.26579	17
0.265864	17
0.265864	17
0.271318	17
0.271398	17
0.271398	17
0.271548	17
0.271552	17
0.273562	17
0.273718	17
0.273726	17
0.276062	17
0.276093	17
0.276099	17
0.282409	17
0.282412	17
0.282416	17
0.282416	17
0.285233	17
0.285234	17
0.285234	17
0.285247	17
0.285278	17
0.28553	17
0.287687	17
0.28769	17
0.287692	17
0.287964	17
0.289431	17
0.289449	17
0.28945	17
0.289534	17
0.289543	17
0.28961	17
0.293226	17
0.293227	17
0.293235	17
0.300122	17
0.300167	17
0.300171	17
0.302663	17
0.302665	17
0.3027	17
0.302792	17
0.303685	17
0.306298	17
0.306306	17
0.306354	17
0.306389	17
0.306389	17
0.306397	17
0.306434	17
0.306438	17
0.309202	17
0.309224	17
0.309224	17
0.313115	17
0.313118	17
0.313125	17
0.313127	17
0.314468	17
0.31451	17
0.314539	17
0.314539	17
0.320557	17
0.320557	17
0.324608	17
0.324612	17
0.324682	17
0.325191	17
0.325196	17
0.325599	17
0.325607	17
0.325644	17
0.325716	17
0.326299	17
0.326311	17
0.326311	17
0.32637	17
0.326371	17
0.329066	17
0.329163	17
0.32917	17
0.333304	17
0.333385	17
0.3334	17
0.336763	17
0.342347	17
0.342435	17
0.342438	17
0.343818	17
0.343836	17
0.343836	17
0.343915	17
0.343926	17
0.344868	17
0.344873	17
0.344916	17
0.344922	17
0.350625	17
0.350769	17
0.35077	17
0.351754	17
0.351771	17
0.351773	17
0.352715	17
0.352717	17
0.352719	17
0.352763	17
0.352775	17
0.356138	17
0.35614	17
0.3562	17
0.3562	17
0.359836	17
0.359936	17
0.359947	17
0.362933	17
0.363088	17
0.363108	17
0.366482	17
0.366648	17
0.366678	17
0.36765	17
0.367722	17
0.367739	17
0.367944	17
0.36803	17
0.36804	17
0.368966	17
0.368996	17
0.374204	17
0.374204	17
0.374285	17
0.382096	17
0.382097	17
0.382099	17
0.38212	17
0.382121	17
0.382167	17
0.383299	17
0.383349	17
0.383356	17
0.383439	17
0.383835	17
0.383836	17
0.383868	17
0.386568	17
0.389316	17
0.389321	17
0.389346	17
0.389637	17
0.38965	17
0.389658	17
0.390423	17
0.390444	17
0.390446	17
0.390664	17
0.390721	17
0.39092	17
0.390945	17
0.392407	17
0.392456	17
0.392467	17
0.392623	17
0.392623	17
0.392772	17
0.392776	17
0.392808	17
0.392896	17
0.394285	17
0.394548	17
0.403745	17
0.403745	17
0.403785	17
0.403792	17
0.403793	17
0.404773	17
0.404836	17
0.404836	17
0.404955	17
0.404989	17
0.40499	17
0.405592	17
0.405866	17
0.411484	17
0.411485	17
0.411534	17
0.413216	17
0.413217	17
0.413218	17
0.413293	17
0.415002	17
0.415005	17
0.415097	17
0.416197	17
0.416201	17
0.416224	17
0.420125	17
0.420129	17
0.42016	17
0.420357	17
0.420358	17
0.420388	17
0.420409	17
0.42041	17
0.421428	17
0.421456	17
0.421498	17
0.423681	17
0.423719	17
0.423735	17
0.423785	17
0.429631	17
0.453379	17
0.453379	17
0.453383	17
0.453384	17
0.453389	17
0.453392	17
0.460762	17
0.460768	17
0.460769	17
0.460852	17
0.460859	17
0.468972	17
0.468974	17
0.469068	17
0.469068	17
0.475139	17
0.475174	17
0.475221	17
0.475225	17
0.475354	17
0.476116	17
0.476169	17
0.478274	17
0.478877	17
0.478944	17
0.487754	17
0.487755	17
0.487758	17
0.487761	17
0.487763	17
0.487766	17
0.489806	17
0.489824	17
0.489826	17
0.495348	17
0.495456	17
0.501888	17
0.501888	17
0.501889	17
0.501919	17
0.506595	17
0.506601	17
0.506602	17
0.506637	17
0.506639	17
0.506735	17
0.50674	17
0.507055	17
0.507139	17
0.507148	17
0.508264	17
0.508271	17
0.508271	17
0.523966	17
0.523968	17
0.524053	17
0.524059	17
0.530317	17
0.530369	17
0.530372	17
0.535802	17
0.535847	17
0.535848	17
0.535956	17
0.53604	17
0.536041	17
0.537621	17
0.537621	17
0.54962	17
0.549621	17
0.552504	17
0.552505	17
0.552507	17
0.560603	17
0.560616	17
0.560617	17
0.560734	17
0.560737	17
0.562765	17
0.563079	17
0.563081	17
0.574562	17
0.574614	17
0.574615	17
0.574657	17
0.574658	17
0.574666	17
0.574713	17
0.57506	17
0.575211	17
0.580069	17
0.58007	17
0.580089	17
0.584864	17
0.584881	17
0.584885	17
0.585045	17
0.5861	17
0.586102	17
0.586108	17
0.586131	17
0.586995	17
0.587016	17
0.587038	17
0.592598	17
0.592598	17
0.592599	17
0.594012	17
0.594049	17
0.594063	17
0.599935	17
0.600019	17
0.600024	17
0.600233	17
0.614662	17
0.614663	17
0.614663	17
0.614821	17
0.620179	17
0.62018	17
0.62018	17
0.623381	17
0.623385	17
0.623479	17
0.624053	17
0.624056	17
0.624128	17
0.628874	17
0.630069	17
0.630079	17
0.630082	17
0.63009	17
0.63011	17
0.630137	17
0.643889	17
0.643889	17
0.64389	17
0.643891	17
0.643897	17
0.64392	17
0.647308	17
0.647314	17
0.647382	17
0.648694	17
0.648694	17
0.648707	17
0.648719	17
0.66419	17
0.664192	17
0.66433	17
0.666053	17
0.666057	17
0.666105	17
0.669061	17
0.669121	17
0.671495	17
0.671496	17
0.673913	17
0.673978	17
0.67398	17
0.676569	17
0.67657	17
0.67664	17
0.676642	17
0.67765	17
0.680664	17
0.680666	17
0.680686	17
0.680749	17
0.680749	17
0.686118	17
0.686131	17
0.686131	17
0.695117	17
0.695422	17
0.695705	17
0.709667	17
0.709668	17
0.70967	17
0.70969	17
0.709767	17
0.709768	17
0.713736	17
0.713759	17
0.713762	17
0.714533	17
0.714585	17
0.714589	17
0.720417	17
0.720418	17
0.720436	17
0.720437	17
0.720628	17
0.720702	17
0.720745	17
0.720745	17
0.721555	17
0.737016	17
0.737019	17
0.737034	17
0.737037	17
0.737268	17
0.747148	17
0.747148	17
0.74715	17
0.747224	17
0.747365	17
0.747372	17
0.754094	17
0.754126	17
0.754135	17
0.754225	17
0.766847	17
0.766847	17
0.766849	17
0.779823	17
0.779826	17
0.779832	17
0.779835	17
0.779859	17
0.780345	17
0.780388	17
0.780391	17
0.780476	17
0.780535	17
0.780535	17
0.784544	17
0.784603	17
0.784606	17
0.786382	17
0.797154	17
0.79819	17
0.798198	17
0.798199	17
0.798222	17
0.798223	17
0.798851	17
0.798857	17
0.798874	17
0.798903	17
0.798903	17
0.800262	17
0.800399	17
0.801168	17
0.801178	17
0.8013	17
0.803488	17
0.803489	17
0.803586	17
0.803647	17
0.803649	17
0.808452	17
0.808588	17
0.80859	17
0.811222	17
0.811297	17
0.811298	17
0.811307	17
0.811491	17
0.811494	17
0.827274	17
0.827376	17
0.82738	17
0.828561	17
0.82887	17
0.828897	17
0.828911	17
0.828919	17
0.835247	17
0.835327	17
0.83533	17
0.843956	17
0.843956	17
0.843991	17
0.843992	17
0.847663	17
0.847692	17
0.847694	17
0.847696	17
0.850839	17
0.850862	17
0.850862	17
0.850907	17
0.85092	17
0.851024	17
0.851026	17
0.851038	17
0.85593	17
0.855954	17
0.855961	17
0.855998	17
0.856127	17
0.856519	17
0.856563	17
0.856567	17
0.856567	17
0.856572	17
0.856578	17
0.858383	17
0.858397	17
0.858406	17
0.861471	17
0.861545	17
0.861545	17
0.880463	17
0.880466	17
0.893047	17
0.893047	17
0.89314	17
0.893143	17
0.89817	17
0.898211	17
0.898211	17
0.898358	17
0.89837	17
0.89872	17
0.898883	17
0.898885	17
0.901233	17
0.901252	17
0.901254	17
0.906074	17
0.906195	17
0.906197	17
0.906375	17
0.906487	17
0.906492	17
0.909716	17
0.910206	17
0.912154	17
0.912154	17
0.913314	17
0.913319	17
0.913319	17
0.915599	17
0.917106	17
0.917233	17
0.917234	17
0.918179	17
0.918215	17
0.918215	17
0.918216	17
0.918219	17
0.918298	17
0.918319	17
0.918332	17
0.918354	17
0.92055	17
0.920576	17
0.920707	17
0.920713	17
0.923554	17
0.925232	17
0.925237	17
0.926828	17
0.926833	17
0.926838	17
0.929242	17
0.93119	17
0.931201	17
0.931211	17
0.931242	17
0.931242	17
0.931321	17
0.931459	17
0.931461	17
0.947392	17
0.947396	17
0.947434	17
0.947434	17
0.947457	17
0.947475	17
0.9476	17
0.947604	17
0.947768	17
0.947773	17
0.947946	17
0.948088	17
0.948297	17
0.949373	17
0.949386	17
0.949388	17
0.94947	17
0.94947	17
0.960938	17
0.960939	17
0.960941	17
0.961037	17
0.96104	17
0.964422	17
0.965753	17
0.965926	17
0.966883	17
0.966891	17
0.966891	17
0.966948	17
0.967032	17
0.967035	17
0.967157	17
0.967399	17
0.968593	17
0.968677	17
0.968845	17
0.986843	17
0.986844	17
0.986844	17
0.986863	17
0.988729	17
0.988735	17
0.988751	17
0.991419	17
0.991421	17
0.991423	17
0.991461	17
0.991612	17
0.991676	17
0.991679	17
0.991703	17
1.01062	17
1.01062	17
1.01063	17
1.0108	17
1.01759	17
1.0176	17
1.0176	17
1.0228	17
1.0228	17
1.02288	17
1.02804	17
1.04031	17
1.04032	17
1.04033	17
1.04303	17
1.04303	17
1.04304	17
1.04304	17
1.04528	17
1.04534	17
1.04535	17
1.05397	17
1.054	17
1.054	17
1.06134	17
1.06137	17
1.06151	17
1.06151	17
1.06258	17
1.06262	17
1.06262	17
1.06262	17
1.06407	17
1.06412	17
1.06412	17
1.06415	17
1.06416	17
1.06654	17
1.06655	17
1.06657	17
1.06657	17
1.06658	17
1.06708	17
1.06708	17
1.0671	17
1.07093	17
1.07093	17
1.07094	17
1.07845	17
1.07845	17
1.07845	17
1.07867	17
1.0806	17
1.08061	17
1.0808	17
1.08471	17
1.08477	17
1.0848	17
1.08493	17
1.09121	17
1.09123	17
1.09123	17
1.09124	17
1.10287	17
1.10288	17
1.10297	17
1.10581	17
1.10581	17
1.10581	17
1.10596	17
1.10596	17
1.10597	17
1.11563	17
1.11563	17
1.11861	17
1.11863	17
1.11869	17
1.11871	17
1.12315	17
1.12316	17
1.12316	17
1.12317	17
1.12328	17
1.1234	17
1.12341	17
1.12346	17
1.1239	17
1.1239	17
1.12409	17
1.12723	17
1.12726	17
1.12727	17
1.12764	17
1.12764	17
1.12767	17
1.12919	17
1.12921	17
1.12922	17
1.13419	17
1.1342	17
1.1342	17
1.13462	17
1.13694	17
1.14147	17
1.14152	17
1.14155	17
1.1416	17
1.1438	17
1.14384	17
1.14392	17
1.14707	17
1.14708	17
1.14739	17
1.16745	17
1.16745	17
1.16745	17
1.16751	17
1.18154	17
1.18154	17
1.18157	17
1.19485	17
1.19485	17
1.19486	17
1.19487	17
1.1949	17
1.19491	17
1.19983	17
1.20095	17
1.20095	17
1.20097	17
1.20097	17
1.20107	17
1.20112	17
1.20112	17
1.20234	17
1.20237	17
1.20237	17
1.20263	17
1.20268	17
1.20277	17
1.20277	17
1.2224	17
1.22245	17
1.22245	17
1.22724	17
1.22724	17
1.22736	17
1.22736	17
1.22746	17
1.22751	17
1.22752	17
1.22928	17
1.22975	17
1.22986	17
1.24728	17
1.24728	17
1.24737	17
1.24745	17
1.24745	17
1.24991	17
1.24997	17
1.24998	17
1.25034	17
1.25057	17
1.25057	17
1.25513	17
1.26128	17
1.26133	17
1.26134	17
1.26134	17
1.26916	17
1.26923	17
1.26924	17
1.27135	17
1.27152	17
1.27152	17
1.2739	17
1.27854	17
1.27854	17
1.27854	17
1.28325	17
1.28327	17
1.28333	17
1.28344	17
1.28344	17
1.28916	17
1.28921	17
1.28922	17
1.29148	17
1.29151	17
1.29151	17
1.30753	17
1.30753	17
1.30762	17
1.30762	17
1.31007	17
1.31009	17
1.31021	17
1.31021	17
1.31095	17
1.311	17
1.311	17
1.31196	17
1.31206	17
1.31207	17
1.31211	17
1.31243	17
1.31243	17
1.31517	17
1.31517	17
1.31521	17
1.31521	17
1.31725	17
1.31735	17
1.31736	17
1.32003	17
1.32014	17
1.32014	17
1.32031	17
1.32033	17
1.32033	17
1.32105	17
1.32113	17
1.32113	17
1.32352	17
1.32365	17
1.32365	17
1.32651	17
1.32651	17
1.32652	17
1.32688	17
1.32688	17
1.33158	17
1.33161	17
1.33161	17
1.33224	17
1.33232	17
1.33233	17
1.33233	17
1.33579	17
1.33587	17
1.33587	17
1.35169	17
1.35169	17
1.35558	17
1.35559	17
1.35563	17
1.36571	17
1.36571	17
1.36571	17
1.36571	17
1.36574	17
1.36579	17
1.36579	17
1.36731	17
1.36735	17
1.36735	17
1.36986	17
1.36988	17
1.36989	17
1.37465	17
1.37471	17
1.37471	17
1.37511	17
1.37518	17
1.37521	17
1.37521	17
1.37684	17
1.37689	17
1.3769	17
1.3769	17
1.38372	17
1.38374	17
1.38382	17
1.38394	17
1.38394	17
1.39795	17
1.39803	17
1.39803	17
1.39803	17
1.43258	17
1.43259	17
1.43259	17
1.43264	17
1.43264	17
1.43443	17
1.43473	17
1.43475	17
1.43475	17
1.43476	17
1.43476	17
1.43885	17
1.44993	17
1.45017	17
1.45434	17
1.45445	17
1.45445	17
1.46649	17
1.46649	17
1.46649	17
1.46667	17
1.46667	17
1.47883	17
1.47884	17
1.47885	17
1.48195	17
1.49813	17
1.49814	17
1.49825	17
1.49825	17
1.50178	17
1.50182	17
1.5019	17
1.5019	17
1.5051	17
1.50523	17
1.50523	17
1.51005	17
1.51007	17
1.51008	17
1.51156	17
1.51156	17
1.51161	17
1.51161	17
1.51364	17
1.51367	17
1.51367	17
1.51711	17
1.51722	17
1.51722	17
1.51921	17
1.51931	17
1.51931	17
1.52686	17
1.54118	17
1.54121	17
1.54121	17
1.54129	17
1.54129	17
1.54483	17
1.54485	17
1.54486	17
1.54991	17
1.54995	17
1.54996	17
1.5519	17
1.55311	17
1.55311	17
1.55316	17
1.55316	17
1.55601	17
1.55603	17
1.55603	17
1.56997	17
1.56997	17
1.56998	17
1.56998	17
1.5753	17
1.57535	17
1.57536	17
1.58858	17
1.58859	17
1.58874	17
1.58875	17
1.59208	17
1.59211	17
1.59212	17
1.5928	17
1.59286	17
1.59286	17
1.59554	17
1.59559	17
1.5956	17
1.60343	17
1.60353	17
1.6036	17
1.6036	17
1.60393	17
1.60395	17
1.60396	17
1.61035	17
1.61041	17
1.61042	17
1.61113	17
1.61116	17
1.61116	17
1.6221	17
1.62211	17
1.62211	17
1.65436	17
1.65436	17
1.65445	17
1.65446	17
1.66076	17
1.66076	17
1.66076	17
1.6608	17
1.66081	17
1.66631	17
1.66636	17
1.66637	17
1.66875	17
1.66877	17
1.66878	17
1.66994	17
1.66995	17
1.67008	17
1.67008	17
1.67159	17
1.67165	17
1.67165	17
1.68192	17
1.68197	17
1.68199	17
1.68199	17
1.68916	17
1.68917	17
1.68919	17
1.68919	17
1.69112	17
1.69998	17
1.70001	17
1.70018	17
1.7002	17
1.70277	17
1.70472	17
1.70664	17
1.70671	17
1.70671	17
1.70671	17
1.70678	17
1.70679	17
1.70861	17
1.70861	17
1.70862	17
1.71817	17
1.71817	17
1.71824	17
1.71824	17
1.72491	17
1.72491	17
1.72491	17
1.72492	17
1.73387	17
1.73387	17
1.7339	17
1.7339	17
1.73735	17
1.73736	17
1.73736	17
1.74682	17
1.74705	17
1.74706	17
1.74742	17
1.74744	17
1.74749	17
1.74932	17
1.74933	17
1.74954	17
1.74954	17
1.7545	17
1.75457	17
1.75457	17
1.7562	17
1.75636	17
1.75637	17
1.75712	17
1.75713	17
1.75718	17
1.75718	17
1.76274	17
1.76281	17
1.76283	17
1.76283	17
1.76979	17
1.7698	17
1.7698	17
1.7789	17
1.7789	17
1.77928	17
1.77928	17
1.78087	17
1.78388	17
1.78402	17
1.78593	17
1.78595	17
1.78595	17
1.78691	17
1.78694	17
1.78694	17
1.78695	17
1.78695	17
1.79577	17
1.79577	17
1.79589	17
1.7959	17
1.80435	17
1.80585	17
1.80586	17
1.80644	17
1.82288	17
1.82288	17
1.823	17
1.82301	17
1.82986	17
1.82994	17
1.82994	17
1.85118	17
1.85119	17
1.85119	17
1.85119	17
1.88531	17
1.88532	17
1.88533	17
1.88533	17
1.88542	17
1.88543	17
1.88898	17
1.88902	17
1.88902	17
1.8893	17
1.88936	17
1.88937	17
1.89423	17
1.89426	17
1.89428	17
1.89528	17
1.90229	17
1.90232	17
1.90233	17
1.90234	17
1.90333	17
1.90338	17
1.9034	17
1.9077	17
1.9079	17
1.90791	17
1.91045	17
1.91053	17
1.91056	17
1.91432	17
1.91437	17
1.9145	17
1.91452	17
1.92033	17
1.92035	17
1.92035	17
1.92035	17
1.92228	17
1.93027	17
1.93028	17
1.95133	17
1.95133	17
1.95134	17
1.95134	17
1.95135	17
1.95135	17
1.95192	17
1.95192	17
1.95192	17
1.95217	17
1.95218	17
1.95218	17
1.95784	17
1.95799	17
1.95799	17
1.9602	17
1.96021	17
1.96026	17
1.96028	17
1.96091	17
1.96094	17
1.96096	17
1.96096	17
1.96411	17
1.96412	17
1.96412	17
1.96541	17
1.96545	17
1.96547	17
1.96811	17
1.97381	17
1.97388	17
1.97388	17
1.97791	17
1.97802	17
1.97802	17
1.99255	17
1.99255	17
1.99256	17
1.99256	17
1.99259	17
1.99263	17
1.99576	17
2.00366	17
2.00367	17
2.01521	17
2.02398	17
2.02398	17
2.02398	17
2.02399	17
2.02399	17
2.024	17
2.02402	17
2.0241	17
2.02413	17
2.0242	17
2.02479	17
2.02479	17
2.0248	17
2.02566	17
2.02567	17
2.0257	17
2.02575	17
2.02858	17
2.02864	17
2.02877	17
2.0329	17
2.03292	17
2.03303	17
2.03412	17
2.03418	17
2.03423	17
2.03494	17
2.03845	17
2.03854	17
2.03856	17
2.03858	17
2.04017	17
2.04021	17
2.04023	17
2.04108	17
2.04109	17
2.04129	17
2.0413	17
2.04137	17
2.0416	17
2.05776	17
2.05778	17
2.05844	17
2.05918	17
2.05919	17
2.06331	17
2.06332	17
2.06333	17
2.0634	17
2.08234	17
2.08235	17
2.08258	17
2.08613	17
2.10025	17
2.10025	17
2.10029	17
2.10029	17
2.1003	17
2.10493	17
2.10499	17
2.105	17
2.10687	17
2.10688	17
2.10688	17
2.11054	17
2.11059	17
2.11078	17
2.11079	17
2.11643	17
2.11644	17
2.11645	17
2.11692	17
2.11694	17
2.11698	17
2.11699	17
2.11703	17
2.1223	17
2.12234	17
2.12234	17
2.12961	17
2.12961	17
2.12963	17
2.13086	17
2.13092	17
2.13093	17
2.13096	17
2.14326	17
2.14348	17
2.14348	17
2.1435	17
2.14351	17
2.14654	17
2.15544	17
2.1555	17
2.1555	17
2.17325	17
2.1733	17
2.1733	17
2.17587	17
2.17793	17
2.17797	17
2.17798	17
2.17798	17
2.178	17
2.18843	17
2.18843	17
2.18844	17
2.18869	17
2.1887	17
2.18883	17
2.19592	17
2.19592	17
2.20212	17
2.20212	17
2.20213	17
2.20214	17
2.20245	17
2.20245	17
2.20251	17
2.20699	17
2.20699	17
2.20701	17
2.22067	17
2.22067	17
2.22075	17
2.22176	17
2.22177	17
2.22177	17
2.22185	17
2.22222	17
2.22222	17
2.24519	17
2.24519	17
2.24519	17
2.2452	17
2.24523	17
2.24658	17
2.24658	17
2.2467	17
2.24755	17
2.24755	17
2.2476	17
2.25012	17
2.25013	17
2.25253	17
2.25262	17
2.25264	17
2.2527	17
2.25614	17
2.25614	17
2.26512	17
2.26513	17
2.26513	17
2.26732	17
2.26732	17
2.26732	17
2.26733	17
2.27825	17
2.27826	17
2.27827	17
2.28409	17
2.2841	17
2.28411	17
2.28412	17
2.2888	17
2.28893	17
2.28895	17
2.2894	17
2.29089	17
2.29092	17
2.29094	17
2.29094	17
2.30208	17
2.30208	17
2.30209	17
2.30209	17
2.31621	17
2.31622	17
2.32219	17
2.32219	17
2.3222	17
2.3222	17
2.33247	17
2.33248	17
2.33367	17
2.3337	17
2.33378	17
2.33378	17
2.33584	17
2.33584	17
2.33585	17
2.33596	17
2.33597	17
2.33598	17
2.34222	17
2.34222	17
2.3425	17
2.34252	17
2.34253	17
2.34259	17
2.35185	17
2.35187	17
2.35187	17
2.35989	17
2.36889	17
2.36908	17
2.3691	17
2.36927	17
2.37127	17
2.37128	17
2.37131	17
2.37181	17
2.39842	17
2.39843	17
2.39845	17
2.39846	17
2.39846	17
2.39849	17
2.39856	17
2.39856	17
2.40299	17
2.4031	17
2.40312	17
2.40495	17
2.413	17
2.413	17
2.413	17
2.41303	17
2.41305	17
2.42838	17
2.42838	17
2.42839	17
2.42841	17
2.42865	17
2.43012	17
2.43012	17
2.4302	17
2.44177	17
2.44178	17
2.44178	17
2.44179	17
2.44594	17
2.44595	17
2.44597	17
2.4624	17
2.46539	17
2.46544	17
2.46544	17
2.46545	17
2.48022	17
2.48022	17
2.48023	17
2.48024	17
2.4913	17
2.49132	17
2.49142	17
2.49142	17
2.49851	17
2.49857	17
2.49863	17
2.50193	17
2.50198	17
2.50199	17
2.50199	17
2.51508	17
2.51509	17
2.51511	17
2.51513	17
2.53532	17
2.54163	17
2.54166	17
2.54166	17
2.54167	17
2.54169	17
2.5417	17
2.54368	17
2.5437	17
2.5437	17
2.5437	17
2.5526	17
2.55261	17
2.55262	17
2.55312	17
2.55316	17
2.55316	17
2.55321	17
2.55579	17
2.5558	17
2.55583	17
2.56512	17
2.56515	17
2.56517	17
2.56955	17
2.56968	17
2.56975	17
2.56976	17
2.56976	17
2.57056	17
2.57058	17
2.57058	17
2.57508	17
2.57509	17
2.58388	17
2.58397	17
2.58401	17
2.58761	17
2.59409	17
2.5941	17
2.5941	17
2.59414	17
2.59419	17
2.59419	17
2.59643	17
2.59643	17
2.59648	17
2.59648	17
2.60359	17
2.6074	17
2.63019	17
2.6302	17
2.6302	17
2.6302	17
2.63025	17
2.63025	17
2.64283	17
2.64285	17
2.64287	17
2.66804	17
2.66805	17
2.66809	17
2.6681	17
2.66815	17
2.67625	17
2.68733	17
2.68733	17
2.68747	17
2.68749	17
2.69437	17
2.69444	17
2.69444	17
2.69452	17
2.69457	17
2.69458	17
2.69458	17
2.6946	17
2.6946	17
2.70693	17
2.70693	17
2.70698	17
2.70709	17
2.70795	17
2.70866	17
2.70871	17
2.70872	17
2.71434	17
2.71445	17
2.71448	17
2.7163	17
2.71632	17
2.71634	17
2.71634	17
2.7205	17
2.72052	17
2.72052	17
2.73614	17
2.73616	17
2.73616	17
2.74461	17
2.74461	17
2.74463	17
2.74463	17
2.74774	17
2.74782	17
2.74782	17
2.75099	17
2.751	17
2.75892	17
2.75901	17
2.75902	17
2.75906	17
2.75915	17
2.77229	17
2.7774	17
2.77746	17
2.77746	17
2.78169	17
2.79851	17
2.79852	17
2.84048	17
2.8405	17
2.8405	17
2.84053	17
2.84054	17
2.84054	17
2.84908	17
2.84909	17
2.84922	17
2.84922	17
2.8494	17
2.84945	17
2.84945	17
2.8549	17
2.85958	17
2.85958	17
2.8597	17
2.86579	17
2.8658	17
2.88615	17
2.88617	17
2.88619	17
2.88621	17
2.88628	17
2.88629	17
2.88629	17
2.89289	17
2.89289	17
2.89294	17
2.89294	17
2.91105	17
2.91172	17
2.91173	17
2.91179	17
2.91179	17
2.92396	17
2.92403	17
2.92406	17
2.92407	17
2.93595	17
2.93595	17
2.93611	17
2.93611	17
2.95391	17
2.95396	17
2.95396	17
2.95646	17
2.95648	17
2.95649	17
2.95649	17
2.97267	17
2.97267	17
2.97276	17
2.97276	17
3.00405	17
3.00405	17
3.00417	17
3.00417	17
3.01042	17
3.01047	17
3.01047	17
3.01332	17
3.01335	17
3.01335	17
3.01668	17
3.01673	17
3.01673	17
3.02526	17
3.02528	17
3.02529	17
3.03405	17
3.03405	17
3.03413	17
3.03414	17
3.04307	17
3.04307	17
3.06285	17
3.06286	17
3.0629	17
3.06291	17
3.06292	17
3.07093	17
3.08623	17
3.08624	17
3.12255	17
3.12256	17
3.12256	17
3.12264	17
3.12265	17
3.12519	17
3.12521	17
3.12521	17
3.12645	17
3.12646	17
3.12652	17
3.12653	17
3.13188	17
3.1532	17
3.15322	17
3.15325	17
3.15325	17
3.15972	17
3.15973	17
3.15976	17
3.15976	17
3.16003	17
3.16011	17
3.16011	17
3.17505	17
3.17515	17
3.17515	17
3.17755	17
3.19022	17
3.19022	17
3.1903	17
3.19032	17
3.19032	17
3.19055	17
3.19055	17
3.1906	17
3.19061	17
3.19386	17
3.19396	17
3.19396	17
3.19827	17
3.19828	17
3.19829	17
3.19829	17
3.21922	17
3.22265	17
3.22266	17
3.22274	17
3.22277	17
3.22277	17
3.22983	17
3.22994	17
3.22994	17
3.23014	17
3.23015	17
3.23016	17
3.23016	17
3.23786	17
3.23787	17
3.23791	17
3.23791	17
3.23965	17
3.23981	17
3.23981	17
3.24154	17
3.2416	17
3.24174	17
3.24174	17
3.24239	17
3.24244	17
3.2425	17
3.2425	17
3.25944	17
3.25952	17
3.25952	17
3.26355	17
3.26364	17
3.26364	17
3.27582	17
3.27582	17
3.27583	17
3.27583	17
3.28171	17
3.28173	17
3.28175	17
3.28175	17
3.28864	17
3.28866	17
3.28879	17
3.28879	17
3.29079	17
3.2908	17
3.2908	17
3.29909	17
3.2991	17
3.2991	17
3.3007	17
3.3007	17
3.30071	17
3.30277	17
3.3051	17
3.3051	17
3.31729	17
3.31731	17
3.31732	17
3.31732	17
3.32015	17
3.32018	17
3.32027	17
3.32027	17
3.32089	17
3.32094	17
3.32131	17
3.32131	17
3.32265	17
3.32287	17
3.32287	17
3.32448	17
3.32453	17
3.32453	17
3.33135	17
3.33141	17
3.33141	17
3.3491	17
3.3491	17
3.34917	17
3.34917	17
3.39775	17
3.39775	17
3.39776	17
3.39778	17
3.39778	17
3.40235	17
3.40236	17
3.40236	17
3.41073	17
3.41293	17
3.41293	17
3.41298	17
3.41324	17
3.41324	17
3.41381	17
3.42573	17
3.42574	17
3.43044	17
3.43046	17
3.4305	17
3.43057	17
3.43057	17
3.43453	17
3.43461	17
3.43461	17
3.43501	17
3.43502	17
3.43503	17
3.43789	17
3.43797	17
3.43797	17
3.43816	17
3.43844	17
3.43847	17
3.43853	17
3.43853	17
3.43854	17
3.46434	17
3.46438	17
3.46439	17
3.46444	17
3.46461	17
3.46461	17
3.46501	17
3.47253	17
3.47333	17
3.50344	17
3.50345	17
3.54792	17
3.54792	17
3.54793	17
3.54793	17
3.54794	17
3.54797	17
3.54797	17
3.55303	17
3.55308	17
3.55318	17
3.55318	17
3.56376	17
3.56377	17
3.56377	17
3.56378	17
3.59107	17
3.59107	17
3.59145	17
3.59145	17
3.59916	17
3.59917	17
3.59918	17
3.60261	17
3.60271	17
3.60271	17
3.60703	17
3.60726	17
3.60726	17
3.61112	17
3.61113	17
3.61113	17
3.61279	17
3.61286	17
3.61286	17
3.61338	17
3.61339	17
3.61339	17
3.61721	17
3.61722	17
3.61722	17
3.61744	17
3.61748	17
3.61748	17
3.6268	17
3.6268	17
3.6268	17
3.63055	17
3.63059	17
3.63062	17
3.63063	17
3.63099	17
3.631	17
3.63103	17
3.63104	17
3.63584	17
3.6634	17
3.66346	17
3.66354	17
3.69412	17
3.69413	17
3.69423	17
3.69434	17
3.69434	17
3.70086	17
3.70087	17
3.7009	17
3.7009	17
3.70912	17
3.70914	17
3.70915	17
3.71542	17
3.71543	17
3.71571	17
3.71571	17
3.71584	17
3.71586	17
3.71588	17
3.7159	17
3.71732	17
3.71734	17
3.71735	17
3.72246	17
3.72246	17
3.72252	17
3.72252	17
3.74066	17
3.74079	17
3.74079	17
3.74786	17
3.74787	17
3.74787	17
3.75499	17
3.76136	17
3.76136	17
3.7614	17
3.76141	17
3.76142	17
3.76476	17
3.76479	17
3.76489	17
3.76489	17
3.76831	17
3.76835	17
3.76843	17
3.76843	17
3.78588	17
3.78602	17
3.78602	17
3.79643	17
3.79646	17
3.79655	17
3.79657	17
3.79657	17
3.79806	17
3.83038	17
3.83038	17
3.83038	17
3.83043	17
3.83052	17
3.83053	17
3.8341	17
3.83413	17
3.83414	17
3.84505	17
3.84505	17
3.84508	17
3.84508	17
3.85005	17
3.85016	17
3.85017	17
3.85498	17
3.85501	17
3.85501	17
3.85613	17
3.85675	17
3.8688	17
3.86882	17
3.86884	17
3.86885	17
3.86885	17
3.87983	17
3.87986	17
3.87987	17
3.90499	17
3.90499	17
3.90515	17
3.90515	17
3.91238	17
3.92896	17
3.92902	17
3.92903	17
3.92904	17
3.93538	17
3.93551	17
3.93551	17
3.93924	17
3.93934	17
3.93934	17
3.9408	17
3.94088	17
3.94102	17
3.94103	17
3.95001	17
3.95007	17
3.95007	17
3.95395	17
3.96907	17
3.96907	17
3.9692	17
3.96923	17
3.96926	17
3.96931	17
3.96932	17
3.96933	17
3.97237	17
3.9724	17
3.97241	17
3.97884	17
3.97903	17
3.97904	17
3.98553	17
3.98553	17
3.98556	17
3.98556	17
3.99215	17
3.99216	17
3.99216	17
3.9976	17
3.99778	17
3.9978	17
4.00529	17
4.00553	17
4.00553	17
4.00694	17
4.00703	17
4.00705	17
4.00722	17
4.00729	17
4.00729	17
4.0261	17
4.0261	17
4.0261	17
4.0261	17
4.02728	17
4.02751	17
4.02752	17
4.03549	17
4.03564	17
4.03564	17
4.03605	17
4.03609	17
4.03609	17
4.04894	17
4.04905	17
4.04905	17
4.05424	17
4.05429	17
4.05429	17
4.05689	17
4.05695	17
4.05695	17
4.05711	17
4.05714	17
4.05716	17
4.05716	17
4.06829	17
4.06837	17
4.06837	17
4.08574	17
4.08577	17
4.0858	17
4.08581	17
4.08863	17
4.08873	17
4.08874	17
4.10239	17
4.1024	17
4.10241	17
4.10273	17
4.10281	17
4.10281	17
4.10308	17
4.10308	17
4.10309	17
4.10815	17
4.10965	17
4.10967	17
4.1097	17
4.1097	17
4.12889	17
4.12889	17
4.12889	17
4.12889	17
4.13155	17
4.13155	17
4.13155	17
4.13596	17
4.13613	17
4.13614	17
4.13726	17
4.13728	17
4.13733	17
4.13733	17
4.13941	17
4.13954	17
4.13954	17
4.14327	17
4.14329	17
4.14334	17
4.16739	17
4.16739	17
4.1674	17
4.17484	17
4.17488	17
4.17488	17
4.17494	17
4.17494	17
4.18119	17
4.1812	17
4.18135	17
4.18136	17
4.18153	17
4.18154	17
4.18155	17
4.19091	17
4.1913	17
4.19137	17
4.19138	17
4.19138	17
4.19819	17
4.19822	17
4.19823	17
4.20784	17
4.20786	17
4.20786	17
4.21835	17
4.21841	17
4.21841	17
4.21847	17
4.21848	17
4.22433	17
4.22454	17
4.22454	17
4.24665	17
4.24976	17
4.24976	17
4.24984	17
4.24985	17
4.25198	17
4.25207	17
4.25213	17
4.25213	17
4.3455	17
4.3455	17
4.34821	17
4.34821	17
4.34896	17
4.34901	17
4.34901	17
4.35036	17
4.35042	17
4.35042	17
4.35247	17
4.35261	17
4.35262	17
4.37112	17
4.37121	17
4.37121	17
4.37142	17
4.3715	17
4.37152	17
4.37468	17
4.37476	17
4.37476	17
4.37499	17
4.37683	17
4.37683	17
4.38217	17
4.38218	17
4.38222	17
4.38223	17
4.39255	17
4.39271	17
4.39283	17
4.39284	17
4.39411	17
4.39686	17
4.39696	17
4.41027	17
4.41036	17
4.41036	17
4.41037	17
4.41038	17
4.43108	17
4.43108	17
4.43117	17
4.43117	17
4.43595	17
4.43615	17
4.43615	17
4.43969	17
4.44997	17
4.45005	17
4.45006	17
4.47585	17
4.47585	17
4.47585	17
4.47586	17
4.47587	17
4.48807	17
4.4881	17
4.48811	17
4.49279	17
4.49281	17
4.49287	17
4.49288	17
4.50226	17
4.50235	17
4.50236	17
4.50236	17
4.50282	17
4.50283	17
4.50286	17
4.50286	17
4.51624	17
4.51625	17
4.5163	17
4.5163	17
4.51925	17
4.51931	17
4.51931	17
4.55644	17
4.55645	17
4.55646	17
4.55647	17
4.55832	17
4.55837	17
4.55837	17
4.57548	17
4.57554	17
4.57555	17
4.57828	17
4.57829	17
4.5783	17
4.5783	17
4.5871	17
4.58716	17
4.58734	17
4.58735	17
4.58957	17
4.58994	17
4.58995	17
4.59521	17
4.59546	17
4.59546	17
4.59601	17
4.59611	17
4.59612	17
4.59613	17
4.60034	17
4.60037	17
4.60037	17
4.60587	17
4.61552	17
4.61558	17
4.62682	17
4.62683	17
4.62684	17
4.6269	17
4.6269	17
4.62981	17
4.63184	17
4.63188	17
4.63193	17
4.63195	17
4.63645	17
4.63648	17
4.63648	17
4.64492	17
4.64494	17
4.64494	17
4.64586	17
4.6459	17
4.6459	17
4.656	17
4.65607	17
4.65614	17
4.65617	17
4.66906	17
4.66907	17
4.66915	17
4.66916	17
4.66931	17
4.66935	17
4.66936	17
4.68184	17
4.68186	17
4.68186	17
4.68206	17
4.68207	17
4.68207	17
4.69617	17
4.69619	17
4.69619	17
4.69632	17
4.69646	17
4.69646	17
4.70586	17
4.70587	17
4.7059	17
4.7059	17
4.71763	17
4.71766	17
4.71767	17
4.71864	17
4.71865	17
4.71867	17
4.72323	17
4.72329	17
4.72329	17
4.77616	17
4.77617	17
4.78606	17
4.78607	17
4.78607	17
4.78619	17
4.7862	17
4.80706	17
4.82704	17
4.82704	17
4.82712	17
4.82713	17
4.82718	17
4.82719	17
4.83801	17
4.83806	17
4.83806	17
4.85228	17
4.8524	17
4.8524	17
4.85628	17
4.85629	17
4.8563	17
4.8647	17
4.86476	17
4.86477	17
4.86479	17
4.8648	17
4.86774	17
4.86778	17
4.86778	17
4.88835	17
4.8885	17
4.88851	17
4.93977	17
4.93983	17
4.93983	17
4.93993	17
4.93993	17
4.95308	17
4.9531	17
4.95318	17
4.95319	17
4.95568	17
4.9557	17
4.95591	17
4.95593	17
4.96621	17
4.96622	17
4.96631	17
4.96632	17
4.96678	17
4.9669	17
4.9669	17
4.97246	17
4.97248	17
4.9725	17
4.9725	17
4.97543	17
4.97552	17
4.97556	17
4.97556	17
4.98178	17
4.98189	17
4.98189	17
4.98495	17
4.98502	17
4.98503	17
4.98504	17
5.02531	17
5.02531	17
5.02556	17
5.02558	17
5.03151	17
5.03154	17
5.03157	17
5.04363	17
5.04372	17
5.04372	17
5.04714	17
5.08085	17
5.08088	17
5.08088	17
5.08101	17
5.08102	17
5.08707	17
5.08712	17
5.08713	17
5.10452	17
5.10453	17
5.1046	17
5.1046	17
5.11016	17
5.11018	17
5.11019	17
5.1102	17
5.11926	17
5.11926	17
5.11929	17
5.12059	17
5.12326	17
5.12327	17
5.12327	17
5.12338	17
5.12338	17
5.12344	17
5.12355	17
5.12359	17
5.14501	17
5.14508	17
5.14508	17
5.15394	17
5.15397	17
5.154	17
5.15401	17
5.20292	17
5.20297	17
5.20297	17
5.2043	17
5.20431	17
5.20432	17
5.20432	17
5.20442	17
5.20443	17
5.20523	17
5.20527	17
5.20527	17
5.20954	17
5.20957	17
5.20958	17
5.20958	17
5.21134	17
5.21134	17
5.21139	17
5.21142	17
5.22594	17
5.22595	17
5.22596	17
5.22596	17
5.23984	17
5.23984	17
5.2399	17
5.23991	17
5.24309	17
5.24322	17
5.24324	17
5.24994	17
5.2501	17
5.2501	17
5.25016	17
5.25016	17
5.25243	17
5.25246	17
5.25248	17
5.25248	17
5.2613	17
5.26139	17
5.26139	17
5.26141	17
5.26196	17
5.26287	17
5.26295	17
5.26297	17
5.26298	17
5.27578	17
5.27592	17
5.27595	17
5.27835	17
5.2784	17
5.27841	17
5.27841	17
5.27874	17
5.27878	17
5.27878	17
5.2788	17
5.28031	17
5.28045	17
5.28045	17
5.29653	17
5.29653	17
5.29655	17
5.29656	17
5.30078	17
5.30079	17
5.3008	17
5.30082	17
5.3185	17
5.3185	17
5.3185	17
5.31855	17
5.34347	17
5.34347	17
5.3436	17
5.34362	17
5.35356	17
5.35358	17
5.35359	17
5.37271	17
5.37274	17
5.37274	17
5.37275	17
5.37275	17
5.37861	17
5.37866	17
5.37885	17
5.37886	17
5.38421	17
5.38424	17
5.38431	17
5.38432	17
5.38648	17
5.38648	17
5.38657	17
5.38657	17
5.40116	17
5.40117	17
5.40117	17
5.41392	17
5.41392	17
5.41395	17
5.41397	17
5.44851	17
5.44852	17
5.44852	17
5.44872	17
5.44872	17
5.45049	17
5.45057	17
5.45058	17
5.45059	17
5.45312	17
5.45316	17
5.45316	17
5.45558	17
5.47696	17
5.47699	17
5.47704	17
5.88808	17
5.88809	17
5.8881	17
5.88916	17
5.89015	17
5.89015	17
5.8991	17
5.89917	17
5.89918	17
5.90547	17
5.90569	17
5.9057	17
5.91919	17
5.9192	17
5.91932	17
5.91934	17
5.92327	17
5.9233	17
5.9233	17
5.95068	17
5.95068	17
5.95073	17
5.95074	17
5.95363	17
5.95364	17
5.9537	17
5.95372	17
5.96458	17
5.96469	17
5.96472	17
5.96655	17
5.97081	17
5.97082	17
5.97559	17
5.9756	17
5.9756	17
5.9756	17
5.97561	17
5.98243	17
6.81259	17
6.81265	17
6.81265	17
6.81318	17
6.81319	17
6.81778	17
6.81786	17
6.81788	17
6.81955	17
6.82063	17
6.82071	17
6.82909	17
6.82913	17
6.82914	17
6.82914	17
6.82917	17
6.83188	17
6.83192	17
6.83193	17
6.86455	17
6.86455	17
6.86455	17
6.86456	17
6.87137	17
6.87138	17
6.87141	17
6.87144	17
6.87543	17
6.87544	17
6.87557	17
6.8756	17
6.87583	17
6.87604	17
6.87604	17
6.89264	17
6.89276	17
6.89277	17
6.90858	17
6.90858	17
6.90859	17
6.90869	17
6.90872	17
6.91985	17
6.92167	17
6.92168	17
6.92186	17
6.92186	17
6.92326	17
6.92335	17
6.92337	17
6.9372	17
6.93721	17
6.93724	17
6.93724	17
6.93786	17
6.93792	17
6.93792	17
6.93905	17
6.9391	17
6.93912	17
6.93912	17
6.94876	17
6.94879	17
6.94879	17
6.95197	17
6.95198	17
6.95198	17
6.96342	17
6.97076	17
6.97079	17
6.97083	17
6.97083	17
6.9953	17
6.9953	17
6.99532	17
6.99534	17
7.0038	17
7.00388	17
7.00388	17
7.00638	17
7.00638	17
7.00639	17
7.0064	17
7.02043	17
7.02051	17
7.02051	17
7.02051	17
7.02052	17
7.02262	17
7.02265	17
7.02273	17
7.02274	17
7.03543	17
7.03545	17
7.03546	17
7.04465	17
7.04466	17
7.04475	17
7.04475	17
7.04655	17
7.04655	17
7.04656	17
7.0466	17
7.04795	17
7.04814	17
7.04815	17
7.05384	17
7.05385	17
7.05387	17
7.05389	17
7.05562	17
7.05566	17
7.05675	17
7.05676	17
7.05815	17
7.05816	17
7.05821	17
7.05822	17
7.05839	17
7.05843	17
7.05847	17
7.05847	17
7.06917	17
7.0692	17
7.0692	17
7.08809	17
7.08819	17
7.0882	17
7.10215	17
7.10217	17
7.10236	17
7.10238	17
7.11942	17
7.11943	17
7.11952	17
7.11953	17
7.12005	17
7.12009	17
7.12011	17
7.12403	17
7.1241	17
7.12413	17
7.13615	17
7.13621	17
7.13622	17
7.13713	17
7.13726	17
7.13726	17
7.1513	17
7.1513	17
7.15131	17
7.15462	17
7.15462	17
7.15479	17
7.1548	17
7.17856	17
7.17856	17
7.17882	17
7.17884	17
7.19748	17
7.19882	17
7.19893	17
7.20845	17
7.20846	17
7.20846	17
7.20856	17
7.20856	17
7.21179	17
7.21181	17
7.21183	17
7.23483	17
7.23486	17
7.23487	17
7.23488	17
7.25191	17
7.25204	17
7.25205	17
8.46688	17
8.46689	17
8.46905	17
8.46906	17
8.46941	17
8.46942	17
8.46943	17
8.46944	17
8.4704	17
8.47055	17
8.4706	17
8.4706	17
8.47073	17
8.47095	17
8.47098	17
8.47578	17
8.47581	17
8.47585	17
8.47586	17
8.47877	17
8.47879	17
8.47888	17
8.4789	17
8.48827	17
8.48853	17
8.48854	17
8.48938	17
8.48941	17
8.48945	17
8.48947	17
8.49712	17
8.52395	17
8.52412	17
8.55519	17
8.55522	17
8.55522	17
8.55526	17
8.55527	17
8.56148	17
8.56149	17
8.56152	17
8.70565	17
8.70565	17
8.70738	17
8.7074	17
8.71121	17
8.71311	17
8.71314	17
8.71317	17
8.7231	17
8.72312	17
8.72313	17
8.72323	17
8.72324	17
8.72825	17
8.72829	17
8.72829	17
8.73036	17
8.74933	17
8.74933	17
8.74934	17
8.74935	17
8.74937	17
8.77178	17
8.77209	17
8.77209	17
8.77225	17
8.77231	17
8.77231	17
8.77368	17
8.77371	17
8.77373	17
8.77377	17
8.77555	17
8.77566	17
8.77566	17
8.78378	17
8.78381	17
8.78382	17
8.78425	17
8.78425	17
8.78426	17
8.78431	17
8.79215	17
8.79216	17
8.79219	17
8.7968	17
8.79684	17
8.79694	17
8.79695	17
8.79795	17
8.79797	17
8.798	17
8.798	17
8.80738	17
8.8074	17
8.80741	17
8.82112	17
8.82114	17
8.82114	17
8.84068	17
8.84082	17
8.84086	17
8.8477	17
8.84771	17
8.84773	17
8.85913	17
8.85916	17
8.85918	17
8.86524	17
8.86524	17
8.86528	17
8.87192	17
8.87194	17
8.8803	17
8.8803	17
8.88122	17
8.88123	17
8.88125	17
8.88126	17
8.88215	17
8.88221	17
8.88221	17
8.88346	17
8.88369	17
8.88371	17
8.88417	17
8.88423	17
8.88424	17
8.92663	17
8.92664	17
8.92682	17
8.92688	17
8.94784	17
8.94784	17
8.94786	17
8.94787	17
8.95692	17
8.95743	17
8.95748	17
8.9575	17
8.95751	17
8.98728	17
8.98728	17
8.98743	17
8.98744	17
9.00361	17
9.00361	17
9.00365	17
9.00369	17
9.0192	17
9.01926	17
9.01927	17
9.03481	17
9.03482	17
9.03487	17
9.03488	17
9.07178	17
9.07179	17
9.0718	17
9.07188	17
9.07786	17
9.07787	17
9.07794	17
9.07799	17
9.08671	17
9.09407	17
9.09409	17
9.09422	17
9.09423	17
9.10088	17
9.10093	17
9.10098	17
9.10505	17
9.10509	17
9.10513	17
9.12769	17
9.13167	17
9.13169	17
9.1317	17
9.13822	17
9.13822	17
9.13825	17
9.13825	17
9.13829	17
9.13831	17
9.14867	17
9.15921	17
9.15928	17
9.15933	17
9.15941	17
9.16684	17
9.16692	17
9.16692	17
9.20023	17
9.20024	17
9.20028	17
9.2003	17
9.20385	17
9.20385	17
9.20401	17
9.20402	17
9.20402	17
9.20403	17
9.20405	17
9.24104	17
9.2413	17
9.2413	17
9.2413	17
9.24132	17
9.32174	17
9.32174	17
9.32788	17
9.32792	17
9.35971	17
9.35975	17
9.35976	17
9.35997	17
9.36001	17
9.36383	17
9.36388	17
9.36391	17
9.36705	17
9.37306	17
9.37434	17
9.38515	17
9.38528	17
9.38529	17
9.38529	17
9.38548	17
9.39375	17
9.39376	17
9.40252	17
9.40256	17
9.40256	17
9.40265	17
9.40271	17
9.41425	17
9.41445	17
9.41445	17
9.41763	17
9.41764	17
9.41767	17
9.43698	17
9.43698	17
9.437	17
9.45498	17
9.45516	17
9.45516	17
10.2098	17
10.2098	17
10.2104	17
10.2105	17
10.2117	17
10.2117	17
10.2117	17
10.2142	17
10.2143	17
10.2144	17
10.2144	17
10.2149	17
10.2149	17
10.2149	17
10.215	17
10.2385	17
10.2385	17
10.2385	17
10.2385	17
10.2398	17
10.2398	17
10.24	17
10.2544	17
10.2544	17
10.2545	17
10.2548	17
10.2548	17
10.2548	17
10.2554	17
10.2555	17
10.2555	17
10.2656	17
10.2656	17
10.2656	17
10.2657	17
10.2657	17
10.2673	17
10.2673	17
10.2674	17
10.2674	17
10.2748	17
10.2749	17
10.2749	17
10.275	17
10.2848	17
10.2848	17
10.2848	17
10.2848	17
10.2948	17
10.2948	17
10.2948	17
10.2948	17
10.3045	17
10.3045	17
10.3046	17
10.3159	17
10.3159	17
10.3159	17
10.3192	17
10.3193	17
10.3195	17
10.3404	17
10.3405	17
10.3405	17
10.3405	17
10.3458	17
10.3458	17
10.3458	17
10.3459	17
10.3489	17
10.3489	17
10.3489	17
10.3489	17
10.3498	17
10.3498	17
10.35	17
10.35	17
10.3527	17
10.3527	17
10.3528	17
10.3575	17
10.3576	17
10.3577	17
10.3577	17
10.3666	17
10.3667	17
10.3668	17
10.3668	17
10.3734	17
10.3786	17
10.3786	17
10.3786	17
10.3786	17
10.3808	17
10.3809	17
10.3809	17
10.403	17
10.4031	17
10.4031	17
10.4031	17
10.4031	17
10.4034	17
10.4034	17
10.4036	17
10.4037	17
10.4125	17
10.4126	17
10.4126	17
10.414	17
10.414	17
10.414	17
10.44	17
10.44	17
10.44	17
10.4401	17
10.4445	17
10.4446	17
10.4446	17
10.4543	17
10.4544	17
10.4544	17
10.4657	17
10.4658	17
10.4659	17
10.466	17
10.4762	17
10.4762	17
10.4763	17
10.4893	17
10.4893	17
10.4894	17
10.4894	17
10.5154	17
10.5154	17
10.5154	17
10.5166	17
10.5166	17
10.5168	17
10.5168	17
10.5169	17
10.5169	17
10.5177	17
10.5177	17
10.5178	17
10.5179	17
10.518	17
10.5184	17
10.5184	17
10.5199	17
10.5241	17
10.5241	17
10.5242	17
10.5243	17
10.5295	17
10.5295	17
10.5296	17
10.5296	17
10.5312	17
10.5312	17
10.5313	17
10.5313	17
10.5578	17
10.5578	17
10.5579	17
10.5579	17
10.5688	17
10.5688	17
10.5689	17
10.569	17
10.5742	17
10.5742	17
10.5745	17
10.5795	17
10.5795	17
10.5795	17
10.5795	17
10.5797	17
10.5926	17
10.5926	17
10.5926	17
10.5927	17
10.6095	17
10.6096	17
10.6097	17
10.6221	17
10.6222	17
10.6222	17
10.6303	17
10.6304	17
10.6304	17
10.6304	17
10.6304	17
10.6395	17
10.6396	17
10.6396	17
10.6497	17
10.6497	17
10.6497	17
10.6498	17
10.6522	17
10.6524	17
10.6524	17
10.6543	17
10.6544	17
10.6545	17
10.6545	17
10.667	17
10.667	17
10.667	17
10.667	17
10.6682	17
10.6682	17
10.6683	17
10.6684	17
10.6827	17
10.6827	17
10.6827	17
10.683	17
10.6981	17
10.6982	17
10.6982	17
10.6983	17
10.6984	17
10.6993	17
10.6993	17
10.6994	17
10.6994	17
10.7017	17
10.7017	17
10.7018	17
10.7134	17
10.7134	17
10.7135	17
10.7136	17
10.722	17
10.7221	17
10.7222	17
10.7307	17
10.7308	17
10.7308	17
10.7309	17
10.7313	17
10.7313	17
10.7313	17
10.7313	17
10.7323	17
10.7323	17
10.7324	17
10.7387	17
10.7387	17
10.7387	17
10.7648	17
10.7648	17
10.7649	17
10.7649	17
10.765	17
10.7656	17
10.7685	17
10.7686	17
10.7686	17
10.7687	17
10.7791	17
10.7791	17
10.7792	17
10.7792	17
10.8201	17
10.8201	17
10.8201	17
10.8202	17
10.8203	17
10.8329	17
10.8329	17
10.833	17
10.833	17
11.0581	17
11.0589	17
11.0589	17
11.0619	17
11.0621	17
11.0884	17
11.0884	17
11.0884	17
11.0884	17
11.101	17
11.101	17
11.101	17
11.1223	17
11.1224	17
11.1224	17
11.1224	17
11.1225	17
11.1226	17
11.1227	17
11.1261	17
11.1297	17
11.1298	17
11.1392	17
11.1393	17
11.1393	17
11.1393	17
11.1418	17
11.1418	17
11.1419	17
11.1437	17
11.159	17
11.159	17
11.1592	17
11.1594	17
11.1611	17
11.1611	17
11.1612	17
11.1811	17
11.1811	17
11.1811	17
11.1811	17
11.1814	17
11.1982	17
11.1982	17
11.1983	17
11.1983	17
11.2454	17
11.2455	17
11.2455	17
11.2455	17
11.2456	17
11.4098	17
11.4098	17
11.4126	17
11.4126	17
11.4158	17
11.4178	17
11.4178	17
11.4178	17
11.4178	17
11.4179	17
11.418	17
11.4544	17
11.4544	17
11.4544	17
11.4545	17
11.4611	17
11.4611	17
11.4614	17
11.4615	17
11.4732	17
11.4733	17
11.4733	17
11.753	17
11.753	17
11.7546	17
11.7547	17
11.7681	17
11.7682	17
11.7684	17
11.7685	17
11.7698	17
11.7698	17
11.7698	17
11.7763	17
11.7766	17
11.7767	17
11.7817	17
11.7817	17
11.7818	17
11.7821	17
11.7839	17
11.799	17
11.799	17
11.8222	17
11.8223	17
11.8223	17
11.8223	17
11.8225	17
11.827	17
11.8282	17
11.8282	17
11.8283	17
11.8284	17
11.8326	17
11.8327	17
11.8327	17
12.3544	17
12.3544	17
12.3571	17
12.3572	17
12.3764	17
12.3764	17
12.3766	17
12.3809	17
12.3845	17
12.3847	17
12.3848	17
12.4031	17
12.4031	17
12.4032	17
12.4032	17
12.4033	17
12.4033	17
12.4092	17
12.4092	17
12.4093	17
12.4094	17
12.4197	17
12.4197	17
12.4198	17
13.0463	17
13.0463	17
13.0487	17
13.0487	17
13.0602	17
13.0603	17
13.0605	17
13.0658	17
13.0658	17
13.0658	17
13.0659	17
13.0707	17
13.0707	17
13.0708	17
13.0749	17
13.075	17
13.075	17
13.1219	17
13.1219	17
13.1219	17
13.1219	17
13.1221	17
13.1854	17
13.1854	17
13.1855	17
13.1856	17
13.1862	17
13.8923	17
13.8925	17
13.8925	17
13.8931	17
13.8932	17
14.5128	17
14.5128	17
14.5142	17
14.5148	17
14.5158	17
14.5159	17
14.5162	17
14.5269	17
14.527	17
14.527	17
14.527	17
14.5363	17
14.5364	17
14.5364	17
14.5373	17
14.5658	17
14.5658	17
14.5659	17
14.566	17
14.5663	17
14.5729	17
14.573	17
14.573	17
14.5732	17
14.6078	17
14.6078	17
14.6079	17
14.6079	17
14.6082	17
14.6135	17
14.6136	17
14.6137	17
14.615	17
14.6387	17
14.6387	17
14.6388	17
14.6394	17
14.6426	17
14.6426	17
14.6426	17
14.6428	17
14.6428	17
14.6497	17
14.6498	17
14.6499	17
14.65	17
14.673	17
14.673	17
14.673	17
14.6731	17
14.6731	17
14.7143	17
14.7143	17
14.7145	17
14.7148	17
14.72	17
14.72	17
14.72	17
14.7204	17
14.7236	17
14.7239	17
14.7243	17
14.7429	17
14.743	17
14.7439	17
14.7624	17
14.7693	17
14.7726	17
14.7726	17
14.7726	17
14.7726	17
14.7727	17
14.773	17
14.8184	17
14.8184	17
14.8188	17
14.8188	17
14.8206	17
14.8207	17
14.8208	17
14.8212	17
14.824	17
14.8241	17
14.8242	17
14.8245	17
14.8388	17
14.8481	17
14.8481	17
14.8482	17
14.8483	17
14.8484	17
14.861	17
14.861	17
14.861	17
14.8613	17
15.092	17
15.0921	17
15.0935	17
15.0936	17
15.1128	17
15.1128	17
15.113	17
15.1137	17
15.1261	17
15.1486	17
15.1486	17
15.1487	17
15.1487	17
15.149	17
15.1499	17
15.15	17
15.1501	17
15.1503	17
15.154	17
15.154	17
15.1541	17
15.1541	17
15.1557	17
15.1602	17
15.1603	17
15.1603	17
15.1605	17
15.3094	17
15.3094	17
15.3119	17
15.3129	17
15.3992	17
15.3997	17
15.3997	17
15.3999	17
15.4006	17
15.4099	17
15.41	17
15.41	17
15.4109	17
15.457	17
15.457	17
15.4571	17
15.4574	17
15.5143	17
15.5143	17
15.5145	17
15.5156	17
15.5229	17
15.523	17
15.523	17
15.5245	17
15.555	17
15.5551	17
15.5551	17
15.556	17
15.5561	17
15.5688	17
15.5688	17
15.5689	17
15.6071	17
15.6072	17
15.6072	17
15.6079	17
15.6096	17
15.6097	17
15.6104	17
15.6278	17
15.6279	17
15.6281	17
15.6281	17
15.6751	17
15.6751	17
15.6751	17
15.6783	17
15.6783	17
15.6784	17
15.6784	17
15.6784	17
15.6827	17
15.6827	17
15.6828	17
15.6836	17
15.687	17
15.687	17
15.6871	17
15.6881	17
15.6888	17
15.6889	17
15.6897	17
15.773	17
15.773	17
15.7751	17
15.7751	17
15.7793	17
15.7951	17
15.7968	17
15.7982	17
15.8182	17
15.8183	17
15.8183	17
15.8184	17
15.8225	17
15.8234	17
15.8234	17
15.8235	17
15.8316	17
15.8316	17
15.8369	17
15.9751	17
15.9751	17
15.9839	17
15.9839	17
15.9945	17
15.9945	17
15.9946	17
15.9954	17
16.1433	17
16.1433	17
16.1453	17
16.1453	17
16.1472	17
16.1474	17
16.1474	17
16.1474	17
16.1476	17
16.5268	17
16.5268	17
16.5275	17
16.5285	17
16.5313	17
16.5314	17
16.5315	17
16.5364	17
16.8131	17
16.8132	17
16.8146	17
16.8166	17
16.8422	17
16.8422	17
16.8423	17
16.8423	17
16.8425	17
16.8508	17
16.8509	17
16.851	17
16.8552	17
17.6098	17
17.61	17
17.6131	17
17.6196	17
17.6367	17
17.6367	17
17.6367	17
17.6531	17
17.6565	17
17.672	17
17.6721	17
17.7007	17
17.701	17
18.1387	17
18.1388	17
18.1422	17
18.1426	17
18.3549	17
18.3549	17
18.3549	17
18.3587	17
18.3997	17
18.3997	17
18.3997	17
18.4011	17
18.9587	17
18.9587	17
18.9593	17
18.9625	17
18.9626	17
18.9632	17
19.1048	17
19.1048	17
19.9081	17
19.9111	17
19.9111	17
19.9142	17
19.9395	17
19.9396	17
19.9396	17
19.9397	17
19.9397	17
19.9398	17
19.9398	17
20.5024	17
20.5024	17
20.5043	17
21.0253	17
21.0253	17
21.0254	17
21.9092	17
21.9094	17
21.9231	17
21.9231	17
24.115	17
24.115	17
24.1209	17
24.1217	17
24.1342	17
24.1343	17
24.1343	17
24.1344	17
24.138	17
24.1549	17
24.1595	17
24.1596	17
24.1672	17
24.1673	17
24.1787	17
24.1787	17
24.1811	17
24.1812	17
24.1864	17
24.1864	17
24.1864	17
24.1865	17
24.1865	17
24.1865	17
24.7183	17
24.7184	17
24.7197	17
24.7207	17
24.7207	17
24.7231	17
25.6725	17
25.6726	17
25.6727	17
26.187	17
26.1871	17
26.1888	17
26.2236	17
26.2237	17
26.2778	17
26.2792	17
26.2796	17
26.2798	17
26.2821	17
26.294	17
26.294	17
26.294	17
26.2941	17
26.2994	17
26.2994	17
26.2995	17
26.2996	17
26.3104	17
26.3104	17
26.3105	17
26.3105	17
26.9712	17
26.9712	17
27.0405	17
27.0407	17
27.0411	17
27.0413	17
27.045	17
28.3104	17
28.3104	17
28.3116	17
28.4039	17
28.4042	17
28.4044	17
28.4058	17
28.7286	17
28.7287	17
28.7294	17
29.8562	17
29.8563	17
29.8565	17
30.9111	17
30.9112	17
30.9113	17
30.9231	17
30.9232	17
30.9232	17
30.9232	17
31.1488	17
31.149	17
31.1502	17
32.0765	17
32.0781	17
32.0781	17
32.0804	17
32.6165	17
32.6168	17
32.6177	17
34.2231	17
34.2232	17
34.2232	17
34.5207	17
34.5208	17
34.5307	17
34.7433	17
34.7435	17
34.7533	17
34.7533	17
36.646	17
36.6461	17
36.6463	17
36.8795	17
36.8796	17
37.6593	17
37.6618	17
37.6619	17
37.6619	17
38.6871	17
38.6872	17
38.6899	17
40.0226	17
40.0228	17
40.0231	17
40.7638	17
40.7638	17
40.766	17
40.7699	17
40.7699	17
40.7699	17
40.7699	17
40.9621	17
40.9621	17
40.9647	17
41.0727	17
41.0727	17
41.0743	17
42.1836	17
42.1839	17
42.185	17
42.7373	17
42.7374	17
42.7404	17
44.9976	17
44.9977	17
44.9982	17
45.6986	17
45.6988	17
45.7006	17
45.75	17
45.7501	17
45.7513	17
47.0833	17
47.0835	17
47.0836	17
47.3114	17
47.3114	17
47.3126	17
48.1759	17
48.1759	17
48.1761	17
48.2952	17
48.2952	17
48.3022	17
48.4762	17
48.4766	17
48.4766	17
48.477	17
48.5529	17
48.553	17
48.5545	17
49.4733	17
49.4733	17
49.4736	17
49.4739	17
49.4739	17
49.474	17
49.474	17
49.6401	17
49.6405	17
49.642	17
51.13	17
51.1301	17
51.1302	17
51.1303	17
51.2226	17
51.2227	17
51.2228	17
51.2311	17
51.5464	17
51.5467	17
51.5488	17
51.6351	17
51.6351	17
51.7182	17
51.7185	17
51.7186	17
51.7214	17
52.374	17
52.3762	17
52.3763	17
52.3768	17
55.1493	17
55.1496	17
55.1497	17
55.3261	17
55.3263	17
55.3276	17
55.5667	17
55.5682	17
55.5686	17
55.569	17
55.6376	17
55.6377	17
55.6408	17
55.6571	17
55.6571	17
55.6573	17
55.6573	17
57.1133	17
57.1135	17
57.1141	17
58.9058	17
58.9059	17
58.9093	17
59.3128	17
59.3129	17
59.3142	17
59.569	17
59.5693	17
59.5723	17
59.8983	17
59.8987	17
59.9031	17
60.9777	17
60.9777	17
60.9796	17
61.3521	17
61.3525	17
61.3525	17
61.6871	17
61.6872	17
61.6886	17
62.3031	17
62.3033	17
62.3056	17
62.3562	17
62.3567	17
62.3617	17
62.6757	17
62.6758	17
62.6759	17
63.2989	17
63.2994	17
63.3008	17
63.7554	17
63.7555	17
63.7594	17
64.1188	17
64.1189	17
64.1204	17
64.9659	17
64.966	17
64.9662	17
65.4985	17
65.4986	17
65.499	17
65.8987	17
65.8988	17
65.9064	17
65.9499	17
65.95	17
65.9522	17
66.8489	17
66.849	17
66.856	17
66.856	17
66.9951	17
66.9951	17
66.9954	17
68.7009	17
68.7009	17
68.7018	17
69.2761	17
69.2763	17
69.2789	17
69.3257	17
69.3257	17
69.3294	17
69.7314	17
69.7314	17
69.7318	17
69.7494	17
70.7293	17
70.73	17
70.7301	17
70.7303	17
70.8181	17
70.8182	17
70.8259	17
71.5538	17
71.5538	17
71.5572	17
71.5942	17
71.5945	17
71.5946	17
71.7939	17
71.794	17
71.794	17
71.7962	17
72.1868	17
72.187	17
72.1873	17
72.3245	17
72.3245	17
72.3247	17
73.7021	17
73.7021	17
73.7022	17
74.2971	17
74.2984	17
74.2984	17
74.2988	17
75.1015	17
75.1017	17
75.1024	17
75.1935	17
75.1937	17
75.1952	17
75.6492	17
75.6513	17
75.6513	17
75.6513	17
76.025	17
76.0251	17
76.0258	17
76.0988	17
76.0988	17
76.1024	17
76.5683	17
76.5683	17
76.5727	17
77.2809	17
77.2814	17
77.2814	17
77.2819	17
77.2858	17
78.0874	17
78.0898	17
78.0898	17
78.0978	17
78.5369	17
78.5408	17
78.5409	17
79.9995	17
80.0015	17
80.0017	17
80.0099	17
81.6018	17
81.6019	17
81.6027	17
81.7174	17
81.7177	17
81.7178	17
81.8733	17
81.8734	17
81.8756	17
83.0963	17
83.0967	17
83.0985	17
84.771	17
84.771	17
84.7751	17
84.9041	17
84.9042	17
84.9042	17
84.9765	17
84.9765	17
84.9787	17
85.8599	17
85.8606	17
85.8705	17
85.878	17
85.8785	17
85.8801	17
85.9878	17
85.9879	17
85.9887	17
87.4462	17
87.4466	17
87.4504	17
88.0909	17
88.091	17
88.0937	17
88.971	17
88.9711	17
88.9722	17
90.5782	17
90.5783	17
90.5788	17
91.1626	17
91.1627	17
91.1656	17
91.4785	17
91.4792	17
91.4796	17
91.481	17
91.9222	17
91.9223	17
91.9257	17
92.6237	17
92.6238	17
92.6249	17
93.424	17
93.4243	17
93.4259	17
95.3939	17
95.394	17
95.4002	17
95.814	17
95.8143	17
95.817	17
96.0514	17
96.0518	17
96.0518	17
97.1597	17
97.1605	17
97.1606	17
97.1644	17
97.3135	17
97.3135	17
97.3159	17
97.5536	17
97.5538	17
97.5547	17
97.567	17
98.2155	17
98.2216	17
98.2218	17
98.2236	17
98.3425	17
98.3426	17
98.8717	17
98.8721	17
98.8723	17
98.8723	17
98.8742	17
99.0305	17
99.0306	17
99.0333	17
99.445	17
99.4476	17
99.4477	17
99.4523	17
99.7062	17
99.7065	17
99.7157	17
99.7248	17
99.7251	17
