1.91541e-11	0
8.60145e-11	1
9.73736e-10	2
1.07221e-09	3
1.19519e-09	4
1.22686e-09	5
1.54817e-09	6
2.61251e-09	6
2.69359e-09	7
2.71806e-09	8
2.77279e-09	9
2.84378e-09	10
3.65407e-09	11
4.62921e-09	12
4.9067e-09	12
4.94354e-09	13
5.60157e-09	14
6.19945e-09	15
1.00006e-08	16
1.45859e-08	17
1.49755e-08	18
2.87674e-08	18
3.06507e-08	18
3.57868e-08	18
4.24035e-08	18
5.79285e-08	18
6.3095e-08	18
7.69606e-08	18
7.7967e-08	18
8.23096e-08	18
8.45617e-08	18
1.16286e-07	18
1.19407e-07	18
1.39039e-07	18
1.42615e-07	18
1.45082e-07	18
1.63023e-07	18
1.68507e-07	18
1.77742e-07	18
1.82134e-07	18
1.90112e-07	18
2.02734e-07	18
2.04357e-07	18
2.07342e-07	18
2.0938e-07	18
2.1482e-07	18
2.20727e-07	18
2.28558e-07	18
2.47638e-07	18
2.56852e-07	18
2.57428e-07	18
2.61301e-07	18
2.62564e-07	18
2.65363e-07	18
2.66512e-07	18
2.71159e-07	18
2.76685e-07	18
2.9679e-07	18
3.10782e-07	18
3.11089e-07	18
3.18934e-07	18
3.23219e-07	18
3.35237e-07	18
3.35288e-07	18
3.51422e-07	18
3.67464e-07	18
3.71486e-07	18
3.78585e-07	18
3.95017e-07	18
3.98734e-07	18
4.0767e-07	18
4.10945e-07	18
4.17489e-07	18
4.26164e-07	18
4.28694e-07	18
4.38993e-07	18
4.43424e-07	18
4.55748e-07	18
4.62894e-07	18
4.8126e-07	18
4.90846e-07	18
4.94924e-07	18
5.48004e-07	18
5.6552e-07	18
5.91748e-07	18
5.98589e-07	18
6.13535e-07	18
6.16846e-07	18
6.36733e-07	18
6.38388e-07	18
6.47982e-07	18
6.49634e-07	18
6.51991e-07	18
6.53111e-07	18
6.62287e-07	18
6.88314e-07	18
7.04241e-07	18
7.0819e-07	18
7.18329e-07	18
7.51502e-07	18
7.56209e-07	18
7.63007e-07	18
7.72712e-07	18
7.82927e-07	18
8.03333e-07	18
8.13484e-07	18
8.27617e-07	18
8.89506e-07	18
9.15566e-07	18
9.64122e-07	18
9.66929e-07	18
9.68604e-07	18
1.04346e-06	18
1.05662e-06	18
1.10281e-06	18
1.12476e-06	18
1.13803e-06	18
1.17157e-06	18
1.19299e-06	18
1.20138e-06	18
1.20452e-06	18
1.21645e-06	18
1.21738e-06	18
1.31733e-06	18
1.31756e-06	18
1.31942e-06	18
1.32341e-06	18
1.33359e-06	18
1.35637e-06	18
1.36213e-06	18
1.39211e-06	18
1.41445e-06	18
1.43423e-06	18
1.44915e-06	18
1.47487e-06	18
1.48113e-06	18
1.4883e-06	18
1.51939e-06	18
1.52149e-06	18
1.53718e-06	18
1.5687e-06	18
1.58547e-06	18
1.69446e-06	18
1.70847e-06	18
1.72332e-06	18
1.74008e-06	18
1.7654e-06	18
1.84583e-06	18
1.87968e-06	18
1.88406e-06	18
1.91203e-06	18
1.92581e-06	18
2.03492e-06	18
2.14802e-06	18
2.30525e-06	18
2.42546e-06	18
2.50852e-06	18
2.55268e-06	18
2.62313e-06	18
2.67484e-06	18
2.75254e-06	18
2.79241e-06	18
3.06935e-06	18
3.14036e-06	18
3.19932e-06	18
3.26088e-06	18
3.28528e-06	18
3.35334e-06	18
3.39251e-06	18
3.6091e-06	18
3.61748e-06	18
3.71846e-06	18
3.72165e-06	18
3.74078e-06	18
3.78497e-06	18
3.86014e-06	18
4.14997e-06	18
4.18951e-06	18
4.20179e-06	18
4.36612e-06	18
4.42391e-06	18
4.45004e-06	18
4.51368e-06	18
4.54483e-06	18
4.56237e-06	18
4.64238e-06	18
4.89001e-06	18
4.89796e-06	18
5.12962e-06	18
5.26248e-06	18
5.55388e-06	18
6.30089e-06	18
6.90977e-06	18
6.97757e-06	18
6.98983e-06	18
7.37021e-06	18
7.58882e-06	18
8.2059e-06	18
8.2814e-06	18
9.13751e-06	18
9.23945e-06	18
9.27822e-06	18
9.6735e-06	18
9.72352e-06	18
1.05893e-05	18
1.07335e-05	18
1.16662e-05	18
1.17285e-05	18
1.19277e-05	18
1.21351e-05	18
1.23701e-05	18
1.24445e-05	18
1.26871e-05	18
1.29347e-05	18
1.29497e-05	18
1.31813e-05	18
1.34683e-05	18
1.38614e-05	18
1.42601e-05	18
1.44575e-05	18
1.47416e-05	18
1.47624e-05	18
1.50079e-05	18
1.51022e-05	18
1.5363e-05	18
1.55934e-05	18
1.58594e-05	18
1.60527e-05	18
1.61771e-05	18
1.64618e-05	18
1.65974e-05	18
1.66492e-05	18
1.71579e-05	18
1.72543e-05	18
1.76147e-05	18
1.76462e-05	18
1.78562e-05	18
1.85528e-05	18
1.86393e-05	18
1.86686e-05	18
1.87556e-05	18
1.90259e-05	18
1.90684e-05	18
1.94688e-05	18
1.9623e-05	18
1.99715e-05	18
1.99806e-05	18
2.01638e-05	18
2.04616e-05	18
2.05297e-05	18
2.06999e-05	18
2.10722e-05	18
2.12099e-05	18
2.12462e-05	18
2.14695e-05	18
2.16786e-05	18
2.19975e-05	18
2.23453e-05	18
2.24913e-05	18
2.25357e-05	18
2.26819e-05	18
2.27271e-05	18
2.28918e-05	18
2.36344e-05	18
2.3733e-05	18
2.44919e-05	18
2.45037e-05	18
2.46297e-05	18
2.46899e-05	18
2.485e-05	18
2.4896e-05	18
2.5037e-05	18
2.50468e-05	18
2.53514e-05	18
2.53676e-05	18
2.5477e-05	18
2.5638e-05	18
2.58862e-05	18
2.6133e-05	18
2.65429e-05	18
2.75997e-05	18
2.77883e-05	18
2.78642e-05	18
2.81722e-05	18
2.81849e-05	18
2.84655e-05	18
2.89883e-05	18
2.94098e-05	18
2.98726e-05	18
2.99762e-05	18
3.02782e-05	18
3.03222e-05	18
3.08133e-05	18
3.10614e-05	18
3.12525e-05	18
3.142e-05	18
3.14744e-05	18
3.19139e-05	18
3.20176e-05	18
3.23767e-05	18
3.34594e-05	18
3.4595e-05	18
3.49039e-05	18
3.53171e-05	18
3.60822e-05	18
3.67078e-05	18
3.71412e-05	18
3.72611e-05	18
3.75921e-05	18
3.78608e-05	18
3.79993e-05	18
3.80048e-05	18
3.8556e-05	18
3.85775e-05	18
3.91355e-05	18
3.91467e-05	18
4.11015e-05	18
4.19775e-05	18
4.25321e-05	18
4.32844e-05	18
4.3615e-05	18
4.44896e-05	18
4.45749e-05	18
4.51004e-05	18
4.52188e-05	18
4.54633e-05	18
4.5732e-05	18
4.58121e-05	18
4.61289e-05	18
4.67233e-05	18
4.8062e-05	18
4.808e-05	18
4.81084e-05	18
4.84407e-05	18
4.92047e-05	18
4.98057e-05	18
5.03256e-05	18
5.08229e-05	18
5.13137e-05	18
5.13662e-05	18
5.21974e-05	18
5.31792e-05	18
5.40496e-05	18
5.41081e-05	18
5.55791e-05	18
5.5982e-05	18
5.73998e-05	18
5.78826e-05	18
5.81003e-05	18
5.96511e-05	18
6.02158e-05	18
6.35663e-05	18
6.36125e-05	18
6.39538e-05	18
6.46557e-05	18
6.49775e-05	18
6.57004e-05	18
6.63955e-05	18
6.83293e-05	18
7.00785e-05	18
7.04277e-05	18
7.16742e-05	18
7.19239e-05	18
7.27102e-05	18
7.53537e-05	18
7.78576e-05	18
7.87506e-05	18
7.93648e-05	18
8.29955e-05	18
8.30285e-05	18
8.35832e-05	18
8.52791e-05	18
8.57397e-05	18
8.76757e-05	18
8.78994e-05	18
8.89445e-05	18
8.94109e-05	18
9.05597e-05	18
9.13817e-05	18
9.28022e-05	18
9.45923e-05	18
9.6863e-05	18
9.69264e-05	18
9.71704e-05	18
0.000100951	18
0.000103543	18
0.000104803	18
0.000105168	18
0.000106191	18
0.000110928	18
0.000113245	18
0.000114294	18
0.000116536	18
0.000118051	18
0.000122986	18
0.000124157	18
0.000129874	18
0.000130989	18
0.000144417	18
0.000152613	18
0.000155759	18
0.000157956	18
0.000178176	18
0.000182259	18
0.000191897	18
0.000195265	18
0.000199376	18
0.000217103	18
0.000217758	18
0.000221485	18
0.000226694	18
0.000231456	18
0.000238105	18
0.000239334	18
0.0002457	18
0.000252723	18
0.000258541	18
0.000268244	18
0.000276459	18
0.000286891	18
0.000290234	18
0.000306002	18
0.000307828	18
0.000372919	18
0.000376584	18
0.000391609	18
0.000395391	18
0.000395909	18
0.000399057	18
0.000425682	18
0.000465498	18
0.000475124	18
0.00057787	18
0.000596023	18
0.000626505	18
0.000649131	18
0.000685735	18
0.000703788	18
0.000746099	18
0.00075582	18
0.000855383	18
0.000877166	18
0.000890934	18
0.000926285	18
0.00101024	18
0.00104532	18
0.0010463	18
0.00105887	18
0.0012159	18
0.00130452	18
0.00143622	18
0.00166261	18
0.00181282	18
0.00281124	18
0.00294458	18
0.00295079	18
0.0029624	18
0.00296498	18
0.0029868	18
0.00330185	18
0.00330247	18
0.00330252	18
0.00330309	18
0.00330333	18
0.00330357	18
0.00330358	18
0.00330394	18
0.00418333	18
0.00420384	18
0.00425081	18
0.00524195	18
0.00524206	18
0.00524252	18
0.00524357	18
0.00524459	18
0.00524477	18
0.00524604	18
0.00524872	18
0.00524874	18
0.0052495	18
0.00525353	18
0.00525445	18
0.00525486	18
0.00525988	18
0.0052615	18
0.00526418	18
0.00526656	18
0.00526855	18
0.00526861	18
0.00527352	18
0.00527951	18
0.00528169	18
0.00528243	18
0.00529223	18
0.00530634	18
0.00531872	18
0.00532618	18
0.00533678	18
0.00691442	18
0.0069145	18
0.00691455	18
0.00691457	18
0.00691472	18
0.00691507	18
0.00691521	18
0.00691537	18
0.00691598	18
0.00691619	18
0.00691619	18
0.00691633	18
0.00691664	18
0.00691672	18
0.00691691	18
0.00691704	18
0.00691714	18
0.00691721	18
0.00691728	18
0.00691755	18
0.00691785	18
0.00691817	18
0.0069182	18
0.0069186	18
0.00691867	18
0.00691898	18
0.00691919	18
0.00691921	18
0.00691923	18
0.00692206	18
0.00692345	18
0.00693023	18
0.00693223	18
0.00693916	18
0.00695154	18
0.00698584	18
0.00701996	18
0.00759357	18
0.0078028	18
0.00780659	18
0.00780876	18
0.00781254	18
0.0078198	18
0.00782374	18
0.0078264	18
0.00784153	18
0.00790002	18
0.00791102	18
0.00793325	18
0.00796609	18
0.00797495	18
0.00797894	18
0.00800535	18
0.00805233	18
0.00805285	18
0.00807229	18
0.00810847	18
0.00814349	18
0.00814368	18
0.00821363	18
0.00821894	18
0.00823852	18
0.00823862	18
0.00825969	18
0.00827204	18
0.00832093	18
0.00835432	18
0.00836258	18
0.0083934	18
0.0084206	18
0.00861208	18
0.0103961	18
0.0103981	18
0.0104079	18
0.010409	18
0.0104095	18
0.0104101	18
0.0104203	18
0.0104365	18
0.0104407	18
0.0104479	18
0.0104511	18
0.0104532	18
0.0104662	18
0.0105329	18
0.0105606	18
0.0105788	18
0.0107127	18
0.0108669	18
0.0109394	18
0.0111966	18
0.011393	18
0.0114056	18
0.0114726	18
0.0114889	18
0.0114927	18
0.0115402	18
0.011543	18
0.0115715	18
0.0116455	18
0.0116755	18
0.0117308	18
0.0117346	18
0.0118374	18
0.0118538	18
0.0118574	18
0.0118584	18
0.0118587	18
0.0118618	18
0.0118677	18
0.011868	18
0.0118716	18
0.0118919	18
0.012037	18
0.0123195	18
0.0123691	18
0.0128973	18
0.0128979	18
0.0129016	18
0.0129021	18
0.0129029	18
0.0129048	18
0.0129071	18
0.0129132	18
0.012916	18
0.0129193	18
0.012922	18
0.0129222	18
0.0129225	18
0.0129236	18
0.0129278	18
0.0129496	18
0.0130995	18
0.0131054	18
0.0134394	18
0.0139073	18
0.0140886	18
0.0143068	18
0.0146659	18
0.0146659	18
0.014666	18
0.0146666	18
0.0146667	18
0.0146669	18
0.014668	18
0.0146692	18
0.0146698	18
0.01467	18
0.0146704	18
0.0146705	18
0.0146716	18
0.0148337	18
0.0148337	18
0.0148341	18
0.0148363	18
0.0148366	18
0.0148379	18
0.0148421	18
0.0148439	18
0.0148521	18
0.0148537	18
0.0148559	18
0.0148575	18
0.0148576	18
0.0148616	18
0.0148725	18
0.0148729	18
0.0148953	18
0.0149089	18
0.015224	18
0.0158604	18
0.0163107	18
0.0174355	18
0.017466	18
0.0174694	18
0.0174831	18
0.0175739	18
0.0175741	18
0.0175748	18
0.0175749	18
0.0175757	18
0.0175792	18
0.0175902	18
0.017595	18
0.0175958	18
0.0176062	18
0.0176093	18
0.017619	18
0.0176822	18
0.0177086	18
0.0177379	18
0.0177382	18
0.0178317	18
0.0178415	18
0.0178444	18
0.017849	18
0.0178511	18
0.0178523	18
0.0178541	18
0.0178571	18
0.0178576	18
0.0178607	18
0.0178612	18
0.0178622	18
0.0178644	18
0.0178649	18
0.0178671	18
0.0178695	18
0.0178704	18
0.0178792	18
0.0178832	18
0.0178983	18
0.0179361	18
0.0179392	18
0.0179459	18
0.0182611	18
0.0184845	18
0.0186033	18
0.0189727	18
0.018973	18
0.0189737	18
0.0189742	18
0.0189743	18
0.0189766	18
0.018978	18
0.0189788	18
0.0189809	18
0.0189813	18
0.0189821	18
0.0189831	18
0.0189833	18
0.0189842	18
0.0189871	18
0.0189874	18
0.0189877	18
0.018989	18
0.0189894	18
0.0189913	18
0.0189913	18
0.0189918	18
0.0189969	18
0.0189984	18
0.0190038	18
0.0190099	18
0.0190189	18
0.0190261	18
0.0190525	18
0.0192452	18
0.0192689	18
0.0193205	18
0.019321	18
0.0193245	18
0.0193664	18
0.0194116	18
0.0194213	18
0.0194572	18
0.0194774	18
0.0194954	18
0.0195538	18
0.0195674	18
0.01957	18
0.0195986	18
0.0196069	18
0.0196494	18
0.0197084	18
0.0197448	18
0.0197531	18
0.0197829	18
0.0198288	18
0.0199148	18
0.0199262	18
0.01995	18
0.0199656	18
0.0200505	18
0.0200872	18
0.020116	18
0.0201652	18
0.0202155	18
0.0202353	18
0.0202536	18
0.0204009	18
0.0204015	18
0.0204041	18
0.020405	18
0.0204071	18
0.0204093	18
0.0205884	18
0.0207517	18
0.0209547	18
0.0209599	18
0.0209615	18
0.020968	18
0.0211888	18
0.0211914	18
0.0212107	18
0.0212116	18
0.0212122	18
0.0212154	18
0.0212184	18
0.0212236	18
0.0212271	18
0.021229	18
0.0212548	18
0.0212638	18
0.0212729	18
0.0212882	18
0.0212888	18
0.0213088	18
0.0213174	18
0.0213221	18
0.021371	18
0.0214003	18
0.02148	18
0.0215022	18
0.0215069	18
0.0215196	18
0.0215838	18
0.0216918	18
0.0217514	18
0.0218691	18
0.0218823	18
0.0218975	18
0.0218981	18
0.0219084	18
0.0219109	18
0.0219121	18
0.0219304	18
0.0219381	18
0.0220482	18
0.0220655	18
0.0221453	18
0.022301	18
0.0229411	18
0.0230678	18
0.0238803	18
0.0246982	18
0.0246983	18
0.0246984	18
0.0246988	18
0.0246997	18
0.0247	18
0.0247008	18
0.0247009	18
0.0247021	18
0.0247049	18
0.0247056	18
0.0247103	18
0.024712	18
0.0247127	18
0.0247143	18
0.0247143	18
0.0247144	18
0.0247159	18
0.0247192	18
0.0247215	18
0.0247216	18
0.0247242	18
0.0247257	18
0.0247319	18
0.0247336	18
0.0247354	18
0.0247436	18
0.0247471	18
0.0247506	18
0.0247569	18
0.024757	18
0.0247692	18
0.024774	18
0.0247823	18
0.0247865	18
0.0247917	18
0.0248101	18
0.0248342	18
0.0248494	18
0.0248497	18
0.0248499	18
0.0248515	18
0.0248715	18
0.0249232	18
0.0249466	18
0.0249766	18
0.0249872	18
0.0249902	18
0.0250145	18
0.025027	18
0.0250385	18
0.0250392	18
0.0250418	18
0.0250521	18
0.0250642	18
0.0250643	18
0.0251083	18
0.0251313	18
0.0251401	18
0.0251552	18
0.0251553	18
0.0251557	18
0.025157	18
0.0251582	18
0.0251591	18
0.0251599	18
0.0251612	18
0.0251626	18
0.0251626	18
0.0251633	18
0.0251641	18
0.025166	18
0.0251671	18
0.0251676	18
0.0251678	18
0.0251683	18
0.0251712	18
0.0251729	18
0.0251741	18
0.0251746	18
0.0251773	18
0.0251813	18
0.0251895	18
0.0251901	18
0.0251903	18
0.0251905	18
0.0251914	18
0.0251936	18
0.0251939	18
0.0251946	18
0.0251948	18
0.0251958	18
0.0251976	18
0.0251984	18
0.0251987	18
0.0251995	18
0.0251998	18
0.0252004	18
0.0252007	18
0.0252012	18
0.0252018	18
0.0252044	18
0.0252089	18
0.0252224	18
0.0252227	18
0.0252315	18
0.0252341	18
0.02524	18
0.0252479	18
0.0252649	18
0.0255409	18
0.0255623	18
0.0255674	18
0.0255782	18
0.0255798	18
0.0256774	18
0.0257245	18
0.0257913	18
0.0258146	18
0.0258297	18
0.0258302	18
0.0258549	18
0.0258755	18
0.0259732	18
0.0259826	18
0.0259885	18
0.026008	18
0.0260385	18
0.0260917	18
0.0261636	18
0.0261667	18
0.0261693	18
0.0262066	18
0.0262641	18
0.0263437	18
0.0263455	18
0.026353	18
0.0263875	18
0.0264197	18
0.0264307	18
0.0265322	18
0.0265427	18
0.0266919	18
0.0268697	18
0.0269681	18
0.0269774	18
0.0270915	18
0.0272958	18
0.0273219	18
0.0274362	18
0.0274629	18
0.0279444	18
0.0281527	18
0.0284497	18
0.0287435	18
0.028744	18
0.0287441	18
0.0287443	18
0.0287444	18
0.0287445	18
0.0287448	18
0.0287452	18
0.0287452	18
0.0287454	18
0.0287455	18
0.0287458	18
0.0287466	18
0.0287466	18
0.0287468	18
0.028747	18
0.0287471	18
0.0287473	18
0.0287477	18
0.0287483	18
0.0287492	18
0.0287493	18
0.0287496	18
0.02875	18
0.0287501	18
0.0287506	18
0.0287506	18
0.0287507	18
0.0287511	18
0.0287516	18
0.0287519	18
0.0287532	18
0.0287534	18
0.0287536	18
0.0287545	18
0.0287548	18
0.028755	18
0.0287555	18
0.0287557	18
0.0287566	18
0.0287573	18
0.0287597	18
0.0287597	18
0.0287618	18
0.0287624	18
0.0287634	18
0.0287641	18
0.0287647	18
0.0287648	18
0.028766	18
0.0287661	18
0.0287685	18
0.0287706	18
0.0287825	18
0.0287878	18
0.0287937	18
0.0288006	18
0.0288046	18
0.0288246	18
0.0288336	18
0.0288518	18
0.0288624	18
0.0288752	18
0.0288761	18
0.0288822	18
0.0288978	18
0.028913	18
0.0290112	18
0.0290341	18
0.0290357	18
0.0290545	18
0.0290702	18
0.0291411	18
0.0291444	18
0.0291564	18
0.0291743	18
0.0292187	18
0.0292474	18
0.0293259	18
0.0293739	18
0.0294135	18
0.0294168	18
0.0294503	18
0.0294814	18
0.0294835	18
0.0294878	18
0.0294896	18
0.0294925	18
0.0294984	18
0.0295059	18
0.0295064	18
0.0295096	18
0.029514	18
0.0295159	18
0.0295253	18
0.0295411	18
0.0295465	18
0.0295724	18
0.0296166	18
0.0296422	18
0.0300477	18
0.0300543	18
0.0300601	18
0.0300739	18
0.0300838	18
0.0300876	18
0.0301108	18
0.0301125	18
0.0301311	18
0.0301457	18
0.0301512	18
0.0301676	18
0.0302365	18
0.0302366	18
0.030237	18
0.0302371	18
0.0302371	18
0.0302371	18
0.0302371	18
0.0302373	18
0.0302378	18
0.0302378	18
0.0302379	18
0.030238	18
0.0302381	18
0.0302383	18
0.0302386	18
0.0302386	18
0.0302387	18
0.0302388	18
0.030239	18
0.030239	18
0.0302392	18
0.0302393	18
0.0302398	18
0.0302399	18
0.0302406	18
0.0302406	18
0.0302413	18
0.0302414	18
0.0302417	18
0.030242	18
0.0302426	18
0.0302437	18
0.030244	18
0.0302441	18
0.0302454	18
0.0302457	18
0.0302465	18
0.0302469	18
0.0302471	18
0.0302476	18
0.0302485	18
0.0302487	18
0.0302487	18
0.0302489	18
0.0302505	18
0.0302513	18
0.0302516	18
0.0302521	18
0.0302537	18
0.0302552	18
0.0302562	18
0.0302588	18
0.0302603	18
0.0302635	18
0.0302635	18
0.0302639	18
0.030264	18
0.0302642	18
0.0302651	18
0.0302662	18
0.0302684	18
0.0302691	18
0.0302734	18
0.0302849	18
0.030292	18
0.030316	18
0.0303314	18
0.0303401	18
0.0303471	18
0.0304154	18
0.0304295	18
0.0304829	18
0.0304955	18
0.0305465	18
0.0305716	18
0.0306935	18
0.0307006	18
0.0307151	18
0.0307365	18
0.0307404	18
0.0307439	18
0.0307519	18
0.0307566	18
0.0307621	18
0.030763	18
0.0307727	18
0.0307834	18
0.0307864	18
0.0307981	18
0.0308011	18
0.0308252	18
0.0308286	18
0.0308294	18
0.0308314	18
0.0308492	18
0.0308566	18
0.0308606	18
0.0308796	18
0.0309005	18
0.0309052	18
0.0309059	18
0.030912	18
0.0309143	18
0.0309208	18
0.0309242	18
0.0309273	18
0.0309796	18
0.030988	18
0.0310081	18
0.0310115	18
0.0310259	18
0.0310283	18
0.0310362	18
0.0310403	18
0.0310586	18
0.0310722	18
0.0310892	18
0.0310909	18
0.0311142	18
0.0311243	18
0.0311647	18
0.0311653	18
0.031194	18
0.0311971	18
0.0312	18
0.0312003	18
0.0312228	18
0.0312695	18
0.0312849	18
0.0312981	18
0.0313094	18
0.0313138	18
0.031314	18
0.031318	18
0.0313209	18
0.0313228	18
0.0313387	18
0.0313523	18
0.0313525	18
0.0313566	18
0.0313624	18
0.0313745	18
0.0313757	18
0.0313809	18
0.0313892	18
0.0314011	18
0.0314071	18
0.031418	18
0.0314325	18
0.0314355	18
0.0314384	18
0.0314487	18
0.0314515	18
0.0314612	18
0.0314923	18
0.0315016	18
0.0315467	18
0.0315642	18
0.031574	18
0.0316015	18
0.0316133	18
0.0316146	18
0.0316151	18
0.0316175	18
0.0316291	18
0.0316357	18
0.0316418	18
0.0316743	18
0.0316772	18
0.031686	18
0.0317304	18
0.0317629	18
0.0317709	18
0.0317795	18
0.0317814	18
0.0318071	18
0.0318262	18
0.0319043	18
0.0319322	18
0.0319468	18
0.0319816	18
0.0319847	18
0.0319896	18
0.0320495	18
0.0320498	18
0.0320649	18
0.0320965	18
0.0321523	18
0.0322736	18
0.0323315	18
0.0324056	18
0.0325177	18
0.0325361	18
0.0326512	18
0.0328127	18
0.0328665	18
0.0329045	18
0.0329152	18
0.0329445	18
0.0330477	18
0.0330506	18
0.033054	18
0.0330548	18
0.0330577	18
0.033064	18
0.0330695	18
0.0330792	18
0.0330816	18
0.0330844	18
0.0330864	18
0.0330937	18
0.0331125	18
0.0332427	18
0.0333288	18
0.0333291	18
0.0333292	18
0.0333293	18
0.0333298	18
0.0333302	18
0.0333307	18
0.0333327	18
0.033333	18
0.033333	18
0.0333337	18
0.0333345	18
0.0333351	18
0.0333354	18
0.0333355	18
0.0333369	18
0.0333374	18
0.033338	18
0.0333385	18
0.0333391	18
0.0333393	18
0.0333396	18
0.0333397	18
0.03334	18
0.0333405	18
0.0333405	18
0.0333424	18
0.0333433	18
0.0333436	18
0.033347	18
0.033347	18
0.0333542	18
0.0333547	18
0.0333558	18
0.0333576	18
0.0333602	18
0.0333624	18
0.0333653	18
0.0333664	18
0.0334202	18
0.0334542	18
0.0338189	18
0.0338198	18
0.0338255	18
0.03383	18
0.0338368	18
0.0338383	18
0.0338486	18
0.0338527	18
0.0338589	18
0.0338634	18
0.0338695	18
0.0338847	18
0.0339175	18
0.0339193	18
0.0340528	18
0.0342256	18
0.0343237	18
0.0343543	18
0.0347119	18
0.0347164	18
0.0347282	18
0.0350852	18
0.0362067	18
0.0373732	18
0.0373732	18
0.0373733	18
0.0373733	18
0.0373736	18
0.0373736	18
0.0373736	18
0.0373739	18
0.0373742	18
0.0373745	18
0.0373745	18
0.0373746	18
0.0373746	18
0.0373748	18
0.0373749	18
0.0373751	18
0.0373754	18
0.0373754	18
0.0373755	18
0.0373756	18
0.0373757	18
0.0373757	18
0.0373758	18
0.0373758	18
0.037376	18
0.037376	18
0.037376	18
0.0373761	18
0.0373762	18
0.0373763	18
0.0373764	18
0.0373766	18
0.0373771	18
0.0373771	18
0.0373772	18
0.0373772	18
0.0373773	18
0.0373773	18
0.0373774	18
0.0373774	18
0.0373775	18
0.0373777	18
0.0373779	18
0.0373785	18
0.0373786	18
0.0373787	18
0.0373787	18
0.0373787	18
0.037379	18
0.0373791	18
0.0373791	18
0.0373793	18
0.0373793	18
0.03738	18
0.0373801	18
0.0373804	18
0.0373804	18
0.0373806	18
0.0373817	18
0.0373818	18
0.0373821	18
0.0373825	18
0.0373829	18
0.0373831	18
0.0373833	18
0.0373833	18
0.0373834	18
0.0373838	18
0.0373839	18
0.0373845	18
0.0373846	18
0.0373848	18
0.0373853	18
0.0373853	18
0.0373859	18
0.0373862	18
0.0373863	18
0.0373865	18
0.0373865	18
0.0373867	18
0.0373873	18
0.0373883	18
0.0373885	18
0.037389	18
0.0373895	18
0.0373895	18
0.0373899	18
0.0373907	18
0.0373908	18
0.0373914	18
0.0373923	18
0.0373933	18
0.0373935	18
0.0373947	18
0.0373951	18
0.0373952	18
0.0373952	18
0.0373963	18
0.0373964	18
0.0373976	18
0.0373989	18
0.0373992	18
0.0374008	18
0.0374016	18
0.0374025	18
0.0374027	18
0.037403	18
0.037403	18
0.0374035	18
0.037404	18
0.0374041	18
0.0374053	18
0.0374054	18
0.0374057	18
0.0374071	18
0.0374072	18
0.0374085	18
0.0374086	18
0.0374114	18
0.0374136	18
0.037414	18
0.0374151	18
0.0374157	18
0.0374174	18
0.0374178	18
0.0374185	18
0.0374261	18
0.0374305	18
0.0374326	18
0.0374411	18
0.0374459	18
0.0374473	18
0.0374497	18
0.0374565	18
0.0374604	18
0.0374627	18
0.0374679	18
0.0374707	18
0.0374715	18
0.0374781	18
0.0374818	18
0.0374888	18
0.0375013	18
0.0375398	18
0.0375766	18
0.0375906	18
0.0376214	18
0.0377839	18
0.0379574	18
0.038776	18
0.0387932	18
0.0387991	18
0.0388081	18
0.038818	18
0.0388187	18
0.038823	18
0.0388272	18
0.0388339	18
0.038834	18
0.0388381	18
0.0388495	18
0.0388608	18
0.0388638	18
0.0388789	18
0.0388795	18
0.0388932	18
0.0388936	18
0.0389121	18
0.0389334	18
0.0389348	18
0.0389367	18
0.0389386	18
0.0389508	18
0.0389598	18
0.0389665	18
0.038978	18
0.0390287	18
0.0390399	18
0.0390409	18
0.039047	18
0.0390494	18
0.0390538	18
0.0390607	18
0.0390645	18
0.039067	18
0.0390686	18
0.0390792	18
0.0390977	18
0.0391039	18
0.0391279	18
0.0391467	18
0.0391492	18
0.0391557	18
0.0391944	18
0.039232	18
0.0392543	18
0.0392563	18
0.0392599	18
0.0392811	18
0.039328	18
0.0393437	18
0.0393585	18
0.0393791	18
0.0394871	18
0.0395347	18
0.039559	18
0.0395597	18
0.0395843	18
0.0396007	18
0.0396017	18
0.0396094	18
0.0396739	18
0.039828	18
0.0398282	18
0.0398283	18
0.0398296	18
0.0398299	18
0.0398311	18
0.0398313	18
0.0398324	18
0.0398347	18
0.0398354	18
0.0398381	18
0.0398447	18
0.0398461	18
0.0398474	18
0.0398484	18
0.0398639	18
0.0398666	18
0.0398771	18
0.0398794	18
0.0398805	18
0.0398828	18
0.0399309	18
0.0399336	18
0.0399363	18
0.039948	18
0.0399594	18
0.0399602	18
0.0399823	18
0.0400094	18
0.0400146	18
0.0400335	18
0.0400821	18
0.0401319	18
0.0401325	18
0.0401863	18
0.0402425	18
0.0402956	18
0.0403111	18
0.0403129	18
0.0403132	18
0.0403263	18
0.0403949	18
0.0404614	18
0.0404877	18
0.0405122	18
0.0405183	18
0.040521	18
0.0406717	18
0.0408585	18
0.0409795	18
0.0410148	18
0.0411459	18
0.0411462	18
0.0412265	18
0.0412546	18
0.0413586	18
0.0413596	18
0.0413603	18
0.0413638	18
0.0413648	18
0.0413668	18
0.0413671	18
0.0413673	18
0.0413691	18
0.0413696	18
0.0413731	18
0.0413746	18
0.0413782	18
0.0413851	18
0.041389	18
0.0413933	18
0.0414079	18
0.0414754	18
0.0414863	18
0.0418182	18
0.0418191	18
0.0418197	18
0.0418211	18
0.0418217	18
0.0418233	18
0.0418747	18
0.0419949	18
0.0420612	18
0.0423172	18
0.042514	18
0.0425141	18
0.0425147	18
0.0425148	18
0.0425149	18
0.0425153	18
0.0425167	18
0.0425174	18
0.0425183	18
0.0425184	18
0.0425196	18
0.0425197	18
0.0425201	18
0.0425205	18
0.0425208	18
0.0425234	18
0.0425256	18
0.0425321	18
0.0425331	18
0.0425344	18
0.0425409	18
0.0425433	18
0.042544	18
0.0425456	18
0.0425491	18
0.042551	18
0.0425538	18
0.0425538	18
0.0425629	18
0.0425693	18
0.0425797	18
0.0426004	18
0.043204	18
0.0433728	18
0.043378	18
0.0433798	18
0.0433843	18
0.0433845	18
0.0433859	18
0.0433875	18
0.0433878	18
0.0433912	18
0.0433928	18
0.0434009	18
0.0434037	18
0.0434091	18
0.0434121	18
0.0434193	18
0.0434214	18
0.0434229	18
0.0434436	18
0.0434535	18
0.0435717	18
0.0435743	18
0.0458632	18
0.0458633	18
0.0458636	18
0.0458638	18
0.0458638	18
0.0458642	18
0.0458645	18
0.045865	18
0.045865	18
0.0458653	18
0.0458654	18
0.0458656	18
0.0458658	18
0.0458659	18
0.0458662	18
0.0458663	18
0.0458671	18
0.0458677	18
0.0458684	18
0.0458686	18
0.0458694	18
0.0458697	18
0.0458699	18
0.0458702	18
0.0458703	18
0.0458708	18
0.0458712	18
0.0458722	18
0.0458723	18
0.0458729	18
0.0458736	18
0.0458748	18
0.0458754	18
0.0458754	18
0.045878	18
0.0458832	18
0.0458834	18
0.0458837	18
0.0458908	18
0.0458924	18
0.0458928	18
0.0458958	18
0.0458964	18
0.0458981	18
0.0458997	18
0.0459015	18
0.0459131	18
0.0459162	18
0.0459194	18
0.0459266	18
0.045928	18
0.0459297	18
0.0459393	18
0.0459409	18
0.0459531	18
0.0459576	18
0.0459691	18
0.0459751	18
0.0459936	18
0.0459971	18
0.0459986	18
0.0460019	18
0.0460095	18
0.0460423	18
0.0460553	18
0.046056	18
0.0460901	18
0.0460982	18
0.0461147	18
0.0461281	18
0.0461699	18
0.0461704	18
0.0461905	18
0.0461964	18
0.0462217	18
0.0462285	18
0.046239	18
0.0462573	18
0.0462574	18
0.0462639	18
0.0462696	18
0.046284	18
0.0463184	18
0.0463187	18
0.0463195	18
0.0463219	18
0.0463234	18
0.0463264	18
0.0463371	18
0.0463372	18
0.0463373	18
0.0463374	18
0.0463379	18
0.0463382	18
0.0463409	18
0.0463454	18
0.0463465	18
0.0463546	18
0.0463566	18
0.0463571	18
0.0463581	18
0.0463585	18
0.0463725	18
0.0463787	18
0.0463803	18
0.0463861	18
0.0463934	18
0.0463992	18
0.0464161	18
0.0464247	18
0.0464292	18
0.0464317	18
0.0464345	18
0.0464351	18
0.0464358	18
0.0464417	18
0.0464435	18
0.0464476	18
0.0464517	18
0.0464569	18
0.0464668	18
0.0464864	18
0.0465237	18
0.0465263	18
0.046534	18
0.0465402	18
0.0465609	18
0.0465774	18
0.0465794	18
0.0465815	18
0.0465861	18
0.0466003	18
0.0466024	18
0.0466167	18
0.0466335	18
0.0466337	18
0.046634	18
0.0466344	18
0.0466344	18
0.0466344	18
0.0466344	18
0.0466345	18
0.0466346	18
0.0466354	18
0.046636	18
0.0466369	18
0.0466374	18
0.0466378	18
0.046638	18
0.0466381	18
0.0466382	18
0.0466383	18
0.046639	18
0.0466393	18
0.0466396	18
0.0466398	18
0.0466404	18
0.0466406	18
0.0466408	18
0.0466412	18
0.0466413	18
0.0466415	18
0.0466425	18
0.046643	18
0.0466434	18
0.0466436	18
0.0466451	18
0.0466452	18
0.0466466	18
0.0466484	18
0.0466494	18
0.0466505	18
0.0466514	18
0.0466528	18
0.0466539	18
0.0466547	18
0.0466554	18
0.0466558	18
0.0466579	18
0.046659	18
0.0466598	18
0.0466625	18
0.0466647	18
0.0466651	18
0.0466662	18
0.0466686	18
0.0466704	18
0.0466712	18
0.0466717	18
0.0466757	18
0.0466767	18
0.0466821	18
0.0466833	18
0.0467144	18
0.0467206	18
0.0467226	18
0.0467271	18
0.0467629	18
0.0467811	18
0.0467812	18
0.0467949	18
0.0467973	18
0.0468195	18
0.0468331	18
0.0468384	18
0.0468583	18
0.0468845	18
0.0468942	18
0.0468986	18
0.0469112	18
0.0469342	18
0.0469534	18
0.0469715	18
0.0469744	18
0.0470063	18
0.047019	18
0.0470488	18
0.0470803	18
0.0470994	18
0.0471047	18
0.0471121	18
0.0471507	18
0.0471773	18
0.0472672	18
0.0475032	18
0.0476053	18
0.0476351	18
0.0479076	18
0.0479121	18
0.0479407	18
0.0479426	18
0.0479426	18
0.0479439	18
0.0479446	18
0.047945	18
0.0479452	18
0.0479496	18
0.0479531	18
0.0479609	18
0.0479671	18
0.0479691	18
0.0479748	18
0.047977	18
0.04798	18
0.0479985	18
0.0480217	18
0.0480289	18
0.0480527	18
0.0480764	18
0.0481201	18
0.0481495	18
0.0481635	18
0.0483187	18
0.0484083	18
0.0484573	18
0.0485144	18
0.0485407	18
0.0485498	18
0.0485567	18
0.0486049	18
0.0487186	18
0.0488444	18
0.0495842	18
0.0495893	18
0.04959	18
0.0495905	18
0.049593	18
0.0495935	18
0.0495963	18
0.0496087	18
0.0496288	18
0.0496484	18
0.0496485	18
0.0496511	18
0.0496515	18
0.0496633	18
0.0496753	18
0.0497035	18
0.0497398	18
0.0497663	18
0.049798	18
0.0498174	18
0.0498192	18
0.0498339	18
0.049834	18
0.0498491	18
0.0499132	18
0.0499144	18
0.0499145	18
0.0499331	18
0.0499842	18
0.0499919	18
0.0499974	18
0.0500435	18
0.0500563	18
0.0501932	18
0.0502119	18
0.0503301	18
0.0503863	18
0.0504198	18
0.050475	18
0.0504791	18
0.0506279	18
0.0506671	18
0.0507163	18
0.0507384	18
0.0507503	18
0.0509513	18
0.051186	18
0.0513108	18
0.0519177	18
0.0520397	18
0.0532681	18
0.0532894	18
0.0533614	18
0.0538415	18
0.0541373	18
0.0548941	18
0.0549695	18
0.0549952	18
0.0552389	18
0.0558185	18
0.0563992	18
0.0563996	18
0.0563997	18
0.0564002	18
0.0564004	18
0.0564008	18
0.0564009	18
0.0564017	18
0.0564025	18
0.056403	18
0.056403	18
0.0564035	18
0.0564057	18
0.0564062	18
0.056411	18
0.0564139	18
0.0564141	18
0.0564143	18
0.0564156	18
0.0564195	18
0.0564195	18
0.0564217	18
0.0564223	18
0.0564237	18
0.0564249	18
0.0564466	18
0.0564525	18
0.0564753	18
0.0564755	18
0.0564891	18
0.0564896	18
0.056546	18
0.0565462	18
0.0566001	18
0.0567078	18
0.0567995	18
0.0569818	18
0.0589084	18
0.059005	18
0.0593207	18
0.0612016	18
0.0612018	18
0.0612021	18
0.0612024	18
0.0612035	18
0.0612051	18
0.0612058	18
0.0612067	18
0.0612068	18
0.0612071	18
0.0612084	18
0.0612094	18
0.06121	18
0.0612107	18
0.0612109	18
0.0612153	18
0.0612169	18
0.0612182	18
0.0612195	18
0.0612199	18
0.06122	18
0.0612205	18
0.0612226	18
0.061224	18
0.0612328	18
0.0612329	18
0.0612393	18
0.0612478	18
0.0612503	18
0.0612604	18
0.0613211	18
0.0613394	18
0.0614491	18
0.0625614	18
0.0625653	18
0.0625654	18
0.062741	18
0.0631449	18
0.0631463	18
0.0632133	18
0.0667595	18
0.0667601	18
0.0667645	18
0.0667793	18
0.066793	18
0.0667979	18
0.0668238	18
0.0668577	18
0.0668704	18
0.0673231	18
0.0673756	18
0.0677135	18
0.0677229	18
0.0679469	18
0.0679501	18
0.0682647	18
0.0682913	18
0.0685735	18
0.0686271	18
0.0686525	18
0.0687392	18
0.0687791	18
0.0687873	18
0.068793	18
0.0688321	18
0.069592	18
0.0701363	18
0.0701581	18
0.0702071	18
0.0702158	18
0.0702246	18
0.0702369	18
0.0710413	18
0.0710675	18
0.0710704	18
0.0731498	18
0.0741076	18
0.0741134	18
0.0741303	18
0.0744665	18
0.0744674	18
0.0745133	18
0.0745284	18
0.0752481	18
0.0770319	18
0.0774766	18
0.0780444	18
0.0784782	18
0.0787893	18
0.0791197	18
0.0791356	18
0.0802527	18
0.0803403	18
0.0803752	18
0.0803765	18
0.081979	18
0.0819799	18
0.0820118	18
0.0820152	18
0.0820572	18
0.0860421	18
0.08656	18
0.0866255	18
0.0866397	18
0.0880421	18
0.0880679	18
0.0880986	18
0.088111	18
0.0881839	18
0.0882093	18
0.0888741	18
0.0888905	18
0.088898	18
0.0895653	18
0.0895921	18
0.0898556	18
0.0898849	18
0.0902065	18
0.0902084	18
0.090278	18
0.0924241	18
0.0924267	18
0.0925815	18
0.0926031	18
0.0926087	18
0.0930592	18
0.0930777	18
0.0930779	18
0.100075	18
0.100117	18
0.100125	18
0.100125	18
0.102337	18
0.102339	18
0.102364	18
0.102364	18
0.105813	18
0.105845	18
0.105849	18
0.105939	18
0.105953	18
0.106234	18
0.106245	18
0.106245	18
0.106298	18
0.10632	18
0.106323	18
0.106328	18
0.106366	18
0.110413	18
0.110974	18
0.110993	18
0.111891	18
0.11191	18
0.111912	18
0.112007	18
0.112903	18
0.112908	18
0.113053	18
0.11312	18
0.11318	18
0.11318	18
0.114208	18
0.11432	18
0.11433	18
0.11522	18
0.115285	18
0.115286	18
0.117707	18
0.117831	18
0.117856	18
0.117891	18
0.117892	18
0.119042	18
0.119043	18
0.119045	18
0.119051	18
0.12377	18
0.12377	18
0.123771	18
0.123786	18
0.123791	18
0.126757	18
0.126761	18
0.126793	18
0.127017	18
0.127944	18
0.133322	18
0.133325	18
0.133331	18
0.133331	18
0.133352	18
0.13353	18
0.133535	18
0.13607	18
0.136256	18
0.136261	18
0.137234	18
0.138558	18
0.142107	18
0.142138	18
0.143478	18
0.143479	18
0.143481	18
0.144966	18
0.144967	18
0.144975	18
0.144986	18
0.145014	18
0.146058	18
0.146113	18
0.146118	18
0.146198	18
0.1462	18
0.146906	18
0.146997	18
0.146998	18
0.14733	18
0.147406	18
0.147412	18
0.14742	18
0.154113	18
0.154113	18
0.154115	18
0.154131	18
0.154133	18
0.154151	18
0.154165	18
0.154174	18
0.157163	18
0.157471	18
0.158073	18
0.158079	18
0.158124	18
0.15842	18
0.158421	18
0.158425	18
0.159901	18
0.159933	18
0.159933	18
0.160254	18
0.160394	18
0.1604	18
0.164106	18
0.164112	18
0.164413	18
0.164415	18
0.164688	18
0.164716	18
0.164718	18
0.16652	18
0.166533	18
0.166787	18
0.166801	18
0.171171	18
0.171217	18
0.171221	18
0.172882	18
0.175814	18
0.175815	18
0.177505	18
0.177507	18
0.179219	18
0.179225	18
0.180059	18
0.180158	18
0.180177	18
0.182817	18
0.182827	18
0.182836	18
0.183697	18
0.183715	18
0.18372	18
0.184706	18
0.185142	18
0.185144	18
0.185184	18
0.189368	18
0.189368	18
0.189429	18
0.189433	18
0.189436	18
0.18958	18
0.189581	18
0.197981	18
0.197982	18
0.198038	18
0.198045	18
0.198168	18
0.198202	18
0.198214	18
0.198478	18
0.198509	18
0.19851	18
0.198562	18
0.199539	18
0.199564	18
0.199579	18
0.199605	18
0.199706	18
0.199707	18
0.199743	18
0.202275	18
0.202286	18
0.202291	18
0.202365	18
0.202949	18
0.202953	18
0.203003	18
0.205902	18
0.205905	18
0.20605	18
0.206096	18
0.206111	18
0.206406	18
0.206411	18
0.206423	18
0.212663	18
0.212738	18
0.212745	18
0.214195	18
0.214571	18
0.214592	18
0.216057	18
0.216079	18
0.219675	18
0.219676	18
0.219679	18
0.219683	18
0.219689	18
0.219707	18
0.219708	18
0.220901	18
0.221105	18
0.221106	18
0.221107	18
0.221134	18
0.221138	18
0.221139	18
0.221181	18
0.221181	18
0.222588	18
0.223096	18
0.223096	18
0.223903	18
0.223971	18
0.223982	18
0.226313	18
0.226354	18
0.226355	18
0.227661	18
0.227713	18
0.227716	18
0.228285	18
0.228384	18
0.22841	18
0.228416	18
0.229148	18
0.230201	18
0.230226	18
0.230228	18
0.230272	18
0.230278	18
0.230352	18
0.231172	18
0.231283	18
0.231285	18
0.231314	18
0.235662	18
0.235663	18
0.235772	18
0.239732	18
0.239732	18
0.23974	18
0.245878	18
0.245907	18
0.245911	18
0.248057	18
0.249176	18
0.249196	18
0.254395	18
0.254568	18
0.254568	18
0.259604	18
0.259701	18
0.25971	18
0.259713	18
0.260617	18
0.260634	18
0.260639	18
0.262323	18
0.262353	18
0.262358	18
0.268143	18
0.268144	18
0.268174	18
0.268176	18
0.268206	18
0.268418	18
0.268421	18
0.27592	18
0.27599	18
0.275991	18
0.276756	18
0.277062	18
0.277104	18
0.277105	18
0.277554	18
0.277571	18
0.277571	18
0.277573	18
0.277574	18
0.281263	18
0.281267	18
0.281267	18
0.282273	18
0.282288	18
0.282516	18
0.282524	18
0.289063	18
0.289066	18
0.289074	18
0.2924	18
0.292416	18
0.29243	18
0.29243	18
0.293605	18
0.293681	18
0.293684	18
0.294868	18
0.294873	18
0.295048	18
0.295049	18
0.299942	18
0.300065	18
0.30007	18
0.303326	18
0.304171	18
0.306283	18
0.30629	18
0.306308	18
0.309842	18
0.310063	18
0.310077	18
0.312125	18
0.312125	18
0.312126	18
0.312146	18
0.312149	18
0.312149	18
0.312157	18
0.312158	18
0.312176	18
0.312181	18
0.312437	18
0.312925	18
0.312984	18
0.314896	18
0.31604	18
0.316124	18
0.316133	18
0.316133	18
0.316196	18
0.316207	18
0.316211	18
0.316275	18
0.320042	18
0.321166	18
0.322112	18
0.322118	18
0.322122	18
0.322132	18
0.328945	18
0.328946	18
0.328949	18
0.342056	18
0.342058	18
0.342196	18
0.348191	18
0.348192	18
0.348205	18
0.348208	18
0.348246	18
0.34825	18
0.348252	18
0.355144	18
0.355157	18
0.355157	18
0.355219	18
0.355219	18
0.355438	18
0.359539	18
0.359547	18
0.359759	18
0.365591	18
0.3656	18
0.365694	18
0.36588	18
0.365881	18
0.365915	18
0.368861	18
0.368872	18
0.368983	18
0.370319	18
0.370323	18
0.370343	18
0.37093	18
0.381709	18
0.381773	18
0.381775	18
0.381856	18
0.381863	18
0.390876	18
0.390878	18
0.390879	18
0.391145	18
0.391238	18
0.397047	18
0.397055	18
0.397134	18
0.397904	18
0.397905	18
0.397906	18
0.398033	18
0.398198	18
0.400992	18
0.401041	18
0.401151	18
0.401208	18
0.401209	18
0.40121	18
0.402005	18
0.402005	18
0.402065	18
0.411169	18
0.41117	18
0.411171	18
0.411259	18
0.411464	18
0.411475	18
0.411659	18
0.411664	18
0.411668	18
0.414081	18
0.414132	18
0.414132	18
0.414995	18
0.415043	18
0.415044	18
0.41511	18
0.415283	18
0.416067	18
0.416203	18
0.416219	18
0.416295	18
0.421039	18
0.421042	18
0.421133	18
0.426472	18
0.426472	18
0.426477	18
0.42649	18
0.426492	18
0.426594	18
0.426605	18
0.427679	18
0.433181	18
0.433203	18
0.433216	18
0.433274	18
0.434275	18
0.434405	18
0.438693	18
0.438768	18
0.440343	18
0.440388	18
0.440389	18
0.440449	18
0.440477	18
0.445396	18
0.445403	18
0.44556	18
0.446413	18
0.446413	18
0.452747	18
0.454945	18
0.454947	18
0.454994	18
0.455017	18
0.455019	18
0.455022	18
0.455723	18
0.455728	18
0.455752	18
0.455873	18
0.455875	18
0.45603	18
0.46472	18
0.464724	18
0.464849	18
0.464872	18
0.464873	18
0.469412	18
0.469417	18
0.469419	18
0.469603	18
0.469606	18
0.475394	18
0.475513	18
0.475515	18
0.475517	18
0.476358	18
0.476374	18
0.476428	18
0.476438	18
0.477315	18
0.47735	18
0.47735	18
0.479747	18
0.479889	18
0.479889	18
0.479894	18
0.482005	18
0.482008	18
0.482052	18
0.482056	18
0.483805	18
0.483862	18
0.483867	18
0.488638	18
0.488714	18
0.488719	18
0.497427	18
0.49765	18
0.497657	18
0.499983	18
0.50072	18
0.500762	18
0.50118	18
0.501241	18
0.501247	18
0.503655	18
0.503723	18
0.503723	18
0.503736	18
0.503828	18
0.504252	18
0.504261	18
0.504265	18
0.509426	18
0.509464	18
0.509497	18
0.511881	18
0.511881	18
0.511906	18
0.511928	18
0.512207	18
0.512296	18
0.512475	18
0.516581	18
0.516701	18
0.522281	18
0.527916	18
0.529473	18
0.529509	18
0.529731	18
0.529732	18
0.532887	18
0.532915	18
0.532915	18
0.545764	18
0.545766	18
0.545778	18
0.545779	18
0.551075	18
0.551078	18
0.551177	18
0.551179	18
0.552152	18
0.55218	18
0.552185	18
0.552302	18
0.556322	18
0.556322	18
0.55636	18
0.559075	18
0.559076	18
0.559125	18
0.560698	18
0.5607	18
0.562673	18
0.562716	18
0.562886	18
0.562886	18
0.564685	18
0.564746	18
0.564749	18
0.566291	18
0.566301	18
0.56631	18
0.568925	18
0.568949	18
0.56902	18
0.569024	18
0.569099	18
0.569973	18
0.569974	18
0.569983	18
0.570003	18
0.570401	18
0.573302	18
0.573397	18
0.573426	18
0.573432	18
0.573527	18
0.573541	18
0.573598	18
0.573611	18
0.57406	18
0.574073	18
0.574092	18
0.578974	18
0.579043	18
0.579064	18
0.581139	18
0.58118	18
0.581195	18
0.581267	18
0.583788	18
0.586358	18
0.586364	18
0.586655	18
0.586655	18
0.586657	18
0.586658	18
0.5879	18
0.587902	18
0.587967	18
0.587967	18
0.589711	18
0.589822	18
0.589826	18
0.590355	18
0.590539	18
0.59054	18
0.595927	18
0.596712	18
0.596754	18
0.599304	18
0.599786	18
0.601155	18
0.601179	18
0.601186	18
0.601274	18
0.61329	18
0.613299	18
0.613305	18
0.613318	18
0.614423	18
0.619765	18
0.619847	18
0.61998	18
0.619982	18
0.624899	18
0.637631	18
0.637632	18
0.637635	18
0.637636	18
0.637643	18
0.637647	18
0.637689	18
0.637697	18
0.637699	18
0.640267	18
0.640273	18
0.640348	18
0.64036	18
0.640361	18
0.640731	18
0.640756	18
0.640757	18
0.642941	18
0.642948	18
0.643043	18
0.643043	18
0.647403	18
0.647417	18
0.64742	18
0.6477	18
0.647706	18
0.647748	18
0.647749	18
0.650954	18
0.650989	18
0.650992	18
0.655002	18
0.655097	18
0.655098	18
0.657301	18
0.657402	18
0.657407	18
0.662856	18
0.669433	18
0.669435	18
0.669484	18
0.671337	18
0.671355	18
0.671436	18
0.671708	18
0.671708	18
0.673077	18
0.673168	18
0.67317	18
0.673342	18
0.67346	18
0.673461	18
0.675185	18
0.676473	18
0.676516	18
0.6809	18
0.680901	18
0.680901	18
0.680902	18
0.681042	18
0.681042	18
0.682628	18
0.682727	18
0.682729	18
0.68348	18
0.683615	18
0.683617	18
0.699169	18
0.699169	18
0.704891	18
0.708383	18
0.708428	18
0.708441	18
0.708443	18
0.718668	18
0.726519	18
0.726524	18
0.726555	18
0.726567	18
0.726568	18
0.727798	18
0.727818	18
0.727822	18
0.727835	18
0.727838	18
0.731119	18
0.731122	18
0.731186	18
0.731187	18
0.733696	18
0.736624	18
0.736685	18
0.736685	18
0.746959	18
0.747009	18
0.747011	18
0.747015	18
0.759336	18
0.759498	18
0.759499	18
0.778877	18
0.778878	18
0.778879	18
0.778883	18
0.778891	18
0.778892	18
0.785161	18
0.785163	18
0.7946	18
0.794601	18
0.794678	18
0.794683	18
0.805359	18
0.805434	18
0.805439	18
0.806017	18
0.806036	18
0.806096	18
0.806096	18
0.808647	18
0.808652	18
0.808983	18
0.809017	18
0.80902	18
0.815252	18
0.815252	18
0.815256	18
0.81527	18
0.815271	18
0.822613	18
0.822623	18
0.822632	18
0.827002	18
0.82877	18
0.828823	18
0.828826	18
0.838472	18
0.838549	18
0.838549	18
0.839904	18
0.839944	18
0.845969	18
0.84597	18
0.845971	18
0.846014	18
0.846029	18
0.84603	18
0.846156	18
0.846166	18
0.847524	18
0.847547	18
0.847549	18
0.849343	18
0.849351	18
0.84936	18
0.849622	18
0.849679	18
0.849683	18
0.861483	18
0.86154	18
0.861542	18
0.863539	18
0.864194	18
0.8642	18
0.864314	18
0.872051	18
0.872103	18
0.872386	18
0.872386	18
0.875544	18
0.875546	18
0.875563	18
0.875596	18
0.875599	18
0.877584	18
0.887546	18
0.887548	18
0.887589	18
0.887591	18
0.887637	18
0.88765	18
0.892972	18
0.893008	18
0.893053	18
0.893055	18
0.902217	18
0.902217	18
0.902217	18
0.902219	18
0.902365	18
0.902385	18
0.902494	18
0.902637	18
0.902645	18
0.906592	18
0.906772	18
0.906772	18
0.909739	18
0.910692	18
0.910827	18
0.915204	18
0.947162	18
0.947162	18
0.947246	18
0.947246	18
0.947322	18
0.947323	18
0.947327	18
0.94734	18
0.953368	18
0.953416	18
0.953512	18
0.95885	18
0.960742	18
0.960743	18
0.965495	18
0.965533	18
0.965535	18
0.965536	18
0.965538	18
0.965543	18
0.96559	18
0.96577	18
0.965947	18
0.966178	18
0.993775	18
0.993776	18
0.993777	18
0.9938	18
0.995133	18
0.995154	18
0.995156	18
0.995263	18
0.999256	18
0.999256	18
0.999295	18
0.999301	18
0.999305	18
0.999377	18
1.01029	18
1.01029	18
1.01036	18
1.01037	18
1.01056	18
1.01328	18
1.01328	18
1.01329	18
1.02118	18
1.02126	18
1.02126	18
1.02127	18
1.02128	18
1.02128	18
1.02134	18
1.03715	18
1.03715	18
1.03721	18
1.03721	18
1.03729	18
1.03977	18
1.03977	18
1.03977	18
1.03977	18
1.04179	18
1.04179	18
1.04179	18
1.04581	18
1.06186	18
1.06192	18
1.06193	18
1.06199	18
1.06397	18
1.06555	18
1.06559	18
1.06561	18
1.06595	18
1.06598	18
1.06622	18
1.06622	18
1.07396	18
1.07397	18
1.07397	18
1.08379	18
1.08379	18
1.0838	18
1.08381	18
1.08383	18
1.08389	18
1.08519	18
1.0852	18
1.08521	18
1.0895	18
1.0895	18
1.08966	18
1.09282	18
1.09286	18
1.09286	18
1.10606	18
1.10621	18
1.10621	18
1.10658	18
1.13692	18
1.13695	18
1.13695	18
1.13696	18
1.13697	18
1.14606	18
1.14608	18
1.14608	18
1.1461	18
1.1461	18
1.1461	18
1.14743	18
1.14744	18
1.14747	18
1.15647	18
1.15647	18
1.15648	18
1.15652	18
1.16292	18
1.16294	18
1.16295	18
1.16851	18
1.16851	18
1.16853	18
1.18233	18
1.18233	18
1.18233	18
1.18465	18
1.18465	18
1.18466	18
1.18467	18
1.18626	18
1.18627	18
1.1864	18
1.18856	18
1.1886	18
1.18861	18
1.18879	18
1.19181	18
1.19181	18
1.1919	18
1.1919	18
1.19191	18
1.19348	18
1.1935	18
1.1935	18
1.19822	18
1.19823	18
1.19824	18
1.20423	18
1.20431	18
1.20736	18
1.20738	18
1.2079	18
1.20797	18
1.21737	18
1.21739	18
1.2174	18
1.2174	18
1.2174	18
1.22013	18
1.22015	18
1.22015	18
1.22368	18
1.22369	18
1.2237	18
1.2319	18
1.23191	18
1.23191	18
1.23516	18
1.23522	18
1.23525	18
1.23526	18
1.23907	18
1.23918	18
1.23918	18
1.24911	18
1.24911	18
1.24916	18
1.24916	18
1.25067	18
1.25145	18
1.25145	18
1.25145	18
1.25145	18
1.28482	18
1.28482	18
1.28483	18
1.28713	18
1.28713	18
1.28719	18
1.29171	18
1.29171	18
1.29283	18
1.29285	18
1.29285	18
1.29444	18
1.29449	18
1.29454	18
1.29454	18
1.30377	18
1.30922	18
1.30923	18
1.30945	18
1.31363	18
1.31363	18
1.32154	18
1.32154	18
1.32154	18
1.3273	18
1.32737	18
1.32738	18
1.32744	18
1.32749	18
1.32749	18
1.33465	18
1.33465	18
1.33469	18
1.3347	18
1.33474	18
1.33474	18
1.33474	18
1.34364	18
1.34364	18
1.34377	18
1.34377	18
1.34574	18
1.3478	18
1.35015	18
1.35015	18
1.3502	18
1.60215	18
1.60215	18
1.60216	18
1.60218	18
1.61967	18
1.61968	18
1.63494	18
1.63495	18
1.63496	18
1.63496	18
1.6364	18
1.63641	18
1.63642	18
1.63645	18
1.63645	18
1.65039	18
1.65675	18
1.65675	18
1.65676	18
1.65688	18
1.65688	18
1.66956	18
1.66963	18
1.66963	18
1.67159	18
1.6717	18
1.6717	18
1.67617	18
1.67621	18
1.67622	18
1.68247	18
1.68274	18
1.68286	18
1.68286	18
1.68688	18
1.68699	18
1.68699	18
1.69255	18
1.69256	18
1.69256	18
1.69269	18
1.69269	18
1.69712	18
1.69718	18
1.69719	18
1.70253	18
1.70339	18
1.70358	18
1.71739	18
1.71741	18
1.74096	18
1.74096	18
1.74097	18
1.74099	18
1.74103	18
1.74103	18
1.7411	18
1.7411	18
1.74451	18
1.74451	18
1.74554	18
1.74556	18
1.74558	18
1.75143	18
1.75144	18
1.75145	18
1.75161	18
1.75161	18
1.76117	18
1.76117	18
1.76121	18
1.76122	18
1.76216	18
1.76218	18
1.76218	18
1.76493	18
1.76499	18
1.76499	18
1.76831	18
1.77155	18
1.77187	18
1.7852	18
1.7852	18
1.78521	18
1.78521	18
1.78524	18
1.78524	18
1.79079	18
1.79089	18
1.79089	18
1.80403	18
1.80403	18
1.80403	18
1.80404	18
1.80404	18
1.82287	18
1.82295	18
1.82295	18
1.83913	18
1.83913	18
1.83914	18
1.83914	18
1.85159	18
1.8516	18
1.8516	18
1.8516	18
1.85223	18
1.85225	18
1.85226	18
1.85608	18
1.85615	18
1.85615	18
1.85815	18
1.86036	18
1.86037	18
1.86044	18
1.86044	18
1.87173	18
1.8718	18
1.8718	18
1.87216	18
1.87219	18
1.87237	18
1.87238	18
1.88057	18
1.88058	18
1.88058	18
1.88757	18
1.88763	18
1.88763	18
1.88802	18
1.88804	18
1.88804	18
1.89032	18
1.89037	18
1.89037	18
1.89438	18
1.89438	18
1.89463	18
1.89463	18
1.89624	18
1.89634	18
1.8964	18
1.89641	18
1.8976	18
1.89768	18
1.89769	18
1.89769	18
1.91146	18
1.9115	18
1.91255	18
1.91255	18
1.91842	18
1.91846	18
1.91846	18
1.9189	18
1.91901	18
1.91901	18
1.92191	18
1.92215	18
1.92215	18
1.92961	18
1.92962	18
1.92962	18
1.9359	18
1.93592	18
1.93596	18
1.93596	18
1.93692	18
1.937	18
1.937	18
1.94485	18
1.94486	18
1.94486	18
1.95142	18
1.95142	18
1.95142	18
1.95148	18
1.95148	18
1.95409	18
1.95417	18
1.95417	18
1.95723	18
1.95726	18
1.95726	18
1.95731	18
1.95735	18
1.95738	18
1.95738	18
1.96115	18
1.96125	18
1.96126	18
1.96531	18
1.96533	18
1.96534	18
1.96534	18
1.9667	18
1.96671	18
1.96676	18
1.96676	18
1.96781	18
1.96784	18
1.96784	18
1.97032	18
1.97035	18
1.97036	18
1.97647	18
1.97647	18
1.9768	18
1.9768	18
1.97866	18
1.97877	18
1.97878	18
1.9935	18
1.99357	18
1.99357	18
1.99358	18
1.99358	18
2.01047	18
2.01047	18
2.01935	18
2.01945	18
2.01945	18
2.02151	18
2.02154	18
2.02155	18
2.0217	18
2.0217	18
2.02486	18
2.02536	18
2.02548	18
2.03564	18
2.03564	18
2.03566	18
2.03566	18
2.03571	18
2.03572	18
2.04094	18
2.04095	18
2.04095	18
2.04098	18
2.04916	18
2.0492	18
2.0492	18
2.05739	18
2.0574	18
2.0574	18
2.05781	18
2.05783	18
2.05783	18
2.05796	18
2.05797	18
2.05894	18
2.05895	18
2.05895	18
2.072	18
2.072	18
2.07201	18
2.07201	18
2.07253	18
2.07265	18
2.07265	18
2.07622	18
2.07627	18
2.07627	18
2.07911	18
2.07915	18
2.07916	18
2.0838	18
2.0839	18
2.08391	18
2.10135	18
2.10135	18
2.10143	18
2.10144	18
2.10928	18
2.10935	18
2.10936	18
2.13396	18
2.13396	18
2.13397	18
2.13416	18
2.13417	18
2.13426	18
2.14651	18
2.14668	18
2.15323	18
2.15333	18
2.15333	18
2.15517	18
2.15527	18
2.15527	18
2.16066	18
2.16069	18
2.16069	18
2.16076	18
2.16077	18
2.16212	18
2.16239	18
2.1624	18
2.16369	18
2.16669	18
2.16677	18
2.17412	18
2.17414	18
2.17414	18
2.17415	18
2.17415	18
2.17756	18
2.17761	18
2.17761	18
2.17762	18
2.18571	18
2.18576	18
2.18576	18
2.18813	18
2.18821	18
2.18821	18
2.19537	18
2.19558	18
2.19559	18
2.19873	18
2.19877	18
2.19878	18
2.21309	18
2.21309	18
2.21309	18
2.21318	18
2.21319	18
2.21755	18
2.21756	18
2.23724	18
2.23734	18
2.23735	18
2.24126	18
2.25048	18
2.25048	18
2.25049	18
2.25056	18
2.25056	18
2.25153	18
2.25168	18
2.25168	18
2.25362	18
2.25362	18
2.25783	18
2.25785	18
2.25785	18
2.25785	18
2.26006	18
2.26011	18
2.26013	18
2.26013	18
2.27094	18
2.27097	18
2.27097	18
2.27097	18
2.27098	18
2.27305	18
2.27307	18
2.27314	18
2.27317	18
2.27388	18
2.27406	18
2.27406	18
2.27411	18
2.27417	18
2.27417	18
2.2787	18
2.27873	18
2.27874	18
2.28605	18
2.28612	18
2.28613	18
2.28728	18
2.28734	18
2.2874	18
2.28742	18
2.30109	18
2.3011	18
2.30132	18
2.30132	18
2.30464	18
2.30465	18
2.30466	18
2.31241	18
2.31242	18
2.31499	18
2.31499	18
2.32105	18
2.3211	18
2.3211	18
2.32261	18
2.32269	18
2.3227	18
2.32273	18
2.36678	18
2.36678	18
2.36679	18
2.36873	18
2.36874	18
2.36874	18
2.36896	18
2.36896	18
2.37087	18
2.3709	18
2.3709	18
2.37095	18
2.37573	18
2.37574	18
2.3842	18
2.38421	18
2.38422	18
2.38422	18
2.3843	18
2.39223	18
2.39231	18
2.39233	18
2.3924	18
2.39652	18
2.40509	18
2.40513	18
2.40523	18
2.40523	18
2.40541	18
2.40544	18
2.40545	18
2.40545	18
2.40561	18
2.40561	18
2.40829	18
2.42611	18
2.42615	18
2.42616	18
2.42624	18
2.42627	18
2.4339	18
2.43397	18
2.43402	18
2.43411	18
2.43412	18
2.43414	18
2.43417	18
2.44673	18
2.44675	18
2.44675	18
2.44675	18
2.44675	18
2.44681	18
2.44684	18
2.44686	18
2.46083	18
2.46083	18
2.46083	18
2.46085	18
2.47865	18
2.47865	18
2.47865	18
2.47866	18
2.47867	18
2.4833	18
2.48334	18
2.48346	18
2.4835	18
2.49453	18
2.49465	18
2.49466	18
2.49466	18
2.49473	18
2.50175	18
2.50175	18
2.50187	18
2.5019	18
2.50391	18
2.50509	18
2.5051	18
2.51988	18
2.51994	18
2.51994	18
2.52024	18
2.52028	18
2.52537	18
2.52542	18
2.5255	18
2.52947	18
2.52951	18
2.52961	18
2.54525	18
2.54527	18
2.54533	18
2.54544	18
2.55762	18
2.55764	18
2.55764	18
2.55772	18
2.55788	18
2.55788	18
2.55788	18
2.55812	18
2.57106	18
2.57106	18
2.57106	18
2.57108	18
2.5717	18
2.57171	18
2.57172	18
2.57191	18
2.58832	18
2.58833	18
2.58834	18
2.58917	18
2.58917	18
2.58917	18
2.58918	18
2.59815	18
2.59816	18
2.5982	18
2.60283	18
2.60283	18
2.60293	18
2.61147	18
2.61148	18
2.61178	18
2.61306	18
2.61306	18
2.61322	18
2.61457	18
2.61457	18
2.61461	18
2.61482	18
2.61482	18
2.615	18
2.61546	18
2.61546	18
2.61555	18
2.62466	18
2.62466	18
2.62467	18
2.62467	18
2.62476	18
2.62789	18
2.62791	18
2.62792	18
2.63359	18
2.63359	18
2.63359	18
2.63826	18
2.63827	18
2.64347	18
2.64348	18
2.64363	18
2.64364	18
2.64401	18
2.64588	18
2.64589	18
2.64592	18
2.64891	18
2.64893	18
2.64893	18
2.64893	18
2.65009	18
2.65776	18
2.66229	18
2.6623	18
2.66238	18
2.66239	18
2.6628	18
2.66284	18
2.66285	18
2.66823	18
2.66824	18
2.66829	18
2.6683	18
2.6683	18
2.67889	18
2.6789	18
2.67939	18
2.67977	18
2.67978	18
2.67979	18
2.67981	18
2.69738	18
2.6974	18
2.69747	18
2.69779	18
2.69785	18
2.69785	18
2.69789	18
2.71605	18
2.71605	18
2.71606	18
2.71608	18
2.71616	18
2.72413	18
2.72413	18
2.72413	18
2.7243	18
2.72689	18
2.73155	18
2.73168	18
2.73168	18
2.73182	18
2.75416	18
2.75416	18
2.75416	18
2.75426	18
2.75737	18
2.75737	18
2.75787	18
2.7579	18
2.7579	18
2.75791	18
2.75794	18
2.75948	18
2.78689	18
2.78689	18
2.78689	18
2.78689	18
2.7869	18
2.80233	18
2.80234	18
2.80234	18
2.8049	18
2.80494	18
2.80496	18
2.80546	18
2.80559	18
2.80559	18
2.8101	18
2.81013	18
2.81029	18
2.8103	18
2.81038	18
2.81364	18
2.81371	18
2.81372	18
2.81373	18
2.81571	18
2.81572	18
2.81591	18
2.82178	18
2.82178	18
2.82181	18
2.82356	18
2.82356	18
2.82358	18
2.82495	18
2.82495	18
2.82496	18
2.82509	18
2.82781	18
2.82784	18
2.82786	18
2.83011	18
2.83082	18
2.83085	18
2.83086	18
2.8309	18
2.84195	18
2.84656	18
2.84657	18
2.84657	18
2.86818	18
2.86818	18
2.86819	18
2.86819	18
2.8682	18
2.86996	18
2.86996	18
2.87008	18
2.8723	18
2.8723	18
2.87231	18
2.88202	18
2.88671	18
2.88679	18
2.88679	18
2.88698	18
2.88698	18
2.88701	18
2.89222	18
2.89222	18
2.89222	18
2.89222	18
2.89241	18
2.89256	18
2.89265	18
2.89265	18
2.91309	18
2.92083	18
2.92084	18
2.92084	18
2.92092	18
2.92092	18
2.92106	18
2.92313	18
2.92452	18
2.9247	18
2.9247	18
2.93962	18
2.93962	18
2.95681	18
2.95681	18
2.96421	18
2.96421	18
2.96421	18
2.96424	18
2.96424	18
2.96428	18
2.97042	18
2.97382	18
2.97384	18
2.97391	18
2.97391	18
2.97736	18
2.97737	18
2.97737	18
2.97755	18
3.02656	18
3.02656	18
3.02656	18
3.03766	18
3.03782	18
3.03786	18
3.03788	18
3.05554	18
3.05664	18
3.05673	18
3.05675	18
3.05684	18
3.06478	18
3.06481	18
3.06482	18
3.06486	18
3.06752	18
3.06752	18
3.06754	18
3.06817	18
3.11777	18
3.11777	18
3.11799	18
3.11799	18
3.12103	18
3.12165	18
3.12169	18
3.12169	18
3.12175	18
3.12469	18
3.13831	18
3.13831	18
3.13832	18
3.13834	18
3.14325	18
3.14342	18
3.14343	18
3.14374	18
3.15604	18
3.15604	18
3.15605	18
3.15611	18
3.15908	18
3.15908	18
3.15912	18
3.17753	18
3.17754	18
3.1776	18
3.17817	18
3.17824	18
3.17825	18
3.17841	18
3.17965	18
3.19028	18
3.19035	18
3.1904	18
3.21784	18
3.21787	18
3.21793	18
3.21796	18
3.33657	18
3.33657	18
3.33661	18
3.33667	18
3.34216	18
3.37036	18
3.37036	18
3.37037	18
3.3704	18
3.37334	18
3.37336	18
3.37339	18
3.37578	18
3.37583	18
3.37595	18
3.3876	18
3.38762	18
3.38762	18
3.39121	18
3.39122	18
3.39123	18
3.40834	18
3.40834	18
3.40835	18
3.41092	18
3.41111	18
3.41116	18
3.4112	18
3.42682	18
3.42684	18
3.42688	18
3.42688	18
3.42786	18
3.42786	18
3.42789	18
3.42987	18
3.42993	18
3.43009	18
3.43308	18
3.43309	18
3.43309	18
3.4639	18
3.46394	18
3.46405	18
3.47204	18
3.47206	18
3.47206	18
3.47939	18
3.4794	18
3.47942	18
3.47948	18
3.47951	18
3.48274	18
3.48283	18
3.48402	18
3.48407	18
3.48411	18
3.50341	18
3.50341	18
3.50361	18
3.50366	18
3.50721	18
3.50721	18
3.50723	18
3.50733	18
3.52012	18
3.52013	18
3.52013	18
3.52013	18
3.52049	18
3.5205	18
3.52092	18
3.52093	18
3.52094	18
3.52094	18
3.52217	18
3.52229	18
3.52231	18
3.52231	18
3.54229	18
3.54229	18
3.5423	18
3.5423	18
3.54635	18
3.5464	18
3.54642	18
3.54642	18
3.5484	18
3.54844	18
3.54853	18
3.54853	18
3.55928	18
3.55928	18
3.55929	18
3.56514	18
3.56521	18
3.56521	18
3.58692	18
3.58698	18
3.58698	18
3.599	18
3.59901	18
3.59901	18
3.60616	18
3.60616	18
3.60619	18
3.60619	18
3.60813	18
3.60831	18
3.60831	18
3.63864	18
3.63864	18
3.68995	18
3.68995	18
3.69003	18
3.6901	18
3.6901	18
3.69039	18
3.69045	18
3.69046	18
3.69062	18
3.69064	18
3.69064	18
3.69205	18
3.69205	18
3.69205	18
3.69929	18
3.69942	18
3.69955	18
3.69955	18
3.72557	18
3.72557	18
3.72558	18
3.72567	18
3.72568	18
3.72742	18
3.72742	18
3.72743	18
3.72856	18
3.72866	18
3.72866	18
3.73464	18
3.73465	18
3.73465	18
3.73468	18
3.73471	18
3.73472	18
3.76609	18
3.76609	18
3.76627	18
3.76627	18
3.77019	18
3.77043	18
3.77043	18
3.77432	18
3.77929	18
3.77929	18
3.77929	18
3.77929	18
3.78155	18
3.78155	18
3.78156	18
3.787	18
3.78705	18
3.78705	18
3.78706	18
3.79152	18
3.79163	18
3.79163	18
3.79164	18
3.79308	18
3.79312	18
3.79312	18
3.79553	18
3.80876	18
3.80881	18
3.80895	18
3.80896	18
3.80904	18
3.80915	18
3.80915	18
3.82241	18
3.82242	18
3.82243	18
3.83128	18
3.83134	18
3.83134	18
3.83139	18
3.83146	18
3.83146	18
3.83774	18
3.84173	18
3.84174	18
3.84174	18
3.84185	18
3.84185	18
3.84669	18
3.84704	18
3.84705	18
3.84708	18
3.84719	18
3.84719	18
3.84751	18
3.84754	18
3.84755	18
3.84755	18
3.85239	18
3.85248	18
3.85248	18
3.85768	18
3.85912	18
3.85919	18
3.85926	18
3.85926	18
3.87374	18
3.87383	18
3.87383	18
3.87985	18
3.87986	18
3.88004	18
3.88004	18
3.88134	18
3.88137	18
3.88138	18
3.88546	18
3.88547	18
3.88549	18
3.88577	18
3.88577	18
3.88699	18
3.8871	18
3.88711	18
3.88974	18
3.88977	18
3.88977	18
3.89276	18
3.89276	18
3.89276	18
3.90026	18
3.90029	18
3.90031	18
3.90031	18
3.90282	18
3.90288	18
3.90288	18
3.90289	18
3.90291	18
3.90291	18
3.92477	18
3.94915	18
3.94915	18
3.94916	18
3.94917	18
3.94917	18
3.95023	18
3.9504	18
3.9504	18
3.96496	18
3.96682	18
3.96695	18
3.9696	18
3.9696	18
3.96964	18
3.96971	18
3.96971	18
3.97189	18
3.97688	18
3.97688	18
3.98315	18
3.98317	18
3.98317	18
3.98485	18
3.98495	18
3.98501	18
3.98502	18
4.00119	18
4.00123	18
4.00123	18
4.0044	18
4.00443	18
4.00676	18
4.00676	18
4.00679	18
4.01553	18
4.01553	18
4.01847	18
4.01873	18
4.01874	18
4.02768	18
4.02783	18
4.02783	18
4.03178	18
4.03178	18
4.03192	18
4.03192	18
4.03423	18
4.0352	18
4.03521	18
4.03528	18
4.03749	18
4.03749	18
4.03751	18
4.03752	18
4.03753	18
4.03927	18
4.03929	18
4.03953	18
4.03954	18
4.04621	18
4.04621	18
4.04635	18
4.04636	18
4.05232	18
4.05234	18
4.05235	18
4.05314	18
4.07461	18
4.07461	18
4.07462	18
4.0747	18
4.0747	18
4.07676	18
4.07678	18
4.07678	18
4.07956	18
4.07959	18
4.07959	18
4.08641	18
4.08648	18
4.08648	18
4.08925	18
4.08928	18
4.08929	18
4.08929	18
4.09626	18
4.09638	18
4.09638	18
4.11487	18
4.11487	18
4.11487	18
4.1149	18
4.1149	18
4.12104	18
4.12106	18
4.12135	18
4.12135	18
4.12228	18
4.12509	18
4.12509	18
4.12565	18
4.12566	18
4.12566	18
4.12838	18
4.1284	18
4.12841	18
4.12841	18
4.13506	18
4.13524	18
4.13524	18
4.13774	18
4.13779	18
4.13787	18
4.13787	18
4.1419	18
4.14198	18
4.14198	18
4.14281	18
4.14282	18
4.14283	18
4.15208	18
4.15211	18
4.15213	18
4.15214	18
4.1529	18
4.1529	18
4.15291	18
4.16156	18
4.16158	18
4.16171	18
4.16171	18
4.17232	18
4.17232	18
4.17247	18
4.17247	18
4.17777	18
4.17779	18
4.1778	18
4.1778	18
4.18209	18
4.1843	18
4.1843	18
4.18438	18
4.1844	18
4.18444	18
4.18444	18
4.1984	18
4.1984	18
4.19852	18
4.19852	18
4.19901	18
4.19938	18
4.19938	18
4.19987	18
4.19987	18
4.19993	18
4.19993	18
4.20149	18
4.20163	18
4.20163	18
4.20288	18
4.21732	18
4.21736	18
4.21737	18
4.21738	18
4.21747	18
4.21747	18
4.22366	18
4.22367	18
4.2238	18
4.2238	18
4.2247	18
4.22471	18
4.22471	18
4.23336	18
4.23339	18
4.23339	18
4.24394	18
4.24396	18
4.24397	18
4.26027	18
4.26028	18
4.26046	18
4.26046	18
4.26856	18
4.26856	18
4.26866	18
4.26867	18
4.27515	18
4.29611	18
4.29613	18
4.29613	18
4.29613	18
4.29613	18
4.2967	18
4.29686	18
4.29686	18
4.3018	18
4.30181	18
4.30182	18
4.306	18
4.30607	18
4.30608	18
4.30765	18
4.30765	18
4.30765	18
4.31378	18
4.32645	18
4.32647	18
4.32647	18
4.32649	18
4.32649	18
4.34015	18
4.34016	18
4.34018	18
4.34018	18
4.34019	18
4.37359	18
4.3736	18
4.37366	18
4.37366	18
4.37595	18
4.37595	18
4.37607	18
4.37607	18
4.37959	18
4.3796	18
4.37986	18
4.37988	18
4.385	18
4.38502	18
4.38502	18
4.41151	18
4.41151	18
4.41164	18
4.41164	18
4.41582	18
4.41584	18
4.41587	18
4.41588	18
4.41649	18
4.41651	18
4.41652	18
4.41935	18
4.41939	18
4.41939	18
4.42341	18
4.42342	18
4.428	18
4.42802	18
4.42802	18
4.42806	18
4.42815	18
4.42815	18
4.43773	18
4.43773	18
4.43776	18
4.43776	18
4.44006	18
4.44023	18
4.44023	18
4.44356	18
4.44367	18
4.44367	18
4.4527	18
4.45272	18
4.45279	18
4.4528	18
4.46506	18
4.46507	18
4.46508	18
4.48174	18
4.48175	18
4.48176	18
4.50802	18
4.50803	18
4.50804	18
4.50807	18
4.50808	18
4.51631	18
4.51642	18
4.51642	18
4.5262	18
4.52635	18
4.52635	18
4.53044	18
4.53049	18
4.5305	18
4.55198	18
4.55746	18
4.55747	18
4.55749	18
4.5576	18
4.55761	18
4.57218	18
4.57218	18
4.57468	18
4.57469	18
4.58143	18
4.58143	18
4.59717	18
4.59717	18
4.59722	18
4.59722	18
4.61146	18
4.61153	18
4.61227	18
4.61228	18
4.61343	18
4.61345	18
4.61345	18
4.62991	18
4.62991	18
4.62991	18
4.62991	18
4.639	18
4.63911	18
4.63911	18
4.65917	18
4.65918	18
4.65918	18
4.67469	18
4.67469	18
4.67473	18
4.67474	18
4.67779	18
4.67786	18
4.67787	18
4.68072	18
4.68075	18
4.68076	18
4.68395	18
4.68397	18
4.68397	18
4.70263	18
4.70271	18
4.70285	18
4.70285	18
4.71394	18
4.71399	18
4.71399	18
4.78248	18
4.78248	18
4.78248	18
4.78248	18
4.78877	18
4.78879	18
4.78879	18
4.79056	18
4.79057	18
4.79686	18
4.79686	18
4.79686	18
4.79687	18
4.79688	18
4.79688	18
4.80079	18
4.80089	18
4.80089	18
4.83526	18
4.8353	18
4.83542	18
4.8357	18
4.83571	18
4.83793	18
4.838	18
4.83801	18
4.83801	18
4.84071	18
4.84072	18
4.84073	18
4.84249	18
4.84252	18
4.84255	18
4.84256	18
4.85702	18
4.85706	18
4.85706	18
4.85741	18
4.85741	18
4.85741	18
4.86488	18
4.8649	18
4.86492	18
4.86493	18
4.87063	18
4.87067	18
4.87067	18
4.90325	18
4.90328	18
4.90329	18
4.90386	18
4.90387	18
4.90409	18
4.9041	18
4.9041	18
4.9152	18
4.91524	18
4.91524	18
4.91565	18
4.9157	18
4.91571	18
4.91572	18
4.92471	18
4.92472	18
4.92479	18
4.92479	18
4.93011	18
4.93011	18
4.93022	18
4.93022	18
4.93494	18
4.93494	18
4.93503	18
4.93505	18
4.95481	18
4.95484	18
4.95488	18
4.95488	18
4.99209	18
4.99209	18
4.99236	18
4.99237	18
5.01873	18
5.01876	18
5.01878	18
5.01878	18
5.02051	18
5.02051	18
5.02056	18
5.02056	18
5.02513	18
5.02555	18
5.02557	18
5.02565	18
7.49652	18
7.49656	18
7.49656	18
7.49736	18
7.49736	18
7.50419	18
7.50425	18
7.50425	18
7.50459	18
7.5047	18
7.5047	18
7.50919	18
7.5093	18
7.50939	18
7.50939	18
7.51515	18
7.5152	18
7.51525	18
7.51525	18
7.5205	18
7.52062	18
7.52062	18
7.52675	18
7.52678	18
7.52679	18
7.52679	18
7.53552	18
7.53553	18
7.53557	18
7.53558	18
7.53692	18
7.53704	18
7.53704	18
7.53928	18
7.53941	18
7.5396	18
7.5396	18
7.54692	18
7.55277	18
7.55287	18
7.55287	18
7.55292	18
7.55293	18
7.55392	18
7.55409	18
7.5541	18
7.55809	18
7.55814	18
7.55814	18
7.56802	18
7.56804	18
7.56805	18
7.57625	18
7.57636	18
7.57636	18
7.5817	18
7.58178	18
7.58179	18
7.58383	18
7.58392	18
7.58393	18
7.58488	18
7.60528	18
7.60534	18
7.60534	18
7.60536	18
7.60536	18
7.61436	18
7.61469	18
7.6147	18
7.63612	18
7.63625	18
7.63625	18
7.64593	18
7.65616	18
7.65617	18
7.65618	18
7.65626	18
7.65627	18
7.65831	18
7.65852	18
7.65853	18
7.66325	18
7.6633	18
7.66332	18
7.66332	18
7.66788	18
7.66789	18
7.66798	18
7.66799	18
7.67014	18
7.67891	18
7.67895	18
7.67895	18
7.67905	18
7.67905	18
7.68115	18
7.68481	18
7.68491	18
7.68502	18
7.68504	18
7.69928	18
7.69934	18
7.69935	18
7.70228	18
7.70244	18
7.70245	18
7.70657	18
7.70658	18
7.70659	18
7.70782	18
7.7114	18
7.71149	18
7.71156	18
7.71156	18
7.72094	18
7.72096	18
7.721	18
7.721	18
7.73061	18
7.73061	18
7.73065	18
7.73066	18
7.73739	18
7.73745	18
7.73745	18
7.74496	18
7.74502	18
7.74503	18
7.92949	18
7.92949	18
7.92963	18
7.92964	18
7.93202	18
7.93895	18
7.93933	18
7.9577	18
7.95772	18
7.95773	18
7.95783	18
7.95783	18
7.95854	18
7.95855	18
7.95856	18
7.98075	18
7.98077	18
7.98078	18
7.98078	18
7.98738	18
7.98743	18
7.98744	18
7.98796	18
7.98801	18
7.98804	18
7.98804	18
7.99947	18
7.99948	18
7.99949	18
7.99949	18
8.01837	18
8.01837	18
8.01837	18
8.01838	18
8.01897	18
8.01904	18
8.0191	18
8.0191	18
8.03162	18
8.03162	18
8.03167	18
8.03169	18
8.03755	18
8.03757	18
8.03758	18
8.04376	18
8.04379	18
8.04379	18
8.04432	18
8.04461	18
8.04462	18
8.04701	18
8.04707	18
8.04707	18
8.11858	18
8.11861	18
8.11862	18
8.11878	18
8.11878	18
8.12859	18
8.12862	18
8.12892	18
8.12893	18
8.13063	18
8.13086	18
8.13093	18
8.15364	18
8.1537	18
8.1537	18
8.1562	18
8.1562	18
8.16594	18
8.16594	18
8.16596	18
8.1782	18
8.17831	18
8.17831	18
8.17902	18
8.17908	18
8.17913	18
8.17913	18
8.18124	18
8.18143	18
8.18146	18
8.18147	18
8.19158	18
8.1951	18
8.19513	18
8.19518	18
8.19519	18
8.1952	18
8.19526	18
8.19527	18
8.20154	18
8.20171	18
8.20171	18
8.20173	18
8.22683	18
8.22686	18
8.22687	18
8.22695	18
8.22696	18
8.2284	18
8.22854	18
8.22856	18
8.22856	18
8.24189	18
8.24197	18
8.24197	18
8.25506	18
8.25523	18
8.25523	18
8.27432	18
8.27433	18
8.27438	18
8.27439	18
8.28539	18
8.28539	18
8.2854	18
8.28541	18
8.2916	18
8.29192	18
8.29193	18
8.29932	18
8.29946	18
8.29948	18
8.30092	18
8.30093	18
8.30093	18
8.30496	18
8.30498	18
8.30502	18
8.30503	18
8.30534	18
8.30541	18
8.30544	18
8.30777	18
8.30777	18
8.30783	18
8.30784	18
8.30951	18
8.31454	18
8.31456	18
8.31459	18
8.3146	18
8.32246	18
8.32246	18
8.32267	18
8.32267	18
8.32315	18
8.3232	18
8.32321	18
8.32535	18
8.32535	18
8.32536	18
8.32537	18
8.33452	18
8.33456	18
8.33457	18
8.33848	18
8.33851	18
8.33854	18
8.33859	18
8.3386	18
8.34483	18
8.34484	18
8.34492	18
8.34493	18
8.34938	18
8.34939	18
8.34976	18
8.34978	18
8.35287	18
8.35296	18
8.35296	18
8.35877	18
8.35888	18
8.35888	18
8.38975	18
8.38976	18
8.38976	18
8.38979	18
8.38981	18
8.40205	18
8.40223	18
8.40225	18
8.40447	18
8.40459	18
8.40468	18
8.40468	18
8.41094	18
8.41108	18
8.41109	18
8.41302	18
8.41304	18
8.41312	18
8.41313	18
8.41898	18
8.41922	18
8.41922	18
8.64251	18
8.64253	18
8.64889	18
8.64891	18
8.6609	18
8.66095	18
8.66096	18
8.671	18
8.6711	18
8.6711	18
8.67293	18
8.67335	18
8.67335	18
8.70259	18
8.7026	18
8.70261	18
8.70273	18
8.70273	18
8.70409	18
8.70411	18
8.70424	18
8.70425	18
8.71038	18
8.71042	18
8.71042	18
8.72318	18
8.72318	18
8.72327	18
8.72329	18
8.72352	18
8.72357	18
8.72358	18
8.7332	18
8.73321	18
8.73321	18
8.73345	18
8.73346	18
8.75654	18
8.75655	18
8.75656	18
8.75837	18
8.75843	18
8.75844	18
8.77167	18
8.77224	18
8.77224	18
8.78187	18
8.78188	18
8.78189	18
8.78213	18
8.78214	18
8.78972	18
8.78981	18
8.78982	18
8.78984	18
8.81008	18
8.81012	18
8.81012	18
8.81029	18
8.8103	18
8.81122	18
8.81129	18
8.81131	18
8.81636	18
8.81637	18
8.81644	18
8.81644	18
8.82127	18
8.82131	18
8.82142	18
8.82144	18
8.8262	18
8.82913	18
8.82918	18
8.82993	18
8.82996	18
8.82997	18
8.82998	18
8.82999	18
8.83289	18
8.8329	18
8.83293	18
8.83293	18
8.83675	18
8.8368	18
8.83684	18
8.83685	18
8.85836	18
8.85841	18
8.85842	18
8.86715	18
8.8672	18
8.86722	18
8.86723	18
8.90474	18
8.90474	18
8.90483	18
8.90488	18
8.92082	18
8.92087	18
8.92088	18
8.92696	18
8.92699	18
8.92701	18
8.92703	18
8.94556	18
8.94558	18
8.95556	18
8.95557	18
8.95564	18
8.95565	18
8.95565	18
8.95569	18
8.95786	18
8.95793	18
8.95793	18
8.96544	18
8.96544	18
8.96547	18
8.96548	18
8.97946	18
8.97947	18
8.97948	18
9.00108	18
9.00109	18
9.00111	18
9.00111	18
9.00484	18
9.00487	18
9.00498	18
9.00499	18
9.01068	18
9.01071	18
9.01071	18
9.01071	18
9.01072	18
9.01768	18
9.01926	18
9.02188	18
9.04834	18
9.04836	18
9.04837	18
9.06135	18
9.06136	18
9.06136	18
9.06143	18
9.06146	18
9.06306	18
9.06315	18
9.06315	18
9.06315	18
9.06389	18
9.06392	18
9.06394	18
9.06397	18
9.07019	18
9.07022	18
9.07023	18
9.13851	18
9.13851	18
9.13905	18
9.13907	18
9.14418	18
9.1442	18
9.14421	18
9.14579	18
9.14583	18
9.14591	18
9.14591	18
9.14838	18
9.14841	18
9.14844	18
9.15765	18
9.15768	18
9.15772	18
9.15773	18
9.16277	18
9.16281	18
9.16281	18
9.16287	18
9.16287	18
9.16641	18
9.16643	18
9.16646	18
9.17688	18
9.18559	18
9.18561	18
9.18562	18
9.18562	18
9.18563	18
9.18706	18
9.18715	18
9.1872	18
9.19679	18
9.19683	18
9.19699	18
9.197	18
9.20818	18
9.21208	18
9.21224	18
9.21239	18
9.2124	18
9.21647	18
9.21648	18
9.21649	18
9.21832	18
9.21834	18
9.21838	18
9.22492	18
9.22493	18
9.22502	18
9.22504	18
9.22534	18
9.22553	18
9.22564	18
9.22564	18
9.22567	18
9.22567	18
9.22567	18
9.22568	18
9.22868	18
9.22868	18
9.22884	18
9.22884	18
9.23611	18
9.23615	18
9.23615	18
9.23991	18
9.24007	18
9.24007	18
9.24355	18
9.24924	18
9.24944	18
9.26146	18
9.26147	18
9.26148	18
9.26168	18
9.26168	18
9.26472	18
9.2649	18
9.26494	18
9.26497	18
9.26515	18
9.26516	18
9.26839	18
9.26845	18
9.26847	18
9.26849	18
9.299	18
9.29903	18
9.29903	18
9.29904	18
9.29904	18
9.30168	18
9.30183	18
9.30184	18
9.32414	18
9.32414	18
9.32414	18
9.33073	18
9.34079	18
9.34079	18
9.3408	18
9.34102	18
9.34104	18
9.34862	18
9.34864	18
9.34864	18
9.35251	18
9.36162	18
9.36169	18
9.36172	18
9.37715	18
9.40048	18
9.40049	18
9.40051	18
9.40052	18
9.40058	18
9.4006	18
9.413	18
9.42296	18
9.42296	18
9.42301	18
9.44963	18
9.44976	18
9.44976	18
9.44983	18
9.44985	18
9.46288	18
9.46289	18
9.4629	18
9.46299	18
9.46299	18
9.47894	18
9.47895	18
9.47896	18
9.47897	18
9.48715	18
9.4873	18
9.48733	18
9.49907	18
9.49909	18
9.4991	18
9.49918	18
9.4992	18
9.51157	18
9.5116	18
9.51161	18
9.51302	18
9.51302	18
9.51306	18
9.51306	18
9.52087	18
9.52092	18
9.52093	18
9.5218	18
9.52185	18
9.52189	18
9.52267	18
9.52271	18
9.52283	18
9.5229	18
9.5374	18
9.53742	18
9.53742	18
9.55488	18
9.55488	18
9.56241	18
9.56244	18
9.56245	18
9.56246	18
9.56248	18
9.56334	18
9.56626	18
9.56633	18
9.56647	18
9.58492	18
9.58494	18
9.58495	18
9.58496	18
9.58502	18
9.59456	18
9.59461	18
9.59463	18
9.59683	18
9.59685	18
9.59688	18
9.59688	18
9.63168	18
9.63169	18
9.63174	18
9.63175	18
9.63265	18
9.63266	18
9.63269	18
9.6327	18
9.63552	18
9.63571	18
9.63573	18
9.63761	18
9.63784	18
9.63785	18
9.63928	18
9.65303	18
9.65305	18
9.6533	18
9.65331	18
9.65415	18
9.65417	18
9.65433	18
9.65433	18
9.66309	18
9.66327	18
9.66328	18
9.66659	18
9.66662	18
9.66669	18
9.67378	18
9.67381	18
9.67382	18
9.69214	18
9.69214	18
9.69214	18
9.69215	18
9.69606	18
9.69609	18
9.69612	18
9.69613	18
9.87621	18
9.87621	18
9.87857	18
9.87859	18
9.8925	18
9.89257	18
9.89257	18
9.89968	18
9.89979	18
9.89982	18
9.90346	18
9.90352	18
9.90358	18
9.9036	18
9.90375	18
9.90375	18
9.90872	18
9.90879	18
9.90887	18
9.90887	18
9.91236	18
9.91259	18
9.91259	18
9.91483	18
9.91506	18
9.91508	18
9.9207	18
9.92072	18
9.9208	18
9.92081	18
9.94051	18
9.94056	18
9.94058	18
9.94064	18
9.94067	18
9.97748	18
9.97748	18
9.97752	18
9.97752	18
9.99166	18
9.99168	18
9.9917	18
10.0025	18
10.0026	18
10.0026	18
10.0156	18
10.0156	18
10.0157	18
10.0157	18
10.0201	18
10.0201	18
10.0201	18
10.0212	18
10.0213	18
10.0213	18
10.1843	18
10.1843	18
10.1846	18
10.1846	18
10.1989	18
10.199	18
10.1991	18
10.2132	18
10.2133	18
10.2133	18
10.2133	18
10.2133	18
10.2147	18
10.215	18
10.215	18
10.215	18
10.215	18
10.2285	18
10.2285	18
10.2285	18
10.2287	18
10.2287	18
10.295	18
10.2951	18
10.2951	18
10.2951	18
10.2952	18
10.3015	18
10.3015	18
10.3015	18
10.3016	18
10.313	18
10.3131	18
10.3132	18
10.3186	18
10.3186	18
10.3186	18
10.3186	18
10.3276	18
10.3471	18
10.3472	18
10.3472	18
10.3472	18
10.638	18
10.638	18
10.6421	18
10.6421	18
10.7165	18
10.7165	18
10.7165	18
10.7168	18
10.7168	18
10.7191	18
10.7191	18
10.7191	18
10.7192	18
10.7227	18
10.7227	18
10.7228	18
10.7229	18
10.7439	18
10.7439	18
10.744	18
10.8	18
10.8001	18
10.8001	18
10.8002	18
10.8112	18
10.8257	18
10.8261	18
10.8613	18
10.8614	18
10.8614	18
10.8615	18
10.8615	18
10.8615	18
10.8615	18
10.8652	18
10.8767	18
10.8768	18
10.8769	18
10.8769	18
10.8869	18
10.8869	18
10.8869	18
10.9086	18
10.9086	18
10.9086	18
10.9086	18
10.9087	18
10.9262	18
10.9263	18
10.9263	18
10.9324	18
10.9324	18
10.9324	18
10.9509	18
10.9622	18
10.9622	18
10.9623	18
10.9623	18
10.9623	18
10.9719	18
10.972	18
10.972	18
10.9811	18
10.9811	18
10.9813	18
10.9837	18
10.9837	18
10.9841	18
10.9842	18
10.9882	18
10.9882	18
10.9883	18
10.9883	18
10.9958	18
11.0102	18
11.0103	18
11.0103	18
11.0103	18
11.0103	18
11.0172	18
11.0172	18
11.0173	18
11.0305	18
11.0305	18
11.0305	18
11.0305	18
11.0423	18
11.0424	18
11.0424	18
11.0461	18
11.0463	18
11.0464	18
11.0524	18
11.0528	18
11.0528	18
11.0768	18
11.0768	18
11.0773	18
11.0773	18
11.1024	18
11.1024	18
11.1024	18
11.1025	18
11.1154	18
11.1154	18
11.1154	18
11.1509	18
11.1509	18
11.1509	18
11.151	18
11.1511	18
11.1584	18
11.1584	18
11.1584	18
11.1585	18
11.1625	18
11.1626	18
11.1626	18
11.1671	18
11.1672	18
11.1672	18
11.1681	18
11.1681	18
11.1682	18
11.1682	18
11.1867	18
11.1867	18
11.1868	18
11.1869	18
11.2116	18
11.2117	18
11.2118	18
11.2118	18
11.2297	18
11.2298	18
11.2298	18
11.2298	18
11.2299	18
11.2414	18
11.2414	18
11.2414	18
11.2414	18
11.2473	18
11.2473	18
11.2473	18
11.2473	18
11.2502	18
11.2606	18
11.261	18
11.2614	18
11.2614	18
11.2718	18
11.2718	18
11.2718	18
11.2751	18
11.2751	18
11.2751	18
11.2753	18
11.3898	18
11.3898	18
11.3905	18
11.3906	18
11.4052	18
11.4053	18
11.4053	18
11.4112	18
11.4114	18
11.4465	18
11.4466	18
11.4466	18
11.4467	18
11.4468	18
11.4554	18
11.4555	18
11.4555	18
11.4558	18
11.4559	18
11.4559	18
11.4702	18
11.4703	18
11.4703	18
11.4704	18
11.9823	18
11.9823	18
11.9929	18
11.993	18
12.0056	18
12.0057	18
12.0057	18
12.0171	18
12.0172	18
12.0172	18
12.0435	18
12.0436	18
12.0436	18
12.0436	18
12.0436	18
12.0533	18
12.0533	18
12.0533	18
12.0668	18
12.0668	18
12.0669	18
12.0669	18
12.0685	18
12.0686	18
12.0686	18
12.0695	18
12.0695	18
12.0695	18
12.0727	18
12.0727	18
12.0728	18
12.0728	18
12.0751	18
12.0751	18
12.0754	18
12.0754	18
12.0767	18
12.0768	18
12.0768	18
12.0815	18
12.0815	18
12.0816	18
12.0841	18
12.0842	18
12.0842	18
12.0896	18
12.0897	18
12.0897	18
12.0911	18
12.0912	18
12.0912	18
12.0912	18
12.1077	18
12.1078	18
12.1078	18
12.1078	18
12.1078	18
12.1078	18
12.1078	18
12.1105	18
12.1106	18
12.1106	18
12.1135	18
12.1136	18
12.1137	18
12.1138	18
12.1195	18
12.1198	18
12.1198	18
12.13	18
12.3196	18
12.325	18
12.325	18
12.3297	18
12.3297	18
12.3335	18
12.3336	18
12.3336	18
12.3337	18
12.3492	18
12.3492	18
12.3493	18
12.359	18
12.359	18
12.359	18
12.3591	18
12.6845	18
12.6846	18
12.6868	18
12.6868	18
12.6892	18
12.6892	18
12.6893	18
12.7152	18
12.7152	18
12.7154	18
12.7242	18
12.7242	18
12.7243	18
12.7244	18
12.725	18
12.725	18
12.725	18
12.7268	18
12.7269	18
12.727	18
12.7775	18
12.7775	18
12.7775	18
12.7775	18
12.7777	18
12.7888	18
12.7889	18
12.7889	18
12.7891	18
12.7917	18
12.7917	18
12.7917	18
12.8079	18
12.8079	18
12.8079	18
12.8079	18
12.8372	18
12.8372	18
12.8373	18
12.8373	18
12.8518	18
12.8525	18
12.8525	18
12.8525	18
12.8525	18
12.8967	18
12.8968	18
12.8969	18
12.897	18
12.9111	18
12.9111	18
12.9112	18
12.9114	18
12.9159	18
12.9161	18
12.9164	18
13.1813	18
13.1862	18
13.1862	18
13.1869	18
13.1869	18
13.1991	18
13.2105	18
13.2105	18
13.2105	18
13.2107	18
13.2108	18
13.2208	18
13.2208	18
13.2208	18
13.2209	18
13.2279	18
13.2279	18
13.2279	18
13.228	18
13.2508	18
13.2508	18
13.2511	18
13.2634	18
13.2634	18
13.2635	18
13.2637	18
13.2794	18
13.2794	18
13.2794	18
13.2794	18
13.2823	18
13.2824	18
13.2824	18
13.2827	18
13.3083	18
13.3083	18
13.3083	18
13.372	18
13.372	18
13.372	18
13.372	18
13.372	18
13.3721	18
13.3773	18
13.3774	18
13.3775	18
13.3775	18
13.4124	18
13.4124	18
13.4127	18
13.413	18
13.4174	18
13.4174	18
13.4174	18
13.4174	18
13.429	18
13.429	18
13.429	18
13.4291	18
13.4291	18
13.4483	18
13.4484	18
13.4484	18
13.4519	18
13.4519	18
13.4519	18
13.452	18
13.452	18
13.4534	18
13.4608	18
13.4608	18
13.4608	18
13.4608	18
13.4611	18
13.4751	18
13.4751	18
13.4751	18
13.4752	18
13.4754	18
13.5381	18
13.5382	18
13.5397	18
13.5399	18
13.5665	18
13.5665	18
13.5666	18
13.5669	18
13.57	18
13.5701	18
13.5702	18
13.5704	18
13.5715	18
13.5716	18
13.5716	18
13.5716	18
13.5742	18
13.5742	18
13.5744	18
13.5745	18
13.5745	18
13.5746	18
13.5747	18
14.0216	18
14.0217	18
14.0241	18
14.0243	18
14.038	18
14.0381	18
14.04	18
14.04	18
14.0489	18
14.049	18
14.0492	18
14.0518	18
14.0601	18
14.0601	18
14.0601	18
14.0603	18
14.0607	18
14.4446	18
14.4447	18
14.4572	18
14.4573	18
14.4956	18
14.4963	18
14.4971	18
14.6832	18
14.6848	18
14.6848	18
14.6862	18
14.6864	18
14.6866	18
14.6866	18
14.6866	18
14.687	18
14.69	18
14.69	18
14.69	18
14.6943	18
14.6952	18
14.7009	18
14.7009	18
14.701	18
15.3972	18
15.4127	18
15.4127	18
15.4133	18
15.4139	18
15.5268	18
15.5268	18
15.5304	18
15.5304	18
15.537	18
15.537	18
15.537	18
15.5372	18
15.5376	18
15.5718	18
15.5718	18
15.5742	18
15.5801	18
15.5801	18
15.5823	18
15.5826	18
15.5827	18
15.5828	18
15.5828	18
15.5831	18
15.5883	18
15.5885	18
15.5894	18
15.5959	18
15.5988	18
15.5989	18
15.599	18
15.5991	18
15.6049	18
15.605	18
15.6051	18
15.6054	18
15.7137	18
15.715	18
15.7151	18
15.7168	18
15.7169	18
15.7424	18
15.7424	18
15.7424	18
15.7426	18
15.8647	18
15.8647	18
15.8668	18
15.867	18
15.8763	18
15.8763	18
15.8764	18
15.8766	18
15.8859	18
15.8889	18
15.8949	18
15.8952	18
16.5656	18
16.5657	18
16.566	18
16.5661	18
16.5727	18
16.5728	18
16.5732	18
16.5889	18
16.5889	18
16.5892	18
16.5898	18
16.5961	18
16.5961	18
16.5966	18
16.6067	18
16.6068	18
16.6069	18
16.6161	18
16.6162	18
16.6163	18
16.6164	18
16.8297	18
16.8298	18
16.8304	18
16.8307	18
16.8388	18
16.8441	18
16.8512	18
16.8512	18
16.899	18
16.899	18
16.899	18
16.899	18
16.8991	18
16.8995	18
16.9052	18
16.9052	18
16.9053	18
16.9055	18
16.9294	18
16.9295	18
16.9295	18
16.9296	18
16.9297	18
17.0178	18
17.0179	18
17.0206	18
17.0207	18
17.5042	18
17.5042	18
17.5059	18
17.5067	18
17.5068	18
17.5069	18
17.5069	18
17.507	18
17.5101	18
17.5102	18
17.5106	18
18.0548	18
18.0549	18
18.0551	18
18.0555	18
18.0656	18
18.0679	18
18.0807	18
18.0833	18
18.0999	18
18.1073	18
18.1074	18
18.1191	18
18.1192	18
18.1192	18
18.1192	18
18.1195	18
18.1499	18
18.15	18
18.15	18
18.15	18
18.1777	18
19.8709	18
19.8739	18
19.8739	18
19.8782	18
19.8789	18
19.8793	18
19.8794	18
19.8795	18
19.8808	18
19.8982	18
19.8983	18
19.8984	18
19.899	18
19.9206	18
19.9207	18
19.9208	18
19.9208	18
19.9212	18
19.9214	18
19.9215	18
19.9216	18
19.9224	18
19.9255	18
19.9436	18
19.9456	18
19.9457	18
19.9739	18
19.9739	18
19.9739	18
19.9739	18
19.974	18
19.974	18
19.9741	18
19.9741	18
19.9742	18
19.9746	18
20.3239	18
20.3259	18
20.3259	18
20.329	18
20.329	18
20.329	18
20.329	18
20.3305	18
20.3309	18
21.0229	18
21.0229	18
21.0272	18
21.0275	18
21.0401	18
21.0401	18
21.041	18
21.0469	18
21.0469	18
21.0469	18
21.047	18
21.0471	18
21.0499	18
21.0499	18
21.0499	18
21.05	18
21.0555	18
21.0556	18
21.0557	18
21.0561	18
21.0752	18
21.0754	18
21.0756	18
21.0866	18
21.0867	18
21.0868	18
21.0868	18
21.0869	18
21.0933	18
21.0934	18
21.0934	18
21.0937	18
21.3222	18
21.3226	18
21.3317	18
21.3325	18
21.7165	18
21.7166	18
21.718	18
21.7181	18
21.7323	18
21.7323	18
21.7323	18
21.7341	18
21.7693	18
21.7694	18
21.7695	18
21.7701	18
22.829	18
22.8299	18
22.8299	18
22.8432	18
22.845	18
22.852	18
22.852	18
22.852	18
22.8528	18
24.3895	18
24.3895	18
24.3931	18
24.3943	18
24.4259	18
24.426	18
24.426	18
24.4265	18
24.4423	18
24.4424	18
24.4429	18
24.5135	18
24.5135	18
24.5136	18
24.5136	18
24.5146	18
24.532	18
24.532	18
24.5321	18
24.5323	18
24.745	18
24.7451	18
24.7467	18
24.7467	18
24.7577	18
24.7579	18
24.7595	18
24.7817	18
24.7818	18
24.7818	18
24.7819	18
24.7834	18
24.9864	18
24.987	18
24.9871	18
25.4949	18
25.4949	18
25.4949	18
25.5003	18
25.5011	18
26.0752	18
26.0752	18
26.0785	18
26.0794	18
26.5152	18
26.5152	18
26.522	18
26.5245	18
26.5308	18
26.5372	18
26.5482	18
26.5482	18
26.5806	18
26.5806	18
26.5806	18
26.5806	18
26.5806	18
26.5838	18
26.8411	18
26.8411	18
26.8438	18
26.8441	18
26.8548	18
26.8584	18
26.859	18
27.5973	18
27.5974	18
27.5975	18
27.5983	18
27.7017	18
27.7017	18
27.7018	18
27.7021	18
27.7041	18
27.7049	18
27.7094	18
27.7105	18
28.2228	18
28.2228	18
28.2232	18
28.2238	18
28.2445	18
28.2445	18
28.2489	18
28.3118	18
28.3118	18
29.0963	18
29.0971	18
29.0971	18
29.0972	18
29.1054	18
29.1073	18
29.1103	18
29.1178	18
29.1178	18
29.1202	18
29.1202	18
29.1668	18
29.1668	18
29.1668	18
29.1668	18
29.1668	18
29.1747	18
29.5803	18
29.5804	18
29.5842	18
29.5858	18
29.5962	18
29.5981	18
29.6029	18
29.6029	18
29.6031	18
29.8105	18
29.8118	18
29.8119	18
29.8124	18
29.8162	18
29.8683	18
29.8683	18
29.8706	18
29.8711	18
29.9832	18
29.9835	18
29.9837	18
29.9846	18
30.0919	18
30.0919	18
30.8318	18
30.834	18
30.8341	18
30.835	18
30.8412	18
31.9237	18
31.9238	18
31.9238	18
31.9248	18
31.9258	18
31.9359	18
31.9359	18
31.9359	18
31.9379	18
32.2706	18
32.2706	18
32.2712	18
32.2716	18
32.2753	18
32.2804	18
32.2876	18
32.2877	18
32.2973	18
32.2974	18
32.3131	18
32.3131	18
32.3131	18
32.3131	18
32.3133	18
32.3189	18
32.4881	18
32.4883	18
32.4903	18
32.5175	18
32.5269	18
32.9971	18
32.9972	18
33.001	18
33.001	18
33.0074	18
33.0074	18
33.0077	18
33.2601	18
33.4461	18
33.5859	18
33.633	18
33.6787	18
33.8742	18
33.9885	18
34.0096	18
34.2052	18
34.2052	18
34.3952	18
34.3952	18
34.3953	18
34.3959	18
35.913	18
35.9135	18
35.9146	18
36.091	18
36.091	18
36.094	18
36.7944	18
36.7945	18
36.8032	18
37.639	18
37.6392	18
37.6398	18
38.3455	18
38.3455	18
38.3455	18
40.6498	18
40.65	18
40.6527	18
41.2456	18
41.2456	18
41.2656	18
41.2698	18
41.27	18
41.2736	18
41.442	18
41.4422	18
41.4424	18
41.4424	18
44.2934	18
44.2934	18
44.3016	18
44.4277	18
44.4278	18
44.439	18
45.3616	18
45.3617	18
45.3686	18
45.3687	18
46.0988	18
46.099	18
46.0999	18
46.6756	18
46.6758	18
46.6832	18
46.7438	18
46.7438	18
46.7438	18
47.0699	18
47.0704	18
47.0708	18
47.071	18
47.071	18
47.4599	18
47.4599	18
47.4619	18
47.8511	18
47.8511	18
47.854	18
48.3853	18
48.3854	18
48.3858	18
48.5354	18
48.5354	18
48.5387	18
49.9363	18
49.9366	18
49.9387	18
50.9395	18
50.9396	18
50.9412	18
50.974	18
50.9742	18
50.9758	18
50.9758	18
51.5563	18
51.5564	18
51.5617	18
52.0314	18
52.0315	18
52.0369	18
52.4619	18
52.4622	18
52.4663	18
52.7263	18
52.7264	18
52.7334	18
52.7372	18
52.7499	18
52.8156	18
52.8157	18
52.8157	18
52.8157	18
52.8157	18
54.1923	18
54.1924	18
54.1992	18
56.0667	18
56.0668	18
56.0709	18
56.3362	18
56.3363	18
56.4776	18
56.4787	18
56.4789	18
56.4858	18
58.0676	18
58.0676	18
58.7481	18
58.7492	18
58.7494	18
58.7503	18
59.1193	18
59.1194	18
59.1205	18
63.6501	18
63.6502	18
63.6504	18
63.6514	18
63.7099	18
63.7101	18
63.7118	18
63.7209	18
63.721	18
63.721	18
63.721	18
64.1741	18
64.1746	18
64.1774	18
64.5857	18
64.5862	18
64.5863	18
64.5863	18
64.9498	18
64.95	18
64.9525	18
65.6276	18
65.6278	18
65.6288	18
65.7011	18
65.7011	18
65.7026	18
66.7952	18
66.7954	18
66.7989	18
67.3277	18
67.3278	18
67.3349	18
67.3349	18
67.5299	18
67.5299	18
67.5321	18
67.5327	18
67.5327	18
67.5327	18
67.5328	18
68.0344	18
68.0369	18
68.0369	18
68.0369	18
68.8205	18
68.8208	18
68.8209	18
69.1393	18
69.1399	18
69.1406	18
69.3254	18
69.3254	18
69.3264	18
71.5521	18
71.5521	18
71.5608	18
71.9657	18
71.9657	18
71.9671	18
72.1767	18
72.1767	18
72.1821	18
72.1821	18
72.2516	18
72.2516	18
72.2614	18
72.4073	18
72.4074	18
72.4098	18
73.6554	18
73.6562	18
73.6562	18
73.6603	18
74.0014	18
74.0015	18
74.0024	18
74.0658	18
74.0658	18
74.073	18
74.4547	18
74.4548	18
74.4554	18
74.6916	18
74.6916	18
74.6919	18
75.761	18
75.7651	18
75.7652	18
75.7656	18
76.5182	18
76.5186	18
76.5194	18
76.9447	18
76.9448	18
76.9482	18
77.0578	18
77.0579	18
77.0586	18
78.2178	18
78.2181	18
78.2189	18
78.6228	18
78.6229	18
78.6253	18
79.0097	18
79.0098	18
79.0123	18
81.744	18
81.7442	18
81.7477	18
82.0979	18
82.098	18
82.099	18
82.3472	18
82.3472	18
82.3531	18
82.542	18
82.5422	18
82.5467	18
83.4964	18
83.4981	18
83.4982	18
83.501	18
84.8047	18
84.8049	18
84.8065	18
84.8065	18
85.3744	18
85.3746	18
86.7847	18
86.7851	18
86.7851	18
86.7851	18
86.8996	18
86.8998	18
86.9151	18
87.1463	18
87.1487	18
87.1487	18
87.1505	18
87.6783	18
87.6787	18
87.6789	18
87.6852	18
88.395	18
88.396	18
88.396	18
88.3981	18
88.6062	18
88.6065	18
89.0527	18
89.0556	18
89.0557	18
89.0576	18
89.2071	18
89.2073	18
89.3936	18
89.3946	18
89.3948	18
89.4124	18
89.4126	18
89.4127	18
89.4147	18
89.716	18
89.7175	18
89.7175	18
89.7211	18
90.0199	18
90.02	18
90.0209	18
90.1211	18
90.1228	18
90.1228	18
90.1285	18
90.7375	18
90.7376	18
90.7392	18
90.7872	18
90.7873	18
91.1849	18
91.1854	18
91.1855	18
91.1885	18
91.2948	18
91.2953	18
91.2955	18
91.477	18
91.4773	18
91.4775	18
92.08	18
92.0806	18
92.0817	18
93.2164	18
93.2167	18
93.2185	18
93.9389	18
93.939	18
93.9397	18
94.2226	18
94.223	18
94.2246	18
94.7187	18
94.7187	18
94.7227	18
95.4743	18
95.4744	18
95.4748	18
95.5055	18
95.5058	18
95.5076	18
95.5076	18
95.6378	18
95.638	18
95.6408	18
95.8537	18
95.8537	18
95.8547	18
95.9171	18
95.9176	18
95.9178	18
96.1848	18
96.1862	18
96.1879	18
96.188	18
96.1884	18
96.1891	18
96.1891	18
96.1898	18
96.787	18
96.787	18
96.7888	18
97.6509	18
97.6509	18
97.6551	18
97.7412	18
97.7416	18
97.7417	18
97.8712	18
97.8713	18
97.8715	18
99.2623	18
99.2638	18
99.2639	18
99.2696	18
99.4071	18
99.4071	18
99.4162	18
