6.54915e-10	0
1.6175e-09	1
1.65102e-09	2
1.99041e-09	3
1.99733e-09	4
2.23697e-09	5
2.29036e-09	6
2.65735e-09	7
3.40309e-09	8
4.8468e-09	9
5.05401e-09	10
5.73192e-09	11
5.95483e-09	12
6.15855e-09	13
6.3125e-09	14
8.27193e-09	15
8.59475e-09	15
8.87893e-09	16
9.17389e-09	17
1.70527e-08	17
1.94376e-08	18
2.19603e-08	18
2.57986e-08	19
3.83946e-08	19
4.66042e-08	19
4.83952e-08	20
5.30634e-08	20
6.15977e-08	20
6.34728e-08	20
7.4629e-08	20
7.52381e-08	20
8.16268e-08	20
8.24077e-08	20
9.83792e-08	20
1.26211e-07	20
1.45867e-07	20
1.46211e-07	20
1.49546e-07	20
1.6029e-07	20
1.61892e-07	20
1.66356e-07	20
1.68843e-07	20
1.80718e-07	20
1.84741e-07	20
1.87855e-07	20
1.95929e-07	20
1.99086e-07	20
2.08137e-07	20
2.18953e-07	20
2.35098e-07	20
2.35225e-07	20
2.35349e-07	20
2.39486e-07	20
2.511e-07	20
2.60041e-07	20
2.71681e-07	20
2.88948e-07	20
3.02681e-07	20
3.04324e-07	20
3.12098e-07	20
3.27279e-07	20
3.28188e-07	20
3.28429e-07	20
3.34186e-07	20
3.44188e-07	20
3.52586e-07	20
3.85436e-07	20
3.90622e-07	20
3.91939e-07	20
4.02817e-07	20
4.06111e-07	20
4.09194e-07	20
4.14039e-07	20
4.30602e-07	20
4.40764e-07	20
4.51405e-07	20
4.76462e-07	20
4.79728e-07	20
4.92897e-07	20
4.96934e-07	20
5.14202e-07	20
5.67471e-07	20
5.76019e-07	20
5.82283e-07	20
5.87227e-07	20
5.98866e-07	20
6.01731e-07	20
6.15124e-07	20
6.28482e-07	20
6.367e-07	20
6.43714e-07	20
6.79799e-07	20
6.95218e-07	20
7.02903e-07	20
7.37969e-07	20
7.4313e-07	20
7.49068e-07	20
7.5146e-07	20
7.58293e-07	20
7.58363e-07	20
7.73512e-07	20
7.73981e-07	20
8.02604e-07	20
8.08687e-07	20
8.19932e-07	20
8.22684e-07	20
8.27512e-07	20
8.3324e-07	20
8.36154e-07	20
8.38265e-07	20
8.51287e-07	20
8.52919e-07	20
8.55919e-07	20
8.8615e-07	20
8.94268e-07	20
9.03115e-07	20
9.04026e-07	20
9.1389e-07	20
9.15235e-07	20
9.15644e-07	20
9.30889e-07	20
9.50764e-07	20
9.76406e-07	20
1.00636e-06	20
1.03044e-06	20
1.04338e-06	20
1.05092e-06	20
1.07072e-06	20
1.10025e-06	20
1.12971e-06	20
1.13134e-06	20
1.15235e-06	20
1.15826e-06	20
1.16057e-06	20
1.19408e-06	20
1.20615e-06	20
1.23776e-06	20
1.25031e-06	20
1.26062e-06	20
1.26124e-06	20
1.28259e-06	20
1.30904e-06	20
1.31619e-06	20
1.31947e-06	20
1.32175e-06	20
1.32874e-06	20
1.35329e-06	20
1.37098e-06	20
1.39255e-06	20
1.40676e-06	20
1.50146e-06	20
1.50595e-06	20
1.53262e-06	20
1.55074e-06	20
1.59738e-06	20
1.59753e-06	20
1.61947e-06	20
1.65299e-06	20
1.69502e-06	20
1.69671e-06	20
1.75129e-06	20
1.75901e-06	20
1.77163e-06	20
1.81183e-06	20
1.83675e-06	20
1.84032e-06	20
1.85413e-06	20
1.85585e-06	20
1.88165e-06	20
1.88719e-06	20
1.91048e-06	20
1.9354e-06	20
1.94515e-06	20
1.95817e-06	20
2.04805e-06	20
2.10524e-06	20
2.1222e-06	20
2.14821e-06	20
2.15417e-06	20
2.16108e-06	20
2.16514e-06	20
2.171e-06	20
2.17721e-06	20
2.17951e-06	20
2.18885e-06	20
2.21901e-06	20
2.22323e-06	20
2.31404e-06	20
2.39427e-06	20
2.42464e-06	20
2.44579e-06	20
2.44745e-06	20
2.52724e-06	20
2.69878e-06	20
2.81039e-06	20
2.8166e-06	20
3.42227e-06	20
3.42571e-06	20
3.47134e-06	20
3.47771e-06	20
3.5125e-06	20
3.53754e-06	20
3.93958e-06	20
4.46213e-06	20
4.53996e-06	20
4.65077e-06	20
4.89929e-06	20
4.97211e-06	20
5.094e-06	20
5.2826e-06	20
5.35957e-06	20
5.38919e-06	20
5.46388e-06	20
5.49332e-06	20
5.65819e-06	20
5.85197e-06	20
5.96433e-06	20
6.03209e-06	20
6.1847e-06	20
6.20802e-06	20
6.21549e-06	20
6.95936e-06	20
7.12453e-06	20
7.13287e-06	20
7.35085e-06	20
7.61139e-06	20
8.13471e-06	20
8.14803e-06	20
8.25213e-06	20
8.66283e-06	20
8.72165e-06	20
8.7673e-06	20
9.11499e-06	20
9.19436e-06	20
9.49299e-06	20
9.74149e-06	20
9.77704e-06	20
9.79357e-06	20
1.00679e-05	20
1.01526e-05	20
1.02244e-05	20
1.03877e-05	20
1.06061e-05	20
1.11295e-05	20
1.12698e-05	20
1.14039e-05	20
1.17477e-05	20
1.23181e-05	20
1.28382e-05	20
1.31479e-05	20
1.33414e-05	20
1.34158e-05	20
1.36284e-05	20
1.36439e-05	20
1.38959e-05	20
1.40683e-05	20
1.41993e-05	20
1.42216e-05	20
1.43816e-05	20
1.44732e-05	20
1.47828e-05	20
1.5509e-05	20
1.55178e-05	20
1.55275e-05	20
1.56811e-05	20
1.57288e-05	20
1.57609e-05	20
1.58917e-05	20
1.60732e-05	20
1.63391e-05	20
1.63632e-05	20
1.64775e-05	20
1.67996e-05	20
1.69275e-05	20
1.70645e-05	20
1.7225e-05	20
1.72562e-05	20
1.75195e-05	20
1.75497e-05	20
1.82841e-05	20
1.85489e-05	20
1.86351e-05	20
1.88192e-05	20
1.88203e-05	20
1.95574e-05	20
1.98019e-05	20
2.00392e-05	20
2.01635e-05	20
2.10498e-05	20
2.1905e-05	20
2.20207e-05	20
2.22452e-05	20
2.28571e-05	20
2.28925e-05	20
2.35012e-05	20
2.36831e-05	20
2.41513e-05	20
2.43696e-05	20
2.44512e-05	20
2.47574e-05	20
2.51269e-05	20
2.52387e-05	20
2.55794e-05	20
2.57602e-05	20
2.69012e-05	20
2.72043e-05	20
2.75884e-05	20
2.7729e-05	20
2.78685e-05	20
2.81223e-05	20
2.8232e-05	20
3.03492e-05	20
3.06566e-05	20
3.12409e-05	20
3.16463e-05	20
3.16681e-05	20
3.17884e-05	20
3.19878e-05	20
3.19894e-05	20
3.22976e-05	20
3.29876e-05	20
3.29907e-05	20
3.33761e-05	20
3.34708e-05	20
3.35417e-05	20
3.35782e-05	20
3.35851e-05	20
3.40214e-05	20
3.42446e-05	20
3.45399e-05	20
3.50448e-05	20
3.5902e-05	20
3.6243e-05	20
3.64781e-05	20
3.65932e-05	20
3.72374e-05	20
3.85179e-05	20
3.86767e-05	20
3.97417e-05	20
4.04903e-05	20
4.08173e-05	20
4.10322e-05	20
4.10705e-05	20
4.18084e-05	20
4.30717e-05	20
4.34648e-05	20
4.35627e-05	20
4.38311e-05	20
4.38745e-05	20
4.45507e-05	20
4.47613e-05	20
4.48483e-05	20
4.49929e-05	20
4.5397e-05	20
4.5883e-05	20
4.59605e-05	20
4.66993e-05	20
4.84454e-05	20
4.87657e-05	20
5.01816e-05	20
5.15185e-05	20
5.17686e-05	20
5.2443e-05	20
5.27991e-05	20
5.29877e-05	20
5.34699e-05	20
5.39716e-05	20
5.42656e-05	20
5.43734e-05	20
5.48538e-05	20
5.49604e-05	20
5.68233e-05	20
5.74147e-05	20
6.08101e-05	20
6.09625e-05	20
6.41262e-05	20
6.47653e-05	20
6.61565e-05	20
6.69776e-05	20
6.84149e-05	20
6.8481e-05	20
6.90289e-05	20
7.11752e-05	20
7.14529e-05	20
7.54084e-05	20
7.62752e-05	20
7.90933e-05	20
8.364e-05	20
8.46044e-05	20
8.86374e-05	20
9.03763e-05	20
9.15389e-05	20
9.58091e-05	20
9.71584e-05	20
9.87581e-05	20
9.88929e-05	20
0.000102642	20
0.000103899	20
0.000107242	20
0.000108692	20
0.000110018	20
0.000116522	20
0.000116813	20
0.000117633	20
0.000119152	20
0.000126268	20
0.000126466	20
0.000126712	20
0.000134454	20
0.00013542	20
0.000140269	20
0.00014076	20
0.000143822	20
0.000147818	20
0.000149071	20
0.000152959	20
0.000166028	20
0.000176551	20
0.000181888	20
0.000183935	20
0.000187045	20
0.000197373	20
0.000200426	20
0.000203787	20
0.000206637	20
0.000219916	20
0.000221296	20
0.000222151	20
0.000222671	20
0.000233854	20
0.000247716	20
0.000258133	20
0.000260064	20
0.000266872	20
0.000270615	20
0.000273089	20
0.000279753	20
0.000297579	20
0.000298393	20
0.000298405	20
0.000304524	20
0.00030735	20
0.000309653	20
0.000318046	20
0.0003248	20
0.00032999	20
0.000330478	20
0.0003675	20
0.000367957	20
0.000386271	20
0.000453461	20
0.000462772	20
0.000616155	20
0.000640944	20
0.000672298	20
0.000722859	20
0.000814384	20
0.000815232	20
0.000815459	20
0.00081663	20
0.000817069	20
0.000818324	20
0.000819797	20
0.000820242	20
0.00082051	20
0.000820738	20
0.000822077	20
0.000823869	20
0.000824052	20
0.000824325	20
0.000832271	20
0.000835991	20
0.000836611	20
0.000839434	20
0.000842494	20
0.000847038	20
0.000860047	20
0.000860181	20
0.000861577	20
0.00086354	20
0.00086727	20
0.000873184	20
0.000875477	20
0.000880027	20
0.000898414	20
0.000898747	20
0.000904303	20
0.000932615	20
0.000935475	20
0.000954813	20
0.00097607	20
0.000979691	20
0.000991274	20
0.00100105	20
0.00100395	20
0.00101137	20
0.00102581	20
0.00102777	20
0.00103843	20
0.00103873	20
0.00104282	20
0.00106014	20
0.0010908	20
0.00125198	20
0.00132242	20
0.00172461	20
0.00193077	20
0.00267974	20
0.00272643	20
0.00274083	20
0.00403986	20
0.00403993	20
0.00403997	20
0.00404046	20
0.00404097	20
0.00404104	20
0.00404183	20
0.00404185	20
0.00404233	20
0.00404234	20
0.00404272	20
0.00404314	20
0.00404344	20
0.0040438	20
0.00426484	20
0.00426496	20
0.00426525	20
0.00426553	20
0.00426561	20
0.0042659	20
0.00426651	20
0.00456046	20
0.00460366	20
0.00460687	20
0.00460723	20
0.00481462	20
0.00517928	20
0.00576759	20
0.0057688	20
0.00578969	20
0.00581431	20
0.0058693	20
0.0059376	20
0.00601452	20
0.0060802	20
0.00608918	20
0.00610422	20
0.00613663	20
0.00633777	20
0.0063638	20
0.00637651	20
0.00637681	20
0.00654696	20
0.00657089	20
0.00658846	20
0.00658863	20
0.00675891	20
0.00678817	20
0.00694467	20
0.00697395	20
0.00699441	20
0.00702359	20
0.00705258	20
0.0071345	20
0.0072355	20
0.0072744	20
0.0072982	20
0.00729895	20
0.00731315	20
0.00733856	20
0.00738961	20
0.00741068	20
0.00741566	20
0.0074551	20
0.00753943	20
0.00756076	20
0.00756709	20
0.00776487	20
0.00788233	20
0.00824064	20
0.00827946	20
0.00869425	20
0.00908953	20
0.00909263	20
0.00909328	20
0.00909382	20
0.00909431	20
0.00909585	20
0.00909786	20
0.00909824	20
0.0090983	20
0.0090987	20
0.00909926	20
0.00910037	20
0.00910519	20
0.00910841	20
0.00910907	20
0.00911341	20
0.00911549	20
0.00912518	20
0.00912639	20
0.00913874	20
0.0091571	20
0.00917981	20
0.00932294	20
0.00948853	20
0.00948992	20
0.0094902	20
0.00949022	20
0.00949126	20
0.00949143	20
0.00949453	20
0.00949469	20
0.009498	20
0.00949847	20
0.00949852	20
0.00950221	20
0.00950437	20
0.00950485	20
0.00951013	20
0.00951744	20
0.00951823	20
0.00952133	20
0.0095224	20
0.00952478	20
0.00952747	20
0.0095292	20
0.00953373	20
0.00953714	20
0.00954545	20
0.0095517	20
0.0096364	20
0.0102001	20
0.0102055	20
0.0102072	20
0.0102095	20
0.0102104	20
0.0102104	20
0.0102144	20
0.0102153	20
0.0102182	20
0.010224	20
0.0102269	20
0.0102277	20
0.0102407	20
0.0102542	20
0.0102684	20
0.01032	20
0.0103289	20
0.0103322	20
0.0103471	20
0.0103671	20
0.010384	20
0.0104089	20
0.0104355	20
0.0104619	20
0.010471	20
0.0104781	20
0.0104841	20
0.0105104	20
0.010605	20
0.0106087	20
0.0106576	20
0.0106779	20
0.0106921	20
0.0106949	20
0.0107717	20
0.0108099	20
0.0108788	20
0.0108861	20
0.0110159	20
0.0110226	20
0.0110361	20
0.0112045	20
0.0114336	20
0.0114541	20
0.0114995	20
0.011673	20
0.0116752	20
0.0116755	20
0.0116756	20
0.0116759	20
0.0116796	20
0.011681	20
0.0116842	20
0.0116847	20
0.0116853	20
0.0116881	20
0.0116884	20
0.0116891	20
0.0116899	20
0.0116908	20
0.0116957	20
0.0117007	20
0.0117039	20
0.0117107	20
0.0117134	20
0.0119892	20
0.0121492	20
0.01236	20
0.0123699	20
0.012376	20
0.0123845	20
0.0124287	20
0.0124295	20
0.0124827	20
0.0129888	20
0.012989	20
0.0129909	20
0.0129929	20
0.0129934	20
0.0129937	20
0.0129957	20
0.0129975	20
0.0129984	20
0.0130033	20
0.013004	20
0.0130076	20
0.0130081	20
0.0130105	20
0.0130226	20
0.0133579	20
0.0133583	20
0.0133599	20
0.0133617	20
0.0133625	20
0.0133642	20
0.0133672	20
0.013368	20
0.0133744	20
0.0134013	20
0.013409	20
0.0134428	20
0.0141412	20
0.0141472	20
0.0141473	20
0.0141474	20
0.0141478	20
0.0141509	20
0.014153	20
0.014154	20
0.0141545	20
0.0141567	20
0.0141587	20
0.0141615	20
0.0141653	20
0.0141745	20
0.0141772	20
0.0141783	20
0.0141834	20
0.0141882	20
0.0141938	20
0.0142013	20
0.0142345	20
0.0142446	20
0.0142456	20
0.0142833	20
0.0142872	20
0.0142892	20
0.0143143	20
0.01432	20
0.0143241	20
0.0143291	20
0.0143517	20
0.0143544	20
0.0143835	20
0.0143952	20
0.0144202	20
0.0144243	20
0.0144262	20
0.0144391	20
0.0144536	20
0.0145019	20
0.0145465	20
0.0145508	20
0.0145766	20
0.0146571	20
0.0146716	20
0.0146827	20
0.0146992	20
0.0147185	20
0.0147704	20
0.014798	20
0.014828	20
0.0148989	20
0.0148992	20
0.0149002	20
0.0149036	20
0.0149178	20
0.0149233	20
0.0149362	20
0.0149611	20
0.014965	20
0.014967	20
0.0149678	20
0.0149683	20
0.0149694	20
0.0149718	20
0.0149775	20
0.0149827	20
0.014983	20
0.0149853	20
0.0149853	20
0.0149856	20
0.0149919	20
0.0149996	20
0.0150098	20
0.0150187	20
0.0150348	20
0.0150543	20
0.0151005	20
0.0151019	20
0.0151467	20
0.015177	20
0.0152812	20
0.0152938	20
0.0153531	20
0.0156354	20
0.0157284	20
0.0159231	20
0.0163885	20
0.0172339	20
0.018583	20
0.0185833	20
0.018584	20
0.0185846	20
0.0185854	20
0.0185856	20
0.0185875	20
0.0185889	20
0.018591	20
0.0185933	20
0.0185985	20
0.0185989	20
0.0185992	20
0.0185993	20
0.0185996	20
0.0186022	20
0.0186026	20
0.018604	20
0.0186085	20
0.018609	20
0.0186091	20
0.0186103	20
0.0186131	20
0.0186145	20
0.0186148	20
0.0186174	20
0.0186216	20
0.0186253	20
0.0186272	20
0.0186295	20
0.0186523	20
0.0186654	20
0.0186727	20
0.018686	20
0.0187052	20
0.0187115	20
0.0187246	20
0.0187431	20
0.0187469	20
0.0187526	20
0.0187539	20
0.0187569	20
0.0187669	20
0.018798	20
0.0188032	20
0.0188076	20
0.018813	20
0.0188257	20
0.0188265	20
0.0188382	20
0.018843	20
0.018844	20
0.0188661	20
0.0188834	20
0.0188855	20
0.0188918	20
0.0189219	20
0.0189221	20
0.0189775	20
0.0189822	20
0.0189914	20
0.0190372	20
0.0190388	20
0.0190486	20
0.0190766	20
0.0190838	20
0.0191063	20
0.0191377	20
0.0191412	20
0.01922	20
0.0192347	20
0.0192648	20
0.0193299	20
0.0193319	20
0.0193362	20
0.0193405	20
0.0193413	20
0.0193419	20
0.0193427	20
0.0193472	20
0.0193479	20
0.0193494	20
0.0193542	20
0.0193554	20
0.0193612	20
0.0193616	20
0.0193619	20
0.0193658	20
0.0193751	20
0.0193776	20
0.0193782	20
0.019383	20
0.0193865	20
0.0194106	20
0.0195198	20
0.0195302	20
0.0196249	20
0.0196332	20
0.0196465	20
0.0196514	20
0.0196886	20
0.0197001	20
0.0197449	20
0.0198924	20
0.0200094	20
0.020132	20
0.0202733	20
0.0203209	20
0.020363	20
0.0203829	20
0.0205276	20
0.0205344	20
0.0206547	20
0.0207056	20
0.0207719	20
0.0209783	20
0.02109	20
0.0211946	20
0.0212537	20
0.021262	20
0.0212651	20
0.0212669	20
0.0212679	20
0.0212688	20
0.0212709	20
0.0212718	20
0.0212722	20
0.0212741	20
0.0212811	20
0.0212899	20
0.0212937	20
0.0213098	20
0.0213118	20
0.0213287	20
0.0219906	20
0.0220119	20
0.0220244	20
0.0220271	20
0.0220414	20
0.0222514	20
0.0226184	20
0.0276611	20
0.0276614	20
0.0276617	20
0.0276617	20
0.0276617	20
0.0276618	20
0.0276619	20
0.0276619	20
0.0276619	20
0.0276621	20
0.0276621	20
0.0276624	20
0.0276624	20
0.0276626	20
0.0276626	20
0.027663	20
0.027663	20
0.0276631	20
0.0276632	20
0.0276633	20
0.0276634	20
0.0276636	20
0.0276637	20
0.0276642	20
0.0276642	20
0.0276644	20
0.0276644	20
0.0276649	20
0.027665	20
0.027665	20
0.0276652	20
0.0276652	20
0.0276656	20
0.0276658	20
0.0276658	20
0.0276662	20
0.0276666	20
0.0276669	20
0.0276669	20
0.027667	20
0.027667	20
0.027667	20
0.0276673	20
0.0276674	20
0.027668	20
0.027668	20
0.0276681	20
0.0276685	20
0.0276687	20
0.0276688	20
0.0276688	20
0.0276689	20
0.0276694	20
0.0276695	20
0.0276695	20
0.0276696	20
0.0276712	20
0.0276715	20
0.0276715	20
0.0276724	20
0.0276727	20
0.0276727	20
0.0276732	20
0.027674	20
0.0276741	20
0.0276742	20
0.0276749	20
0.0276749	20
0.027675	20
0.0276751	20
0.0276751	20
0.0276753	20
0.0276755	20
0.0276755	20
0.0276765	20
0.027677	20
0.027679	20
0.027679	20
0.0276791	20
0.0276812	20
0.0276819	20
0.0276834	20
0.0276834	20
0.0276836	20
0.0276846	20
0.0276854	20
0.0276856	20
0.0276858	20
0.0276858	20
0.0276863	20
0.0276865	20
0.0276865	20
0.0276868	20
0.0276871	20
0.0276877	20
0.0276882	20
0.0276893	20
0.0276898	20
0.0276911	20
0.0276912	20
0.0276941	20
0.0276952	20
0.0276957	20
0.0276974	20
0.0276982	20
0.0276992	20
0.0277003	20
0.0277013	20
0.0277042	20
0.027708	20
0.0277086	20
0.0277103	20
0.0277123	20
0.02773	20
0.0277353	20
0.027737	20
0.0277408	20
0.0277569	20
0.0277645	20
0.0277715	20
0.0277829	20
0.0278104	20
0.0278191	20
0.027839	20
0.0278478	20
0.0278752	20
0.027876	20
0.0279056	20
0.0279224	20
0.0279341	20
0.0280003	20
0.0280852	20
0.0280892	20
0.0280894	20
0.0280898	20
0.0280899	20
0.028096	20
0.0280973	20
0.0280988	20
0.0280988	20
0.0280997	20
0.0281005	20
0.0281012	20
0.0281128	20
0.0281156	20
0.0281179	20
0.0281249	20
0.0281326	20
0.0281373	20
0.0281413	20
0.0281415	20
0.0281633	20
0.0281666	20
0.0281692	20
0.0281701	20
0.0281857	20
0.0281974	20
0.0281996	20
0.028212	20
0.0282212	20
0.0282315	20
0.0282412	20
0.0282436	20
0.0282576	20
0.0282637	20
0.0282637	20
0.0282825	20
0.0283093	20
0.028334	20
0.028335	20
0.0283368	20
0.0283391	20
0.0283537	20
0.0283551	20
0.0283885	20
0.0284004	20
0.0284196	20
0.0284577	20
0.0284705	20
0.0284851	20
0.0285105	20
0.028516	20
0.0285311	20
0.0285494	20
0.0285661	20
0.0286139	20
0.0287823	20
0.0287873	20
0.0288553	20
0.0288559	20
0.028858	20
0.0288583	20
0.0288585	20
0.0288588	20
0.0288589	20
0.0288597	20
0.0288599	20
0.0288599	20
0.0288608	20
0.0288611	20
0.0288614	20
0.0288619	20
0.0288619	20
0.0288621	20
0.0288625	20
0.0288626	20
0.0288629	20
0.0288631	20
0.0288634	20
0.0288636	20
0.0288638	20
0.0288654	20
0.0288656	20
0.0288664	20
0.0288666	20
0.0288672	20
0.0288676	20
0.0288679	20
0.0288682	20
0.0288693	20
0.0288707	20
0.0288744	20
0.0288767	20
0.0288784	20
0.028879	20
0.0288791	20
0.0288802	20
0.0288843	20
0.0288874	20
0.0288881	20
0.0288932	20
0.028894	20
0.0288983	20
0.0289004	20
0.0289012	20
0.0289042	20
0.0289074	20
0.0289202	20
0.0289321	20
0.0289343	20
0.0289498	20
0.0289538	20
0.0289605	20
0.0289665	20
0.0290188	20
0.0290643	20
0.0291066	20
0.0293414	20
0.0294111	20
0.0294111	20
0.0294114	20
0.0294115	20
0.0294117	20
0.0294119	20
0.0294119	20
0.029412	20
0.0294121	20
0.0294123	20
0.0294124	20
0.0294124	20
0.0294128	20
0.0294129	20
0.0294131	20
0.0294132	20
0.0294133	20
0.0294134	20
0.0294137	20
0.0294138	20
0.0294139	20
0.029414	20
0.0294142	20
0.0294143	20
0.0294148	20
0.0294157	20
0.0294158	20
0.0294161	20
0.0294161	20
0.0294161	20
0.0294161	20
0.0294163	20
0.0294167	20
0.0294168	20
0.0294171	20
0.0294173	20
0.0294174	20
0.029418	20
0.0294181	20
0.0294188	20
0.029419	20
0.0294192	20
0.0294195	20
0.0294196	20
0.02942	20
0.0294202	20
0.0294211	20
0.0294211	20
0.0294216	20
0.0294216	20
0.0294221	20
0.0294222	20
0.029423	20
0.0294232	20
0.0294238	20
0.029425	20
0.0294251	20
0.0294272	20
0.0294276	20
0.0294277	20
0.029429	20
0.0294297	20
0.0294299	20
0.02943	20
0.0294307	20
0.029431	20
0.0294319	20
0.0294344	20
0.0294346	20
0.0294353	20
0.0294355	20
0.0294383	20
0.0294406	20
0.029453	20
0.0294552	20
0.0294555	20
0.0294753	20
0.0294761	20
0.029498	20
0.0295371	20
0.0295384	20
0.0295431	20
0.0297034	20
0.0297231	20
0.0297276	20
0.0297346	20
0.0298713	20
0.0299565	20
0.0299739	20
0.0299748	20
0.0300003	20
0.0300003	20
0.0300005	20
0.0300006	20
0.0300008	20
0.0300009	20
0.0300011	20
0.0300012	20
0.0300016	20
0.0300017	20
0.0300018	20
0.030002	20
0.030002	20
0.030002	20
0.0300022	20
0.0300027	20
0.0300029	20
0.0300031	20
0.0300032	20
0.0300032	20
0.0300033	20
0.0300041	20
0.0300045	20
0.0300047	20
0.0300049	20
0.030005	20
0.0300051	20
0.030006	20
0.0300063	20
0.0300067	20
0.0300069	20
0.0300069	20
0.0300069	20
0.0300074	20
0.0300075	20
0.0300075	20
0.0300076	20
0.0300083	20
0.0300084	20
0.0300102	20
0.0300103	20
0.0300106	20
0.030011	20
0.0300122	20
0.0300143	20
0.0300143	20
0.0300167	20
0.0300182	20
0.0300186	20
0.0300203	20
0.0300205	20
0.0300207	20
0.0300219	20
0.030023	20
0.0300246	20
0.0300297	20
0.0300301	20
0.0300306	20
0.0300406	20
0.0300433	20
0.0300437	20
0.0300492	20
0.0300499	20
0.0300535	20
0.0300556	20
0.0300715	20
0.0300944	20
0.0301144	20
0.030115	20
0.030127	20
0.0301373	20
0.0301393	20
0.0301433	20
0.0302529	20
0.0302577	20
0.0302702	20
0.0302791	20
0.0302951	20
0.0303071	20
0.0303457	20
0.0303962	20
0.0304344	20
0.0304582	20
0.0305912	20
0.0305912	20
0.0305948	20
0.0305948	20
0.0305958	20
0.0305971	20
0.0306024	20
0.0306033	20
0.0306055	20
0.0306057	20
0.0306067	20
0.0306081	20
0.0306084	20
0.0306104	20
0.0306117	20
0.0306141	20
0.0306227	20
0.0306238	20
0.0306267	20
0.0306268	20
0.0306276	20
0.0306297	20
0.030635	20
0.0306369	20
0.0306375	20
0.0306389	20
0.0306535	20
0.0306554	20
0.0306661	20
0.0306685	20
0.0306697	20
0.0306985	20
0.0307039	20
0.0307059	20
0.0307076	20
0.0307119	20
0.0307323	20
0.0307577	20
0.0307688	20
0.0307813	20
0.0307865	20
0.0307866	20
0.0307891	20
0.0307905	20
0.0308073	20
0.0308123	20
0.0308172	20
0.0308223	20
0.0308237	20
0.0308417	20
0.0308494	20
0.0308575	20
0.0308826	20
0.0309026	20
0.0309293	20
0.030934	20
0.0309909	20
0.0309946	20
0.0310327	20
0.0311077	20
0.0311513	20
0.0311562	20
0.0311585	20
0.0311801	20
0.0312755	20
0.0312769	20
0.0312829	20
0.0312869	20
0.0313039	20
0.0313072	20
0.0313477	20
0.0313513	20
0.0313698	20
0.0313816	20
0.0314272	20
0.0314285	20
0.0315691	20
0.0317703	20
0.0319272	20
0.0319816	20
0.0319846	20
0.0320618	20
0.0320768	20
0.032077	20
0.03208	20
0.0320807	20
0.0320809	20
0.0320817	20
0.0320828	20
0.0320836	20
0.0320837	20
0.0320842	20
0.0320848	20
0.0320911	20
0.0320941	20
0.0320955	20
0.0321062	20
0.0321128	20
0.0321233	20
0.0321318	20
0.0321736	20
0.0321736	20
0.0322541	20
0.0323121	20
0.0324439	20
0.0325203	20
0.0325503	20
0.032635	20
0.0326505	20
0.0327401	20
0.0328907	20
0.0329715	20
0.032974	20
0.0330219	20
0.0332358	20
0.0332731	20
0.033323	20
0.0333442	20
0.0333451	20
0.0333451	20
0.0333459	20
0.0333459	20
0.0333459	20
0.0333474	20
0.0333476	20
0.033348	20
0.0333484	20
0.0333487	20
0.0333489	20
0.0333491	20
0.0333491	20
0.0333491	20
0.0333491	20
0.0333501	20
0.0333506	20
0.033351	20
0.0333513	20
0.0333524	20
0.0333528	20
0.033353	20
0.0333531	20
0.0333538	20
0.0333543	20
0.0333544	20
0.033355	20
0.0333551	20
0.0333552	20
0.0333554	20
0.0333561	20
0.0333569	20
0.0333569	20
0.0333569	20
0.0333572	20
0.0333574	20
0.0333576	20
0.0333581	20
0.033359	20
0.0333616	20
0.0333618	20
0.0333651	20
0.0333666	20
0.0333666	20
0.0333691	20
0.0333705	20
0.0333706	20
0.0333719	20
0.0333805	20
0.0333816	20
0.0333847	20
0.0333848	20
0.033386	20
0.0333897	20
0.0334081	20
0.0334919	20
0.0335059	20
0.0336055	20
0.0348369	20
0.034837	20
0.0348373	20
0.0348376	20
0.0348379	20
0.034838	20
0.03484	20
0.03484	20
0.03484	20
0.0348401	20
0.0348403	20
0.0348408	20
0.0348408	20
0.0348412	20
0.0348415	20
0.0348423	20
0.0348428	20
0.0348428	20
0.0348428	20
0.0348433	20
0.0348436	20
0.0348442	20
0.0348446	20
0.0348449	20
0.0348452	20
0.034847	20
0.0348476	20
0.0348483	20
0.0348503	20
0.0348504	20
0.0348513	20
0.0348514	20
0.0348522	20
0.0348536	20
0.0348538	20
0.034854	20
0.0348555	20
0.0348581	20
0.0348588	20
0.0348597	20
0.0348617	20
0.0348666	20
0.0348706	20
0.0348708	20
0.0348717	20
0.034872	20
0.0348739	20
0.0348756	20
0.0348764	20
0.0348771	20
0.0348785	20
0.0348827	20
0.0348901	20
0.0348914	20
0.0349152	20
0.0349235	20
0.0349239	20
0.0349239	20
0.0349241	20
0.0349248	20
0.034925	20
0.034925	20
0.0349308	20
0.0349309	20
0.0349309	20
0.0349314	20
0.0349315	20
0.0349364	20
0.034938	20
0.0349474	20
0.0349523	20
0.0349538	20
0.0349541	20
0.0349703	20
0.0349713	20
0.0349873	20
0.0350995	20
0.0351001	20
0.035102	20
0.0351117	20
0.0351129	20
0.035116	20
0.0351176	20
0.0351219	20
0.0351297	20
0.0351311	20
0.0351357	20
0.0351423	20
0.0351424	20
0.0351451	20
0.0351475	20
0.0351569	20
0.0351606	20
0.0351682	20
0.0351742	20
0.0351782	20
0.0351826	20
0.0351873	20
0.0351898	20
0.0351924	20
0.0352177	20
0.0352415	20
0.0352417	20
0.0352485	20
0.0352886	20
0.0352924	20
0.035303	20
0.035303	20
0.0353034	20
0.0353073	20
0.0353103	20
0.0353134	20
0.0353649	20
0.0353662	20
0.0353665	20
0.0354161	20
0.035434	20
0.0354839	20
0.0355028	20
0.0355034	20
0.0355305	20
0.0355306	20
0.0355321	20
0.0355424	20
0.0355437	20
0.0355448	20
0.0355574	20
0.0355598	20
0.0355825	20
0.0356077	20
0.0356254	20
0.035666	20
0.0356667	20
0.0356676	20
0.0356737	20
0.0356834	20
0.0357111	20
0.035745	20
0.0358043	20
0.0359692	20
0.0360172	20
0.0361227	20
0.0361903	20
0.0362045	20
0.0362277	20
0.0362408	20
0.0362773	20
0.0364055	20
0.0364132	20
0.0364708	20
0.0366386	20
0.0367681	20
0.0368388	20
0.0370414	20
0.0370419	20
0.0370427	20
0.0370428	20
0.0370431	20
0.0370447	20
0.0370447	20
0.0370451	20
0.0370457	20
0.0370459	20
0.0370468	20
0.0370471	20
0.0370482	20
0.0370498	20
0.0370501	20
0.0370504	20
0.0370525	20
0.0370568	20
0.0370616	20
0.0370682	20
0.0370691	20
0.0370837	20
0.0370861	20
0.0370911	20
0.0370955	20
0.0370956	20
0.0370985	20
0.0371473	20
0.0371594	20
0.0378447	20
0.0389358	20
0.0389362	20
0.0394285	20
0.0394285	20
0.0394286	20
0.039429	20
0.0394316	20
0.0394316	20
0.0394317	20
0.0394319	20
0.0394325	20
0.0394326	20
0.0394327	20
0.0394332	20
0.0394332	20
0.0394335	20
0.0394338	20
0.0394339	20
0.0394359	20
0.0394373	20
0.0394375	20
0.0394377	20
0.039438	20
0.0394385	20
0.0394396	20
0.0394399	20
0.03944	20
0.0394408	20
0.0394419	20
0.0394422	20
0.0394435	20
0.0394437	20
0.039447	20
0.0394485	20
0.0394489	20
0.0394497	20
0.03945	20
0.0394513	20
0.0394564	20
0.0394581	20
0.0394635	20
0.0394636	20
0.0394713	20
0.0394754	20
0.03948	20
0.0394805	20
0.0394812	20
0.0394977	20
0.0395073	20
0.0395133	20
0.0395211	20
0.0395224	20
0.0395241	20
0.0395313	20
0.0395324	20
0.0395461	20
0.0395684	20
0.0395692	20
0.0395696	20
0.0395811	20
0.0395831	20
0.0395832	20
0.0395836	20
0.039591	20
0.0396	20
0.0396014	20
0.0396023	20
0.0396071	20
0.0396086	20
0.039627	20
0.0396486	20
0.0396585	20
0.0396643	20
0.0396881	20
0.0396884	20
0.0396936	20
0.0397167	20
0.0397272	20
0.0397323	20
0.0397493	20
0.0397557	20
0.0397582	20
0.0397966	20
0.0397969	20
0.0398374	20
0.0398518	20
0.0398688	20
0.0398738	20
0.039874	20
0.0398821	20
0.0398891	20
0.0399044	20
0.0399097	20
0.0399225	20
0.0399405	20
0.0399762	20
0.0400069	20
0.0400483	20
0.0400504	20
0.0401052	20
0.0401587	20
0.040166	20
0.0401979	20
0.0401995	20
0.0402052	20
0.0402156	20
0.0402305	20
0.0402324	20
0.0402481	20
0.0402517	20
0.0402602	20
0.0402607	20
0.040265	20
0.0402958	20
0.0402959	20
0.0403053	20
0.0403071	20
0.0403086	20
0.0403106	20
0.0403107	20
0.0403141	20
0.0403225	20
0.0403315	20
0.0403409	20
0.040346	20
0.040379	20
0.0404022	20
0.0404184	20
0.0404292	20
0.0404389	20
0.0404707	20
0.0404712	20
0.0404744	20
0.0404832	20
0.0404874	20
0.0405036	20
0.0405073	20
0.0405073	20
0.0405113	20
0.0405227	20
0.0405382	20
0.0405633	20
0.0406596	20
0.0406873	20
0.0406974	20
0.0407633	20
0.0407646	20
0.0407733	20
0.0408	20
0.0409509	20
0.0409595	20
0.0409669	20
0.041038	20
0.0410634	20
0.041122	20
0.041126	20
0.0411499	20
0.0411985	20
0.0412126	20
0.0412306	20
0.0412584	20
0.0412593	20
0.0412994	20
0.0413387	20
0.0414173	20
0.0414252	20
0.0416662	20
0.0419548	20
0.0419603	20
0.0419665	20
0.0419683	20
0.0419744	20
0.0419774	20
0.0419884	20
0.0419935	20
0.041998	20
0.0420021	20
0.0420176	20
0.0420507	20
0.0421525	20
0.0422631	20
0.0427802	20
0.0428657	20
0.0429191	20
0.042953	20
0.0429656	20
0.043042	20
0.0430532	20
0.0430636	20
0.0434723	20
0.0434725	20
0.0434728	20
0.043473	20
0.0434755	20
0.0434791	20
0.0434804	20
0.0434825	20
0.043486	20
0.0434899	20
0.0434987	20
0.0435029	20
0.0435081	20
0.0435109	20
0.0435115	20
0.0435169	20
0.0435213	20
0.0435755	20
0.0435856	20
0.0435874	20
0.0436	20
0.0436453	20
0.0437003	20
0.0437394	20
0.0437482	20
0.0437536	20
0.043766	20
0.0437785	20
0.0438039	20
0.0438288	20
0.0438332	20
0.0438583	20
0.0438598	20
0.0438614	20
0.0438864	20
0.043895	20
0.0439172	20
0.0439209	20
0.0439399	20
0.0439954	20
0.0440873	20
0.0441486	20
0.0441708	20
0.0442301	20
0.0442389	20
0.0443919	20
0.0443957	20
0.044406	20
0.0444537	20
0.0444746	20
0.0445168	20
0.0445613	20
0.0446803	20
0.0447748	20
0.0450554	20
0.0452036	20
0.0452984	20
0.0452986	20
0.045299	20
0.0452991	20
0.0452996	20
0.0453	20
0.0453003	20
0.0453008	20
0.0453018	20
0.0453024	20
0.0453026	20
0.0453032	20
0.0453035	20
0.0453036	20
0.045304	20
0.0453041	20
0.0453042	20
0.0453043	20
0.0453046	20
0.0453056	20
0.0453064	20
0.0453068	20
0.0453079	20
0.0453084	20
0.0453086	20
0.0453088	20
0.0453094	20
0.0453107	20
0.0453108	20
0.0453113	20
0.0453114	20
0.0453119	20
0.0453131	20
0.0453151	20
0.0453167	20
0.0453177	20
0.0453185	20
0.0453189	20
0.0453242	20
0.0453291	20
0.0453301	20
0.0453301	20
0.0453307	20
0.045337	20
0.0453669	20
0.0453731	20
0.0454028	20
0.0458557	20
0.0458571	20
0.0458592	20
0.0458668	20
0.0458718	20
0.0458815	20
0.0458947	20
0.0459248	20
0.0462366	20
0.0464688	20
0.046961	20
0.0469621	20
0.0469639	20
0.0469866	20
0.0469886	20
0.0469893	20
0.0470362	20
0.0470467	20
0.0470596	20
0.0470741	20
0.0470844	20
0.0470853	20
0.0470881	20
0.0471047	20
0.0471164	20
0.0471274	20
0.0471489	20
0.0471576	20
0.0472071	20
0.04728	20
0.0472927	20
0.0473079	20
0.0473557	20
0.0473611	20
0.0474095	20
0.047431	20
0.0474545	20
0.0474595	20
0.0475036	20
0.0475096	20
0.0475301	20
0.0475878	20
0.0476135	20
0.0476562	20
0.0477662	20
0.0477812	20
0.0478533	20
0.0480559	20
0.0481138	20
0.0484122	20
0.0486218	20
0.0487117	20
0.0489541	20
0.0491602	20
0.0492484	20
0.0494847	20
0.0500102	20
0.0501944	20
0.0502422	20
0.0529522	20
0.0532095	20
0.055674	20
0.0556769	20
0.0556771	20
0.0556794	20
0.0567156	20
0.0567664	20
0.0567808	20
0.0567928	20
0.0568773	20
0.0597869	20
0.0597901	20
0.059882	20
0.0628463	20
0.0628463	20
0.0628464	20
0.0628465	20
0.062847	20
0.0628471	20
0.0628472	20
0.0628477	20
0.0628478	20
0.062848	20
0.0628488	20
0.062849	20
0.062849	20
0.0628491	20
0.0628492	20
0.0628492	20
0.0628496	20
0.0628499	20
0.0628501	20
0.0628506	20
0.0628515	20
0.0628522	20
0.0628523	20
0.0628525	20
0.0628532	20
0.0628532	20
0.0628536	20
0.0628538	20
0.062854	20
0.0628561	20
0.0628574	20
0.0628581	20
0.0628582	20
0.0628588	20
0.0628591	20
0.0628597	20
0.0628598	20
0.0628605	20
0.0628612	20
0.0628628	20
0.0628634	20
0.0628636	20
0.062864	20
0.062867	20
0.0628677	20
0.0628684	20
0.0628696	20
0.0628722	20
0.0628756	20
0.062877	20
0.0628774	20
0.0628801	20
0.0628803	20
0.0628849	20
0.0628857	20
0.0629154	20
0.0629215	20
0.0634132	20
0.063463	20
0.0661165	20
0.066117	20
0.0661215	20
0.0661596	20
0.074705	20
0.0747057	20
0.0747066	20
0.0747178	20
0.0747514	20
0.0747727	20
0.0747792	20
0.0747798	20
0.0754427	20
0.0754464	20
0.0754483	20
0.0754495	20
0.0754496	20
0.0754632	20
0.0754716	20
0.0754723	20
0.0755063	20
0.0755454	20
0.0769607	20
0.0769618	20
0.076977	20
0.0769771	20
0.0770154	20
0.0779289	20
0.0779698	20
0.0780534	20
0.0781205	20
0.0781289	20
0.0781436	20
0.0781494	20
0.078151	20
0.0807465	20
0.0807672	20
0.0807722	20
0.0808899	20
0.0809053	20
0.080906	20
0.0838756	20
0.0838864	20
0.0838957	20
0.0838983	20
0.083997	20
0.0840596	20
0.0840617	20
0.0852549	20
0.0853639	20
0.0853667	20
0.0861304	20
0.0861497	20
0.0861558	20
0.0868327	20
0.086834	20
0.0868692	20
0.0868733	20
0.0870919	20
0.0871051	20
0.0871107	20
0.0871301	20
0.0889936	20
0.0898542	20
0.0898558	20
0.0898568	20
0.0909034	20
0.090906	20
0.0931387	20
0.0931621	20
0.0931644	20
0.0931943	20
0.0961968	20
0.0961987	20
0.0962085	20
0.0989729	20
0.0989811	20
0.0991962	20
0.104429	20
0.10443	20
0.104436	20
0.104479	20
0.104579	20
0.10458	20
0.105467	20
0.105481	20
0.105487	20
0.105629	20
0.107215	20
0.10722	20
0.107285	20
0.107667	20
0.107679	20
0.107832	20
0.111411	20
0.111412	20
0.111412	20
0.111457	20
0.114885	20
0.114945	20
0.115195	20
0.115204	20
0.115206	20
0.115237	20
0.117822	20
0.117833	20
0.117884	20
0.119588	20
0.1196	20
0.119601	20
0.125223	20
0.125237	20
0.125238	20
0.12548	20
0.128143	20
0.128145	20
0.128191	20
0.128261	20
0.128262	20
0.128949	20
0.12912	20
0.129128	20
0.131563	20
0.131576	20
0.131576	20
0.133006	20
0.141311	20
0.141312	20
0.141312	20
0.141338	20
0.141339	20
0.142189	20
0.142384	20
0.142385	20
0.143835	20
0.14385	20
0.143852	20
0.14397	20
0.143984	20
0.144022	20
0.144333	20
0.144345	20
0.146044	20
0.146046	20
0.146084	20
0.146085	20
0.146137	20
0.149536	20
0.149536	20
0.149592	20
0.150141	20
0.150143	20
0.153499	20
0.153546	20
0.153547	20
0.153595	20
0.153627	20
0.154621	20
0.155584	20
0.155636	20
0.1559	20
0.155932	20
0.155933	20
0.157844	20
0.158008	20
0.158012	20
0.160225	20
0.160226	20
0.160454	20
0.160454	20
0.163346	20
0.163458	20
0.163464	20
0.163507	20
0.163517	20
0.163519	20
0.163521	20
0.165274	20
0.165531	20
0.165531	20
0.165998	20
0.166032	20
0.166034	20
0.170708	20
0.170708	20
0.170709	20
0.170868	20
0.170871	20
0.17766	20
0.180388	20
0.180435	20
0.180456	20
0.180523	20
0.180524	20
0.184441	20
0.184446	20
0.184455	20
0.18482	20
0.184835	20
0.184835	20
0.186349	20
0.186365	20
0.186367	20
0.186741	20
0.192333	20
0.192389	20
0.192396	20
0.192397	20
0.199294	20
0.199294	20
0.199316	20
0.199316	20
0.199319	20
0.199325	20
0.199405	20
0.199487	20
0.20079	20
0.20081	20
0.200817	20
0.200826	20
0.202892	20
0.202976	20
0.202997	20
0.211361	20
0.211361	20
0.211362	20
0.211384	20
0.211385	20
0.213452	20
0.213481	20
0.213481	20
0.213482	20
0.214671	20
0.222603	20
0.222611	20
0.222612	20
0.222612	20
0.222621	20
0.224122	20
0.224126	20
0.22413	20
0.228201	20
0.228412	20
0.228443	20
0.228463	20
0.235479	20
0.235524	20
0.235528	20
0.236174	20
0.236185	20
0.236187	20
0.243809	20
0.243809	20
0.243811	20
0.24385	20
0.243855	20
0.246035	20
0.2461	20
0.246105	20
0.247093	20
0.247111	20
0.247111	20
0.247112	20
0.250029	20
0.250055	20
0.250063	20
0.252184	20
0.254591	20
0.254706	20
0.258233	20
0.258259	20
0.258261	20
0.260614	20
0.260614	20
0.2607	20
0.2607	20
0.260712	20
0.260794	20
0.263415	20
0.26342	20
0.263474	20
0.263475	20
0.266905	20
0.266918	20
0.267591	20
0.269393	20
0.269396	20
0.269418	20
0.269421	20
0.269502	20
0.271171	20
0.271176	20
0.271226	20
0.275158	20
0.275163	20
0.275316	20
0.275817	20
0.275934	20
0.278334	20
0.278336	20
0.27845	20
0.281963	20
0.28197	20
0.281999	20
0.283689	20
0.28369	20
0.28376	20
0.285726	20
0.285743	20
0.285744	20
0.286827	20
0.286864	20
0.286866	20
0.286872	20
0.286877	20
0.286878	20
0.287252	20
0.287336	20
0.287338	20
0.2904	20
0.290473	20
0.291778	20
0.29178	20
0.291822	20
0.291822	20
0.298781	20
0.298796	20
0.298814	20
0.298814	20
0.298881	20
0.298881	20
0.304638	20
0.304757	20
0.304762	20
0.309484	20
0.309539	20
0.30955	20
0.311187	20
0.311188	20
0.311262	20
0.311278	20
0.312444	20
0.312447	20
0.312462	20
0.316618	20
0.316618	20
0.316619	20
0.31671	20
0.316713	20
0.323187	20
0.323189	20
0.32319	20
0.323291	20
0.323316	20
0.323966	20
0.323966	20
0.32575	20
0.325826	20
0.325834	20
0.326282	20
0.326284	20
0.326288	20
0.326296	20
0.326446	20
0.326457	20
0.326589	20
0.326591	20
0.327704	20
0.32775	20
0.327751	20
0.327752	20
0.327756	20
0.328045	20
0.328079	20
0.328083	20
0.332999	20
0.333084	20
0.333099	20
0.33697	20
0.336971	20
0.339492	20
0.339493	20
0.339495	20
0.339581	20
0.339593	20
0.340821	20
0.340912	20
0.340944	20
0.341362	20
0.34149	20
0.341492	20
0.342801	20
0.342805	20
0.342814	20
0.342855	20
0.342858	20
0.343404	20
0.343435	20
0.343436	20
0.343485	20
0.343487	20
0.343501	20
0.343686	20
0.343689	20
0.34567	20
0.345708	20
0.34571	20
0.348834	20
0.349463	20
0.349463	20
0.351509	20
0.351581	20
0.351584	20
0.351654	20
0.358787	20
0.358945	20
0.359875	20
0.360696	20
0.360706	20
0.360733	20
0.360737	20
0.360742	20
0.360755	20
0.364215	20
0.364283	20
0.367542	20
0.367621	20
0.367622	20
0.367647	20
0.375735	20
0.375737	20
0.375768	20
0.376683	20
0.376734	20
0.37677	20
0.376771	20
0.380477	20
0.380558	20
0.382371	20
0.382372	20
0.382375	20
0.382501	20
0.39359	20
0.398473	20
0.398507	20
0.398556	20
0.398562	20
0.398609	20
0.399845	20
0.39985	20
0.400436	20
0.400445	20
0.400449	20
0.400465	20
0.400491	20
0.400492	20
0.415964	20
0.415989	20
0.415989	20
0.420101	20
0.42013	20
0.420134	20
0.420135	20
0.42014	20
0.427598	20
0.427598	20
0.427657	20
0.427659	20
0.433501	20
0.433505	20
0.433537	20
0.433544	20
0.437467	20
0.437478	20
0.43748	20
0.439312	20
0.44083	20
0.440834	20
0.455392	20
0.455392	20
0.455396	20
0.455404	20
0.455407	20
0.458192	20
0.458281	20
0.45829	20
0.465891	20
0.466723	20
0.466789	20
0.469285	20
0.469319	20
0.469324	20
0.470769	20
0.470782	20
0.47082	20
0.470905	20
0.470917	20
0.472805	20
0.472898	20
0.472902	20
0.472904	20
0.473142	20
0.473168	20
0.474802	20
0.474875	20
0.474925	20
0.47667	20
0.476679	20
0.476753	20
0.478841	20
0.481109	20
0.481127	20
0.483611	20
0.483687	20
0.483691	20
0.485345	20
0.485358	20
0.485359	20
0.495795	20
0.495801	20
0.495819	20
0.495829	20
0.496563	20
0.496572	20
0.496776	20
0.50117	20
0.50117	20
0.50117	20
0.50118	20
0.507214	20
0.507214	20
0.507221	20
0.507271	20
0.507336	20
0.507337	20
0.507342	20
0.509497	20
0.516313	20
0.516369	20
0.516386	20
0.516396	20
0.527357	20
0.52736	20
0.527366	20
0.527525	20
0.527549	20
0.527551	20
0.529478	20
0.529589	20
0.529597	20
0.531217	20
0.531265	20
0.531267	20
0.532504	20
0.532545	20
0.532579	20
0.532745	20
0.532827	20
0.532863	20
0.532864	20
0.533025	20
0.53303	20
0.533075	20
0.535817	20
0.535823	20
0.535844	20
0.535845	20
0.537018	20
0.537051	20
0.537073	20
0.537074	20
0.537151	20
0.537173	20
0.537173	20
0.543901	20
0.544021	20
0.544022	20
0.547376	20
0.5474	20
0.547402	20
0.549355	20
0.549524	20
0.549524	20
0.551617	20
0.553787	20
0.553869	20
0.55447	20
0.554638	20
0.554652	20
0.563647	20
0.563696	20
0.563697	20
0.563706	20
0.563729	20
0.563729	20
0.565479	20
0.569715	20
0.569724	20
0.569731	20
0.572749	20
0.572757	20
0.572758	20
0.572882	20
0.576251	20
0.576252	20
0.576268	20
0.576461	20
0.576463	20
0.576569	20
0.576595	20
0.576674	20
0.576675	20
0.581423	20
0.581423	20
0.581488	20
0.581488	20
0.585986	20
0.587429	20
0.587856	20
0.588529	20
0.588535	20
0.588545	20
0.588611	20
0.588614	20
0.591797	20
0.591864	20
0.591872	20
0.593444	20
0.593461	20
0.593476	20
0.593543	20
0.593544	20
0.595297	20
0.596218	20
0.596253	20
0.603681	20
0.603693	20
0.62725	20
0.627252	20
0.627261	20
0.627262	20
0.627311	20
0.627312	20
0.627313	20
0.627346	20
0.627386	20
0.632705	20
0.632806	20
0.632809	20
0.633353	20
0.633366	20
0.633366	20
0.633621	20
0.633625	20
0.634876	20
0.634981	20
0.634983	20
0.638477	20
0.638568	20
0.638571	20
0.639908	20
0.640145	20
0.640147	20
0.645586	20
0.645594	20
0.645595	20
0.648011	20
0.648029	20
0.64803	20
0.65334	20
0.653352	20
0.653354	20
0.658478	20
0.658498	20
0.658499	20
0.664706	20
0.664804	20
0.664807	20
0.671464	20
0.671464	20
0.671467	20
0.671477	20
0.671477	20
0.678739	20
0.678753	20
0.678764	20
0.678766	20
0.680791	20
0.680806	20
0.680807	20
0.684501	20
0.684859	20
0.684916	20
0.685088	20
0.685091	20
0.691287	20
0.694662	20
0.702145	20
0.702154	20
0.702155	20
0.702176	20
0.702287	20
0.702287	20
0.706039	20
0.706042	20
0.706042	20
0.715872	20
0.715872	20
0.715924	20
0.715932	20
0.715932	20
0.715938	20
0.720823	20
0.720912	20
0.720913	20
0.726494	20
0.726513	20
0.726517	20
0.732378	20
0.736614	20
0.736675	20
0.736728	20
0.739751	20
0.739816	20
0.739909	20
0.739913	20
0.740028	20
0.740042	20
0.740043	20
0.742418	20
0.742461	20
0.742504	20
0.742506	20
0.743807	20
0.743826	20
0.743826	20
0.745934	20
0.746063	20
0.746064	20
0.746161	20
0.746204	20
0.746209	20
0.753839	20
0.753843	20
0.753881	20
0.753882	20
0.75518	20
0.755277	20
0.755277	20
0.755974	20
0.756134	20
0.756138	20
0.796296	20
0.796297	20
0.796298	20
0.796322	20
0.796324	20
0.796395	20
0.796479	20
0.801654	20
0.801663	20
0.801678	20
0.809265	20
0.809286	20
0.809309	20
0.809664	20
0.819795	20
0.819797	20
0.819931	20
0.819957	20
0.826602	20
0.826612	20
0.826715	20
0.827431	20
0.828964	20
0.829008	20
0.835548	20
0.83555	20
0.835571	20
0.835572	20
0.835582	20
0.836572	20
0.836573	20
0.836613	20
0.845417	20
0.853464	20
0.853468	20
0.853502	20
0.853514	20
0.853559	20
0.855348	20
0.855356	20
0.855365	20
0.861431	20
0.861433	20
0.861544	20
0.865077	20
0.865078	20
0.865079	20
0.865099	20
0.86598	20
0.865984	20
0.866035	20
0.867318	20
0.867332	20
0.867384	20
0.873758	20
0.873758	20
0.873763	20
0.874972	20
0.874974	20
0.875095	20
0.879039	20
0.87904	20
0.879093	20
0.886382	20
0.886382	20
0.886386	20
0.895393	20
0.895404	20
0.895458	20
0.895496	20
0.895501	20
0.896681	20
0.899289	20
0.899303	20
0.899346	20
0.907944	20
0.907949	20
0.907969	20
0.915804	20
0.915805	20
0.915815	20
0.915833	20
0.920637	20
0.920744	20
0.920747	20
0.92366	20
0.924604	20
0.924648	20
0.92728	20
0.927313	20
0.927313	20
0.934298	20
0.934299	20
0.934304	20
0.934315	20
0.934321	20
0.934407	20
0.937688	20
0.937698	20
0.940972	20
0.940974	20
0.940985	20
0.941383	20
0.941585	20
0.941619	20
0.950382	20
0.950401	20
0.950418	20
0.952722	20
0.952726	20
0.952728	20
0.954555	20
0.956465	20
0.95655	20
0.962008	20
0.965972	20
0.965972	20
0.965974	20
0.965974	20
0.965977	20
0.965977	20
0.965979	20
0.966061	20
0.973213	20
0.973252	20
0.973252	20
0.986609	20
0.986609	20
0.986611	20
0.986692	20
1.00007	20
1.00019	20
1.00019	20
1.00876	20
1.01591	20
1.01592	20
1.01592	20
1.01597	20
1.01777	20
1.02025	20
1.02409	20
1.02409	20
1.02409	20
1.0241	20
1.0241	20
1.02411	20
1.02412	20
1.02414	20
1.02415	20
1.02885	20
1.03456	20
1.03456	20
1.03481	20
1.03709	20
1.03709	20
1.03712	20
1.0372	20
1.0372	20
1.03851	20
1.03851	20
1.03851	20
1.04123	20
1.0413	20
1.0413	20
1.06678	20
1.06678	20
1.06681	20
1.06681	20
1.07291	20
1.07302	20
1.07302	20
1.07305	20
1.07306	20
1.07306	20
1.07571	20
1.07594	20
1.07594	20
1.08076	20
1.08077	20
1.08077	20
1.09247	20
1.09255	20
1.09255	20
1.10791	20
1.10793	20
1.10793	20
1.11197	20
1.112	20
1.11202	20
1.11202	20
1.11566	20
1.11573	20
1.11573	20
1.12304	20
1.12304	20
1.12603	20
1.12603	20
1.12632	20
1.12637	20
1.12637	20
1.14392	20
1.144	20
1.14401	20
1.14655	20
1.14655	20
1.14657	20
1.14657	20
1.14771	20
1.14775	20
1.1498	20
1.14985	20
1.14986	20
1.14988	20
1.15469	20
1.1547	20
1.15473	20
1.15485	20
1.15486	20
1.16046	20
1.16048	20
1.16057	20
1.16058	20
1.16522	20
1.16525	20
1.16525	20
1.16543	20
1.16544	20
1.16544	20
1.16628	20
1.16636	20
1.16636	20
1.16641	20
1.16645	20
1.16645	20
1.16649	20
1.16664	20
1.16664	20
1.16815	20
1.16824	20
1.16824	20
1.17369	20
1.17374	20
1.17374	20
1.17797	20
1.17797	20
1.17803	20
1.17803	20
1.18733	20
1.1874	20
1.1874	20
1.18927	20
1.18929	20
1.1893	20
1.18958	20
1.18959	20
1.18973	20
1.18973	20
1.19282	20
1.19533	20
1.19677	20
1.19679	20
1.19679	20
1.19682	20
1.20266	20
1.20269	20
1.20269	20
1.20291	20
1.20291	20
1.21178	20
1.21178	20
1.21178	20
1.21483	20
1.21483	20
1.21488	20
1.23195	20
1.23195	20
1.23208	20
1.23421	20
1.2343	20
1.23436	20
1.24089	20
1.24089	20
1.24089	20
1.25039	20
1.25039	20
1.25041	20
1.25041	20
1.2505	20
1.2505	20
1.25766	20
1.25769	20
1.25773	20
1.25773	20
1.26756	20
1.2676	20
1.2676	20
1.27222	20
1.27223	20
1.27223	20
1.30099	20
1.30099	20
1.30099	20
1.30099	20
1.30403	20
1.30419	20
1.30419	20
1.30509	20
1.30511	20
1.30511	20
1.3067	20
1.30674	20
1.30676	20
1.30676	20
1.31052	20
1.31053	20
1.31053	20
1.31456	20
1.31777	20
1.31777	20
1.31835	20
1.31846	20
1.31847	20
1.33385	20
1.33385	20
1.35648	20
1.35648	20
1.35651	20
1.35652	20
1.35657	20
1.35657	20
1.36435	20
1.36436	20
1.36436	20
1.3688	20
1.36884	20
1.36886	20
1.36887	20
1.36902	20
1.37121	20
1.37123	20
1.38038	20
1.3804	20
1.3804	20
1.41866	20
1.41866	20
1.41873	20
1.41873	20
1.41887	20
1.41887	20
1.42718	20
1.42718	20
1.42816	20
1.42817	20
1.42818	20
1.4283	20
1.42831	20
1.43161	20
1.43165	20
1.43166	20
1.43413	20
1.43415	20
1.43416	20
1.43761	20
1.43761	20
1.43786	20
1.43787	20
1.45737	20
1.45737	20
1.45749	20
1.45749	20
1.4579	20
1.458	20
1.458	20
1.46149	20
1.4615	20
1.4615	20
1.46328	20
1.46329	20
1.46332	20
1.46333	20
1.46482	20
1.46484	20
1.46489	20
1.4649	20
1.47109	20
1.47119	20
1.47119	20
1.47645	20
1.47645	20
1.47646	20
1.47646	20
1.47661	20
1.48409	20
1.48411	20
1.48671	20
1.48674	20
1.48674	20
1.48677	20
1.48677	20
1.49794	20
1.50361	20
1.50362	20
1.50362	20
1.51573	20
1.51575	20
1.51575	20
1.51576	20
1.51576	20
1.51684	20
1.51687	20
1.51687	20
1.52369	20
1.52372	20
1.52373	20
1.53335	20
1.53341	20
1.53343	20
1.53713	20
1.5372	20
1.53721	20
1.54124	20
1.54125	20
1.54126	20
1.54243	20
1.54243	20
1.54244	20
1.54245	20
1.54246	20
1.5503	20
1.55034	20
1.55034	20
1.55153	20
1.55153	20
1.55153	20
1.55296	20
1.55311	20
1.55311	20
1.55852	20
1.55852	20
1.55853	20
1.55854	20
1.56173	20
1.56174	20
1.56666	20
1.56666	20
1.56666	20
1.57866	20
1.57866	20
1.58089	20
1.5809	20
1.5809	20
1.58094	20
1.58101	20
1.58101	20
1.58101	20
1.58102	20
1.58758	20
1.58762	20
1.58765	20
1.58765	20
1.58893	20
1.58904	20
1.58904	20
1.58999	20
1.59005	20
1.59007	20
1.59169	20
1.59169	20
1.5917	20
1.59171	20
1.59309	20
1.59916	20
1.59929	20
1.59929	20
1.5993	20
1.60214	20
1.60215	20
1.60215	20
1.60216	20
1.60335	20
1.60341	20
1.60356	20
1.60356	20
1.60474	20
1.60476	20
1.60477	20
1.6086	20
1.61704	20
1.61706	20
1.65438	20
1.65438	20
1.65447	20
1.65448	20
1.65473	20
1.65475	20
1.65475	20
1.65477	20
1.65478	20
1.65504	20
1.66672	20
1.66674	20
1.67038	20
1.67594	20
1.67598	20
1.67599	20
1.676	20
1.676	20
1.67602	20
1.67604	20
1.68828	20
1.68839	20
1.68843	20
1.70135	20
1.70159	20
1.70166	20
1.70182	20
1.70183	20
1.70674	20
1.71465	20
1.71643	20
1.71645	20
1.71655	20
1.72203	20
1.72204	20
1.72204	20
1.7354	20
1.73541	20
1.73542	20
1.73542	20
1.73543	20
1.74391	20
1.74392	20
1.74392	20
1.75358	20
1.75358	20
1.75358	20
1.75359	20
1.77427	20
1.77427	20
1.77449	20
1.77449	20
1.77531	20
1.77735	20
1.77736	20
1.77738	20
1.77738	20
1.78105	20
1.78128	20
1.78128	20
1.79148	20
1.79148	20
1.79154	20
1.79155	20
1.79788	20
1.79793	20
1.79795	20
1.80321	20
1.80321	20
1.80321	20
1.80322	20
1.81253	20
1.81257	20
1.81259	20
1.8231	20
1.8231	20
1.82311	20
1.82315	20
1.82455	20
1.8246	20
1.8246	20
1.8262	20
1.83275	20
1.83275	20
1.83276	20
1.83282	20
1.83492	20
1.83796	20
1.83798	20
1.83809	20
1.8393	20
1.83932	20
1.83932	20
1.83947	20
1.83962	20
1.84194	20
1.84199	20
1.84204	20
1.84296	20
1.84358	20
1.84416	20
1.84433	20
1.84515	20
1.84522	20
1.84522	20
1.84527	20
1.8454	20
1.8454	20
1.8455	20
1.84798	20
1.8481	20
1.8481	20
1.84815	20
1.8492	20
1.85498	20
1.85499	20
1.85505	20
1.85507	20
1.85507	20
1.86313	20
1.86317	20
1.86317	20
1.86317	20
1.86732	20
1.87446	20
1.8745	20
1.8745	20
1.8745	20
1.8745	20
1.87452	20
1.87627	20
1.87628	20
1.87636	20
1.87849	20
1.87851	20
1.87851	20
1.87866	20
1.88096	20
1.88096	20
1.88303	20
1.88304	20
1.88304	20
1.88319	20
1.89546	20
1.89546	20
1.89548	20
1.89616	20
1.90634	20
1.90636	20
1.93451	20
1.93454	20
1.93455	20
1.93456	20
1.93456	20
1.93459	20
1.93547	20
1.93715	20
1.93716	20
1.93716	20
1.93716	20
1.94004	20
1.94005	20
1.94007	20
1.9436	20
1.9436	20
1.94367	20
1.94524	20
1.95952	20
1.95954	20
1.95955	20
1.95969	20
1.96057	20
1.96058	20
1.96077	20
1.97532	20
1.97532	20
1.9754	20
1.98287	20
1.98288	20
1.98288	20
1.98293	20
1.98495	20
1.98496	20
1.98513	20
2.00806	20
2.00806	20
2.00806	20
2.0081	20
2.01306	20
2.01307	20
2.01307	20
2.01311	20
2.02731	20
2.02731	20
2.02732	20
2.0592	20
2.0592	20
2.0592	20
2.05922	20
2.07031	20
2.07031	20
2.07041	20
2.07731	20
2.07732	20
2.0784	20
2.07841	20
2.07841	20
2.07845	20
2.08229	20
2.0823	20
2.09796	20
2.09821	20
2.1067	20
2.10671	20
2.10671	20
2.10671	20
2.29036	20
2.29036	20
2.29036	20
2.29177	20
2.29181	20
2.29183	20
2.29184	20
2.2925	20
2.30518	20
2.30519	20
2.31681	20
2.32259	20
2.32266	20
2.32273	20
2.32273	20
2.32507	20
2.32511	20
2.32512	20
2.32778	20
2.32779	20
2.32779	20
2.32787	20
2.33142	20
2.33143	20
2.33146	20
2.33701	20
2.34079	20
2.3408	20
2.34085	20
2.34086	20
2.34593	20
2.34599	20
2.34601	20
2.34607	20
2.34622	20
2.34622	20
2.34632	20
2.34896	20
2.34898	20
2.34898	20
2.34902	20
2.3491	20
2.34934	20
2.34936	20
2.34937	20
2.34937	20
2.3808	20
2.3808	20
2.3808	20
2.38199	20
2.38199	20
2.38858	20
2.38863	20
2.38864	20
2.38865	20
2.38869	20
2.41423	20
2.41423	20
2.41433	20
2.41706	20
2.41722	20
2.41722	20
2.41727	20
2.42013	20
2.42036	20
2.42047	20
2.42049	20
2.43119	20
2.43493	20
2.43493	20
2.435	20
2.43501	20
2.43507	20
2.4405	20
2.44051	20
2.44087	20
2.45867	20
2.45867	20
2.45868	20
2.45877	20
2.46768	20
2.46768	20
2.46769	20
2.46823	20
2.46823	20
2.46838	20
2.47519	20
2.47519	20
2.47541	20
2.48727	20
2.48731	20
2.48731	20
2.48731	20
2.4912	20
2.49121	20
2.49121	20
2.49919	20
2.5065	20
2.50652	20
2.50653	20
2.50653	20
2.50686	20
2.52333	20
2.52335	20
2.52336	20
2.55644	20
2.55644	20
2.55645	20
2.55647	20
2.5565	20
2.5582	20
2.5582	20
2.55826	20
2.56282	20
2.56282	20
2.56283	20
2.57307	20
2.57308	20
2.5731	20
2.57312	20
2.57847	20
2.57852	20
2.57855	20
2.57857	20
2.57888	20
2.57889	20
2.57889	20
2.58533	20
2.58535	20
2.58536	20
2.5854	20
2.60882	20
2.60882	20
2.60884	20
2.60886	20
2.60911	20
2.62301	20
2.62304	20
2.62304	20
2.6419	20
2.6419	20
2.64194	20
2.65528	20
2.65528	20
2.65531	20
2.67282	20
2.68392	20
2.68396	20
2.68398	20
2.68561	20
2.68562	20
2.68562	20
2.68566	20
2.68568	20
2.68568	20
2.69276	20
2.69278	20
2.69278	20
2.69654	20
2.69654	20
2.69655	20
2.69655	20
2.69663	20
2.69677	20
2.69677	20
2.70847	20
2.70853	20
2.70853	20
2.71296	20
2.71296	20
2.71324	20
2.72783	20
2.72785	20
2.7279	20
2.72812	20
2.73315	20
2.73321	20
2.73321	20
2.73322	20
2.73326	20
2.7334	20
2.73663	20
2.7367	20
2.7367	20
2.73681	20
2.73682	20
2.73704	20
2.73708	20
2.73708	20
2.76057	20
2.76057	20
2.76078	20
2.76078	20
2.7735	20
2.77356	20
2.77357	20
2.77549	20
2.78513	20
2.78513	20
2.78516	20
2.78517	20
2.78517	20
2.8019	20
2.8019	20
2.80194	20
2.80194	20
2.81523	20
2.81532	20
2.81532	20
2.81626	20
2.81631	20
2.81632	20
2.81781	20
2.81788	20
2.81788	20
2.81886	20
2.81887	20
2.81887	20
2.82186	20
2.82194	20
2.82201	20
2.82201	20
2.82399	20
2.82402	20
2.82402	20
2.82924	20
2.82933	20
2.82933	20
2.83409	20
2.8341	20
2.8341	20
2.85223	20
2.85232	20
2.85232	20
2.88464	20
2.88465	20
2.88468	20
2.88469	20
2.8847	20
2.9152	20
2.9152	20
2.9152	20
2.9152	20
2.92758	20
2.92762	20
2.92762	20
2.9369	20
2.9369	20
2.9556	20
2.9556	20
2.95562	20
2.95563	20
2.95563	20
2.95787	20
2.9579	20
2.9579	20
2.96655	20
2.96663	20
2.96663	20
2.9928	20
2.99283	20
2.99285	20
2.99285	20
2.99856	20
2.99856	20
2.99866	20
2.99866	20
3.00072	20
3.00076	20
3.00076	20
3.00343	20
3.00347	20
3.00348	20
3.00732	20
3.01982	20
3.01982	20
3.02138	20
3.02139	20
3.02139	20
3.0214	20
3.02142	20
3.02143	20
3.02586	20
3.02737	20
3.02738	20
3.02744	20
3.03006	20
3.03006	20
3.03449	20
3.0345	20
3.0345	20
3.04213	20
3.04215	20
3.04215	20
3.04312	20
3.04319	20
3.04319	20
3.05228	20
3.05237	20
3.05238	20
3.06701	20
3.06702	20
3.06703	20
3.06893	20
3.06904	20
3.06904	20
3.07416	20
3.07435	20
3.07435	20
3.07547	20
3.07548	20
3.0755	20
3.0758	20
3.0758	20
3.08134	20
3.08135	20
3.08135	20
3.09124	20
3.09125	20
3.09127	20
3.09127	20
3.09703	20
3.09704	20
3.09704	20
3.10431	20
3.10445	20
3.10445	20
3.13589	20
3.13589	20
3.1359	20
3.1359	20
3.15095	20
3.151	20
3.151	20
3.15581	20
3.15582	20
3.15582	20
3.16184	20
3.16186	20
3.16186	20
3.17748	20
3.17754	20
3.17755	20
3.21671	20
3.21671	20
3.21673	20
3.21673	20
3.23604	20
3.23604	20
3.23616	20
3.23616	20
3.23852	20
3.23852	20
3.23852	20
3.27845	20
3.27845	20
3.2785	20
3.2785	20
3.27998	20
3.28002	20
3.28002	20
3.28392	20
3.28393	20
3.28401	20
3.28401	20
3.28543	20
3.28547	20
3.28548	20
3.29707	20
3.29707	20
3.29713	20
3.29714	20
3.30099	20
3.30104	20
3.30105	20
3.30105	20
3.31054	20
3.31056	20
3.31056	20
3.31068	20
3.31074	20
3.31074	20
3.31313	20
3.31717	20
3.31718	20
3.31719	20
3.31719	20
3.32594	20
3.32605	20
3.32605	20
3.3423	20
3.3423	20
3.34236	20
3.34237	20
3.34448	20
3.34451	20
3.34451	20
3.34708	20
3.34727	20
3.34727	20
3.34964	20
3.34965	20
3.34965	20
3.35543	20
3.35544	20
3.35556	20
3.35556	20
3.37345	20
3.37345	20
3.38501	20
3.38501	20
3.38515	20
3.38516	20
3.38516	20
3.38969	20
3.38976	20
3.3898	20
3.3898	20
3.39611	20
3.39621	20
3.39622	20
3.40093	20
3.40094	20
3.40094	20
3.40754	20
3.40765	20
3.40765	20
3.42873	20
3.42879	20
3.42881	20
3.43076	20
3.43239	20
3.43241	20
3.4325	20
3.4325	20
3.43683	20
3.43688	20
3.43688	20
3.43741	20
3.43745	20
3.43746	20
3.44074	20
3.44076	20
3.44076	20
3.44506	20
3.44514	20
3.44514	20
3.45661	20
3.45687	20
3.45687	20
3.46522	20
3.46522	20
3.46522	20
3.46526	20
3.46527	20
3.47142	20
3.47143	20
3.47143	20
3.47573	20
3.47954	20
3.47954	20
3.48724	20
3.48725	20
3.48726	20
3.48727	20
3.48727	20
3.48776	20
3.48782	20
3.48784	20
3.49677	20
3.49681	20
3.4969	20
3.4969	20
3.50341	20
3.50347	20
3.50347	20
3.52871	20
3.52872	20
3.52873	20
3.52874	20
3.52877	20
3.53468	20
3.53468	20
3.53468	20
3.5347	20
3.53471	20
3.55549	20
3.55559	20
3.55559	20
3.55571	20
3.55572	20
3.55572	20
3.55974	20
3.55977	20
3.55977	20
3.56684	20
3.56686	20
3.5669	20
3.5669	20
3.58921	20
3.58922	20
3.58953	20
3.58953	20
3.58977	20
3.59341	20
3.59342	20
3.59343	20
3.59344	20
3.60398	20
3.60399	20
3.60399	20
3.60737	20
3.60745	20
3.60745	20
3.6093	20
3.60951	20
3.60951	20
3.60958	20
3.60958	20
3.60959	20
3.60959	20
3.61434	20
3.61434	20
3.61455	20
3.61455	20
3.6156	20
3.62077	20
3.62079	20
3.62094	20
3.62095	20
3.62186	20
3.62193	20
3.62193	20
3.62771	20
3.62788	20
3.62788	20
3.64274	20
3.64274	20
3.64274	20
3.65729	20
3.65733	20
3.65733	20
3.66028	20
3.66214	20
3.66327	20
3.66332	20
3.66333	20
3.6857	20
3.68572	20
3.68572	20
3.68573	20
3.68574	20
3.68629	20
3.68636	20
3.68636	20
3.6928	20
3.69296	20
3.69296	20
3.69522	20
3.69528	20
3.69528	20
3.69945	20
3.69953	20
3.69953	20
3.70103	20
3.70131	20
3.70131	20
3.71013	20
3.71013	20
3.71015	20
3.71016	20
3.71401	20
3.72487	20
3.72488	20
3.72489	20
3.72503	20
3.72503	20
3.7256	20
3.72577	20
3.72577	20
3.72754	20
3.73139	20
3.73143	20
3.73213	20
3.73222	20
3.73225	20
3.73229	20
3.73229	20
3.73458	20
3.73458	20
3.73458	20
3.73468	20
3.7347	20
3.73472	20
3.73473	20
3.75899	20
3.75901	20
3.75904	20
3.75904	20
3.76866	20
3.7765	20
3.77653	20
3.77658	20
3.77893	20
3.77893	20
3.78827	20
3.78827	20
3.78836	20
3.78836	20
3.79353	20
3.79354	20
3.79356	20
3.79357	20
3.79733	20
3.80248	20
3.80848	20
3.80849	20
3.80864	20
3.81808	20
3.81809	20
3.81809	20
3.81832	20
3.81832	20
3.82022	20
3.82023	20
3.82023	20
3.83746	20
3.83759	20
3.83762	20
3.83762	20
3.84028	20
3.84052	20
3.84053	20
3.84059	20
3.84061	20
3.84064	20
3.84065	20
3.8423	20
3.86211	20
3.86222	20
3.86243	20
3.86915	20
3.86916	20
3.89517	20
3.89518	20
3.89558	20
3.89559	20
3.90205	20
3.90205	20
3.90213	20
3.90214	20
3.92872	20
3.92873	20
3.92903	20
3.92904	20
3.9302	20
3.93029	20
3.93029	20
3.9402	20
3.94029	20
3.9403	20
3.95222	20
3.95229	20
3.9523	20
3.95429	20
3.95431	20
3.95432	20
3.96494	20
3.96495	20
3.96496	20
3.96518	20
3.96519	20
3.9652	20
3.9652	20
3.9654	20
3.96545	20
3.96545	20
3.97374	20
3.97376	20
3.97376	20
3.97691	20
3.97699	20
3.97699	20
3.98064	20
3.9807	20
3.9807	20
3.98088	20
3.98092	20
3.98093	20
3.98128	20
3.98129	20
3.98149	20
3.98149	20
4.00818	20
4.00821	20
4.00821	20
4.00844	20
4.00857	20
4.00857	20
4.00878	20
4.00878	20
4.01376	20
4.01847	20
4.01857	20
4.02248	20
4.02254	20
4.02254	20
4.02257	20
4.02257	20
4.02298	20
4.02304	20
4.02304	20
4.02432	20
4.02437	20
4.02437	20
4.03375	20
4.03379	20
4.03379	20
4.03862	20
4.03862	20
4.03862	20
4.042	20
4.04202	20
4.04204	20
4.04205	20
4.04286	20
4.04288	20
4.04288	20
4.04497	20
4.04504	20
4.04504	20
4.07552	20
4.07552	20
4.07556	20
4.07556	20
4.11351	20
4.11351	20
4.11373	20
4.11373	20
4.11988	20
4.11988	20
4.11997	20
4.11997	20
4.12525	20
4.1302	20
4.13021	20
4.13024	20
4.13024	20
4.13522	20
4.13535	20
4.13535	20
4.14001	20
4.14005	20
4.14005	20
4.14674	20
4.14674	20
4.14676	20
4.14677	20
4.14893	20
4.14894	20
4.14897	20
4.14897	20
4.15349	20
4.1536	20
4.1536	20
4.15665	20
4.1567	20
4.15672	20
4.15672	20
4.15978	20
4.1598	20
4.1598	20
4.17729	20
4.17729	20
4.17731	20
4.17731	20
4.18247	20
4.18254	20
4.18254	20
4.18814	20
4.18814	20
4.18819	20
4.18819	20
4.18908	20
4.18914	20
4.18915	20
4.2101	20
4.2101	20
4.21025	20
4.21025	20
4.21076	20
4.21087	20
4.21087	20
4.22193	20
4.24087	20
4.24089	20
4.24089	20
4.25191	20
4.25193	20
4.25194	20
4.25194	20
4.25195	20
4.255	20
4.2551	20
4.25513	20
4.25514	20
4.265	20
4.26535	20
4.26536	20
4.27226	20
4.27227	20
4.27227	20
4.27228	20
4.27764	20
4.27772	20
4.27772	20
4.27772	20
4.29311	20
4.29315	20
4.29315	20
4.29713	20
4.29717	20
4.29726	20
4.29728	20
4.30825	20
4.30826	20
4.30845	20
4.30845	20
4.3085	20
4.30854	20
4.30854	20
4.32171	20
4.3218	20
4.32181	20
4.32337	20
4.32337	20
4.32338	20
4.3286	20
4.3286	20
4.3287	20
4.32871	20
4.33455	20
4.3346	20
4.33461	20
4.34436	20
4.34438	20
4.34438	20
4.34452	20
4.34452	20
4.35644	20
4.35645	20
4.35645	20
4.35885	20
4.35887	20
4.35888	20
4.3639	20
4.36414	20
4.36423	20
4.36428	20
4.36739	20
4.36744	20
4.36744	20
4.36761	20
4.36762	20
4.36912	20
4.36914	20
4.36915	20
4.36989	20
4.37	20
4.37	20
4.38522	20
4.38539	20
4.38539	20
4.38646	20
4.38669	20
4.3867	20
4.40517	20
4.40525	20
4.40527	20
4.40731	20
4.40736	20
4.40736	20
4.42114	20
4.42114	20
4.42124	20
4.42125	20
4.42259	20
4.42271	20
4.42278	20
4.42279	20
4.46044	20
4.46044	20
4.46046	20
4.46046	20
4.4694	20
4.46941	20
4.46941	20
4.4727	20
4.4779	20
4.47792	20
4.47828	20
4.47829	20
4.48194	20
4.48237	20
4.48242	20
4.48246	20
4.48603	20
4.48605	20
4.48605	20
4.48611	20
4.48611	20
4.48739	20
4.48753	20
4.48763	20
4.48764	20
4.49127	20
4.49127	20
4.49132	20
4.49132	20
4.50356	20
4.50367	20
4.50369	20
4.52035	20
4.52036	20
4.53457	20
4.53466	20
4.53467	20
4.53477	20
4.53477	20
4.5376	20
4.53765	20
4.53766	20
4.53901	20
4.53904	20
4.53904	20
4.54229	20
4.54238	20
4.54239	20
4.54239	20
4.54893	20
4.54893	20
4.54895	20
4.56379	20
4.56393	20
4.56393	20
5.35048	20
5.35048	20
5.35537	20
5.35537	20
5.35538	20
5.3571	20
5.36047	20
5.36048	20
5.36048	20
5.3605	20
5.3605	20
5.37096	20
5.37103	20
5.37103	20
5.39828	20
5.3984	20
5.39841	20
5.41125	20
5.41132	20
5.41132	20
5.41133	20
5.4223	20
5.4223	20
5.42231	20
5.42231	20
5.43793	20
5.43802	20
5.43803	20
5.44526	20
5.44543	20
5.44543	20
5.45123	20
5.45127	20
5.45129	20
5.4513	20
5.45788	20
5.45817	20
5.45817	20
5.46255	20
5.47164	20
5.47173	20
5.47173	20
5.47174	20
5.47176	20
5.47328	20
5.47328	20
5.47329	20
5.48656	20
5.48656	20
5.48662	20
5.48662	20
5.49086	20
5.49089	20
5.4909	20
5.49357	20
5.49361	20
5.49361	20
5.49914	20
5.49914	20
5.49916	20
5.49921	20
5.49921	20
5.50013	20
5.50013	20
5.50093	20
5.50105	20
5.50105	20
5.50216	20
5.52309	20
5.52309	20
5.53951	20
5.53956	20
5.53956	20
5.53958	20
5.5396	20
5.54897	20
5.54904	20
5.54907	20
5.54908	20
5.5698	20
5.5698	20
5.56992	20
5.56992	20
5.57022	20
5.57028	20
5.57028	20
5.57136	20
5.5714	20
5.5714	20
5.5732	20
5.57341	20
5.57342	20
5.57586	20
5.57587	20
5.5761	20
5.57611	20
5.5856	20
5.58568	20
5.58569	20
5.60347	20
5.60347	20
5.60351	20
5.60351	20
5.60719	20
5.61052	20
5.61055	20
5.61058	20
5.61058	20
5.61058	20
5.61066	20
5.61067	20
5.62476	20
5.6248	20
5.62481	20
5.66203	20
5.66203	20
5.66203	20
5.66204	20
5.67827	20
5.67827	20
5.67835	20
5.67835	20
5.68043	20
5.68046	20
5.68049	20
5.68049	20
5.69598	20
5.69601	20
5.69602	20
5.69602	20
5.69605	20
5.69606	20
5.69615	20
5.69636	20
5.69637	20
5.70515	20
5.70516	20
5.70516	20
5.71032	20
5.71042	20
5.71042	20
5.71225	20
5.71228	20
5.71229	20
5.7123	20
5.73014	20
5.73787	20
5.7379	20
5.7379	20
5.73802	20
5.73805	20
5.76967	20
5.76967	20
5.7697	20
5.7697	20
5.7713	20
5.77136	20
5.77142	20
5.77142	20
5.7735	20
5.7735	20
5.7735	20
5.77612	20
5.77613	20
5.77616	20
5.77618	20
5.77773	20
5.77777	20
5.77778	20
5.77779	20
5.77959	20
5.78152	20
5.78154	20
5.79998	20
5.80001	20
5.80001	20
5.80034	20
5.80036	20
5.80054	20
5.80056	20
5.80057	20
5.80323	20
5.80323	20
5.80324	20
5.80325	20
5.80334	20
5.80338	20
5.80339	20
5.80801	20
5.80807	20
5.80808	20
5.82117	20
5.82162	20
5.82169	20
5.83988	20
5.83991	20
5.83992	20
5.84	20
5.84001	20
5.84462	20
5.85082	20
5.85087	20
5.851	20
5.851	20
5.85455	20
5.8561	20
5.85627	20
5.85627	20
5.85628	20
5.86583	20
5.86586	20
5.86586	20
5.86589	20
5.86589	20
5.88382	20
5.88389	20
5.8839	20
5.89051	20
5.89052	20
5.89054	20
5.89054	20
5.8915	20
5.89154	20
5.89154	20
5.90014	20
5.90022	20
5.90023	20
5.90093	20
5.90094	20
5.90094	20
5.90292	20
5.90293	20
5.90294	20
5.90451	20
5.9046	20
5.90461	20
5.90462	20
5.90567	20
5.90577	20
5.90579	20
5.90785	20
5.90787	20
5.90789	20
5.90985	20
5.90985	20
5.90987	20
5.9099	20
5.9335	20
5.93362	20
5.93362	20
5.93749	20
5.93757	20
5.93758	20
5.94254	20
5.94255	20
5.94257	20
5.9426	20
5.94795	20
5.94804	20
5.94806	20
5.95019	20
5.95022	20
5.95035	20
5.95036	20
5.95778	20
5.9801	20
5.98014	20
5.98014	20
5.98015	20
5.98016	20
5.98207	20
5.98213	20
5.98215	20
5.98526	20
5.98529	20
5.9853	20
5.9924	20
5.99242	20
5.99243	20
6.00319	20
6.02074	20
6.02075	20
6.02076	20
6.02076	20
6.031	20
6.031	20
6.03112	20
6.03112	20
6.0459	20
6.04605	20
6.04605	20
6.05186	20
6.05211	20
6.05214	20
6.06027	20
6.0603	20
6.06031	20
6.06817	20
6.06823	20
6.06824	20
6.069	20
6.06901	20
6.06901	20
6.07713	20
6.07713	20
6.07713	20
6.07735	20
6.07736	20
6.08217	20
6.08223	20
6.08228	20
6.08392	20
6.08394	20
6.08396	20
6.0877	20
6.08777	20
6.08777	20
6.0886	20
6.0886	20
6.0886	20
6.09009	20
6.09014	20
6.09022	20
6.09022	20
6.09353	20
6.09354	20
6.09355	20
6.09355	20
6.10138	20
6.1014	20
6.10144	20
6.10854	20
6.10854	20
6.10855	20
6.10855	20
6.13943	20
6.13944	20
6.13947	20
6.16035	20
6.16035	20
6.16045	20
6.16045	20
6.1758	20
6.17582	20
6.17582	20
6.17587	20
6.17588	20
6.18217	20
6.18218	20
6.18231	20
6.18233	20
6.1924	20
6.1924	20
6.19256	20
6.19257	20
6.19802	20
6.19809	20
6.1981	20
6.20506	20
6.20838	20
6.20838	20
6.22325	20
6.22328	20
6.22328	20
6.22331	20
6.22332	20
6.25705	20
6.25705	20
6.25706	20
6.25706	20
6.25907	20
6.25908	20
6.25911	20
6.25916	20
6.26444	20
6.26446	20
6.2645	20
6.26452	20
6.26846	20
6.2686	20
6.26862	20
6.28053	20
6.28053	20
6.28064	20
6.28065	20
6.30024	20
6.30033	20
6.30033	20
6.30038	20
6.30038	20
6.30662	20
6.30665	20
6.30667	20
6.30668	20
6.32022	20
6.32031	20
6.32038	20
6.32038	20
6.35312	20
6.35587	20
6.35594	20
6.35594	20
6.35596	20
6.35597	20
6.36505	20
6.36506	20
6.36506	20
6.36521	20
6.36522	20
6.36587	20
6.3659	20
6.36595	20
6.36596	20
6.39606	20
6.39611	20
6.39612	20
6.40599	20
6.40602	20
6.40604	20
6.40606	20
6.41524	20
6.41525	20
6.41541	20
6.41542	20
6.42209	20
6.42214	20
6.42215	20
6.42226	20
6.42226	20
6.4223	20
6.42233	20
6.44259	20
6.44268	20
6.44268	20
6.44818	20
6.4482	20
6.44821	20
6.45433	20
6.4544	20
6.45443	20
6.45634	20
6.45634	20
6.45639	20
6.46297	20
6.46297	20
6.46305	20
6.46309	20
6.4634	20
6.46341	20
6.46341	20
6.48936	20
6.48937	20
6.48937	20
6.48938	20
6.50133	20
6.50147	20
6.50148	20
6.50149	20
6.50152	20
6.50154	20
6.50532	20
6.50533	20
6.50534	20
6.51351	20
6.51356	20
6.51356	20
6.51432	20
6.5144	20
6.51441	20
6.51671	20
6.5168	20
6.5168	20
6.51687	20
6.51688	20
6.52428	20
6.52429	20
6.52459	20
6.52463	20
6.52464	20
6.52465	20
6.52466	20
6.52703	20
6.52704	20
6.52708	20
6.52708	20
6.52976	20
6.52977	20
6.52978	20
6.52979	20
6.55049	20
6.55157	20
6.55157	20
6.55159	20
6.55162	20
6.55566	20
6.55577	20
6.55578	20
6.56657	20
6.56674	20
6.56674	20
6.57179	20
6.57181	20
6.57182	20
6.57183	20
6.57185	20
6.57311	20
6.57321	20
6.57322	20
6.58088	20
6.581	20
6.58101	20
6.59765	20
6.59765	20
6.59772	20
6.59775	20
6.60334	20
6.60339	20
6.60344	20
6.61041	20
6.61221	20
6.61224	20
6.61245	20
6.61246	20
6.61703	20
6.61706	20
6.61706	20
6.61708	20
6.62172	20
6.62173	20
6.62176	20
6.62182	20
6.62804	20
6.62952	20
6.62957	20
6.6303	20
6.63037	20
6.63044	20
6.63045	20
6.65876	20
6.65876	20
6.65877	20
6.6588	20
6.66213	20
6.66215	20
6.66221	20
6.66223	20
6.67442	20
6.67447	20
6.6745	20
6.67628	20
6.67647	20
6.67648	20
6.6942	20
6.69421	20
6.6943	20
6.69432	20
6.69624	20
6.69624	20
6.69624	20
6.70446	20
6.70452	20
6.70453	20
6.73104	20
6.73105	20
6.73116	20
6.73117	20
6.7314	20
6.73145	20
6.73149	20
6.73155	20
6.73742	20
6.73747	20
6.73747	20
6.73962	20
6.73964	20
6.73966	20
6.78007	20
6.78008	20
6.7801	20
6.78014	20
6.84881	20
6.84883	20
6.84883	20
6.84883	20
6.84885	20
6.85016	20
6.85023	20
6.85034	20
6.85037	20
6.85053	20
6.85057	20
6.85058	20
6.85061	20
6.85115	20
6.85119	20
6.85121	20
6.85869	20
6.86108	20
6.86112	20
6.86112	20
6.86117	20
6.8736	20
6.87371	20
6.87372	20
6.87405	20
6.87405	20
6.87443	20
6.87446	20
6.87676	20
6.88003	20
6.88004	20
6.89611	20
6.89613	20
6.8962	20
6.89621	20
6.90187	20
6.90191	20
6.90196	20
6.902	20
6.90319	20
6.90319	20
6.90336	20
6.90563	20
6.90574	20
6.90576	20
6.91834	20
6.91843	20
6.91845	20
6.92992	20
6.92998	20
6.92999	20
6.93357	20
6.93358	20
6.9338	20
6.94068	20
6.94387	20
6.94388	20
6.94388	20
6.94392	20
6.94392	20
6.95017	20
6.95023	20
6.95025	20
6.95734	20
6.95824	20
6.95833	20
6.95836	20
6.95838	20
6.96577	20
6.96593	20
6.96603	20
6.99377	20
6.99386	20
6.99387	20
6.99398	20
6.99399	20
6.99852	20
6.99882	20
6.99887	20
7.01467	20
7.01469	20
7.01474	20
7.01476	20
7.02478	20
7.02481	20
7.02488	20
7.02934	20
7.02947	20
7.02951	20
7.03455	20
7.03459	20
7.0346	20
7.05249	20
7.05251	20
7.05264	20
7.05269	20
7.05973	20
7.05974	20
7.05975	20
7.07902	20
7.07903	20
7.07914	20
7.07917	20
7.11074	20
7.1108	20
7.11081	20
7.11352	20
7.11354	20
7.11374	20
7.11374	20
8.45688	20
8.45688	20
8.45688	20
8.45696	20
8.45927	20
8.45928	20
8.45933	20
8.46338	20
8.46339	20
8.46341	20
8.46351	20
8.49852	20
8.49858	20
8.49859	20
8.5123	20
8.5123	20
8.51236	20
8.51241	20
8.78356	20
8.78357	20
8.78642	20
8.78642	20
8.78879	20
8.7888	20
8.78885	20
8.81735	20
8.81742	20
8.81754	20
8.82106	20
8.82112	20
8.82115	20
8.82678	20
8.82679	20
8.82691	20
8.83283	20
8.83284	20
8.83285	20
8.83286	20
8.83288	20
8.83488	20
8.83489	20
8.83489	20
8.85128	20
8.8513	20
8.85136	20
8.85138	20
8.85726	20
8.85728	20
8.85729	20
8.85734	20
8.85735	20
8.86257	20
8.86264	20
8.86266	20
8.86271	20
8.86283	20
8.86669	20
8.86672	20
8.8668	20
8.86681	20
8.88119	20
8.8813	20
8.88133	20
8.88135	20
8.90606	20
8.90611	20
8.90615	20
8.90617	20
8.92286	20
8.92287	20
8.92298	20
8.92298	20
8.92551	20
8.92557	20
8.92557	20
8.92849	20
8.92852	20
8.92853	20
9.01784	20
9.01784	20
9.01806	20
9.01818	20
9.02583	20
9.02583	20
9.02585	20
9.03516	20
9.03516	20
9.03527	20
9.03547	20
9.05677	20
9.05689	20
9.05691	20
9.07196	20
9.07199	20
9.07202	20
9.0721	20
9.07394	20
9.07394	20
9.07397	20
9.09091	20
9.09101	20
9.09101	20
9.09105	20
9.0922	20
9.09229	20
9.09242	20
9.09578	20
9.09583	20
9.09585	20
9.09653	20
9.09666	20
9.0967	20
9.11423	20
9.11431	20
9.11433	20
9.11436	20
9.11541	20
9.11546	20
9.11559	20
9.11841	20
9.11845	20
9.11859	20
9.11867	20
9.12279	20
9.12289	20
9.12294	20
9.12309	20
9.12903	20
9.13127	20
9.13129	20
9.13135	20
9.1314	20
9.13366	20
9.13368	20
9.13368	20
9.13368	20
9.13373	20
9.13497	20
9.13509	20
9.13515	20
9.13696	20
9.13697	20
9.13702	20
9.13708	20
9.14169	20
9.14473	20
9.14476	20
9.14484	20
9.14486	20
9.14595	20
9.146	20
9.14638	20
9.15484	20
9.15485	20
9.15498	20
9.16787	20
9.16797	20
9.16802	20
9.16804	20
9.18071	20
9.18075	20
9.18078	20
9.18078	20
9.20611	20
9.20617	20
9.20618	20
9.20619	20
9.20631	20
9.22295	20
9.22307	20
9.22307	20
9.22665	20
9.22668	20
9.22709	20
9.22941	20
9.22958	20
9.22959	20
9.2357	20
9.2412	20
9.24122	20
9.24129	20
9.24135	20
9.24186	20
9.24193	20
9.24233	20
9.26024	20
9.26032	20
9.2606	20
9.26635	20
9.26644	20
9.26645	20
9.26702	20
9.26711	20
9.26718	20
9.26788	20
9.2679	20
9.26791	20
9.26801	20
9.27407	20
9.27415	20
9.27419	20
9.27421	20
9.28612	20
9.28619	20
9.28622	20
9.28633	20
9.28841	20
9.28842	20
9.28864	20
9.29089	20
9.29091	20
9.29093	20
9.29128	20
9.29465	20
9.29478	20
9.29486	20
9.33099	20
9.331	20
9.33103	20
9.33127	20
9.34505	20
9.34505	20
9.34511	20
9.3452	20
9.34997	20
9.35606	20
9.35611	20
9.9242	20
9.9296	20
9.9296	20
9.92962	20
9.92962	20
9.92963	20
9.93392	20
9.93395	20
9.93396	20
9.94048	20
9.94761	20
9.95634	20
9.95635	20
9.95635	20
9.9564	20
9.95641	20
9.9755	20
9.97551	20
9.9756	20
9.98213	20
9.98216	20
9.98234	20
9.98816	20
9.98825	20
9.98837	20
9.98873	20
9.98874	20
9.98878	20
9.9889	20
9.98915	20
9.98928	20
9.9893	20
9.98959	20
10.013	20
10.2405	20
10.2405	20
10.2405	20
10.2409	20
10.2412	20
10.2468	20
10.2545	20
10.2546	20
10.2607	20
10.2607	20
10.2608	20
10.2608	20
10.2611	20
10.2733	20
10.2734	20
10.2734	20
10.2744	20
10.2744	20
10.2745	20
10.2745	20
10.2747	20
10.2851	20
10.2851	20
10.2858	20
10.2925	20
10.2925	20
10.2931	20
10.3043	20
10.3058	20
10.3059	20
10.3059	20
10.3069	20
10.3076	20
10.3078	20
10.31	20
10.3229	20
10.323	20
10.3235	20
10.3235	20
10.3236	20
10.3238	20
10.3508	20
10.3508	20
10.3509	20
10.3517	20
10.3568	20
10.3574	20
10.3574	20
10.3574	20
10.3594	20
10.3696	20
10.3696	20
10.3697	20
10.3715	20
10.3866	20
10.3866	20
10.3866	20
10.3866	20
10.3882	20
10.3991	20
10.3991	20
10.3992	20
10.6588	20
10.6588	20
10.6613	20
10.6614	20
10.6614	20
10.6614	20
10.6672	20
10.694	20
10.694	20
10.694	20
10.705	20
10.7276	20
10.7276	20
10.7276	20
10.7325	20
10.7325	20
10.7325	20
10.7325	20
10.7326	20
10.7391	20
10.7391	20
10.7391	20
10.7434	20
10.7434	20
10.7455	20
10.7633	20
10.7633	20
10.7633	20
10.7764	20
10.7764	20
10.7767	20
10.7925	20
10.7926	20
10.7926	20
10.7926	20
10.8122	20
10.8122	20
10.8123	20
10.8123	20
10.8182	20
10.8182	20
10.8182	20
10.8182	20
10.8628	20
10.8628	20
10.8631	20
11.4727	20
11.4727	20
11.4744	20
11.4821	20
11.4822	20
11.4822	20
11.4928	20
11.4928	20
11.4928	20
11.6628	20
11.6635	20
11.6635	20
11.6649	20
11.6731	20
11.6731	20
11.6732	20
11.7718	20
11.7718	20
11.7746	20
12.0707	20
12.0707	20
12.0755	20
12.0769	20
12.0769	20
12.0769	20
12.0769	20
12.0835	20
12.0836	20
12.0837	20
12.0837	20
12.0923	20
12.0923	20
12.0923	20
12.2125	20
12.214	20
12.214	20
12.2156	20
12.2178	20
12.2178	20
12.2178	20
12.232	20
12.2321	20
12.2321	20
12.2321	20
12.2374	20
12.2375	20
12.2375	20
12.2376	20
12.2606	20
12.2606	20
12.2606	20
12.2994	20
12.2995	20
12.2995	20
12.3832	20
12.3832	20
12.3866	20
12.3866	20
12.3867	20
12.3867	20
12.3874	20
12.3937	20
12.3937	20
12.3937	20
12.3937	20
12.3959	20
12.3959	20
12.396	20
12.4106	20
12.4106	20
12.4107	20
12.4132	20
12.4132	20
12.4132	20
12.4132	20
12.4272	20
12.4272	20
12.4273	20
12.4458	20
12.4458	20
12.4458	20
12.4459	20
12.4505	20
12.4505	20
12.4505	20
12.4667	20
12.4667	20
12.4667	20
12.4667	20
12.4855	20
12.4855	20
12.4855	20
12.5063	20
12.5063	20
12.5063	20
12.5185	20
12.5185	20
12.5186	20
12.5327	20
12.5327	20
12.5328	20
12.5699	20
12.57	20
12.57	20
12.5725	20
12.5725	20
12.5726	20
12.5738	20
12.5738	20
12.5777	20
12.5777	20
12.5778	20
12.5778	20
12.5778	20
12.606	20
12.606	20
12.6112	20
12.6257	20
12.6257	20
12.6257	20
12.6532	20
12.6532	20
12.6532	20
12.6533	20
12.6579	20
12.6579	20
12.6579	20
12.6648	20
12.6648	20
12.6648	20
12.6756	20
12.6756	20
12.6756	20
12.6782	20
12.6782	20
12.6782	20
12.6928	20
12.6942	20
12.6942	20
12.6942	20
12.6942	20
14.7018	20
14.7018	20
14.7024	20
14.7132	20
14.7526	20
14.7526	20
14.7527	20
14.7528	20
14.7547	20
14.7832	20
14.7832	20
14.7832	20
14.7833	20
14.8211	20
14.8211	20
14.8212	20
14.8386	20
14.8386	20
14.8388	20
15.8333	20
15.8333	20
15.8338	20
16.9398	20
16.9399	20
16.9415	20
16.955	20
16.955	20
16.9551	20
17.0229	20
17.0229	20
17.0235	20
17.0236	20
17.0236	20
17.0236	20
17.0259	20
17.036	20
17.036	20
17.0361	20
17.0361	20
17.0466	20
17.0466	20
17.0467	20
17.0501	20
17.0501	20
17.0501	20
17.0758	20
17.0759	20
17.076	20
17.076	20
17.1046	20
17.1047	20
17.1047	20
17.1137	20
17.1138	20
17.1138	20
17.1393	20
17.1393	20
17.1394	20
17.2253	20
17.2253	20
17.2273	20
17.2406	20
17.2406	20
17.2406	20
17.2568	20
17.2568	20
17.2568	20
17.2572	20
17.2694	20
17.2695	20
17.2696	20
17.2849	20
17.2849	20
17.2849	20
17.3179	20
17.3179	20
17.3182	20
17.3221	20
17.3221	20
17.3221	20
17.3223	20
17.3231	20
17.3561	20
17.3562	20
17.3562	20
17.3562	20
17.3655	20
17.3656	20
17.3656	20
17.3657	20
17.3753	20
17.3754	20
17.3754	20
17.3853	20
17.3853	20
17.3854	20
17.3917	20
17.3918	20
17.3918	20
17.3918	20
17.4095	20
17.4095	20
17.4096	20
17.4323	20
17.4324	20
17.4325	20
17.4325	20
17.4377	20
17.4377	20
17.4378	20
17.4378	20
17.5283	20
17.5283	20
17.5288	20
17.5516	20
17.5516	20
17.5516	20
17.5516	20
17.5678	20
17.5678	20
17.5678	20
17.5771	20
17.5771	20
17.5771	20
17.5771	20
17.5881	20
17.5881	20
17.5881	20
17.5881	20
17.7199	20
17.7202	20
17.7202	20
17.7226	20
17.728	20
17.728	20
17.728	20
17.744	20
17.744	20
17.7671	20
17.7671	20
17.7671	20
17.7671	20
17.7675	20
17.7844	20
17.7844	20
17.7845	20
18.8103	20
18.8103	20
18.8121	20
18.8181	20
18.8182	20
18.8182	20
18.8277	20
18.8277	20
18.8278	20
19.3121	20
19.3121	20
19.318	20
19.3254	20
19.3254	20
19.3254	20
19.3818	20
19.3818	20
19.3819	20
19.87	20
19.8701	20
19.8728	20
19.8877	20
19.8877	20
19.8877	20
19.8983	20
19.8984	20
19.8984	20
19.8984	20
19.9106	20
19.9106	20
19.9106	20
19.9106	20
19.9224	20
19.9224	20
19.9225	20
19.9315	20
19.9315	20
19.9317	20
19.9388	20
19.9389	20
19.939	20
19.9409	20
19.9762	20
19.9763	20
19.9763	20
19.9763	20
19.9858	20
19.9858	20
19.9859	20
19.9859	20
20.0054	20
20.0055	20
20.0055	20
20.0101	20
20.0102	20
20.0102	20
20.4583	20
20.4583	20
20.4604	20
21.0683	20
21.0684	20
21.0703	20
21.0711	20
21.0712	20
21.0712	20
21.0713	20
21.6837	20
21.6852	20
21.6869	20
21.6869	20
21.6903	20
21.6903	20
21.6905	20
21.6906	20
21.6906	20
21.7788	20
21.7789	20
21.7801	20
21.7904	20
21.7904	20
21.7904	20
21.7905	20
21.7936	20
21.7937	20
21.7937	20
21.7937	20
22.0768	20
22.077	20
22.077	20
22.0796	20
22.7818	20
22.7823	20
22.7823	20
22.7834	20
22.8058	20
22.8058	20
22.8058	20
22.8058	20
25.0134	20
25.0134	20
25.0175	20
25.0195	20
25.0195	20
25.0195	20
25.0204	20
25.0204	20
25.0204	20
25.0205	20
25.0313	20
25.0314	20
25.0314	20
25.0323	20
25.0323	20
25.0323	20
25.0332	20
25.0332	20
25.0332	20
25.0332	20
25.0383	20
25.0383	20
25.0383	20
25.0536	20
25.0537	20
25.0537	20
25.105	20
25.1051	20
25.1058	20
25.1058	20
25.1058	20
25.1059	20
25.1059	20
25.1096	20
26.4354	20
26.4355	20
26.4375	20
26.4375	20
26.4375	20
26.4376	20
26.4453	20
28.5542	20
28.5543	20
28.5543	20
28.5572	20
28.5572	20
28.5573	20
28.5573	20
28.5631	20
28.5631	20
28.5631	20
28.5952	20
28.5952	20
28.5952	20
28.5961	20
28.5961	20
28.5961	20
28.5962	20
28.6034	20
28.6034	20
28.6037	20
28.6588	20
28.6588	20
28.6588	20
28.6663	20
28.6663	20
28.6701	20
28.6702	20
28.6702	20
28.6702	20
28.6999	20
28.7	20
28.7001	20
28.7022	20
28.7023	20
28.7023	20
28.7037	20
28.7037	20
28.7113	20
28.7113	20
28.7114	20
28.7114	20
28.7114	20
28.7368	20
28.7369	20
28.7369	20
28.8203	20
28.8204	20
28.8258	20
28.8384	20
28.8384	20
28.8385	20
28.8388	20
28.8388	20
28.8389	20
28.8389	20
28.8474	20
28.8474	20
28.8475	20
28.8532	20
28.8532	20
28.8533	20
28.8533	20
28.8533	20
28.8671	20
28.8672	20
28.8672	20
28.8673	20
28.8889	20
28.8889	20
28.889	20
29.1586	20
29.1587	20
29.1596	20
29.1913	20
29.1913	20
29.1913	20
29.1915	20
29.9153	20
29.9153	20
29.9315	20
29.9315	20
30.5242	20
30.5242	20
30.5247	20
30.5352	20
30.5353	20
30.5412	20
30.5412	20
30.5573	20
30.5573	20
30.5573	20
30.5684	20
30.5685	20
30.5685	20
30.5775	20
30.5775	20
30.5775	20
30.5783	20
30.5784	20
30.5785	20
30.5785	20
30.5842	20
30.5842	20
30.5842	20
30.59	20
30.59	20
30.59	20
30.5933	20
30.5934	20
30.5935	20
30.5935	20
30.5956	20
30.5956	20
30.5957	20
30.596	20
30.5976	20
30.5976	20
30.5976	20
30.5976	20
30.6027	20
30.6027	20
30.6027	20
30.6027	20
30.6201	20
30.6202	20
30.6202	20
30.6202	20
30.6406	20
30.6407	20
30.642	20
31.0399	20
31.0399	20
31.0438	20
31.8341	20
31.8342	20
31.8345	20
31.8803	20
31.8804	20
31.8805	20
31.8805	20
31.9056	20
31.9057	20
31.9057	20
31.9057	20
32.4426	20
32.444	20
32.4441	20
32.4447	20
34.0787	20
34.0788	20
34.0804	20
34.0804	20
34.0805	20
34.0805	20
34.0868	20
34.0884	20
34.0885	20
34.0885	20
34.0885	20
34.131	20
34.1311	20
34.3911	20
34.3937	20
34.3937	20
34.4014	20
34.4014	20
34.4015	20
34.4016	20
34.4025	20
34.4244	20
34.4244	20
34.4244	20
34.9837	20
34.9838	20
34.9838	20
34.9907	20
34.9908	20
34.9908	20
36.6399	20
36.6401	20
36.6411	20
37.3152	20
37.3154	20
37.3155	20
38.0025	20
38.0026	20
38.0029	20
38.0104	20
38.0118	20
38.0118	20
38.0119	20
38.0119	20
38.6571	20
38.6572	20
38.6595	20
40.3607	20
40.3607	20
40.3632	20
40.5729	20
40.5729	20
40.5754	20
41.4849	20
41.4851	20
41.4867	20
43.6784	20
43.6784	20
43.6807	20
43.6832	20
43.6833	20
43.6833	20
43.6833	20
43.7156	20
43.7157	20
43.7157	20
43.7158	20
44.7812	20
44.782	20
44.782	20
44.7863	20
45.1411	20
45.1411	20
45.1423	20
45.1464	20
45.1464	20
45.1488	20
45.2197	20
45.2197	20
45.225	20
45.6741	20
45.6744	20
45.6748	20
46.1699	20
46.17	20
46.1707	20
46.2426	20
46.2426	20
46.2427	20
46.2427	20
47.0152	20
47.0153	20
47.0223	20
47.1015	20
47.1017	20
47.1069	20
47.4368	20
47.4371	20
47.4382	20
47.5017	20
47.5019	20
47.5033	20
47.5101	20
47.5102	20
47.5102	20
47.5103	20
47.5166	20
47.5435	20
47.5436	20
47.5437	20
47.5438	20
47.8569	20
47.857	20
47.8591	20
47.8953	20
47.8955	20
48.121	20
48.1215	20
48.1217	20
48.1227	20
48.1931	20
48.1932	20
48.1938	20
48.4558	20
48.4559	20
48.4584	20
50.7142	20
50.7142	20
50.7238	20
52.0847	20
52.085	20
52.0855	20
53.7823	20
53.7825	20
53.7845	20
55.0822	20
55.0823	20
55.0823	20
55.9522	20
55.9541	20
55.9542	20
55.9542	20
55.9603	20
55.9603	20
55.9605	20
55.9605	20
56.3172	20
56.3173	20
56.3175	20
57.2321	20
57.2323	20
57.2354	20
57.2881	20
57.2882	20
57.2906	20
58.444	20
58.444	20
58.4482	20
58.5594	20
58.5594	20
58.5647	20
58.7669	20
58.7673	20
58.7688	20
59.0316	20
59.0316	20
59.0356	20
59.6512	20
59.6512	20
59.8922	20
59.8932	20
59.8932	20
59.894	20
60.3235	20
60.3243	20
60.3244	20
60.3272	20
60.3272	20
60.3273	20
60.3274	20
60.3308	20
60.3308	20
61.0286	20
61.0287	20
61.0303	20
61.0414	20
62.1027	20
62.1029	20
62.1034	20
62.1037	20
62.4613	20
62.4615	20
62.4636	20
62.5333	20
62.534	20
62.5371	20
62.5371	20
62.8922	20
62.8923	20
62.8935	20
63.1317	20
63.1318	20
63.1324	20
63.4601	20
63.4602	20
63.4629	20
63.958	20
63.9581	20
63.9585	20
64.7537	20
64.7538	20
64.7556	20
65.7746	20
65.7747	20
65.7769	20
65.7941	20
65.7941	20
65.7941	20
65.7941	20
65.8302	20
65.8302	20
65.8302	20
66.2047	20
66.2049	20
66.2078	20
66.4759	20
66.476	20
66.4774	20
66.4776	20
66.4778	20
66.4778	20
66.4778	20
66.9437	20
66.9438	20
66.9448	20
67.6741	20
67.6747	20
67.6754	20
68.2406	20
68.2409	20
68.2434	20
68.9357	20
68.9358	20
68.9368	20
69.4087	20
69.4091	20
69.4115	20
69.6612	20
69.6615	20
70.3259	20
70.3266	20
70.3267	20
70.328	20
70.8027	20
70.8029	20
70.8058	20
70.9441	20
70.9443	20
70.9452	20
71.2878	20
71.2885	20
71.2889	20
71.3794	20
71.3795	20
71.385	20
71.5221	20
71.5226	20
71.5243	20
73.4036	20
73.407	20
73.4072	20
73.4101	20
73.4555	20
73.4561	20
73.4562	20
73.5964	20
73.6007	20
73.6008	20
73.6012	20
73.8157	20
73.8167	20
73.8168	20
73.8718	20
73.8726	20
73.8729	20
73.8729	20
73.9074	20
73.9075	20
73.9075	20
73.9075	20
74.7842	20
74.7843	20
74.7868	20
75.0192	20
75.0198	20
75.0198	20
75.0628	20
75.0633	20
75.0862	20
75.0865	20
75.0871	20
75.0886	20
75.0899	20
75.3928	20
75.3929	20
76.1721	20
76.1723	20
76.1723	20
76.1767	20
76.5862	20
76.5862	20
76.5867	20
76.5867	20
76.7078	20
76.7084	20
76.7087	20
76.7088	20
77.2645	20
77.2646	20
77.2687	20
77.3876	20
77.3878	20
77.3879	20
77.6205	20
77.6224	20
77.6225	20
77.6236	20
77.7435	20
77.7436	20
77.7452	20
77.8465	20
77.8471	20
77.8496	20
80.0416	20
80.0426	20
80.0429	20
80.7525	20
80.7526	20
80.7534	20
80.8422	20
80.8429	20
80.844	20
81.0628	20
81.0634	20
81.0716	20
81.452	20
81.4524	20
81.6685	20
81.6695	20
81.6696	20
81.6702	20
81.6823	20
81.6823	20
81.6824	20
81.6824	20
81.6866	20
81.6872	20
81.6872	20
81.9781	20
81.9782	20
81.9804	20
83.0723	20
83.0723	20
83.0734	20
83.2149	20
83.215	20
83.2213	20
84.75	20
84.7501	20
84.7502	20
86.5415	20
86.5416	20
86.5515	20
87.2684	20
87.269	20
87.269	20
87.3037	20
87.3037	20
87.3038	20
87.3038	20
87.7899	20
87.7899	20
87.7907	20
88.397	20
88.3973	20
88.3988	20
88.6856	20
88.6856	20
89.1514	20
89.1574	20
89.1575	20
89.1637	20
89.313	20
89.3131	20
89.3233	20
89.3585	20
89.3588	20
89.3588	20
89.5449	20
89.5449	20
89.589	20
89.5912	20
89.5912	20
89.5969	20
91.011	20
91.0114	20
91.014	20
91.8361	20
91.8364	20
91.8384	20
91.8647	20
91.8648	20
91.8682	20
94.008	20
94.0081	20
94.0097	20
96.2973	20
96.2975	20
96.2994	20
96.9104	20
96.9111	20
96.9303	20
98.2159	20
98.2161	20
98.2203	20
