6.04675e-10	0
6.9464e-10	1
8.69447e-10	2
1.11161e-09	3
1.11705e-09	4
1.44428e-09	5
2.03431e-09	6
2.52231e-09	7
3.22523e-09	8
4.21172e-09	8
4.22423e-09	9
4.40296e-09	9
4.43113e-09	10
5.9839e-09	11
8.42745e-09	12
1.00468e-08	13
1.09221e-08	14
1.09221e-08	15
1.12247e-08	15
1.36411e-08	15
1.44224e-08	16
1.5446e-08	17
1.57488e-08	18
2.69061e-08	19
3.4111e-08	19
3.48979e-08	20
3.96508e-08	20
4.38724e-08	20
4.61148e-08	20
5.66501e-08	20
5.75599e-08	20
7.19557e-08	20
7.4072e-08	20
8.05078e-08	20
9.45151e-08	20
1.04762e-07	20
1.13811e-07	20
1.14108e-07	20
1.19343e-07	20
1.19739e-07	20
1.3557e-07	20
1.38198e-07	20
1.42169e-07	20
1.43446e-07	20
1.46166e-07	20
1.55608e-07	20
1.7411e-07	20
1.74149e-07	20
1.7621e-07	20
1.78822e-07	20
1.94627e-07	20
2.00845e-07	20
2.23175e-07	20
2.31545e-07	20
2.36003e-07	20
2.37135e-07	20
2.37968e-07	20
2.54778e-07	20
2.58051e-07	20
2.68011e-07	20
2.83172e-07	20
2.85999e-07	20
2.88508e-07	20
3.11301e-07	20
3.16247e-07	20
3.31256e-07	20
3.34852e-07	20
3.41079e-07	20
3.44685e-07	20
3.51815e-07	20
3.88245e-07	20
3.91363e-07	20
4.13409e-07	20
4.24968e-07	20
4.26337e-07	20
4.30159e-07	20
4.30228e-07	20
4.34703e-07	20
4.37484e-07	20
4.49062e-07	20
4.63816e-07	20
4.68912e-07	20
4.78765e-07	20
4.83508e-07	20
4.92189e-07	20
5.03845e-07	20
5.24059e-07	20
5.4106e-07	20
5.41208e-07	20
5.42763e-07	20
5.96999e-07	20
6.05534e-07	20
6.09479e-07	20
6.22044e-07	20
6.31843e-07	20
6.44451e-07	20
6.44877e-07	20
6.49874e-07	20
6.51045e-07	20
6.60816e-07	20
6.81025e-07	20
6.84605e-07	20
6.88632e-07	20
6.91907e-07	20
7.25733e-07	20
7.35204e-07	20
7.38432e-07	20
7.38708e-07	20
7.43887e-07	20
7.46005e-07	20
7.53176e-07	20
7.61816e-07	20
7.65277e-07	20
7.82826e-07	20
7.94691e-07	20
8.29943e-07	20
8.47285e-07	20
8.70089e-07	20
8.72426e-07	20
8.73123e-07	20
8.75524e-07	20
8.78731e-07	20
8.8804e-07	20
9.03282e-07	20
9.23415e-07	20
9.32203e-07	20
9.56502e-07	20
1.00663e-06	20
1.00695e-06	20
1.03913e-06	20
1.04496e-06	20
1.04542e-06	20
1.06592e-06	20
1.07269e-06	20
1.10922e-06	20
1.10929e-06	20
1.12091e-06	20
1.12116e-06	20
1.12748e-06	20
1.1372e-06	20
1.16146e-06	20
1.19353e-06	20
1.23438e-06	20
1.27509e-06	20
1.28634e-06	20
1.29572e-06	20
1.47396e-06	20
1.49404e-06	20
1.49473e-06	20
1.52595e-06	20
1.58994e-06	20
1.68093e-06	20
1.75083e-06	20
1.75449e-06	20
1.78687e-06	20
1.91738e-06	20
1.92022e-06	20
1.97339e-06	20
1.98064e-06	20
2.07031e-06	20
2.09758e-06	20
2.22607e-06	20
2.24164e-06	20
2.36397e-06	20
2.55321e-06	20
2.59281e-06	20
2.63569e-06	20
2.65147e-06	20
2.67168e-06	20
2.74451e-06	20
2.78425e-06	20
2.8514e-06	20
2.92902e-06	20
2.98018e-06	20
3.01685e-06	20
3.36924e-06	20
3.39411e-06	20
3.45093e-06	20
3.48307e-06	20
3.535e-06	20
3.63933e-06	20
3.85042e-06	20
3.9611e-06	20
3.98545e-06	20
4.07584e-06	20
4.08531e-06	20
4.11585e-06	20
4.20609e-06	20
4.30544e-06	20
4.37053e-06	20
4.44738e-06	20
4.58563e-06	20
4.62898e-06	20
4.69886e-06	20
4.78044e-06	20
4.79928e-06	20
4.80212e-06	20
4.8047e-06	20
4.91695e-06	20
4.964e-06	20
5.10919e-06	20
5.14456e-06	20
5.14589e-06	20
5.16153e-06	20
5.28314e-06	20
5.73478e-06	20
5.73989e-06	20
5.78862e-06	20
6.11845e-06	20
6.19339e-06	20
6.19413e-06	20
6.19516e-06	20
6.21149e-06	20
6.27943e-06	20
6.31097e-06	20
6.35406e-06	20
6.38315e-06	20
6.89027e-06	20
6.94363e-06	20
7.22101e-06	20
7.24512e-06	20
7.53286e-06	20
7.81723e-06	20
7.88364e-06	20
7.9395e-06	20
8.02012e-06	20
8.48061e-06	20
8.5895e-06	20
8.69945e-06	20
9.01464e-06	20
9.12536e-06	20
9.51864e-06	20
9.55928e-06	20
9.86749e-06	20
9.87389e-06	20
1.01563e-05	20
1.03567e-05	20
1.03693e-05	20
1.03976e-05	20
1.06858e-05	20
1.08807e-05	20
1.11575e-05	20
1.11591e-05	20
1.16727e-05	20
1.17177e-05	20
1.17442e-05	20
1.17891e-05	20
1.19801e-05	20
1.19968e-05	20
1.27997e-05	20
1.31117e-05	20
1.33432e-05	20
1.34886e-05	20
1.35824e-05	20
1.35993e-05	20
1.36678e-05	20
1.38352e-05	20
1.41031e-05	20
1.4202e-05	20
1.42835e-05	20
1.43307e-05	20
1.47386e-05	20
1.48487e-05	20
1.50624e-05	20
1.52524e-05	20
1.53175e-05	20
1.55326e-05	20
1.6279e-05	20
1.64471e-05	20
1.66447e-05	20
1.67085e-05	20
1.69341e-05	20
1.70713e-05	20
1.70913e-05	20
1.71505e-05	20
1.72643e-05	20
1.74567e-05	20
1.7669e-05	20
1.76945e-05	20
1.8297e-05	20
1.82973e-05	20
1.83297e-05	20
1.86293e-05	20
1.92827e-05	20
1.97378e-05	20
1.97539e-05	20
1.99314e-05	20
1.99667e-05	20
2.03705e-05	20
2.11864e-05	20
2.13832e-05	20
2.14733e-05	20
2.14859e-05	20
2.20473e-05	20
2.22756e-05	20
2.26061e-05	20
2.34177e-05	20
2.34776e-05	20
2.411e-05	20
2.4135e-05	20
2.41611e-05	20
2.48172e-05	20
2.53382e-05	20
2.58e-05	20
2.67165e-05	20
2.7475e-05	20
2.75641e-05	20
2.81158e-05	20
2.83181e-05	20
3.0105e-05	20
3.06064e-05	20
3.15872e-05	20
3.24506e-05	20
3.27537e-05	20
3.32479e-05	20
3.34763e-05	20
3.35101e-05	20
3.37936e-05	20
3.41025e-05	20
3.43744e-05	20
3.44245e-05	20
3.46609e-05	20
3.46882e-05	20
3.52399e-05	20
3.57216e-05	20
3.60025e-05	20
3.61913e-05	20
3.68555e-05	20
3.69395e-05	20
3.79533e-05	20
3.85724e-05	20
3.89457e-05	20
3.90576e-05	20
3.91698e-05	20
3.97726e-05	20
4.10529e-05	20
4.14589e-05	20
4.15593e-05	20
4.19142e-05	20
4.31092e-05	20
4.38775e-05	20
4.41472e-05	20
4.44296e-05	20
4.6067e-05	20
4.60985e-05	20
4.65044e-05	20
4.81171e-05	20
4.85007e-05	20
4.97582e-05	20
5.01655e-05	20
5.03918e-05	20
5.09108e-05	20
5.12172e-05	20
5.13213e-05	20
5.21924e-05	20
5.38058e-05	20
5.49102e-05	20
5.51861e-05	20
5.54259e-05	20
5.60255e-05	20
5.63926e-05	20
5.66769e-05	20
5.67106e-05	20
5.68044e-05	20
5.71298e-05	20
5.72461e-05	20
5.73882e-05	20
5.77033e-05	20
5.94183e-05	20
5.96659e-05	20
6.02446e-05	20
6.11053e-05	20
6.12293e-05	20
6.23241e-05	20
6.25895e-05	20
6.2835e-05	20
6.47717e-05	20
6.49031e-05	20
6.54922e-05	20
6.61119e-05	20
6.70603e-05	20
6.91019e-05	20
6.93981e-05	20
6.96592e-05	20
7.03418e-05	20
7.16212e-05	20
7.23855e-05	20
7.26621e-05	20
7.30969e-05	20
7.55745e-05	20
7.67759e-05	20
7.86402e-05	20
7.93045e-05	20
8.04046e-05	20
8.05835e-05	20
8.08023e-05	20
8.10595e-05	20
8.22156e-05	20
8.35111e-05	20
8.36385e-05	20
8.56298e-05	20
8.58905e-05	20
8.62056e-05	20
8.69838e-05	20
8.86375e-05	20
8.98222e-05	20
9.0359e-05	20
9.08234e-05	20
9.22699e-05	20
9.39617e-05	20
9.51194e-05	20
9.67255e-05	20
9.68198e-05	20
9.89629e-05	20
9.90834e-05	20
9.99602e-05	20
0.000102025	20
0.000105273	20
0.000105875	20
0.000107335	20
0.000107865	20
0.000108411	20
0.000109347	20
0.000109523	20
0.000110372	20
0.000111052	20
0.000112316	20
0.000115118	20
0.000116406	20
0.000118382	20
0.000119082	20
0.000119678	20
0.000119827	20
0.000121536	20
0.000121771	20
0.00012403	20
0.000124261	20
0.000125137	20
0.000127846	20
0.000128907	20
0.000130723	20
0.000130761	20
0.000132127	20
0.00013232	20
0.000133329	20
0.000133953	20
0.000134497	20
0.000135219	20
0.000135759	20
0.000138938	20
0.000139112	20
0.000143729	20
0.000144998	20
0.000145521	20
0.000145632	20
0.000147636	20
0.000149644	20
0.000150354	20
0.000158075	20
0.000160135	20
0.000168437	20
0.000169293	20
0.000175218	20
0.000177723	20
0.000178014	20
0.000181723	20
0.000182649	20
0.000186582	20
0.000187853	20
0.000187958	20
0.000193992	20
0.00020718	20
0.000209147	20
0.000212531	20
0.000217291	20
0.000225698	20
0.000229173	20
0.000236772	20
0.000237608	20
0.000261613	20
0.00027682	20
0.000277985	20
0.000280137	20
0.000283017	20
0.000284064	20
0.000295891	20
0.00031145	20
0.000318343	20
0.000325234	20
0.000348312	20
0.000360082	20
0.000363319	20
0.000377521	20
0.000392989	20
0.000433779	20
0.000478179	20
0.000507785	20
0.000510855	20
0.0005114	20
0.000511576	20
0.000511604	20
0.000535387	20
0.000569978	20
0.000626124	20
0.000789402	20
0.0013116	20
0.00131192	20
0.00131235	20
0.00143436	20
0.00224708	20
0.00261939	20
0.00273805	20
0.00273922	20
0.00274572	20
0.00275098	20
0.00318575	20
0.00477355	20
0.00492319	20
0.00684423	20
0.0068447	20
0.00684481	20
0.00684502	20
0.00684545	20
0.00684579	20
0.00684589	20
0.00684613	20
0.00684652	20
0.00684663	20
0.00684664	20
0.00684689	20
0.0068476	20
0.0068478	20
0.00684803	20
0.00684966	20
0.00684994	20
0.00685066	20
0.00685112	20
0.00685244	20
0.00685252	20
0.00685414	20
0.00685594	20
0.0068575	20
0.00685812	20
0.00685874	20
0.00686165	20
0.00741049	20
0.00741416	20
0.00741754	20
0.00741884	20
0.00742087	20
0.00742383	20
0.00742436	20
0.00743513	20
0.00749666	20
0.007516	20
0.00755234	20
0.00874123	20
0.00874178	20
0.00874244	20
0.00874494	20
0.00874587	20
0.00875084	20
0.00875646	20
0.00922024	20
0.00922134	20
0.00928385	20
0.00929866	20
0.00937819	20
0.00938315	20
0.00938901	20
0.00941718	20
0.00943594	20
0.00944534	20
0.00949527	20
0.00950719	20
0.00953379	20
0.00955875	20
0.009582	20
0.00966604	20
0.00972839	20
0.0097368	20
0.00974683	20
0.00980999	20
0.00981864	20
0.00998743	20
0.0100039	20
0.0101822	20
0.0106437	20
0.0107494	20
0.0107579	20
0.0107585	20
0.0113191	20
0.0113193	20
0.0113196	20
0.01132	20
0.0113246	20
0.0113272	20
0.0113353	20
0.0113353	20
0.0113447	20
0.0113452	20
0.0113642	20
0.0117594	20
0.0131396	20
0.0131403	20
0.0131419	20
0.0131544	20
0.0131795	20
0.0131995	20
0.0132016	20
0.0132024	20
0.0132384	20
0.0132388	20
0.0134272	20
0.0134998	20
0.0135856	20
0.0138686	20
0.0143101	20
0.0144217	20
0.0144227	20
0.0144254	20
0.0144258	20
0.0144266	20
0.014428	20
0.0144337	20
0.0144369	20
0.0144388	20
0.014441	20
0.014445	20
0.014449	20
0.0144541	20
0.0144565	20
0.0144628	20
0.0144677	20
0.0145227	20
0.0146563	20
0.0147885	20
0.0147889	20
0.0147897	20
0.0147898	20
0.014791	20
0.0147914	20
0.0147921	20
0.0147922	20
0.0147934	20
0.0147936	20
0.014794	20
0.0147948	20
0.0147953	20
0.0147956	20
0.0147966	20
0.0147985	20
0.0148007	20
0.0148036	20
0.014805	20
0.0148133	20
0.0148154	20
0.0148501	20
0.0148816	20
0.0149057	20
0.0152737	20
0.015274	20
0.0152745	20
0.015275	20
0.0152759	20
0.015276	20
0.0152761	20
0.0152767	20
0.0152772	20
0.0152778	20
0.0152779	20
0.0152783	20
0.0152787	20
0.015279	20
0.0152791	20
0.015282	20
0.0152835	20
0.0152842	20
0.0152845	20
0.015285	20
0.0152853	20
0.0152854	20
0.0152864	20
0.0152865	20
0.0152867	20
0.0152896	20
0.0152901	20
0.0152914	20
0.0153028	20
0.0153054	20
0.0153238	20
0.0153304	20
0.0153352	20
0.0153392	20
0.0153705	20
0.0156445	20
0.015707	20
0.0158216	20
0.0158429	20
0.015848	20
0.0158503	20
0.0158527	20
0.0158936	20
0.015923	20
0.0159235	20
0.0159243	20
0.0159264	20
0.0159277	20
0.0159294	20
0.0159317	20
0.0159343	20
0.0159411	20
0.0159482	20
0.0159524	20
0.0159559	20
0.0159603	20
0.0159611	20
0.0159991	20
0.016014	20
0.0162909	20
0.0162947	20
0.0162952	20
0.0162953	20
0.0162962	20
0.016297	20
0.0162996	20
0.0163069	20
0.0163204	20
0.0163335	20
0.016345	20
0.0163809	20
0.0164617	20
0.0165856	20
0.0168348	20
0.0176882	20
0.0176945	20
0.0176987	20
0.0177004	20
0.0177021	20
0.0177078	20
0.0177228	20
0.0177312	20
0.0177427	20
0.0177607	20
0.0178025	20
0.0178983	20
0.0183314	20
0.0183369	20
0.0183371	20
0.0183424	20
0.0183475	20
0.0183482	20
0.0183482	20
0.0183632	20
0.0183682	20
0.0183875	20
0.018391	20
0.0184034	20
0.0189247	20
0.0194541	20
0.0219847	20
0.0219861	20
0.0219868	20
0.0219885	20
0.0219898	20
0.02199	20
0.0219932	20
0.0219938	20
0.0219954	20
0.0219975	20
0.0219976	20
0.021998	20
0.0219993	20
0.0219995	20
0.022	20
0.0220017	20
0.0220018	20
0.022002	20
0.0220109	20
0.0220132	20
0.0220175	20
0.0220989	20
0.0221023	20
0.0221024	20
0.0221026	20
0.0221095	20
0.0221097	20
0.0221124	20
0.0221192	20
0.02212	20
0.0221235	20
0.0221378	20
0.0221389	20
0.0221433	20
0.0221471	20
0.0221479	20
0.0221481	20
0.0221524	20
0.0221531	20
0.0221666	20
0.0221689	20
0.0221932	20
0.022198	20
0.0222163	20
0.0222189	20
0.0222202	20
0.0222231	20
0.0222253	20
0.0222283	20
0.0222342	20
0.0222516	20
0.0222545	20
0.0222618	20
0.0222669	20
0.0222712	20
0.0222787	20
0.022287	20
0.0222899	20
0.022295	20
0.0222959	20
0.0223294	20
0.0223324	20
0.0223354	20
0.0223412	20
0.022363	20
0.0223636	20
0.0223667	20
0.02237	20
0.0223723	20
0.0224313	20
0.0224402	20
0.0224675	20
0.0224881	20
0.0224977	20
0.0225206	20
0.0225337	20
0.022549	20
0.0225591	20
0.0225811	20
0.0225998	20
0.0226455	20
0.0227792	20
0.0227803	20
0.0227902	20
0.0227916	20
0.0228246	20
0.0228728	20
0.0230663	20
0.0230664	20
0.0230685	20
0.0230691	20
0.0230708	20
0.0230719	20
0.0230744	20
0.0230779	20
0.0230966	20
0.0230986	20
0.0231043	20
0.0231123	20
0.0231199	20
0.023131	20
0.0231694	20
0.023207	20
0.0232165	20
0.0232684	20
0.0232715	20
0.0232799	20
0.0233397	20
0.0234424	20
0.0235843	20
0.0237003	20
0.0237473	20
0.0237646	20
0.0238915	20
0.0238925	20
0.0238946	20
0.0238952	20
0.0238972	20
0.0238973	20
0.0238976	20
0.0238986	20
0.0239003	20
0.0239005	20
0.0239007	20
0.0239011	20
0.0239036	20
0.023904	20
0.0239115	20
0.0239163	20
0.0239211	20
0.0239248	20
0.0239304	20
0.0241745	20
0.0247721	20
0.0247721	20
0.0247724	20
0.0247725	20
0.0247727	20
0.0247731	20
0.0247733	20
0.0247738	20
0.024774	20
0.0247741	20
0.0247742	20
0.0247743	20
0.0247748	20
0.0247754	20
0.0247755	20
0.0247761	20
0.0247764	20
0.0247773	20
0.0247788	20
0.0247794	20
0.0247795	20
0.0247798	20
0.0247802	20
0.0247814	20
0.0247816	20
0.0247817	20
0.0247817	20
0.0247828	20
0.0247844	20
0.0247857	20
0.0247909	20
0.0247914	20
0.0247935	20
0.0248034	20
0.0248066	20
0.0248078	20
0.0248083	20
0.0248124	20
0.0248143	20
0.0248206	20
0.0248213	20
0.0248286	20
0.0248336	20
0.024837	20
0.0248453	20
0.0248464	20
0.0249302	20
0.0254156	20
0.0261933	20
0.026198	20
0.0262118	20
0.026219	20
0.0263656	20
0.0263679	20
0.0263734	20
0.0263737	20
0.026378	20
0.0263827	20
0.0263854	20
0.0263856	20
0.0263861	20
0.0263916	20
0.0263949	20
0.0263957	20
0.026398	20
0.0264045	20
0.026418	20
0.0264257	20
0.0264501	20
0.0264523	20
0.0264627	20
0.0267381	20
0.0267671	20
0.0267678	20
0.0267678	20
0.0267686	20
0.0267688	20
0.0267728	20
0.0267734	20
0.0267739	20
0.0267802	20
0.0267947	20
0.0268036	20
0.0268046	20
0.0268081	20
0.0268209	20
0.0268262	20
0.0292067	20
0.0292068	20
0.0292068	20
0.0292071	20
0.0292074	20
0.0292074	20
0.0292074	20
0.0292076	20
0.0292077	20
0.0292078	20
0.0292079	20
0.0292081	20
0.0292082	20
0.0292084	20
0.0292085	20
0.0292085	20
0.0292086	20
0.0292087	20
0.0292088	20
0.0292089	20
0.029209	20
0.0292099	20
0.02921	20
0.0292101	20
0.0292103	20
0.0292103	20
0.0292109	20
0.029211	20
0.0292111	20
0.0292112	20
0.0292114	20
0.0292115	20
0.0292119	20
0.0292123	20
0.0292124	20
0.0292124	20
0.0292124	20
0.0292127	20
0.029213	20
0.0292131	20
0.0292131	20
0.0292133	20
0.0292135	20
0.0292138	20
0.0292144	20
0.0292146	20
0.0292147	20
0.0292153	20
0.0292154	20
0.0292155	20
0.0292156	20
0.0292159	20
0.0292164	20
0.0292166	20
0.0292171	20
0.0292183	20
0.0292186	20
0.0292187	20
0.0292194	20
0.0292194	20
0.0292197	20
0.0292199	20
0.0292209	20
0.029221	20
0.0292216	20
0.029223	20
0.0292231	20
0.0292233	20
0.0292237	20
0.0292239	20
0.0292243	20
0.0292244	20
0.0292259	20
0.0292261	20
0.0292277	20
0.0292279	20
0.0292289	20
0.0292289	20
0.0292297	20
0.0292298	20
0.0292302	20
0.0292309	20
0.0292313	20
0.0292324	20
0.0292328	20
0.0292328	20
0.0292332	20
0.0292332	20
0.0292345	20
0.0292368	20
0.0292423	20
0.0292425	20
0.0292445	20
0.0292474	20
0.0292526	20
0.0292609	20
0.0292732	20
0.0293483	20
0.0293703	20
0.029435	20
0.0294364	20
0.0295725	20
0.0298285	20
0.0298805	20
0.0300822	20
0.0301851	20
0.0310594	20
0.0316926	20
0.0316928	20
0.0316928	20
0.0316935	20
0.0316936	20
0.0316939	20
0.031694	20
0.0316947	20
0.0316948	20
0.031695	20
0.031695	20
0.0316952	20
0.0316953	20
0.0316956	20
0.0316957	20
0.0316957	20
0.0316959	20
0.031696	20
0.0316961	20
0.0316962	20
0.0316963	20
0.0316968	20
0.0316968	20
0.0316969	20
0.0316972	20
0.0316975	20
0.0316977	20
0.0316981	20
0.0316982	20
0.0316982	20
0.0316983	20
0.0316983	20
0.0316991	20
0.0316993	20
0.0316994	20
0.0316995	20
0.0316996	20
0.0317002	20
0.0317004	20
0.0317008	20
0.0317009	20
0.0317017	20
0.0317019	20
0.0317022	20
0.0317022	20
0.031703	20
0.0317032	20
0.0317034	20
0.0317035	20
0.0317035	20
0.0317036	20
0.0317037	20
0.0317043	20
0.0317045	20
0.0317049	20
0.031705	20
0.0317052	20
0.0317053	20
0.0317061	20
0.0317068	20
0.0317071	20
0.0317071	20
0.0317081	20
0.031709	20
0.0317093	20
0.0317095	20
0.0317096	20
0.0317114	20
0.0317117	20
0.0317125	20
0.0317143	20
0.0317146	20
0.0317172	20
0.0317172	20
0.0317191	20
0.0317191	20
0.0317226	20
0.0317239	20
0.0317239	20
0.031724	20
0.0317263	20
0.0317272	20
0.0317315	20
0.031732	20
0.0317332	20
0.0317358	20
0.0317387	20
0.0317395	20
0.0317408	20
0.0317413	20
0.031743	20
0.0317442	20
0.0317445	20
0.0317454	20
0.0317468	20
0.0317472	20
0.0317511	20
0.0317515	20
0.0317586	20
0.0317631	20
0.0317696	20
0.0317707	20
0.031771	20
0.0317734	20
0.0317808	20
0.0317811	20
0.0317814	20
0.0317826	20
0.0317832	20
0.0317835	20
0.0317856	20
0.0317894	20
0.0317988	20
0.0318006	20
0.031804	20
0.0318081	20
0.0318098	20
0.0318103	20
0.031815	20
0.0318187	20
0.0318207	20
0.0318218	20
0.0318227	20
0.0318242	20
0.0318284	20
0.0318287	20
0.0318295	20
0.0318353	20
0.0318361	20
0.0318368	20
0.0318373	20
0.0318392	20
0.0318419	20
0.0318437	20
0.0318487	20
0.0318521	20
0.0318526	20
0.031858	20
0.0318627	20
0.0318648	20
0.0318683	20
0.0318719	20
0.0318789	20
0.0318813	20
0.0318818	20
0.0318861	20
0.0318879	20
0.0318949	20
0.0318995	20
0.0319006	20
0.0319021	20
0.0319027	20
0.0319376	20
0.0319401	20
0.0319638	20
0.0319745	20
0.031977	20
0.0319819	20
0.0320151	20
0.0320201	20
0.0320223	20
0.0320239	20
0.032033	20
0.0320432	20
0.0320446	20
0.0320528	20
0.0320594	20
0.0320613	20
0.0320717	20
0.0320739	20
0.0320753	20
0.0320782	20
0.0320786	20
0.0320869	20
0.0320949	20
0.0321046	20
0.0321208	20
0.0321231	20
0.0321401	20
0.0321676	20
0.0321694	20
0.0321722	20
0.0322145	20
0.0322211	20
0.0322212	20
0.032235	20
0.0322358	20
0.0322429	20
0.0322626	20
0.0322747	20
0.0323076	20
0.0323081	20
0.0323103	20
0.0323122	20
0.0323153	20
0.0323328	20
0.0323334	20
0.0323522	20
0.0323583	20
0.032362	20
0.0323693	20
0.0324137	20
0.0324955	20
0.0324988	20
0.0325018	20
0.0325031	20
0.0325091	20
0.0325094	20
0.0325112	20
0.0325251	20
0.032544	20
0.0325534	20
0.0325543	20
0.0325625	20
0.0325649	20
0.0325701	20
0.0325762	20
0.0325929	20
0.0325935	20
0.0325973	20
0.032606	20
0.0326102	20
0.0326143	20
0.0326387	20
0.032641	20
0.0326487	20
0.0326502	20
0.0326523	20
0.0326525	20
0.0326548	20
0.0326577	20
0.0326723	20
0.0326882	20
0.0326926	20
0.0326947	20
0.0326968	20
0.0327039	20
0.0327055	20
0.0327251	20
0.0327419	20
0.032754	20
0.0327548	20
0.0327623	20
0.0327661	20
0.0327679	20
0.032769	20
0.0327747	20
0.0327787	20
0.0327899	20
0.0327911	20
0.0328007	20
0.0328007	20
0.0328085	20
0.0328109	20
0.0328206	20
0.0328386	20
0.0328537	20
0.0328959	20
0.0329167	20
0.0329313	20
0.0329582	20
0.0329744	20
0.032999	20
0.0330406	20
0.0330917	20
0.0330953	20
0.033101	20
0.0331996	20
0.0332483	20
0.0332626	20
0.033266	20
0.0332662	20
0.0333069	20
0.0333841	20
0.0334263	20
0.0334757	20
0.033502	20
0.033517	20
0.0335262	20
0.03364	20
0.0336813	20
0.033686	20
0.0337545	20
0.0337653	20
0.0337689	20
0.0337735	20
0.033779	20
0.0339267	20
0.0339515	20
0.0341751	20
0.0341754	20
0.0341761	20
0.0341762	20
0.0341827	20
0.0341833	20
0.0341897	20
0.0342059	20
0.0342066	20
0.0342179	20
0.0342244	20
0.034225	20
0.0344599	20
0.0344731	20
0.0350535	20
0.0350537	20
0.035054	20
0.0350545	20
0.0350547	20
0.0350547	20
0.0350548	20
0.0350551	20
0.0350555	20
0.0350556	20
0.0350561	20
0.0350564	20
0.0350573	20
0.0350575	20
0.035058	20
0.0350581	20
0.0350581	20
0.0350592	20
0.0350596	20
0.0350596	20
0.0350596	20
0.0350597	20
0.0350597	20
0.0350608	20
0.0350619	20
0.0350662	20
0.0350684	20
0.0350719	20
0.0350783	20
0.0350829	20
0.0350848	20
0.035085	20
0.0350857	20
0.0350959	20
0.0351016	20
0.0351051	20
0.0352057	20
0.0354671	20
0.0365274	20
0.0365276	20
0.0365277	20
0.0365279	20
0.0365279	20
0.036528	20
0.0365282	20
0.0365282	20
0.0365285	20
0.0365286	20
0.0365286	20
0.0365287	20
0.0365291	20
0.0365291	20
0.0365292	20
0.0365293	20
0.0365295	20
0.0365295	20
0.0365295	20
0.0365296	20
0.0365297	20
0.0365297	20
0.0365298	20
0.0365301	20
0.0365303	20
0.0365305	20
0.0365307	20
0.0365308	20
0.0365308	20
0.0365311	20
0.0365314	20
0.0365316	20
0.0365317	20
0.0365317	20
0.036532	20
0.0365321	20
0.0365322	20
0.0365324	20
0.0365326	20
0.0365338	20
0.036534	20
0.0365341	20
0.0365342	20
0.0365342	20
0.0365353	20
0.0365359	20
0.0365359	20
0.0365364	20
0.0365364	20
0.0365364	20
0.0365376	20
0.0365381	20
0.0365384	20
0.0365396	20
0.03654	20
0.0365403	20
0.0365404	20
0.036541	20
0.0365447	20
0.0365448	20
0.0365462	20
0.0365472	20
0.0365476	20
0.0365477	20
0.0365523	20
0.0365535	20
0.036556	20
0.0365563	20
0.0365575	20
0.0365577	20
0.036559	20
0.0365626	20
0.0365628	20
0.0365649	20
0.0365719	20
0.0365728	20
0.0365764	20
0.0365904	20
0.036607	20
0.0366344	20
0.0366628	20
0.0366646	20
0.0366696	20
0.0366957	20
0.0367209	20
0.0367776	20
0.0368231	20
0.0370473	20
0.0371494	20
0.0374435	20
0.0380816	20
0.0380846	20
0.0382496	20
0.0384984	20
0.038569	20
0.0388753	20
0.0393714	20
0.0393831	20
0.0393835	20
0.0393878	20
0.0394012	20
0.0394051	20
0.0394135	20
0.0394254	20
0.039428	20
0.0394363	20
0.0394559	20
0.0394561	20
0.0394621	20
0.0394879	20
0.0394974	20
0.0394975	20
0.0395012	20
0.039515	20
0.039515	20
0.0395547	20
0.0395553	20
0.0395624	20
0.0395647	20
0.0395885	20
0.03959	20
0.039632	20
0.0396582	20
0.0397272	20
0.0397465	20
0.039801	20
0.0398015	20
0.0398017	20
0.0398019	20
0.0398026	20
0.0398034	20
0.039804	20
0.0398048	20
0.0398058	20
0.0398062	20
0.0398068	20
0.0398074	20
0.0398082	20
0.0398094	20
0.0398096	20
0.0398097	20
0.0398102	20
0.0398104	20
0.039814	20
0.0398142	20
0.0398144	20
0.0398152	20
0.0398171	20
0.0398171	20
0.0398183	20
0.0398198	20
0.0398202	20
0.0398207	20
0.0398228	20
0.039823	20
0.0398264	20
0.039827	20
0.039828	20
0.0398298	20
0.0398345	20
0.0398381	20
0.0398475	20
0.0398597	20
0.0398902	20
0.0399282	20
0.0399812	20
0.0400286	20
0.0401065	20
0.0402487	20
0.0403137	20
0.0403878	20
0.04054	20
0.0405403	20
0.0407417	20
0.0411346	20
0.0411392	20
0.0412249	20
0.0413912	20
0.0416816	20
0.0418372	20
0.0418499	20
0.0418648	20
0.0420989	20
0.0423229	20
0.0423251	20
0.0423269	20
0.0423277	20
0.0423293	20
0.0423327	20
0.0423353	20
0.0423467	20
0.0423534	20
0.0423546	20
0.0423559	20
0.04236	20
0.0423671	20
0.0423719	20
0.0423809	20
0.0423879	20
0.0423923	20
0.0423993	20
0.0423995	20
0.0424015	20
0.0424065	20
0.0424126	20
0.0424174	20
0.0424215	20
0.04243	20
0.0424389	20
0.042445	20
0.0424586	20
0.0424593	20
0.0424611	20
0.0424927	20
0.0424929	20
0.0424932	20
0.0424972	20
0.0424978	20
0.0424982	20
0.0425082	20
0.0425091	20
0.0425117	20
0.042517	20
0.0425279	20
0.0425284	20
0.0425328	20
0.0425348	20
0.042535	20
0.0425361	20
0.042551	20
0.0425674	20
0.0425714	20
0.0425729	20
0.0425822	20
0.0425984	20
0.0426094	20
0.0426263	20
0.0426292	20
0.0426316	20
0.0426327	20
0.0426398	20
0.04264	20
0.0426463	20
0.0426566	20
0.042659	20
0.0426592	20
0.0426618	20
0.0426624	20
0.042666	20
0.0426662	20
0.0426682	20
0.0426683	20
0.0426685	20
0.0426692	20
0.0426715	20
0.0426739	20
0.0426744	20
0.0426772	20
0.0426786	20
0.0426867	20
0.0426971	20
0.0426984	20
0.0427021	20
0.0427075	20
0.0427096	20
0.0427096	20
0.0427282	20
0.0427533	20
0.0427607	20
0.0427623	20
0.042775	20
0.0427791	20
0.0427804	20
0.0427823	20
0.0427843	20
0.0427941	20
0.0428228	20
0.0428378	20
0.0428381	20
0.0428485	20
0.0428537	20
0.0428736	20
0.0428738	20
0.0428758	20
0.0428778	20
0.0428795	20
0.0428797	20
0.0428802	20
0.0428803	20
0.0428814	20
0.0428841	20
0.0428843	20
0.0428857	20
0.0428863	20
0.0428867	20
0.0428912	20
0.0428932	20
0.0428955	20
0.0429041	20
0.0429043	20
0.042906	20
0.0429072	20
0.0429127	20
0.0429146	20
0.0429174	20
0.0429187	20
0.0429337	20
0.0429409	20
0.0429454	20
0.0429488	20
0.0429688	20
0.0430025	20
0.0430432	20
0.0430842	20
0.0431034	20
0.0431071	20
0.0431313	20
0.0431471	20
0.0431573	20
0.0431964	20
0.0432092	20
0.0432337	20
0.0432881	20
0.0433376	20
0.043338	20
0.0433387	20
0.0433391	20
0.0433392	20
0.0433393	20
0.04334	20
0.0433468	20
0.0433493	20
0.0433609	20
0.0433617	20
0.0433991	20
0.0434186	20
0.0434352	20
0.0435609	20
0.0435615	20
0.0436006	20
0.0436011	20
0.0436185	20
0.0437594	20
0.0439169	20
0.0439482	20
0.0440167	20
0.0440217	20
0.0440679	20
0.044098	20
0.0441174	20
0.0443048	20
0.044306	20
0.0443065	20
0.0443075	20
0.0443084	20
0.0443091	20
0.0443106	20
0.0443118	20
0.0443129	20
0.0443141	20
0.0443155	20
0.044316	20
0.0443191	20
0.0443198	20
0.0443226	20
0.0443273	20
0.0443276	20
0.0443293	20
0.0443333	20
0.0443367	20
0.0443373	20
0.0443524	20
0.0443526	20
0.0443779	20
0.0443784	20
0.0444059	20
0.0444076	20
0.0444251	20
0.0444392	20
0.0444609	20
0.0444975	20
0.0445116	20
0.0445244	20
0.0445431	20
0.0445526	20
0.0446093	20
0.0446101	20
0.0446107	20
0.0446618	20
0.0446627	20
0.0446634	20
0.0446762	20
0.0446834	20
0.0446881	20
0.0446888	20
0.0447299	20
0.0447337	20
0.0447508	20
0.0447527	20
0.0447537	20
0.0447602	20
0.0447676	20
0.0447678	20
0.0448028	20
0.0448182	20
0.0448229	20
0.0448394	20
0.0448396	20
0.0448406	20
0.0448547	20
0.0448598	20
0.0448646	20
0.0448735	20
0.0448746	20
0.044885	20
0.0448916	20
0.0448924	20
0.0448954	20
0.0448983	20
0.0449067	20
0.044911	20
0.0449134	20
0.0449349	20
0.0449496	20
0.0449526	20
0.0449689	20
0.0449699	20
0.0449725	20
0.0449733	20
0.0449797	20
0.0450012	20
0.0450278	20
0.0450333	20
0.045049	20
0.0450573	20
0.0450575	20
0.0450799	20
0.0450816	20
0.0450883	20
0.0450908	20
0.0451073	20
0.0451221	20
0.0451556	20
0.0451829	20
0.0451868	20
0.0452249	20
0.045281	20
0.0453127	20
0.0453185	20
0.0453576	20
0.0453582	20
0.0453596	20
0.0453705	20
0.0453735	20
0.0453819	20
0.0454241	20
0.045436	20
0.0454415	20
0.0454781	20
0.0454894	20
0.0455395	20
0.0455973	20
0.0456641	20
0.0456804	20
0.0458127	20
0.0458564	20
0.0458871	20
0.046177	20
0.0462598	20
0.0463088	20
0.0464318	20
0.0468128	20
0.0468172	20
0.0468217	20
0.0468223	20
0.0468486	20
0.0468553	20
0.0468919	20
0.0469985	20
0.0471482	20
0.0473948	20
0.0475509	20
0.0477106	20
0.0477107	20
0.047711	20
0.0477113	20
0.0477114	20
0.0477118	20
0.0477126	20
0.0477127	20
0.0477127	20
0.0477127	20
0.047713	20
0.0477137	20
0.0477137	20
0.0477139	20
0.0477139	20
0.047715	20
0.047715	20
0.047715	20
0.047716	20
0.0477161	20
0.0477173	20
0.047718	20
0.0477185	20
0.0477185	20
0.0477197	20
0.0477202	20
0.0477207	20
0.0477208	20
0.0477215	20
0.0477216	20
0.0477224	20
0.0477228	20
0.0477234	20
0.0477236	20
0.0477237	20
0.0477238	20
0.0477246	20
0.0477248	20
0.047725	20
0.047725	20
0.0477252	20
0.047726	20
0.0477261	20
0.0477272	20
0.0477284	20
0.0477286	20
0.0477288	20
0.0477292	20
0.0477292	20
0.0480033	20
0.0486536	20
0.049601	20
0.0496019	20
0.049612	20
0.0496711	20
0.0497569	20
0.0507916	20
0.0507983	20
0.0507983	20
0.0508424	20
0.0513985	20
0.0514789	20
0.0531648	20
0.0531694	20
0.0531914	20
0.0531947	20
0.0532098	20
0.0532119	20
0.053291	20
0.0534281	20
0.0534298	20
0.0549315	20
0.0549331	20
0.0549574	20
0.0549988	20
0.0550186	20
0.0550318	20
0.0566883	20
0.0566891	20
0.0566894	20
0.0566895	20
0.0566902	20
0.056691	20
0.0566917	20
0.0566922	20
0.0566923	20
0.0566927	20
0.0566932	20
0.0566933	20
0.0566933	20
0.0566942	20
0.0566944	20
0.0566977	20
0.0567032	20
0.0567079	20
0.0567085	20
0.0567096	20
0.0567107	20
0.0567141	20
0.0567181	20
0.0567298	20
0.0567357	20
0.0567734	20
0.0567858	20
0.0567931	20
0.0569241	20
0.0569361	20
0.0573717	20
0.0573813	20
0.0573842	20
0.060965	20
0.0609855	20
0.0609933	20
0.0652512	20
0.0652743	20
0.0656589	20
0.0656601	20
0.0656609	20
0.0656682	20
0.0656737	20
0.0656749	20
0.0656771	20
0.0656809	20
0.0656848	20
0.0656931	20
0.065699	20
0.0657051	20
0.0657282	20
0.0657397	20
0.065741	20
0.0657462	20
0.0657721	20
0.065786	20
0.0658712	20
0.0659017	20
0.0659037	20
0.0659498	20
0.066081	20
0.0660906	20
0.0661616	20
0.066329	20
0.0663471	20
0.0663526	20
0.0663592	20
0.0664255	20
0.0665496	20
0.066601	20
0.0674406	20
0.0677322	20
0.0680635	20
0.0680661	20
0.0680661	20
0.0680671	20
0.0680714	20
0.0680809	20
0.0681121	20
0.0681301	20
0.0681501	20
0.0709145	20
0.0709148	20
0.070915	20
0.0709152	20
0.0709153	20
0.0709156	20
0.0709158	20
0.0709165	20
0.0709181	20
0.0709181	20
0.0709182	20
0.0709185	20
0.0709186	20
0.0709196	20
0.0709197	20
0.0709199	20
0.0709209	20
0.0709214	20
0.0709215	20
0.0709216	20
0.0709222	20
0.0709232	20
0.0709245	20
0.0709251	20
0.0709252	20
0.0709256	20
0.0709266	20
0.0709284	20
0.0709295	20
0.0709325	20
0.0709346	20
0.0709364	20
0.0709376	20
0.0709382	20
0.0709386	20
0.0709491	20
0.0709498	20
0.0709519	20
0.0709533	20
0.070955	20
0.0709697	20
0.0709732	20
0.0709787	20
0.0709833	20
0.0710141	20
0.0710313	20
0.0710352	20
0.0710532	20
0.0710553	20
0.0711391	20
0.0722087	20
0.0781716	20
0.0781719	20
0.0781748	20
0.0781749	20
0.0781786	20
0.0781787	20
0.0781832	20
0.078184	20
0.0782112	20
0.0782601	20
0.0782608	20
0.0783023	20
0.0807546	20
0.080758	20
0.0807585	20
0.0808691	20
0.0808958	20
0.0809308	20
0.0810522	20
0.081116	20
0.081283	20
0.0813284	20
0.081796	20
0.0817983	20
0.0818236	20
0.0818277	20
0.0824437	20
0.0825624	20
0.0825668	20
0.0827209	20
0.0855074	20
0.085526	20
0.0870935	20
0.0871113	20
0.0872241	20
0.0872259	20
0.0874025	20
0.0900619	20
0.0900628	20
0.090067	20
0.0900988	20
0.0901091	20
0.0902132	20
0.0907831	20
0.0907928	20
0.090809	20
0.0923803	20
0.0925093	20
0.0926184	20
0.0926242	20
0.0941453	20
0.0941488	20
0.0941489	20
0.0941533	20
0.0941582	20
0.0941673	20
0.0941856	20
0.0948225	20
0.0948454	20
0.0948926	20
0.0957729	20
0.0975149	20
0.0975253	20
0.0993102	20
0.0993115	20
0.099317	20
0.0994881	20
0.0997243	20
0.0997262	20
0.0997752	20
0.103581	20
0.103589	20
0.103783	20
0.104175	20
0.104178	20
0.104185	20
0.104186	20
0.10419	20
0.104198	20
0.104205	20
0.104205	20
0.104212	20
0.104656	20
0.10473	20
0.10474	20
0.10564	20
0.105788	20
0.105799	20
0.107728	20
0.107729	20
0.107739	20
0.107746	20
0.107747	20
0.107748	20
0.107752	20
0.107758	20
0.107809	20
0.107847	20
0.109538	20
0.109612	20
0.109626	20
0.109627	20
0.109631	20
0.109638	20
0.109871	20
0.109874	20
0.109875	20
0.114713	20
0.114713	20
0.114796	20
0.114796	20
0.11592	20
0.115923	20
0.116139	20
0.116141	20
0.116251	20
0.116834	20
0.116877	20
0.117784	20
0.121562	20
0.124911	20
0.124922	20
0.124938	20
0.125001	20
0.125002	20
0.125321	20
0.125373	20
0.125533	20
0.12554	20
0.126189	20
0.136825	20
0.136825	20
0.136827	20
0.136827	20
0.136837	20
0.136838	20
0.136852	20
0.136918	20
0.136919	20
0.137333	20
0.137358	20
0.13736	20
0.138295	20
0.138363	20
0.138367	20
0.13839	20
0.138428	20
0.13843	20
0.138793	20
0.138895	20
0.138896	20
0.142466	20
0.144793	20
0.144795	20
0.144857	20
0.145069	20
0.145124	20
0.145125	20
0.146421	20
0.146462	20
0.146462	20
0.147566	20
0.147678	20
0.156071	20
0.166047	20
0.166047	20
0.166047	20
0.166052	20
0.166053	20
0.166301	20
0.166303	20
0.172454	20
0.172455	20
0.175239	20
0.17524	20
0.175242	20
0.175294	20
0.188423	20
0.188424	20
0.188425	20
0.188428	20
0.188438	20
0.188496	20
0.188573	20
0.188576	20
0.191925	20
0.191926	20
0.191944	20
0.192154	20
0.194311	20
0.194464	20
0.194471	20
0.194814	20
0.194848	20
0.195485	20
0.195488	20
0.195489	20
0.199966	20
0.199975	20
0.199975	20
0.200511	20
0.200602	20
0.200622	20
0.202487	20
0.202487	20
0.202651	20
0.20266	20
0.209277	20
0.209278	20
0.20928	20
0.209282	20
0.209484	20
0.209496	20
0.209515	20
0.213082	20
0.213106	20
0.213179	20
0.213188	20
0.215505	20
0.215881	20
0.215888	20
0.22264	20
0.222645	20
0.222742	20
0.222749	20
0.222749	20
0.223158	20
0.223162	20
0.22328	20
0.223386	20
0.223389	20
0.223408	20
0.225577	20
0.225581	20
0.22563	20
0.226692	20
0.227109	20
0.227277	20
0.227288	20
0.228015	20
0.228019	20
0.228077	20
0.228168	20
0.228256	20
0.228633	20
0.236092	20
0.236113	20
0.236173	20
0.236176	20
0.236176	20
0.236194	20
0.236194	20
0.241035	20
0.241175	20
0.241179	20
0.247787	20
0.247788	20
0.248844	20
0.248862	20
0.248862	20
0.248921	20
0.248921	20
0.249743	20
0.24986	20
0.257661	20
0.257662	20
0.257782	20
0.257791	20
0.257814	20
0.257816	20
0.257816	20
0.259255	20
0.259262	20
0.259271	20
0.259278	20
0.259283	20
0.259425	20
0.260827	20
0.260832	20
0.260835	20
0.261405	20
0.261562	20
0.261574	20
0.261574	20
0.263284	20
0.263334	20
0.263359	20
0.270236	20
0.270255	20
0.270269	20
0.27027	20
0.270494	20
0.270495	20
0.270497	20
0.272316	20
0.272316	20
0.272381	20
0.272455	20
0.277594	20
0.277612	20
0.277618	20
0.277908	20
0.277908	20
0.277911	20
0.277922	20
0.277924	20
0.279866	20
0.285273	20
0.285461	20
0.289603	20
0.289603	20
0.289603	20
0.289624	20
0.289625	20
0.289637	20
0.289649	20
0.290143	20
0.290176	20
0.290181	20
0.291984	20
0.292058	20
0.292062	20
0.292336	20
0.294884	20
0.295084	20
0.295091	20
0.295861	20
0.295989	20
0.29599	20
0.302625	20
0.302627	20
0.302627	20
0.302705	20
0.302711	20
0.303031	20
0.303031	20
0.303071	20
0.303073	20
0.303692	20
0.304287	20
0.304295	20
0.308454	20
0.30855	20
0.308558	20
0.312792	20
0.312793	20
0.312806	20
0.31281	20
0.312961	20
0.319317	20
0.319326	20
0.319341	20
0.319414	20
0.319419	20
0.319423	20
0.323443	20
0.323445	20
0.323529	20
0.324336	20
0.324369	20
0.324369	20
0.32626	20
0.32626	20
0.326262	20
0.326319	20
0.32632	20
0.327694	20
0.329973	20
0.329989	20
0.335482	20
0.335482	20
0.335493	20
0.336764	20
0.337171	20
0.337179	20
0.339226	20
0.339271	20
0.339275	20
0.343928	20
0.344295	20
0.352204	20
0.352222	20
0.352261	20
0.352263	20
0.352348	20
0.352355	20
0.35517	20
0.355201	20
0.355547	20
0.355548	20
0.35555	20
0.355658	20
0.358229	20
0.358579	20
0.358595	20
0.358614	20
0.358668	20
0.358676	20
0.360251	20
0.360322	20
0.360343	20
0.360575	20
0.360643	20
0.360728	20
0.360774	20
0.368424	20
0.369276	20
0.369277	20
0.369296	20
0.37207	20
0.372071	20
0.3721	20
0.372102	20
0.372104	20
0.3723	20
0.372301	20
0.373912	20
0.373917	20
0.373921	20
0.375888	20
0.375893	20
0.375897	20
0.394312	20
0.394313	20
0.394318	20
0.394322	20
0.39447	20
0.394475	20
0.398266	20
0.401379	20
0.401384	20
0.401461	20
0.401461	20
0.402412	20
0.402424	20
0.402426	20
0.405112	20
0.405147	20
0.405149	20
0.40769	20
0.411889	20
0.413359	20
0.413359	20
0.41337	20
0.413377	20
0.41338	20
0.417315	20
0.417321	20
0.417322	20
0.419352	20
0.419399	20
0.419402	20
0.419402	20
0.41942	20
0.432223	20
0.432269	20
0.43227	20
0.433256	20
0.433266	20
0.433277	20
0.433281	20
0.43511	20
0.435139	20
0.43514	20
0.435188	20
0.43519	20
0.435391	20
0.435424	20
0.43543	20
0.435904	20
0.436083	20
0.436167	20
0.436167	20
0.436228	20
0.436236	20
0.439365	20
0.439366	20
0.439456	20
0.439461	20
0.439909	20
0.439966	20
0.439978	20
0.440178	20
0.446056	20
0.446846	20
0.446929	20
0.448927	20
0.450279	20
0.450774	20
0.452196	20
0.452232	20
0.452278	20
0.452283	20
0.452578	20
0.45266	20
0.452663	20
0.452785	20
0.452866	20
0.452872	20
0.454272	20
0.454317	20
0.454319	20
0.458049	20
0.458085	20
0.458086	20
0.458309	20
0.458314	20
0.47307	20
0.473075	20
0.473076	20
0.473097	20
0.473155	20
0.473155	20
0.479906	20
0.479909	20
0.47993	20
0.479931	20
0.482411	20
0.482482	20
0.482484	20
0.486119	20
0.486194	20
0.486198	20
0.486244	20
0.486248	20
0.486254	20
0.488151	20
0.488221	20
0.488225	20
0.49115	20
0.491165	20
0.491165	20
0.495138	20
0.495437	20
0.497472	20
0.497502	20
0.505752	20
0.505754	20
0.505756	20
0.50577	20
0.505909	20
0.505915	20
0.505923	20
0.505939	20
0.508333	20
0.508333	20
0.508343	20
0.508481	20
0.510122	20
0.5102	20
0.510201	20
0.512008	20
0.512035	20
0.512046	20
0.512047	20
0.523473	20
0.523476	20
0.52556	20
0.525568	20
0.525577	20
0.525577	20
0.525728	20
0.525729	20
0.525885	20
0.525968	20
0.52597	20
0.52983	20
0.529873	20
0.529874	20
0.529886	20
0.52989	20
0.530515	20
0.543722	20
0.543723	20
0.543723	20
0.543736	20
0.543736	20
0.546269	20
0.546389	20
0.54639	20
0.555386	20
0.555496	20
0.555499	20
0.555506	20
0.555519	20
0.555612	20
0.555612	20
0.558495	20
0.564685	20
0.564775	20
0.572971	20
0.572972	20
0.57298	20
0.572981	20
0.573408	20
0.573409	20
0.575622	20
0.575653	20
0.575654	20
0.585373	20
0.589178	20
0.589181	20
0.589322	20
0.589344	20
0.589346	20
0.591597	20
0.591724	20
0.591727	20
0.596875	20
0.596875	20
0.596883	20
0.596892	20
0.596951	20
0.596981	20
0.603381	20
0.603385	20
0.603388	20
0.60419	20
0.604297	20
0.604304	20
0.609197	20
0.609219	20
0.60924	20
0.61831	20
0.61831	20
0.618311	20
0.619064	20
0.619098	20
0.619098	20
0.619115	20
0.619135	20
0.619886	20
0.61992	20
0.619976	20
0.620903	20
0.620948	20
0.622827	20
0.62283	20
0.623081	20
0.625941	20
0.625943	20
0.625948	20
0.631725	20
0.631727	20
0.642433	20
0.642433	20
0.642433	20
0.642434	20
0.642571	20
0.642579	20
0.642716	20
0.646153	20
0.646171	20
0.646213	20
0.646224	20
0.646279	20
0.646281	20
0.646327	20
0.650023	20
0.650032	20
0.650112	20
0.653045	20
0.653046	20
0.653065	20
0.653105	20
0.653258	20
0.656475	20
0.656673	20
0.656675	20
0.668894	20
0.668894	20
0.668896	20
0.668905	20
0.668912	20
0.669197	20
0.677926	20
0.677929	20
0.677933	20
0.678041	20
0.683213	20
0.683213	20
0.683232	20
0.683252	20
0.684331	20
0.684335	20
0.68436	20
0.686469	20
0.686499	20
0.686508	20
0.68655	20
0.691104	20
0.691105	20
0.691109	20
0.691273	20
0.6916	20
0.69163	20
0.691632	20
0.692146	20
0.692174	20
0.692174	20
0.692853	20
0.692904	20
0.692923	20
0.69296	20
0.693434	20
0.693452	20
0.693505	20
0.695136	20
0.706109	20
0.706111	20
0.706132	20
0.706172	20
0.706175	20
0.70649	20
0.711515	20
0.71238	20
0.712607	20
0.712613	20
0.712939	20
0.726896	20
0.726898	20
0.726899	20
0.728806	20
0.728896	20
0.728898	20
0.728918	20
0.735153	20
0.735155	20
0.735184	20
0.735346	20
0.735348	20
0.738577	20
0.738587	20
0.738589	20
0.740413	20
0.740433	20
0.740435	20
0.745291	20
0.745293	20
0.751535	20
0.751537	20
0.751544	20
0.752068	20
0.752069	20
0.752069	20
0.754108	20
0.754112	20
0.754145	20
0.754432	20
0.754433	20
0.757241	20
0.757256	20
0.757257	20
0.758774	20
0.758785	20
0.758788	20
0.759826	20
0.759909	20
0.759912	20
0.763301	20
0.763438	20
0.763438	20
0.764851	20
0.771209	20
0.7713	20
0.787327	20
0.787327	20
0.78734	20
0.797454	20
0.797457	20
0.798651	20
0.798663	20
0.798664	20
0.798851	20
0.798863	20
0.80618	20
0.806293	20
0.806293	20
0.806297	20
0.806391	20
0.806565	20
0.806565	20
0.806568	20
0.810089	20
0.810242	20
0.810242	20
0.811467	20
0.812109	20
0.812138	20
0.81214	20
0.812145	20
0.817022	20
0.817152	20
0.817154	20
0.81844	20
0.818455	20
0.818462	20
0.82541	20
0.825416	20
0.825417	20
0.826046	20
0.826057	20
0.826058	20
0.826305	20
0.826316	20
0.826408	20
0.826409	20
0.827736	20
0.827747	20
0.827749	20
0.82921	20
0.829233	20
0.829236	20
0.839977	20
0.839977	20
0.840708	20
0.84073	20
0.840731	20
0.840731	20
0.840853	20
0.840853	20
0.84097	20
0.840975	20
0.84104	20
0.841156	20
0.841167	20
0.852371	20
0.852428	20
0.852443	20
0.852449	20
0.85653	20
0.856531	20
0.856582	20
0.856582	20
0.860536	20
0.860581	20
0.860583	20
0.861622	20
0.86164	20
0.861644	20
0.863423	20
0.8635	20
0.8635	20
0.866533	20
0.866536	20
0.866537	20
0.867891	20
0.867897	20
0.867898	20
0.868002	20
0.868004	20
0.868316	20
0.868358	20
0.868365	20
0.871787	20
0.871916	20
0.871922	20
0.877513	20
0.877514	20
0.877516	20
0.877597	20
0.877599	20
0.878285	20
0.878408	20
0.87843	20
0.895593	20
0.895593	20
0.895596	20
0.895597	20
0.895598	20
0.897026	20
0.89704	20
0.897127	20
0.897131	20
0.8988	20
0.898897	20
0.898972	20
0.898977	20
0.899264	20
0.899432	20
0.899448	20
0.901015	20
0.901053	20
0.901058	20
0.901295	20
0.901333	20
0.901363	20
0.902695	20
0.902702	20
0.902705	20
0.902942	20
0.915679	20
0.915711	20
0.915711	20
0.915714	20
0.915717	20
0.921319	20
0.921322	20
0.921323	20
0.931936	20
0.931954	20
0.931954	20
0.933069	20
0.933069	20
0.933112	20
0.937617	20
0.937631	20
0.937647	20
0.93793	20
0.945037	20
0.945042	20
0.945073	20
0.945087	20
0.945088	20
0.945117	20
0.945121	20
0.951505	20
0.951517	20
0.951527	20
0.955085	20
0.955106	20
0.955109	20
0.955283	20
0.955488	20
0.955523	20
0.955875	20
0.955883	20
0.955935	20
0.955951	20
0.962378	20
0.962378	20
0.962522	20
0.962552	20
0.962552	20
0.968575	20
0.968625	20
0.96863	20
0.972316	20
0.972335	20
0.972335	20
0.972434	20
0.972435	20
0.972754	20
0.973085	20
0.982564	20
0.982633	20
0.985035	20
0.985043	20
0.985045	20
0.985158	20
0.98759	20
0.987593	20
0.987697	20
0.989121	20
0.991828	20
0.991837	20
0.99184	20
0.998188	20
0.998219	20
0.99822	20
0.998317	20
1.00072	20
1.00076	20
1.00077	20
1.00083	20
1.00555	20
1.00555	20
1.00557	20
1.0141	20
1.01412	20
1.01487	20
1.01488	20
1.01488	20
1.01488	20
1.01701	20
1.0236	20
1.02362	20
1.02362	20
1.02369	20
1.02928	20
1.02928	20
1.02928	20
1.03041	20
1.03042	20
1.03045	20
1.03698	20
1.05524	20
1.05524	20
1.05524	20
1.05525	20
1.05527	20
1.05759	20
1.05759	20
1.06781	20
1.06787	20
1.06802	20
1.06802	20
1.07181	20
1.07181	20
1.07182	20
1.07182	20
1.07191	20
1.07721	20
1.07721	20
1.08406	20
1.08406	20
1.08406	20
1.08407	20
1.08818	20
1.0882	20
1.08828	20
1.08829	20
1.09009	20
1.09018	20
1.09019	20
1.09037	20
1.09037	20
1.09038	20
1.09173	20
1.09182	20
1.09182	20
1.09194	20
1.09385	20
1.09386	20
1.09386	20
1.09895	20
1.09896	20
1.10475	20
1.1048	20
1.1048	20
1.10482	20
1.10482	20
1.10485	20
1.10486	20
1.10492	20
1.10711	20
1.10712	20
1.10712	20
1.11139	20
1.11139	20
1.11143	20
1.11642	20
1.11645	20
1.11648	20
1.11674	20
1.12372	20
1.12372	20
1.12375	20
1.12597	20
1.12597	20
1.12609	20
1.12626	20
1.12883	20
1.12894	20
1.12894	20
1.12895	20
1.14203	20
1.14204	20
1.14204	20
1.14211	20
1.14629	20
1.14632	20
1.14641	20
1.14755	20
1.14755	20
1.14763	20
1.15729	20
1.15732	20
1.15735	20
1.15737	20
1.15798	20
1.15804	20
1.15814	20
1.16318	20
1.16323	20
1.16326	20
1.16328	20
1.16632	20
1.16847	20
1.16848	20
1.16851	20
1.16867	20
1.16867	20
1.16883	20
1.18093	20
1.18094	20
1.18106	20
1.18116	20
1.18116	20
1.18116	20
1.18689	20
1.18699	20
1.18699	20
1.18711	20
1.18852	20
1.18852	20
1.18874	20
1.19232	20
1.19233	20
1.19233	20
1.19933	20
1.19933	20
1.19941	20
1.19952	20
1.19953	20
1.20316	20
1.20318	20
1.20318	20
1.20318	20
1.21355	20
1.21414	20
1.21415	20
1.21419	20
1.21422	20
1.21422	20
1.21722	20
1.22034	20
1.22935	20
1.22937	20
1.22937	20
1.22944	20
1.23375	20
1.23376	20
1.23379	20
1.23384	20
1.23384	20
1.23664	20
1.23665	20
1.23665	20
1.23794	20
1.23795	20
1.23795	20
1.24015	20
1.24016	20
1.24016	20
1.24274	20
1.24277	20
1.24281	20
1.24281	20
1.24546	20
1.2455	20
1.2455	20
1.24777	20
1.24781	20
1.24781	20
1.25486	20
1.25487	20
1.25487	20
1.27599	20
1.27599	20
1.27601	20
1.27601	20
1.30847	20
1.30847	20
1.30847	20
1.30861	20
1.30861	20
1.31078	20
1.31777	20
1.31777	20
1.31786	20
1.33344	20
1.33344	20
1.33346	20
1.33364	20
1.33365	20
1.33366	20
1.34174	20
1.3419	20
1.34191	20
1.34438	20
1.34439	20
1.34439	20
1.35451	20
1.35452	20
1.35464	20
1.35464	20
1.35464	20
1.35914	20
1.35917	20
1.35918	20
1.35943	20
1.35984	20
1.35989	20
1.35994	20
1.35994	20
1.36169	20
1.3617	20
1.3617	20
1.36671	20
1.36912	20
1.36913	20
1.36919	20
1.36919	20
1.36967	20
1.3697	20
1.3697	20
1.37116	20
1.37429	20
1.37431	20
1.37449	20
1.38618	20
1.38618	20
1.38635	20
1.39155	20
1.39164	20
1.39164	20
1.39168	20
1.40452	20
1.40454	20
1.40456	20
1.4046	20
1.40461	20
1.40645	20
1.4068	20
1.4068	20
1.40684	20
1.40684	20
1.41199	20
1.412	20
1.41201	20
1.41725	20
1.42524	20
1.42525	20
1.42525	20
1.42527	20
1.42538	20
1.42539	20
1.43315	20
1.43317	20
1.43317	20
1.44373	20
1.44373	20
1.44379	20
1.44384	20
1.44385	20
1.46686	20
1.46686	20
1.46913	20
1.46917	20
1.46917	20
1.46917	20
1.47985	20
1.47986	20
1.47986	20
1.47987	20
1.47987	20
1.48128	20
1.48583	20
1.48583	20
1.48584	20
1.48584	20
1.48604	20
1.48604	20
1.48605	20
1.48608	20
1.48608	20
1.49081	20
1.49084	20
1.49084	20
1.49264	20
1.49427	20
1.49697	20
1.49698	20
1.4971	20
1.51695	20
1.51695	20
1.51697	20
1.51697	20
1.51698	20
1.51701	20
1.51701	20
1.51969	20
1.51972	20
1.51972	20
1.52157	20
1.52161	20
1.52161	20
1.52693	20
1.527	20
1.52703	20
1.52703	20
1.53247	20
1.53251	20
1.53252	20
1.53827	20
1.5383	20
1.5383	20
1.53943	20
1.54547	20
1.54547	20
1.56013	20
1.56014	20
1.56016	20
1.56016	20
1.56018	20
1.56018	20
1.56449	20
1.56452	20
1.56453	20
1.56453	20
1.57326	20
1.57331	20
1.57331	20
1.58218	20
1.58227	20
1.58227	20
1.58489	20
1.58489	20
1.58494	20
1.58494	20
1.6017	20
1.60178	20
1.60178	20
1.60184	20
1.60184	20
1.61037	20
1.61042	20
1.61049	20
1.61049	20
1.61295	20
1.61296	20
1.61301	20
1.61301	20
1.61323	20
1.61323	20
1.61745	20
1.62052	20
1.62056	20
1.624	20
1.624	20
1.624	20
1.62402	20
1.62402	20
1.6257	20
1.62571	20
1.62571	20
1.62984	20
1.62987	20
1.62988	20
1.63239	20
1.63241	20
1.63242	20
1.63283	20
1.63295	20
1.63299	20
1.63306	20
1.63306	20
1.64243	20
1.64243	20
1.64243	20
1.64244	20
1.6434	20
1.64341	20
1.64341	20
1.65918	20
1.65918	20
1.65918	20
1.65919	20
1.6592	20
1.66772	20
1.66778	20
1.66778	20
1.66829	20
1.66832	20
1.66832	20
1.67231	20
1.67232	20
1.67242	20
1.67242	20
1.67247	20
1.67248	20
1.67255	20
1.67255	20
1.67423	20
1.67423	20
1.67425	20
1.67426	20
1.69208	20
1.69208	20
1.69213	20
1.69214	20
1.69266	20
1.69699	20
1.69699	20
1.7036	20
1.7037	20
1.70371	20
1.70373	20
1.70373	20
1.71496	20
1.71497	20
1.71497	20
1.71509	20
1.7151	20
1.71887	20
1.71889	20
1.7189	20
1.72327	20
1.72328	20
1.72353	20
1.72353	20
1.72686	20
1.72691	20
1.72691	20
1.72787	20
1.72797	20
1.72808	20
1.72808	20
1.73344	20
1.73363	20
1.73365	20
1.75792	20
1.75793	20
1.75797	20
1.75798	20
1.758	20
1.75802	20
1.75802	20
1.78784	20
1.78787	20
1.78788	20
1.78791	20
1.78793	20
1.79039	20
1.79073	20
1.79076	20
1.79077	20
1.79078	20
1.79127	20
1.79127	20
1.7913	20
1.79132	20
1.79421	20
1.80002	20
1.80003	20
1.80003	20
1.80137	20
1.80139	20
1.80139	20
1.80499	20
1.80507	20
1.80507	20
1.81225	20
1.81227	20
1.81227	20
1.81364	20
1.81364	20
1.81365	20
1.81365	20
1.81365	20
1.8157	20
1.81578	20
1.81579	20
1.83186	20
1.83186	20
1.83186	20
1.83197	20
1.83197	20
1.8323	20
1.83239	20
1.8324	20
1.83296	20
1.84007	20
1.84011	20
1.84017	20
1.84018	20
1.84138	20
1.85969	20
1.85969	20
1.85981	20
1.85981	20
1.85985	20
1.85986	20
1.86011	20
1.86011	20
1.8602	20
1.86021	20
1.86053	20
1.86977	20
1.8699	20
1.87013	20
1.87015	20
1.87535	20
1.8755	20
1.8755	20
1.8801	20
1.88048	20
1.88048	20
1.88559	20
1.88565	20
1.88565	20
1.89114	20
1.89114	20
1.89127	20
1.89128	20
1.89652	20
1.89654	20
1.89654	20
1.90089	20
1.90093	20
1.90093	20
1.90101	20
1.90103	20
1.90802	20
1.90809	20
1.90809	20
1.90809	20
1.90937	20
1.90938	20
1.90939	20
1.91637	20
1.91643	20
1.91644	20
1.9371	20
1.93715	20
1.93715	20
1.93742	20
1.93743	20
1.93918	20
1.93942	20
1.93946	20
1.96366	20
1.96366	20
1.96367	20
1.96367	20
1.96372	20
1.96372	20
1.96537	20
1.98049	20
1.98057	20
1.98065	20
1.98065	20
1.98069	20
1.98069	20
1.99011	20
1.99011	20
2.00524	20
2.02362	20
2.02364	20
2.02364	20
2.02364	20
2.02364	20
2.03967	20
2.03968	20
2.03968	20
2.04765	20
2.04769	20
2.04769	20
2.04788	20
2.04789	20
2.04896	20
2.04898	20
2.04898	20
2.04916	20
2.05967	20
2.05971	20
2.05974	20
2.05975	20
2.06224	20
2.06518	20
2.06518	20
2.06524	20
2.0656	20
2.06563	20
2.06564	20
2.0657	20
2.06572	20
2.07175	20
2.07176	20
2.07179	20
2.07423	20
2.07429	20
2.07429	20
2.07443	20
2.0745	20
2.07622	20
2.07624	20
2.07627	20
2.07858	20
2.07863	20
2.07867	20
2.07869	20
2.07954	20
2.07958	20
2.07961	20
2.07966	20
2.09239	20
2.09239	20
2.09256	20
2.09258	20
2.10456	20
2.10459	20
2.1046	20
2.10669	20
2.10673	20
2.10681	20
2.10681	20
2.11731	20
2.11735	20
2.11744	20
2.11744	20
2.13256	20
2.13256	20
2.13264	20
2.13264	20
2.13267	20
2.13283	20
2.13327	20
2.13328	20
2.13343	20
2.13716	20
2.13718	20
2.13724	20
2.14537	20
2.1454	20
2.17568	20
2.17568	20
2.17572	20
2.17572	20
2.17574	20
2.18174	20
2.18174	20
2.18189	20
2.19195	20
2.19195	20
2.19195	20
2.19196	20
2.19219	20
2.19537	20
2.19537	20
2.19546	20
2.1962	20
2.20346	20
2.20348	20
2.20348	20
2.20351	20
2.20694	20
2.23469	20
2.2347	20
2.23478	20
2.23478	20
2.25902	20
2.25909	20
2.25909	20
2.26029	20
2.26029	20
2.26042	20
2.26043	20
2.26049	20
2.26297	20
2.26298	20
2.26298	20
2.27134	20
2.27135	20
2.27135	20
2.27329	20
2.2733	20
2.27343	20
2.29083	20
2.29084	20
2.29086	20
2.30062	20
2.30063	20
2.30068	20
2.30354	20
2.30362	20
2.30363	20
2.30363	20
2.35077	20
2.35077	20
2.35077	20
2.35952	20
2.35954	20
2.35954	20
2.35955	20
2.36522	20
2.36522	20
2.36524	20
2.37428	20
2.37428	20
2.37439	20
2.37701	20
2.37701	20
2.37717	20
2.38278	20
2.38279	20
2.38285	20
2.38286	20
2.38286	20
2.38656	20
2.38917	20
2.38925	20
2.38927	20
2.38946	20
2.38952	20
2.43568	20
2.43568	20
2.43568	20
2.4357	20
2.43603	20
2.43606	20
2.43607	20
2.43607	20
2.44371	20
2.44371	20
2.44371	20
2.44372	20
2.46432	20
2.46432	20
2.47354	20
2.47355	20
2.47355	20
2.47368	20
2.475	20
2.47501	20
2.47501	20
2.47509	20
2.48725	20
2.48725	20
2.49301	20
2.49303	20
2.4931	20
2.4931	20
2.49337	20
2.52267	20
2.52267	20
2.52268	20
2.52269	20
2.53097	20
2.53097	20
2.53103	20
2.53397	20
2.53397	20
2.534	20
2.53404	20
2.54396	20
2.54396	20
2.54411	20
2.55467	20
2.55468	20
2.55468	20
2.55524	20
2.55524	20
2.5554	20
2.56316	20
2.56784	20
2.56789	20
2.56789	20
2.58546	20
2.58547	20
2.58547	20
2.58575	20
2.59396	20
2.59396	20
2.59407	20
2.59732	20
2.59732	20
2.59733	20
2.60703	20
2.60703	20
2.60704	20
2.60716	20
2.61454	20
2.62592	20
2.62597	20
2.62598	20
2.62598	20
2.62966	20
2.62966	20
2.62969	20
2.62977	20
2.63205	20
2.64417	20
2.64421	20
2.64421	20
2.66103	20
2.66104	20
2.66104	20
2.66104	20
2.66112	20
2.66377	20
2.66377	20
2.66383	20
2.72609	20
2.72609	20
2.72609	20
2.72615	20
2.73087	20
2.73095	20
2.73096	20
2.73109	20
2.73506	20
2.75674	20
2.75676	20
2.75678	20
2.7569	20
2.80431	20
2.80431	20
2.80435	20
2.80436	20
2.80446	20
2.81575	20
2.81575	20
2.81575	20
2.81583	20
2.82781	20
2.82782	20
2.82791	20
2.82792	20
2.84356	20
2.84358	20
2.84358	20
2.84392	20
2.84393	20
2.84394	20
2.84396	20
2.84897	20
2.84897	20
2.84911	20
2.85414	20
2.85414	20
2.85415	20
2.85415	20
2.85439	20
2.85447	20
2.85449	20
2.8546	20
2.86209	20
2.86209	20
2.86211	20
2.86222	20
2.8696	20
2.86961	20
2.86966	20
2.86984	20
2.86986	20
2.86988	20
2.87221	20
2.90895	20
2.90896	20
2.909	20
2.90901	20
2.90915	20
2.92172	20
2.92177	20
2.92177	20
2.92205	20
2.9468	20
2.9468	20
2.9469	20
2.95456	20
2.95457	20
2.95458	20
2.95458	20
2.95673	20
2.96254	20
2.96265	20
2.96268	20
2.96732	20
2.96735	20
2.96737	20
2.97221	20
2.97224	20
2.97226	20
2.98115	20
2.98115	20
2.98118	20
2.98119	20
2.9812	20
2.98778	20
2.98778	20
2.9878	20
2.98785	20
2.99574	20
2.99575	20
2.99577	20
3.00321	20
3.00322	20
3.00324	20
3.00799	20
3.00799	20
3.008	20
3.01237	20
3.01238	20
3.01238	20
3.0125	20
3.01666	20
3.01668	20
3.01675	20
3.02098	20
3.02099	20
3.02099	20
3.02106	20
3.02398	20
3.024	20
3.024	20
3.03002	20
3.03008	20
3.03437	20
3.03445	20
3.03452	20
3.03888	20
3.03889	20
3.03891	20
3.03891	20
3.0391	20
3.03911	20
3.03913	20
3.04008	20
3.04419	20
3.04419	20
3.0442	20
3.05263	20
3.05273	20
3.05274	20
3.061	20
3.06104	20
3.0612	20
3.06492	20
3.06493	20
3.06493	20
3.06507	20
3.06725	20
3.06728	20
3.06735	20
3.06754	20
3.07265	20
3.07265	20
3.07266	20
3.07515	20
3.07516	20
3.07516	20
3.07666	20
3.07669	20
3.07671	20
3.07679	20
3.0846	20
3.08463	20
3.08464	20
3.101	20
3.101	20
3.10101	20
3.11864	20
3.11865	20
3.11867	20
3.1187	20
3.1188	20
3.1217	20
3.1217	20
3.12172	20
3.1307	20
3.13083	20
3.13149	20
3.13152	20
3.13154	20
3.13159	20
3.14879	20
3.14879	20
3.1488	20
3.1488	20
3.14885	20
3.15087	20
3.15093	20
3.15096	20
3.15096	20
3.15938	20
3.1594	20
3.1594	20
3.16189	20
3.1619	20
3.16206	20
3.16349	20
3.16374	20
3.16376	20
3.16377	20
3.1666	20
3.16662	20
3.16662	20
3.16662	20
3.16679	20
3.16682	20
3.16684	20
3.17195	20
3.17195	20
3.17197	20
3.17197	20
3.18655	20
3.18655	20
3.18657	20
3.18658	20
3.19426	20
3.19438	20
3.19438	20
3.19996	20
3.20001	20
3.20003	20
3.20004	20
3.20465	20
3.20466	20
3.20474	20
3.20475	20
3.21043	20
3.21049	20
3.21049	20
3.2217	20
3.22179	20
3.22186	20
3.22186	20
3.22233	20
3.22235	20
3.22242	20
3.22243	20
3.23205	20
3.23216	20
3.23216	20
3.23656	20
3.2366	20
3.2366	20
3.23844	20
3.23844	20
3.23845	20
3.23845	20
3.24882	20
3.24901	20
3.24901	20
3.28503	20
3.28503	20
3.28508	20
3.28508	20
3.30076	20
3.30076	20
3.30076	20
3.3048	20
3.30657	20
3.30657	20
3.30661	20
3.30699	20
3.307	20
3.32067	20
3.32068	20
3.32098	20
3.32098	20
3.3299	20
3.33406	20
3.33406	20
3.33409	20
3.33424	20
3.33424	20
3.3515	20
3.35186	20
3.35186	20
3.36494	20
3.3651	20
3.36511	20
3.38245	20
3.38252	20
3.38252	20
3.38676	20
3.3868	20
3.3868	20
3.39207	20
3.3921	20
3.3921	20
3.41228	20
3.41228	20
3.41231	20
3.41231	20
3.41366	20
3.41367	20
3.41367	20
3.41485	20
3.41488	20
3.41488	20
3.419	20
3.41921	20
3.41921	20
3.42642	20
3.42644	20
3.42644	20
3.43751	20
3.43763	20
3.43763	20
3.46878	20
3.46878	20
3.46886	20
3.46887	20
3.47152	20
3.47153	20
3.47153	20
3.48826	20
3.48827	20
3.48835	20
3.48843	20
3.48843	20
3.49745	20
3.49754	20
3.49754	20
3.50158	20
3.50193	20
3.50193	20
3.50487	20
3.50489	20
3.50489	20
3.50489	20
3.51016	20
3.51016	20
3.51016	20
3.51031	20
3.51032	20
3.51127	20
3.51127	20
3.51127	20
3.51451	20
3.51456	20
3.51456	20
3.51601	20
3.51609	20
3.51609	20
3.52875	20
3.52876	20
3.52876	20
3.53366	20
3.53367	20
3.53367	20
3.55191	20
3.55191	20
3.55195	20
3.55195	20
3.55731	20
3.55742	20
3.55742	20
3.57264	20
3.57266	20
3.57268	20
3.57268	20
3.59235	20
3.59237	20
3.59238	20
4.8983	20
4.8983	20
4.89877	20
4.90352	20
4.90353	20
4.91007	20
4.9101	20
4.9101	20
4.91155	20
4.91155	20
4.91156	20
4.92338	20
4.92351	20
4.92351	20
4.92807	20
4.92813	20
4.92813	20
4.92814	20
4.92814	20
4.9403	20
4.94032	20
4.94033	20
4.94067	20
4.94122	20
4.94122	20
4.94123	20
4.94123	20
4.97057	20
4.97057	20
4.97069	20
4.97069	20
4.97176	20
4.97176	20
4.97177	20
4.98098	20
4.98107	20
4.98107	20
4.98539	20
4.98551	20
4.98551	20
4.99248	20
4.99248	20
4.99249	20
4.99249	20
4.99599	20
4.99615	20
4.99615	20
5.01371	20
5.01371	20
5.01388	20
5.01388	20
5.02628	20
5.02629	20
5.0263	20
5.0263	20
5.06996	20
5.06997	20
5.06998	20
5.0701	20
5.0701	20
5.07262	20
5.07263	20
5.07264	20
5.08486	20
5.08492	20
5.08492	20
5.08652	20
5.08692	20
5.08693	20
5.0924	20
5.10604	20
5.10605	20
5.10606	20
5.10607	20
5.10607	20
5.11445	20
5.11446	20
5.11447	20
5.1239	20
5.12391	20
5.12392	20
5.14318	20
5.14769	20
5.14776	20
5.14777	20
5.14782	20
5.14797	20
5.14797	20
5.14901	20
5.14902	20
5.14902	20
5.15263	20
5.15264	20
5.15264	20
5.15456	20
5.15456	20
5.15457	20
5.16441	20
5.16441	20
5.16444	20
5.16444	20
5.18765	20
5.18765	20
5.18778	20
5.18778	20
5.1881	20
5.19784	20
5.19784	20
5.19788	20
5.19788	20
5.19886	20
5.19895	20
5.19896	20
5.20271	20
5.20272	20
5.2028	20
5.2028	20
5.21247	20
5.21343	20
5.21343	20
5.2136	20
5.21361	20
5.21995	20
5.22002	20
5.22002	20
5.22121	20
5.2213	20
5.22131	20
5.22927	20
5.22934	20
5.22934	20
5.24189	20
5.24196	20
5.24197	20
5.2466	20
5.24666	20
5.24666	20
5.24666	20
5.26898	20
5.26908	20
5.26911	20
5.26911	20
5.2698	20
5.26992	20
5.26992	20
5.27183	20
5.27425	20
5.27425	20
5.27434	20
5.30419	20
5.30419	20
5.30422	20
5.30424	20
5.30424	20
5.30474	20
5.30485	20
5.30485	20
5.30564	20
5.30565	20
5.30566	20
5.30566	20
5.31192	20
5.31193	20
5.31193	20
5.34266	20
5.34764	20
5.34765	20
5.34765	20
5.34769	20
5.34769	20
5.3618	20
5.3618	20
5.3618	20
5.36275	20
5.36275	20
5.3628	20
5.3628	20
5.3773	20
5.3773	20
5.37744	20
5.37744	20
5.38442	20
5.38446	20
5.38447	20
5.38741	20
5.38755	20
5.38756	20
5.38975	20
5.3898	20
5.3898	20
5.39212	20
5.39222	20
5.39222	20
5.40052	20
5.40055	20
5.40055	20
5.4117	20
5.41175	20
5.4118	20
5.4118	20
5.41187	20
5.4123	20
5.41232	20
5.42796	20
5.42797	20
5.42799	20
5.42808	20
5.42808	20
5.43715	20
5.4373	20
5.4373	20
5.43735	20
5.44797	20
5.44797	20
5.44799	20
5.44807	20
5.44807	20
5.45369	20
5.4537	20
5.4537	20
5.45589	20
5.45594	20
5.45594	20
5.45723	20
5.45733	20
5.45739	20
5.45739	20
5.46169	20
5.47151	20
5.47163	20
5.47555	20
5.47555	20
5.47556	20
5.47566	20
5.47568	20
5.47569	20
5.47571	20
5.47572	20
5.47573	20
5.48103	20
5.48124	20
5.48124	20
5.50252	20
5.50252	20
5.50256	20
5.50256	20
5.50524	20
5.50528	20
5.50529	20
5.511	20
5.51107	20
5.51107	20
5.5115	20
5.51159	20
5.51159	20
5.51835	20
5.5348	20
5.5348	20
5.53481	20
5.53481	20
5.53481	20
5.53831	20
5.53832	20
5.53836	20
5.53836	20
5.54009	20
5.54149	20
5.54155	20
5.56422	20
5.56426	20
5.56427	20
5.56431	20
5.56431	20
5.57933	20
5.57934	20
5.57966	20
5.57966	20
5.58216	20
5.58221	20
5.58222	20
5.59322	20
5.59329	20
5.59329	20
5.59456	20
5.59459	20
5.5946	20
5.70343	20
5.70343	20
5.70356	20
5.70356	20
5.71135	20
5.71168	20
5.71168	20
5.71828	20
5.7383	20
5.73833	20
5.73834	20
5.73836	20
5.73836	20
5.74262	20
5.74264	20
5.74266	20
5.74267	20
5.77017	20
5.77017	20
5.77028	20
5.77032	20
5.77033	20
5.77728	20
5.77745	20
5.77746	20
5.77755	20
5.77768	20
5.7777	20
5.78514	20
5.79084	20
5.79096	20
5.79101	20
5.79101	20
5.79104	20
5.7911	20
5.79112	20
5.79112	20
5.79261	20
5.80054	20
5.80058	20
5.80062	20
5.80063	20
5.80064	20
5.80072	20
5.80072	20
5.80343	20
5.80749	20
5.8075	20
5.80751	20
5.80751	20
5.80989	20
5.81146	20
5.81149	20
5.81643	20
5.81643	20
5.81646	20
5.81658	20
5.81658	20
5.83232	20
5.83232	20
5.83235	20
5.83236	20
5.83784	20
5.83799	20
5.83799	20
5.86052	20
5.86055	20
5.86055	20
5.87095	20
5.87098	20
5.87099	20
5.8768	20
5.89228	20
5.8923	20
5.8923	20
5.89231	20
5.89232	20
5.89394	20
5.89403	20
5.89403	20
5.90252	20
5.90256	20
5.90257	20
5.90875	20
5.90888	20
5.90889	20
5.91483	20
5.91488	20
5.91494	20
5.91494	20
5.93305	20
5.93312	20
5.93317	20
5.93317	20
5.93476	20
5.93486	20
5.93489	20
6.06311	20
6.06311	20
6.06405	20
6.06405	20
6.07572	20
6.07572	20
6.07572	20
6.07572	20
6.08086	20
6.08088	20
6.0809	20
6.08138	20
6.0968	20
6.09683	20
6.0984	20
6.09843	20
6.09843	20
6.09853	20
6.09854	20
6.09955	20
6.09967	20
6.09968	20
6.10288	20
6.10296	20
6.10297	20
6.10324	20
6.10324	20
6.10324	20
6.10956	20
6.11245	20
6.11251	20
6.11287	20
6.11288	20
6.12818	20
6.1282	20
6.12821	20
6.12903	20
6.13047	20
6.13051	20
6.13067	20
6.13067	20
6.14633	20
6.14634	20
6.14641	20
6.14642	20
6.15909	20
6.1591	20
6.1591	20
6.16578	20
6.16581	20
6.16581	20
6.16582	20
6.17884	20
6.20298	20
6.20299	20
6.20299	20
6.203	20
6.203	20
6.20908	20
6.20915	20
6.20917	20
6.21527	20
6.21534	20
6.21535	20
6.25392	20
6.25394	20
6.25394	20
6.25402	20
6.25403	20
6.25662	20
6.25666	20
6.25667	20
6.26114	20
6.26124	20
6.26125	20
6.27081	20
6.27085	20
6.27089	20
6.2709	20
6.27387	20
6.274	20
6.27401	20
6.28061	20
6.28064	20
6.28067	20
6.28258	20
6.28259	20
6.28264	20
6.28264	20
6.28291	20
6.28318	20
6.28318	20
6.29395	20
6.29395	20
6.29396	20
6.31047	20
6.3106	20
6.3106	20
6.31191	20
6.32539	20
6.32541	20
6.3255	20
6.32552	20
6.33855	20
6.33922	20
6.33928	20
6.33928	20
6.33938	20
6.33939	20
6.34713	20
6.34714	20
6.34714	20
6.34762	20
6.34764	20
6.34764	20
6.35389	20
6.35397	20
6.35407	20
6.35407	20
6.35865	20
6.35896	20
6.35896	20
6.36235	20
6.36239	20
6.36247	20
6.36248	20
6.38473	20
6.38475	20
6.38479	20
6.38479	20
6.38744	20
6.38746	20
6.38746	20
6.38987	20
6.38994	20
6.38994	20
6.38996	20
6.40003	20
6.40003	20
6.40004	20
6.40016	20
6.40016	20
6.40138	20
6.4065	20
6.40652	20
6.40667	20
6.40667	20
6.41189	20
6.4119	20
6.4119	20
6.42068	20
6.42076	20
6.42076	20
6.4219	20
6.42191	20
6.42202	20
6.42202	20
6.42208	20
6.42209	20
6.42213	20
6.42213	20
6.444	20
6.444	20
6.45111	20
6.45113	20
6.45114	20
6.45119	20
6.45119	20
6.45727	20
6.4573	20
6.4574	20
6.4574	20
6.45817	20
6.45832	20
6.45832	20
6.46038	20
6.46039	20
6.4604	20
6.48934	20
6.48954	20
6.48954	20
6.49901	20
6.4991	20
6.4991	20
6.49911	20
6.49912	20
6.53159	20
6.53159	20
6.56641	20
6.56651	20
6.56652	20
6.56653	20
6.56653	20
6.57403	20
6.57404	20
6.57413	20
6.57416	20
6.57899	20
6.57903	20
6.57903	20
6.58234	20
6.58236	20
6.58236	20
6.58852	20
6.58852	20
6.58852	20
6.59124	20
6.59125	20
6.59127	20
6.59127	20
6.59613	20
6.5962	20
6.59621	20
6.60643	20
6.60643	20
6.60643	20
6.60662	20
6.60665	20
6.60666	20
6.61717	20
6.62133	20
6.62135	20
6.64577	20
6.64587	20
6.64587	20
6.64601	20
6.64602	20
6.66548	20
6.68052	20
6.68053	20
6.78753	20
6.78857	20
6.78858	20
6.78986	20
6.78987	20
6.80556	20
6.80556	20
6.80556	20
6.80558	20
6.8056	20
6.80722	20
6.80732	20
6.80732	20
6.80747	20
6.80749	20
6.8075	20
6.80929	20
6.8093	20
6.80931	20
6.81999	20
6.82	20
6.82008	20
6.82008	20
6.82687	20
6.82692	20
6.82693	20
6.82942	20
6.82957	20
6.82957	20
6.82989	20
6.8299	20
6.82991	20
6.83572	20
6.83573	20
6.83574	20
6.83718	20
6.83993	20
6.84287	20
6.85748	20
6.85753	20
6.85754	20
6.85988	20
6.85989	20
6.86003	20
6.86003	20
6.86005	20
6.86006	20
6.87118	20
6.87119	20
6.8712	20
6.87127	20
6.87134	20
6.87135	20
6.87649	20
6.87659	20
6.8766	20
6.88307	20
6.88493	20
6.88496	20
6.885	20
6.89864	20
6.89868	20
6.89868	20
6.89868	20
6.89868	20
6.89898	20
6.9014	20
6.90143	20
6.90146	20
6.90146	20
6.90204	20
6.90218	20
6.90218	20
6.90267	20
6.90268	20
6.90268	20
6.9027	20
6.9495	20
6.9495	20
6.9496	20
6.9496	20
6.96762	20
6.96778	20
6.96778	20
6.99811	20
6.99811	20
6.99811	20
6.99812	20
6.99869	20
6.99869	20
6.9987	20
7.00373	20
7.00376	20
7.00378	20
7.01526	20
7.0156	20
7.01561	20
7.0242	20
7.02423	20
7.02424	20
7.0317	20
7.03182	20
7.03192	20
7.03193	20
7.03488	20
7.03489	20
7.0349	20
7.03795	20
7.03797	20
7.03803	20
7.03805	20
7.04411	20
7.04414	20
7.04415	20
7.04417	20
7.04919	20
7.0492	20
7.04921	20
7.05485	20
7.05487	20
7.05505	20
7.05505	20
7.05579	20
7.05594	20
7.05594	20
7.06742	20
7.06743	20
7.06745	20
7.06747	20
7.06863	20
7.06863	20
7.06864	20
7.12911	20
7.12912	20
7.12914	20
7.12914	20
7.1373	20
7.1375	20
7.13775	20
7.13777	20
7.15996	20
7.15996	20
7.15997	20
7.15998	20
7.1738	20
7.17382	20
7.17384	20
7.18258	20
7.19098	20
7.19103	20
7.19104	20
7.1915	20
7.19151	20
7.19223	20
7.19227	20
7.19227	20
7.20087	20
7.20087	20
7.20088	20
7.20088	20
7.20955	20
7.20958	20
7.20961	20
7.20962	20
7.21616	20
7.2162	20
7.2162	20
7.21629	20
7.2203	20
7.22035	20
7.22037	20
7.22037	20
7.2293	20
7.22932	20
7.22933	20
7.23163	20
7.23167	20
7.23168	20
7.24391	20
7.24392	20
7.24394	20
7.24395	20
7.24682	20
7.24685	20
7.24694	20
7.24695	20
7.24804	20
7.24809	20
7.24811	20
7.24811	20
7.28037	20
7.28042	20
7.28043	20
7.28439	20
7.28439	20
7.28461	20
7.28464	20
7.29546	20
7.2955	20
7.29566	20
7.29567	20
7.29592	20
7.29592	20
7.29598	20
7.29599	20
7.30272	20
7.30274	20
7.30278	20
7.30279	20
7.31811	20
7.31811	20
7.31829	20
7.31829	20
7.32643	20
7.3265	20
7.32651	20
7.33871	20
7.33873	20
7.33874	20
7.34727	20
7.34733	20
7.34773	20
7.34773	20
7.36823	20
7.36823	20
7.36826	20
7.36828	20
7.36948	20
7.36969	20
7.3697	20
7.37566	20
7.37567	20
7.37567	20
7.38102	20
7.38103	20
7.38106	20
7.38155	20
7.38159	20
7.38164	20
7.38164	20
7.38517	20
7.38532	20
7.38538	20
7.38538	20
7.38953	20
7.3896	20
7.38961	20
7.38963	20
7.39033	20
7.39036	20
7.39039	20
7.39359	20
7.39365	20
7.39367	20
7.40134	20
7.40134	20
7.40137	20
7.40138	20
7.4065	20
7.40664	20
7.40665	20
7.41435	20
7.42012	20
7.42015	20
7.42016	20
7.42028	20
7.4203	20
7.42118	20
7.4212	20
7.42121	20
7.4281	20
7.42813	20
7.42823	20
7.42824	20
7.43308	20
7.44169	20
7.44172	20
7.44182	20
7.44183	20
7.47734	20
7.47735	20
7.47738	20
7.47742	20
7.47808	20
7.4781	20
7.47818	20
7.47819	20
7.48593	20
7.48596	20
7.48597	20
7.48699	20
7.4871	20
7.48711	20
7.48776	20
7.48781	20
7.48783	20
7.53485	20
7.53496	20
7.53497	20
7.53499	20
7.53499	20
7.53647	20
7.53648	20
7.53677	20
7.53678	20
7.53703	20
7.53709	20
7.53709	20
7.5371	20
7.53943	20
7.53946	20
7.5395	20
7.5539	20
7.55978	20
7.55979	20
7.55979	20
7.55986	20
7.5599	20
7.56086	20
7.58591	20
7.58593	20
7.58593	20
7.58605	20
7.58605	20
7.59057	20
7.59057	20
7.59058	20
7.59058	20
7.59764	20
7.59765	20
7.59767	20
7.59805	20
7.59829	20
7.59829	20
7.60165	20
7.60167	20
7.60167	20
7.60173	20
7.60174	20
7.60593	20
7.60598	20
7.60599	20
7.61737	20
7.61738	20
7.61741	20
7.61742	20
7.61878	20
7.61893	20
7.61894	20
7.619	20
7.61904	20
7.61918	20
7.61921	20
7.62589	20
7.62589	20
7.62592	20
7.62592	20
7.64005	20
7.64006	20
7.64021	20
7.64022	20
7.64143	20
7.64153	20
7.64157	20
7.64158	20
7.65061	20
7.65062	20
7.65066	20
7.66358	20
7.66368	20
7.66369	20
7.67917	20
7.67917	20
7.67928	20
7.67929	20
7.68433	20
7.68437	20
7.68439	20
7.68439	20
7.68692	20
7.68938	20
7.68939	20
7.68952	20
7.68953	20
7.69072	20
7.69072	20
7.69078	20
7.69079	20
7.72927	20
7.72928	20
7.72936	20
7.72938	20
7.74739	20
7.74764	20
7.74765	20
7.75875	20
7.75875	20
7.75875	20
7.75895	20
7.75899	20
7.7649	20
7.76502	20
7.76502	20
7.77203	20
7.77212	20
7.77213	20
7.7746	20
7.77475	20
7.77476	20
7.77911	20
7.77913	20
7.77919	20
7.7792	20
7.7926	20
7.7926	20
7.79261	20
7.79653	20
7.79656	20
7.79657	20
7.80058	20
7.80438	20
7.80445	20
7.80447	20
7.80448	20
7.80448	20
7.80732	20
7.80734	20
7.80742	20
7.80742	20
7.81236	20
7.81253	20
7.81255	20
7.81995	20
7.82009	20
7.82029	20
7.82029	20
7.82032	20
7.82783	20
7.82785	20
7.82786	20
7.82787	20
7.83341	20
7.83368	20
7.84318	20
7.84319	20
7.84319	20
7.8432	20
7.84321	20
7.85014	20
7.85016	20
7.85017	20
7.85017	20
7.85251	20
7.85263	20
7.85264	20
7.85264	20
7.8527	20
7.85273	20
7.8532	20
7.86097	20
7.86104	20
7.86108	20
7.86115	20
7.86235	20
7.86238	20
7.86241	20
7.86397	20
7.86405	20
7.86406	20
7.87241	20
7.87244	20
7.87248	20
7.87326	20
7.87338	20
7.87338	20
7.88145	20
7.88147	20
7.88151	20
7.89014	20
7.89016	20
7.89016	20
7.89024	20
7.89027	20
7.9046	20
7.90467	20
7.90468	20
7.90734	20
7.90744	20
7.90746	20
7.9185	20
7.91857	20
7.91857	20
7.92075	20
7.92084	20
7.92086	20
7.94293	20
7.943	20
7.94302	20
7.94433	20
7.94443	20
7.94443	20
7.9473	20
7.9473	20
7.9476	20
7.94764	20
7.9483	20
7.94851	20
7.94851	20
7.94872	20
7.94882	20
7.94884	20
7.94885	20
7.95099	20
7.95109	20
7.95115	20
7.95977	20
7.96479	20
7.96483	20
7.96483	20
7.96485	20
7.99701	20
7.99707	20
7.99713	20
8.00169	20
8.00171	20
8.00171	20
8.00175	20
8.00553	20
8.00554	20
8.00557	20
8.01301	20
8.01301	20
8.01304	20
8.01305	20
8.02378	20
8.02383	20
8.02384	20
8.02399	20
8.024	20
8.0294	20
8.03177	20
8.03185	20
8.0437	20
8.04376	20
8.04377	20
8.0439	20
8.04393	20
8.04784	20
8.04786	20
8.04794	20
8.05302	20
8.05305	20
8.0531	20
8.05312	20
8.05364	20
8.05366	20
8.05367	20
8.05374	20
8.07352	20
8.07358	20
8.07359	20
8.07932	20
8.07937	20
8.07939	20
8.58641	20
8.58684	20
8.58685	20
8.58705	20
8.5871	20
8.58776	20
8.58783	20
8.58789	20
8.5879	20
8.59229	20
8.59232	20
8.59236	20
8.59678	20
8.59681	20
8.59686	20
8.59688	20
8.60559	20
8.60559	20
8.6056	20
8.6073	20
8.60768	20
8.60778	20
8.64446	20
8.64449	20
8.6445	20
8.64451	20
8.64452	20
8.65462	20
8.65464	20
8.65465	20
8.65721	20
8.65737	20
8.65743	20
8.67689	20
8.67698	20
8.67699	20
8.68091	20
8.68096	20
8.68104	20
8.6829	20
8.68292	20
8.68303	20
8.68306	20
8.68821	20
8.68824	20
8.68831	20
8.68831	20
8.69709	20
8.69715	20
8.6972	20
8.70154	20
8.70962	20
8.70963	20
8.70965	20
8.70967	20
8.71505	20
8.71515	20
8.71524	20
8.72406	20
8.72412	20
8.72413	20
8.72744	20
8.72746	20
8.72746	20
8.73706	20
8.7372	20
8.73721	20
8.73726	20
8.73731	20
8.73748	20
8.73754	20
8.74346	20
8.74347	20
8.74352	20
8.74354	20
8.74488	20
8.74489	20
8.74489	20
8.74494	20
8.74858	20
8.74859	20
8.74864	20
8.76323	20
8.76323	20
8.76323	20
8.76324	20
8.76325	20
8.76429	20
8.76438	20
8.76445	20
8.76715	20
8.7672	20
8.76725	20
8.76725	20
8.77725	20
8.79979	20
8.79988	20
8.79989	20
8.80004	20
8.80005	20
8.80656	20
8.80657	20
8.80661	20
8.81489	20
8.815	20
8.81504	20
8.82326	20
8.82326	20
8.82332	20
8.82419	20
8.82424	20
8.82429	20
8.83614	20
8.83615	20
8.8362	20
8.8362	20
8.84778	20
8.84778	20
8.84791	20
8.87304	20
8.8731	20
8.87316	20
8.87324	20
8.88453	20
8.90568	20
8.90571	20
8.90572	20
8.90572	20
8.90574	20
8.91841	20
8.91871	20
8.91872	20
8.92366	20
8.92367	20
8.92368	20
8.92591	20
8.94981	20
8.94984	20
8.94985	20
8.94988	20
8.94989	20
8.95113	20
8.95118	20
8.95121	20
8.96091	20
8.96094	20
8.96095	20
8.96096	20
9.18495	20
9.18497	20
9.18669	20
9.18671	20
9.42375	20
9.42376	20
9.43213	20
9.4322	20
9.43555	20
9.46676	20
9.46679	20
9.4668	20
9.46684	20
9.46685	20
9.46803	20
9.47295	20
9.47298	20
9.47315	20
9.48476	20
9.52162	20
9.52162	20
9.52165	20
9.52167	20
9.52167	20
9.52169	20
9.52716	20
9.5274	20
9.52743	20
9.53201	20
9.53203	20
9.53227	20
9.53232	20
9.54591	20
9.54594	20
9.54594	20
9.54596	20
9.54604	20
9.54729	20
9.54748	20
9.54751	20
9.54756	20
9.54759	20
9.55041	20
9.55043	20
9.55049	20
9.55051	20
9.59232	20
9.59232	20
9.59759	20
9.59761	20
9.59766	20
9.59766	20
9.59768	20
9.59769	20
9.60063	20
9.60064	20
9.60079	20
9.60079	20
9.60771	20
9.6078	20
9.60788	20
9.61023	20
9.61111	20
9.61117	20
9.61121	20
9.61124	20
9.62732	20
9.62742	20
9.62747	20
9.65561	20
9.65561	20
9.65564	20
9.65566	20
9.65591	20
9.65745	20
9.66477	20
9.66477	20
9.66478	20
9.67418	20
9.67419	20
9.6742	20
9.67421	20
9.67424	20
9.68454	20
9.68458	20
9.68462	20
9.69087	20
9.71233	20
9.71234	20
9.71234	20
9.71235	20
9.71429	20
9.72558	20
9.72561	20
9.72561	20
9.72575	20
9.72578	20
9.7273	20
9.7273	20
9.72731	20
9.72731	20
9.72754	20
9.72818	20
9.72823	20
9.72833	20
9.74557	20
9.74563	20
9.74564	20
9.74565	20
9.74571	20
9.75182	20
9.75184	20
9.75189	20
9.7676	20
9.76887	20
9.76891	20
9.76891	20
9.77031	20
9.77032	20
9.7726	20
9.7727	20
9.77271	20
10.5786	20
10.5786	20
10.5787	20
10.5788	20
10.5994	20
10.5994	20
10.5997	20
10.5997	20
10.6143	20
10.6146	20
10.6148	20
10.6214	20
10.6216	20
10.6216	20
10.7769	20
10.7769	20
10.7774	20
10.7774	20
10.7794	20
10.7794	20
10.7795	20
10.7795	20
10.8036	20
10.8036	20
10.8036	20
10.8036	20
10.8037	20
10.8142	20
10.8204	20
10.8204	20
10.8204	20
10.8204	20
10.8205	20
10.8335	20
10.8337	20
10.8337	20
11.2104	20
11.2104	20
11.2105	20
11.2106	20
11.2336	20
11.2337	20
11.2337	20
11.2337	20
11.2389	20
11.2389	20
11.239	20
11.239	20
11.2432	20
11.2433	20
11.2434	20
11.2437	20
11.278	20
11.2781	20
11.2781	20
11.2781	20
11.2782	20
11.3016	20
12.1697	20
12.1713	20
12.1713	20
12.1743	20
12.1744	20
12.1744	20
12.1744	20
12.1744	20
12.1927	20
12.1927	20
12.1927	20
12.193	20
12.1973	20
12.1979	20
12.1982	20
12.2056	20
12.2056	20
12.2056	20
12.2058	20
12.2066	20
12.2067	20
12.2068	20
12.2068	20
12.2094	20
12.2095	20
12.2096	20
12.2377	20
12.2377	20
12.2377	20
12.2378	20
12.2535	20
12.2535	20
12.2535	20
12.2535	20
12.2543	20
12.2545	20
12.2547	20
12.261	20
12.2665	20
12.2666	20
12.2666	20
12.2667	20
12.2676	20
12.2676	20
12.2676	20
12.2677	20
12.2704	20
12.2704	20
12.2705	20
12.2705	20
12.2794	20
12.2794	20
12.2813	20
12.2813	20
12.3108	20
12.3108	20
12.3108	20
12.3109	20
12.3109	20
12.3197	20
12.3198	20
12.3199	20
12.3393	20
12.3393	20
12.3393	20
12.3393	20
12.3394	20
12.3535	20
12.3536	20
12.3536	20
12.3536	20
12.3728	20
12.3729	20
12.3732	20
12.3732	20
12.3841	20
12.3841	20
12.3841	20
12.3841	20
12.3842	20
12.3845	20
12.3865	20
12.3865	20
12.3867	20
12.3868	20
12.3879	20
12.3884	20
12.3884	20
12.3892	20
12.3895	20
12.3896	20
12.3926	20
12.3926	20
12.3953	20
12.3954	20
12.4047	20
12.4047	20
12.4148	20
12.4149	20
12.415	20
12.415	20
12.415	20
12.4153	20
12.4241	20
12.4241	20
12.4242	20
12.4242	20
12.4242	20
12.447	20
12.447	20
12.447	20
12.447	20
12.447	20
13.2021	20
13.2022	20
13.211	20
13.2111	20
13.252	20
13.252	20
13.252	20
13.2521	20
13.3811	20
13.3811	20
13.3859	20
13.3859	20
13.3913	20
13.3933	20
13.3935	20
13.3935	20
13.4061	20
13.4062	20
13.6929	20
13.6929	20
13.6931	20
13.6932	20
13.6967	20
13.6968	20
13.708	20
13.7081	20
13.7082	20
13.7083	20
13.7102	20
13.7103	20
13.7106	20
14.111	20
14.111	20
14.1122	20
14.1122	20
14.1232	20
14.1235	20
14.1236	20
14.1267	20
14.1267	20
14.127	20
14.1271	20
14.1331	20
14.1331	20
14.1331	20
14.1331	20
14.1434	20
14.1434	20
14.1439	20
14.1511	20
14.1511	20
14.1511	20
14.1511	20
14.185	20
14.1851	20
14.1851	20
14.1853	20
14.1854	20
14.2112	20
14.2112	20
14.2112	20
14.2113	20
14.2216	20
14.2217	20
14.2218	20
14.2218	20
14.2239	20
14.2239	20
14.2239	20
14.2285	20
14.2285	20
14.2287	20
14.2289	20
14.2385	20
14.2386	20
14.2388	20
14.239	20
14.2426	20
14.2427	20
14.2433	20
14.2791	20
14.2792	20
14.2792	20
14.2793	20
14.2796	20
14.2855	20
14.3147	20
14.3147	20
14.3148	20
14.3148	20
14.3148	20
14.315	20
14.3167	20
14.3167	20
14.3167	20
14.3169	20
14.3208	20
14.3208	20
14.3209	20
14.3217	20
14.3217	20
14.3217	20
14.3218	20
14.3223	20
14.3223	20
14.3224	20
14.3229	20
14.8398	20
14.8399	20
14.8406	20
14.8411	20
14.8479	20
14.8479	20
14.8479	20
14.8481	20
14.8738	20
14.8738	20
14.8738	20
14.8742	20
14.8744	20
14.8744	20
14.8744	20
14.8745	20
14.9001	20
14.9056	20
14.9062	20
14.9125	20
14.9126	20
14.9126	20
14.9127	20
14.9139	20
14.9141	20
14.9142	20
14.9319	20
14.9319	20
14.932	20
14.9325	20
15.1773	20
15.1774	20
15.179	20
15.1792	20
15.2174	20
15.2176	20
15.2176	20
15.2182	20
15.2381	20
15.2382	20
15.2382	20
15.2382	20
15.2385	20
15.2671	20
15.2673	20
15.2675	20
15.2679	20
15.2679	20
15.2682	20
15.2682	20
15.2968	20
15.2968	20
15.2968	20
15.2968	20
15.2969	20
15.297	20
15.297	20
15.297	20
15.2974	20
15.598	20
15.598	20
15.5988	20
15.5992	20
15.6035	20
15.6036	20
15.6037	20
15.6041	20
15.6045	20
15.6045	20
15.6045	20
15.6051	20
15.6108	20
15.6108	20
15.6109	20
15.6109	20
15.6428	20
15.6428	20
15.6431	20
15.6431	20
15.6557	20
15.6558	20
15.6559	20
15.6565	20
15.7357	20
15.7358	20
15.7419	20
15.7422	20
15.7531	20
15.7551	20
15.7551	20
15.7553	20
15.7679	20
15.7679	20
15.7679	20
15.768	20
15.7681	20
15.7788	20
15.7789	20
15.779	20
15.779	20
15.7944	20
15.7956	20
15.7957	20
15.7982	20
15.7983	20
15.8049	20
15.8049	20
15.805	20
15.8051	20
15.8091	20
15.8093	20
15.8127	20
15.8152	20
15.8154	20
15.8154	20
15.817	20
15.8171	20
15.8184	20
15.8193	20
15.8194	20
15.8198	20
15.8224	20
15.8225	20
15.8228	20
15.8586	20
15.8587	20
15.8587	20
15.8596	20
15.8596	20
15.8599	20
15.8655	20
15.8673	20
15.8714	20
15.8727	20
15.8732	20
15.875	20
15.8752	20
15.8752	20
16.0295	20
16.0312	20
16.0312	20
16.0321	20
16.0326	20
16.4493	20
16.4493	20
16.4512	20
16.4516	20
16.4552	20
16.4553	20
16.456	20
16.4811	20
16.4812	20
16.4814	20
16.4826	20
16.5097	20
16.5097	20
16.5097	20
16.5104	20
17.1558	20
17.1559	20
17.1607	20
17.1608	20
17.1608	20
17.1608	20
17.1624	20
17.1857	20
17.1939	20
17.1959	20
17.1965	20
17.2015	20
17.2017	20
17.2017	20
17.2018	20
17.2322	20
17.2322	20
17.233	20
17.2353	20
17.2396	20
17.2727	20
17.2729	20
17.2751	20
17.2751	20
17.2837	20
17.2837	20
17.2837	20
17.2886	20
17.2959	20
17.2959	20
17.2968	20
17.4417	20
17.4417	20
17.4486	20
17.4518	20
17.4654	20
17.4654	20
17.4655	20
17.4694	20
17.4839	20
17.4839	20
17.4839	20
17.4853	20
17.5446	20
17.5447	20
17.5487	20
17.5529	20
17.7001	20
17.7001	20
17.7002	20
17.7024	20
17.7025	20
17.7026	20
17.7033	20
17.7055	20
17.9088	20
17.9088	20
17.9089	20
17.909	20
17.909	20
17.9091	20
17.9092	20
17.9109	20
17.9501	20
17.9502	20
17.9502	20
17.9502	20
17.9552	20
18.0273	20
18.0274	20
18.0622	20
18.0649	20
18.0653	20
18.0654	20
18.1005	20
18.1012	20
18.1012	20
18.1044	20
18.1072	20
18.3955	20
18.3955	20
18.3967	20
18.3967	20
18.3968	20
18.3968	20
18.3969	20
18.4014	20
18.4014	20
18.4015	20
18.4015	20
18.4177	20
18.4187	20
18.4188	20
18.4189	20
18.4298	20
18.4321	20
18.4321	20
18.4322	20
18.4322	20
18.4721	20
18.4766	20
19.0778	20
19.0778	20
19.0843	20
19.4267	20
19.4274	20
19.4274	20
19.7694	20
19.7716	20
19.7723	20
19.7724	20
19.7737	20
19.8881	20
19.8881	20
19.8904	20
19.9247	20
19.9247	20
19.9247	20
19.9247	20
19.9372	20
19.9373	20
19.9373	20
19.9373	20
20.5149	20
20.515	20
20.5173	20
20.5369	20
20.5369	20
20.5369	20
20.537	20
20.5469	20
20.5469	20
20.547	20
20.547	20
21.535	20
21.5366	20
21.5366	20
21.5378	20
21.5396	20
21.5396	20
21.5396	20
21.5396	20
21.5659	20
21.566	20
21.566	20
21.5661	20
21.5681	20
21.5682	20
21.5682	20
21.5682	20
21.5761	20
21.5761	20
21.5761	20
21.5763	20
21.8326	20
21.8328	20
21.8367	20
21.8723	20
21.8723	20
21.8724	20
21.8724	20
21.8838	20
21.8839	20
21.8876	20
22.7656	20
22.7656	20
22.7719	20
22.9246	20
22.9247	20
22.9247	20
22.9267	20
23.5907	20
23.5948	20
23.5949	20
23.6492	20
23.6514	20
23.6515	20
23.6579	20
23.6653	20
23.6653	20
23.6653	20
23.6653	20
24.6687	20
24.6712	20
24.6714	20
24.6753	20
24.7631	20
24.7633	20
24.9933	20
24.9946	20
24.9946	20
24.9957	20
25.5489	20
25.5491	20
25.5535	20
26.0421	20
26.0422	20
26.044	20
26.0446	20
26.0497	20
26.0497	20
26.0499	20
26.0501	20
26.0569	20
26.057	20
26.057	20
26.057	20
26.2323	20
26.2323	20
26.2431	20
27.1199	20
27.1201	20
27.128	20
27.128	20
27.7828	20
27.7846	20
27.7847	20
27.7854	20
28.1118	20
28.112	20
28.1138	20
28.4001	20
28.4001	20
28.4029	20
28.4175	20
28.4175	20
28.4176	20
28.4176	20
29.1098	20
29.1098	20
29.1109	20
29.6795	20
29.6798	20
29.6864	20
29.9387	20
29.9388	20
29.9507	20
29.9537	20
29.9538	20
29.9557	20
30.3096	20
30.3097	20
30.3118	20
31.3229	20
31.323	20
31.3303	20
31.3972	20
31.3973	20
31.3974	20
31.4011	20
31.4403	20
31.4404	20
31.4404	20
31.4405	20
31.8196	20
31.8197	20
31.8199	20
31.8363	20
31.8363	20
31.8364	20
31.8364	20
31.8638	20
31.8639	20
31.868	20
31.8767	20
31.8768	20
31.879	20
32.6162	20
32.6163	20
32.6165	20
32.623	20
32.9961	20
32.9961	20
32.9963	20
33.3657	20
33.366	20
33.3667	20
33.3743	20
33.3744	20
33.3744	20
33.3747	20
34.7028	20
34.7029	20
34.703	20
35.7714	20
35.7715	20
35.7734	20
36.9731	20
36.9748	20
36.9749	20
36.9819	20
36.9864	20
36.9864	20
36.9864	20
36.9865	20
37.6924	20
37.6924	20
37.6948	20
37.695	20
37.6951	20
37.6954	20
37.7406	20
37.7432	20
37.7436	20
37.7436	20
37.7498	20
37.7886	20
37.7887	20
37.7904	20
38.0945	20
38.0946	20
38.0973	20
38.7623	20
38.7625	20
38.7696	20
39.2272	20
39.2275	20
39.2278	20
39.3297	20
39.3298	20
39.3308	20
40.0564	20
40.0565	20
40.0583	20
40.5491	20
40.5493	20
40.5493	20
40.5516	20
41.0185	20
41.0185	20
41.0253	20
41.2882	20
41.2894	20
41.2894	20
41.2934	20
41.8057	20
41.8058	20
41.9635	20
41.9679	20
41.968	20
41.9683	20
42.574	20
42.574	20
42.5749	20
42.6103	20
42.6104	20
42.6104	20
42.6104	20
42.6561	20
42.6571	20
42.6572	20
42.6608	20
43.2353	20
43.2353	20
43.7339	20
43.7339	20
43.7339	20
43.7354	20
44.3109	20
44.3111	20
44.3116	20
44.5438	20
44.5439	20
44.5446	20
45.3508	20
45.3527	20
45.3527	20
45.3556	20
46.3149	20
46.3151	20
46.319	20
46.7946	20
46.7947	20
46.7995	20
46.8012	20
46.8014	20
46.8015	20
46.8684	20
46.8684	20
46.8686	20
47.8502	20
47.8505	20
47.8508	20
47.852	20
47.8633	20
48.9818	20
48.9826	20
48.9828	20
48.9858	20
49.8764	20
49.8765	20
49.8813	20
50.3561	20
50.3586	20
50.3587	20
50.3598	20
50.3721	20
50.3721	20
50.3755	20
50.8289	20
50.8293	20
50.8357	20
51.6036	20
51.6037	20
51.6068	20
51.6293	20
51.6294	20
51.6329	20
51.9702	20
51.9702	20
51.9723	20
52.5511	20
52.5511	20
52.5582	20
53.0369	20
53.0369	20
53.0463	20
53.0769	20
53.0769	20
53.1277	20
53.1294	20
53.1296	20
53.7916	20
53.7918	20
53.7922	20
53.7933	20
54.5639	20
54.564	20
54.5654	20
54.883	20
54.8833	20
54.8839	20
56.5441	20
56.548	20
56.548	20
56.5482	20
56.9543	20
56.9544	20
56.9557	20
57.0151	20
57.0153	20
58.7462	20
58.7476	20
58.7478	20
58.7493	20
59.3494	20
59.3495	20
59.3503	20
59.5564	20
59.5564	20
59.5606	20
60.2265	20
60.2265	20
60.2288	20
60.4684	20
60.4692	20
60.4694	20
60.4752	20
60.8831	20
60.8832	20
60.8848	20
61.1736	20
61.1739	20
61.1794	20
61.1973	20
61.1973	20
61.1973	20
61.1978	20
61.2208	20
61.8025	20
61.8031	20
61.8032	20
61.8047	20
61.8586	20
61.8586	20
61.8643	20
62.6157	20
62.6159	20
62.6162	20
62.7509	20
62.751	20
62.7532	20
63.6973	20
63.6975	20
63.6995	20
64.0444	20
64.0444	20
64.1702	20
64.1753	20
64.1761	20
64.1777	20
65.4803	20
65.4806	20
65.4837	20
66.2519	20
66.2523	20
66.2538	20
67.3974	20
67.3975	20
67.3996	20
69.1297	20
69.1304	20
69.1305	20
69.1309	20
69.5575	20
69.5575	20
69.5594	20
70.234	20
70.2341	20
70.2341	20
70.2393	20
70.2393	20
70.5933	20
70.5941	20
70.5943	20
70.5955	20
70.9665	20
70.9667	20
70.9818	20
70.9818	20
71.4341	20
71.4343	20
71.4343	20
71.6948	20
71.6949	20
71.696	20
71.7068	20
71.7075	20
71.7076	20
71.7085	20
72.2421	20
72.2421	20
72.2446	20
72.3311	20
72.3316	20
72.5825	20
72.5853	20
72.5855	20
72.6618	20
72.6638	20
72.6638	20
72.6645	20
73.5477	20
73.5478	20
73.5493	20
74.7661	20
74.7662	20
74.7662	20
74.9092	20
74.9093	20
74.9097	20
75.6766	20
75.6768	20
75.6905	20
75.7491	20
75.7495	20
75.7508	20
75.9317	20
75.9321	20
75.9321	20
75.9349	20
77.7892	20
77.7893	20
77.7898	20
77.9873	20
77.9876	20
77.9878	20
78.2089	20
78.2113	20
78.2114	20
78.2121	20
79.1351	20
79.1352	20
79.1357	20
80.0743	20
80.0743	20
80.8768	20
80.8775	20
80.8779	20
80.8817	20
81.4149	20
81.4151	20
81.4163	20
81.6372	20
81.6372	20
81.7464	20
81.7466	20
81.7466	20
81.7477	20
82.4129	20
82.4132	20
82.4205	20
84.3584	20
84.3585	20
84.36	20
85.211	20
85.2111	20
85.2126	20
85.3114	20
85.3115	20
85.3142	20
85.7567	20
85.7567	20
85.7576	20
85.8357	20
85.8357	20
85.8364	20
86.3012	20
86.3014	20
86.3014	20
86.743	20
86.7431	20
86.7439	20
88.2947	20
88.2948	20
88.2993	20
89.0538	20
89.0539	20
89.0545	20
90.0327	20
90.0328	20
90.0351	20
90.8875	20
90.8876	20
90.8972	20
90.8972	20
91.1462	20
91.1462	20
91.1581	20
91.9928	20
91.9928	20
91.995	20
92.3469	20
92.347	20
92.3618	20
92.7455	20
92.7458	20
92.7574	20
93.2505	20
93.2507	20
93.2534	20
94.2028	20
94.203	20
94.21	20
94.5024	20
94.5026	20
94.6453	20
94.6461	20
94.6462	20
94.6548	20
95.4204	20
95.4207	20
95.4218	20
95.4305	20
95.4306	20
95.4306	20
95.4307	20
95.9852	20
95.9852	20
95.9853	20
95.9912	20
96.1371	20
96.1372	20
96.1666	20
96.1678	20
96.1679	20
96.1753	20
98.175	20
98.1754	20
98.9694	20
98.9746	20
98.9749	20
98.9755	20
99.7415	20
99.7417	20
99.7417	20
