4.95771e-11	0
6.84033e-10	1
7.48445e-10	2
1.19923e-09	3
1.85429e-09	4
1.96723e-09	5
2.58795e-09	6
2.75921e-09	7
3.07307e-09	8
3.50899e-09	9
3.51892e-09	10
4.12856e-09	11
4.27664e-09	12
4.39239e-09	13
4.52045e-09	14
6.75925e-09	15
7.78477e-09	16
7.95152e-09	16
8.56889e-09	17
9.6811e-09	17
1.27319e-08	17
2.30413e-08	18
2.38211e-08	18
3.08446e-08	18
3.14363e-08	18
3.15958e-08	18
3.90495e-08	18
4.01241e-08	18
6.80477e-08	18
6.88068e-08	18
7.5828e-08	18
8.23152e-08	18
1.24678e-07	18
1.28961e-07	18
1.33967e-07	18
1.54447e-07	18
1.55443e-07	18
1.57263e-07	18
1.59792e-07	18
1.70341e-07	18
2.04176e-07	18
2.10068e-07	18
2.24524e-07	18
2.37063e-07	18
2.40445e-07	18
2.4669e-07	18
2.62192e-07	18
2.62766e-07	18
2.74268e-07	18
2.75228e-07	18
2.99128e-07	18
3.0773e-07	18
3.07942e-07	18
3.21332e-07	18
3.2333e-07	18
3.24054e-07	18
3.32726e-07	18
3.37528e-07	18
3.82275e-07	18
3.84642e-07	18
3.88703e-07	18
3.89751e-07	18
3.98542e-07	18
4.17282e-07	18
4.18497e-07	18
4.31406e-07	18
4.33372e-07	18
4.45577e-07	18
4.46196e-07	18
4.49019e-07	18
4.5119e-07	18
4.51351e-07	18
4.54645e-07	18
4.63028e-07	18
4.64561e-07	18
4.68987e-07	18
4.85604e-07	18
4.85703e-07	18
4.87102e-07	18
5.02315e-07	18
5.13236e-07	18
5.19824e-07	18
5.22602e-07	18
5.49605e-07	18
5.51912e-07	18
5.53244e-07	18
5.60484e-07	18
5.64794e-07	18
5.74159e-07	18
5.75183e-07	18
5.886e-07	18
5.9124e-07	18
6.00917e-07	18
6.07971e-07	18
6.13871e-07	18
6.26448e-07	18
6.33235e-07	18
6.62944e-07	18
6.67638e-07	18
6.8013e-07	18
6.87987e-07	18
6.94773e-07	18
7.08447e-07	18
7.34751e-07	18
7.37955e-07	18
7.46557e-07	18
7.48232e-07	18
7.60997e-07	18
7.64193e-07	18
7.66244e-07	18
7.69643e-07	18
7.7056e-07	18
7.70876e-07	18
7.73612e-07	18
7.8607e-07	18
7.9584e-07	18
8.37074e-07	18
8.41957e-07	18
8.52221e-07	18
8.80697e-07	18
8.86706e-07	18
8.87529e-07	18
8.89006e-07	18
8.91753e-07	18
8.97031e-07	18
9.06969e-07	18
9.10519e-07	18
9.13511e-07	18
9.21364e-07	18
9.27445e-07	18
9.38629e-07	18
9.52733e-07	18
9.67084e-07	18
9.71932e-07	18
9.81398e-07	18
9.89054e-07	18
9.91856e-07	18
9.92848e-07	18
9.93409e-07	18
9.97838e-07	18
1.00158e-06	18
1.00315e-06	18
1.03362e-06	18
1.03491e-06	18
1.06942e-06	18
1.10972e-06	18
1.12688e-06	18
1.12832e-06	18
1.13709e-06	18
1.1499e-06	18
1.16247e-06	18
1.18487e-06	18
1.20014e-06	18
1.21955e-06	18
1.22172e-06	18
1.2283e-06	18
1.22988e-06	18
1.27927e-06	18
1.29107e-06	18
1.35833e-06	18
1.39613e-06	18
1.40034e-06	18
1.41222e-06	18
1.45339e-06	18
1.46505e-06	18
1.47187e-06	18
1.47903e-06	18
1.50397e-06	18
1.5072e-06	18
1.5357e-06	18
1.5406e-06	18
1.56037e-06	18
1.58674e-06	18
1.59314e-06	18
1.64354e-06	18
1.6442e-06	18
1.64792e-06	18
1.66057e-06	18
1.67839e-06	18
1.71507e-06	18
1.74369e-06	18
1.74769e-06	18
1.77433e-06	18
1.80413e-06	18
1.82361e-06	18
1.85003e-06	18
1.9126e-06	18
1.93264e-06	18
1.94298e-06	18
1.95243e-06	18
1.97206e-06	18
1.99951e-06	18
2.01079e-06	18
2.0456e-06	18
2.11685e-06	18
2.13169e-06	18
2.15543e-06	18
2.16488e-06	18
2.18541e-06	18
2.20404e-06	18
2.22309e-06	18
2.27351e-06	18
2.3056e-06	18
2.31116e-06	18
2.31741e-06	18
2.34226e-06	18
2.35481e-06	18
2.36e-06	18
2.37989e-06	18
2.38682e-06	18
2.39449e-06	18
2.4434e-06	18
2.46133e-06	18
2.47952e-06	18
2.49179e-06	18
2.50427e-06	18
2.51182e-06	18
2.52905e-06	18
2.54304e-06	18
2.54428e-06	18
2.56895e-06	18
2.64011e-06	18
2.68252e-06	18
2.71708e-06	18
2.72478e-06	18
2.74571e-06	18
2.74766e-06	18
2.78052e-06	18
2.80786e-06	18
2.81408e-06	18
2.81676e-06	18
2.86959e-06	18
2.87633e-06	18
2.88847e-06	18
2.94397e-06	18
2.95044e-06	18
2.95138e-06	18
2.97531e-06	18
2.97565e-06	18
3.12536e-06	18
3.39584e-06	18
3.48156e-06	18
3.50001e-06	18
3.52669e-06	18
3.6033e-06	18
3.67435e-06	18
3.90448e-06	18
4.13634e-06	18
4.2986e-06	18
4.33663e-06	18
4.43989e-06	18
4.74083e-06	18
4.7783e-06	18
4.97884e-06	18
4.9983e-06	18
5.03824e-06	18
5.22185e-06	18
5.25333e-06	18
5.37856e-06	18
5.41364e-06	18
5.57064e-06	18
5.78381e-06	18
5.81887e-06	18
6.09867e-06	18
6.207e-06	18
6.21784e-06	18
6.36287e-06	18
6.41875e-06	18
6.43799e-06	18
6.45176e-06	18
6.52207e-06	18
6.92303e-06	18
7.02215e-06	18
7.05594e-06	18
7.18941e-06	18
7.53526e-06	18
7.60749e-06	18
7.91473e-06	18
7.93206e-06	18
8.22654e-06	18
8.27072e-06	18
8.30594e-06	18
9.31962e-06	18
9.32479e-06	18
9.6356e-06	18
9.70041e-06	18
9.94575e-06	18
9.99325e-06	18
1.00748e-05	18
1.01042e-05	18
1.04878e-05	18
1.06586e-05	18
1.09767e-05	18
1.13447e-05	18
1.14815e-05	18
1.1661e-05	18
1.16842e-05	18
1.18297e-05	18
1.22981e-05	18
1.24713e-05	18
1.36281e-05	18
1.38175e-05	18
1.43613e-05	18
1.44166e-05	18
1.46414e-05	18
1.47467e-05	18
1.48101e-05	18
1.48644e-05	18
1.48825e-05	18
1.59038e-05	18
1.6658e-05	18
1.69712e-05	18
1.76848e-05	18
1.77047e-05	18
1.77438e-05	18
1.77875e-05	18
1.84611e-05	18
1.87508e-05	18
1.95167e-05	18
2.00752e-05	18
2.02751e-05	18
2.04532e-05	18
2.05768e-05	18
2.06512e-05	18
2.10819e-05	18
2.10878e-05	18
2.11032e-05	18
2.14258e-05	18
2.14305e-05	18
2.16203e-05	18
2.18686e-05	18
2.24361e-05	18
2.28196e-05	18
2.2846e-05	18
2.33351e-05	18
2.35623e-05	18
2.39366e-05	18
2.48908e-05	18
2.60833e-05	18
2.64964e-05	18
2.6596e-05	18
2.73053e-05	18
2.80488e-05	18
2.83302e-05	18
2.84897e-05	18
2.85313e-05	18
2.85871e-05	18
2.89348e-05	18
2.89939e-05	18
2.90291e-05	18
2.95204e-05	18
2.96629e-05	18
2.97206e-05	18
3.02352e-05	18
3.14765e-05	18
3.2169e-05	18
3.29126e-05	18
3.29955e-05	18
3.29996e-05	18
3.34613e-05	18
3.34724e-05	18
3.43493e-05	18
3.58616e-05	18
3.60633e-05	18
3.69475e-05	18
3.72436e-05	18
3.7378e-05	18
3.74848e-05	18
3.84108e-05	18
3.87353e-05	18
3.94351e-05	18
3.95838e-05	18
3.97182e-05	18
3.98825e-05	18
4.00954e-05	18
4.00967e-05	18
4.09373e-05	18
4.10183e-05	18
4.20603e-05	18
4.24378e-05	18
4.27428e-05	18
4.35758e-05	18
4.48514e-05	18
4.4867e-05	18
4.48979e-05	18
4.5224e-05	18
4.62504e-05	18
4.62594e-05	18
4.62845e-05	18
4.65759e-05	18
4.66509e-05	18
4.7061e-05	18
4.73052e-05	18
4.77942e-05	18
4.94392e-05	18
4.94679e-05	18
4.9963e-05	18
5.18161e-05	18
5.18829e-05	18
5.24484e-05	18
5.25275e-05	18
5.26788e-05	18
5.42377e-05	18
5.59171e-05	18
5.62988e-05	18
5.63084e-05	18
5.73485e-05	18
5.74151e-05	18
5.97388e-05	18
5.97698e-05	18
5.99301e-05	18
6.10163e-05	18
6.16282e-05	18
6.17772e-05	18
6.19701e-05	18
6.22985e-05	18
6.30425e-05	18
6.346e-05	18
6.37243e-05	18
6.42089e-05	18
6.46901e-05	18
6.4962e-05	18
6.50257e-05	18
6.50653e-05	18
6.50831e-05	18
6.64972e-05	18
6.65839e-05	18
6.67363e-05	18
6.69584e-05	18
6.69854e-05	18
6.72014e-05	18
6.76124e-05	18
6.78962e-05	18
6.80951e-05	18
6.86786e-05	18
6.96776e-05	18
6.98755e-05	18
6.98796e-05	18
7.06501e-05	18
7.14031e-05	18
7.15822e-05	18
7.19035e-05	18
7.26889e-05	18
7.271e-05	18
7.31158e-05	18
7.37957e-05	18
7.45736e-05	18
7.45818e-05	18
7.50456e-05	18
7.52527e-05	18
7.61388e-05	18
7.63868e-05	18
7.73297e-05	18
7.79355e-05	18
8.07153e-05	18
8.1263e-05	18
8.16905e-05	18
8.19914e-05	18
8.25178e-05	18
8.36584e-05	18
8.42244e-05	18
8.56464e-05	18
8.80362e-05	18
8.80899e-05	18
8.87365e-05	18
9.15411e-05	18
9.16149e-05	18
9.26014e-05	18
9.36689e-05	18
9.4733e-05	18
9.4931e-05	18
9.55931e-05	18
9.71309e-05	18
9.7726e-05	18
9.95124e-05	18
0.000100607	18
0.000100699	18
0.000102874	18
0.000103785	18
0.000103867	18
0.000104086	18
0.00010622	18
0.000108107	18
0.000108329	18
0.000108618	18
0.00011033	18
0.000112732	18
0.000114025	18
0.000120824	18
0.000130608	18
0.000132327	18
0.000141743	18
0.00014373	18
0.000147237	18
0.000148617	18
0.000155212	18
0.000159872	18
0.000160025	18
0.000164701	18
0.000169867	18
0.000177519	18
0.000180962	18
0.00018672	18
0.000191503	18
0.000207177	18
0.000208187	18
0.000208349	18
0.000212859	18
0.000218415	18
0.000227714	18
0.000228496	18
0.000231609	18
0.000233301	18
0.000238699	18
0.000243711	18
0.000257914	18
0.000285458	18
0.000293935	18
0.000304099	18
0.000371686	18
0.000377337	18
0.000380129	18
0.000387945	18
0.000391803	18
0.000453983	18
0.000525064	18
0.000618472	18
0.00062726	18
0.000708932	18
0.000724291	18
0.000870954	18
0.000980382	18
0.00101989	18
0.00118295	18
0.00130161	18
0.0016417	18
0.00205798	18
0.0027085	18
0.00454518	18
0.00482363	18
0.00483028	18
0.0048647	18
0.00488286	18
0.00510144	18
0.00586353	18
0.00609747	18
0.00611813	18
0.00627836	18
0.00655812	18
0.00655949	18
0.00656065	18
0.00656166	18
0.00656598	18
0.00656676	18
0.00656794	18
0.00657278	18
0.00657594	18
0.00657936	18
0.00658465	18
0.0065867	18
0.00659425	18
0.00661721	18
0.00663112	18
0.0066331	18
0.00664133	18
0.00894381	18
0.00894979	18
0.00896523	18
0.00900923	18
0.00910672	18
0.00926849	18
0.00951481	18
0.0115437	18
0.0116604	18
0.0117068	18
0.0117699	18
0.013238	18
0.0142753	18
0.0142772	18
0.0142781	18
0.0142806	18
0.0142837	18
0.0142881	18
0.014301	18
0.0143057	18
0.0143061	18
0.0143088	18
0.014311	18
0.0143275	18
0.0143332	18
0.0143381	18
0.0149756	18
0.0149773	18
0.01498	18
0.0149806	18
0.0149829	18
0.0149847	18
0.0149864	18
0.0149871	18
0.0149876	18
0.0149921	18
0.0149939	18
0.015004	18
0.0150148	18
0.0150305	18
0.0150322	18
0.0150891	18
0.0151313	18
0.0154591	18
0.0155213	18
0.0155231	18
0.0155238	18
0.0155248	18
0.0155252	18
0.0155256	18
0.0155297	18
0.0155308	18
0.0155358	18
0.0155359	18
0.0155466	18
0.0155731	18
0.0155739	18
0.015575	18
0.0155754	18
0.0155846	18
0.0155863	18
0.0155892	18
0.015591	18
0.0156104	18
0.0156164	18
0.0156188	18
0.0157228	18
0.0160775	18
0.0160805	18
0.0160826	18
0.0160836	18
0.0160842	18
0.0160845	18
0.0160859	18
0.0160863	18
0.016087	18
0.016087	18
0.0160876	18
0.0160879	18
0.0160895	18
0.0160926	18
0.0160928	18
0.0160957	18
0.0160959	18
0.0160961	18
0.0160967	18
0.0160974	18
0.0161002	18
0.0161013	18
0.0161014	18
0.0161035	18
0.0161155	18
0.016126	18
0.0161285	18
0.0161311	18
0.0161329	18
0.0161475	18
0.0161703	18
0.0161805	18
0.0162549	18
0.0169672	18
0.0169774	18
0.0169861	18
0.0169876	18
0.0169877	18
0.0169974	18
0.0170102	18
0.0170116	18
0.017016	18
0.0170281	18
0.017033	18
0.0170331	18
0.0170422	18
0.0170777	18
0.0170861	18
0.0170926	18
0.0170947	18
0.0171019	18
0.0171903	18
0.0172014	18
0.0172285	18
0.0172341	18
0.0172549	18
0.0172977	18
0.0172995	18
0.0173674	18
0.0173773	18
0.0173838	18
0.0174084	18
0.0174116	18
0.0174192	18
0.0174593	18
0.017464	18
0.0174733	18
0.0174747	18
0.0175365	18
0.0176129	18
0.0176169	18
0.0176333	18
0.0176356	18
0.0177488	18
0.0178068	18
0.0178069	18
0.0179054	18
0.0180067	18
0.0180533	18
0.018119	18
0.0181474	18
0.0182017	18
0.0182634	18
0.0183602	18
0.0183723	18
0.0184033	18
0.0184109	18
0.0184237	18
0.0184251	18
0.0184383	18
0.0184405	18
0.0184469	18
0.0184932	18
0.018529	18
0.0185499	18
0.0185753	18
0.0185961	18
0.0186536	18
0.0186784	18
0.0188377	18
0.018871	18
0.0188864	18
0.0188864	18
0.0189526	18
0.018964	18
0.0189659	18
0.0190416	18
0.0190668	18
0.0191033	18
0.0191504	18
0.0192375	18
0.0192698	18
0.0194566	18
0.0195095	18
0.0196464	18
0.0197353	18
0.0198549	18
0.019855	18
0.0198572	18
0.0198599	18
0.0198632	18
0.0198695	18
0.0198783	18
0.0198793	18
0.0198885	18
0.0198889	18
0.0199121	18
0.0199344	18
0.020623	18
0.0207791	18
0.0210209	18
0.0210214	18
0.0210214	18
0.0210218	18
0.0210221	18
0.0210221	18
0.0210223	18
0.0210224	18
0.0210227	18
0.0210228	18
0.0210235	18
0.0210236	18
0.0210243	18
0.0210246	18
0.0210248	18
0.0210254	18
0.0210262	18
0.0210264	18
0.0210265	18
0.0210271	18
0.0210274	18
0.0210295	18
0.0210295	18
0.0210312	18
0.0210316	18
0.0210344	18
0.0210344	18
0.0210364	18
0.0210455	18
0.0210463	18
0.0210516	18
0.0210522	18
0.0210666	18
0.0210765	18
0.0210791	18
0.0210932	18
0.0211237	18
0.0211346	18
0.0213211	18
0.0214974	18
0.0214985	18
0.0214988	18
0.0214994	18
0.0215004	18
0.0215008	18
0.021501	18
0.021503	18
0.0215038	18
0.0215088	18
0.0215089	18
0.021509	18
0.0215093	18
0.0215095	18
0.0215099	18
0.0215104	18
0.0215114	18
0.0215178	18
0.0215271	18
0.0215303	18
0.0215315	18
0.021533	18
0.0215336	18
0.0215337	18
0.021537	18
0.0215392	18
0.0215568	18
0.0215593	18
0.0215697	18
0.0224593	18
0.02246	18
0.02246	18
0.0224611	18
0.0224616	18
0.0224626	18
0.0224634	18
0.0224652	18
0.0224689	18
0.0224714	18
0.0224715	18
0.0224723	18
0.0224723	18
0.0224729	18
0.0224752	18
0.0224763	18
0.0224768	18
0.0224809	18
0.0224824	18
0.0224871	18
0.0224872	18
0.0224998	18
0.0226506	18
0.0226508	18
0.0226534	18
0.0226543	18
0.0226563	18
0.0226593	18
0.0226638	18
0.0226685	18
0.0226779	18
0.02272	18
0.0227202	18
0.0227207	18
0.0227228	18
0.0227229	18
0.022723	18
0.0227244	18
0.0227266	18
0.0227267	18
0.0227272	18
0.0227277	18
0.0227277	18
0.0227288	18
0.0227293	18
0.022736	18
0.0227419	18
0.022748	18
0.0227809	18
0.0228155	18
0.0228921	18
0.025821	18
0.0258229	18
0.0258261	18
0.0258482	18
0.0258495	18
0.0258523	18
0.0258615	18
0.025865	18
0.0258776	18
0.0258839	18
0.0258998	18
0.0259614	18
0.0259643	18
0.0259653	18
0.0259848	18
0.0260054	18
0.0260619	18
0.0260631	18
0.0260638	18
0.026072	18
0.0260981	18
0.0261268	18
0.0261277	18
0.0261502	18
0.0261583	18
0.0262033	18
0.0262036	18
0.0262781	18
0.0263082	18
0.0263086	18
0.0263143	18
0.0263214	18
0.0263278	18
0.0263507	18
0.0263965	18
0.0264152	18
0.0264587	18
0.0264622	18
0.0264625	18
0.0264653	18
0.0264665	18
0.0264669	18
0.0264678	18
0.0264687	18
0.0264689	18
0.0264705	18
0.0264774	18
0.0264783	18
0.0264804	18
0.0264823	18
0.0264856	18
0.0264874	18
0.0264894	18
0.0264895	18
0.0265026	18
0.0265042	18
0.0265327	18
0.0265815	18
0.0265988	18
0.02669	18
0.0269079	18
0.0269871	18
0.0270393	18
0.0270396	18
0.0270397	18
0.0270409	18
0.0270411	18
0.0270418	18
0.0270427	18
0.0270428	18
0.0270431	18
0.0270436	18
0.0270443	18
0.0270445	18
0.0270449	18
0.0270449	18
0.0270459	18
0.0270459	18
0.0270459	18
0.0270466	18
0.0270467	18
0.0270477	18
0.0270482	18
0.027049	18
0.027049	18
0.0270497	18
0.0270499	18
0.0270504	18
0.0270505	18
0.0270527	18
0.0270528	18
0.0270534	18
0.0270536	18
0.0270545	18
0.0270545	18
0.027055	18
0.0270569	18
0.0270579	18
0.0270596	18
0.0270602	18
0.0270608	18
0.027062	18
0.0270659	18
0.0270684	18
0.0270703	18
0.0270727	18
0.0270812	18
0.0270818	18
0.0270823	18
0.027086	18
0.0270901	18
0.0270947	18
0.0271284	18
0.02713	18
0.0271365	18
0.0271509	18
0.0271583	18
0.0271854	18
0.0271974	18
0.0272461	18
0.0273548	18
0.0274009	18
0.0276417	18
0.0279598	18
0.0279615	18
0.0279675	18
0.0279833	18
0.028007	18
0.0280153	18
0.0282465	18
0.0282837	18
0.0282901	18
0.0282938	18
0.0283095	18
0.0283168	18
0.0283262	18
0.0283262	18
0.0283412	18
0.0283441	18
0.0283566	18
0.0283603	18
0.0283681	18
0.0283754	18
0.0283964	18
0.0284001	18
0.0284113	18
0.028412	18
0.0284214	18
0.0284334	18
0.0284445	18
0.0284654	18
0.0284752	18
0.0284873	18
0.0285059	18
0.028508	18
0.0285159	18
0.0285162	18
0.0285187	18
0.0285323	18
0.0285339	18
0.0285374	18
0.0285386	18
0.0285417	18
0.0285427	18
0.0285443	18
0.0285602	18
0.0286024	18
0.0286069	18
0.0286286	18
0.0286388	18
0.0286572	18
0.0286704	18
0.0286779	18
0.0286794	18
0.0286811	18
0.0286832	18
0.028684	18
0.0287021	18
0.0287051	18
0.028709	18
0.0287462	18
0.0287683	18
0.0287788	18
0.0287886	18
0.0287903	18
0.0287925	18
0.0288028	18
0.0288082	18
0.0288149	18
0.0288187	18
0.0288216	18
0.0288413	18
0.028845	18
0.0288528	18
0.0288533	18
0.0288536	18
0.0288834	18
0.0289076	18
0.0289342	18
0.0289521	18
0.0289522	18
0.0289713	18
0.029003	18
0.0290142	18
0.0290168	18
0.0290399	18
0.0290403	18
0.0290422	18
0.0290926	18
0.0291158	18
0.0291172	18
0.0291426	18
0.0291439	18
0.0291441	18
0.0291465	18
0.0291481	18
0.0291488	18
0.0291589	18
0.0291615	18
0.0291744	18
0.0291853	18
0.0291893	18
0.0292086	18
0.0292148	18
0.0292355	18
0.0292415	18
0.029264	18
0.0293952	18
0.0293965	18
0.0294007	18
0.0294063	18
0.0294221	18
0.0294223	18
0.0294284	18
0.0294342	18
0.0294392	18
0.0294401	18
0.0294413	18
0.0294475	18
0.0294511	18
0.0294564	18
0.0294603	18
0.0294679	18
0.0294896	18
0.0294896	18
0.0294896	18
0.0294897	18
0.0294901	18
0.0294904	18
0.0294906	18
0.0294909	18
0.029491	18
0.0294912	18
0.0294918	18
0.029492	18
0.029492	18
0.0294922	18
0.0294926	18
0.0294927	18
0.0294927	18
0.0294928	18
0.0294929	18
0.0294948	18
0.0294953	18
0.0294955	18
0.0294956	18
0.0294965	18
0.0294965	18
0.0294968	18
0.0294982	18
0.0294983	18
0.0294992	18
0.0294996	18
0.0294997	18
0.0294999	18
0.0294999	18
0.0295003	18
0.0295019	18
0.0295023	18
0.0295042	18
0.0295046	18
0.0295048	18
0.0295048	18
0.029505	18
0.0295064	18
0.0295081	18
0.0295085	18
0.0295108	18
0.0295141	18
0.0295202	18
0.0295213	18
0.0295222	18
0.0295236	18
0.0295239	18
0.0295242	18
0.0295263	18
0.0295266	18
0.0295283	18
0.0295294	18
0.02953	18
0.0295328	18
0.0295337	18
0.029534	18
0.0295403	18
0.0295439	18
0.0295556	18
0.0295593	18
0.02956	18
0.0295764	18
0.029581	18
0.0295812	18
0.0295823	18
0.0295971	18
0.0295976	18
0.0296028	18
0.0296042	18
0.0296079	18
0.0296095	18
0.0296138	18
0.0296146	18
0.0296276	18
0.0296285	18
0.0296367	18
0.0296399	18
0.0296415	18
0.0296585	18
0.0296593	18
0.0296602	18
0.0296681	18
0.0296715	18
0.0296732	18
0.0296768	18
0.029696	18
0.0297029	18
0.0297058	18
0.0297063	18
0.029715	18
0.0297202	18
0.0297277	18
0.0297306	18
0.0297344	18
0.0297344	18
0.0297358	18
0.0297454	18
0.0297582	18
0.0297612	18
0.0297677	18
0.0297824	18
0.0297826	18
0.0297864	18
0.0297907	18
0.0297925	18
0.0297965	18
0.0298065	18
0.0298102	18
0.0298141	18
0.029832	18
0.0298353	18
0.0298388	18
0.0298438	18
0.0298606	18
0.029869	18
0.0298767	18
0.0298771	18
0.0298889	18
0.029889	18
0.0298896	18
0.0298909	18
0.0298914	18
0.0298917	18
0.0298918	18
0.0298936	18
0.0298939	18
0.0298979	18
0.0298983	18
0.0299014	18
0.0299017	18
0.0299018	18
0.0299076	18
0.0299078	18
0.0299081	18
0.0299098	18
0.0299121	18
0.0299155	18
0.0299181	18
0.0299196	18
0.0299205	18
0.0299224	18
0.0299246	18
0.0299253	18
0.0299286	18
0.0299562	18
0.0299585	18
0.0299642	18
0.0299733	18
0.0299791	18
0.0299906	18
0.0299981	18
0.0300076	18
0.0300143	18
0.0300173	18
0.0300199	18
0.0300245	18
0.0300279	18
0.0300796	18
0.0300919	18
0.030092	18
0.0300994	18
0.0301132	18
0.0301247	18
0.0301543	18
0.0301614	18
0.0301954	18
0.0302507	18
0.0303113	18
0.0303532	18
0.0303965	18
0.030449	18
0.0304592	18
0.0304679	18
0.0304705	18
0.030473	18
0.0304972	18
0.0305092	18
0.0305287	18
0.0305723	18
0.030581	18
0.0305887	18
0.0306004	18
0.0306296	18
0.030636	18
0.0307015	18
0.0307518	18
0.0307524	18
0.0307527	18
0.030758	18
0.0307629	18
0.0307662	18
0.0307696	18
0.0307701	18
0.0307718	18
0.0307775	18
0.0307786	18
0.0307824	18
0.0307828	18
0.0307863	18
0.0307883	18
0.0307953	18
0.030797	18
0.0308085	18
0.0308093	18
0.0308142	18
0.0308185	18
0.0308265	18
0.0308338	18
0.0308405	18
0.0308414	18
0.0309185	18
0.0311907	18
0.0312313	18
0.0317677	18
0.0317684	18
0.0317688	18
0.0317697	18
0.031771	18
0.031771	18
0.0317727	18
0.0317738	18
0.0317746	18
0.0317759	18
0.0318013	18
0.0318034	18
0.0318046	18
0.0318101	18
0.0318124	18
0.0318168	18
0.0318312	18
0.0318939	18
0.0319027	18
0.0319183	18
0.0319221	18
0.0319235	18
0.0319316	18
0.0319447	18
0.0319586	18
0.031989	18
0.0320011	18
0.0320018	18
0.0320153	18
0.0320544	18
0.032067	18
0.0320849	18
0.032119	18
0.03213	18
0.0321399	18
0.0321543	18
0.0321911	18
0.0322183	18
0.0322289	18
0.0323078	18
0.0323131	18
0.032326	18
0.032326	18
0.0323262	18
0.0323278	18
0.0323278	18
0.0323279	18
0.032328	18
0.032328	18
0.0323281	18
0.0323282	18
0.0323283	18
0.0323286	18
0.0323291	18
0.0323292	18
0.0323293	18
0.0323303	18
0.0323304	18
0.0323304	18
0.0323324	18
0.032333	18
0.0323332	18
0.0323333	18
0.0323343	18
0.032335	18
0.0323354	18
0.032336	18
0.032336	18
0.0323364	18
0.0323372	18
0.0323376	18
0.0323383	18
0.0323395	18
0.0323397	18
0.0323413	18
0.032342	18
0.0323436	18
0.032347	18
0.0323476	18
0.0323485	18
0.0323498	18
0.0323535	18
0.0323557	18
0.0323558	18
0.0323606	18
0.0323624	18
0.032366	18
0.0323688	18
0.0323755	18
0.0323757	18
0.0324062	18
0.0324063	18
0.0324232	18
0.0324524	18
0.0324531	18
0.032456	18
0.0324706	18
0.0324792	18
0.03248	18
0.0325238	18
0.0325332	18
0.0325752	18
0.0325996	18
0.0326673	18
0.0326675	18
0.0326676	18
0.032668	18
0.0326682	18
0.0326683	18
0.0326685	18
0.0326687	18
0.0326687	18
0.0326689	18
0.0326692	18
0.0326695	18
0.0326697	18
0.0326698	18
0.0326705	18
0.0326706	18
0.032671	18
0.0326712	18
0.0326713	18
0.0326716	18
0.0326717	18
0.0326722	18
0.0326722	18
0.0326729	18
0.032673	18
0.0326732	18
0.0326743	18
0.0326749	18
0.0326755	18
0.0326761	18
0.0326762	18
0.0326762	18
0.0326762	18
0.0326765	18
0.0326766	18
0.0326766	18
0.0326771	18
0.0326779	18
0.0326787	18
0.0326797	18
0.0326807	18
0.0326813	18
0.0326825	18
0.0326827	18
0.0326837	18
0.0326846	18
0.0326889	18
0.0326897	18
0.0326906	18
0.0326929	18
0.0326936	18
0.0326938	18
0.0326947	18
0.0326959	18
0.032698	18
0.0327018	18
0.0327032	18
0.0327086	18
0.0327087	18
0.0327115	18
0.0327116	18
0.0327394	18
0.0327525	18
0.0327764	18
0.0328287	18
0.0328291	18
0.0328296	18
0.0328303	18
0.0328308	18
0.0328308	18
0.0328312	18
0.0328314	18
0.0328314	18
0.0328322	18
0.0328342	18
0.0328353	18
0.0328359	18
0.0328367	18
0.0328391	18
0.0328394	18
0.0328407	18
0.0328415	18
0.032842	18
0.0328427	18
0.0328428	18
0.032843	18
0.0328459	18
0.0328488	18
0.0328501	18
0.032851	18
0.0328593	18
0.032882	18
0.0329003	18
0.032925	18
0.0329532	18
0.0329882	18
0.033011	18
0.0332338	18
0.0333328	18
0.0333919	18
0.0334079	18
0.0334263	18
0.0334569	18
0.0334803	18
0.0346898	18
0.0346967	18
0.034737	18
0.0357975	18
0.0364801	18
0.0381241	18
0.0381241	18
0.0381249	18
0.0381282	18
0.0381294	18
0.038131	18
0.0381316	18
0.0381335	18
0.0381338	18
0.0381343	18
0.0381367	18
0.0381393	18
0.0381409	18
0.0381442	18
0.0381443	18
0.038185	18
0.0381854	18
0.038195	18
0.0382009	18
0.0382161	18
0.0382239	18
0.0382287	18
0.03824	18
0.0382471	18
0.0382474	18
0.0382514	18
0.0382524	18
0.0382537	18
0.0382691	18
0.0382752	18
0.0382821	18
0.0382909	18
0.0382971	18
0.0383018	18
0.0383141	18
0.0383243	18
0.0383402	18
0.0383406	18
0.0383408	18
0.0383417	18
0.0383418	18
0.0383419	18
0.0383419	18
0.0383419	18
0.0383421	18
0.0383423	18
0.0383424	18
0.0383426	18
0.0383428	18
0.0383429	18
0.0383429	18
0.0383434	18
0.0383435	18
0.0383435	18
0.0383436	18
0.0383437	18
0.0383444	18
0.0383445	18
0.0383447	18
0.0383451	18
0.0383455	18
0.0383455	18
0.0383459	18
0.0383462	18
0.0383465	18
0.0383465	18
0.0383467	18
0.0383467	18
0.0383469	18
0.0383477	18
0.0383481	18
0.0383485	18
0.0383487	18
0.038349	18
0.0383491	18
0.0383494	18
0.0383508	18
0.0383516	18
0.0383524	18
0.0383538	18
0.0383554	18
0.0383565	18
0.0383602	18
0.0383617	18
0.0383624	18
0.0383631	18
0.0383686	18
0.0383692	18
0.0383703	18
0.0383707	18
0.038375	18
0.0383768	18
0.0383775	18
0.0383778	18
0.0383842	18
0.0383861	18
0.0383929	18
0.0384002	18
0.0384035	18
0.0384036	18
0.038437	18
0.038458	18
0.0384742	18
0.0384817	18
0.0385056	18
0.0385072	18
0.0385125	18
0.038513	18
0.0385263	18
0.0385275	18
0.0385315	18
0.0385374	18
0.0385758	18
0.0386052	18
0.0386441	18
0.0387335	18
0.0387449	18
0.0387727	18
0.0387885	18
0.0387937	18
0.0388128	18
0.0388799	18
0.0388857	18
0.0388887	18
0.0389235	18
0.038932	18
0.0389347	18
0.0389782	18
0.0390676	18
0.0391764	18
0.0391857	18
0.0392058	18
0.039355	18
0.0394163	18
0.0394655	18
0.0394842	18
0.0395389	18
0.0395472	18
0.0395477	18
0.0395484	18
0.0395516	18
0.0395626	18
0.0395667	18
0.0396207	18
0.0396207	18
0.0396254	18
0.0396357	18
0.0396492	18
0.0397142	18
0.0397361	18
0.0397405	18
0.0397794	18
0.0398085	18
0.0399215	18
0.0399294	18
0.0400428	18
0.0400973	18
0.0401677	18
0.0402179	18
0.0402286	18
0.0402287	18
0.0402295	18
0.0402312	18
0.0402329	18
0.0402334	18
0.0402334	18
0.0402337	18
0.040235	18
0.0402351	18
0.0402352	18
0.0402366	18
0.0402371	18
0.0402394	18
0.0402405	18
0.0402412	18
0.0402444	18
0.0402451	18
0.0402612	18
0.0402706	18
0.0402758	18
0.0402814	18
0.040294	18
0.0403145	18
0.0404063	18
0.0404083	18
0.0404146	18
0.040677	18
0.0409654	18
0.0409671	18
0.0410085	18
0.04137	18
0.0471685	18
0.0471686	18
0.0471688	18
0.0471689	18
0.0471691	18
0.0471694	18
0.0471696	18
0.0471697	18
0.0471698	18
0.04717	18
0.0471702	18
0.0471703	18
0.0471705	18
0.0471705	18
0.0471705	18
0.0471706	18
0.0471707	18
0.0471708	18
0.0471708	18
0.0471711	18
0.0471713	18
0.0471716	18
0.0471717	18
0.0471719	18
0.0471721	18
0.0471722	18
0.0471723	18
0.0471724	18
0.0471725	18
0.0471726	18
0.0471728	18
0.047173	18
0.0471743	18
0.0471746	18
0.0471748	18
0.047176	18
0.0471781	18
0.0471787	18
0.0471788	18
0.0471795	18
0.0471795	18
0.04718	18
0.04718	18
0.0471801	18
0.0471801	18
0.0471802	18
0.0471807	18
0.0471808	18
0.0471809	18
0.047181	18
0.0471812	18
0.0471817	18
0.0471836	18
0.0471838	18
0.0471861	18
0.0471866	18
0.0471868	18
0.0471869	18
0.0471875	18
0.0471881	18
0.0471884	18
0.0471885	18
0.0471891	18
0.0471899	18
0.0471922	18
0.0471931	18
0.0471943	18
0.0471953	18
0.0471983	18
0.0472003	18
0.0472055	18
0.0472074	18
0.0472091	18
0.0472104	18
0.0472202	18
0.0472221	18
0.0472243	18
0.0472272	18
0.0472306	18
0.0472385	18
0.04724	18
0.0472402	18
0.0472403	18
0.0472467	18
0.0472472	18
0.0472472	18
0.0472479	18
0.0472609	18
0.0472609	18
0.0472619	18
0.0472872	18
0.0472883	18
0.0472917	18
0.0472922	18
0.047296	18
0.0472968	18
0.0473102	18
0.0473163	18
0.0473225	18
0.0473231	18
0.0473251	18
0.047338	18
0.0473411	18
0.0473568	18
0.0473631	18
0.0473634	18
0.0473643	18
0.0473648	18
0.0473655	18
0.0473659	18
0.0473662	18
0.0473663	18
0.0473665	18
0.047368	18
0.0473692	18
0.0473697	18
0.0473699	18
0.0473746	18
0.0473748	18
0.0473762	18
0.0473763	18
0.0473768	18
0.0473773	18
0.0473797	18
0.0473808	18
0.0473813	18
0.0473852	18
0.04739	18
0.0473904	18
0.0473914	18
0.0473993	18
0.0473996	18
0.0474006	18
0.0474008	18
0.0474025	18
0.0474032	18
0.0474242	18
0.0474432	18
0.0474803	18
0.04749	18
0.0475185	18
0.047532	18
0.0475338	18
0.0475388	18
0.0475451	18
0.0475648	18
0.0475715	18
0.0475751	18
0.0475927	18
0.0475948	18
0.0476177	18
0.0476425	18
0.0476469	18
0.047647	18
0.0477192	18
0.047722	18
0.0477293	18
0.0477393	18
0.0477414	18
0.0477467	18
0.0478236	18
0.0478416	18
0.0478426	18
0.0478672	18
0.0478845	18
0.0478886	18
0.047935	18
0.0479475	18
0.0480073	18
0.0480224	18
0.0481339	18
0.0481516	18
0.0481875	18
0.0482086	18
0.0482098	18
0.0482264	18
0.048278	18
0.0483732	18
0.0485945	18
0.0487104	18
0.0487274	18
0.0488669	18
0.0488811	18
0.0488934	18
0.0488965	18
0.0489649	18
0.0490238	18
0.049097	18
0.0491202	18
0.0492023	18
0.0492438	18
0.049248	18
0.0492666	18
0.0493961	18
0.0494339	18
0.0494372	18
0.0494399	18
0.0494438	18
0.0494462	18
0.0494471	18
0.0494484	18
0.0494502	18
0.0494508	18
0.0494511	18
0.0494525	18
0.0494576	18
0.0494647	18
0.0494717	18
0.0494746	18
0.0494864	18
0.0494879	18
0.0495602	18
0.049799	18
0.0499952	18
0.0499994	18
0.0500111	18
0.050013	18
0.0500137	18
0.0500153	18
0.0500209	18
0.0500257	18
0.0500322	18
0.050037	18
0.0500409	18
0.0500448	18
0.050046	18
0.0501038	18
0.0501074	18
0.0501152	18
0.0501299	18
0.0501337	18
0.0501838	18
0.0501878	18
0.0502128	18
0.0502219	18
0.0502635	18
0.0502639	18
0.0502704	18
0.0502958	18
0.0503055	18
0.050314	18
0.0503247	18
0.0503303	18
0.0503393	18
0.0503585	18
0.0503689	18
0.0503838	18
0.0503909	18
0.0504106	18
0.0504462	18
0.0504576	18
0.0505091	18
0.0505219	18
0.0505245	18
0.0505267	18
0.0505361	18
0.0505955	18
0.0507965	18
0.0508211	18
0.0508557	18
0.0508855	18
0.0510971	18
0.0511468	18
0.0512713	18
0.0516636	18
0.051744	18
0.0517862	18
0.0520368	18
0.0521953	18
0.0523048	18
0.0523078	18
0.0523102	18
0.0523173	18
0.0523291	18
0.0523309	18
0.0523377	18
0.0523437	18
0.0523593	18
0.0523594	18
0.0524138	18
0.0524197	18
0.0524229	18
0.0529045	18
0.0535123	18
0.0547574	18
0.0549811	18
0.0549825	18
0.0550187	18
0.055059	18
0.0550774	18
0.0550794	18
0.0580164	18
0.0595673	18
0.0595677	18
0.059568	18
0.059571	18
0.0595845	18
0.0595858	18
0.0595937	18
0.0595983	18
0.0596406	18
0.0596411	18
0.0596658	18
0.0596681	18
0.0597316	18
0.059732	18
0.0597458	18
0.0597737	18
0.0597835	18
0.0616092	18
0.0616586	18
0.0636074	18
0.0637309	18
0.0651938	18
0.0651943	18
0.0651945	18
0.0651946	18
0.0651948	18
0.0651951	18
0.0651954	18
0.065196	18
0.0651961	18
0.0651967	18
0.0651971	18
0.0651974	18
0.0651975	18
0.0651985	18
0.0651987	18
0.0651994	18
0.0652004	18
0.0652008	18
0.0652027	18
0.0652028	18
0.0652028	18
0.065203	18
0.0652033	18
0.0652053	18
0.0652054	18
0.0652057	18
0.0652065	18
0.065207	18
0.0652071	18
0.0652096	18
0.0652099	18
0.0652106	18
0.065215	18
0.0652151	18
0.0652328	18
0.0652493	18
0.0652649	18
0.0652694	18
0.065274	18
0.0652814	18
0.0652858	18
0.0652989	18
0.0656353	18
0.0656716	18
0.0658103	18
0.0663883	18
0.0666085	18
0.0666373	18
0.0667576	18
0.0667692	18
0.0669408	18
0.0699097	18
0.0699142	18
0.0700196	18
0.0718438	18
0.0761311	18
0.0761346	18
0.0762261	18
0.076758	18
0.0767591	18
0.0768966	18
0.0830916	18
0.0830918	18
0.0830997	18
0.0831437	18
0.0832094	18
0.0833346	18
0.0833406	18
0.0849043	18
0.0849049	18
0.0849069	18
0.0849158	18
0.0849222	18
0.0849289	18
0.0849353	18
0.0849385	18
0.0849455	18
0.0849732	18
0.0849751	18
0.084989	18
0.0855681	18
0.0855723	18
0.0856476	18
0.0856694	18
0.0856707	18
0.0884689	18
0.0885013	18
0.0885205	18
0.0886209	18
0.0886785	18
0.0886785	18
0.0887093	18
0.0888815	18
0.0888827	18
0.0888979	18
0.0888997	18
0.0889817	18
0.089008	18
0.0890545	18
0.0891501	18
0.0893031	18
0.0893069	18
0.0896747	18
0.0896752	18
0.0897218	18
0.089756	18
0.0897658	18
0.090103	18
0.090138	18
0.0901403	18
0.0912521	18
0.0969684	18
0.0969691	18
0.0969782	18
0.0969842	18
0.0996624	18
0.0998054	18
0.103396	18
0.104645	18
0.106348	18
0.106362	18
0.106373	18
0.106373	18
0.106759	18
0.107328	18
0.107346	18
0.107352	18
0.107355	18
0.10737	18
0.107382	18
0.111447	18
0.111688	18
0.11172	18
0.112032	18
0.113961	18
0.113994	18
0.113999	18
0.114093	18
0.114107	18
0.117406	18
0.117518	18
0.117529	18
0.120805	18
0.120808	18
0.120819	18
0.12082	18
0.122278	18
0.123692	18
0.123692	18
0.123692	18
0.123733	18
0.123883	18
0.124378	18
0.1244	18
0.124415	18
0.124432	18
0.124833	18
0.124837	18
0.124856	18
0.124967	18
0.124968	18
0.129542	18
0.129557	18
0.129572	18
0.130269	18
0.132253	18
0.132332	18
0.145796	18
0.145796	18
0.145796	18
0.145796	18
0.145796	18
0.145797	18
0.145798	18
0.146039	18
0.14604	18
0.146048	18
0.146048	18
0.150861	18
0.150863	18
0.15099	18
0.151	18
0.151333	18
0.151381	18
0.151383	18
0.15139	18
0.151399	18
0.151442	18
0.151443	18
0.151584	18
0.151649	18
0.151652	18
0.15258	18
0.152659	18
0.152659	18
0.152663	18
0.152787	18
0.154366	18
0.154371	18
0.154383	18
0.158338	18
0.158346	18
0.158615	18
0.162232	18
0.162301	18
0.162394	18
0.163377	18
0.165676	18
0.165684	18
0.165687	18
0.167754	18
0.167755	18
0.167756	18
0.172599	18
0.172601	18
0.172609	18
0.172626	18
0.173105	18
0.173105	18
0.17311	18
0.181013	18
0.181013	18
0.181013	18
0.181064	18
0.181896	18
0.181899	18
0.1819	18
0.185568	18
0.185576	18
0.185585	18
0.185601	18
0.185621	18
0.185623	18
0.186203	18
0.186226	18
0.186233	18
0.186317	18
0.191119	18
0.19112	18
0.191123	18
0.192266	18
0.192267	18
0.192345	18
0.194479	18
0.194484	18
0.194484	18
0.19703	18
0.197035	18
0.197037	18
0.19708	18
0.197082	18
0.198493	18
0.198596	18
0.198597	18
0.198634	18
0.198638	18
0.203632	18
0.203668	18
0.203672	18
0.203782	18
0.210613	18
0.210614	18
0.210634	18
0.215554	18
0.215555	18
0.21569	18
0.215741	18
0.215779	18
0.215798	18
0.217224	18
0.217237	18
0.217317	18
0.222053	18
0.222055	18
0.222324	18
0.222325	18
0.222325	18
0.222786	18
0.222791	18
0.222813	18
0.222816	18
0.222816	18
0.222823	18
0.222888	18
0.224218	18
0.224232	18
0.224264	18
0.224277	18
0.22428	18
0.224536	18
0.224586	18
0.224676	18
0.224678	18
0.226725	18
0.226726	18
0.226788	18
0.226791	18
0.232765	18
0.232877	18
0.232883	18
0.236619	18
0.236739	18
0.236741	18
0.236764	18
0.23677	18
0.237013	18
0.237081	18
0.237087	18
0.238389	18
0.238394	18
0.238398	18
0.241466	18
0.24147	18
0.242481	18
0.242495	18
0.242511	18
0.247182	18
0.247259	18
0.247261	18
0.257936	18
0.257944	18
0.257975	18
0.258178	18
0.258181	18
0.258947	18
0.259091	18
0.259093	18
0.26146	18
0.261461	18
0.261466	18
0.268013	18
0.268133	18
0.268167	18
0.269131	18
0.269136	18
0.269158	18
0.275455	18
0.275455	18
0.275456	18
0.275476	18
0.275514	18
0.275645	18
0.275734	18
0.275756	18
0.278768	18
0.278771	18
0.278802	18
0.278828	18
0.279358	18
0.279367	18
0.279504	18
0.279505	18
0.281247	18
0.281247	18
0.281468	18
0.281468	18
0.286717	18
0.286812	18
0.28683	18
0.28687	18
0.289999	18
0.29	18
0.290213	18
0.290255	18
0.290268	18
0.291839	18
0.291842	18
0.291876	18
0.291881	18
0.291943	18
0.29296	18
0.292962	18
0.293008	18
0.293191	18
0.293192	18
0.295885	18
0.29617	18
0.296211	18
0.296325	18
0.296325	18
0.309887	18
0.309889	18
0.310097	18
0.3101	18
0.31038	18
0.310387	18
0.3104	18
0.313302	18
0.314422	18
0.325431	18
0.325431	18
0.325435	18
0.32544	18
0.32546	18
0.325461	18
0.325579	18
0.325585	18
0.329292	18
0.329293	18
0.32933	18
0.329338	18
0.329691	18
0.32973	18
0.329755	18
0.329757	18
0.330303	18
0.330422	18
0.330424	18
0.335006	18
0.337129	18
0.337167	18
0.337168	18
0.337533	18
0.337658	18
0.33766	18
0.338343	18
0.338355	18
0.338356	18
0.344539	18
0.344539	18
0.344551	18
0.34459	18
0.344633	18
0.344633	18
0.344665	18
0.3447	18
0.346025	18
0.346029	18
0.346065	18
0.347065	18
0.348281	18
0.350125	18
0.35024	18
0.35033	18
0.35033	18
0.359858	18
0.359859	18
0.35986	18
0.359862	18
0.359873	18
0.362991	18
0.363003	18
0.363007	18
0.363103	18
0.367584	18
0.367661	18
0.367664	18
0.367736	18
0.367787	18
0.376376	18
0.376378	18
0.376402	18
0.376437	18
0.377071	18
0.380772	18
0.380777	18
0.382119	18
0.386694	18
0.386694	18
0.386705	18
0.386728	18
0.38673	18
0.38673	18
0.386851	18
0.386852	18
0.388928	18
0.389003	18
0.389008	18
0.389124	18
0.389126	18
0.390487	18
0.394923	18
0.394924	18
0.39748	18
0.39748	18
0.398794	18
0.399028	18
0.399028	18
0.406502	18
0.406509	18
0.40651	18
0.406593	18
0.411306	18
0.41131	18
0.41136	18
0.411552	18
0.411552	18
0.411578	18
0.416948	18
0.41695	18
0.416951	18
0.420374	18
0.420375	18
0.42046	18
0.420463	18
0.420465	18
0.42162	18
0.421622	18
0.421718	18
0.425517	18
0.425521	18
0.425533	18
0.437635	18
0.437642	18
0.438941	18
0.438943	18
0.438945	18
0.438993	18
0.438994	18
0.439056	18
0.439078	18
0.439081	18
0.440651	18
0.440662	18
0.440688	18
0.44069	18
0.442476	18
0.442477	18
0.442539	18
0.442541	18
0.461628	18
0.461628	18
0.461629	18
0.461673	18
0.461685	18
0.461685	18
0.468139	18
0.468141	18
0.468152	18
0.468153	18
0.468206	18
0.468208	18
0.470802	18
0.47083	18
0.470845	18
0.475737	18
0.475808	18
0.475817	18
0.476267	18
0.478545	18
0.479333	18
0.479335	18
0.479473	18
0.479475	18
0.479564	18
0.47968	18
0.479684	18
0.479806	18
0.479905	18
0.479911	18
0.48055	18
0.48058	18
0.480581	18
0.480637	18
0.480637	18
0.481233	18
0.485656	18
0.485666	18
0.485811	18
0.485816	18
0.486633	18
0.486705	18
0.486744	18
0.486747	18
0.487144	18
0.487146	18
0.487159	18
0.487787	18
0.487843	18
0.487907	18
0.487924	18
0.488267	18
0.488349	18
0.4884	18
0.488401	18
0.495714	18
0.49577	18
0.496005	18
0.496099	18
0.497538	18
0.497603	18
0.497665	18
0.497697	18
0.497701	18
0.497772	18
0.50519	18
0.506081	18
0.507011	18
0.50712	18
0.507294	18
0.507298	18
0.50734	18
0.514931	18
0.514981	18
0.514981	18
0.515269	18
0.515271	18
0.516048	18
0.516173	18
0.516242	18
0.516313	18
0.516314	18
0.530584	18
0.530592	18
0.530593	18
0.537092	18
0.537232	18
0.537234	18
0.53832	18
0.538363	18
0.538364	18
0.541313	18
0.541341	18
0.541341	18
0.541716	18
0.541798	18
0.541803	18
0.54214	18
0.542304	18
0.542306	18
0.55662	18
0.556621	18
0.556689	18
0.556693	18
0.556869	18
0.556877	18
0.559505	18
0.559536	18
0.559553	18
0.5597	18
0.562946	18
0.562948	18
0.562984	18
0.562984	18
0.563015	18
0.56302	18
0.565057	18
0.565072	18
0.565194	18
0.565196	18
0.566468	18
0.566478	18
0.566496	18
0.573038	18
0.573141	18
0.573199	18
0.576093	18
0.576145	18
0.576249	18
0.576317	18
0.580674	18
0.58082	18
0.580821	18
0.585993	18
0.585995	18
0.586031	18
0.586031	18
0.588131	18
0.588136	18
0.58814	18
0.59143	18
0.593255	18
0.593279	18
0.593475	18
0.593475	18
0.596087	18
0.596128	18
0.596151	18
0.596151	18
0.599546	18
0.601991	18
0.601995	18
0.60217	18
0.603154	18
0.603156	18
0.603322	18
0.609019	18
0.609019	18
0.616388	18
0.616478	18
0.616486	18
0.616544	18
0.622221	18
0.622225	18
0.622332	18
0.622369	18
0.622371	18
0.634247	18
0.634255	18
0.634394	18
0.634503	18
0.634506	18
0.639735	18
0.639745	18
0.639747	18
0.640303	18
0.640418	18
0.640418	18
0.643149	18
0.643254	18
0.643294	18
0.643295	18
0.66454	18
0.664541	18
0.664541	18
0.664542	18
0.664589	18
0.66459	18
0.666405	18
0.671113	18
0.671968	18
0.672027	18
0.672174	18
0.676233	18
0.676234	18
0.676276	18
0.679373	18
0.679383	18
0.683155	18
0.685443	18
0.685575	18
0.68966	18
0.68967	18
0.689672	18
0.689779	18
0.689818	18
0.689881	18
0.695742	18
0.695742	18
0.695745	18
0.695746	18
0.710526	18
0.710526	18
0.710537	18
0.71055	18
0.717821	18
0.717987	18
0.717988	18
0.718029	18
0.718205	18
0.722543	18
0.722607	18
0.72262	18
0.722621	18
0.733037	18
0.733038	18
0.733056	18
0.733059	18
0.735461	18
0.735541	18
0.735542	18
0.748128	18
0.74813	18
0.74823	18
0.748231	18
0.748259	18
0.74826	18
0.754466	18
0.756341	18
0.76744	18
0.76744	18
0.767452	18
0.767505	18
0.767505	18
0.76767	18
0.76768	18
0.767744	18
0.767755	18
0.767928	18
0.767928	18
0.768004	18
0.768094	18
0.768104	18
0.769267	18
0.769283	18
0.771813	18
0.771845	18
0.771845	18
0.774571	18
0.774621	18
0.774666	18
0.774667	18
0.780427	18
0.780452	18
0.780453	18
0.787502	18
0.787583	18
0.787586	18
0.788548	18
0.788565	18
0.788572	18
0.788574	18
0.788634	18
0.788637	18
0.78887	18
0.788877	18
0.788923	18
0.788931	18
0.789965	18
0.789986	18
0.789987	18
0.792806	18
0.792907	18
0.792911	18
0.793874	18
0.793899	18
0.793922	18
0.793926	18
0.794082	18
0.794095	18
0.794103	18
0.794757	18
0.794847	18
0.794851	18
0.79486	18
0.801277	18
0.801306	18
0.801309	18
0.80291	18
0.802981	18
0.802982	18
0.805982	18
0.8089	18
0.80891	18
0.810922	18
0.811017	18
0.811021	18
0.811991	18
0.812026	18
0.812028	18
0.816724	18
0.81675	18
0.816751	18
0.816765	18
0.816822	18
0.822409	18
0.822427	18
0.822445	18
0.836776	18
0.836776	18
0.84311	18
0.843114	18
0.843116	18
0.843116	18
0.843324	18
0.843505	18
0.850337	18
0.850338	18
0.857955	18
0.857955	18
0.858121	18
0.865816	18
0.865819	18
0.865832	18
0.866844	18
0.866845	18
0.867021	18
0.87423	18
0.874239	18
0.874294	18
0.876447	18
0.876454	18
0.878566	18
0.884766	18
0.884769	18
0.884771	18
0.884773	18
0.888633	18
0.888645	18
0.888659	18
0.88866	18
0.892957	18
0.892994	18
0.893001	18
0.893036	18
0.893042	18
0.893059	18
0.895551	18
0.895551	18
0.895718	18
0.912847	18
0.912859	18
0.913275	18
0.922128	18
0.922128	18
0.922131	18
0.92223	18
0.925973	18
0.925974	18
0.925981	18
0.9263	18
0.926487	18
0.926492	18
0.940505	18
0.940507	18
0.94058	18
0.940582	18
0.940991	18
0.957724	18
0.957725	18
0.957769	18
0.957769	18
0.957842	18
0.960655	18
0.960657	18
0.960659	18
0.960768	18
0.967528	18
0.967529	18
0.96771	18
0.987816	18
0.987816	18
0.987818	18
0.987957	18
0.99552	18
0.995526	18
0.995675	18
1.0115	18
1.01151	18
1.01151	18
1.02424	18
1.02424	18
1.02424	18
1.03281	18
1.03281	18
1.0329	18
1.03291	18
1.03341	18
1.03351	18
1.03351	18
1.04729	18
1.04735	18
1.04736	18
1.04768	18
1.04864	18
1.04864	18
1.04864	18
1.04938	18
1.04938	18
1.04952	18
1.05413	18
1.05413	18
1.05423	18
1.05983	18
1.05984	18
1.05996	18
1.05996	18
1.06158	18
1.06158	18
1.0616	18
1.06161	18
1.06414	18
1.06415	18
1.06418	18
1.06585	18
1.06586	18
1.06586	18
1.0832	18
1.0832	18
1.0832	18
1.08321	18
1.08832	18
1.08836	18
1.08836	18
1.08861	18
1.08867	18
1.08869	18
1.08871	18
1.10107	18
1.10109	18
1.1011	18
1.10565	18
1.10569	18
1.10575	18
1.1069	18
1.11025	18
1.11035	18
1.11036	18
1.11347	18
1.11349	18
1.1135	18
1.11355	18
1.11915	18
1.11923	18
1.11933	18
1.13406	18
1.13406	18
1.13406	18
1.13411	18
1.13411	18
1.13783	18
1.13785	18
1.13785	18
1.13916	18
1.1392	18
1.1392	18
1.14167	18
1.14171	18
1.14176	18
1.14176	18
1.14975	18
1.14994	18
1.14995	18
1.16036	18
1.16084	18
1.16084	18
1.16338	18
1.16338	18
1.16355	18
1.16355	18
1.16387	18
1.16407	18
1.16407	18
1.16592	18
1.16592	18
1.16593	18
1.16959	18
1.16959	18
1.16973	18
1.16973	18
1.16973	18
1.17173	18
1.17184	18
1.17184	18
1.17212	18
1.17213	18
1.17213	18
1.17257	18
1.17271	18
1.17272	18
1.17279	18
1.1728	18
1.1728	18
1.17283	18
1.17283	18
1.1738	18
1.17381	18
1.17381	18
1.17417	18
1.17419	18
1.17419	18
1.17854	18
1.17856	18
1.17856	18
1.18238	18
1.1824	18
1.18247	18
1.18247	18
1.18935	18
1.19162	18
1.19163	18
1.19524	18
1.20037	18
1.2004	18
1.20041	18
1.20054	18
1.20473	18
1.20473	18
1.20474	18
1.2048	18
1.2048	18
1.206	18
1.2061	18
1.2061	18
1.21976	18
1.2305	18
1.2305	18
1.23051	18
1.23051	18
1.23067	18
1.23067	18
1.23966	18
1.23966	18
1.2515	18
1.2515	18
1.2516	18
1.25326	18
1.27386	18
1.27386	18
1.27391	18
1.27391	18
1.2756	18
1.27561	18
1.27562	18
1.27562	18
1.27564	18
1.27566	18
1.27566	18
1.2796	18
1.27971	18
1.27971	18
1.28005	18
1.28654	18
1.28655	18
1.28656	18
1.2866	18
1.2866	18
1.28702	18
1.28793	18
1.28797	18
1.28987	18
1.28988	18
1.28989	18
1.2902	18
1.2902	18
1.29191	18
1.29198	18
1.29198	18
1.29578	18
1.29582	18
1.29592	18
1.29593	18
1.29698	18
1.29706	18
1.29706	18
1.29922	18
1.30096	18
1.301	18
1.30671	18
1.30671	18
1.30677	18
1.31166	18
1.31167	18
1.31177	18
1.31709	18
1.31709	18
1.31709	18
1.31709	18
1.31741	18
1.31741	18
1.3271	18
1.32711	18
1.32714	18
1.32715	18
1.32927	18
1.33124	18
1.33125	18
1.33127	18
1.33127	18
1.3313	18
1.33131	18
1.33131	18
1.33807	18
1.33813	18
1.33813	18
1.34014	18
1.34034	18
1.3405	18
1.34051	18
1.34213	18
1.34213	18
1.34214	18
1.34246	18
1.34254	18
1.34255	18
1.34293	18
1.343	18
1.343	18
1.34534	18
1.3454	18
1.34546	18
1.34547	18
1.34606	18
1.35169	18
1.35172	18
1.3535	18
1.35685	18
1.35686	18
1.35689	18
1.35729	18
1.36163	18
1.36406	18
1.36411	18
1.36412	18
1.3642	18
1.36951	18
1.36952	18
1.36954	18
1.36954	18
1.36962	18
1.36968	18
1.36972	18
1.36972	18
1.3737	18
1.37371	18
1.37371	18
1.37374	18
1.37374	18
1.3752	18
1.37525	18
1.37533	18
1.37733	18
1.37736	18
1.37743	18
1.37743	18
1.38842	18
1.38843	18
1.38844	18
1.38857	18
1.38857	18
1.39233	18
1.40501	18
1.41207	18
1.41207	18
1.41402	18
1.41414	18
1.41432	18
1.41432	18
1.42084	18
1.4209	18
1.42091	18
1.42258	18
1.42259	18
1.4226	18
1.42605	18
1.42628	18
1.42629	18
1.42756	18
1.4276	18
1.42777	18
1.42777	18
1.45924	18
1.45924	18
1.45928	18
1.45929	18
1.45932	18
1.45934	18
1.46551	18
1.46559	18
1.46559	18
1.46678	18
1.46682	18
1.46682	18
1.4695	18
1.46951	18
1.46952	18
1.47504	18
1.47522	18
1.47523	18
1.47902	18
1.47902	18
1.47905	18
1.47905	18
1.48184	18
1.48188	18
1.48189	18
1.48447	18
1.4846	18
1.4846	18
1.4872	18
1.48744	18
1.48744	18
1.49084	18
1.49588	18
1.49588	18
1.49597	18
1.49598	18
1.50291	18
1.50394	18
1.50406	18
1.50862	18
1.50862	18
1.50863	18
1.50864	18
1.50865	18
1.50867	18
1.50867	18
1.51311	18
1.51316	18
1.51317	18
1.51511	18
1.51517	18
1.51517	18
1.51812	18
1.51826	18
1.51827	18
1.52368	18
1.52747	18
1.52751	18
1.52958	18
1.52967	18
1.52967	18
1.52969	18
1.5297	18
1.53071	18
1.53073	18
1.53073	18
1.53074	18
1.53801	18
1.53801	18
1.53802	18
1.54481	18
1.54486	18
1.54486	18
1.54641	18
1.55009	18
1.55009	18
1.55009	18
1.55012	18
1.55012	18
1.55856	18
1.55861	18
1.55862	18
1.55862	18
1.55865	18
1.5675	18
1.5675	18
1.5675	18
1.56752	18
1.56753	18
1.56854	18
1.56854	18
1.56862	18
1.56863	18
1.56904	18
1.56936	18
1.56938	18
1.57097	18
1.57102	18
1.57102	18
1.57102	18
1.57114	18
1.57116	18
1.57121	18
1.57121	18
1.57887	18
1.57887	18
1.57894	18
1.57895	18
1.57965	18
1.57969	18
1.57972	18
1.58075	18
1.58078	18
1.58078	18
1.58079	18
1.58123	18
1.58123	18
1.58135	18
1.58135	18
1.58386	18
1.58387	18
1.5839	18
1.58648	18
1.5865	18
1.58654	18
1.59206	18
1.59267	18
1.59268	18
1.59753	18
1.59764	18
1.59764	18
1.60252	18
1.60259	18
1.60259	18
1.60265	18
1.60267	18
1.60268	18
1.60274	18
1.60275	18
1.60662	18
1.60678	18
1.60679	18
1.6139	18
1.61393	18
1.61401	18
1.62151	18
1.62151	18
1.62181	18
1.62188	18
1.65196	18
1.65197	18
1.65202	18
1.65202	18
1.65336	18
1.65337	18
1.65341	18
1.6562	18
1.65621	18
1.65621	18
1.66137	18
1.66142	18
1.66143	18
1.66198	18
1.66203	18
1.66205	18
1.68204	18
1.68204	18
1.68206	18
1.68211	18
1.68428	18
1.68438	18
1.6844	18
1.69185	18
1.69185	18
1.69195	18
1.69204	18
1.70544	18
1.70565	18
1.70575	18
1.7173	18
1.71731	18
1.71743	18
1.71775	18
1.71878	18
1.71885	18
1.71893	18
1.72046	18
1.72051	18
1.72098	18
1.72408	18
1.72427	18
1.72655	18
1.72656	18
1.72659	18
1.72659	18
1.73538	18
1.7354	18
1.73562	18
1.73562	18
1.74298	18
1.74299	18
1.743	18
1.74301	18
1.74301	18
1.7431	18
1.74837	18
1.74837	18
1.74838	18
1.74838	18
1.7577	18
1.75773	18
1.75773	18
1.76177	18
1.76178	18
1.76178	18
1.76182	18
1.76848	18
1.76848	18
1.76848	18
1.76849	18
1.78898	18
1.78903	18
1.78903	18
1.7891	18
1.78917	18
1.78917	18
1.78919	18
1.80213	18
1.80214	18
1.80215	18
1.80762	18
1.80762	18
1.80769	18
1.80894	18
1.80894	18
1.80898	18
1.81428	18
1.81442	18
1.81442	18
1.81464	18
1.81596	18
1.81598	18
1.81601	18
1.8161	18
1.81615	18
1.81615	18
1.81641	18
1.81723	18
1.81723	18
1.81724	18
1.81728	18
1.82247	18
1.82247	18
1.82247	18
1.83917	18
1.83918	18
1.83918	18
1.84232	18
1.84232	18
1.8424	18
1.86401	18
1.86401	18
1.86401	18
1.86402	18
1.86573	18
1.86575	18
1.86594	18
1.87585	18
1.87586	18
1.87591	18
1.88736	18
1.88736	18
1.88737	18
1.90541	18
1.90542	18
1.90553	18
1.90666	18
1.90667	18
1.90709	18
1.90914	18
1.90916	18
1.90916	18
1.90918	18
1.91931	18
1.91931	18
1.91931	18
1.91941	18
1.92588	18
1.92589	18
1.92589	18
1.9259	18
1.93201	18
1.93201	18
1.93202	18
1.93582	18
1.93594	18
1.93595	18
1.94397	18
1.94402	18
1.94402	18
1.96271	18
1.96272	18
1.96272	18
1.96274	18
1.97031	18
1.97031	18
1.9713	18
1.97136	18
1.97136	18
1.97218	18
1.97221	18
1.97223	18
1.97223	18
1.97308	18
1.9732	18
1.9732	18
1.97664	18
1.97673	18
1.97674	18
1.97904	18
1.97907	18
1.97907	18
1.98655	18
1.98658	18
1.98666	18
1.98666	18
1.98667	18
1.98668	18
1.98668	18
1.9898	18
1.9898	18
1.98999	18
1.99726	18
1.9973	18
1.99733	18
1.99734	18
1.99751	18
1.99751	18
2.00742	18
2.00742	18
2.00757	18
2.00757	18
2.00758	18
2.01453	18
2.01454	18
2.01463	18
2.17029	18
2.17029	18
2.17029	18
2.1709	18
2.17747	18
2.17757	18
2.17757	18
2.17761	18
2.19035	18
2.19036	18
2.19051	18
2.19618	18
2.19619	18
2.19619	18
2.2013	18
2.20132	18
2.20132	18
2.20815	18
2.20815	18
2.20821	18
2.21966	18
2.21967	18
2.22744	18
2.22745	18
2.22745	18
2.22752	18
2.22752	18
2.22769	18
2.22823	18
2.22827	18
2.22829	18
2.22834	18
2.22836	18
2.22836	18
2.22837	18
2.2311	18
2.23111	18
2.23113	18
2.23588	18
2.23588	18
2.2359	18
2.23601	18
2.25058	18
2.25058	18
2.25059	18
2.2506	18
2.2542	18
2.2542	18
2.25427	18
2.26263	18
2.26263	18
2.26264	18
2.26835	18
2.26835	18
2.26838	18
2.26839	18
2.26839	18
2.26861	18
2.26862	18
2.26864	18
2.27005	18
2.27005	18
2.27005	18
2.28518	18
2.28519	18
2.28525	18
2.2955	18
2.2955	18
2.2955	18
2.29551	18
2.2959	18
2.2959	18
2.29592	18
2.29941	18
2.29942	18
2.29946	18
2.30643	18
2.30654	18
2.30654	18
2.30658	18
2.30984	18
2.30985	18
2.30985	18
2.31397	18
2.31734	18
2.31738	18
2.31741	18
2.31756	18
2.32091	18
2.32093	18
2.32096	18
2.32096	18
2.33739	18
2.33742	18
2.3784	18
2.3784	18
2.37841	18
2.37842	18
2.37851	18
2.38987	18
2.38987	18
2.38994	18
2.38995	18
2.39001	18
2.39195	18
2.39195	18
2.39207	18
2.39563	18
2.39875	18
2.39889	18
2.39891	18
2.39892	18
2.40598	18
2.40598	18
2.40604	18
2.40606	18
2.40607	18
2.41927	18
2.41928	18
2.42396	18
2.42419	18
2.42704	18
2.42705	18
2.42705	18
2.43754	18
2.43756	18
2.43756	18
2.44071	18
2.44071	18
2.44071	18
2.44398	18
2.44401	18
2.44404	18
2.44404	18
2.44596	18
2.44597	18
2.44599	18
2.44683	18
2.44683	18
2.44687	18
2.45138	18
2.45139	18
2.45142	18
2.45159	18
2.4604	18
2.46041	18
2.46049	18
2.46868	18
2.46872	18
2.46913	18
2.46914	18
2.46915	18
2.46917	18
2.46921	18
2.48492	18
2.48495	18
2.4948	18
2.49482	18
2.4949	18
2.49609	18
2.49613	18
2.49619	18
2.49688	18
2.50323	18
2.50325	18
2.50431	18
2.50438	18
2.50439	18
2.5045	18
2.51568	18
2.51569	18
2.51571	18
2.52091	18
2.52093	18
2.52119	18
2.52676	18
2.52679	18
2.52679	18
2.53191	18
2.53195	18
2.5321	18
2.53668	18
2.53668	18
2.53677	18
2.53679	18
2.53679	18
2.55085	18
2.55086	18
2.55103	18
2.55247	18
2.55248	18
2.55248	18
2.55572	18
2.55574	18
2.55574	18
2.56346	18
2.5635	18
2.56359	18
2.57827	18
2.57828	18
2.57848	18
2.58155	18
2.58156	18
2.58157	18
2.59144	18
2.59145	18
2.59147	18
2.59393	18
2.59492	18
2.59494	18
2.59503	18
2.59503	18
2.59683	18
2.59684	18
2.59688	18
2.59689	18
2.60064	18
2.61609	18
2.61609	18
2.61616	18
2.61649	18
2.61649	18
2.62458	18
2.62467	18
2.62468	18
2.62581	18
2.62693	18
2.627	18
2.62706	18
2.62706	18
2.62725	18
2.63515	18
2.63519	18
2.6352	18
2.63542	18
2.63542	18
2.6356	18
2.6356	18
2.6356	18
2.64912	18
2.64938	18
2.64938	18
2.66287	18
2.66321	18
2.66321	18
2.67059	18
2.6706	18
2.67062	18
2.67067	18
2.67067	18
2.67349	18
2.68638	18
2.68642	18
2.68642	18
2.69196	18
2.69197	18
2.69212	18
2.69217	18
2.69217	18
2.71317	18
2.71319	18
2.71323	18
2.71324	18
2.71407	18
2.71409	18
2.71409	18
2.71796	18
2.71797	18
2.71798	18
2.72381	18
2.72383	18
2.72384	18
2.73161	18
2.73172	18
2.73172	18
2.74339	18
2.74343	18
2.74343	18
2.76906	18
2.76908	18
2.7691	18
2.7691	18
2.78917	18
2.78917	18
2.78926	18
2.78927	18
2.79526	18
2.79534	18
2.79534	18
2.80021	18
2.80044	18
2.80044	18
2.81077	18
2.81077	18
2.8108	18
2.8108	18
2.81615	18
2.81615	18
2.81616	18
2.82076	18
2.82078	18
2.82078	18
2.83804	18
2.83811	18
2.83811	18
2.84365	18
2.845	18
2.84504	18
2.8465	18
2.8465	18
2.84654	18
2.84661	18
2.84661	18
2.85259	18
2.85287	18
2.85287	18
2.85684	18
2.85688	18
2.8569	18
2.8569	18
2.86054	18
2.86073	18
2.86073	18
2.86861	18
2.86862	18
2.86862	18
2.87254	18
2.87256	18
2.87256	18
2.87728	18
2.87728	18
2.87735	18
2.87735	18
2.8832	18
2.88323	18
2.88338	18
2.88338	18
2.88853	18
2.88862	18
2.88863	18
2.90821	18
2.90825	18
2.90825	18
2.93433	18
2.93433	18
2.93437	18
2.93437	18
2.95007	18
2.95008	18
2.95008	18
2.95103	18
2.9511	18
2.95111	18
2.9529	18
2.95464	18
2.95465	18
2.96614	18
2.96614	18
2.96623	18
2.96623	18
2.96623	18
2.96803	18
2.96804	18
2.96804	18
2.97239	18
2.97255	18
2.97624	18
2.97625	18
2.97633	18
2.98505	18
2.98506	18
2.98508	18
2.98512	18
2.98513	18
2.9888	18
2.98885	18
2.98885	18
2.99163	18
2.99165	18
2.99165	18
3.00725	18
3.00726	18
3.00727	18
3.00873	18
3.00874	18
3.00874	18
3.0144	18
3.01454	18
3.01455	18
3.04267	18
3.04269	18
3.04297	18
3.04297	18
3.04586	18
3.0459	18
3.0459	18
3.06039	18
3.06357	18
3.06357	18
3.07325	18
3.07333	18
3.07333	18
3.07805	18
3.07818	18
3.07819	18
3.0808	18
3.08097	18
3.08097	18
3.08249	18
3.08261	18
3.08261	18
3.08666	18
3.08668	18
3.0867	18
3.0867	18
3.09688	18
3.09706	18
3.09706	18
3.10556	18
3.10557	18
3.10565	18
3.10565	18
3.10928	18
3.10928	18
3.10936	18
3.10937	18
3.10956	18
3.10958	18
3.10961	18
3.10961	18
3.12595	18
3.12596	18
3.12602	18
3.12602	18
3.12907	18
3.12909	18
3.12917	18
3.12917	18
3.13973	18
3.13976	18
3.13976	18
3.14076	18
3.14088	18
3.14089	18
3.15571	18
3.16384	18
3.16384	18
3.16385	18
3.16386	18
3.16386	18
3.16386	18
3.16391	18
3.16391	18
3.16409	18
3.16418	18
3.16419	18
3.1731	18
3.17323	18
3.17325	18
3.17326	18
3.17595	18
3.17629	18
3.1763	18
3.18016	18
3.18034	18
3.18035	18
3.18547	18
3.18548	18
3.18556	18
3.18556	18
3.18656	18
3.1866	18
3.1866	18
3.20038	18
3.20048	18
3.20053	18
3.20053	18
3.20279	18
3.20282	18
3.20282	18
3.23013	18
3.23013	18
3.24174	18
3.24177	18
3.24177	18
3.24177	18
3.24187	18
3.24191	18
3.24191	18
3.24192	18
3.24194	18
3.24194	18
3.24462	18
3.24464	18
3.24464	18
3.25341	18
3.25359	18
3.25359	18
3.25797	18
3.25801	18
3.25801	18
3.26052	18
3.26057	18
3.26057	18
3.27749	18
3.27749	18
3.27749	18
3.28154	18
3.28673	18
3.28673	18
3.28674	18
3.2868	18
3.28681	18
3.28787	18
3.28789	18
3.28789	18
3.29444	18
3.29464	18
3.29464	18
3.29817	18
3.29827	18
3.29827	18
3.30084	18
3.30084	18
3.30085	18
3.30468	18
3.3047	18
3.30484	18
3.30485	18
3.31435	18
3.31444	18
3.31454	18
3.31454	18
3.32579	18
3.32579	18
3.32579	18
3.32616	18
3.32632	18
3.32632	18
3.33604	18
3.33604	18
3.33605	18
3.3403	18
3.3403	18
3.34031	18
3.34705	18
3.34705	18
3.34706	18
3.34861	18
3.34865	18
3.34865	18
3.35086	18
3.35087	18
3.35088	18
3.35088	18
3.35268	18
3.3527	18
3.35271	18
3.35285	18
3.35646	18
3.35647	18
3.35653	18
3.35653	18
3.38144	18
3.38145	18
3.38159	18
3.38159	18
3.3852	18
3.38528	18
3.38529	18
3.3932	18
3.39327	18
3.39328	18
3.40164	18
3.4017	18
3.40171	18
3.41429	18
3.41431	18
3.41431	18
3.43144	18
3.43144	18
3.43145	18
3.43146	18
3.46208	18
3.46767	18
3.46771	18
3.46777	18
3.46783	18
3.46783	18
3.46904	18
3.46922	18
3.46922	18
3.47679	18
3.47698	18
3.47699	18
3.47762	18
3.47764	18
3.47764	18
3.47829	18
3.4899	18
3.48996	18
3.49012	18
3.49012	18
3.4911	18
3.4912	18
3.4912	18
3.50001	18
3.50005	18
3.50006	18
3.50009	18
3.50009	18
3.5002	18
3.5002	18
3.50999	18
3.5103	18
3.5103	18
3.51526	18
3.51984	18
3.51986	18
3.51986	18
3.51987	18
3.51987	18
3.53505	18
3.53506	18
3.53507	18
3.53507	18
3.54226	18
3.54227	18
3.54227	18
3.54228	18
3.55455	18
3.55455	18
3.56726	18
3.56726	18
3.56727	18
3.56727	18
3.56764	18
3.56764	18
3.56968	18
3.58117	18
3.58119	18
3.58125	18
3.58125	18
3.59364	18
3.59366	18
3.59367	18
3.59791	18
3.59792	18
3.59794	18
3.59794	18
3.61075	18
3.62008	18
3.62009	18
3.6201	18
3.63555	18
3.63556	18
3.63557	18
3.63565	18
3.63575	18
3.63575	18
3.65931	18
3.65938	18
3.65938	18
3.6702	18
3.67022	18
3.67022	18
3.67679	18
3.67679	18
3.67687	18
3.67687	18
3.67802	18
3.69266	18
3.69266	18
3.6928	18
3.69282	18
3.69283	18
3.69848	18
3.69852	18
3.69884	18
3.69884	18
3.70236	18
3.70308	18
3.70312	18
3.70313	18
3.70313	18
3.70385	18
3.70465	18
3.70473	18
3.70477	18
3.70829	18
3.70829	18
3.70834	18
3.70841	18
3.70843	18
3.70861	18
3.71903	18
3.71903	18
3.71922	18
3.73456	18
3.73457	18
3.73457	18
3.73461	18
3.73461	18
3.73563	18
3.76577	18
3.76579	18
3.76579	18
3.76579	18
3.76587	18
3.76587	18
3.77114	18
3.77131	18
3.77131	18
3.77421	18
3.77423	18
3.7743	18
3.7743	18
3.7783	18
3.77832	18
3.77849	18
3.78196	18
3.78196	18
3.79783	18
3.80901	18
3.80904	18
3.84461	18
3.84462	18
3.84472	18
3.84474	18
3.84474	18
3.851	18
3.85102	18
3.85102	18
3.85738	18
3.8574	18
3.8574	18
3.86573	18
3.86575	18
3.86576	18
3.87403	18
3.87418	18
3.87418	18
3.87531	18
3.87535	18
3.87536	18
3.88071	18
3.88081	18
3.88082	18
3.88215	18
3.8822	18
3.88221	18
3.88222	18
3.88304	18
3.88314	18
3.88314	18
3.88426	18
3.88428	18
3.88432	18
3.88434	18
3.9033	18
3.90333	18
3.90334	18
3.90348	18
3.90358	18
3.90358	18
3.90855	18
3.90856	18
3.90856	18
3.92108	18
3.92117	18
3.92118	18
3.92823	18
3.92824	18
3.9289	18
3.92891	18
3.92892	18
3.92892	18
3.92894	18
3.92894	18
3.93317	18
3.93318	18
3.93324	18
3.93325	18
3.94122	18
3.94127	18
3.94127	18
3.94181	18
3.94182	18
3.94182	18
3.94335	18
3.94356	18
3.94356	18
3.95184	18
3.95195	18
3.95196	18
3.95316	18
3.95318	18
3.95319	18
3.95385	18
3.95389	18
3.95389	18
3.96065	18
3.9607	18
3.96079	18
3.96079	18
3.96521	18
3.96527	18
3.96527	18
3.97565	18
3.97586	18
3.97947	18
3.97947	18
3.97948	18
3.98318	18
3.98321	18
3.98322	18
3.98608	18
3.98613	18
3.98614	18
3.99268	18
3.99359	18
3.99366	18
3.9938	18
3.99381	18
4.0096	18
4.00964	18
4.00965	18
4.01231	18
4.03403	18
4.03404	18
4.03404	18
4.03413	18
4.03413	18
4.03567	18
4.03569	18
4.0357	18
4.05454	18
4.05454	18
4.05458	18
4.05458	18
4.05516	18
4.0552	18
4.05521	18
4.06266	18
4.06266	18
4.06266	18
4.06559	18
4.0656	18
4.06584	18
4.06585	18
4.07666	18
4.07668	18
4.07669	18
4.0768	18
4.0768	18
4.08097	18
4.08098	18
4.08103	18
4.08104	18
4.10996	18
4.10997	18
4.10997	18
4.10997	18
4.11016	18
4.11021	18
4.11022	18
4.11424	18
4.11449	18
4.11449	18
4.13247	18
4.13251	18
4.13252	18
4.13252	18
4.14149	18
4.14151	18
4.1417	18
4.1417	18
4.1454	18
4.1454	18
4.14556	18
4.14556	18
4.15804	18
4.15874	18
4.15879	18
4.15882	18
4.15882	18
4.17327	18
4.17328	18
4.17348	18
4.1735	18
4.198	18
4.19801	18
4.19804	18
4.19804	18
4.24088	18
4.24093	18
4.24093	18
4.2412	18
4.2412	18
4.24669	18
4.24699	18
4.247	18
4.25644	18
4.25649	18
4.25653	18
4.25654	18
4.26026	18
4.26026	18
4.26029	18
4.26031	18
4.26344	18
4.26355	18
4.26355	18
4.27546	18
4.27548	18
4.2755	18
4.27551	18
4.28808	18
4.28911	18
4.2892	18
4.29878	18
4.29881	18
4.29881	18
4.29884	18
4.29885	18
4.305	18
4.30509	18
4.30511	18
4.3052	18
4.30713	18
4.30714	18
4.31548	18
4.3155	18
4.3155	18
4.31556	18
4.31558	18
4.33019	18
4.33021	18
4.33022	18
4.33023	18
4.33323	18
4.33565	18
4.33565	18
4.33569	18
5.42098	18
5.42099	18
5.421	18
5.42185	18
5.42185	18
5.44471	18
5.44486	18
5.44486	18
5.44522	18
5.44524	18
5.44528	18
5.44529	18
5.44884	18
5.44899	18
5.44899	18
5.46094	18
5.46094	18
5.46108	18
5.46109	18
5.46572	18
5.46575	18
5.46575	18
5.47525	18
5.47774	18
5.47774	18
5.58882	18
5.58882	18
5.59221	18
5.59223	18
5.60656	18
5.60657	18
5.60658	18
5.63869	18
5.63871	18
5.63871	18
5.63899	18
5.63901	18
5.64312	18
5.64331	18
5.64332	18
5.6514	18
5.65167	18
5.65167	18
5.67719	18
5.67719	18
5.67757	18
5.67758	18
5.68077	18
5.68167	18
5.6817	18
5.68172	18
5.68172	18
5.68706	18
5.68717	18
5.68739	18
5.6874	18
5.70169	18
5.7017	18
5.70171	18
5.70171	18
5.70616	18
5.70616	18
5.70616	18
5.71797	18
5.71803	18
5.71804	18
5.7423	18
5.74231	18
5.74232	18
5.74935	18
5.74938	18
5.74939	18
5.7495	18
5.7495	18
5.75227	18
5.75233	18
5.75234	18
5.77236	18
5.77607	18
5.77611	18
5.77611	18
5.77614	18
5.77615	18
5.78369	18
5.78381	18
5.78383	18
5.7934	18
5.79344	18
5.79346	18
5.7969	18
5.79691	18
5.79691	18
5.79693	18
5.79823	18
5.79828	18
5.79829	18
5.80364	18
5.80369	18
5.80369	18
5.81156	18
5.8116	18
5.8117	18
5.8117	18
5.81343	18
5.81347	18
5.81348	18
5.81349	18
5.82058	18
5.82059	18
5.82073	18
5.82074	18
5.82755	18
5.82759	18
5.82759	18
5.8384	18
5.83841	18
5.83842	18
5.85907	18
5.85907	18
5.85917	18
5.85918	18
5.86384	18
5.86384	18
5.88486	18
5.88489	18
5.8849	18
5.8849	18
5.91367	18
5.91369	18
5.91369	18
5.91377	18
5.91378	18
5.91932	18
5.91934	18
5.91948	18
5.91951	18
5.93166	18
5.9317	18
5.9317	18
5.93177	18
5.93177	18
5.93406	18
5.93451	18
5.93455	18
5.93457	18
5.93457	18
5.96843	18
5.96847	18
5.96847	18
5.97021	18
5.97023	18
5.97037	18
5.97039	18
5.98256	18
5.98261	18
5.98261	18
5.98333	18
5.98337	18
5.98337	18
5.98448	18
5.98449	18
5.98449	18
5.99654	18
5.99661	18
5.99664	18
5.99666	18
6.00463	18
6.00465	18
6.00469	18
6.0047	18
6.00681	18
6.00685	18
6.00686	18
6.01	18
6.0101	18
6.01011	18
6.01043	18
6.01047	18
6.01048	18
6.01711	18
6.02654	18
6.02659	18
6.0266	18
6.02688	18
6.02689	18
6.0542	18
6.05688	18
6.05694	18
6.05711	18
6.06539	18
6.06541	18
6.06541	18
6.06545	18
6.06547	18
6.09937	18
6.09948	18
6.09949	18
6.09963	18
6.09964	18
6.10027	18
6.10032	18
6.10033	18
6.10237	18
6.10241	18
6.10242	18
6.11661	18
6.11662	18
6.11663	18
6.12684	18
6.12698	18
6.12699	18
6.14459	18
6.14461	18
6.14468	18
6.14469	18
6.14812	18
6.1554	18
6.15555	18
6.15555	18
6.1556	18
6.15562	18
6.15588	18
6.15611	18
6.15611	18
6.16271	18
6.16521	18
6.16525	18
6.17091	18
6.17095	18
6.17095	18
6.17096	18
6.17096	18
6.17096	18
6.19412	18
6.19421	18
6.19421	18
6.1962	18
6.19634	18
6.19639	18
6.20598	18
6.20601	18
6.20602	18
6.21139	18
6.21519	18
6.21528	18
6.21542	18
6.21547	18
6.25437	18
6.25438	18
6.25442	18
6.25444	18
6.25455	18
6.25461	18
6.25462	18
6.25895	18
6.25899	18
6.259	18
6.25988	18
6.2639	18
6.26393	18
6.26393	18
6.30163	18
6.30166	18
6.30166	18
6.30167	18
6.30167	18
6.30168	18
6.30634	18
6.30637	18
6.30644	18
6.30645	18
6.30724	18
6.30734	18
6.30735	18
6.84684	18
6.84691	18
6.84691	18
6.84951	18
6.84957	18
6.8555	18
6.85554	18
6.85557	18
6.85558	18
6.86055	18
6.86071	18
6.86084	18
6.86085	18
6.86176	18
6.86177	18
6.86179	18
6.86261	18
6.86271	18
6.86271	18
6.87129	18
6.87129	18
6.87132	18
6.87133	18
6.87962	18
6.87963	18
6.87981	18
6.87982	18
6.88162	18
6.88168	18
6.88169	18
6.88276	18
6.88282	18
6.88286	18
6.90904	18
6.90905	18
6.90906	18
6.90916	18
6.90916	18
6.93024	18
6.93027	18
6.93029	18
6.94109	18
6.94109	18
6.94124	18
6.94125	18
6.94272	18
6.94273	18
6.94275	18
6.94304	18
6.94313	18
6.94314	18
6.94754	18
6.94755	18
6.94756	18
6.94948	18
6.95278	18
6.95279	18
6.95281	18
6.95281	18
6.95282	18
6.95283	18
6.95413	18
6.98747	18
6.98748	18
6.98748	18
6.98749	18
6.9875	18
6.99049	18
6.99054	18
6.99056	18
6.99737	18
6.99753	18
6.99761	18
6.99762	18
7.00042	18
7.00048	18
7.00049	18
7.00187	18
7.00191	18
7.00191	18
7.00219	18
7.00619	18
7.00623	18
7.00624	18
7.00626	18
7.01825	18
7.0183	18
7.01831	18
7.01995	18
7.02011	18
7.02012	18
7.02413	18
7.02413	18
7.02415	18
7.02855	18
7.02861	18
7.02874	18
7.02874	18
7.02967	18
7.03515	18
7.03522	18
7.03705	18
7.03708	18
7.03709	18
7.03755	18
7.03755	18
7.04004	18
7.04004	18
7.04008	18
7.04008	18
7.04328	18
7.04336	18
7.04337	18
7.0452	18
7.04525	18
7.04542	18
7.04542	18
7.05752	18
7.05753	18
7.05754	18
7.06048	18
7.0605	18
7.0605	18
7.0684	18
7.06853	18
7.06853	18
7.07249	18
7.07264	18
7.07264	18
7.09247	18
7.09247	18
7.09248	18
7.09248	18
7.09708	18
7.09709	18
7.0971	18
7.0971	18
7.10497	18
7.10498	18
7.10498	18
7.10501	18
7.10567	18
7.11058	18
7.11062	18
7.11075	18
7.11076	18
7.11076	18
7.1178	18
7.11807	18
7.11807	18
7.12142	18
7.12162	18
7.12163	18
7.12164	18
7.12166	18
7.12168	18
7.12169	18
7.12195	18
7.12196	18
7.12196	18
7.15373	18
7.15373	18
7.15832	18
7.15837	18
7.15851	18
7.15851	18
7.16063	18
7.16063	18
7.17412	18
7.17412	18
7.17437	18
7.17439	18
7.18232	18
7.18438	18
7.18467	18
7.18481	18
7.18483	18
7.18736	18
7.18822	18
7.18829	18
7.19363	18
7.19367	18
7.19368	18
7.2208	18
7.22084	18
7.22084	18
7.22111	18
7.22113	18
7.23682	18
7.2369	18
7.23692	18
7.23692	18
7.23699	18
7.23705	18
7.2387	18
7.23871	18
7.23878	18
7.23884	18
7.24213	18
7.24219	18
7.2422	18
7.24322	18
7.24686	18
7.24688	18
7.2469	18
7.24692	18
7.2512	18
7.25121	18
7.25123	18
7.25177	18
7.25187	18
7.25188	18
7.25243	18
7.25252	18
7.25253	18
7.25259	18
7.25793	18
7.25794	18
7.25797	18
7.25798	18
7.26476	18
7.2648	18
7.26481	18
7.27169	18
7.2717	18
7.27185	18
7.27185	18
7.27255	18
7.27261	18
7.27267	18
7.27403	18
7.27411	18
7.27413	18
7.27871	18
7.27878	18
7.27878	18
7.2919	18
7.29193	18
7.29193	18
7.29491	18
7.29491	18
7.29497	18
7.29499	18
7.31125	18
7.31128	18
7.31139	18
7.31142	18
7.34623	18
7.34623	18
7.37165	18
7.37166	18
7.37166	18
7.37167	18
7.37168	18
7.41472	18
7.41473	18
7.41475	18
7.41477	18
7.42171	18
7.42197	18
7.422	18
7.42364	18
7.42388	18
7.42395	18
7.42465	18
7.42467	18
7.4472	18
7.4472	18
7.44728	18
7.44729	18
7.44739	18
7.44739	18
7.44898	18
7.44906	18
7.44907	18
7.45271	18
7.45272	18
7.45282	18
7.45517	18
7.4554	18
7.45542	18
7.45736	18
7.45748	18
7.45749	18
7.45897	18
7.459	18
7.45905	18
7.45973	18
7.46085	18
7.46093	18
7.46094	18
7.46096	18
7.46596	18
7.4721	18
7.47211	18
7.47212	18
7.47212	18
7.47219	18
7.47444	18
7.47445	18
7.47455	18
7.47459	18
7.48398	18
7.48398	18
7.48399	18
7.4958	18
7.4958	18
7.49593	18
7.49594	18
7.49968	18
7.49978	18
7.49978	18
7.51356	18
7.51359	18
7.5136	18
7.5136	18
7.51363	18
7.52588	18
7.52895	18
7.52898	18
7.52903	18
7.53493	18
7.53495	18
7.53496	18
7.5351	18
7.53511	18
7.53832	18
7.53836	18
7.53865	18
7.53866	18
7.54657	18
7.54667	18
7.54669	18
7.54897	18
7.55079	18
7.5509	18
7.55096	18
7.55098	18
7.55301	18
7.55301	18
7.55307	18
7.55307	18
7.55844	18
7.55846	18
7.5586	18
7.56645	18
7.56658	18
7.56666	18
7.56667	18
7.57558	18
7.57562	18
7.57562	18
7.59449	18
7.59467	18
7.59469	18
7.61192	18
7.61192	18
7.61192	18
7.61195	18
7.61195	18
7.62103	18
7.62108	18
7.6211	18
7.63068	18
7.63073	18
7.63076	18
7.63143	18
7.63546	18
7.63549	18
7.6356	18
7.65704	18
7.65709	18
7.6571	18
7.65713	18
7.65715	18
7.65816	18
7.65818	18
7.65818	18
7.65826	18
7.66167	18
7.66172	18
7.66174	18
7.66228	18
7.66238	18
7.66242	18
7.67137	18
7.67141	18
7.67151	18
7.67592	18
7.67593	18
7.67602	18
7.67864	18
7.67873	18
7.67878	18
7.67879	18
7.6849	18
7.68503	18
7.68504	18
7.68763	18
7.68768	18
7.68777	18
7.69453	18
7.69454	18
7.69454	18
7.69455	18
7.69459	18
7.69467	18
7.70572	18
7.74844	18
7.7485	18
7.74855	18
7.74856	18
7.7487	18
7.74871	18
7.75532	18
7.75545	18
7.75553	18
7.75635	18
7.7565	18
7.75655	18
7.75699	18
7.75706	18
7.7571	18
7.75818	18
7.77187	18
7.7719	18
7.77196	18
7.7802	18
7.78023	18
7.78023	18
7.80048	18
7.8005	18
7.8005	18
7.80052	18
7.80052	18
7.80053	18
7.80888	18
7.80917	18
7.80922	18
7.81456	18
7.81457	18
7.81458	18
7.8146	18
7.85306	18
7.85306	18
7.85307	18
7.85335	18
7.8535	18
7.85421	18
7.85425	18
7.85428	18
7.8687	18
7.86877	18
7.8688	18
7.86886	18
7.87518	18
7.87521	18
7.87547	18
7.8755	18
7.88533	18
7.88536	18
7.88538	18
7.90226	18
7.90236	18
7.90241	18
7.90465	18
7.90479	18
7.90484	18
7.91395	18
7.92712	18
7.92712	18
7.92717	18
7.9377	18
7.93804	18
7.93816	18
7.94363	18
7.94376	18
7.94385	18
7.94421	18
7.95001	18
7.95003	18
7.95004	18
7.9501	18
7.95953	18
7.95957	18
7.95997	18
7.96656	18
7.96657	18
7.96658	18
7.96691	18
7.97648	18
7.97661	18
7.9767	18
7.99516	18
7.9952	18
7.9952	18
7.99545	18
8.00291	18
8.00303	18
8.00305	18
8.01036	18
8.01041	18
8.01042	18
8.01182	18
8.01192	18
8.01197	18
8.01221	18
8.01226	18
8.01242	18
8.04742	18
8.04743	18
8.04743	18
8.04744	18
8.05396	18
8.05396	18
8.05413	18
8.0542	18
8.06737	18
8.06743	18
8.06766	18
8.0678	18
8.09654	18
8.09659	18
8.0966	18
8.09676	18
8.09975	18
8.09978	18
8.09989	18
8.1	18
8.12458	18
8.1246	18
8.12462	18
8.12478	18
8.12818	18
8.12821	18
8.12832	18
8.16664	18
8.16664	18
8.16668	18
8.16725	18
8.16855	18
8.16857	18
8.16871	18
8.17808	18
8.17809	18
8.17811	18
8.17815	18
8.1783	18
8.1952	18
8.19522	18
8.19525	18
8.19532	18
8.19921	18
8.20742	18
8.20743	18
8.20753	18
8.20769	18
8.25522	18
8.25525	18
8.25527	18
8.25528	18
8.25568	18
8.27933	18
8.27938	18
8.27961	18
8.2886	18
8.28868	18
8.28887	18
8.30424	18
8.30425	18
8.30433	18
8.30459	18
8.30629	18
8.30633	18
8.30634	18
8.30669	18
8.31996	18
8.32003	18
8.32017	18
8.3236	18
8.32372	18
8.32412	18
8.33946	18
8.33955	18
8.33976	18
8.35096	18
8.35098	18
8.35098	18
8.3511	18
8.35526	18
8.35531	18
8.35535	18
8.35536	18
8.36669	18
8.36671	18
8.36674	18
8.36679	18
8.36869	18
8.36881	18
8.36893	18
8.3743	18
8.37435	18
8.3744	18
8.37454	18
8.37743	18
8.37756	18
8.37776	18
8.38031	18
8.3804	18
8.38055	18
8.38086	18
8.38423	18
8.38425	18
8.38433	18
8.38436	18
8.41239	18
8.41244	18
8.41266	18
8.41287	18
8.41289	18
8.41317	18
8.42528	18
8.42528	18
8.43354	18
8.43357	18
8.44504	18
8.44508	18
8.44508	18
8.44512	18
8.44539	18
8.45287	18
8.45293	18
8.45347	18
8.47689	18
8.4771	18
8.47743	18
8.56536	18
8.56536	18
8.57148	18
8.57183	18
8.57277	18
8.57291	18
8.57309	18
8.57325	18
8.57659	18
8.57663	18
8.57668	18
8.57725	18
8.57726	18
8.57729	18
8.57797	18
8.58382	18
8.58382	18
8.58511	18
8.59251	18
8.59255	18
8.59268	18
8.59329	18
8.59375	18
8.59375	18
8.59376	18
8.5955	18
8.60691	18
8.60703	18
8.60836	18
8.60905	18
8.63498	18
8.63499	18
8.63534	18
8.63639	18
8.63961	18
8.63968	18
8.64059	18
8.65354	18
8.65924	18
8.65929	18
8.6593	18
8.65931	18
8.66099	18
8.68146	18
8.69712	18
8.69712	18
8.69959	18
8.70601	18
8.70988	18
8.7099	18
8.7099	18
8.71003	18
8.71644	18
8.73801	18
8.73801	18
8.74334	18
8.76178	18
8.76187	18
8.76187	18
8.76193	18
10.268	18
10.2706	18
10.2707	18
10.2769	18
10.2969	18
10.2969	18
10.297	18
10.3043	18
10.3043	18
10.3044	18
10.3075	18
10.3076	18
10.3076	18
10.3076	18
10.3105	18
10.3105	18
10.3106	18
10.4309	18
10.431	18
10.4347	18
10.4566	18
10.4634	18
10.4635	18
10.4635	18
10.4635	18
10.4704	18
10.4704	18
10.4704	18
10.4704	18
10.4788	18
10.4788	18
10.4788	18
10.4843	18
10.4843	18
10.4843	18
10.5095	18
10.5095	18
10.5095	18
10.5095	18
10.5346	18
10.5346	18
10.5346	18
10.5347	18
11.1941	18
11.1941	18
11.1948	18
11.1973	18
11.7102	18
11.7103	18
11.7104	18
11.7116	18
11.7406	18
11.7406	18
11.7406	18
11.7407	18
11.7424	18
11.7424	18
11.7426	18
11.7799	18
11.7799	18
11.7799	18
12.6904	18
12.6904	18
12.6905	18
12.6916	18
12.6916	18
12.6916	18
12.6921	18
12.6921	18
12.6922	18
12.6952	18
12.702	18
12.7021	18
12.7021	18
12.7021	18
12.733	18
12.733	18
12.7359	18
12.7359	18
12.7361	18
12.7361	18
12.7437	18
12.7493	18
12.7494	18
12.7495	18
12.7586	18
12.7586	18
12.7587	18
12.7601	18
12.7601	18
12.7601	18
12.7602	18
12.7662	18
12.7662	18
12.7662	18
12.7891	18
12.7891	18
12.7891	18
12.7891	18
12.7899	18
12.8002	18
12.8003	18
12.8003	18
12.8003	18
13.01	18
13.01	18
13.0105	18
13.0114	18
13.0203	18
13.0204	18
13.0204	18
13.0204	18
13.064	18
13.064	18
13.064	18
13.0816	18
14.1001	18
14.1008	18
14.1008	18
14.1084	18
14.1116	18
14.1117	18
14.1117	18
14.1143	18
14.1143	18
14.1143	18
14.1653	18
14.1653	18
14.1653	18
14.1741	18
14.1741	18
14.1741	18
14.1741	18
16.4478	18
16.4481	18
16.4481	18
16.4484	18
16.4559	18
16.4559	18
16.4562	18
16.4562	18
16.4562	18
16.4584	18
16.4896	18
16.4896	18
16.4896	18
16.4959	18
16.496	18
16.4962	18
16.5154	18
16.5155	18
16.5155	18
16.7714	18
16.7714	18
16.7731	18
16.7754	18
16.7755	18
16.7755	18
16.7891	18
16.7891	18
16.819	18
16.8191	18
16.8191	18
16.8191	18
16.8225	18
16.8225	18
16.8225	18
16.8426	18
16.8426	18
16.8426	18
16.8618	18
16.8618	18
16.8618	18
16.8974	18
16.8974	18
16.8975	18
16.9159	18
16.9159	18
16.9159	18
17.3326	18
17.3326	18
17.333	18
17.3423	18
17.3423	18
17.3424	18
17.3424	18
17.3424	18
17.3461	18
17.3463	18
17.3463	18
17.3463	18
17.366	18
17.3661	18
17.3661	18
17.3662	18
17.3765	18
17.3766	18
17.3766	18
17.3767	18
17.3866	18
17.3867	18
17.3869	18
17.4243	18
17.4244	18
17.4245	18
17.4633	18
17.4633	18
17.4633	18
17.4634	18
17.4686	18
17.4686	18
17.4687	18
17.4687	18
17.4779	18
17.478	18
17.478	18
17.478	18
17.4798	18
17.4798	18
17.4798	18
17.4798	18
17.4845	18
17.4845	18
18.6128	18
18.6135	18
18.6135	18
18.6135	18
18.6185	18
18.6185	18
18.6186	18
20.9428	18
20.9428	18
20.9474	18
20.9702	18
20.9702	18
20.9702	18
20.9702	18
20.9812	18
20.9812	18
20.9812	18
20.9821	18
20.9821	18
20.9821	18
20.9828	18
20.9829	18
20.9829	18
20.983	18
20.9967	18
20.9967	18
20.9967	18
21.0014	18
21.0015	18
21.0016	18
21.0044	18
21.0051	18
21.0098	18
21.0098	18
21.0098	18
21.0098	18
21.0185	18
21.0185	18
21.0185	18
21.0186	18
21.0342	18
21.0342	18
21.3505	18
21.3553	18
21.3553	18
21.3583	18
21.3833	18
21.3833	18
21.3836	18
21.4024	18
21.4024	18
21.4024	18
21.4026	18
21.4026	18
21.4026	18
21.4157	18
21.4157	18
21.4157	18
21.4287	18
21.4288	18
21.4288	18
21.4288	18
21.6891	18
21.6892	18
21.6925	18
21.773	18
21.773	18
21.7733	18
22.2555	18
22.2555	18
22.2597	18
22.2664	18
22.2664	18
22.2664	18
22.2667	18
22.278	18
22.278	18
22.278	18
22.2781	18
22.2873	18
22.2873	18
22.2873	18
22.2873	18
22.2951	18
22.2951	18
22.2951	18
22.2951	18
22.5727	18
22.5728	18
22.5752	18
22.5809	18
22.5809	18
22.5809	18
22.5809	18
22.6439	18
22.6439	18
22.6443	18
22.6444	18
22.6444	18
22.6444	18
22.6483	18
22.6483	18
22.6483	18
22.6497	18
22.6524	18
22.6524	18
22.6524	18
22.6582	18
22.6583	18
22.6583	18
22.6583	18
22.6584	18
22.6836	18
22.6836	18
22.6836	18
22.8067	18
22.8067	18
22.8148	18
22.8353	18
22.8353	18
22.8353	18
22.8425	18
22.8427	18
22.8427	18
22.8427	18
22.8734	18
22.8734	18
22.8734	18
22.8734	18
22.8814	18
22.8815	18
22.8815	18
22.8815	18
22.8817	18
22.8817	18
22.8817	18
22.8916	18
22.8916	18
22.8917	18
22.892	18
22.892	18
22.892	18
22.8921	18
22.9016	18
22.9016	18
22.9016	18
22.9018	18
22.904	18
22.904	18
22.904	18
22.9041	18
22.9195	18
22.9196	18
22.9197	18
23.3923	18
23.3923	18
23.3935	18
23.7916	18
23.7916	18
23.7918	18
24.1864	18
24.1864	18
24.1919	18
24.2352	18
24.2353	18
24.2353	18
24.2354	18
24.2658	18
24.266	18
24.266	18
24.266	18
27.6486	18
27.6486	18
27.6512	18
27.6603	18
27.6603	18
27.6638	18
27.6639	18
27.6639	18
27.6639	18
29.5218	18
29.5218	18
29.5295	18
29.5296	18
29.5296	18
29.5297	18
29.5378	18
31.1239	18
31.1239	18
31.1255	18
31.1413	18
31.1413	18
31.1414	18
31.1414	18
31.9274	18
31.9275	18
31.9293	18
31.9477	18
31.9477	18
31.9483	18
31.9908	18
31.9908	18
31.9909	18
31.9909	18
32.0054	18
32.0055	18
32.0055	18
32.0056	18
32.0519	18
32.0519	18
32.052	18
32.0652	18
32.0654	18
32.0654	18
32.0656	18
32.8392	18
32.8392	18
32.8468	18
32.8468	18
32.8468	18
32.8469	18
32.858	18
32.858	18
33.4986	18
33.5029	18
33.5029	18
33.5044	18
34.1194	18
34.1195	18
34.1277	18
34.154	18
34.1541	18
34.1541	18
34.1541	18
34.1654	18
34.1655	18
34.1708	18
34.1708	18
34.1709	18
34.1759	18
34.1766	18
34.1766	18
34.1892	18
34.6951	18
34.6952	18
34.6952	18
34.6952	18
34.6972	18
34.6972	18
34.6973	18
34.6979	18
34.7211	18
34.7211	18
34.7212	18
35.3633	18
35.3633	18
35.3644	18
35.3883	18
35.3883	18
35.3883	18
35.3884	18
35.3956	18
35.3956	18
35.3957	18
35.4005	18
35.4005	18
35.4005	18
36.668	18
36.668	18
36.673	18
36.7414	18
36.7416	18
36.7438	18
37.4255	18
37.4255	18
37.4299	18
37.4595	18
37.4595	18
37.4595	18
37.4596	18
37.7533	18
37.7533	18
37.7539	18
37.7563	18
37.7563	18
37.7564	18
39.4398	18
39.4399	18
39.4406	18
39.4722	18
39.4722	18
39.4723	18
39.4787	18
39.4787	18
39.4788	18
41.4879	18
41.4879	18
41.4979	18
41.4979	18
41.498	18
41.498	18
41.4983	18
41.6297	18
41.6297	18
41.63	18
41.9468	18
41.947	18
41.9566	18
41.9605	18
41.9606	18
41.9606	18
41.9607	18
42.0104	18
42.0104	18
42.0104	18
42.0104	18
42.0119	18
42.0119	18
42.0121	18
42.0132	18
42.0132	18
42.0132	18
42.0133	18
42.0225	18
42.0226	18
42.0227	18
42.0227	18
42.6209	18
42.6209	18
42.6249	18
43.124	18
43.1241	18
43.1248	18
43.1283	18
43.1283	18
43.1283	18
44.4397	18
44.4397	18
44.4432	18
44.4679	18
44.468	18
44.468	18
46.0343	18
46.0343	18
46.0358	18
47.0988	18
47.0988	18
47.1035	18
47.1265	18
47.1266	18
47.1266	18
47.1359	18
47.1359	18
47.1465	18
47.1465	18
47.1465	18
47.1465	18
47.1465	18
47.1473	18
47.1474	18
47.1474	18
47.1474	18
47.1675	18
47.1791	18
47.1792	18
47.1792	18
47.1792	18
47.3806	18
47.3806	18
47.3808	18
47.7923	18
47.7923	18
47.7927	18
47.7963	18
47.7963	18
47.7964	18
47.7964	18
47.8242	18
47.8243	18
47.8244	18
47.8244	18
47.8431	18
47.8433	18
47.8433	18
47.8434	18
47.8493	18
47.8493	18
47.8494	18
47.8495	18
47.8917	18
47.8919	18
47.8944	18
47.8954	18
47.8954	18
47.8955	18
47.8958	18
47.8978	18
47.8978	18
47.8979	18
47.9141	18
47.9141	18
47.9141	18
48.0635	18
48.0636	18
48.0645	18
48.0769	18
48.077	18
48.0771	18
48.0771	18
48.587	18
48.5871	18
48.5913	18
48.6319	18
48.632	18
48.6357	18
48.9761	18
48.9764	18
48.979	18
49.4329	18
49.4329	18
49.433	18
49.4358	18
49.436	18
49.4361	18
49.4361	18
50.3799	18
50.3799	18
50.3821	18
50.7649	18
50.765	18
50.7666	18
50.7786	18
50.7786	18
50.7786	18
50.7786	18
51.1459	18
51.146	18
51.1466	18
51.1469	18
51.1469	18
51.147	18
51.147	18
51.2309	18
51.2326	18
51.2327	18
51.2414	18
51.7623	18
51.7624	18
51.7683	18
52.0518	18
52.0518	18
52.0536	18
52.0562	18
52.0563	18
52.0564	18
52.0564	18
52.0612	18
52.0612	18
52.0612	18
52.0613	18
52.851	18
52.851	18
52.8511	18
52.8512	18
52.8512	18
52.8523	18
52.8523	18
52.8524	18
52.8525	18
52.8528	18
52.9272	18
52.9288	18
52.9289	18
53.758	18
53.7586	18
53.7587	18
53.7599	18
53.7661	18
53.7662	18
53.7669	18
53.7669	18
53.7669	18
53.7669	18
53.7669	18
55.2897	18
55.2897	18
55.2907	18
55.5893	18
55.5894	18
55.5907	18
55.61	18
55.61	18
55.6101	18
55.6101	18
56.5475	18
56.5476	18
56.5493	18
56.5493	18
56.5493	18
56.5493	18
56.5501	18
56.5501	18
56.5506	18
56.5546	18
56.5869	18
56.5871	18
56.5882	18
56.5882	18
56.7784	18
56.7786	18
56.7812	18
56.8207	18
56.8209	18
56.8224	18
56.829	18
56.8291	18
56.8291	18
56.8291	18
57.0095	18
57.0095	18
57.0115	18
57.1878	18
57.1878	18
57.1908	18
57.205	18
57.205	18
57.205	18
57.205	18
57.218	18
57.218	18
57.2181	18
57.2181	18
57.2272	18
57.2277	18
57.2278	18
57.2279	18
57.2296	18
57.2296	18
57.2403	18
57.2403	18
57.2404	18
57.2404	18
57.2404	18
57.2819	18
57.2819	18
57.2819	18
57.282	18
57.2978	18
57.2979	18
57.2979	18
57.7232	18
57.7232	18
58.088	18
58.0886	18
58.0886	18
58.5965	18
58.5988	18
58.5989	18
58.5989	18
59.0667	18
59.0668	18
59.0695	18
59.2437	18
59.2439	18
59.3022	18
59.3023	18
59.3031	18
59.3034	18
59.3101	18
59.3101	18
60.4081	18
60.4083	18
60.4104	18
60.4104	18
60.4105	18
60.4105	18
60.4643	18
60.4648	18
60.4649	18
60.4653	18
60.9105	18
60.9106	18
61.1913	18
61.1914	18
61.1919	18
61.1919	18
61.1938	18
61.2286	18
61.2287	18
61.2322	18
61.5485	18
61.5519	18
61.552	18
61.6984	18
61.701	18
61.7034	18
61.7035	18
61.7067	18
61.8974	18
61.8993	18
61.8994	18
61.9007	18
62.5197	18
62.5197	18
62.5197	18
63.9347	18
63.9355	18
63.9355	18
63.9374	18
64.1007	18
64.1008	18
64.1053	18
64.7752	18
64.7753	18
64.7753	18
65.8872	18
65.8872	18
65.8974	18
65.8974	18
65.8975	18
65.8976	18
65.9041	18
67.0443	18
67.0444	18
67.0457	18
67.3028	18
67.3038	18
67.3039	18
67.3051	18
67.328	18
67.3281	18
67.3282	18
67.3282	18
68.2812	18
68.2812	18
68.2831	18
69.7414	18
69.7421	18
69.7422	18
69.7452	18
69.7994	18
69.7994	18
69.8017	18
69.8163	18
69.8164	18
69.8164	18
69.8164	18
69.8229	18
69.823	18
69.823	18
69.8231	18
70.1847	18
70.186	18
70.1865	18
70.1874	18
70.1875	18
70.2438	18
70.244	18
70.2443	18
70.3722	18
70.3724	18
70.3734	18
70.3866	18
70.3867	18
70.3867	18
70.3867	18
70.798	18
70.7982	18
70.7982	18
71.1933	18
71.1933	18
71.1962	18
72.5017	18
72.5019	18
72.5046	18
73.2486	18
73.2487	18
73.259	18
73.9938	18
73.9943	18
73.9943	18
73.9945	18
75.4713	18
75.4714	18
75.4719	18
77.8383	18
77.8386	18
77.843	18
77.9916	18
77.9916	18
78.2057	18
78.2062	18
78.2062	18
78.2076	18
78.6366	18
78.6379	18
78.6379	18
78.638	18
78.7294	18
78.7295	18
78.7317	18
78.981	18
78.9813	18
78.9838	18
79.8412	18
79.8415	18
79.8441	18
80.065	18
80.065	18
80.0654	18
80.7623	18
80.7624	18
80.7624	18
81.0919	18
81.0921	18
81.0924	18
81.0959	18
81.0998	18
81.0999	18
81.0999	18
81.1	18
81.8771	18
81.8772	18
82.0498	18
82.0513	18
82.0514	18
82.0519	18
82.2301	18
82.2303	18
82.2306	18
82.4125	18
82.4125	18
82.4141	18
83.5597	18
83.5598	18
83.5604	18
86.0332	18
86.0332	18
86.036	18
86.085	18
86.0912	18
86.0913	18
86.0951	18
86.4098	18
86.4101	18
86.4232	18
86.8972	18
86.8972	18
86.8972	18
86.9	18
87.5646	18
87.5647	18
87.5684	18
88.0313	18
88.0314	18
88.0327	18
88.0388	18
88.0674	18
88.0818	18
88.0819	18
88.0819	18
88.0821	18
88.0822	18
88.6353	18
88.6355	18
88.639	18
88.815	18
88.8155	18
88.8166	18
88.8166	18
89.1573	18
89.1574	18
89.1574	18
89.1843	18
89.1844	18
89.1855	18
89.2152	18
89.2153	18
89.2161	18
89.4342	18
89.4343	18
89.442	18
90.0948	18
90.0949	18
90.0952	18
90.1819	18
90.182	18
90.1822	18
90.3784	18
90.3785	18
90.3786	18
90.6904	18
90.6907	18
90.7313	18
90.734	18
90.7345	18
90.7383	18
91.074	18
91.0744	18
91.0763	18
94.0449	18
94.0451	18
94.0463	18
94.265	18
94.2654	18
94.2656	18
94.4775	18
94.4776	18
94.4831	18
94.5413	18
94.5414	18
94.5455	18
94.7781	18
94.7782	18
94.7791	18
95.0441	18
95.046	18
95.046	18
95.0465	18
95.5664	18
95.5669	18
95.5675	18
95.6718	18
95.6726	18
95.6755	18
95.7357	18
95.736	18
95.738	18
96.1564	18
96.1564	18
96.1569	18
97.0521	18
97.0521	18
97.0522	18
97.0525	18
97.392	18
97.3921	18
97.3984	18
97.5761	18
97.5768	18
97.5771	18
97.5865	18
98.9241	18
98.9242	18
98.9253	18
99.6078	18
99.6079	18
99.6093	18
