5.80788e-10	0
8.21983e-10	1
1.21626e-09	2
1.36717e-09	3
1.79434e-09	4
1.8506e-09	5
1.85228e-09	6
2.27213e-09	7
4.99228e-09	8
5.18399e-09	9
5.23204e-09	9
7.81089e-09	10
8.10236e-09	11
8.73989e-09	11
8.78951e-09	12
9.57162e-09	13
9.85547e-09	14
1.0618e-08	15
1.50544e-08	16
1.71199e-08	16
2.14976e-08	17
3.04474e-08	18
3.40517e-08	19
3.57118e-08	19
3.61859e-08	19
4.25684e-08	19
5.40209e-08	19
6.23327e-08	19
6.98414e-08	19
8.88388e-08	19
8.9328e-08	19
1.03746e-07	19
1.16884e-07	19
1.16957e-07	19
1.18572e-07	19
1.18933e-07	19
1.30848e-07	19
1.31066e-07	19
1.46378e-07	19
1.48655e-07	19
1.49694e-07	19
1.66068e-07	19
1.68268e-07	19
1.69756e-07	19
1.78239e-07	19
1.82088e-07	19
1.83083e-07	19
1.91662e-07	19
2.13546e-07	19
2.2609e-07	19
2.28926e-07	19
2.31103e-07	19
2.34356e-07	19
2.6821e-07	19
2.76478e-07	19
2.92099e-07	19
3.13193e-07	19
3.13986e-07	19
3.14359e-07	19
3.32097e-07	19
3.33287e-07	19
3.40239e-07	19
3.40283e-07	19
3.61596e-07	19
3.63362e-07	19
3.64443e-07	19
3.68413e-07	19
3.70231e-07	19
3.73482e-07	19
3.79349e-07	19
3.80035e-07	19
3.93718e-07	19
4.07964e-07	19
4.10774e-07	19
4.12333e-07	19
4.21078e-07	19
4.22926e-07	19
4.26136e-07	19
4.34132e-07	19
4.6064e-07	19
4.69932e-07	19
4.83842e-07	19
4.8821e-07	19
5.03296e-07	19
5.09583e-07	19
5.18674e-07	19
5.19371e-07	19
5.31221e-07	19
5.38756e-07	19
5.41195e-07	19
5.42747e-07	19
5.48568e-07	19
5.5425e-07	19
5.61856e-07	19
5.65533e-07	19
5.71363e-07	19
5.73283e-07	19
6.04404e-07	19
6.0468e-07	19
6.15923e-07	19
6.20378e-07	19
6.22127e-07	19
6.36712e-07	19
6.38406e-07	19
6.43414e-07	19
6.4394e-07	19
6.58143e-07	19
6.61439e-07	19
6.67137e-07	19
6.68125e-07	19
6.7096e-07	19
6.84375e-07	19
6.94026e-07	19
6.97412e-07	19
7.0144e-07	19
7.11476e-07	19
7.3206e-07	19
7.40942e-07	19
7.42761e-07	19
7.436e-07	19
7.52763e-07	19
7.52928e-07	19
7.60368e-07	19
7.66463e-07	19
7.81371e-07	19
7.98133e-07	19
7.98542e-07	19
8.06439e-07	19
8.06822e-07	19
8.12621e-07	19
8.12808e-07	19
8.27406e-07	19
8.309e-07	19
8.38028e-07	19
8.43152e-07	19
8.4749e-07	19
8.50145e-07	19
8.70389e-07	19
8.71385e-07	19
8.83636e-07	19
9.17151e-07	19
9.32607e-07	19
9.36315e-07	19
9.66867e-07	19
9.77542e-07	19
9.99296e-07	19
1.01319e-06	19
1.01954e-06	19
1.01964e-06	19
1.03309e-06	19
1.03448e-06	19
1.03481e-06	19
1.04032e-06	19
1.05486e-06	19
1.06552e-06	19
1.07237e-06	19
1.07645e-06	19
1.08675e-06	19
1.13321e-06	19
1.14838e-06	19
1.16325e-06	19
1.18143e-06	19
1.19067e-06	19
1.19543e-06	19
1.21008e-06	19
1.23836e-06	19
1.23846e-06	19
1.24528e-06	19
1.30924e-06	19
1.33332e-06	19
1.37626e-06	19
1.41965e-06	19
1.4312e-06	19
1.43408e-06	19
1.44242e-06	19
1.44414e-06	19
1.44857e-06	19
1.45016e-06	19
1.46076e-06	19
1.48739e-06	19
1.50421e-06	19
1.56069e-06	19
1.56741e-06	19
1.57044e-06	19
1.57447e-06	19
1.59529e-06	19
1.60458e-06	19
1.61359e-06	19
1.65557e-06	19
1.74784e-06	19
1.77043e-06	19
1.78407e-06	19
1.99604e-06	19
2.04408e-06	19
2.07122e-06	19
2.13277e-06	19
2.22848e-06	19
2.23703e-06	19
2.26134e-06	19
2.29351e-06	19
2.29624e-06	19
2.36611e-06	19
2.39486e-06	19
2.45237e-06	19
2.47931e-06	19
2.50878e-06	19
2.53826e-06	19
2.56607e-06	19
2.62617e-06	19
2.66025e-06	19
2.67212e-06	19
2.71468e-06	19
2.83781e-06	19
2.89964e-06	19
2.91838e-06	19
2.92023e-06	19
2.9345e-06	19
2.96528e-06	19
3.03829e-06	19
3.15513e-06	19
3.2704e-06	19
3.29188e-06	19
3.2966e-06	19
3.3107e-06	19
3.35717e-06	19
3.39162e-06	19
3.40597e-06	19
3.45215e-06	19
3.53151e-06	19
3.55821e-06	19
3.59294e-06	19
3.67554e-06	19
3.73255e-06	19
3.74612e-06	19
3.83146e-06	19
3.83462e-06	19
3.88929e-06	19
3.89502e-06	19
3.94178e-06	19
3.95471e-06	19
3.97327e-06	19
4.04119e-06	19
4.80358e-06	19
4.89803e-06	19
5.20374e-06	19
5.98407e-06	19
6.02122e-06	19
6.58146e-06	19
7.04717e-06	19
7.6022e-06	19
7.85499e-06	19
7.87102e-06	19
7.9815e-06	19
8.04085e-06	19
8.13582e-06	19
8.38294e-06	19
8.40207e-06	19
8.40657e-06	19
8.54627e-06	19
8.72939e-06	19
8.74162e-06	19
8.74744e-06	19
9.45823e-06	19
9.46632e-06	19
9.74416e-06	19
9.84492e-06	19
1.06664e-05	19
1.07071e-05	19
1.08154e-05	19
1.11718e-05	19
1.15588e-05	19
1.18013e-05	19
1.31512e-05	19
1.34263e-05	19
1.36668e-05	19
1.37391e-05	19
1.39797e-05	19
1.41906e-05	19
1.46815e-05	19
1.47437e-05	19
1.47557e-05	19
1.51642e-05	19
1.51994e-05	19
1.55917e-05	19
1.62287e-05	19
1.70695e-05	19
1.7197e-05	19
1.73118e-05	19
1.88563e-05	19
1.96212e-05	19
2.02472e-05	19
2.07107e-05	19
2.09813e-05	19
2.2796e-05	19
2.28019e-05	19
2.28764e-05	19
2.36152e-05	19
2.37825e-05	19
2.39972e-05	19
2.45356e-05	19
2.45895e-05	19
2.55709e-05	19
2.66035e-05	19
2.74096e-05	19
2.74369e-05	19
2.7595e-05	19
2.83347e-05	19
2.87815e-05	19
3.00113e-05	19
3.03129e-05	19
3.03451e-05	19
3.03788e-05	19
3.18492e-05	19
3.19061e-05	19
3.19503e-05	19
3.2017e-05	19
3.2419e-05	19
3.3035e-05	19
3.32468e-05	19
3.33475e-05	19
3.38103e-05	19
3.38826e-05	19
3.44605e-05	19
3.45534e-05	19
3.46197e-05	19
3.46983e-05	19
3.50584e-05	19
3.55762e-05	19
3.5597e-05	19
3.62051e-05	19
3.66568e-05	19
3.77922e-05	19
3.80454e-05	19
3.86336e-05	19
3.86344e-05	19
4.00653e-05	19
4.04122e-05	19
4.14217e-05	19
4.24025e-05	19
4.24861e-05	19
4.25585e-05	19
4.27082e-05	19
4.40319e-05	19
4.40356e-05	19
4.4235e-05	19
4.42612e-05	19
4.47658e-05	19
4.49117e-05	19
4.49965e-05	19
4.55322e-05	19
4.56663e-05	19
4.56691e-05	19
4.58855e-05	19
4.75169e-05	19
4.85694e-05	19
4.87255e-05	19
4.88445e-05	19
4.90869e-05	19
5.04549e-05	19
5.06293e-05	19
5.07697e-05	19
5.08719e-05	19
5.0936e-05	19
5.47918e-05	19
5.5077e-05	19
5.57552e-05	19
5.65497e-05	19
5.68027e-05	19
5.73958e-05	19
5.78411e-05	19
5.80438e-05	19
5.82163e-05	19
5.93111e-05	19
5.99267e-05	19
6.01403e-05	19
6.21945e-05	19
6.30306e-05	19
6.44064e-05	19
6.46077e-05	19
6.46493e-05	19
6.53505e-05	19
6.61961e-05	19
6.62323e-05	19
6.79443e-05	19
7.05945e-05	19
7.12568e-05	19
7.13425e-05	19
7.21542e-05	19
7.2971e-05	19
7.48612e-05	19
7.49922e-05	19
7.52304e-05	19
7.52753e-05	19
7.6288e-05	19
7.78832e-05	19
8.07316e-05	19
8.185e-05	19
8.18635e-05	19
8.33957e-05	19
8.33984e-05	19
8.81003e-05	19
9.04082e-05	19
9.56628e-05	19
9.62013e-05	19
9.62272e-05	19
9.63889e-05	19
9.76327e-05	19
9.81233e-05	19
9.83895e-05	19
9.94035e-05	19
9.95183e-05	19
0.000104408	19
0.000105199	19
0.00011118	19
0.000112188	19
0.000112192	19
0.000112235	19
0.000113186	19
0.000116593	19
0.000117117	19
0.000120975	19
0.000122338	19
0.000122655	19
0.000123366	19
0.000123437	19
0.000130167	19
0.000131139	19
0.000131291	19
0.000134378	19
0.000134425	19
0.000136572	19
0.000137116	19
0.0001386	19
0.000138746	19
0.000138854	19
0.000138857	19
0.000145351	19
0.000146494	19
0.000147841	19
0.000147999	19
0.000148724	19
0.000148735	19
0.000151981	19
0.00015376	19
0.000156086	19
0.000156912	19
0.000157921	19
0.000159797	19
0.000160349	19
0.000165443	19
0.000165517	19
0.000166264	19
0.00016635	19
0.000166657	19
0.000170429	19
0.000170824	19
0.000171343	19
0.000179167	19
0.000179797	19
0.000180468	19
0.000181991	19
0.000188878	19
0.000200181	19
0.000200436	19
0.000203625	19
0.000203755	19
0.000204109	19
0.000206798	19
0.00020808	19
0.000208412	19
0.000212847	19
0.00021343	19
0.000218739	19
0.000223919	19
0.000224133	19
0.000224797	19
0.00022659	19
0.000226795	19
0.000230565	19
0.000237829	19
0.000238471	19
0.000241154	19
0.000242373	19
0.000247666	19
0.00024777	19
0.000265853	19
0.000270766	19
0.000314141	19
0.000318212	19
0.000341688	19
0.000349097	19
0.000408599	19
0.000419757	19
0.000460165	19
0.00046196	19
0.000462711	19
0.000463303	19
0.000465988	19
0.000466347	19
0.000467054	19
0.000472106	19
0.000476992	19
0.000486916	19
0.000492575	19
0.000499339	19
0.000576248	19
0.000586908	19
0.000623225	19
0.000634576	19
0.000700084	19
0.000778615	19
0.000796265	19
0.000814466	19
0.000915468	19
0.000946619	19
0.00104226	19
0.00111215	19
0.00137517	19
0.00147609	19
0.00188072	19
0.00198475	19
0.0019854	19
0.00199123	19
0.00199203	19
0.00199255	19
0.00199729	19
0.00200109	19
0.00204218	19
0.00204342	19
0.00204353	19
0.00204382	19
0.00204398	19
0.00204501	19
0.00237191	19
0.00237245	19
0.00237268	19
0.00237297	19
0.00237337	19
0.0023747	19
0.00237531	19
0.00237554	19
0.00243815	19
0.00257373	19
0.00269448	19
0.00280406	19
0.00307623	19
0.00310284	19
0.00339929	19
0.00340028	19
0.00340372	19
0.00340396	19
0.00340685	19
0.00340729	19
0.00340844	19
0.00341608	19
0.00342498	19
0.00347008	19
0.00347385	19
0.00361661	19
0.00377267	19
0.00402246	19
0.00404012	19
0.00405805	19
0.00408442	19
0.00410431	19
0.00412927	19
0.00412945	19
0.00415782	19
0.00417204	19
0.00420859	19
0.0042778	19
0.00428695	19
0.00448085	19
0.00460897	19
0.00470404	19
0.00490195	19
0.00547636	19
0.00559206	19
0.00559499	19
0.00560266	19
0.00560295	19
0.00603413	19
0.00617312	19
0.008122	19
0.00814287	19
0.00816041	19
0.00817123	19
0.00826571	19
0.00831018	19
0.00901463	19
0.00901498	19
0.0090155	19
0.00901556	19
0.00901598	19
0.00901704	19
0.00901707	19
0.00901767	19
0.00901784	19
0.00901814	19
0.00901935	19
0.00901982	19
0.00902081	19
0.00902157	19
0.00902211	19
0.00902246	19
0.00902254	19
0.00902366	19
0.0090239	19
0.00902486	19
0.00902496	19
0.00902602	19
0.00903117	19
0.00903169	19
0.00903247	19
0.00903288	19
0.00903298	19
0.00903453	19
0.0090387	19
0.00903934	19
0.00904374	19
0.00904427	19
0.00905369	19
0.00905374	19
0.00906036	19
0.00906441	19
0.00906501	19
0.00907912	19
0.00908319	19
0.0090857	19
0.00908658	19
0.00909352	19
0.00910004	19
0.00911827	19
0.00912985	19
0.00913214	19
0.00917082	19
0.00917373	19
0.0091841	19
0.0091888	19
0.00919034	19
0.00919847	19
0.00923496	19
0.0092354	19
0.00923951	19
0.00924148	19
0.00928449	19
0.0092848	19
0.00929869	19
0.00933906	19
0.00938429	19
0.00938648	19
0.00939861	19
0.00943229	19
0.00952706	19
0.00958473	19
0.00965744	19
0.00968801	19
0.00976405	19
0.00978603	19
0.00980603	19
0.0098131	19
0.00983876	19
0.0098417	19
0.00984699	19
0.00986432	19
0.0099593	19
0.0101253	19
0.0102701	19
0.0103864	19
0.0107743	19
0.0107744	19
0.0107744	19
0.0107744	19
0.0107748	19
0.0107749	19
0.0107749	19
0.010775	19
0.0107754	19
0.0107757	19
0.0107758	19
0.0107767	19
0.010777	19
0.010777	19
0.0107771	19
0.0107773	19
0.0107788	19
0.0107793	19
0.0107797	19
0.0107801	19
0.0107805	19
0.0107808	19
0.0107814	19
0.0107816	19
0.0107817	19
0.0107821	19
0.0107827	19
0.0107827	19
0.010783	19
0.0107831	19
0.0107839	19
0.0107849	19
0.0107871	19
0.0107872	19
0.0107885	19
0.0107894	19
0.0107895	19
0.0107901	19
0.0107908	19
0.0107924	19
0.0107943	19
0.0107973	19
0.0107979	19
0.0107985	19
0.0108028	19
0.0108045	19
0.0108139	19
0.0108188	19
0.0108191	19
0.0108199	19
0.0108219	19
0.0108255	19
0.0108284	19
0.0108375	19
0.0108405	19
0.0108582	19
0.0108601	19
0.0108795	19
0.0109006	19
0.0109015	19
0.0109049	19
0.0109051	19
0.0109126	19
0.0109324	19
0.0109435	19
0.0109535	19
0.0109549	19
0.0109597	19
0.0109606	19
0.0109878	19
0.0110047	19
0.01101	19
0.0110346	19
0.0110356	19
0.0110502	19
0.0110895	19
0.0111333	19
0.011157	19
0.0111722	19
0.0112034	19
0.0112145	19
0.0112151	19
0.0112176	19
0.0112671	19
0.0113357	19
0.0113398	19
0.011345	19
0.0113653	19
0.0113894	19
0.0114537	19
0.0115058	19
0.0115573	19
0.0115774	19
0.0116236	19
0.0116625	19
0.0116692	19
0.0118241	19
0.0119281	19
0.0119425	19
0.0119961	19
0.0121342	19
0.0121642	19
0.0122935	19
0.0122946	19
0.0123017	19
0.0123359	19
0.0127872	19
0.0128874	19
0.0128878	19
0.0128953	19
0.0128999	19
0.0129	19
0.0129012	19
0.0129145	19
0.0129191	19
0.0129454	19
0.0129599	19
0.013121	19
0.0131325	19
0.0134575	19
0.0135309	19
0.0136658	19
0.0137617	19
0.0145515	19
0.0145517	19
0.0145517	19
0.0145518	19
0.0145524	19
0.0145527	19
0.0145533	19
0.0145538	19
0.0145544	19
0.0145549	19
0.0145554	19
0.0145557	19
0.0145563	19
0.0145589	19
0.0145604	19
0.0145605	19
0.0145619	19
0.0145629	19
0.0145639	19
0.0145642	19
0.0145664	19
0.0145671	19
0.0145672	19
0.0145673	19
0.0145675	19
0.0145681	19
0.0145684	19
0.0145688	19
0.0145705	19
0.0145708	19
0.0145716	19
0.014573	19
0.0145737	19
0.0145742	19
0.0145766	19
0.0145767	19
0.0145782	19
0.0145841	19
0.0145847	19
0.0145858	19
0.0145879	19
0.014589	19
0.0145956	19
0.014596	19
0.0146039	19
0.0146052	19
0.0146583	19
0.014709	19
0.0147527	19
0.0147531	19
0.0147535	19
0.0147552	19
0.0147581	19
0.0147585	19
0.0147589	19
0.0147675	19
0.0147716	19
0.0147736	19
0.0147843	19
0.0147897	19
0.0149775	19
0.0149838	19
0.0149853	19
0.0149873	19
0.0149874	19
0.0149876	19
0.0149877	19
0.014989	19
0.0149894	19
0.0149953	19
0.0150005	19
0.0150023	19
0.0150038	19
0.0150161	19
0.0150187	19
0.0150323	19
0.0156827	19
0.0156828	19
0.0156829	19
0.0156843	19
0.0156845	19
0.015687	19
0.0156921	19
0.0156949	19
0.0157017	19
0.0157162	19
0.0157207	19
0.0157252	19
0.0157632	19
0.0159494	19
0.0159657	19
0.016676	19
0.0166772	19
0.0166783	19
0.016679	19
0.0166824	19
0.0166829	19
0.016685	19
0.0166876	19
0.016689	19
0.0166894	19
0.0166911	19
0.0166923	19
0.0166945	19
0.016698	19
0.0167045	19
0.0167054	19
0.0167079	19
0.0167113	19
0.016713	19
0.0167206	19
0.0167268	19
0.0167417	19
0.0167869	19
0.016788	19
0.0168141	19
0.0168384	19
0.0174447	19
0.017835	19
0.0178644	19
0.0178651	19
0.0178658	19
0.0178666	19
0.017867	19
0.0178672	19
0.0178695	19
0.0178695	19
0.0178696	19
0.0178703	19
0.0178703	19
0.0178704	19
0.0178714	19
0.0178717	19
0.0178738	19
0.0178739	19
0.017874	19
0.017874	19
0.0178824	19
0.0178832	19
0.0178907	19
0.0178913	19
0.0178917	19
0.0179147	19
0.0179265	19
0.017969	19
0.0179855	19
0.0195987	19
0.0195988	19
0.0195998	19
0.0196003	19
0.0196008	19
0.019601	19
0.0196011	19
0.0196012	19
0.0196014	19
0.0196023	19
0.0196026	19
0.0196026	19
0.0196029	19
0.0196035	19
0.019604	19
0.0196045	19
0.0196047	19
0.0196051	19
0.0196054	19
0.019606	19
0.0196068	19
0.0196075	19
0.0196094	19
0.0196098	19
0.0196108	19
0.0196117	19
0.019612	19
0.0196121	19
0.019614	19
0.0196154	19
0.0196159	19
0.0196283	19
0.019631	19
0.019641	19
0.0196478	19
0.0196482	19
0.019673	19
0.0197324	19
0.0198366	19
0.0204361	19
0.0204362	19
0.0204365	19
0.0204365	19
0.0204366	19
0.020437	19
0.0204371	19
0.0204372	19
0.0204376	19
0.0204378	19
0.0204379	19
0.0204381	19
0.0204386	19
0.0204391	19
0.0204393	19
0.0204399	19
0.02044	19
0.02044	19
0.0204401	19
0.0204408	19
0.020441	19
0.0204414	19
0.0204425	19
0.0204428	19
0.0204432	19
0.0204436	19
0.0204436	19
0.0204437	19
0.0204441	19
0.0204443	19
0.0204443	19
0.020445	19
0.0204452	19
0.0204453	19
0.0204454	19
0.0204456	19
0.0204472	19
0.0204475	19
0.0204486	19
0.0204488	19
0.0204533	19
0.0204536	19
0.0204543	19
0.0204549	19
0.020455	19
0.0204556	19
0.020457	19
0.0204586	19
0.0204589	19
0.020459	19
0.0204598	19
0.0204603	19
0.0204619	19
0.020462	19
0.0204648	19
0.0204687	19
0.0204695	19
0.0204697	19
0.020471	19
0.0204778	19
0.020479	19
0.0204827	19
0.0204839	19
0.020485	19
0.0204968	19
0.0205273	19
0.0206105	19
0.021345	19
0.0213485	19
0.0213619	19
0.0213626	19
0.0213628	19
0.0213827	19
0.0213924	19
0.0213928	19
0.0213939	19
0.021628	19
0.0219075	19
0.0219079	19
0.021908	19
0.0219088	19
0.0219094	19
0.021911	19
0.0219111	19
0.0219112	19
0.0219127	19
0.021913	19
0.0219138	19
0.0219138	19
0.021914	19
0.0219159	19
0.0219184	19
0.0219185	19
0.021919	19
0.0219194	19
0.0219221	19
0.0219305	19
0.0219318	19
0.0219345	19
0.0219356	19
0.0219377	19
0.0219378	19
0.0219427	19
0.0232382	19
0.0232382	19
0.0232386	19
0.0232386	19
0.0232387	19
0.0232388	19
0.023239	19
0.023239	19
0.0232391	19
0.0232396	19
0.0232397	19
0.0232399	19
0.02324	19
0.0232404	19
0.0232406	19
0.0232412	19
0.0232413	19
0.0232419	19
0.0232421	19
0.0232423	19
0.0232423	19
0.0232427	19
0.023243	19
0.0232435	19
0.0232435	19
0.0232447	19
0.0232449	19
0.0232451	19
0.0232452	19
0.0232477	19
0.0232478	19
0.0232479	19
0.023248	19
0.0232491	19
0.0232512	19
0.0232514	19
0.0232521	19
0.0232527	19
0.0232533	19
0.0232542	19
0.0232558	19
0.0232563	19
0.0232563	19
0.0232564	19
0.0232581	19
0.0232592	19
0.0232595	19
0.0232625	19
0.0232639	19
0.0232645	19
0.0232651	19
0.0232666	19
0.0232682	19
0.0232709	19
0.0232725	19
0.0232744	19
0.0232844	19
0.0232854	19
0.0233347	19
0.0234121	19
0.023958	19
0.0239581	19
0.0239588	19
0.0239589	19
0.0239591	19
0.0239595	19
0.0239595	19
0.0239596	19
0.0239601	19
0.0239603	19
0.0239613	19
0.0239614	19
0.0239614	19
0.0239617	19
0.0239617	19
0.0239624	19
0.0239625	19
0.0239625	19
0.0239628	19
0.0239629	19
0.0239629	19
0.0239631	19
0.0239632	19
0.0239633	19
0.0239639	19
0.0239641	19
0.0239641	19
0.0239648	19
0.0239656	19
0.0239656	19
0.0239663	19
0.0239673	19
0.0239678	19
0.0239682	19
0.0239683	19
0.0239688	19
0.0239702	19
0.0239715	19
0.0239715	19
0.0239722	19
0.0239723	19
0.0239727	19
0.0239738	19
0.0239744	19
0.0239768	19
0.0239774	19
0.0239803	19
0.0239807	19
0.0239812	19
0.0239833	19
0.0239836	19
0.0239848	19
0.0239924	19
0.0239929	19
0.0239995	19
0.0240075	19
0.0240079	19
0.0240104	19
0.0240121	19
0.0256009	19
0.0256011	19
0.0256057	19
0.0256073	19
0.025614	19
0.0256204	19
0.025626	19
0.0256305	19
0.0256374	19
0.0256553	19
0.0278246	19
0.0278246	19
0.0278247	19
0.0278247	19
0.0278247	19
0.0278249	19
0.0278253	19
0.0278256	19
0.0278259	19
0.0278262	19
0.0278264	19
0.0278269	19
0.0278275	19
0.0278277	19
0.027828	19
0.0278282	19
0.0278282	19
0.0278288	19
0.027829	19
0.0278294	19
0.0278296	19
0.0278302	19
0.0278302	19
0.0278304	19
0.0278307	19
0.0278307	19
0.0278307	19
0.0278324	19
0.0278327	19
0.0278328	19
0.0278329	19
0.027833	19
0.0278331	19
0.0278332	19
0.0278338	19
0.0278349	19
0.0278358	19
0.0278358	19
0.0278362	19
0.027837	19
0.0278375	19
0.0278379	19
0.0278387	19
0.027839	19
0.0278392	19
0.0278397	19
0.0278398	19
0.0278404	19
0.0278405	19
0.0278449	19
0.0278462	19
0.027847	19
0.0278473	19
0.0278476	19
0.0278477	19
0.0278481	19
0.0278495	19
0.0278504	19
0.027851	19
0.0278519	19
0.0278524	19
0.0278524	19
0.0278528	19
0.0278552	19
0.0278581	19
0.0278583	19
0.0278585	19
0.0278587	19
0.0278589	19
0.0278604	19
0.0278741	19
0.0278744	19
0.0278772	19
0.0278809	19
0.027881	19
0.0278822	19
0.0278832	19
0.0278865	19
0.0278902	19
0.0278904	19
0.027891	19
0.0278985	19
0.0278997	19
0.0279033	19
0.0279058	19
0.0279072	19
0.0279079	19
0.0279093	19
0.0279135	19
0.0279137	19
0.0279148	19
0.0279156	19
0.0279285	19
0.0279295	19
0.0279324	19
0.0279412	19
0.0279446	19
0.0279465	19
0.0279487	19
0.0279508	19
0.0279536	19
0.0279593	19
0.0279602	19
0.0279608	19
0.0279653	19
0.0279655	19
0.0279761	19
0.0279826	19
0.0279841	19
0.0279855	19
0.0279857	19
0.0279944	19
0.0280036	19
0.0280067	19
0.0280079	19
0.0280184	19
0.028024	19
0.0280266	19
0.0280282	19
0.028031	19
0.028054	19
0.0280604	19
0.0280662	19
0.0280763	19
0.0280773	19
0.0280947	19
0.0280988	19
0.028101	19
0.0281019	19
0.0281036	19
0.0281053	19
0.0281178	19
0.0281223	19
0.0281394	19
0.0281395	19
0.0281396	19
0.0281535	19
0.0281559	19
0.028162	19
0.0281623	19
0.0281646	19
0.0281684	19
0.0281908	19
0.0281917	19
0.0281988	19
0.0282043	19
0.0282099	19
0.0282144	19
0.0282533	19
0.0282605	19
0.0282618	19
0.0282644	19
0.0282718	19
0.0282845	19
0.0282894	19
0.0283111	19
0.0283114	19
0.0283634	19
0.0283749	19
0.0283947	19
0.0283981	19
0.0284079	19
0.0284195	19
0.0284354	19
0.0284571	19
0.0284961	19
0.0285083	19
0.0285084	19
0.0285111	19
0.028522	19
0.0285315	19
0.0285382	19
0.0285498	19
0.0285552	19
0.0286481	19
0.0286717	19
0.0287628	19
0.0287629	19
0.0287631	19
0.0287637	19
0.0287637	19
0.0287638	19
0.028764	19
0.0287645	19
0.0287716	19
0.0288093	19
0.0288215	19
0.0288717	19
0.0288962	19
0.0290555	19
0.0290702	19
0.0290729	19
0.0291496	19
0.0291672	19
0.0291726	19
0.029173	19
0.029272	19
0.0295193	19
0.0296271	19
0.0296595	19
0.0296667	19
0.0297982	19
0.0298614	19
0.0299073	19
0.0299188	19
0.0299684	19
0.0300923	19
0.0301351	19
0.0303068	19
0.0304987	19
0.0314479	19
0.0314489	19
0.0314492	19
0.0314495	19
0.0314501	19
0.0314516	19
0.0314521	19
0.0314561	19
0.0314576	19
0.0314737	19
0.0314751	19
0.0314767	19
0.0314826	19
0.0314828	19
0.0314905	19
0.0314907	19
0.0315119	19
0.0315141	19
0.0315417	19
0.0315447	19
0.0315482	19
0.0315523	19
0.0316386	19
0.0316413	19
0.0316444	19
0.0316642	19
0.0316651	19
0.0316772	19
0.0316836	19
0.0317276	19
0.0317351	19
0.0317546	19
0.0317594	19
0.0317912	19
0.0318088	19
0.0318485	19
0.0318579	19
0.0318669	19
0.0319618	19
0.0322194	19
0.0322357	19
0.0322739	19
0.0325988	19
0.0328113	19
0.0328844	19
0.0329905	19
0.0331034	19
0.0335448	19
0.0341961	19
0.034748	19
0.0347995	19
0.0353511	19
0.0353511	19
0.035352	19
0.0353847	19
0.0353887	19
0.035403	19
0.0354868	19
0.0355027	19
0.0355071	19
0.0355763	19
0.0356644	19
0.0356651	19
0.0356691	19
0.0356868	19
0.0356944	19
0.0357037	19
0.0357226	19
0.0357475	19
0.0357551	19
0.0357864	19
0.0357885	19
0.0357917	19
0.0357998	19
0.0358057	19
0.0358319	19
0.0358336	19
0.0358338	19
0.0358677	19
0.0358738	19
0.0358824	19
0.0359128	19
0.0359585	19
0.0359722	19
0.0359731	19
0.0359781	19
0.0359852	19
0.0360269	19
0.0360932	19
0.0360937	19
0.0360937	19
0.0360942	19
0.0360943	19
0.0360945	19
0.0360951	19
0.0360952	19
0.0360953	19
0.0360957	19
0.0360958	19
0.0360965	19
0.0360971	19
0.0360976	19
0.0360977	19
0.0360996	19
0.0360997	19
0.0361001	19
0.0361007	19
0.0361012	19
0.0361016	19
0.0361024	19
0.0361029	19
0.0361033	19
0.0361054	19
0.0361061	19
0.0361063	19
0.0361071	19
0.0361086	19
0.0361092	19
0.0361095	19
0.0361114	19
0.0361118	19
0.0361148	19
0.0361189	19
0.0361252	19
0.0361254	19
0.0361259	19
0.0361639	19
0.0361653	19
0.0361719	19
0.036178	19
0.0361852	19
0.0361866	19
0.0361885	19
0.0361922	19
0.036201	19
0.0362027	19
0.0362228	19
0.0362578	19
0.0362699	19
0.0363169	19
0.0364334	19
0.0364485	19
0.0364763	19
0.0365207	19
0.0365444	19
0.0365493	19
0.0366809	19
0.0367357	19
0.0367719	19
0.036772	19
0.0367731	19
0.0367753	19
0.0367781	19
0.0367784	19
0.0367826	19
0.0367884	19
0.0367895	19
0.0367921	19
0.0367923	19
0.0368165	19
0.0368168	19
0.0368181	19
0.0368185	19
0.0368189	19
0.0368192	19
0.0368194	19
0.0368203	19
0.0368203	19
0.0368206	19
0.0368211	19
0.0368216	19
0.036822	19
0.0368222	19
0.0368284	19
0.0368296	19
0.036831	19
0.036834	19
0.0368394	19
0.0368413	19
0.0368495	19
0.0368497	19
0.0368505	19
0.0368544	19
0.0368549	19
0.0368664	19
0.036891	19
0.0369272	19
0.0370019	19
0.0370338	19
0.0372015	19
0.0373702	19
0.0375023	19
0.0376525	19
0.0379359	19
0.0379372	19
0.0379415	19
0.0379612	19
0.0379706	19
0.0379775	19
0.0379791	19
0.0379867	19
0.0379923	19
0.0379925	19
0.0380097	19
0.0380108	19
0.0380187	19
0.0380187	19
0.0380189	19
0.0380191	19
0.0380195	19
0.0380226	19
0.0380234	19
0.0380238	19
0.0380266	19
0.0380284	19
0.0380291	19
0.0380292	19
0.0380299	19
0.038031	19
0.0380316	19
0.0380323	19
0.0380324	19
0.0380335	19
0.0380342	19
0.0380353	19
0.0380361	19
0.0380365	19
0.0380411	19
0.038042	19
0.0380427	19
0.0380427	19
0.0380534	19
0.0380589	19
0.0380762	19
0.0380853	19
0.0381502	19
0.038182	19
0.0382004	19
0.0382036	19
0.0382302	19
0.0382393	19
0.0382508	19
0.0383159	19
0.0383434	19
0.0383955	19
0.0384055	19
0.0384163	19
0.038435	19
0.0385052	19
0.0385228	19
0.0385375	19
0.0385402	19
0.0386136	19
0.0386212	19
0.0386998	19
0.038709	19
0.0387607	19
0.0387773	19
0.0388965	19
0.0388991	19
0.0389209	19
0.0389284	19
0.0389286	19
0.0389313	19
0.0389358	19
0.0389502	19
0.0389532	19
0.0389585	19
0.038965	19
0.0389762	19
0.0389884	19
0.0389955	19
0.0389972	19
0.0390104	19
0.0390246	19
0.0390486	19
0.0390588	19
0.0390596	19
0.0390647	19
0.0390735	19
0.0390737	19
0.0390845	19
0.0391006	19
0.0391345	19
0.0391454	19
0.0391615	19
0.0391713	19
0.0391729	19
0.0391776	19
0.0391789	19
0.0392332	19
0.039236	19
0.0392426	19
0.039245	19
0.0392812	19
0.0392881	19
0.0393386	19
0.0393502	19
0.0393761	19
0.0393776	19
0.0393783	19
0.0393928	19
0.0394088	19
0.0394131	19
0.039436	19
0.0394633	19
0.0394652	19
0.0395693	19
0.0396234	19
0.0396458	19
0.039669	19
0.0396751	19
0.0397419	19
0.0397548	19
0.0397553	19
0.0397728	19
0.0397893	19
0.0398252	19
0.0398294	19
0.0398302	19
0.0398361	19
0.0399102	19
0.0399707	19
0.0399744	19
0.0400265	19
0.040132	19
0.040341	19
0.0404471	19
0.0404851	19
0.040658	19
0.0406634	19
0.0406873	19
0.0406922	19
0.0407159	19
0.0407184	19
0.0407272	19
0.0408429	19
0.0410647	19
0.0421583	19
0.0421653	19
0.0421669	19
0.0421884	19
0.0422063	19
0.042207	19
0.0422122	19
0.0422162	19
0.0422202	19
0.0422302	19
0.0422447	19
0.0422561	19
0.0422682	19
0.0422715	19
0.0422746	19
0.0422798	19
0.0422842	19
0.0422961	19
0.0423107	19
0.0423176	19
0.042328	19
0.0423614	19
0.0423682	19
0.0423871	19
0.0424144	19
0.0424824	19
0.0424841	19
0.0425118	19
0.042542	19
0.042555	19
0.0425852	19
0.0425954	19
0.0426129	19
0.0426163	19
0.0426228	19
0.0426247	19
0.042649	19
0.0426856	19
0.0427504	19
0.0428109	19
0.0428121	19
0.042823	19
0.0428368	19
0.0428437	19
0.0428445	19
0.0428847	19
0.0429095	19
0.0430087	19
0.043009	19
0.0430095	19
0.0430096	19
0.0430097	19
0.0430105	19
0.0430106	19
0.0430109	19
0.0430118	19
0.0430119	19
0.0430122	19
0.0430125	19
0.0430127	19
0.0430136	19
0.0430146	19
0.0430155	19
0.0430155	19
0.0430155	19
0.0430186	19
0.0430191	19
0.0430234	19
0.0430248	19
0.0430268	19
0.0430291	19
0.0430292	19
0.0430305	19
0.0430313	19
0.0430361	19
0.0430375	19
0.043038	19
0.0430393	19
0.0430414	19
0.0430499	19
0.04305	19
0.0430592	19
0.0430662	19
0.0430672	19
0.0430789	19
0.0430827	19
0.0430837	19
0.0431168	19
0.0431931	19
0.043221	19
0.0432407	19
0.0432595	19
0.0432985	19
0.0433765	19
0.0433861	19
0.0435181	19
0.0436289	19
0.0438462	19
0.044046	19
0.0441306	19
0.0441343	19
0.0444286	19
0.0445351	19
0.0447427	19
0.0449668	19
0.044967	19
0.0449797	19
0.0450328	19
0.0450354	19
0.045038	19
0.0450431	19
0.0450437	19
0.0450497	19
0.0450556	19
0.0450621	19
0.0450691	19
0.0450698	19
0.0450733	19
0.045101	19
0.0451179	19
0.0451197	19
0.0451293	19
0.0451386	19
0.0451561	19
0.0451576	19
0.0451598	19
0.0451607	19
0.0451629	19
0.0451983	19
0.0452016	19
0.0452216	19
0.0452227	19
0.0452233	19
0.0452244	19
0.0452286	19
0.0452297	19
0.0452349	19
0.0452415	19
0.0452419	19
0.0452439	19
0.045245	19
0.0452488	19
0.0452543	19
0.045263	19
0.0452706	19
0.0452791	19
0.0453049	19
0.0453079	19
0.0453321	19
0.0453494	19
0.0453534	19
0.0453543	19
0.0453577	19
0.0453889	19
0.0454007	19
0.0454271	19
0.0454571	19
0.0454796	19
0.0454845	19
0.0455197	19
0.0455476	19
0.0455576	19
0.0455691	19
0.0455706	19
0.0456009	19
0.0456384	19
0.0456579	19
0.0457302	19
0.0457532	19
0.0457545	19
0.0458188	19
0.045819	19
0.0461785	19
0.046301	19
0.0463472	19
0.046447	19
0.0465237	19
0.0466292	19
0.0467465	19
0.0467533	19
0.0468454	19
0.0470709	19
0.0470918	19
0.0471001	19
0.0471283	19
0.0471335	19
0.0471373	19
0.0471421	19
0.0472289	19
0.0474521	19
0.0475888	19
0.0476303	19
0.0477057	19
0.0477103	19
0.0477204	19
0.0477822	19
0.0478612	19
0.0481537	19
0.0481542	19
0.0481547	19
0.048169	19
0.0481891	19
0.048194	19
0.0482106	19
0.0482216	19
0.0482239	19
0.0482367	19
0.0482551	19
0.0483007	19
0.0483042	19
0.0483076	19
0.0483414	19
0.0483533	19
0.0483584	19
0.0483625	19
0.0483709	19
0.0483839	19
0.048415	19
0.048439	19
0.0484562	19
0.0484803	19
0.0484852	19
0.0484968	19
0.0485041	19
0.0485331	19
0.0485912	19
0.048599	19
0.0486184	19
0.0486786	19
0.0486811	19
0.0486946	19
0.0487459	19
0.0487727	19
0.0487773	19
0.0487797	19
0.0489171	19
0.0489775	19
0.0490146	19
0.0490269	19
0.0490909	19
0.0491734	19
0.0493584	19
0.0494126	19
0.0497618	19
0.0498472	19
0.0499019	19
0.0499433	19
0.0499659	19
0.0502089	19
0.0502192	19
0.0502729	19
0.0505052	19
0.0506748	19
0.0506778	19
0.0506797	19
0.0506803	19
0.0506834	19
0.0506852	19
0.0506861	19
0.0506893	19
0.0506909	19
0.0506923	19
0.0506983	19
0.050706	19
0.0507071	19
0.0507091	19
0.0507219	19
0.0507284	19
0.0507381	19
0.0507388	19
0.0507717	19
0.0508208	19
0.05095	19
0.0509695	19
0.0510495	19
0.0511242	19
0.0511471	19
0.0511774	19
0.0514456	19
0.0518609	19
0.052287	19
0.0523344	19
0.0543688	19
0.0543729	19
0.0543835	19
0.0543911	19
0.0545223	19
0.0545252	19
0.0545321	19
0.0545328	19
0.0545534	19
0.0545674	19
0.0545704	19
0.0545719	19
0.0545745	19
0.0546016	19
0.0546313	19
0.0547204	19
0.0549237	19
0.054968	19
0.0549845	19
0.056401	19
0.0582402	19
0.058266	19
0.0584495	19
0.0584763	19
0.0584831	19
0.0638019	19
0.063802	19
0.063802	19
0.0638022	19
0.0638028	19
0.0638036	19
0.0638042	19
0.0638079	19
0.0638083	19
0.0638094	19
0.063811	19
0.0638151	19
0.0638184	19
0.0638247	19
0.0638307	19
0.063834	19
0.063835	19
0.0638433	19
0.0638461	19
0.063858	19
0.0640293	19
0.0665633	19
0.06709	19
0.0672048	19
0.0672079	19
0.0672082	19
0.0672419	19
0.0672792	19
0.0673101	19
0.0673109	19
0.0673231	19
0.0673265	19
0.0673506	19
0.0673521	19
0.0673522	19
0.0673532	19
0.0673533	19
0.0673552	19
0.0673555	19
0.0673556	19
0.0673574	19
0.0673592	19
0.0673597	19
0.0673628	19
0.0673629	19
0.0673653	19
0.067389	19
0.0673913	19
0.0673924	19
0.0674026	19
0.0674059	19
0.0674083	19
0.0674225	19
0.0684567	19
0.0684578	19
0.0684736	19
0.0718373	19
0.0718508	19
0.0718514	19
0.0735441	19
0.0735492	19
0.0735496	19
0.0735559	19
0.0735612	19
0.0735949	19
0.0736052	19
0.0742577	19
0.0742579	19
0.0742582	19
0.0742585	19
0.0742588	19
0.0742588	19
0.074259	19
0.0742596	19
0.0742597	19
0.0742603	19
0.0742604	19
0.0742604	19
0.0742604	19
0.0742619	19
0.074262	19
0.0742621	19
0.0742622	19
0.0742624	19
0.0742629	19
0.0742635	19
0.0742653	19
0.0742664	19
0.074267	19
0.0742671	19
0.0742676	19
0.0742692	19
0.0742694	19
0.0742694	19
0.0742696	19
0.0742697	19
0.0742706	19
0.0742709	19
0.074272	19
0.074272	19
0.074277	19
0.0742774	19
0.0742851	19
0.0742864	19
0.0742881	19
0.0742889	19
0.0742892	19
0.0742903	19
0.0742908	19
0.0742936	19
0.0742972	19
0.0743048	19
0.0743078	19
0.0743087	19
0.0743108	19
0.0743387	19
0.0743388	19
0.0743537	19
0.0743575	19
0.0743634	19
0.0743727	19
0.0745084	19
0.0745154	19
0.0751185	19
0.0751376	19
0.0759232	19
0.075931	19
0.0759329	19
0.0764318	19
0.0764343	19
0.076438	19
0.0765942	19
0.0766007	19
0.0787879	19
0.0788528	19
0.0788595	19
0.0803002	19
0.0803009	19
0.0819434	19
0.0824373	19
0.0824474	19
0.0824545	19
0.083228	19
0.0832294	19
0.0832447	19
0.0832517	19
0.0874465	19
0.0874482	19
0.0874658	19
0.0874702	19
0.0883525	19
0.0883766	19
0.0883841	19
0.0895193	19
0.0896076	19
0.0896105	19
0.092158	19
0.092326	19
0.0945907	19
0.0945938	19
0.0947695	19
0.0954276	19
0.0954303	19
0.0955056	19
0.0955222	19
0.0955232	19
0.0982392	19
0.0982394	19
0.0982502	19
0.0999169	19
0.100074	19
0.1025	19
0.102515	19
0.10255	19
0.102552	19
0.102596	19
0.102603	19
0.102607	19
0.102671	19
0.102923	19
0.102927	19
0.103127	19
0.109056	19
0.109057	19
0.109076	19
0.109546	19
0.109567	19
0.109571	19
0.109629	19
0.111227	19
0.111234	19
0.111237	19
0.111241	19
0.112404	19
0.112424	19
0.112426	19
0.113375	19
0.113466	19
0.113468	19
0.115026	19
0.115027	19
0.11653	19
0.116542	19
0.117871	19
0.117881	19
0.119194	19
0.119196	19
0.119222	19
0.119223	19
0.119923	19
0.119924	19
0.120136	19
0.120138	19
0.121296	19
0.123065	19
0.12441	19
0.124414	19
0.124557	19
0.124563	19
0.129018	19
0.129018	19
0.129022	19
0.129093	19
0.12911	19
0.129113	19
0.129589	19
0.131898	19
0.131899	19
0.131905	19
0.131919	19
0.131922	19
0.131923	19
0.133464	19
0.133469	19
0.133475	19
0.133476	19
0.133697	19
0.133698	19
0.13675	19
0.13675	19
0.13675	19
0.136808	19
0.136814	19
0.136823	19
0.138091	19
0.138094	19
0.138097	19
0.141318	19
0.141413	19
0.141415	19
0.141899	19
0.141981	19
0.142002	19
0.143389	19
0.14344	19
0.143442	19
0.14373	19
0.143867	19
0.143867	19
0.143922	19
0.148123	19
0.148234	19
0.148275	19
0.151175	19
0.151183	19
0.151232	19
0.153949	19
0.15395	19
0.153959	19
0.157574	19
0.157578	19
0.157589	19
0.158605	19
0.15906	19
0.159101	19
0.159672	19
0.168346	19
0.168346	19
0.168347	19
0.168348	19
0.168349	19
0.168432	19
0.168432	19
0.171246	19
0.171292	19
0.171295	19
0.171295	19
0.171865	19
0.171871	19
0.174795	19
0.17489	19
0.174902	19
0.183552	19
0.183552	19
0.183552	19
0.183555	19
0.183586	19
0.183588	19
0.183602	19
0.185614	19
0.185617	19
0.18642	19
0.186436	19
0.186456	19
0.186466	19
0.186516	19
0.188883	19
0.188911	19
0.188917	19
0.188945	19
0.188949	19
0.188962	19
0.189811	19
0.19064	19
0.190641	19
0.190668	19
0.190682	19
0.194913	19
0.194915	19
0.194919	19
0.194919	19
0.196567	19
0.196573	19
0.196617	19
0.201782	19
0.201789	19
0.201811	19
0.201814	19
0.206345	19
0.206345	19
0.206488	19
0.206491	19
0.206711	19
0.206744	19
0.206744	19
0.208193	19
0.208202	19
0.208202	19
0.215862	19
0.218522	19
0.218522	19
0.218528	19
0.218563	19
0.218614	19
0.218617	19
0.221633	19
0.221661	19
0.221665	19
0.221667	19
0.221765	19
0.221765	19
0.221872	19
0.221912	19
0.221922	19
0.224098	19
0.224613	19
0.224652	19
0.224653	19
0.226107	19
0.22615	19
0.226151	19
0.227685	19
0.229164	19
0.229169	19
0.229169	19
0.2292	19
0.229206	19
0.22973	19
0.231215	19
0.233295	19
0.233326	19
0.233329	19
0.233386	19
0.233957	19
0.233999	19
0.234005	19
0.23401	19
0.234768	19
0.234775	19
0.234863	19
0.235286	19
0.235303	19
0.235305	19
0.235349	19
0.23535	19
0.236444	19
0.236467	19
0.23647	19
0.237355	19
0.237382	19
0.237386	19
0.237387	19
0.237423	19
0.238682	19
0.238885	19
0.239273	19
0.239296	19
0.239319	19
0.239322	19
0.239768	19
0.246358	19
0.246359	19
0.24636	19
0.246389	19
0.246392	19
0.246493	19
0.246538	19
0.258329	19
0.25833	19
0.258388	19
0.258409	19
0.258591	19
0.258784	19
0.25886	19
0.258862	19
0.259805	19
0.260545	19
0.26055	19
0.260601	19
0.260916	19
0.26092	19
0.261582	19
0.261591	19
0.261593	19
0.262735	19
0.264777	19
0.264778	19
0.264841	19
0.265215	19
0.265215	19
0.265294	19
0.27372	19
0.27372	19
0.273723	19
0.273748	19
0.273807	19
0.273807	19
0.275969	19
0.276105	19
0.276105	19
0.276111	19
0.279148	19
0.280382	19
0.28039	19
0.281323	19
0.281354	19
0.281365	19
0.286828	19
0.286854	19
0.286856	19
0.2871	19
0.287102	19
0.287874	19
0.287924	19
0.287927	19
0.289881	19
0.297851	19
0.297852	19
0.299112	19
0.299113	19
0.299175	19
0.299233	19
0.299233	19
0.299277	19
0.29928	19
0.317192	19
0.317194	19
0.317217	19
0.317222	19
0.317526	19
0.317576	19
0.317577	19
0.320582	19
0.320582	19
0.320603	19
0.320604	19
0.320609	19
0.32061	19
0.322622	19
0.322624	19
0.322627	19
0.322684	19
0.327878	19
0.327904	19
0.327912	19
0.327976	19
0.328075	19
0.328098	19
0.331411	19
0.331442	19
0.331443	19
0.331598	19
0.331851	19
0.331852	19
0.332001	19
0.335322	19
0.335323	19
0.335454	19
0.335455	19
0.335476	19
0.338333	19
0.338336	19
0.340615	19
0.340649	19
0.34065	19
0.341061	19
0.341063	19
0.341064	19
0.346153	19
0.347557	19
0.353903	19
0.35391	19
0.353929	19
0.353932	19
0.353959	19
0.353999	19
0.354005	19
0.354053	19
0.354055	19
0.354937	19
0.354937	19
0.354974	19
0.35498	19
0.358324	19
0.358324	19
0.358339	19
0.358356	19
0.360296	19
0.360299	19
0.36032	19
0.360322	19
0.372824	19
0.372825	19
0.373013	19
0.373016	19
0.373068	19
0.377942	19
0.377943	19
0.377943	19
0.377975	19
0.377999	19
0.378001	19
0.384722	19
0.384723	19
0.384736	19
0.38474	19
0.386591	19
0.386699	19
0.386699	19
0.387026	19
0.387041	19
0.387041	19
0.387943	19
0.38798	19
0.38798	19
0.389756	19
0.389906	19
0.389908	19
0.393976	19
0.398009	19
0.39801	19
0.398091	19
0.399789	19
0.406485	19
0.406485	19
0.406522	19
0.406532	19
0.406541	19
0.410911	19
0.410911	19
0.410936	19
0.411145	19
0.411149	19
0.412596	19
0.413203	19
0.413206	19
0.413242	19
0.414309	19
0.414323	19
0.414427	19
0.414947	19
0.417793	19
0.417824	19
0.41787	19
0.42384	19
0.423847	19
0.423861	19
0.423939	19
0.424373	19
0.424406	19
0.424435	19
0.424436	19
0.425293	19
0.425294	19
0.42537	19
0.425371	19
0.42545	19
0.425452	19
0.42765	19
0.427703	19
0.427704	19
0.428613	19
0.428615	19
0.428934	19
0.428937	19
0.429206	19
0.429212	19
0.429217	19
0.433708	19
0.433734	19
0.433735	19
0.433776	19
0.433777	19
0.435318	19
0.435319	19
0.435352	19
0.435353	19
0.435825	19
0.435882	19
0.435975	19
0.435984	19
0.436967	19
0.438863	19
0.438949	19
0.439001	19
0.439128	19
0.439132	19
0.440773	19
0.440813	19
0.440814	19
0.442054	19
0.446695	19
0.446808	19
0.446841	19
0.446848	19
0.446908	19
0.448592	19
0.448603	19
0.44864	19
0.451358	19
0.451365	19
0.451376	19
0.451399	19
0.451402	19
0.45464	19
0.454767	19
0.454767	19
0.455454	19
0.455465	19
0.455474	19
0.456512	19
0.456673	19
0.456674	19
0.462033	19
0.464456	19
0.464457	19
0.464461	19
0.464758	19
0.464781	19
0.464809	19
0.46481	19
0.464984	19
0.464988	19
0.467135	19
0.467159	19
0.467163	19
0.475619	19
0.475622	19
0.475625	19
0.475668	19
0.479522	19
0.479614	19
0.479614	19
0.480991	19
0.480999	19
0.481003	19
0.481005	19
0.48155	19
0.481555	19
0.493302	19
0.493303	19
0.493355	19
0.493359	19
0.493446	19
0.499558	19
0.499558	19
0.499562	19
0.499944	19
0.509231	19
0.509231	19
0.509232	19
0.509235	19
0.518633	19
0.518636	19
0.518636	19
0.518645	19
0.518758	19
0.51877	19
0.521033	19
0.521269	19
0.521283	19
0.52258	19
0.536666	19
0.536666	19
0.536682	19
0.536782	19
0.53752	19
0.537527	19
0.537549	19
0.541097	19
0.541099	19
0.547616	19
0.547652	19
0.547663	19
0.549888	19
0.549898	19
0.549898	19
0.549901	19
0.550094	19
0.556404	19
0.55645	19
0.556606	19
0.557008	19
0.564264	19
0.564269	19
0.564302	19
0.56437	19
0.564371	19
0.564434	19
0.564579	19
0.564581	19
0.566959	19
0.566999	19
0.567	19
0.575581	19
0.575604	19
0.575686	19
0.575688	19
0.580368	19
0.580369	19
0.580395	19
0.580397	19
0.580399	19
0.582888	19
0.583087	19
0.583088	19
0.584468	19
0.58464	19
0.584642	19
0.58503	19
0.585044	19
0.585044	19
0.587011	19
0.587047	19
0.587051	19
0.589441	19
0.589467	19
0.589467	19
0.594898	19
0.595193	19
0.595194	19
0.600656	19
0.600659	19
0.600843	19
0.600843	19
0.602438	19
0.602443	19
0.602444	19
0.610863	19
0.610863	19
0.61102	19
0.611022	19
0.618697	19
0.618742	19
0.618743	19
0.623472	19
0.623503	19
0.623508	19
0.626033	19
0.626037	19
0.62605	19
0.626137	19
0.626139	19
0.627288	19
0.627333	19
0.627339	19
0.629456	19
0.629524	19
0.629526	19
0.631056	19
0.631089	19
0.631089	19
0.640229	19
0.640264	19
0.640265	19
0.641658	19
0.64166	19
0.641665	19
0.647769	19
0.650849	19
0.650866	19
0.650976	19
0.651014	19
0.651027	19
0.652183	19
0.652247	19
0.65229	19
0.65229	19
0.657089	19
0.65711	19
0.657125	19
0.657126	19
0.65904	19
0.659501	19
0.659553	19
0.660978	19
0.660995	19
0.661062	19
0.667083	19
0.667119	19
0.667182	19
0.682762	19
0.682783	19
0.682785	19
0.691033	19
0.691189	19
0.69119	19
0.693592	19
0.693596	19
0.693596	19
0.703904	19
0.70392	19
0.703921	19
0.714973	19
0.714973	19
0.714976	19
0.715026	19
0.715109	19
0.715128	19
0.71513	19
0.715131	19
0.715466	19
0.715467	19
0.716942	19
0.716944	19
0.716947	19
0.717035	19
0.718591	19
0.718594	19
0.718608	19
0.718611	19
0.718614	19
0.718742	19
0.718744	19
0.718938	19
0.718957	19
0.718961	19
0.719729	19
0.725084	19
0.725168	19
0.725173	19
0.731122	19
0.731153	19
0.731153	19
0.73201	19
0.732022	19
0.732023	19
0.732074	19
0.732086	19
0.733112	19
0.733123	19
0.733125	19
0.73753	19
0.737575	19
0.737581	19
0.742563	19
0.742563	19
0.742564	19
0.742567	19
0.759883	19
0.761615	19
0.761615	19
0.761625	19
0.772705	19
0.772732	19
0.772737	19
0.773302	19
0.773343	19
0.773357	19
0.773361	19
0.776178	19
0.776195	19
0.776221	19
0.777876	19
0.77791	19
0.777912	19
0.777952	19
0.778029	19
0.778037	19
0.781961	19
0.781969	19
0.781986	19
0.786141	19
0.786325	19
0.786328	19
0.786887	19
0.786904	19
0.786922	19
0.789486	19
0.789564	19
0.789565	19
0.795156	19
0.795289	19
0.7953	19
0.798871	19
0.798888	19
0.798948	19
0.801878	19
0.807006	19
0.807047	19
0.807831	19
0.807831	19
0.807856	19
0.807862	19
0.807863	19
0.80789	19
0.807953	19
0.807953	19
0.808973	19
0.809023	19
0.809067	19
0.809069	19
0.813618	19
0.813628	19
0.813634	19
0.819348	19
0.819374	19
0.819376	19
0.819997	19
0.8201	19
0.820102	19
0.821568	19
0.82161	19
0.821613	19
0.829673	19
0.829771	19
0.829771	19
0.83303	19
0.833057	19
0.833087	19
0.833115	19
0.833115	19
0.833127	19
0.833131	19
0.840594	19
0.840661	19
0.840667	19
0.848681	19
0.848732	19
0.848732	19
0.848802	19
0.852692	19
0.852697	19
0.852725	19
0.856102	19
0.856105	19
0.856116	19
0.866128	19
0.866129	19
0.86613	19
0.866135	19
0.866195	19
0.866241	19
0.866281	19
0.866301	19
0.86631	19
0.866848	19
0.866852	19
0.866856	19
0.869581	19
0.869588	19
0.869593	19
0.869595	19
0.869628	19
0.872033	19
0.87204	19
0.872256	19
0.872946	19
0.872951	19
0.872959	19
0.87301	19
0.883747	19
0.883758	19
0.88385	19
0.886824	19
0.886837	19
0.886841	19
0.890745	19
0.89374	19
0.893761	19
0.893762	19
0.902667	19
0.902668	19
0.902721	19
0.902728	19
0.9043	19
0.904351	19
0.904355	19
0.904355	19
0.911436	19
0.911436	19
0.911438	19
0.920181	19
0.920203	19
0.920206	19
0.920207	19
0.923675	19
0.92368	19
0.923732	19
0.931895	19
0.931923	19
0.931953	19
0.933069	19
0.933072	19
0.933072	19
0.943426	19
0.943426	19
0.943429	19
0.943446	19
0.945323	19
0.945368	19
0.94537	19
0.945582	19
0.958352	19
0.958354	19
0.958396	19
0.962419	19
0.962427	19
0.962444	19
0.962444	19
0.992651	19
0.992651	19
0.992652	19
0.992654	19
0.995963	19
0.995964	19
0.995976	19
0.996785	19
0.996813	19
0.996815	19
0.998773	19
0.998807	19
0.999002	19
0.999018	19
1.00172	19
1.00176	19
1.00177	19
1.00195	19
1.00318	19
1.00322	19
1.00322	19
1.00683	19
1.00683	19
1.00685	19
1.00781	19
1.00781	19
1.00782	19
1.00786	19
1.00787	19
1.00886	19
1.00887	19
1.00889	19
1.00889	19
1.00946	19
1.02215	19
1.02218	19
1.02224	19
1.02224	19
1.02398	19
1.02398	19
1.02399	19
1.04118	19
1.04118	19
1.04118	19
1.04119	19
1.04119	19
1.05514	19
1.05514	19
1.05523	19
1.05523	19
1.06222	19
1.06223	19
1.06223	19
1.06523	19
1.06523	19
1.0654	19
1.06541	19
1.07185	19
1.07185	19
1.07185	19
1.07188	19
1.07188	19
1.0736	19
1.07363	19
1.07363	19
1.07929	19
1.08052	19
1.08064	19
1.0823	19
1.08231	19
1.08232	19
1.08232	19
1.08232	19
1.08844	19
1.08853	19
1.08853	19
1.09667	19
1.09856	19
1.09859	19
1.09859	19
1.09867	19
1.09879	19
1.09879	19
1.10157	19
1.10157	19
1.1016	19
1.10161	19
1.10161	19
1.10215	19
1.10224	19
1.10224	19
1.10224	19
1.11057	19
1.11064	19
1.11156	19
1.11156	19
1.11171	19
1.11172	19
1.11172	19
1.11173	19
1.11273	19
1.11584	19
1.11584	19
1.11585	19
1.11585	19
1.12197	19
1.12676	19
1.12679	19
1.13628	19
1.13628	19
1.13629	19
1.13629	19
1.13632	19
1.13632	19
1.13738	19
1.13741	19
1.13741	19
1.14007	19
1.14016	19
1.14017	19
1.14418	19
1.14418	19
1.14425	19
1.14425	19
1.15444	19
1.15446	19
1.15456	19
1.15456	19
1.15526	19
1.15532	19
1.15532	19
1.16333	19
1.16333	19
1.16336	19
1.16336	19
1.16884	19
1.16886	19
1.16886	19
1.17613	19
1.17638	19
1.17639	19
1.17719	19
1.17721	19
1.1902	19
1.19021	19
1.19021	19
1.19023	19
1.19023	19
1.19024	19
1.19025	19
1.19025	19
1.19232	19
1.19233	19
1.19234	19
1.19234	19
1.19651	19
1.19652	19
1.19652	19
1.19819	19
1.2079	19
1.20796	19
1.20799	19
1.20799	19
1.21916	19
1.21916	19
1.21916	19
1.21916	19
1.22995	19
1.22997	19
1.2301	19
1.23022	19
1.23023	19
1.23106	19
1.23781	19
1.23781	19
1.23785	19
1.23791	19
1.23791	19
1.23841	19
1.25338	19
1.25338	19
1.25339	19
1.2535	19
1.26992	19
1.26993	19
1.27003	19
1.29379	19
1.29379	19
1.2938	19
1.2938	19
1.29382	19
1.29387	19
1.29387	19
1.30149	19
1.30155	19
1.30155	19
1.30371	19
1.30389	19
1.30389	19
1.30859	19
1.30864	19
1.30864	19
1.30959	19
1.31058	19
1.31061	19
1.33263	19
1.33263	19
1.33264	19
1.33267	19
1.33267	19
1.33268	19
1.3418	19
1.34599	19
1.35204	19
1.35208	19
1.3521	19
1.35212	19
1.35214	19
1.35214	19
1.35222	19
1.35222	19
1.35222	19
1.35826	19
1.3645	19
1.36451	19
1.36455	19
1.37749	19
1.37749	19
1.37749	19
1.37753	19
1.37753	19
1.37763	19
1.38225	19
1.38228	19
1.38437	19
1.38443	19
1.38712	19
1.40286	19
1.40286	19
1.40287	19
1.40287	19
1.40297	19
1.40297	19
1.40309	19
1.40326	19
1.40326	19
1.40828	19
1.4083	19
1.40833	19
1.40834	19
1.41182	19
1.41184	19
1.41221	19
1.41222	19
1.41439	19
1.41444	19
1.41444	19
1.41647	19
1.41654	19
1.41654	19
1.41738	19
1.41741	19
1.41742	19
1.41773	19
1.41776	19
1.41779	19
1.41779	19
1.42296	19
1.42533	19
1.42535	19
1.4277	19
1.42787	19
1.42787	19
1.43929	19
1.43933	19
1.43933	19
1.44426	19
1.44432	19
1.44432	19
1.45249	19
1.45264	19
1.46118	19
1.46118	19
1.4612	19
1.46127	19
1.46127	19
1.46137	19
1.46137	19
1.46367	19
1.46371	19
1.46371	19
1.48043	19
1.48044	19
1.48054	19
1.48054	19
1.48332	19
1.48333	19
1.48334	19
1.48952	19
1.48953	19
1.48966	19
1.48967	19
1.49311	19
1.49336	19
1.49336	19
1.50811	19
1.50811	19
1.50815	19
1.50815	19
1.50916	19
1.50925	19
1.50926	19
1.50975	19
1.50982	19
1.50983	19
1.51062	19
1.51324	19
1.51329	19
1.51335	19
1.51336	19
1.51626	19
1.51637	19
1.51638	19
1.51918	19
1.51921	19
1.51921	19
1.52273	19
1.52275	19
1.52275	19
1.53398	19
1.53425	19
1.53425	19
1.53426	19
1.53575	19
1.53578	19
1.53578	19
1.54545	19
1.54546	19
1.54547	19
1.54968	19
1.56868	19
1.56868	19
1.56869	19
1.56869	19
1.56877	19
1.56878	19
1.57316	19
1.5732	19
1.5732	19
1.57909	19
1.57916	19
1.57917	19
1.59226	19
1.59227	19
1.59232	19
1.59232	19
1.59476	19
1.5948	19
1.5949	19
1.5949	19
1.59502	19
1.59507	19
1.59507	19
1.599	19
1.60596	19
1.61668	19
1.61674	19
1.61675	19
1.63429	19
1.63429	19
1.63432	19
1.63433	19
1.63443	19
1.63444	19
1.63611	19
1.63612	19
1.63612	19
1.637	19
1.645	19
1.64502	19
1.64507	19
1.64508	19
1.64886	19
1.64893	19
1.64894	19
1.65117	19
1.65121	19
1.65122	19
1.65525	19
1.65854	19
1.65855	19
1.65867	19
1.65872	19
1.65875	19
1.65878	19
1.65879	19
1.6656	19
1.66568	19
1.66569	19
1.66757	19
1.6676	19
1.66761	19
1.67765	19
1.68343	19
1.68349	19
1.68349	19
1.6845	19
1.68455	19
1.68455	19
1.68457	19
1.68457	19
1.68475	19
1.68476	19
1.68482	19
1.68483	19
1.68917	19
1.68918	19
1.6892	19
1.68922	19
1.69143	19
1.69145	19
1.69145	19
1.70062	19
1.70071	19
1.70071	19
1.70111	19
1.70112	19
1.70114	19
1.70814	19
1.70815	19
1.70823	19
1.70823	19
1.71356	19
1.71358	19
1.71358	19
1.7152	19
1.71721	19
1.71726	19
1.7201	19
1.7202	19
1.7202	19
1.73869	19
1.73869	19
1.73875	19
1.73875	19
1.7388	19
1.73882	19
1.73969	19
1.74519	19
1.7452	19
1.75317	19
1.75319	19
1.75319	19
1.75323	19
1.75324	19
1.75519	19
1.7553	19
1.75532	19
1.75732	19
1.75741	19
1.75742	19
1.75839	19
1.7584	19
1.75845	19
1.76526	19
1.76527	19
1.76533	19
1.77649	19
1.77653	19
1.77655	19
1.7892	19
1.7892	19
1.78929	19
1.7893	19
1.79804	19
1.79816	19
1.79827	19
1.80109	19
1.80122	19
1.8014	19
1.80321	19
1.80329	19
1.80333	19
1.823	19
1.823	19
1.823	19
1.82315	19
1.82322	19
1.82792	19
1.82813	19
1.82815	19
1.83075	19
1.83076	19
1.83082	19
1.83151	19
1.83152	19
1.83158	19
1.83159	19
1.84144	19
1.84147	19
1.84337	19
1.84778	19
1.84786	19
1.85498	19
1.85498	19
1.85498	19
1.86465	19
1.86465	19
1.86465	19
1.86469	19
1.87599	19
1.876	19
1.87605	19
1.88114	19
1.88114	19
1.88115	19
1.88456	19
1.88456	19
1.88463	19
1.8924	19
1.8924	19
1.89243	19
1.89724	19
1.89725	19
1.8973	19
1.90183	19
1.90184	19
1.90187	19
1.90407	19
1.90619	19
1.90633	19
1.90633	19
1.93014	19
1.93031	19
1.93031	19
1.93222	19
1.93225	19
1.93234	19
1.93235	19
1.93243	19
1.93243	19
1.93663	19
1.93669	19
1.93669	19
1.94093	19
1.94484	19
1.97493	19
1.97493	19
1.97495	19
1.97495	19
1.97496	19
1.97498	19
1.97515	19
1.97628	19
1.9763	19
1.9763	19
1.97636	19
1.98608	19
1.98609	19
1.9861	19
1.98612	19
2.01074	19
2.01074	19
2.01088	19
2.01419	19
2.01419	19
2.01422	19
2.02876	19
2.02876	19
2.02877	19
2.02877	19
2.03427	19
2.03427	19
2.03427	19
2.03714	19
2.03714	19
2.03715	19
2.04501	19
2.04509	19
2.04509	19
2.04509	19
2.05886	19
2.05886	19
2.05894	19
2.05895	19
2.059	19
2.06275	19
2.06275	19
2.06278	19
2.06739	19
2.06739	19
2.06743	19
2.08303	19
2.08304	19
2.08305	19
2.08841	19
2.08842	19
2.08863	19
2.09071	19
2.09078	19
2.09078	19
2.09086	19
2.09567	19
2.09567	19
2.09568	19
2.10367	19
2.10367	19
2.1037	19
2.11921	19
2.11921	19
2.11924	19
2.17012	19
2.17012	19
2.17013	19
2.17013	19
2.17227	19
2.17227	19
2.1723	19
2.17574	19
2.17575	19
2.17575	19
2.17579	19
2.1758	19
2.17586	19
2.20543	19
2.20543	19
2.20548	19
2.2235	19
2.22351	19
2.22351	19
2.22354	19
2.23759	19
2.2376	19
2.23762	19
2.26125	19
2.26125	19
2.26125	19
2.26771	19
2.26772	19
2.26774	19
2.26778	19
2.27127	19
2.27614	19
2.27625	19
2.27625	19
2.29371	19
2.29373	19
2.29381	19
2.29381	19
2.30135	19
2.30136	19
2.30141	19
2.30141	19
2.30151	19
2.30521	19
2.30661	19
2.30664	19
2.30665	19
2.31325	19
2.31326	19
2.31326	19
2.31331	19
2.31606	19
2.33344	19
2.33345	19
2.33345	19
2.33351	19
2.33352	19
2.33365	19
2.33376	19
2.33685	19
2.33689	19
2.33691	19
2.37708	19
2.3771	19
2.3771	19
2.37711	19
2.37712	19
2.37722	19
2.38265	19
2.38265	19
2.3827	19
2.38697	19
2.38699	19
2.38701	19
2.38703	19
2.41337	19
2.41337	19
2.41344	19
2.41619	19
2.41621	19
2.41633	19
2.42189	19
2.43535	19
2.43535	19
2.43538	19
2.43538	19
2.43542	19
2.44015	19
2.44016	19
2.44044	19
2.44475	19
2.44475	19
2.44475	19
2.45143	19
2.4515	19
2.4515	19
2.45157	19
2.45368	19
2.45368	19
2.45378	19
2.45482	19
2.45544	19
2.45554	19
2.45554	19
2.4556	19
2.46165	19
2.46165	19
2.46171	19
2.47519	19
2.49808	19
2.49808	19
2.49815	19
2.49816	19
2.49819	19
2.50557	19
2.50568	19
2.50568	19
2.50569	19
2.508	19
2.50812	19
2.50812	19
2.5085	19
2.50861	19
2.50862	19
2.50866	19
2.53158	19
2.53159	19
2.53846	19
2.5385	19
2.5385	19
2.53852	19
2.53852	19
2.53859	19
2.54236	19
2.5567	19
2.55672	19
2.55672	19
2.58654	19
2.58654	19
2.58654	19
2.58655	19
2.58655	19
2.58903	19
2.58903	19
2.58904	19
2.58907	19
2.68661	19
2.68661	19
2.68675	19
2.68679	19
2.68774	19
2.68774	19
2.68775	19
2.6885	19
2.68857	19
2.68857	19
2.69151	19
2.69189	19
2.69546	19
2.69558	19
2.69593	19
2.69594	19
2.69926	19
2.69928	19
2.69929	19
2.7025	19
2.70253	19
2.70254	19
2.70255	19
2.70262	19
2.71082	19
2.71082	19
2.71084	19
2.71086	19
2.71451	19
2.71451	19
2.71457	19
2.72376	19
2.72376	19
2.72377	19
2.73861	19
2.73861	19
2.73862	19
2.74081	19
2.74083	19
2.74087	19
2.74275	19
2.7428	19
2.743	19
2.74306	19
2.74307	19
2.75468	19
2.76441	19
2.76442	19
2.76444	19
2.76446	19
2.76449	19
2.76904	19
2.76907	19
2.76908	19
2.77012	19
2.77012	19
2.77012	19
2.81082	19
2.81082	19
2.81084	19
2.81084	19
2.81164	19
2.81482	19
2.81484	19
2.81503	19
2.81514	19
2.84441	19
2.84441	19
2.8445	19
2.84453	19
2.84455	19
2.84515	19
2.84515	19
2.84521	19
2.8476	19
2.84761	19
2.84765	19
2.8522	19
2.8537	19
2.85371	19
2.85375	19
2.85383	19
2.86592	19
2.86593	19
2.86594	19
2.86597	19
2.86992	19
2.86999	19
2.87	19
2.87879	19
2.8788	19
2.8788	19
2.8828	19
2.88285	19
2.88285	19
2.89226	19
2.89228	19
2.8923	19
2.89492	19
2.89493	19
2.89496	19
2.895	19
2.89764	19
2.89764	19
2.89764	19
2.91038	19
2.91053	19
2.91053	19
2.91362	19
2.91363	19
2.91363	19
2.91381	19
2.91382	19
2.91382	19
2.91551	19
2.9251	19
2.92522	19
2.92524	19
2.9282	19
2.93174	19
2.93176	19
2.93178	19
2.93189	19
2.95066	19
2.95067	19
2.95067	19
2.95067	19
2.9584	19
2.95841	19
2.95841	19
2.95854	19
2.95854	19
2.96251	19
2.9626	19
2.96261	19
2.96651	19
2.96947	19
2.96951	19
2.96955	19
2.96955	19
2.97342	19
2.97343	19
2.97343	19
2.98193	19
2.98193	19
2.98193	19
2.98193	19
2.99907	19
2.99909	19
2.9991	19
2.9991	19
3.00951	19
3.00954	19
3.00954	19
3.03671	19
3.03672	19
3.03675	19
3.03676	19
3.03759	19
3.0376	19
3.0376	19
3.04092	19
3.04102	19
3.04106	19
3.04106	19
3.04457	19
3.0459	19
3.04597	19
3.04598	19
3.04598	19
3.06152	19
3.06154	19
3.06154	19
3.06718	19
3.0672	19
3.06723	19
3.06723	19
3.06965	19
3.07261	19
3.07269	19
3.08085	19
3.08086	19
3.08087	19
3.08106	19
3.08107	19
3.08474	19
3.08486	19
3.08486	19
3.08698	19
3.08702	19
3.08702	19
3.12025	19
3.12025	19
3.12027	19
3.12027	19
3.1207	19
3.12072	19
3.12072	19
3.12123	19
3.12128	19
3.12129	19
3.14011	19
3.1403	19
3.14035	19
3.14035	19
3.14649	19
3.14653	19
3.14653	19
3.16328	19
3.16328	19
3.16334	19
3.16343	19
3.16343	19
3.16933	19
3.176	19
3.17606	19
3.17606	19
3.17608	19
3.17612	19
3.17612	19
3.17816	19
3.18613	19
3.18617	19
3.20327	19
3.20328	19
3.20334	19
3.20335	19
3.20335	19
3.20819	19
3.20819	19
3.20819	19
3.22379	19
3.2319	19
3.2319	19
3.23192	19
3.23198	19
3.23198	19
3.24172	19
3.2528	19
3.25284	19
3.25289	19
3.25289	19
3.25587	19
3.25591	19
3.25591	19
3.25708	19
3.25719	19
3.25719	19
3.25913	19
3.25932	19
3.25932	19
3.2684	19
3.26867	19
3.26867	19
3.27484	19
3.27486	19
3.27486	19
3.29501	19
3.29501	19
3.29508	19
3.29509	19
3.29956	19
3.29957	19
3.29959	19
3.29959	19
3.30041	19
3.30047	19
3.30049	19
3.30049	19
3.31717	19
3.31717	19
3.3172	19
3.31721	19
3.32531	19
3.32531	19
3.32942	19
3.32942	19
3.32943	19
3.32954	19
3.32954	19
3.33284	19
3.36811	19
3.36811	19
3.36815	19
3.36827	19
3.36827	19
3.36948	19
3.371	19
3.37108	19
3.39668	19
3.39668	19
3.39668	19
3.39673	19
3.39673	19
3.39759	19
3.3977	19
3.3977	19
3.40121	19
3.40125	19
3.40126	19
3.40265	19
3.40272	19
3.40272	19
3.40305	19
3.43774	19
3.43774	19
3.43775	19
3.43801	19
3.43801	19
3.45913	19
3.45928	19
3.45928	19
3.45929	19
3.47894	19
3.47895	19
3.47895	19
3.47896	19
3.48145	19
3.48146	19
3.48147	19
3.48591	19
3.48597	19
3.48597	19
3.49597	19
3.49598	19
3.49598	19
3.50108	19
3.50108	19
3.50109	19
3.50122	19
3.50122	19
3.50606	19
3.50628	19
3.50628	19
3.50979	19
3.51157	19
3.51157	19
3.5116	19
3.51161	19
3.51718	19
3.51719	19
3.51719	19
3.52817	19
3.52817	19
3.52818	19
3.52908	19
3.52923	19
3.52929	19
3.5293	19
3.52995	19
3.54712	19
3.54713	19
3.54716	19
3.54718	19
3.54718	19
3.5524	19
3.55243	19
3.55243	19
3.55485	19
3.55492	19
3.55492	19
3.56517	19
3.5654	19
3.5654	19
3.58853	19
3.58853	19
3.58855	19
3.58857	19
3.58857	19
3.59667	19
3.59668	19
3.59668	19
3.62465	19
3.62476	19
3.62476	19
4.03816	19
4.03817	19
4.04232	19
4.04232	19
4.04233	19
4.05019	19
4.05019	19
4.0502	19
4.05361	19
4.05366	19
4.05366	19
4.07212	19
4.07212	19
4.07217	19
4.07234	19
4.07234	19
4.0798	19
4.07982	19
4.07982	19
4.0821	19
4.08231	19
4.08231	19
4.08306	19
4.08308	19
4.08308	19
4.08628	19
4.10799	19
4.10807	19
4.10809	19
4.11065	19
4.11072	19
4.13899	19
4.139	19
4.13901	19
4.13901	19
4.13904	19
4.13904	19
4.14278	19
4.14284	19
4.14284	19
4.15841	19
4.15841	19
4.15842	19
4.15842	19
4.16007	19
4.16011	19
4.16012	19
4.16657	19
4.16904	19
4.16906	19
4.21155	19
4.21155	19
4.21155	19
4.21157	19
4.21157	19
4.23063	19
4.23076	19
4.23076	19
4.25003	19
4.25008	19
4.25009	19
4.25009	19
4.25563	19
4.25582	19
4.25582	19
4.26208	19
4.26228	19
4.26229	19
4.26498	19
4.26506	19
4.26506	19
4.26528	19
4.26529	19
4.2654	19
4.26541	19
4.28318	19
4.29048	19
4.29051	19
4.29055	19
4.29066	19
4.29066	19
4.29666	19
4.29666	19
4.29684	19
4.29684	19
4.29772	19
4.29779	19
4.29784	19
4.29784	19
4.29987	19
4.29993	19
4.29993	19
4.30123	19
4.30128	19
4.30128	19
4.3022	19
4.3022	19
4.3024	19
4.3024	19
4.31031	19
4.31032	19
4.31032	19
4.31625	19
4.31636	19
4.31636	19
4.33531	19
4.33534	19
4.33539	19
4.33539	19
4.34225	19
4.34232	19
4.34232	19
4.34606	19
4.34607	19
4.34607	19
4.3502	19
4.35029	19
4.35029	19
4.36108	19
4.36109	19
4.36115	19
4.36115	19
4.36581	19
4.36582	19
4.36582	19
4.38133	19
4.38133	19
4.38133	19
4.39259	19
4.39267	19
4.39267	19
4.40124	19
4.40152	19
4.40152	19
4.4027	19
4.40271	19
4.40286	19
4.40287	19
4.42167	19
4.4218	19
4.4218	19
4.45256	19
4.45256	19
4.46963	19
4.46964	19
4.46967	19
4.46973	19
4.46973	19
4.47314	19
4.47327	19
4.47327	19
4.47373	19
4.48828	19
4.48838	19
4.48847	19
4.48847	19
4.4893	19
4.4893	19
4.4893	19
4.49519	19
4.49519	19
4.4952	19
4.50272	19
4.50278	19
4.50279	19
4.51121	19
4.51126	19
4.51126	19
4.51251	19
4.51264	19
4.51265	19
4.51343	19
4.51343	19
4.51344	19
4.5264	19
4.52643	19
4.52644	19
4.55051	19
4.55051	19
4.5506	19
4.5506	19
4.55093	19
4.55111	19
4.55112	19
4.55715	19
4.56701	19
4.56701	19
4.56701	19
4.56705	19
4.56705	19
4.56867	19
4.56881	19
4.56881	19
4.57442	19
4.57442	19
4.57442	19
4.57443	19
4.57929	19
4.57999	19
4.58061	19
4.58066	19
4.58067	19
4.60535	19
4.60535	19
4.60537	19
4.60541	19
4.60541	19
4.60604	19
4.60611	19
4.60612	19
4.6117	19
4.61172	19
4.61172	19
4.61267	19
4.61268	19
4.61269	19
4.6127	19
4.61366	19
4.61369	19
4.6137	19
4.61652	19
4.61659	19
4.61659	19
4.619	19
4.619	19
4.61901	19
4.62092	19
4.62094	19
4.62094	19
4.62325	19
4.62326	19
4.62328	19
4.62328	19
4.62332	19
4.62336	19
4.62338	19
4.62338	19
4.6239	19
4.63239	19
4.63243	19
4.64675	19
4.64679	19
4.64679	19
4.64687	19
4.64695	19
4.64695	19
4.65719	19
4.65722	19
4.65722	19
4.6673	19
4.6673	19
4.6673	19
4.66986	19
4.67002	19
4.67003	19
4.68046	19
4.68547	19
4.68547	19
4.68558	19
4.68558	19
4.68708	19
4.69379	19
4.69386	19
4.69389	19
4.69389	19
4.70443	19
4.70444	19
4.70453	19
4.70454	19
4.70531	19
4.71625	19
4.71635	19
4.71879	19
4.71879	19
4.7188	19
4.71881	19
4.71881	19
4.72003	19
4.72003	19
4.72003	19
4.73398	19
4.73408	19
4.73409	19
4.7766	19
4.77661	19
4.77723	19
4.77991	19
4.77991	19
4.7899	19
4.78991	19
4.78996	19
4.78996	19
4.7947	19
4.80939	19
4.80947	19
4.80947	19
4.80947	19
4.80947	19
4.81529	19
4.81531	19
4.81532	19
4.82127	19
4.8213	19
4.82131	19
4.82891	19
4.82896	19
4.82896	19
4.84116	19
4.84973	19
4.84974	19
4.8597	19
4.87595	19
4.87595	19
4.87603	19
4.87606	19
4.87606	19
4.87752	19
4.87761	19
4.87762	19
4.87874	19
4.8788	19
4.87882	19
4.8789	19
4.87891	19
4.87892	19
4.88415	19
4.88415	19
4.88416	19
4.88507	19
4.88515	19
4.88516	19
4.90411	19
4.90412	19
4.90413	19
4.90916	19
4.90919	19
4.9092	19
4.91426	19
4.91429	19
4.91435	19
4.91436	19
4.91679	19
4.91682	19
4.91682	19
4.91875	19
4.9188	19
4.9188	19
4.92366	19
4.92368	19
4.92369	19
4.9283	19
4.9284	19
4.9284	19
4.93108	19
4.9311	19
4.93118	19
4.93118	19
4.93369	19
4.93371	19
4.93371	19
4.9342	19
4.93424	19
4.93425	19
4.93719	19
4.93722	19
4.93722	19
4.93853	19
4.93867	19
4.93872	19
4.93873	19
4.95094	19
4.95095	19
4.95097	19
4.95098	19
4.95099	19
4.95154	19
4.95181	19
4.95181	19
4.95698	19
4.95786	19
4.95787	19
4.95787	19
4.95811	19
4.95811	19
4.96047	19
4.96687	19
4.96689	19
4.9669	19
4.9669	19
4.96952	19
4.96962	19
4.96962	19
4.96982	19
4.96983	19
4.96984	19
4.97275	19
4.97277	19
4.97277	19
4.97943	19
4.97948	19
4.97949	19
4.9882	19
4.98823	19
4.9883	19
4.98832	19
5.00558	19
5.00558	19
5.00558	19
5.00558	19
5.00698	19
5.00698	19
5.00714	19
5.00714	19
5.04215	19
5.04221	19
5.04225	19
5.04225	19
5.07542	19
5.07542	19
5.07542	19
5.07549	19
5.07549	19
5.07962	19
5.08504	19
5.08505	19
5.09247	19
5.0925	19
5.0925	19
5.0925	19
5.0925	19
5.09554	19
5.09564	19
5.09565	19
5.11087	19
5.11092	19
5.11092	19
5.11256	19
5.14067	19
5.14074	19
5.14074	19
5.14311	19
5.14312	19
5.15584	19
5.15586	19
5.15587	19
5.20109	19
5.20109	19
5.20118	19
5.20119	19
5.20274	19
5.20282	19
5.20284	19
5.20285	19
5.23849	19
5.23849	19
5.23857	19
5.23859	19
5.24109	19
5.24216	19
5.24218	19
5.24219	19
5.24222	19
5.25617	19
5.27026	19
5.27033	19
5.27033	19
5.27036	19
5.27037	19
5.2871	19
5.2871	19
5.2871	19
5.29652	19
5.2966	19
5.2966	19
5.29992	19
5.29996	19
5.30005	19
5.30005	19
5.30863	19
5.30864	19
5.30866	19
5.31864	19
5.31865	19
5.31865	19
5.31868	19
5.31869	19
5.3194	19
5.32205	19
5.32211	19
5.32343	19
5.32345	19
5.32346	19
5.32346	19
5.32347	19
5.32934	19
5.32942	19
5.32945	19
5.33525	19
5.33526	19
5.33528	19
5.33528	19
5.33648	19
5.33652	19
5.33652	19
5.34506	19
5.34509	19
5.34511	19
5.34512	19
5.34588	19
5.34596	19
5.34604	19
5.34604	19
5.35469	19
5.35473	19
5.35473	19
5.36977	19
5.36978	19
5.36978	19
5.37412	19
5.37414	19
5.37416	19
5.37637	19
5.37642	19
5.37644	19
5.37644	19
5.37919	19
5.37921	19
5.37923	19
5.38926	19
5.38932	19
5.38934	19
5.40156	19
5.40156	19
5.40158	19
5.40158	19
5.41002	19
5.41029	19
5.41029	19
5.41178	19
5.41186	19
5.41186	19
5.41723	19
5.41729	19
5.4173	19
5.42269	19
5.42269	19
5.42287	19
5.42288	19
5.4239	19
5.42398	19
5.424	19
5.4245	19
5.42455	19
5.42455	19
5.44966	19
5.44966	19
5.44966	19
5.44967	19
5.45119	19
5.45132	19
5.45132	19
5.50145	19
5.50586	19
5.50586	19
5.50707	19
5.50708	19
5.50993	19
5.50995	19
5.51016	19
5.51016	19
5.513	19
5.51302	19
5.51302	19
5.514	19
5.51404	19
5.51404	19
5.52777	19
5.52779	19
5.52781	19
5.53274	19
5.53279	19
5.5328	19
5.53281	19
5.53281	19
5.5391	19
5.53911	19
5.53919	19
5.5392	19
5.53952	19
5.53975	19
5.53976	19
5.54796	19
5.54812	19
5.54813	19
5.55136	19
5.55137	19
5.55138	19
5.55564	19
5.55566	19
5.55571	19
5.55571	19
5.57166	19
5.5718	19
5.57181	19
5.57493	19
5.57499	19
5.57499	19
5.59236	19
5.59236	19
5.59236	19
5.59241	19
5.59242	19
5.59704	19
5.59708	19
5.59711	19
5.59713	19
5.59742	19
5.5975	19
5.59752	19
5.60066	19
5.60067	19
5.60068	19
5.62719	19
5.62719	19
5.6272	19
5.62723	19
5.6288	19
5.6289	19
5.62891	19
5.63895	19
5.63901	19
5.63904	19
5.6481	19
5.64811	19
5.64815	19
5.64816	19
5.64979	19
5.64988	19
5.64989	19
5.66091	19
5.66091	19
5.66094	19
5.66096	19
5.6678	19
5.66791	19
5.66792	19
5.67059	19
5.67064	19
5.67066	19
5.67069	19
5.67703	19
5.67706	19
5.67707	19
5.68341	19
5.68341	19
5.68343	19
5.68344	19
5.70723	19
5.70725	19
5.70725	19
5.70733	19
5.70733	19
5.71488	19
5.72869	19
5.72871	19
5.72871	19
5.72879	19
5.7288	19
5.74826	19
5.74827	19
5.7486	19
5.76084	19
5.76098	19
5.76099	19
5.76099	19
5.76099	19
5.76457	19
5.76457	19
5.76465	19
5.76466	19
5.76787	19
5.76787	19
5.76788	19
5.76789	19
5.76996	19
5.77013	19
5.77013	19
5.77505	19
5.77905	19
5.77906	19
5.77916	19
5.77916	19
5.78274	19
5.78287	19
5.78289	19
5.78838	19
5.78841	19
5.78842	19
5.78845	19
5.79697	19
5.79697	19
5.79698	19
5.79699	19
5.7974	19
5.79754	19
5.79755	19
5.80644	19
5.80647	19
5.80648	19
5.81271	19
5.81271	19
5.81271	19
5.81272	19
5.82523	19
5.82525	19
5.82528	19
5.82529	19
5.82551	19
5.82559	19
5.8256	19
5.8364	19
5.83643	19
5.83643	19
5.84668	19
5.84669	19
5.8467	19
5.84671	19
5.85374	19
5.85378	19
5.85378	19
5.8538	19
5.85382	19
5.85657	19
5.85659	19
5.8566	19
5.86278	19
5.86283	19
5.86284	19
5.86438	19
5.86446	19
5.8645	19
5.87103	19
5.87125	19
5.87128	19
5.8817	19
5.88171	19
5.88186	19
5.88189	19
5.88248	19
5.88258	19
5.88258	19
5.88455	19
5.88473	19
5.88476	19
5.90087	19
5.90088	19
5.90088	19
5.9009	19
5.90641	19
5.90642	19
5.90643	19
5.91733	19
5.91736	19
5.91738	19
5.92682	19
5.92684	19
5.92685	19
5.95322	19
5.9533	19
5.9533	19
5.9544	19
5.95445	19
5.95448	19
5.95638	19
5.95638	19
5.95644	19
5.95644	19
5.95793	19
5.95797	19
5.95805	19
5.95806	19
5.96765	19
5.96769	19
5.96796	19
5.96799	19
5.973	19
5.99128	19
5.99128	19
5.99129	19
5.99129	19
5.99129	19
5.99135	19
5.99138	19
5.99138	19
5.99173	19
5.99176	19
5.99177	19
6.00196	19
6.01112	19
6.02671	19
6.02672	19
6.03319	19
6.03319	19
6.03322	19
6.03322	19
6.03325	19
6.03325	19
6.0468	19
6.0468	19
6.04682	19
6.05438	19
6.05454	19
6.05454	19
6.06304	19
6.06304	19
6.06328	19
6.06328	19
6.07587	19
6.07587	19
6.07594	19
6.07595	19
6.08453	19
6.08454	19
6.08455	19
6.08896	19
6.0891	19
6.0891	19
6.1004	19
6.10044	19
6.10045	19
6.10046	19
6.10178	19
6.10183	19
6.10183	19
6.10987	19
6.10987	19
6.10988	19
6.10989	19
6.12335	19
6.12339	19
6.1234	19
6.12629	19
6.12646	19
6.12649	19
6.12742	19
6.12744	19
6.12775	19
6.12775	19
6.12902	19
6.12903	19
6.12906	19
6.13014	19
6.13345	19
6.19043	19
6.19044	19
6.1905	19
6.19051	19
6.19053	19
6.19054	19
6.19848	19
6.2021	19
6.20213	19
6.20217	19
6.20217	19
6.21565	19
6.21569	19
6.21571	19
6.21944	19
6.21946	19
6.21947	19
6.23869	19
6.23869	19
6.23869	19
6.2387	19
6.24936	19
6.25266	19
6.2527	19
6.25274	19
6.25276	19
6.25345	19
6.2627	19
6.2627	19
6.26272	19
6.26273	19
6.27128	19
6.27132	19
6.27132	19
6.27712	19
6.27715	19
6.27731	19
6.27735	19
6.28397	19
6.28741	19
6.28749	19
6.28764	19
6.29167	19
6.29171	19
6.29173	19
6.29173	19
6.29178	19
6.29851	19
6.30029	19
6.30031	19
6.30043	19
6.30047	19
6.31882	19
6.31884	19
6.31884	19
6.31888	19
6.32464	19
6.32467	19
6.32471	19
6.32471	19
6.32898	19
6.32899	19
6.329	19
6.37536	19
6.37536	19
6.37537	19
6.37538	19
6.37688	19
6.37689	19
6.37693	19
6.37723	19
6.37725	19
6.37727	19
6.37729	19
6.38517	19
6.38521	19
6.38523	19
6.3919	19
6.3919	19
6.39191	19
6.40557	19
6.40558	19
6.40559	19
6.41536	19
6.41536	19
6.41542	19
6.41544	19
6.42275	19
6.42279	19
6.42289	19
6.42289	19
6.43214	19
6.44145	19
6.44149	19
6.44149	19
6.44161	19
6.44161	19
6.44633	19
6.44639	19
6.4464	19
6.46969	19
6.46969	19
6.4714	19
6.47142	19
6.48084	19
6.48086	19
6.48087	19
6.48088	19
6.4809	19
6.48519	19
6.48602	19
6.48603	19
6.48607	19
6.48609	19
6.49015	19
6.49022	19
6.49023	19
6.49304	19
6.4931	19
6.4931	19
6.49311	19
6.49448	19
6.49453	19
6.49454	19
6.50065	19
6.50081	19
6.50083	19
6.51435	19
6.51436	19
6.51439	19
6.51449	19
6.52746	19
6.52746	19
6.52749	19
6.52749	19
6.57732	19
6.57742	19
6.57742	19
6.61066	19
6.61066	19
6.61067	19
6.61071	19
6.61071	19
6.61394	19
6.61395	19
6.61405	19
6.61409	19
6.69846	19
6.69846	19
6.69847	19
6.69856	19
6.71658	19
6.71661	19
6.71669	19
6.7167	19
6.73218	19
6.73219	19
6.73221	19
6.74584	19
6.74584	19
6.74619	19
6.74621	19
6.77282	19
6.77282	19
6.77282	19
6.79673	19
6.79674	19
6.79674	19
6.79696	19
6.79701	19
6.80022	19
6.80032	19
6.80034	19
6.80576	19
6.80582	19
6.80583	19
6.81582	19
6.8161	19
6.81611	19
6.82737	19
6.82738	19
6.82741	19
6.83137	19
6.83139	19
6.83142	19
6.83252	19
6.83258	19
6.83258	19
6.84387	19
6.84388	19
6.84392	19
6.88512	19
6.88514	19
6.88514	19
6.88516	19
6.88517	19
6.88657	19
6.88657	19
6.88659	19
6.88921	19
6.88924	19
6.88926	19
6.89979	19
6.89982	19
6.89984	19
6.91138	19
6.91209	19
6.9121	19
6.93479	19
6.93479	19
6.93489	19
6.9349	19
6.946	19
6.94601	19
6.94619	19
6.9462	19
6.95153	19
6.95161	19
6.95164	19
6.95169	19
6.95397	19
6.95416	19
6.95418	19
6.96601	19
6.96603	19
6.96603	19
6.98202	19
6.98202	19
6.98701	19
6.98701	19
6.9871	19
6.98711	19
6.9872	19
6.98721	19
7.04666	19
7.04667	19
7.04685	19
7.04688	19
7.0522	19
7.05294	19
7.05295	19
7.05296	19
7.05297	19
7.06642	19
7.06643	19
7.06643	19
7.10592	19
7.10592	19
7.10593	19
7.10594	19
7.10603	19
7.10605	19
7.13342	19
7.13342	19
7.13347	19
7.13349	19
7.14686	19
7.14686	19
7.14688	19
7.14688	19
7.14955	19
7.1496	19
7.14962	19
7.1574	19
7.15741	19
7.15747	19
7.15749	19
7.1657	19
7.17858	19
7.17858	19
7.17859	19
7.17877	19
7.17878	19
7.18607	19
7.18917	19
7.21707	19
7.21708	19
7.2171	19
7.21711	19
7.21712	19
7.21713	19
7.22353	19
7.22385	19
7.22387	19
7.23648	19
7.23649	19
7.23662	19
7.23664	19
7.24101	19
7.24101	19
7.24102	19
7.24103	19
7.25722	19
7.25724	19
7.25736	19
7.25818	19
7.25818	19
7.25823	19
7.25835	19
7.33675	19
7.33675	19
7.33827	19
7.33828	19
7.35873	19
8.00159	19
8.00163	19
8.00163	19
8.00868	19
8.00875	19
8.00875	19
8.00904	19
8.00905	19
8.00953	19
8.00953	19
8.0096	19
8.00965	19
8.01639	19
8.0166	19
8.01663	19
8.0167	19
8.02793	19
8.02803	19
8.02823	19
8.02825	19
8.0399	19
8.0399	19
8.03991	19
8.04172	19
8.04458	19
8.04469	19
8.05358	19
8.0536	19
8.0536	19
8.05365	19
8.05366	19
8.06949	19
8.06954	19
8.06955	19
8.0845	19
8.08451	19
8.08469	19
8.08471	19
8.08822	19
8.08824	19
8.08826	19
8.11682	19
8.11683	19
8.11683	19
8.11684	19
8.11689	19
8.11816	19
8.11816	19
8.11818	19
8.12338	19
8.12339	19
8.12345	19
8.13101	19
8.13104	19
8.13105	19
8.13106	19
8.13555	19
8.13556	19
8.13562	19
8.13566	19
8.13742	19
8.13743	19
8.13743	19
8.14199	19
8.14205	19
8.14207	19
8.14615	19
8.14616	19
8.14656	19
8.14657	19
8.15329	19
8.15334	19
8.15341	19
8.18953	19
8.18955	19
8.18955	19
8.21145	19
8.21146	19
8.21146	19
8.21149	19
8.21156	19
8.24524	19
8.24536	19
8.24542	19
8.25318	19
8.25324	19
8.25325	19
8.25329	19
8.25396	19
8.25402	19
8.25406	19
8.25407	19
8.28007	19
8.28007	19
8.28008	19
8.28008	19
8.28957	19
8.29468	19
8.29468	19
8.30915	19
8.30919	19
8.30921	19
8.3093	19
8.3093	19
8.31278	19
8.31279	19
8.31287	19
8.3219	19
8.32225	19
8.32233	19
8.32743	19
8.32745	19
8.32752	19
8.32758	19
8.32894	19
8.329	19
8.32901	19
8.32902	19
8.3415	19
8.34158	19
8.34175	19
8.34186	19
8.3422	19
8.34231	19
8.34255	19
8.34333	19
8.34335	19
8.34345	19
8.34347	19
8.34779	19
8.34781	19
8.34784	19
8.34853	19
8.34854	19
8.34854	19
8.34859	19
8.34895	19
8.34898	19
8.34904	19
8.35418	19
8.35423	19
8.35423	19
8.36306	19
8.36306	19
8.36309	19
8.36314	19
8.36483	19
8.36484	19
8.36484	19
8.36492	19
8.37944	19
8.37946	19
8.37948	19
8.37958	19
8.39316	19
8.39322	19
8.39323	19
8.39327	19
8.39329	19
8.39823	19
8.39832	19
8.39835	19
8.39836	19
8.43568	19
8.43568	19
8.43574	19
8.43575	19
8.44311	19
8.44315	19
8.44327	19
8.44328	19
8.47181	19
8.47184	19
8.47187	19
8.47673	19
8.47678	19
8.4768	19
8.47692	19
8.47939	19
8.4794	19
8.47943	19
8.48766	19
8.48767	19
8.48775	19
8.49104	19
8.49106	19
8.49107	19
8.49115	19
8.49122	19
8.49327	19
8.49331	19
8.49338	19
8.51124	19
8.51133	19
8.51134	19
8.5187	19
8.51885	19
8.51895	19
8.53971	19
8.53972	19
8.53972	19
8.53974	19
8.53986	19
8.54556	19
8.55819	19
8.55826	19
8.57401	19
8.57403	19
8.57405	19
8.58121	19
8.61554	19
8.61556	19
8.6156	19
8.61561	19
8.61569	19
8.61575	19
8.63398	19
8.63401	19
8.63403	19
8.63406	19
8.64314	19
8.64315	19
8.64325	19
8.65201	19
8.65202	19
8.65203	19
8.65205	19
8.6536	19
8.65366	19
8.65369	19
8.65376	19
8.67022	19
8.67026	19
8.67029	19
8.67039	19
8.67788	19
8.67788	19
8.67812	19
8.67812	19
8.68241	19
8.68242	19
8.68255	19
8.696	19
8.69603	19
8.69613	19
8.70508	19
8.70508	19
8.70508	19
8.70516	19
8.71303	19
8.71338	19
8.7134	19
8.71349	19
8.71353	19
8.71355	19
8.71356	19
8.71373	19
8.72347	19
8.72465	19
8.72465	19
8.72466	19
8.72476	19
8.72481	19
8.73647	19
8.73651	19
8.73671	19
8.74018	19
8.74026	19
8.74043	19
8.75615	19
8.75617	19
8.75626	19
8.75668	19
8.76019	19
8.7603	19
8.76048	19
8.76187	19
8.76188	19
8.76197	19
8.76201	19
8.76827	19
8.76829	19
8.7683	19
8.77285	19
8.77286	19
8.77303	19
8.77312	19
8.7913	19
8.79137	19
8.79172	19
8.80163	19
8.80181	19
8.80211	19
8.80323	19
8.80324	19
8.80327	19
8.80328	19
8.81174	19
8.8152	19
8.81521	19
8.81531	19
8.81772	19
8.82983	19
8.82984	19
8.82986	19
8.82989	19
8.82997	19
8.83003	19
8.86518	19
8.89814	19
8.89814	19
8.89815	19
8.89821	19
8.89837	19
8.8984	19
8.9002	19
8.90054	19
8.91327	19
8.91327	19
8.91335	19
8.91347	19
8.93144	19
8.93154	19
8.93161	19
8.96843	19
8.96846	19
8.96851	19
8.97326	19
8.97329	19
8.97351	19
8.9739	19
8.99407	19
8.99409	19
8.9941	19
8.99439	19
8.99467	19
8.99491	19
8.99555	19
9.0009	19
9.00105	19
9.00117	19
9.00157	19
10.8152	19
10.8152	19
10.8164	19
10.8169	19
10.8206	19
10.8206	19
10.8207	19
10.8208	19
10.835	19
10.8353	19
10.8355	19
10.8637	19
10.8637	19
10.8638	19
10.8638	19
10.8638	19
10.8838	19
10.8841	19
10.8842	19
11.0028	19
11.0028	19
11.0036	19
11.004	19
11.0073	19
11.0073	19
11.0074	19
11.0079	19
11.0135	19
11.0135	19
11.0154	19
11.0154	19
11.0154	19
11.0156	19
11.0163	19
11.0184	19
11.0185	19
11.0185	19
11.0212	19
11.0213	19
11.0214	19
11.0217	19
11.0221	19
11.0221	19
11.0231	19
11.0305	19
11.0306	19
11.0306	19
11.0306	19
11.0329	19
11.0348	19
11.0405	19
11.0406	19
11.0406	19
11.0406	19
11.0408	19
11.068	19
11.068	19
11.0681	19
11.0681	19
11.0821	19
11.0822	19
11.0822	19
11.083	19
11.0978	19
11.0978	19
11.0978	19
11.0978	19
11.0985	19
11.0985	19
11.0994	19
11.2433	19
11.2433	19
11.2464	19
11.248	19
11.2485	19
11.2486	19
11.2488	19
11.2681	19
11.2682	19
11.2682	19
11.2682	19
11.2708	19
11.2738	19
11.2876	19
11.3045	19
11.3045	19
11.3114	19
11.3115	19
11.3115	19
11.3115	19
11.3115	19
11.3164	19
11.3427	19
11.3427	19
11.3428	19
11.3446	19
11.3494	19
11.3494	19
11.3494	19
11.3496	19
11.3508	19
11.3508	19
11.351	19
11.3574	19
11.3574	19
11.3575	19
11.3738	19
11.3738	19
11.3738	19
11.388	19
11.3881	19
11.3881	19
11.3881	19
11.3989	19
11.399	19
11.399	19
11.399	19
12.3409	19
12.3412	19
12.3412	19
12.344	19
12.4254	19
12.4254	19
12.4258	19
12.4291	19
12.4291	19
12.4292	19
12.8016	19
12.8016	19
12.8087	19
12.8087	19
12.8087	19
12.8088	19
12.8494	19
12.8498	19
12.8498	19
12.8515	19
12.8573	19
12.8574	19
12.8574	19
12.8575	19
12.8587	19
12.8587	19
12.8587	19
12.8625	19
12.8625	19
12.8625	19
12.8906	19
12.9462	19
12.9462	19
12.9462	19
12.9463	19
13.1399	19
13.1399	19
13.1406	19
13.3173	19
13.3173	19
13.3188	19
13.3244	19
13.3244	19
13.3245	19
13.3485	19
13.3485	19
13.3485	19
13.3485	19
13.3524	19
13.3525	19
13.3525	19
13.3526	19
13.358	19
13.358	19
13.358	19
13.6994	19
13.6995	19
13.7012	19
13.7063	19
13.7063	19
13.7063	19
15.06	19
15.0601	19
15.0664	19
15.0691	19
15.0691	19
15.0692	19
15.1051	19
15.1051	19
15.1051	19
15.1052	19
15.1309	19
15.1309	19
15.1309	19
15.1381	19
15.1381	19
15.1381	19
15.1382	19
15.894	19
15.894	19
15.8948	19
15.8985	19
15.8985	19
15.8985	19
15.9014	19
15.9015	19
15.9015	19
15.9251	19
15.9251	19
15.9252	19
15.9252	19
15.932	19
15.932	19
15.932	19
15.932	19
15.9412	19
15.9412	19
15.9413	19
15.9413	19
15.943	19
15.9431	19
15.9431	19
15.9432	19
16.293	19
16.293	19
16.2941	19
16.2967	19
16.2967	19
16.2968	19
16.7542	19
16.7542	19
16.7559	19
16.7768	19
16.7768	19
16.7769	19
16.7769	19
16.8078	19
16.8079	19
16.8079	19
16.8079	19
16.8144	19
16.8145	19
16.8145	19
16.8146	19
16.8147	19
16.8147	19
16.8147	19
16.8221	19
16.8221	19
16.8221	19
16.8222	19
17.1475	19
17.1475	19
17.4845	19
17.4847	19
17.4861	19
17.4861	19
17.4898	19
17.7628	19
17.7628	19
17.7652	19
17.767	19
17.7709	19
17.7709	19
17.771	19
17.771	19
18.8917	19
18.8917	19
18.8926	19
18.9028	19
18.9065	19
18.9066	19
18.9066	19
18.9066	19
19.7354	19
19.7355	19
19.7369	19
19.737	19
19.737	19
19.7411	19
19.745	19
19.7452	19
19.7452	19
19.7452	19
19.8076	19
19.8076	19
19.8088	19
19.8124	19
19.8124	19
19.8124	19
19.8124	19
19.8441	19
19.8441	19
19.8442	19
19.8443	19
20.3453	19
20.3453	19
20.347	19
20.3537	19
20.3537	19
20.3538	19
20.3538	19
22.1837	19
22.1838	19
22.1844	19
22.1969	19
22.197	19
22.197	19
22.197	19
22.2305	19
22.2305	19
22.2305	19
22.2352	19
22.2352	19
22.2352	19
22.2353	19
23.0166	19
23.0166	19
23.0188	19
23.0219	19
23.0219	19
23.0219	19
23.0372	19
23.0372	19
23.0372	19
23.0387	19
23.0387	19
23.0387	19
23.0387	19
23.0425	19
23.0425	19
23.0462	19
23.0462	19
23.0462	19
23.0462	19
23.1685	19
23.1685	19
23.1686	19
23.2698	19
23.2699	19
23.2704	19
23.4025	19
23.4025	19
23.4071	19
23.8337	19
23.8337	19
23.834	19
23.8402	19
23.8402	19
23.8402	19
23.8507	19
23.8508	19
23.8509	19
23.8509	19
24.4864	19
24.4865	19
24.4894	19
24.4894	19
24.4896	19
24.4897	19
24.4923	19
24.4958	19
24.4959	19
24.496	19
24.9489	19
24.9489	19
24.9502	19
25.5549	19
25.5557	19
25.5557	19
25.5558	19
25.5583	19
25.5583	19
25.5583	19
25.5965	19
25.5966	19
25.5966	19
25.6471	19
25.6471	19
25.6486	19
25.6513	19
25.6513	19
25.6514	19
25.6515	19
25.6557	19
25.6557	19
25.6557	19
25.6611	19
25.6612	19
25.6616	19
25.6837	19
25.6837	19
25.6837	19
25.6931	19
25.6931	19
25.6931	19
25.6931	19
25.6968	19
25.6968	19
25.6969	19
25.6969	19
25.8007	19
25.8008	19
25.8041	19
25.8042	19
25.8381	19
25.9766	19
25.9766	19
25.9767	19
25.9773	19
25.9841	19
25.9842	19
25.9842	19
25.9843	19
25.9974	19
25.9974	19
25.9976	19
26.0043	19
26.0043	19
26.0043	19
26.2335	19
26.2335	19
26.2419	19
26.2506	19
26.2506	19
26.2506	19
27.0645	19
27.0646	19
27.0701	19
27.1233	19
27.1234	19
27.1234	19
27.1235	19
27.1243	19
27.1243	19
27.1243	19
27.1392	19
27.1393	19
27.1393	19
27.1393	19
27.8364	19
27.8364	19
27.8385	19
28.4952	19
28.4952	19
28.4965	19
28.4984	19
28.4984	19
28.4984	19
28.843	19
28.843	19
28.8445	19
28.9699	19
28.97	19
28.9709	19
29.3192	19
29.3192	19
29.3209	19
29.3262	19
29.3262	19
29.3262	19
29.3263	19
31.2824	19
31.2824	19
31.2831	19
31.2928	19
31.308	19
31.308	19
31.308	19
31.3081	19
31.3281	19
31.3282	19
31.3282	19
31.3283	19
31.7308	19
31.7324	19
31.7325	19
31.7379	19
32.3406	19
32.3406	19
32.3413	19
32.3685	19
32.3685	19
32.3686	19
32.3686	19
32.7921	19
32.7922	19
32.799	19
32.8047	19
32.8047	19
32.8048	19
32.8197	19
32.8197	19
32.8197	19
32.8198	19
32.8496	19
32.8496	19
32.8497	19
32.8497	19
32.8564	19
32.8565	19
32.8565	19
32.8565	19
32.9037	19
32.9037	19
32.9037	19
32.9037	19
32.9684	19
32.9705	19
32.9706	19
32.9736	19
32.9751	19
32.9751	19
32.9752	19
32.9752	19
33.0956	19
33.0956	19
33.0957	19
33.1208	19
33.1208	19
33.1208	19
33.1208	19
33.1255	19
33.1255	19
33.1256	19
33.2953	19
33.2953	19
33.2967	19
33.3521	19
33.3521	19
33.3521	19
33.3521	19
33.9639	19
33.9639	19
33.9681	19
33.9681	19
34.0915	19
34.0915	19
34.0938	19
34.2065	19
34.2065	19
35.0676	19
35.0693	19
35.0694	19
35.0715	19
35.0743	19
35.0744	19
35.0745	19
35.6213	19
35.6214	19
35.6218	19
36.4178	19
36.4178	19
36.4235	19
36.5638	19
36.5638	19
36.5673	19
37.1312	19
37.1312	19
37.1324	19
37.1331	19
37.1331	19
37.1332	19
37.1332	19
37.1585	19
37.1585	19
37.1585	19
37.1586	19
39.3678	19
39.3679	19
39.3687	19
39.5006	19
39.5007	19
39.5012	19
39.956	19
39.9561	19
39.9571	19
40.2683	19
40.2708	19
40.2708	19
40.2752	19
40.2752	19
41.1343	19
41.1343	19
42.1817	19
42.1821	19
42.1821	19
42.2894	19
42.2896	19
42.2897	19
42.2908	19
42.2908	19
42.291	19
42.2912	19
42.2927	19
42.2927	19
42.2954	19
42.2955	19
42.2959	19
43.5252	19
43.5253	19
43.5291	19
43.5291	19
43.5293	19
43.5301	19
44.0399	19
44.0433	19
44.0433	19
44.0451	19
44.8689	19
44.869	19
44.8702	19
46.0356	19
46.0356	19
46.0387	19
46.0409	19
46.041	19
46.041	19
46.041	19
46.9092	19
46.9099	19
46.9099	19
46.9102	19
47.0456	19
47.0457	19
47.0471	19
47.13	19
47.13	19
47.1315	19
47.8368	19
47.8368	19
47.8371	19
48.3718	19
48.3721	19
48.3723	19
48.9776	19
48.9781	19
48.9782	19
48.9802	19
48.9839	19
48.984	19
48.984	19
48.9841	19
49.698	19
49.6982	19
49.7078	19
50.0458	19
50.0458	19
50.0548	19
50.0548	19
50.055	19
50.0551	19
50.0561	19
50.285	19
50.2851	19
50.2857	19
50.2942	19
50.2942	19
50.2943	19
50.2943	19
50.5195	19
50.5195	19
50.5407	19
50.5407	19
50.542	19
50.542	19
50.5425	19
51.3963	19
51.3965	19
51.3967	19
51.4358	19
51.4358	19
51.4362	19
51.6536	19
51.6537	19
51.6606	19
51.7571	19
51.7572	19
51.762	19
53.5721	19
53.5721	19
53.5729	19
53.5808	19
53.5809	19
53.5809	19
53.581	19
53.6275	19
53.6276	19
53.6277	19
54.0537	19
54.0539	19
54.0565	19
54.2346	19
54.2346	19
54.2346	19
54.6341	19
54.6344	19
54.6447	19
57.1652	19
57.1653	19
57.1657	19
62.442	19
62.4422	19
62.4433	19
62.4704	19
62.4705	19
62.4725	19
62.4789	19
62.4789	19
62.479	19
62.479	19
62.4869	19
62.487	19
62.4893	19
63.299	19
63.2992	19
63.2999	19
63.5564	19
63.5565	19
63.56	19
63.5835	19
63.762	19
63.7657	19
63.7661	19
63.7663	19
63.7664	19
63.7664	19
63.7669	19
63.8417	19
63.8456	19
63.8458	19
63.8465	19
63.9592	19
63.9592	19
63.9604	19
64.9103	19
64.9117	19
64.9118	19
64.9193	19
64.9852	19
64.9852	19
64.9852	19
64.9853	19
65.1903	19
65.1912	19
65.1913	19
65.1923	19
65.5769	19
65.577	19
65.5771	19
66.1117	19
66.1118	19
66.1132	19
66.2437	19
66.2438	19
66.2451	19
66.2591	19
66.2591	19
66.2614	19
66.4368	19
66.4368	19
66.4417	19
67.2639	19
67.2639	19
67.2646	19
69.0357	19
69.0396	19
69.0396	19
69.041	19
69.4114	19
69.4115	19
69.4115	19
70.0402	19
70.0403	19
70.0434	19
73.174	19
73.174	19
73.1813	19
73.188	19
73.188	19
73.1881	19
73.1883	19
73.2517	19
73.2521	19
73.2566	19
73.2981	19
73.2982	19
74.2934	19
74.2946	19
74.295	19
74.2961	19
74.7778	19
74.7778	19
74.7828	19
74.7917	19
75.0694	19
75.0695	19
75.0698	19
75.0725	19
75.3129	19
75.313	19
75.318	19
75.3181	19
75.5077	19
75.5078	19
75.5081	19
75.526	19
75.5261	19
75.5261	19
75.5261	19
75.5789	19
75.5796	19
75.5799	19
75.5825	19
76.4243	19
76.4244	19
76.4245	19
76.5346	19
76.5348	19
76.5382	19
76.6948	19
76.695	19
76.701	19
77.0462	19
77.0482	19
77.0482	19
77.0546	19
78.2283	19
78.2283	19
78.2311	19
78.2414	19
78.5653	19
78.5654	19
78.5654	19
78.5705	19
79.5419	19
79.5422	19
79.5483	19
80.8886	19
80.8887	19
80.8892	19
80.9929	19
80.9932	19
80.9945	19
82.3985	19
82.4	19
82.4002	19
82.4057	19
82.8789	19
82.879	19
82.8821	19
84.2344	19
84.2344	19
84.2422	19
84.9299	19
84.9302	19
84.9351	19
85.7559	19
85.7559	19
85.7571	19
85.8875	19
85.8875	19
85.8878	19
86.0148	19
86.015	19
86.0166	19
86.2129	19
86.2132	19
86.2132	19
86.2144	19
87.2939	19
87.294	19
87.2953	19
87.3204	19
87.3218	19
87.3219	19
87.3221	19
88.297	19
88.2971	19
88.2973	19
88.3299	19
88.33	19
88.3322	19
88.3526	19
88.3531	19
88.3532	19
88.3533	19
88.9037	19
88.9041	19
88.9041	19
88.9089	19
89.537	19
89.5373	19
89.5383	19
89.6728	19
89.673	19
89.6753	19
89.7273	19
89.7274	19
89.7274	19
89.7274	19
89.9506	19
89.9506	19
89.9513	19
90.8842	19
90.8843	19
90.8856	19
91.6805	19
91.6865	19
91.6865	19
91.6878	19
93.7451	19
93.7452	19
93.7486	19
95.6888	19
95.6891	19
95.767	19
95.7686	19
95.7687	19
95.7692	19
96.0419	19
96.0421	19
96.0433	19
96.514	19
96.5141	19
96.5145	19
97.132	19
97.1322	19
97.1354	19
97.3695	19
97.3697	19
97.3735	19
98.2182	19
98.2183	19
98.2183	19
