3.27113e-10	0
7.61074e-10	1
8.61594e-10	2
1.03279e-09	3
1.65296e-09	4
1.77598e-09	4
2.02534e-09	5
2.10748e-09	6
2.1331e-09	6
2.70859e-09	6
2.99345e-09	6
3.4698e-09	7
3.58058e-09	8
5.06924e-09	9
5.8594e-09	10
7.04561e-09	11
8.18013e-09	12
8.49942e-09	13
9.36691e-09	14
1.13532e-08	15
1.25719e-08	15
1.51271e-08	16
1.96134e-08	16
2.36122e-08	17
2.5511e-08	17
2.59242e-08	17
3.11443e-08	17
3.12715e-08	17
3.32437e-08	17
5.06354e-08	17
5.78588e-08	17
6.92339e-08	17
8.21855e-08	17
9.22376e-08	17
9.51699e-08	17
9.9274e-08	17
1.05294e-07	17
1.06225e-07	17
1.06855e-07	17
1.09594e-07	17
1.23476e-07	17
1.29818e-07	17
1.51125e-07	17
1.58271e-07	17
1.65606e-07	17
1.69357e-07	17
1.77283e-07	17
1.88928e-07	17
1.91121e-07	17
1.91558e-07	17
1.9626e-07	17
2.1375e-07	17
2.45684e-07	17
2.47294e-07	17
2.4911e-07	17
2.90384e-07	17
2.94611e-07	17
2.98014e-07	17
3.31972e-07	17
3.34576e-07	17
3.42514e-07	17
3.43316e-07	17
3.44751e-07	17
3.509e-07	17
3.72189e-07	17
3.84691e-07	17
3.922e-07	17
3.96828e-07	17
4.05725e-07	17
4.6183e-07	17
4.65799e-07	17
4.76607e-07	17
4.79775e-07	17
4.81079e-07	17
4.87429e-07	17
4.92859e-07	17
5.29943e-07	17
5.30472e-07	17
5.35235e-07	17
5.35425e-07	17
5.7091e-07	17
6.00731e-07	17
6.03421e-07	17
6.08628e-07	17
6.15294e-07	17
6.17196e-07	17
6.24198e-07	17
6.33193e-07	17
6.33354e-07	17
6.33654e-07	17
6.36205e-07	17
6.44386e-07	17
6.48015e-07	17
6.75816e-07	17
6.85951e-07	17
6.9044e-07	17
6.93785e-07	17
7.2439e-07	17
7.24679e-07	17
7.30664e-07	17
7.31102e-07	17
7.3451e-07	17
7.35321e-07	17
7.44561e-07	17
7.61218e-07	17
7.73367e-07	17
7.76454e-07	17
7.85729e-07	17
7.8776e-07	17
7.91217e-07	17
7.93009e-07	17
8.20125e-07	17
8.21865e-07	17
8.40207e-07	17
8.41697e-07	17
8.49265e-07	17
8.53363e-07	17
8.68183e-07	17
8.98096e-07	17
9.09906e-07	17
9.16996e-07	17
9.20294e-07	17
9.29352e-07	17
9.34676e-07	17
9.45244e-07	17
9.54568e-07	17
9.57719e-07	17
9.60956e-07	17
9.73291e-07	17
9.74995e-07	17
9.85324e-07	17
9.87353e-07	17
9.8984e-07	17
9.96921e-07	17
1.01174e-06	17
1.03662e-06	17
1.0563e-06	17
1.05638e-06	17
1.06367e-06	17
1.06768e-06	17
1.08194e-06	17
1.0846e-06	17
1.0909e-06	17
1.11446e-06	17
1.12177e-06	17
1.12296e-06	17
1.13801e-06	17
1.15318e-06	17
1.15463e-06	17
1.1797e-06	17
1.18995e-06	17
1.19563e-06	17
1.20717e-06	17
1.23403e-06	17
1.24725e-06	17
1.24799e-06	17
1.25638e-06	17
1.26849e-06	17
1.27178e-06	17
1.28908e-06	17
1.34368e-06	17
1.34778e-06	17
1.35682e-06	17
1.36268e-06	17
1.37045e-06	17
1.37077e-06	17
1.38336e-06	17
1.39578e-06	17
1.4002e-06	17
1.40085e-06	17
1.40342e-06	17
1.40566e-06	17
1.42299e-06	17
1.44387e-06	17
1.44808e-06	17
1.45084e-06	17
1.45591e-06	17
1.45592e-06	17
1.45785e-06	17
1.47839e-06	17
1.48033e-06	17
1.49698e-06	17
1.52521e-06	17
1.5315e-06	17
1.53587e-06	17
1.53712e-06	17
1.53833e-06	17
1.54281e-06	17
1.54573e-06	17
1.55615e-06	17
1.5714e-06	17
1.57344e-06	17
1.59972e-06	17
1.60218e-06	17
1.60345e-06	17
1.60461e-06	17
1.62728e-06	17
1.63014e-06	17
1.63644e-06	17
1.65358e-06	17
1.65461e-06	17
1.65867e-06	17
1.66962e-06	17
1.67683e-06	17
1.68191e-06	17
1.70153e-06	17
1.70501e-06	17
1.71212e-06	17
1.72993e-06	17
1.74099e-06	17
1.75192e-06	17
1.77672e-06	17
1.79181e-06	17
1.80255e-06	17
1.81026e-06	17
1.83644e-06	17
1.85204e-06	17
1.87712e-06	17
1.89529e-06	17
1.91231e-06	17
1.9204e-06	17
1.9272e-06	17
1.98661e-06	17
2.01569e-06	17
2.04134e-06	17
2.07392e-06	17
2.09445e-06	17
2.09486e-06	17
2.10427e-06	17
2.10854e-06	17
2.11223e-06	17
2.11752e-06	17
2.1264e-06	17
2.17287e-06	17
2.2229e-06	17
2.22329e-06	17
2.2314e-06	17
2.24913e-06	17
2.25415e-06	17
2.29949e-06	17
2.3395e-06	17
2.36449e-06	17
2.44678e-06	17
2.5171e-06	17
2.6691e-06	17
2.69128e-06	17
2.73809e-06	17
2.76503e-06	17
2.79826e-06	17
2.81653e-06	17
2.9245e-06	17
2.92759e-06	17
3.05045e-06	17
3.05158e-06	17
3.0791e-06	17
3.18673e-06	17
3.21201e-06	17
3.32407e-06	17
3.39768e-06	17
3.45296e-06	17
3.47847e-06	17
3.50969e-06	17
3.63001e-06	17
3.66133e-06	17
3.78256e-06	17
3.80509e-06	17
3.90528e-06	17
3.91247e-06	17
4.05237e-06	17
4.10578e-06	17
4.12604e-06	17
4.41643e-06	17
4.64308e-06	17
5.18334e-06	17
5.2323e-06	17
5.46218e-06	17
5.50891e-06	17
5.51494e-06	17
5.90848e-06	17
5.92549e-06	17
5.94847e-06	17
6.3244e-06	17
6.57347e-06	17
6.77328e-06	17
6.90817e-06	17
8.97002e-06	17
9.70478e-06	17
1.02112e-05	17
1.08545e-05	17
1.29934e-05	17
1.30097e-05	17
1.44778e-05	17
1.50136e-05	17
1.54407e-05	17
1.55008e-05	17
1.57489e-05	17
1.72387e-05	17
1.76982e-05	17
1.8305e-05	17
1.83791e-05	17
1.86399e-05	17
1.9138e-05	17
1.97363e-05	17
1.99499e-05	17
2.01837e-05	17
2.04647e-05	17
2.1324e-05	17
2.1617e-05	17
2.19097e-05	17
2.19224e-05	17
2.19536e-05	17
2.23823e-05	17
2.38525e-05	17
2.52552e-05	17
2.74468e-05	17
2.74988e-05	17
2.8713e-05	17
2.95958e-05	17
2.96807e-05	17
3.05538e-05	17
3.08534e-05	17
3.16485e-05	17
3.21015e-05	17
3.25993e-05	17
3.3373e-05	17
3.38827e-05	17
3.38991e-05	17
3.41916e-05	17
3.60586e-05	17
3.6788e-05	17
3.7868e-05	17
3.83853e-05	17
3.84168e-05	17
3.98342e-05	17
4.12282e-05	17
4.15255e-05	17
4.1567e-05	17
4.23713e-05	17
4.25475e-05	17
4.29188e-05	17
4.3215e-05	17
4.32851e-05	17
4.42612e-05	17
4.58312e-05	17
4.60914e-05	17
4.64622e-05	17
4.70058e-05	17
4.79034e-05	17
4.85254e-05	17
4.93709e-05	17
4.94956e-05	17
4.97457e-05	17
4.97902e-05	17
4.98896e-05	17
4.99027e-05	17
5.07956e-05	17
5.10413e-05	17
5.12386e-05	17
5.14399e-05	17
5.20249e-05	17
5.20541e-05	17
5.35248e-05	17
5.40093e-05	17
5.56495e-05	17
5.60671e-05	17
5.69605e-05	17
5.6995e-05	17
5.79447e-05	17
5.82424e-05	17
6.13691e-05	17
6.16985e-05	17
6.31236e-05	17
6.4361e-05	17
6.53007e-05	17
6.53059e-05	17
6.54475e-05	17
6.61963e-05	17
6.66126e-05	17
6.89772e-05	17
6.91149e-05	17
6.95735e-05	17
7.04634e-05	17
7.05684e-05	17
7.11635e-05	17
7.14776e-05	17
7.15116e-05	17
7.49443e-05	17
7.64938e-05	17
7.67011e-05	17
7.69833e-05	17
7.77103e-05	17
7.79818e-05	17
7.85598e-05	17
7.90574e-05	17
8.00742e-05	17
8.03523e-05	17
8.14562e-05	17
8.203e-05	17
8.2498e-05	17
8.44107e-05	17
8.47102e-05	17
8.70549e-05	17
8.92556e-05	17
8.9503e-05	17
9.10331e-05	17
9.12845e-05	17
9.21081e-05	17
9.29283e-05	17
9.44315e-05	17
9.51986e-05	17
0.000101555	17
0.000104196	17
0.000106978	17
0.000107065	17
0.000109364	17
0.000110073	17
0.000111046	17
0.000113544	17
0.000114359	17
0.000116826	17
0.000118118	17
0.000118153	17
0.000119524	17
0.00012024	17
0.000123936	17
0.000124363	17
0.000125008	17
0.000125328	17
0.000127182	17
0.000131561	17
0.000132863	17
0.000133348	17
0.000135251	17
0.000136412	17
0.000136473	17
0.000146577	17
0.000147063	17
0.000148871	17
0.000152378	17
0.000156872	17
0.000157699	17
0.00016001	17
0.000168562	17
0.000170516	17
0.000172247	17
0.000172731	17
0.000174884	17
0.00018345	17
0.000184445	17
0.00018486	17
0.000185464	17
0.000186735	17
0.000186916	17
0.000187759	17
0.000191991	17
0.000204561	17
0.000204831	17
0.000204894	17
0.000209314	17
0.000219138	17
0.000219212	17
0.000221262	17
0.000225306	17
0.000233551	17
0.00023404	17
0.000238865	17
0.000248614	17
0.000260391	17
0.000279058	17
0.000284657	17
0.000297976	17
0.000314821	17
0.000318119	17
0.000321244	17
0.000328388	17
0.000330124	17
0.000340277	17
0.000514549	17
0.000702876	17
0.00348819	17
0.00348853	17
0.00348884	17
0.00348939	17
0.00348965	17
0.00348986	17
0.00349479	17
0.00353198	17
0.00355627	17
0.00358385	17
0.00363298	17
0.00365329	17
0.00382638	17
0.00383082	17
0.00383138	17
0.00383434	17
0.00384058	17
0.00384216	17
0.00384324	17
0.0038436	17
0.00384707	17
0.00384809	17
0.00385282	17
0.0038707	17
0.00390058	17
0.00538052	17
0.00538089	17
0.00538089	17
0.00538094	17
0.00538121	17
0.00538153	17
0.00565859	17
0.00579572	17
0.00608455	17
0.00608456	17
0.00608496	17
0.00608505	17
0.00608585	17
0.00608588	17
0.00608593	17
0.00608627	17
0.00608629	17
0.00608633	17
0.00608634	17
0.00608673	17
0.00608703	17
0.00608722	17
0.0062525	17
0.00630689	17
0.00631885	17
0.00632076	17
0.0063259	17
0.0063363	17
0.00633908	17
0.0063429	17
0.0063438	17
0.00658336	17
0.00661631	17
0.00681119	17
0.00845798	17
0.00847081	17
0.00890531	17
0.0089875	17
0.0094437	17
0.00944866	17
0.00945477	17
0.00945561	17
0.00945731	17
0.00945945	17
0.00946562	17
0.00947781	17
0.00948812	17
0.00953697	17
0.0101236	17
0.0105818	17
0.0105821	17
0.0105822	17
0.010583	17
0.0105831	17
0.0105831	17
0.0105844	17
0.0105845	17
0.0105846	17
0.0105847	17
0.0105847	17
0.0107768	17
0.0108645	17
0.0113143	17
0.0114593	17
0.0117686	17
0.0123066	17
0.0123151	17
0.0133019	17
0.0133042	17
0.0133083	17
0.0133088	17
0.0133103	17
0.0133128	17
0.0133163	17
0.0133205	17
0.0133213	17
0.0133251	17
0.0133263	17
0.0133284	17
0.0133294	17
0.0133294	17
0.0133342	17
0.0133471	17
0.0133503	17
0.0133557	17
0.0133752	17
0.0133755	17
0.0133788	17
0.0133838	17
0.0134115	17
0.0134249	17
0.013434	17
0.0134721	17
0.0134938	17
0.0135047	17
0.0135164	17
0.0135565	17
0.0136221	17
0.0136233	17
0.013637	17
0.0136598	17
0.0137044	17
0.0137143	17
0.0137572	17
0.0137679	17
0.0137719	17
0.0139654	17
0.0140162	17
0.0141049	17
0.014222	17
0.0142416	17
0.0143079	17
0.0144309	17
0.014431	17
0.0144317	17
0.014432	17
0.0144326	17
0.0144333	17
0.0144355	17
0.0144382	17
0.0144382	17
0.0144384	17
0.0144392	17
0.0144397	17
0.0144419	17
0.0144422	17
0.0144436	17
0.014444	17
0.0144481	17
0.014449	17
0.0144496	17
0.0144505	17
0.0144509	17
0.0144538	17
0.0144624	17
0.0144635	17
0.0144702	17
0.0144707	17
0.0144797	17
0.0144923	17
0.014515	17
0.0145246	17
0.0145294	17
0.0145956	17
0.0146687	17
0.0148445	17
0.0148913	17
0.0152521	17
0.0152535	17
0.0152548	17
0.0152559	17
0.0152565	17
0.0152585	17
0.0152587	17
0.0152639	17
0.0152663	17
0.0152704	17
0.015272	17
0.0152726	17
0.0152758	17
0.0152828	17
0.015294	17
0.0153274	17
0.0153806	17
0.0153837	17
0.0153858	17
0.0153892	17
0.0153956	17
0.0153993	17
0.0154187	17
0.0154545	17
0.0154559	17
0.0157509	17
0.0157518	17
0.0157556	17
0.015757	17
0.0157585	17
0.0157612	17
0.0157632	17
0.015766	17
0.0157721	17
0.0157737	17
0.0157746	17
0.0157748	17
0.0157787	17
0.0157823	17
0.0157879	17
0.0158074	17
0.0158109	17
0.0163768	17
0.0168504	17
0.0181406	17
0.0181648	17
0.0182523	17
0.0184756	17
0.0192763	17
0.0192764	17
0.0192766	17
0.0192774	17
0.0192778	17
0.0192786	17
0.0192786	17
0.0192788	17
0.0192789	17
0.0192789	17
0.0192795	17
0.019281	17
0.0192866	17
0.0192867	17
0.0192874	17
0.0192877	17
0.0192892	17
0.0192895	17
0.0192911	17
0.0192911	17
0.0192921	17
0.0192941	17
0.0192953	17
0.019302	17
0.0193026	17
0.0193052	17
0.0193056	17
0.0193066	17
0.0193168	17
0.0197899	17
0.0198104	17
0.0198213	17
0.020222	17
0.020222	17
0.0202232	17
0.0202242	17
0.0202246	17
0.0202249	17
0.0202277	17
0.0202283	17
0.0202286	17
0.0202312	17
0.0202328	17
0.0202329	17
0.0202358	17
0.0202363	17
0.0202382	17
0.0202483	17
0.0202499	17
0.0202534	17
0.0203081	17
0.021026	17
0.0210263	17
0.0210265	17
0.0210273	17
0.0210342	17
0.0210455	17
0.0210493	17
0.0210637	17
0.0210779	17
0.0211061	17
0.0211275	17
0.0221752	17
0.0221761	17
0.0221765	17
0.0221773	17
0.022178	17
0.0221783	17
0.0221789	17
0.0221802	17
0.0221834	17
0.0221877	17
0.0221937	17
0.0221981	17
0.0222039	17
0.0222041	17
0.0222148	17
0.0222166	17
0.0222317	17
0.0222552	17
0.02226	17
0.0222936	17
0.0223033	17
0.0223041	17
0.0223087	17
0.0223179	17
0.0223182	17
0.0223184	17
0.0223186	17
0.0223187	17
0.022319	17
0.0223191	17
0.0223193	17
0.0223193	17
0.0223193	17
0.0223197	17
0.0223199	17
0.0223201	17
0.0223203	17
0.0223209	17
0.0223212	17
0.0223223	17
0.0223224	17
0.0223225	17
0.0223226	17
0.0223227	17
0.0223234	17
0.0223238	17
0.0223249	17
0.0223249	17
0.0223254	17
0.0223256	17
0.022328	17
0.0223287	17
0.0223287	17
0.0223291	17
0.0223292	17
0.0223294	17
0.0223295	17
0.0223315	17
0.022332	17
0.0223327	17
0.0223327	17
0.0223328	17
0.0223341	17
0.0223346	17
0.0223347	17
0.0223361	17
0.022337	17
0.022337	17
0.0223373	17
0.0223378	17
0.0223387	17
0.0223392	17
0.0223439	17
0.0223465	17
0.0223486	17
0.0223503	17
0.0223509	17
0.0223512	17
0.0223528	17
0.0223567	17
0.0223604	17
0.0223625	17
0.0223675	17
0.0223688	17
0.0223698	17
0.0223723	17
0.0223725	17
0.0223727	17
0.022373	17
0.0223856	17
0.0223942	17
0.022405	17
0.0224068	17
0.0224179	17
0.0224258	17
0.0224271	17
0.0224383	17
0.0224425	17
0.0224429	17
0.0224429	17
0.0224432	17
0.0224443	17
0.0224446	17
0.0224448	17
0.0224454	17
0.0224456	17
0.0224456	17
0.0224466	17
0.0224467	17
0.0224479	17
0.0224485	17
0.0224487	17
0.0224488	17
0.022449	17
0.0224493	17
0.0224519	17
0.0224526	17
0.0224533	17
0.0224535	17
0.0224536	17
0.0224539	17
0.0224561	17
0.0224572	17
0.0224575	17
0.0224608	17
0.0224629	17
0.0224646	17
0.0224664	17
0.0224671	17
0.0224682	17
0.0224684	17
0.0224783	17
0.0224827	17
0.0225002	17
0.0225041	17
0.0225125	17
0.0225161	17
0.0225181	17
0.0225229	17
0.0225348	17
0.0225349	17
0.0225504	17
0.0225585	17
0.0225706	17
0.0226263	17
0.0227172	17
0.0228597	17
0.0228668	17
0.0228897	17
0.0229596	17
0.0230173	17
0.0231185	17
0.023178	17
0.0232449	17
0.0232588	17
0.0233019	17
0.0233111	17
0.0235385	17
0.0238853	17
0.0238854	17
0.0238855	17
0.0238858	17
0.0238859	17
0.023886	17
0.023886	17
0.0238861	17
0.0238863	17
0.0238864	17
0.0238865	17
0.0238866	17
0.0238868	17
0.023887	17
0.0238871	17
0.0238876	17
0.0238877	17
0.0238877	17
0.0238881	17
0.0238889	17
0.0238901	17
0.023891	17
0.0238922	17
0.0238923	17
0.0238932	17
0.0238933	17
0.0238941	17
0.0238946	17
0.0238961	17
0.0238962	17
0.0238976	17
0.0238981	17
0.0238984	17
0.0238987	17
0.0238988	17
0.0238998	17
0.0239008	17
0.0239023	17
0.0239044	17
0.0239047	17
0.0239049	17
0.023907	17
0.0239106	17
0.0239112	17
0.0239122	17
0.0239138	17
0.0239207	17
0.0239296	17
0.0239311	17
0.0239429	17
0.0240157	17
0.0240196	17
0.0241972	17
0.0248417	17
0.0254538	17
0.0254599	17
0.0254732	17
0.0256266	17
0.0256269	17
0.025627	17
0.0256271	17
0.0256272	17
0.0256274	17
0.0256275	17
0.0256275	17
0.0256278	17
0.0256279	17
0.0256279	17
0.0256282	17
0.0256283	17
0.0256284	17
0.0256286	17
0.0256287	17
0.025629	17
0.0256294	17
0.0256295	17
0.0256295	17
0.0256301	17
0.0256303	17
0.0256312	17
0.0256312	17
0.0256317	17
0.025632	17
0.0256327	17
0.0256333	17
0.0256338	17
0.025634	17
0.0256346	17
0.0256347	17
0.0256358	17
0.0256359	17
0.0256366	17
0.0256372	17
0.0256372	17
0.0256377	17
0.0256386	17
0.0256393	17
0.0256395	17
0.0256401	17
0.0256402	17
0.0256425	17
0.0256429	17
0.0256434	17
0.0256452	17
0.0256458	17
0.0256461	17
0.025647	17
0.0256494	17
0.0256524	17
0.0256571	17
0.0256615	17
0.0256734	17
0.0256769	17
0.0256801	17
0.0256856	17
0.0256937	17
0.0256941	17
0.0256969	17
0.0257016	17
0.025707	17
0.0257226	17
0.0257367	17
0.0258108	17
0.0258587	17
0.0258687	17
0.0260533	17
0.0260557	17
0.026063	17
0.0260668	17
0.0260699	17
0.0260736	17
0.0260752	17
0.0260856	17
0.0261012	17
0.0261337	17
0.0261373	17
0.0261428	17
0.0261449	17
0.0261532	17
0.0261615	17
0.0261626	17
0.0261653	17
0.0261659	17
0.0261828	17
0.026183	17
0.026192	17
0.0261986	17
0.0261987	17
0.0262046	17
0.0262216	17
0.0262361	17
0.0262432	17
0.0262612	17
0.026282	17
0.0262887	17
0.0262907	17
0.0263187	17
0.0263375	17
0.0263416	17
0.0264073	17
0.0264092	17
0.0264263	17
0.0264382	17
0.0264396	17
0.0264483	17
0.0264526	17
0.0264641	17
0.026465	17
0.0264663	17
0.0264939	17
0.0264941	17
0.026504	17
0.0265069	17
0.0265238	17
0.0265319	17
0.0265352	17
0.0265444	17
0.0265448	17
0.0265449	17
0.026545	17
0.0265451	17
0.0265454	17
0.0265454	17
0.0265464	17
0.026547	17
0.0265471	17
0.0265473	17
0.0265479	17
0.0265479	17
0.0265479	17
0.0265484	17
0.0265496	17
0.0265497	17
0.0265501	17
0.0265506	17
0.0265507	17
0.0265508	17
0.0265511	17
0.0265512	17
0.0265518	17
0.0265524	17
0.0265526	17
0.0265529	17
0.0265539	17
0.0265545	17
0.0265556	17
0.0265581	17
0.0265582	17
0.0265587	17
0.0265599	17
0.0265612	17
0.0265622	17
0.0265645	17
0.0265648	17
0.0265652	17
0.026566	17
0.0265664	17
0.0265669	17
0.0265697	17
0.0265717	17
0.0265725	17
0.0265803	17
0.0265857	17
0.0265876	17
0.0265915	17
0.0265925	17
0.0266016	17
0.0266491	17
0.0266956	17
0.0266966	17
0.0266967	17
0.0266974	17
0.0266978	17
0.0267032	17
0.0267204	17
0.0267218	17
0.0267257	17
0.0267286	17
0.0267325	17
0.0267334	17
0.0267361	17
0.0267411	17
0.0267453	17
0.0267487	17
0.0267533	17
0.0267591	17
0.0267614	17
0.026763	17
0.0267711	17
0.0267723	17
0.0267772	17
0.026789	17
0.0267903	17
0.0267955	17
0.0267966	17
0.0268113	17
0.0268196	17
0.0268218	17
0.0268241	17
0.0268243	17
0.0268275	17
0.0268406	17
0.0268442	17
0.0268542	17
0.0268544	17
0.0268558	17
0.0268634	17
0.0268734	17
0.0268745	17
0.0268766	17
0.0268803	17
0.0268823	17
0.0268908	17
0.0268985	17
0.0269135	17
0.0269172	17
0.0269195	17
0.02692	17
0.0269353	17
0.02694	17
0.0269438	17
0.0269471	17
0.0269483	17
0.0269562	17
0.0269618	17
0.0269708	17
0.0269723	17
0.0269972	17
0.0269976	17
0.0270038	17
0.0270147	17
0.0270156	17
0.0270181	17
0.0270233	17
0.0270338	17
0.0270505	17
0.027053	17
0.027053	17
0.0270595	17
0.0270711	17
0.0270804	17
0.0270891	17
0.0271132	17
0.0271188	17
0.0271219	17
0.0271273	17
0.0271517	17
0.027154	17
0.0271816	17
0.0271972	17
0.0272075	17
0.0272194	17
0.0272257	17
0.0272373	17
0.0272471	17
0.027253	17
0.0272611	17
0.0272674	17
0.0273125	17
0.0273357	17
0.0273374	17
0.0273376	17
0.0273664	17
0.0273915	17
0.0274783	17
0.0274876	17
0.0275276	17
0.0275748	17
0.0275924	17
0.0276049	17
0.0276093	17
0.0277011	17
0.0277291	17
0.0278066	17
0.0278886	17
0.0279441	17
0.0279935	17
0.0282606	17
0.0283892	17
0.0284811	17
0.0286668	17
0.029052	17
0.0290956	17
0.0293001	17
0.0293067	17
0.0298284	17
0.02999	17
0.0300626	17
0.0300725	17
0.0300986	17
0.0301454	17
0.0305642	17
0.0305661	17
0.0305703	17
0.0305703	17
0.0305758	17
0.0305801	17
0.030581	17
0.0305887	17
0.030589	17
0.0305949	17
0.0305953	17
0.0305985	17
0.0306208	17
0.0306308	17
0.0306334	17
0.0306439	17
0.0306439	17
0.0306446	17
0.0306465	17
0.0306467	17
0.030648	17
0.0306485	17
0.0306485	17
0.0306495	17
0.0306513	17
0.0306519	17
0.0306554	17
0.0306556	17
0.0306561	17
0.0306572	17
0.0306598	17
0.0306645	17
0.0306655	17
0.0306666	17
0.0306741	17
0.0306743	17
0.0306767	17
0.0306836	17
0.0306874	17
0.0306938	17
0.0306955	17
0.0307078	17
0.0307118	17
0.0307141	17
0.0307176	17
0.0307267	17
0.0307609	17
0.0307744	17
0.030779	17
0.0307796	17
0.0308034	17
0.0308245	17
0.030833	17
0.030886	17
0.0309153	17
0.0309252	17
0.0309392	17
0.0309765	17
0.0310238	17
0.0310243	17
0.0310244	17
0.031042	17
0.0310648	17
0.0311159	17
0.0311429	17
0.0311436	17
0.0311464	17
0.0312535	17
0.0312669	17
0.0312772	17
0.0314162	17
0.0314252	17
0.0314524	17
0.0314587	17
0.0314596	17
0.03147	17
0.031491	17
0.031516	17
0.0315198	17
0.0315567	17
0.0316026	17
0.0316912	17
0.0317433	17
0.0317584	17
0.031793	17
0.0318595	17
0.0319447	17
0.0320269	17
0.0320271	17
0.0320271	17
0.0320279	17
0.0320282	17
0.0320284	17
0.0320288	17
0.0320288	17
0.0320289	17
0.0320291	17
0.0320296	17
0.0320304	17
0.0320334	17
0.0320339	17
0.0320343	17
0.0320344	17
0.0320345	17
0.0320358	17
0.0320359	17
0.0320362	17
0.0320371	17
0.0320383	17
0.0320384	17
0.0320404	17
0.0320423	17
0.0320428	17
0.0320431	17
0.0320441	17
0.0320474	17
0.032048	17
0.0320483	17
0.0320544	17
0.0320579	17
0.0320676	17
0.0320766	17
0.0320887	17
0.0321177	17
0.0321225	17
0.0322134	17
0.0323427	17
0.0326784	17
0.0328127	17
0.0339075	17
0.0339079	17
0.0339126	17
0.0339198	17
0.0339393	17
0.0339507	17
0.0339547	17
0.033962	17
0.0339675	17
0.0339682	17
0.0339696	17
0.0339863	17
0.0339897	17
0.034005	17
0.0340106	17
0.0340138	17
0.0340164	17
0.0340249	17
0.0340359	17
0.0340444	17
0.0341171	17
0.0341251	17
0.0341285	17
0.0341322	17
0.0341515	17
0.0341516	17
0.0341523	17
0.034153	17
0.0341533	17
0.0341534	17
0.0341536	17
0.0341557	17
0.034156	17
0.0341568	17
0.0341579	17
0.0341589	17
0.0341601	17
0.0341618	17
0.0341623	17
0.0341635	17
0.0341666	17
0.0341666	17
0.0341679	17
0.0341687	17
0.034173	17
0.0341733	17
0.0341743	17
0.0341751	17
0.0341803	17
0.0341824	17
0.0341853	17
0.0341865	17
0.0341867	17
0.0341873	17
0.0341985	17
0.0342036	17
0.0342038	17
0.0342066	17
0.0342085	17
0.0342375	17
0.0342415	17
0.0342573	17
0.0342792	17
0.0342853	17
0.0343148	17
0.0343168	17
0.0343192	17
0.0343317	17
0.0343537	17
0.034359	17
0.0343658	17
0.0343802	17
0.0343876	17
0.0343965	17
0.0343974	17
0.034409	17
0.0344321	17
0.0344792	17
0.0344829	17
0.03454	17
0.0345521	17
0.0345628	17
0.0345632	17
0.0345769	17
0.0346163	17
0.0346536	17
0.0346635	17
0.0346747	17
0.0347342	17
0.0347574	17
0.0347818	17
0.0348854	17
0.03491	17
0.0349105	17
0.0349296	17
0.0349614	17
0.0349636	17
0.0349763	17
0.0349891	17
0.0350069	17
0.035038	17
0.0352235	17
0.0352366	17
0.0352472	17
0.0353029	17
0.0353468	17
0.0354925	17
0.0355168	17
0.0355315	17
0.0355418	17
0.0357215	17
0.0357942	17
0.0360181	17
0.0360301	17
0.0360349	17
0.0361377	17
0.0362856	17
0.0365176	17
0.0365182	17
0.0365197	17
0.0365203	17
0.0365218	17
0.0365234	17
0.0365253	17
0.0365263	17
0.0365271	17
0.0365276	17
0.0365276	17
0.0365288	17
0.0365297	17
0.0365315	17
0.0365319	17
0.0365322	17
0.0365339	17
0.0365354	17
0.0365367	17
0.0365374	17
0.0365414	17
0.0365433	17
0.0365436	17
0.0365476	17
0.0365507	17
0.0365545	17
0.036562	17
0.0365733	17
0.0365778	17
0.0365909	17
0.036623	17
0.0366337	17
0.0366459	17
0.0366508	17
0.0367866	17
0.0368344	17
0.0368436	17
0.0368473	17
0.0368525	17
0.0369675	17
0.0371454	17
0.0373094	17
0.0373866	17
0.0384233	17
0.0384235	17
0.0384242	17
0.0384256	17
0.0384277	17
0.0384318	17
0.038432	17
0.0384336	17
0.0384347	17
0.0384358	17
0.0384471	17
0.0384494	17
0.0384507	17
0.0384603	17
0.0385808	17
0.0398386	17
0.0398402	17
0.0398403	17
0.0398411	17
0.0398416	17
0.0398422	17
0.0398427	17
0.0398427	17
0.0398446	17
0.0398448	17
0.0398477	17
0.0398503	17
0.0398508	17
0.039851	17
0.0398525	17
0.0398573	17
0.0398575	17
0.0398592	17
0.0398612	17
0.0398627	17
0.039863	17
0.03988	17
0.0398911	17
0.039911	17
0.0407262	17
0.0410709	17
0.0410741	17
0.0410774	17
0.0410884	17
0.0410942	17
0.0410944	17
0.041096	17
0.0410989	17
0.0411025	17
0.0411185	17
0.0411283	17
0.0411382	17
0.0426225	17
0.0444068	17
0.0444069	17
0.044407	17
0.0444071	17
0.0444073	17
0.0444079	17
0.0444079	17
0.044408	17
0.044408	17
0.0444084	17
0.0444089	17
0.0444092	17
0.0444096	17
0.04441	17
0.0444103	17
0.0444103	17
0.0444111	17
0.044412	17
0.044412	17
0.0444132	17
0.0444145	17
0.0444154	17
0.0444155	17
0.0444157	17
0.0444159	17
0.044417	17
0.0444174	17
0.0444181	17
0.0444185	17
0.0444196	17
0.0444198	17
0.0444199	17
0.0444208	17
0.044421	17
0.0444235	17
0.0444235	17
0.0444235	17
0.0444243	17
0.0444252	17
0.0444268	17
0.0444288	17
0.0444289	17
0.0444291	17
0.0444316	17
0.0444348	17
0.044435	17
0.0444362	17
0.0444367	17
0.0444383	17
0.0444385	17
0.0444396	17
0.0444401	17
0.0444429	17
0.0444441	17
0.0444442	17
0.0444446	17
0.0444447	17
0.0444452	17
0.0444454	17
0.044451	17
0.044451	17
0.0444512	17
0.044452	17
0.0444561	17
0.0444628	17
0.0444659	17
0.0444659	17
0.0444721	17
0.0444734	17
0.0444736	17
0.0444749	17
0.044476	17
0.0444765	17
0.0444836	17
0.0444846	17
0.0444874	17
0.0444885	17
0.0444913	17
0.0444919	17
0.0444937	17
0.0444945	17
0.0444948	17
0.0445031	17
0.0445061	17
0.0445095	17
0.0445103	17
0.0445104	17
0.0445114	17
0.0445128	17
0.0445191	17
0.0445212	17
0.0445219	17
0.0445223	17
0.0445298	17
0.0445309	17
0.0445339	17
0.0445348	17
0.0445352	17
0.0445356	17
0.0445377	17
0.044542	17
0.0445444	17
0.0445446	17
0.0445481	17
0.0445494	17
0.0445519	17
0.0445559	17
0.0445589	17
0.0445591	17
0.0445734	17
0.0445859	17
0.0446111	17
0.0446116	17
0.0446141	17
0.0446153	17
0.0446188	17
0.0446205	17
0.0446445	17
0.0446477	17
0.0446523	17
0.0446677	17
0.0446695	17
0.0446761	17
0.0446788	17
0.0446906	17
0.0446914	17
0.0446929	17
0.0447087	17
0.0447248	17
0.0447298	17
0.0447394	17
0.0447667	17
0.0447893	17
0.0448149	17
0.0448183	17
0.0448266	17
0.0448513	17
0.0448636	17
0.044865	17
0.0448786	17
0.044917	17
0.0449256	17
0.0449387	17
0.0449489	17
0.0449635	17
0.0449654	17
0.0449815	17
0.0449924	17
0.0450117	17
0.045015	17
0.0450195	17
0.0450239	17
0.0450411	17
0.0450437	17
0.0450569	17
0.0450756	17
0.0451506	17
0.0452577	17
0.0452611	17
0.0452978	17
0.0453062	17
0.0453992	17
0.0454569	17
0.0454681	17
0.0454973	17
0.0455162	17
0.0455199	17
0.0455229	17
0.0455236	17
0.0455633	17
0.0456808	17
0.0457133	17
0.0457135	17
0.0457774	17
0.0458302	17
0.04587	17
0.0463413	17
0.0464568	17
0.046464	17
0.0464821	17
0.0469902	17
0.0469905	17
0.0469905	17
0.0469911	17
0.0469911	17
0.0469916	17
0.0469917	17
0.0469918	17
0.046992	17
0.0469924	17
0.0469925	17
0.0469928	17
0.0469929	17
0.0469934	17
0.046994	17
0.0469944	17
0.046995	17
0.0469952	17
0.0469954	17
0.0469957	17
0.0469958	17
0.046996	17
0.0469963	17
0.0469963	17
0.0469965	17
0.0469965	17
0.0469967	17
0.0469968	17
0.0469974	17
0.0469974	17
0.0469975	17
0.0469976	17
0.0469977	17
0.046998	17
0.0469981	17
0.0469989	17
0.0469999	17
0.0470013	17
0.0470016	17
0.0470019	17
0.0470055	17
0.0470058	17
0.0470063	17
0.0470071	17
0.0470075	17
0.0470083	17
0.0470086	17
0.0470089	17
0.0470095	17
0.0470118	17
0.0470144	17
0.0470161	17
0.0470172	17
0.0470187	17
0.0470197	17
0.0470259	17
0.047026	17
0.0470284	17
0.0470363	17
0.0470389	17
0.047053	17
0.0470592	17
0.0470771	17
0.0471715	17
0.0472408	17
0.0473281	17
0.0473835	17
0.0485972	17
0.0485982	17
0.0486025	17
0.048903	17
0.0489281	17
0.0490237	17
0.0490239	17
0.0490245	17
0.0490253	17
0.049026	17
0.0490279	17
0.0490298	17
0.0490306	17
0.0490309	17
0.0490316	17
0.0490329	17
0.0490362	17
0.049037	17
0.0490382	17
0.0490443	17
0.0490455	17
0.049048	17
0.0490506	17
0.0490576	17
0.0490659	17
0.0490833	17
0.0490853	17
0.0504524	17
0.0504527	17
0.0504528	17
0.0504531	17
0.0504535	17
0.0504535	17
0.0504539	17
0.050454	17
0.050455	17
0.0504554	17
0.050456	17
0.0504562	17
0.0504566	17
0.0504567	17
0.0504575	17
0.0504576	17
0.0504579	17
0.0504583	17
0.0504584	17
0.050459	17
0.0504592	17
0.0504599	17
0.0504599	17
0.05046	17
0.0504613	17
0.0504626	17
0.0504627	17
0.0504629	17
0.0504643	17
0.0504652	17
0.050466	17
0.050466	17
0.0504667	17
0.0504676	17
0.0504695	17
0.050473	17
0.0504734	17
0.0504838	17
0.0504842	17
0.0504891	17
0.0504928	17
0.050495	17
0.0504979	17
0.0505027	17
0.0505197	17
0.0505342	17
0.0505348	17
0.050574	17
0.0538914	17
0.0538915	17
0.0538916	17
0.053892	17
0.053892	17
0.0538924	17
0.0538927	17
0.0538934	17
0.0538936	17
0.0538937	17
0.0538938	17
0.0538942	17
0.0538965	17
0.0538972	17
0.0538984	17
0.0538986	17
0.0538989	17
0.0538993	17
0.0539009	17
0.0539013	17
0.0539037	17
0.0539053	17
0.0539072	17
0.0539093	17
0.0539104	17
0.0539104	17
0.0539183	17
0.0539194	17
0.0539213	17
0.053925	17
0.0539261	17
0.0539276	17
0.0539281	17
0.0539355	17
0.0539359	17
0.0539385	17
0.0539526	17
0.0539586	17
0.0539657	17
0.0539729	17
0.0539737	17
0.0539753	17
0.0539756	17
0.0539757	17
0.0539805	17
0.0539859	17
0.0539928	17
0.0540084	17
0.0540176	17
0.0540274	17
0.0540309	17
0.0540459	17
0.0540611	17
0.0540671	17
0.0540698	17
0.0540698	17
0.0540734	17
0.0540846	17
0.0540907	17
0.0541097	17
0.0541264	17
0.0541363	17
0.0541434	17
0.0542337	17
0.0542424	17
0.05427	17
0.0542864	17
0.0543013	17
0.0543196	17
0.0543207	17
0.0543935	17
0.0544175	17
0.0544501	17
0.0544525	17
0.054455	17
0.0545295	17
0.0546108	17
0.0546224	17
0.0546603	17
0.0547084	17
0.0547804	17
0.0548914	17
0.0549498	17
0.0550389	17
0.0550982	17
0.0551097	17
0.0551431	17
0.0551991	17
0.0552052	17
0.0553428	17
0.0558678	17
0.0558682	17
0.0559691	17
0.0560463	17
0.0561498	17
0.0561921	17
0.0568241	17
0.0568241	17
0.0568371	17
0.058314	17
0.0584249	17
0.0591322	17
0.0591328	17
0.0591372	17
0.0591377	17
0.0591404	17
0.0591432	17
0.0591496	17
0.0591548	17
0.05916	17
0.0591647	17
0.0591656	17
0.059175	17
0.0591828	17
0.0592283	17
0.060245	17
0.0602679	17
0.0602732	17
0.0602827	17
0.0603312	17
0.0606952	17
0.0607231	17
0.0607239	17
0.0607399	17
0.0621229	17
0.0621231	17
0.0621234	17
0.062124	17
0.0621242	17
0.0621248	17
0.0621259	17
0.062126	17
0.0621266	17
0.0621271	17
0.0621276	17
0.0621278	17
0.0621278	17
0.0621291	17
0.0621297	17
0.0621318	17
0.0621321	17
0.0621321	17
0.0621363	17
0.0621363	17
0.0621364	17
0.0621367	17
0.0621369	17
0.0621372	17
0.0621375	17
0.0621387	17
0.0621394	17
0.06214	17
0.0621402	17
0.0621425	17
0.062144	17
0.0621461	17
0.0621462	17
0.062147	17
0.0621484	17
0.0621502	17
0.0621502	17
0.0621517	17
0.0621696	17
0.0621705	17
0.0621711	17
0.0621745	17
0.062184	17
0.0621844	17
0.0621884	17
0.062197	17
0.0622422	17
0.0623351	17
0.062349	17
0.0623491	17
0.064922	17
0.064926	17
0.0649405	17
0.0651972	17
0.0652048	17
0.0682269	17
0.0682457	17
0.0682698	17
0.0686587	17
0.0686645	17
0.0686651	17
0.0686822	17
0.068979	17
0.0689799	17
0.0690053	17
0.0694456	17
0.0694487	17
0.0694511	17
0.0694586	17
0.0694679	17
0.0710585	17
0.0710672	17
0.0710742	17
0.0711802	17
0.0725399	17
0.0725447	17
0.0725521	17
0.07256	17
0.0734774	17
0.0734778	17
0.0734778	17
0.073518	17
0.0746268	17
0.0746346	17
0.0746402	17
0.0748157	17
0.0751125	17
0.0751159	17
0.0751335	17
0.0751538	17
0.0751581	17
0.0751601	17
0.0751644	17
0.0752104	17
0.0752137	17
0.0753159	17
0.0759216	17
0.0759222	17
0.0759226	17
0.0759244	17
0.0759253	17
0.0759658	17
0.075968	17
0.0759735	17
0.0759915	17
0.0760085	17
0.0760086	17
0.0838083	17
0.0838101	17
0.0838121	17
0.0838127	17
0.0838243	17
0.0838862	17
0.0843416	17
0.0843498	17
0.0843652	17
0.0857958	17
0.0857977	17
0.0859905	17
0.0859926	17
0.0861281	17
0.0864679	17
0.0864714	17
0.0865767	17
0.0867107	17
0.0867889	17
0.0867937	17
0.0871643	17
0.0871769	17
0.0871881	17
0.0875597	17
0.0894878	17
0.0895219	17
0.0895225	17
0.0897195	17
0.0897288	17
0.0897356	17
0.0906644	17
0.0906773	17
0.0906799	17
0.0907855	17
0.0921615	17
0.0940134	17
0.0940188	17
0.0940243	17
0.0956194	17
0.0956211	17
0.0962888	17
0.0962901	17
0.0962999	17
0.096303	17
0.09632	17
0.0963245	17
0.097613	17
0.0976632	17
0.0976657	17
0.0980957	17
0.099394	17
0.099463	17
0.0994666	17
0.101446	17
0.101446	17
0.101447	17
0.101535	17
0.108393	17
0.108393	17
0.108394	17
0.108413	17
0.108414	17
0.10842	17
0.108422	17
0.108453	17
0.108457	17
0.108501	17
0.108778	17
0.108926	17
0.108957	17
0.109001	17
0.110516	17
0.110561	17
0.110563	17
0.111029	17
0.111066	17
0.111066	17
0.113059	17
0.113432	17
0.113482	17
0.113486	17
0.115122	17
0.115191	17
0.115236	17
0.115783	17
0.115784	17
0.115785	17
0.116242	17
0.116243	17
0.116246	17
0.117653	17
0.117655	17
0.117675	17
0.117768	17
0.117768	17
0.118404	17
0.118506	17
0.118509	17
0.120749	17
0.120755	17
0.120799	17
0.120802	17
0.125116	17
0.125117	17
0.125121	17
0.125124	17
0.126942	17
0.126957	17
0.126981	17
0.12896	17
0.132731	17
0.132746	17
0.134637	17
0.134638	17
0.134643	17
0.139797	17
0.139835	17
0.139836	17
0.14211	17
0.142886	17
0.142887	17
0.142913	17
0.142914	17
0.142926	17
0.142929	17
0.14293	17
0.143276	17
0.143276	17
0.14329	17
0.143344	17
0.143351	17
0.143363	17
0.148209	17
0.148209	17
0.14821	17
0.14821	17
0.149643	17
0.14969	17
0.14969	17
0.155734	17
0.15574	17
0.155742	17
0.157231	17
0.157243	17
0.157246	17
0.159611	17
0.159653	17
0.159654	17
0.160249	17
0.160355	17
0.160356	17
0.162972	17
0.162973	17
0.162973	17
0.16298	17
0.168333	17
0.168334	17
0.168348	17
0.168354	17
0.177105	17
0.177111	17
0.177113	17
0.177129	17
0.17713	17
0.17718	17
0.177284	17
0.177286	17
0.179487	17
0.179491	17
0.179582	17
0.179584	17
0.181373	17
0.181373	17
0.181467	17
0.181475	17
0.181594	17
0.181628	17
0.181635	17
0.183165	17
0.183249	17
0.183268	17
0.183269	17
0.183275	17
0.183276	17
0.188432	17
0.188555	17
0.188556	17
0.188664	17
0.188737	17
0.188745	17
0.190579	17
0.190698	17
0.190699	17
0.199275	17
0.201096	17
0.201161	17
0.201163	17
0.20182	17
0.201842	17
0.201893	17
0.201908	17
0.206576	17
0.206576	17
0.206577	17
0.20664	17
0.20665	17
0.208258	17
0.208292	17
0.208301	17
0.20917	17
0.209288	17
0.209302	17
0.209327	17
0.209334	17
0.209963	17
0.20997	17
0.209981	17
0.211965	17
0.211972	17
0.213864	17
0.213874	17
0.213874	17
0.215474	17
0.215481	17
0.215482	17
0.216905	17
0.216912	17
0.216913	17
0.217606	17
0.217657	17
0.217657	17
0.221009	17
0.221013	17
0.221015	17
0.223134	17
0.223669	17
0.223741	17
0.223744	17
0.224279	17
0.22428	17
0.224281	17
0.224578	17
0.224621	17
0.224749	17
0.224749	17
0.226135	17
0.226144	17
0.226148	17
0.227044	17
0.227065	17
0.227076	17
0.227077	17
0.231268	17
0.231273	17
0.237376	17
0.238418	17
0.238435	17
0.238436	17
0.242043	17
0.242058	17
0.24206	17
0.242091	17
0.242097	17
0.242108	17
0.243437	17
0.243438	17
0.243447	17
0.243448	17
0.245498	17
0.245499	17
0.245571	17
0.24879	17
0.250695	17
0.250709	17
0.250711	17
0.256053	17
0.256054	17
0.256077	17
0.256078	17
0.25611	17
0.256291	17
0.256379	17
0.256381	17
0.258329	17
0.258338	17
0.258338	17
0.25982	17
0.259821	17
0.259822	17
0.274287	17
0.274287	17
0.274288	17
0.274309	17
0.274317	17
0.274323	17
0.274351	17
0.274373	17
0.27875	17
0.278775	17
0.278778	17
0.280252	17
0.28027	17
0.280302	17
0.280643	17
0.285173	17
0.285178	17
0.285186	17
0.285259	17
0.28526	17
0.292386	17
0.292386	17
0.292435	17
0.292435	17
0.296762	17
0.296822	17
0.296823	17
0.297043	17
0.29705	17
0.297057	17
0.297184	17
0.297777	17
0.297778	17
0.297804	17
0.298078	17
0.298082	17
0.298127	17
0.302413	17
0.30242	17
0.302445	17
0.306757	17
0.306758	17
0.306758	17
0.306759	17
0.30678	17
0.30678	17
0.318912	17
0.318912	17
0.318913	17
0.318913	17
0.31892	17
0.31892	17
0.328934	17
0.328934	17
0.328935	17
0.329	17
0.329001	17
0.330479	17
0.331897	17
0.331912	17
0.331954	17
0.346688	17
0.346688	17
0.346688	17
0.346688	17
0.346737	17
0.34681	17
0.34929	17
0.349291	17
0.349296	17
0.349304	17
0.351895	17
0.352062	17
0.352065	17
0.352177	17
0.352195	17
0.352196	17
0.353081	17
0.353131	17
0.353131	17
0.353179	17
0.353196	17
0.353587	17
0.354855	17
0.354883	17
0.362165	17
0.362166	17
0.362185	17
0.362185	17
0.368088	17
0.368124	17
0.368125	17
0.378913	17
0.378913	17
0.378914	17
0.378915	17
0.378925	17
0.378926	17
0.378929	17
0.378929	17
0.379548	17
0.379599	17
0.379613	17
0.379675	17
0.37974	17
0.379751	17
0.380893	17
0.380921	17
0.380926	17
0.390904	17
0.39094	17
0.39109	17
0.391169	17
0.393018	17
0.393435	17
0.395203	17
0.395233	17
0.395238	17
0.398692	17
0.398738	17
0.398739	17
0.402334	17
0.402412	17
0.402413	17
0.404389	17
0.404416	17
0.404418	17
0.404482	17
0.404556	17
0.404557	17
0.410921	17
0.410921	17
0.410926	17
0.410948	17
0.410952	17
0.410963	17
0.410966	17
0.411024	17
0.413619	17
0.41362	17
0.41363	17
0.415058	17
0.417044	17
0.420882	17
0.420919	17
0.420987	17
0.421013	17
0.427618	17
0.42924	17
0.43656	17
0.436569	17
0.436637	17
0.436637	17
0.437333	17
0.4374	17
0.437404	17
0.439474	17
0.439506	17
0.439507	17
0.439509	17
0.439544	17
0.43955	17
0.440428	17
0.440458	17
0.440463	17
0.440688	17
0.440714	17
0.440741	17
0.440742	17
0.444005	17
0.44408	17
0.444088	17
0.444094	17
0.444122	17
0.444207	17
0.444209	17
0.445903	17
0.445905	17
0.450518	17
0.45143	17
0.451441	17
0.451442	17
0.451479	17
0.451479	17
0.454083	17
0.454119	17
0.454149	17
0.454149	17
0.456023	17
0.456073	17
0.456083	17
0.45609	17
0.464367	17
0.464408	17
0.464429	17
0.464437	17
0.46593	17
0.466034	17
0.466044	17
0.47319	17
0.473199	17
0.473217	17
0.473218	17
0.473227	17
0.473278	17
0.473281	17
0.473568	17
0.473575	17
0.474958	17
0.47522	17
0.475223	17
0.475228	17
0.475232	17
0.475244	17
0.475383	17
0.475387	17
0.477305	17
0.477332	17
0.477332	17
0.478616	17
0.47862	17
0.478621	17
0.478907	17
0.478946	17
0.478979	17
0.478983	17
0.479131	17
0.479194	17
0.4792	17
0.481606	17
0.481647	17
0.48171	17
0.481725	17
0.482855	17
0.485484	17
0.485729	17
0.48573	17
0.485782	17
0.485783	17
0.495328	17
0.495328	17
0.495329	17
0.498163	17
0.498165	17
0.498178	17
0.505181	17
0.514469	17
0.514479	17
0.51448	17
0.5145	17
0.516654	17
0.516655	17
0.516657	17
0.516703	17
0.516704	17
0.516708	17
0.51673	17
0.521724	17
0.522232	17
0.522235	17
0.522237	17
0.522469	17
0.522599	17
0.5226	17
0.527989	17
0.528023	17
0.528052	17
0.528055	17
0.530859	17
0.530987	17
0.530988	17
0.533024	17
0.533026	17
0.533029	17
0.533092	17
0.533095	17
0.533127	17
0.533655	17
0.534858	17
0.534971	17
0.536451	17
0.536453	17
0.537192	17
0.537224	17
0.537224	17
0.537249	17
0.537265	17
0.539132	17
0.539158	17
0.539163	17
0.539286	17
0.544129	17
0.544131	17
0.558012	17
0.558727	17
0.558728	17
0.558743	17
0.558748	17
0.558775	17
0.558775	17
0.558816	17
0.568877	17
0.56888	17
0.570193	17
0.570304	17
0.570368	17
0.570368	17
0.577413	17
0.577508	17
0.582739	17
0.582754	17
0.582856	17
0.582858	17
0.582884	17
0.582884	17
0.582933	17
0.58294	17
0.582941	17
0.58459	17
0.58461	17
0.584611	17
0.587447	17
0.588482	17
0.588561	17
0.588622	17
0.588632	17
0.588635	17
0.593044	17
0.593046	17
0.593065	17
0.593101	17
0.593106	17
0.593126	17
0.597687	17
0.597692	17
0.597696	17
0.605281	17
0.617218	17
0.617355	17
0.617394	17
0.643748	17
0.643749	17
0.643749	17
0.643752	17
0.644743	17
0.644769	17
0.644769	17
0.644866	17
0.644905	17
0.645391	17
0.645476	17
0.645477	17
0.656501	17
0.656513	17
0.656515	17
0.656543	17
0.656565	17
0.656568	17
0.656648	17
0.658452	17
0.658469	17
0.658471	17
0.666177	17
0.666177	17
0.666294	17
0.667142	17
0.66719	17
0.667255	17
0.667407	17
0.667496	17
0.66751	17
0.66752	17
0.667591	17
0.667592	17
0.671883	17
0.674738	17
0.674792	17
0.674854	17
0.674855	17
0.676715	17
0.676737	17
0.676754	17
0.676755	17
0.681076	17
0.681205	17
0.681205	17
0.681634	17
0.681651	17
0.684838	17
0.684838	17
0.684844	17
0.690529	17
0.690603	17
0.690603	17
0.69063	17
0.69285	17
0.692866	17
0.692866	17
0.692991	17
0.695696	17
0.695698	17
0.695801	17
0.697471	17
0.697477	17
0.697536	17
0.699052	17
0.699054	17
0.699121	17
0.699211	17
0.699212	17
0.70187	17
0.701888	17
0.702059	17
0.70206	17
0.702318	17
0.702328	17
0.702344	17
0.702347	17
0.704943	17
0.704964	17
0.704967	17
0.712141	17
0.712174	17
0.712177	17
0.716512	17
0.716513	17
0.716513	17
0.716556	17
0.716559	17
0.722903	17
0.722904	17
0.722932	17
0.722933	17
0.728191	17
0.728254	17
0.728376	17
0.728378	17
0.739598	17
0.739598	17
0.739598	17
0.739612	17
0.739612	17
0.742934	17
0.74295	17
0.742984	17
0.742986	17
0.744634	17
0.744643	17
0.744643	17
0.745675	17
0.747438	17
0.747443	17
0.747483	17
0.747487	17
0.766	17
0.766001	17
0.766008	17
0.766009	17
0.769212	17
0.769247	17
0.769248	17
0.771378	17
0.771379	17
0.780849	17
0.780891	17
0.780892	17
0.780914	17
0.780916	17
0.781788	17
0.781852	17
0.781859	17
0.781862	17
0.782736	17
0.782931	17
0.782932	17
0.78531	17
0.785366	17
0.785371	17
0.786932	17
0.787055	17
0.787075	17
0.788525	17
0.788543	17
0.788543	17
0.792337	17
0.792358	17
0.792379	17
0.792379	17
0.794604	17
0.797603	17
0.797629	17
0.802112	17
0.802113	17
0.802133	17
0.802134	17
0.805516	17
0.805522	17
0.805522	17
0.805771	17
0.805867	17
0.805868	17
0.809875	17
0.809891	17
0.809892	17
0.809921	17
0.809921	17
0.82607	17
0.826127	17
0.826129	17
0.828909	17
0.828955	17
0.828956	17
0.837191	17
0.837195	17
0.837316	17
0.837318	17
0.837333	17
0.837374	17
0.837378	17
0.842621	17
0.848421	17
0.848438	17
0.84844	17
0.848447	17
0.848477	17
0.850361	17
0.850407	17
0.850417	17
0.854556	17
0.8546	17
0.854601	17
0.854642	17
0.854646	17
0.863102	17
0.866023	17
0.866043	17
0.866046	17
0.866046	17
0.866061	17
0.866061	17
0.866138	17
0.866144	17
0.867456	17
0.867503	17
0.867619	17
0.867621	17
0.870106	17
0.870107	17
0.87011	17
0.873336	17
0.87336	17
0.87337	17
0.875039	17
0.875041	17
0.875048	17
0.878818	17
0.878863	17
0.878864	17
0.884301	17
0.884307	17
0.884309	17
0.89507	17
0.8951	17
0.8951	17
0.895156	17
0.895157	17
0.895214	17
0.895351	17
0.895368	17
0.906183	17
0.906183	17
0.906185	17
0.907375	17
0.90743	17
0.907431	17
0.907559	17
0.907595	17
0.909686	17
0.909693	17
0.909724	17
0.917372	17
0.918303	17
0.918318	17
0.91836	17
0.918404	17
0.918774	17
0.930612	17
0.93063	17
0.930682	17
0.930721	17
0.930723	17
0.930809	17
0.930846	17
0.930925	17
0.931034	17
0.931128	17
0.93209	17
0.934115	17
0.934124	17
0.934226	17
0.934571	17
0.936297	17
0.937406	17
0.937452	17
0.937629	17
0.942441	17
0.942484	17
0.942484	17
0.946159	17
0.946184	17
0.946187	17
0.949871	17
0.949975	17
0.949976	17
0.954359	17
0.95442	17
0.954422	17
0.959441	17
0.959502	17
0.959502	17
0.95952	17
0.95952	17
0.972644	17
0.972645	17
0.972684	17
0.972691	17
0.976433	17
0.976446	17
0.976447	17
0.97645	17
0.976478	17
0.97648	17
0.976592	17
0.976592	17
0.976604	17
0.982732	17
0.982734	17
0.982738	17
0.982806	17
0.986007	17
0.98601	17
0.986027	17
0.994687	17
0.994689	17
0.994697	17
0.99714	17
0.997151	17
0.997155	17
1.00605	17
1.00605	17
1.00606	17
1.00607	17
1.00611	17
1.01496	17
1.01496	17
1.01496	17
1.01783	17
1.01797	17
1.01798	17
1.01948	17
1.01953	17
1.01954	17
1.02035	17
1.02035	17
1.02037	17
1.02037	17
1.02045	17
1.02696	17
1.02696	17
1.02699	17
1.03149	17
1.0315	17
1.03161	17
1.03601	17
1.03601	17
1.03609	17
1.04253	17
1.04253	17
1.04253	17
1.04261	17
1.04334	17
1.04336	17
1.04355	17
1.04621	17
1.04623	17
1.04623	17
1.05703	17
1.05703	17
1.05704	17
1.06381	17
1.06381	17
1.06382	17
1.07189	17
1.07189	17
1.0719	17
1.07191	17
1.0746	17
1.07461	17
1.07461	17
1.07996	17
1.08011	17
1.08012	17
1.08302	17
1.08305	17
1.08305	17
1.08308	17
1.08331	17
1.09098	17
1.09098	17
1.09098	17
1.1021	17
1.10814	17
1.10815	17
1.10873	17
1.10873	17
1.10873	17
1.10874	17
1.10874	17
1.10874	17
1.10876	17
1.11011	17
1.11038	17
1.11038	17
1.11485	17
1.1149	17
1.11493	17
1.11494	17
1.11795	17
1.12925	17
1.12934	17
1.12934	17
1.12951	17
1.12951	17
1.13188	17
1.13193	17
1.13196	17
1.14067	17
1.14068	17
1.14072	17
1.14182	17
1.14183	17
1.14183	17
1.14184	17
1.14196	17
1.14196	17
1.14388	17
1.15137	17
1.15137	17
1.15139	17
1.15442	17
1.15443	17
1.15449	17
1.15449	17
1.15602	17
1.15602	17
1.15603	17
1.15603	17
1.15704	17
1.15709	17
1.1571	17
1.1571	17
1.16249	17
1.16249	17
1.16252	17
1.16252	17
1.16787	17
1.16789	17
1.16789	17
1.18326	17
1.18326	17
1.18342	17
1.18342	17
1.18574	17
1.18589	17
1.18589	17
1.19045	17
1.19045	17
1.19054	17
1.19054	17
1.19776	17
1.19794	17
1.20021	17
1.20023	17
1.20026	17
1.2139	17
1.2139	17
1.21391	17
1.21397	17
1.2161	17
1.21611	17
1.21612	17
1.21615	17
1.21615	17
1.21659	17
1.21661	17
1.21665	17
1.21666	17
1.21671	17
1.21673	17
1.21673	17
1.22561	17
1.22562	17
1.22563	17
1.22649	17
1.22654	17
1.22656	17
1.22656	17
1.22942	17
1.22943	17
1.22944	17
1.23923	17
1.23923	17
1.23936	17
1.23937	17
1.24041	17
1.24247	17
1.24253	17
1.24256	17
1.24257	17
1.24367	17
1.24372	17
1.24372	17
1.2522	17
1.2522	17
1.2522	17
1.25228	17
1.25229	17
1.25313	17
1.25316	17
1.25316	17
1.26166	17
1.2617	17
1.26458	17
1.26458	17
1.26461	17
1.26723	17
1.26724	17
1.26729	17
1.26734	17
1.26734	17
1.27379	17
1.27792	17
1.27793	17
1.27799	17
1.278	17
1.28596	17
1.28601	17
1.28601	17
1.28654	17
1.2866	17
1.2866	17
1.29342	17
1.29379	17
1.2938	17
1.31399	17
1.31399	17
1.31399	17
1.31401	17
1.31401	17
1.31914	17
1.31915	17
1.31929	17
1.31929	17
1.32098	17
1.32103	17
1.32103	17
1.3238	17
1.3238	17
1.3239	17
1.3239	17
1.32805	17
1.32818	17
1.32818	17
1.3342	17
1.34732	17
1.34732	17
1.34735	17
1.34738	17
1.34738	17
1.34817	17
1.34817	17
1.34817	17
1.34994	17
1.35084	17
1.35086	17
1.35091	17
1.35091	17
1.35454	17
1.35494	17
1.35494	17
1.36543	17
1.36544	17
1.36548	17
1.36693	17
1.36693	17
1.36695	17
1.36696	17
1.36696	17
1.3745	17
1.37452	17
1.37452	17
1.37576	17
1.37582	17
1.37583	17
1.37583	17
1.37857	17
1.38347	17
1.38349	17
1.39005	17
1.39005	17
1.39012	17
1.39019	17
1.39019	17
1.39245	17
1.39251	17
1.39251	17
1.39439	17
1.39439	17
1.3944	17
1.3944	17
1.39619	17
1.3962	17
1.39622	17
1.39623	17
1.39692	17
1.39694	17
1.39694	17
1.39709	17
1.39745	17
1.39745	17
1.40059	17
1.40071	17
1.40071	17
1.40168	17
1.40175	17
1.40175	17
1.40293	17
1.40296	17
1.40296	17
1.40504	17
1.40509	17
1.40509	17
1.40753	17
1.40755	17
1.40761	17
1.40761	17
1.41022	17
1.41023	17
1.41024	17
1.4174	17
1.4174	17
1.41742	17
1.41743	17
1.42664	17
1.42664	17
1.42665	17
1.42666	17
1.4333	17
1.4333	17
1.43336	17
1.43336	17
1.43735	17
1.43737	17
1.43737	17
1.44075	17
1.45229	17
1.4523	17
1.45234	17
1.45234	17
1.45234	17
1.45234	17
1.45828	17
1.46947	17
1.46951	17
1.46951	17
1.4785	17
1.47854	17
1.47854	17
1.47862	17
1.47862	17
1.48166	17
1.48179	17
1.48179	17
1.48508	17
1.48509	17
1.48509	17
1.48689	17
1.48907	17
1.48913	17
1.49891	17
1.49895	17
1.49895	17
1.50548	17
1.50548	17
1.50548	17
1.50555	17
1.50555	17
1.50574	17
1.50713	17
1.50883	17
1.50883	17
1.5089	17
1.50891	17
1.50891	17
1.51415	17
1.51554	17
1.51558	17
1.51558	17
1.51569	17
1.51569	17
1.52054	17
1.5206	17
1.5206	17
1.52418	17
1.53141	17
1.53146	17
1.53163	17
1.53164	17
1.54683	17
1.54684	17
1.54685	17
1.54895	17
1.54902	17
1.54902	17
1.54903	17
1.55022	17
1.55026	17
1.55027	17
1.55075	17
1.55085	17
1.55085	17
1.55214	17
1.55257	17
1.55264	17
1.56273	17
1.56273	17
1.56275	17
1.56275	17
1.56275	17
1.56275	17
1.5628	17
1.56289	17
1.56289	17
1.5635	17
1.56354	17
1.56355	17
1.56733	17
1.56741	17
1.56741	17
1.57055	17
1.57065	17
1.57065	17
1.57448	17
1.57454	17
1.57455	17
1.57919	17
1.57922	17
1.57922	17
1.57923	17
1.58319	17
1.58332	17
1.58333	17
1.58651	17
1.58652	17
1.58657	17
1.58658	17
1.58787	17
1.58809	17
1.5899	17
1.59176	17
1.59762	17
1.63038	17
1.63039	17
1.63039	17
1.63042	17
1.63043	17
1.63049	17
1.6305	17
1.63062	17
1.63062	17
1.63672	17
1.63682	17
1.63682	17
1.63856	17
1.63859	17
1.63859	17
1.63859	17
1.6386	17
1.64128	17
1.64128	17
1.64128	17
1.64129	17
1.64276	17
1.64279	17
1.64279	17
1.64411	17
1.64419	17
1.64419	17
1.6449	17
1.64495	17
1.64495	17
1.65409	17
1.65417	17
1.65418	17
1.6555	17
1.65551	17
1.65554	17
1.65554	17
1.66504	17
1.66504	17
1.66504	17
1.67301	17
1.67301	17
1.67318	17
1.67319	17
1.67897	17
1.67899	17
1.67899	17
1.68059	17
1.68077	17
1.68077	17
1.68191	17
1.68191	17
1.68199	17
1.68199	17
1.68203	17
1.68204	17
1.68276	17
1.68278	17
1.68278	17
1.68454	17
1.68465	17
1.68468	17
1.71206	17
1.71206	17
1.71207	17
1.71208	17
1.71211	17
1.71211	17
1.71578	17
1.71592	17
1.71593	17
1.72348	17
1.7235	17
1.7235	17
1.73031	17
1.73046	17
1.7305	17
1.73051	17
1.73414	17
1.7342	17
1.7342	17
1.73831	17
1.73832	17
1.73833	17
1.73854	17
1.73855	17
1.74788	17
1.74798	17
1.74798	17
1.74984	17
1.7524	17
1.75249	17
1.76655	17
1.76663	17
1.76663	17
1.76842	17
1.76843	17
1.76843	17
1.7685	17
1.7685	17
1.76886	17
1.76886	17
1.77518	17
1.77531	17
1.77531	17
1.78033	17
1.78037	17
1.78038	17
1.78047	17
1.78052	17
1.78059	17
1.78059	17
1.78184	17
1.78194	17
1.78194	17
1.79058	17
1.79058	17
1.7906	17
1.7906	17
1.79622	17
1.81052	17
1.81065	17
1.81378	17
1.81378	17
1.81378	17
1.81391	17
1.81392	17
1.82771	17
1.8278	17
1.82783	17
1.83633	17
1.83633	17
1.83638	17
1.83639	17
1.83873	17
1.83876	17
1.8388	17
1.84217	17
1.84233	17
1.84233	17
1.84681	17
1.84694	17
1.84694	17
1.85194	17
1.85194	17
1.85195	17
1.85897	17
1.85902	17
1.85903	17
1.85904	17
1.85905	17
1.86341	17
1.86355	17
1.86356	17
1.86603	17
1.86604	17
1.86609	17
1.87184	17
1.8777	17
1.87772	17
1.87772	17
1.88308	17
1.88318	17
1.88319	17
1.88882	17
1.88885	17
1.88885	17
1.88886	17
1.88886	17
1.88889	17
1.88889	17
1.89504	17
1.89512	17
1.89512	17
1.90025	17
1.90033	17
1.90034	17
1.9009	17
1.90106	17
1.90115	17
1.9028	17
1.90283	17
1.90286	17
1.92893	17
1.92894	17
1.92907	17
1.93118	17
1.93121	17
1.93122	17
1.95624	17
1.95625	17
1.95635	17
1.95652	17
1.96035	17
1.96036	17
1.97	17
1.97	17
1.97008	17
1.97176	17
1.97176	17
1.97176	17
1.97181	17
1.97181	17
1.97183	17
1.97819	17
1.97819	17
1.97851	17
1.98321	17
1.98424	17
1.98429	17
1.98429	17
1.98435	17
1.99396	17
1.99396	17
1.99398	17
1.99436	17
1.99437	17
1.99449	17
1.99835	17
1.99835	17
1.99835	17
2.01551	17
2.01551	17
2.01552	17
2.09586	17
2.09586	17
2.09586	17
2.09599	17
2.10717	17
2.10717	17
2.11006	17
2.11007	17
2.11008	17
2.14302	17
2.14303	17
2.14303	17
2.1431	17
2.1431	17
2.14316	17
2.14951	17
2.14951	17
2.14954	17
2.15107	17
2.16041	17
2.1605	17
2.1605	17
2.16128	17
2.16133	17
2.16133	17
2.16133	17
2.17266	17
2.17332	17
2.17377	17
2.17387	17
2.17393	17
2.17394	17
2.17957	17
2.17957	17
2.2177	17
2.2177	17
2.2177	17
2.21776	17
2.21776	17
2.22305	17
2.22306	17
2.22307	17
2.22314	17
2.25778	17
2.25778	17
2.2578	17
2.2578	17
2.27402	17
2.27549	17
2.27551	17
2.27551	17
2.28348	17
2.28354	17
2.28354	17
2.28359	17
2.29928	17
2.29928	17
2.29933	17
2.30615	17
2.30615	17
2.30623	17
2.30804	17
2.30804	17
2.3081	17
2.31519	17
2.31519	17
2.3152	17
2.31521	17
2.31525	17
2.32458	17
2.32458	17
2.3246	17
2.36552	17
2.36552	17
2.36552	17
2.36556	17
2.37596	17
2.38508	17
2.38509	17
2.3851	17
2.38514	17
2.38589	17
2.38592	17
2.38593	17
2.38593	17
2.38959	17
2.38959	17
2.3896	17
2.38964	17
2.3937	17
2.39371	17
2.39393	17
2.41506	17
2.41507	17
2.41507	17
2.41507	17
2.41511	17
2.41525	17
2.42468	17
2.42468	17
2.42469	17
2.42692	17
2.42699	17
2.427	17
2.44251	17
2.44261	17
2.44261	17
2.44831	17
2.44833	17
2.44833	17
2.4567	17
2.45673	17
2.45675	17
2.46092	17
2.46094	17
2.46094	17
2.461	17
2.46102	17
2.46104	17
2.4616	17
2.46161	17
2.46434	17
2.47397	17
2.47397	17
2.47397	17
2.4773	17
2.4773	17
2.4773	17
2.47811	17
2.47812	17
2.47818	17
2.48161	17
2.48161	17
2.48165	17
2.48383	17
2.48385	17
2.48402	17
2.48444	17
2.48444	17
2.48444	17
2.48451	17
2.50216	17
2.50217	17
2.5024	17
2.51544	17
2.51544	17
2.51545	17
2.51549	17
2.52618	17
2.52618	17
2.52626	17
2.53374	17
2.53376	17
2.53376	17
2.54082	17
2.56186	17
2.56187	17
2.56187	17
2.56187	17
2.56187	17
2.56338	17
2.56339	17
2.5637	17
2.56452	17
2.56452	17
2.56833	17
2.56844	17
2.56844	17
2.57622	17
2.57625	17
2.5763	17
2.57631	17
2.57674	17
2.57676	17
2.57676	17
2.59286	17
2.59291	17
2.59293	17
2.59523	17
2.59534	17
2.59535	17
2.60401	17
2.60412	17
2.60413	17
2.61583	17
2.61584	17
2.61585	17
2.61586	17
2.6159	17
2.61785	17
2.6179	17
2.6179	17
2.6179	17
2.61875	17
2.61875	17
2.61875	17
2.62463	17
2.62465	17
2.62466	17
2.63535	17
2.63535	17
2.63536	17
2.63536	17
2.64477	17
2.64479	17
2.67979	17
2.67979	17
2.6798	17
2.67981	17
2.67987	17
2.6812	17
2.6812	17
2.68127	17
2.68399	17
2.68399	17
2.684	17
2.70142	17
2.70143	17
2.70143	17
2.70144	17
2.71521	17
2.71521	17
2.71521	17
2.71522	17
2.72501	17
2.72502	17
2.72555	17
2.72556	17
2.72577	17
2.72578	17
2.74173	17
2.74178	17
2.74179	17
2.7418	17
2.74181	17
2.74182	17
2.74183	17
2.74966	17
2.74968	17
2.7497	17
2.74983	17
2.74983	17
2.74985	17
2.76726	17
2.76726	17
2.76729	17
2.7673	17
2.76733	17
2.76798	17
2.768	17
2.76804	17
2.77312	17
2.77312	17
2.77314	17
2.78366	17
2.78366	17
2.78367	17
2.78367	17
2.79896	17
2.79897	17
2.80964	17
2.80964	17
2.80964	17
2.80965	17
2.80969	17
2.8202	17
2.8202	17
2.82022	17
2.82024	17
2.83008	17
2.83008	17
2.83278	17
2.83279	17
2.83282	17
2.83283	17
2.8359	17
2.83592	17
2.83592	17
2.84318	17
2.84319	17
2.84319	17
2.84322	17
2.84839	17
2.87295	17
2.87295	17
2.87295	17
2.88049	17
2.88049	17
2.88059	17
2.88061	17
2.88069	17
2.8824	17
2.88242	17
2.88245	17
2.88485	17
2.88926	17
2.88927	17
2.88927	17
2.8893	17
2.89962	17
2.89963	17
2.89967	17
2.89969	17
2.8997	17
2.89973	17
2.89973	17
2.91677	17
2.91679	17
2.9168	17
2.92634	17
2.92634	17
2.92636	17
2.92639	17
2.92776	17
2.92776	17
2.92777	17
2.94519	17
2.94524	17
2.94537	17
2.95119	17
2.95127	17
2.95129	17
2.96283	17
2.96286	17
2.96286	17
2.96639	17
2.96641	17
2.9665	17
2.96834	17
2.96841	17
2.96845	17
2.96854	17
2.96854	17
2.97278	17
2.97287	17
2.97289	17
2.9772	17
2.97725	17
2.97732	17
2.97739	17
2.97933	17
2.97935	17
2.97935	17
2.98009	17
2.98015	17
2.98086	17
2.98087	17
2.98087	17
2.98088	17
2.98088	17
2.98269	17
2.98272	17
2.98275	17
2.98275	17
2.99865	17
2.99873	17
2.99873	17
3.00167	17
3.00177	17
3.00185	17
3.00185	17
3.00881	17
3.00893	17
3.01052	17
3.01096	17
3.04239	17
3.0424	17
3.04276	17
3.04276	17
3.04276	17
3.04276	17
3.04276	17
3.04276	17
3.06519	17
3.07105	17
3.07106	17
3.07118	17
3.07813	17
3.07813	17
3.07814	17
3.07816	17
3.07816	17
3.08003	17
3.08006	17
3.08006	17
3.08466	17
3.09367	17
3.09371	17
3.09375	17
3.10502	17
3.10502	17
3.10504	17
3.10509	17
3.10509	17
3.10573	17
3.10575	17
3.10576	17
3.10577	17
3.11015	17
3.11019	17
3.11025	17
3.11025	17
3.13332	17
3.13338	17
3.13339	17
3.13339	17
3.14805	17
3.14805	17
3.14805	17
3.14806	17
3.14983	17
3.14991	17
3.14991	17
3.15758	17
3.1576	17
3.1576	17
3.16285	17
3.16287	17
3.16288	17
3.17049	17
3.17049	17
3.17049	17
3.17221	17
3.17228	17
3.17228	17
3.17268	17
3.17287	17
3.17287	17
3.18328	17
3.20373	17
3.20375	17
3.20376	17
3.20379	17
3.2038	17
3.20478	17
3.20483	17
3.20494	17
3.20494	17
3.20541	17
3.20543	17
3.20543	17
3.2208	17
3.22084	17
3.22084	17
3.22728	17
3.22732	17
3.22737	17
3.22737	17
3.23036	17
3.23037	17
3.23037	17
3.23368	17
3.2337	17
3.2337	17
3.23843	17
3.23863	17
3.23863	17
3.2536	17
3.25363	17
3.25363	17
3.27858	17
3.27858	17
3.27879	17
3.27879	17
3.28379	17
3.28387	17
3.28387	17
3.28548	17
3.28552	17
3.28552	17
3.29137	17
3.29146	17
3.29147	17
3.30685	17
3.30685	17
3.30686	17
3.30711	17
3.30711	17
3.31052	17
3.31055	17
3.31055	17
3.31055	17
3.31319	17
3.33465	17
3.33466	17
3.33467	17
3.3347	17
3.33473	17
3.33473	17
3.33564	17
3.33566	17
3.33566	17
3.34783	17
3.34783	17
3.34783	17
3.36301	17
3.36301	17
3.36303	17
3.36303	17
3.39405	17
3.39412	17
3.39412	17
3.39773	17
3.39775	17
3.39775	17
3.40325	17
3.40329	17
3.40329	17
3.41512	17
3.41516	17
3.41516	17
3.42857	17
3.42858	17
3.42858	17
3.4288	17
3.43025	17
3.43025	17
3.43287	17
3.43288	17
3.43294	17
3.43843	17
3.43856	17
3.44419	17
3.44419	17
3.44421	17
3.44424	17
3.44424	17
3.45093	17
3.45109	17
3.45109	17
3.45112	17
3.46858	17
3.4686	17
3.46861	17
3.46861	17
3.48288	17
3.48291	17
3.48295	17
3.48295	17
3.48296	17
3.48306	17
3.48547	17
3.48548	17
3.48555	17
3.48586	17
3.48588	17
3.48588	17
3.48588	17
3.48589	17
3.4883	17
3.48834	17
3.48834	17
3.50056	17
3.50064	17
3.50065	17
3.50154	17
3.50159	17
3.50159	17
3.5038	17
3.53982	17
3.53982	17
3.5399	17
3.53992	17
3.53992	17
3.54778	17
3.54779	17
3.54779	17
3.54798	17
3.54799	17
3.54799	17
3.55986	17
3.55991	17
3.56008	17
3.56009	17
3.56097	17
3.56097	17
3.56102	17
3.56103	17
3.5612	17
3.56124	17
3.56126	17
3.56126	17
3.56369	17
3.56376	17
3.56376	17
3.57539	17
3.5754	17
3.5754	17
3.57718	17
3.57719	17
3.57719	17
3.58027	17
3.58029	17
3.5803	17
3.58246	17
3.58246	17
3.58246	17
3.58798	17
3.58801	17
3.58804	17
3.58804	17
3.59115	17
3.60384	17
3.60385	17
3.60921	17
3.60922	17
3.60924	17
3.60933	17
3.60934	17
3.61559	17
3.61576	17
3.61576	17
3.61749	17
3.61806	17
3.61813	17
3.61816	17
3.61817	17
3.61926	17
3.61928	17
3.61933	17
3.61933	17
3.6296	17
3.6296	17
3.6296	17
3.63249	17
3.63811	17
3.63816	17
3.63816	17
3.63817	17
3.67034	17
3.67037	17
3.67038	17
3.67038	17
3.67043	17
3.67043	17
3.67967	17
3.69844	17
3.69845	17
3.69852	17
3.71233	17
3.71234	17
3.71515	17
3.71519	17
3.71519	17
3.71521	17
3.71521	17
3.71522	17
3.73112	17
3.73433	17
3.73434	17
3.73434	17
3.73436	17
3.73436	17
3.74841	17
3.74841	17
3.74841	17
3.75109	17
3.75316	17
3.75319	17
3.79143	17
3.79143	17
3.79148	17
3.79168	17
3.79168	17
3.80527	17
3.80528	17
3.80528	17
3.80901	17
3.83193	17
3.83195	17
3.83204	17
3.83205	17
3.83443	17
3.83444	17
3.83446	17
3.83446	17
3.85041	17
3.85041	17
3.85052	17
3.85052	17
3.8556	17
3.85566	17
3.85566	17
3.85639	17
3.85642	17
3.85652	17
3.85653	17
3.85796	17
3.85799	17
3.85799	17
3.86232	17
3.86236	17
3.86241	17
3.86241	17
3.87589	17
3.8759	17
3.8759	17
3.87809	17
3.87811	17
3.87812	17
3.87812	17
3.89416	17
3.89419	17
3.89419	17
3.90819	17
3.90819	17
3.9082	17
3.9082	17
3.91301	17
3.91309	17
3.91309	17
3.93537	17
3.93538	17
3.93539	17
3.93547	17
3.93548	17
4.02165	17
4.02166	17
4.02168	17
4.02169	17
4.02448	17
4.02453	17
4.02454	17
4.02956	17
4.02963	17
4.02963	17
4.03226	17
4.04197	17
4.04202	17
4.04212	17
4.04212	17
4.04227	17
4.04229	17
4.04229	17
4.05165	17
4.05165	17
4.05166	17
4.05256	17
4.05268	17
4.05271	17
4.05271	17
4.06043	17
4.06045	17
4.06045	17
4.06796	17
4.06799	17
4.06799	17
4.07357	17
4.0736	17
4.07364	17
4.07365	17
4.07409	17
4.07429	17
4.0743	17
4.07711	17
4.07713	17
4.07713	17
4.0856	17
4.08584	17
4.08584	17
4.08813	17
4.08813	17
4.08816	17
4.08817	17
4.09511	17
4.09518	17
4.09518	17
4.09523	17
4.09873	17
4.09875	17
4.09884	17
4.09884	17
4.10022	17
4.1003	17
4.1003	17
4.10231	17
4.1025	17
4.1025	17
4.10652	17
4.10656	17
4.10656	17
4.11046	17
4.11046	17
4.11047	17
4.11615	17
4.11646	17
4.1165	17
4.11651	17
4.11651	17
4.134	17
4.13403	17
4.13403	17
4.14346	17
4.1435	17
4.14353	17
4.14353	17
4.1454	17
4.14552	17
4.14552	17
4.14951	17
4.14962	17
4.14963	17
4.15029	17
4.15033	17
4.1504	17
4.1504	17
4.1572	17
4.17897	17
4.17899	17
4.17899	17
4.17903	17
4.17904	17
4.1884	17
4.18842	17
4.18843	17
4.18964	17
4.1898	17
4.18981	17
4.19075	17
4.19083	17
4.19083	17
4.19826	17
4.19828	17
4.19831	17
4.19831	17
4.21324	17
4.21325	17
4.21325	17
4.21326	17
4.22802	17
4.25169	17
4.25169	17
4.2517	17
4.25176	17
4.25176	17
4.25228	17
4.26653	17
4.26654	17
4.26661	17
4.26662	17
4.27112	17
4.27119	17
4.2712	17
4.28041	17
4.28047	17
4.28049	17
4.28395	17
4.29017	17
4.29018	17
4.2902	17
4.29022	17
4.29022	17
4.29488	17
4.29497	17
4.29497	17
4.29682	17
4.29688	17
4.31226	17
4.31226	17
4.31227	17
4.31228	17
4.31237	17
4.31238	17
4.31294	17
4.313	17
4.31305	17
4.31305	17
4.31388	17
4.32339	17
4.32341	17
4.32342	17
4.32343	17
4.36368	17
4.36368	17
4.36511	17
4.36512	17
4.36512	17
4.36515	17
4.36515	17
4.36727	17
4.36731	17
4.36731	17
4.37544	17
4.37544	17
4.37545	17
4.37545	17
4.38446	17
4.38449	17
4.3845	17
4.38693	17
4.38704	17
4.38704	17
4.38961	17
4.38961	17
4.3897	17
4.3897	17
4.39361	17
4.39371	17
4.39371	17
4.39641	17
4.39644	17
4.39648	17
4.39648	17
4.41041	17
4.41043	17
4.41044	17
4.41045	17
4.44537	17
4.44538	17
4.44539	17
4.4454	17
4.4489	17
4.44891	17
4.44891	17
4.44903	17
4.44905	17
4.44906	17
4.45071	17
4.4511	17
4.45111	17
4.46254	17
4.46254	17
4.46257	17
4.46258	17
4.46977	17
4.4699	17
4.4699	17
4.47433	17
4.4744	17
4.4744	17
4.47846	17
4.47848	17
4.47856	17
4.47856	17
4.5086	17
4.5086	17
4.5086	17
4.5086	17
4.5169	17
4.52118	17
4.52118	17
4.52118	17
4.52127	17
4.52127	17
4.53199	17
4.53202	17
4.53205	17
4.53205	17
4.54808	17
4.54808	17
4.54809	17
4.54837	17
4.54838	17
4.54838	17
4.55046	17
4.55049	17
4.5505	17
4.5505	17
4.55166	17
4.55166	17
4.55166	17
4.56712	17
4.57389	17
4.60457	17
4.60457	17
4.60459	17
4.6046	17
4.6046	17
4.6046	17
4.62293	17
4.62297	17
4.62297	17
4.65282	17
4.65283	17
4.65283	17
4.65288	17
4.65288	17
4.66089	17
4.66092	17
4.66093	17
4.66094	17
4.66305	17
4.66309	17
4.66309	17
4.67334	17
4.6734	17
4.6734	17
4.67504	17
4.67508	17
4.6751	17
4.67636	17
4.67636	17
4.67638	17
4.67638	17
4.68293	17
4.69546	17
4.69546	17
4.72323	17
4.72324	17
4.72324	17
4.7233	17
4.72331	17
4.72931	17
4.72932	17
4.72933	17
4.72933	17
4.73573	17
4.74509	17
4.74511	17
4.74511	17
4.75319	17
4.75319	17
4.75322	17
4.75333	17
4.75333	17
4.75584	17
4.7559	17
4.75618	17
4.76147	17
4.76147	17
4.76147	17
4.76518	17
4.7652	17
4.7652	17
4.77519	17
4.7752	17
4.7752	17
4.77524	17
4.77524	17
4.78008	17
4.78011	17
4.78012	17
4.79875	17
4.79875	17
4.79877	17
4.79877	17
4.83294	17
4.85866	17
4.85868	17
4.85868	17
4.85875	17
4.85875	17
4.86453	17
4.86454	17
4.86454	17
4.87752	17
4.87753	17
4.87755	17
4.87756	17
4.88248	17
4.88256	17
4.88256	17
4.88262	17
4.88263	17
4.8891	17
4.8892	17
4.8892	17
4.89604	17
4.89605	17
4.89622	17
4.89622	17
4.90342	17
4.90345	17
4.90349	17
4.90349	17
4.93279	17
4.9328	17
4.9328	17
4.93281	17
4.9464	17
4.94645	17
4.94646	17
4.95821	17
4.95823	17
4.95823	17
4.95825	17
4.95825	17
4.95831	17
4.95834	17
4.95865	17
4.95867	17
4.96038	17
4.96046	17
4.96046	17
4.96414	17
4.9642	17
4.96424	17
4.96424	17
4.98196	17
4.98211	17
4.98212	17
4.98433	17
4.98435	17
4.98446	17
4.98446	17
4.99142	17
4.99145	17
4.99149	17
4.99149	17
4.99621	17
4.99622	17
4.99627	17
4.99627	17
4.99706	17
4.99709	17
4.9971	17
4.99996	17
5.00001	17
5.00002	17
5.00822	17
5.00833	17
5.00834	17
5.01911	17
5.01912	17
5.01922	17
5.01923	17
5.01974	17
5.01979	17
5.01986	17
5.01987	17
5.02338	17
5.02341	17
5.02344	17
5.02565	17
5.02574	17
5.02575	17
5.03186	17
5.03189	17
5.03189	17
5.03885	17
5.03886	17
5.03889	17
5.0389	17
5.03984	17
5.04003	17
5.04003	17
5.04063	17
5.04076	17
5.04083	17
5.04084	17
5.05258	17
5.05259	17
5.05259	17
5.06205	17
5.06206	17
5.06208	17
5.06887	17
5.06891	17
5.06892	17
5.0761	17
5.07611	17
5.07612	17
5.08411	17
5.08413	17
5.08414	17
5.08414	17
5.09468	17
5.09486	17
5.09488	17
5.10436	17
5.10446	17
5.10447	17
5.11247	17
5.1125	17
5.1125	17
5.1221	17
5.1221	17
5.12972	17
5.12973	17
5.12974	17
5.12974	17
5.12974	17
5.12974	17
5.133	17
5.13309	17
5.13309	17
5.13943	17
5.13946	17
5.13947	17
5.1398	17
5.13982	17
5.13982	17
5.1448	17
5.14483	17
5.14491	17
5.14491	17
5.15416	17
5.15421	17
5.15421	17
5.16102	17
5.16102	17
5.16102	17
5.16104	17
5.17192	17
5.17195	17
5.17196	17
5.17843	17
5.17844	17
5.17861	17
5.17861	17
5.17989	17
5.18193	17
5.18195	17
5.18206	17
5.18208	17
5.21972	17
5.21972	17
5.21976	17
5.21977	17
5.22653	17
5.22654	17
5.22655	17
5.22657	17
5.22718	17
5.22719	17
5.2272	17
5.23238	17
5.23238	17
5.23244	17
5.23244	17
5.23649	17
5.23657	17
5.23657	17
5.24045	17
5.24049	17
5.24049	17
5.24307	17
5.2432	17
5.24321	17
5.24369	17
5.2437	17
5.2437	17
5.25657	17
5.2566	17
5.25661	17
5.26404	17
5.2641	17
5.2641	17
5.26616	17
5.27126	17
5.27127	17
5.27129	17
5.27129	17
5.27162	17
5.27164	17
5.27166	17
5.27466	17
5.27468	17
5.27469	17
5.27472	17
5.28674	17
5.28987	17
5.28992	17
5.28998	17
5.29398	17
5.29402	17
5.29403	17
5.29403	17
5.29404	17
5.3024	17
5.30247	17
5.30248	17
5.30438	17
5.30443	17
5.30461	17
5.30462	17
5.31151	17
5.3132	17
5.31325	17
5.31334	17
5.31334	17
5.31753	17
5.31756	17
5.31763	17
5.31764	17
5.32497	17
5.32511	17
5.32515	17
5.33138	17
5.33139	17
5.33139	17
5.33325	17
5.33386	17
5.33392	17
5.33549	17
5.33554	17
5.33554	17
5.33558	17
5.33559	17
5.37159	17
5.37161	17
5.37162	17
5.37166	17
5.37166	17
5.381	17
5.38101	17
5.38101	17
5.38176	17
5.38178	17
5.38178	17
5.40302	17
5.40302	17
5.40305	17
5.40305	17
5.40483	17
5.4049	17
5.40491	17
5.40834	17
5.40841	17
5.40841	17
5.43258	17
5.43268	17
5.43268	17
5.43786	17
5.43787	17
5.43787	17
5.46641	17
5.46641	17
5.46642	17
5.46654	17
5.46655	17
5.46934	17
5.46942	17
5.46957	17
5.46957	17
5.47179	17
5.4718	17
5.47182	17
5.4784	17
5.47841	17
5.47844	17
5.47844	17
5.48166	17
5.4817	17
5.48171	17
5.48793	17
5.48799	17
5.48802	17
5.48802	17
5.4903	17
5.50911	17
5.50912	17
5.50915	17
5.50915	17
5.51345	17
5.51346	17
5.51353	17
5.51356	17
5.51522	17
5.51529	17
5.51529	17
5.52463	17
5.52469	17
5.5247	17
5.52472	17
5.53549	17
5.5355	17
5.5355	17
5.53551	17
5.53991	17
5.54833	17
5.54835	17
5.54835	17
5.54835	17
5.55369	17
5.55371	17
5.55778	17
5.55788	17
5.55788	17
5.55884	17
5.55885	17
5.56998	17
5.56998	17
5.57019	17
5.57019	17
5.57427	17
5.57434	17
5.57437	17
5.5744	17
5.59684	17
5.59684	17
5.59691	17
5.59692	17
5.61211	17
5.61285	17
5.61285	17
5.63607	17
5.63608	17
5.63631	17
5.63632	17
5.63833	17
5.63833	17
5.6384	17
5.6384	17
5.65951	17
5.65953	17
5.65953	17
5.68498	17
5.68498	17
5.68503	17
5.68504	17
5.6996	17
5.6996	17
5.6996	17
5.69962	17
5.70602	17
5.70605	17
5.70615	17
5.70618	17
5.70719	17
5.7072	17
5.70722	17
5.70834	17
5.70836	17
5.70839	17
5.70841	17
5.72628	17
5.72628	17
5.7263	17
5.72631	17
5.7287	17
5.7287	17
5.72871	17
5.73399	17
5.73948	17
5.7395	17
5.74496	17
5.74499	17
5.74503	17
5.74504	17
5.74511	17
5.74512	17
5.75301	17
5.75307	17
5.75307	17
5.78139	17
5.78139	17
5.78142	17
5.78143	17
5.78749	17
5.78757	17
5.78758	17
5.79186	17
5.79187	17
5.79187	17
5.79187	17
5.79889	17
5.79895	17
5.79896	17
5.80469	17
5.80469	17
5.80473	17
5.80475	17
5.83026	17
5.83027	17
5.83028	17
5.83028	17
5.83525	17
5.84426	17
5.84427	17
5.84427	17
5.84432	17
5.84432	17
5.85353	17
5.85354	17
5.85355	17
5.85941	17
5.85943	17
5.85944	17
5.87558	17
5.87558	17
5.87559	17
5.87561	17
5.88721	17
5.88721	17
5.88721	17
5.89135	17
5.89142	17
5.89149	17
5.89151	17
5.90558	17
5.90571	17
5.90571	17
5.90844	17
5.90854	17
5.90855	17
5.91569	17
5.91579	17
5.91579	17
5.92232	17
5.92236	17
5.92237	17
5.9425	17
5.94259	17
5.94261	17
6.71915	17
6.71916	17
6.71935	17
6.71948	17
6.71948	17
6.71972	17
6.71973	17
6.72051	17
6.72053	17
6.72354	17
6.72368	17
6.73096	17
6.73099	17
6.73099	17
6.73105	17
6.73106	17
6.74297	17
6.75277	17
6.75279	17
6.7528	17
6.75289	17
6.7529	17
6.75534	17
6.76676	17
6.76684	17
6.79235	17
6.79236	17
6.79237	17
6.7924	17
6.79241	17
6.793	17
6.79301	17
6.79302	17
6.79512	17
6.79514	17
6.79526	17
6.79528	17
6.80417	17
6.8042	17
6.80433	17
6.80442	17
6.8047	17
6.80471	17
6.80474	17
6.80475	17
6.8249	17
6.82491	17
6.82491	17
6.83938	17
6.83942	17
6.83942	17
6.8395	17
6.83951	17
6.83977	17
6.83981	17
6.83983	17
6.83985	17
6.85364	17
6.85365	17
6.85366	17
6.87125	17
6.87125	17
6.87129	17
6.87129	17
6.87142	17
6.87144	17
6.87145	17
6.8756	17
6.88505	17
6.9032	17
6.9032	17
6.90326	17
6.9144	17
6.9144	17
6.91441	17
6.91442	17
6.91444	17
6.92843	17
6.92844	17
6.92852	17
6.92852	17
6.93313	17
6.93313	17
6.93315	17
6.9332	17
6.93321	17
6.93326	17
6.9423	17
6.95711	17
6.95716	17
6.95716	17
6.95719	17
6.9572	17
6.95857	17
6.95858	17
6.95863	17
6.95864	17
6.96461	17
6.96461	17
6.96465	17
6.97629	17
6.9763	17
6.97631	17
6.98068	17
6.98077	17
6.9808	17
6.9808	17
6.98236	17
6.98239	17
6.9824	17
6.98367	17
6.99216	17
6.99219	17
6.99226	17
6.99226	17
7.00146	17
7.0015	17
7.00151	17
7.00155	17
7.00159	17
7.00781	17
7.00784	17
7.00785	17
7.01246	17
7.01256	17
7.01258	17
7.02702	17
7.02702	17
7.02706	17
7.02706	17
7.04068	17
7.04068	17
7.04073	17
7.04074	17
7.04523	17
7.04529	17
7.04541	17
7.04541	17
7.0594	17
7.05941	17
7.05943	17
7.06365	17
7.0637	17
7.0637	17
7.09437	17
7.09438	17
7.09438	17
7.09442	17
7.10565	17
7.10622	17
7.10625	17
7.10626	17
7.10627	17
7.10724	17
7.10724	17
7.10728	17
7.10734	17
7.11006	17
7.11006	17
7.11007	17
7.11466	17
7.1147	17
7.11471	17
7.11476	17
7.12199	17
7.12203	17
7.12211	17
7.13291	17
7.13292	17
7.13297	17
7.13299	17
7.142	17
7.14204	17
7.14207	17
7.14207	17
7.14672	17
7.14674	17
7.14684	17
7.14685	17
7.14832	17
7.14833	17
7.14834	17
7.14835	17
7.15226	17
7.15686	17
7.15687	17
7.15693	17
7.15694	17
7.17813	17
7.19607	17
7.19615	17
7.19616	17
7.1962	17
7.19622	17
7.19991	17
7.19996	17
7.19998	17
7.20112	17
7.20117	17
7.20118	17
7.23787	17
7.23787	17
7.23789	17
7.23791	17
7.26084	17
7.26084	17
7.26085	17
7.26085	17
7.26362	17
7.26367	17
7.26367	17
7.26613	17
7.26616	17
7.2663	17
7.26632	17
7.27241	17
7.27242	17
7.27243	17
7.27689	17
7.27689	17
7.27709	17
7.2771	17
7.27859	17
7.2787	17
7.27871	17
7.28649	17
7.2865	17
7.28655	17
7.28657	17
7.28812	17
7.28813	17
7.28817	17
7.28959	17
7.28965	17
7.28969	17
7.29022	17
7.29023	17
7.29026	17
7.29027	17
7.29869	17
7.29869	17
7.29872	17
7.29876	17
7.29986	17
7.29991	17
7.29996	17
7.30909	17
7.30912	17
7.30912	17
7.33365	17
7.33366	17
7.33373	17
7.33373	17
7.35379	17
7.35381	17
7.35384	17
7.35385	17
7.35676	17
7.35687	17
7.35688	17
7.35763	17
7.35765	17
7.35766	17
7.39145	17
7.39145	17
7.39156	17
7.39159	17
7.39943	17
7.39945	17
7.39945	17
7.40173	17
7.40175	17
7.40177	17
7.40178	17
7.41102	17
7.41103	17
7.41104	17
7.41107	17
7.42274	17
7.42279	17
7.42279	17
7.42396	17
7.42396	17
7.42399	17
7.42402	17
7.42767	17
7.43215	17
7.43215	17
7.43233	17
7.43236	17
7.43668	17
7.43669	17
7.4367	17
7.43671	17
7.43932	17
7.43943	17
7.43944	17
7.45383	17
7.45387	17
7.45387	17
7.454	17
7.45406	17
7.46255	17
7.46258	17
7.46258	17
7.46259	17
7.4626	17
7.47006	17
7.47215	17
7.4722	17
7.48899	17
7.489	17
7.48901	17
7.48901	17
7.48905	17
7.49763	17
7.49763	17
7.49764	17
7.51557	17
7.51568	17
7.51571	17
7.52099	17
7.52103	17
7.5211	17
7.52247	17
7.52268	17
7.52269	17
7.55137	17
7.55137	17
7.55148	17
7.55152	17
7.5716	17
7.57164	17
7.57166	17
7.57366	17
7.57367	17
7.5737	17
7.57572	17
7.57572	17
7.5758	17
7.58901	17
7.58901	17
7.58908	17
7.59085	17
7.59086	17
7.59087	17
7.59438	17
7.59443	17
7.59443	17
7.61122	17
7.61124	17
7.61143	17
7.61144	17
7.61322	17
7.61323	17
7.61323	17
7.61712	17
7.61714	17
7.61715	17
7.63239	17
7.64851	17
7.64854	17
7.64855	17
7.64859	17
7.6486	17
7.64874	17
7.65949	17
7.65951	17
7.6596	17
7.65962	17
7.67421	17
7.69759	17
7.69761	17
7.69761	17
7.69767	17
7.69769	17
7.69888	17
7.69893	17
7.69895	17
7.70225	17
7.70236	17
7.7024	17
7.72316	17
7.72319	17
7.72325	17
7.7233	17
7.72366	17
7.72379	17
7.72381	17
7.7261	17
7.72848	17
7.72855	17
7.72867	17
7.7287	17
7.72941	17
7.7296	17
7.72961	17
7.73585	17
7.73587	17
7.73591	17
7.7682	17
7.76821	17
7.76821	17
7.76827	17
7.78641	17
7.79092	17
7.79093	17
7.79093	17
7.79094	17
7.79095	17
7.79309	17
7.79311	17
7.79312	17
7.83548	17
7.83549	17
7.83549	17
7.83552	17
7.85381	17
7.85383	17
7.85989	17
7.85992	17
7.85992	17
7.85993	17
7.85994	17
7.87035	17
7.87086	17
7.87089	17
7.87281	17
7.87281	17
7.87303	17
7.87309	17
7.87464	17
7.87464	17
7.87466	17
7.87468	17
7.87963	17
7.87971	17
7.87976	17
7.88772	17
7.88773	17
7.88783	17
7.89187	17
7.89187	17
7.89193	17
7.89194	17
7.8943	17
7.89435	17
7.89437	17
7.90654	17
7.90658	17
7.90659	17
7.92727	17
7.92732	17
7.92734	17
7.94855	17
7.94856	17
7.95094	17
7.95095	17
7.95096	17
7.95099	17
7.95109	17
7.97417	17
7.97417	17
7.97424	17
7.97435	17
7.97574	17
7.97576	17
7.97576	17
7.9771	17
8.05942	17
8.05943	17
8.05943	17
8.06837	17
8.06839	17
8.0684	17
8.06847	17
8.06858	17
8.07256	17
8.0726	17
8.07264	17
8.08773	17
8.08777	17
8.0879	17
8.08797	17
8.09119	17
8.11678	17
8.1168	17
8.11682	17
8.11684	17
8.11783	17
8.11789	17
8.11792	17
8.13281	17
8.13281	17
8.13282	17
8.14972	17
8.14973	17
8.14973	17
8.14974	17
8.15039	17
8.1545	17
8.15451	17
8.15455	17
8.15464	17
8.16468	17
8.16471	17
8.16471	17
8.16471	17
8.17682	17
8.17683	17
8.17685	17
8.17688	17
8.19813	17
8.19816	17
8.19817	17
8.20694	17
8.20694	17
8.20695	17
8.20705	17
8.20706	17
8.2093	17
8.20933	17
8.20952	17
8.21849	17
8.21851	17
8.21855	17
8.2508	17
8.25082	17
8.25082	17
8.25084	17
8.26247	17
8.26249	17
8.26249	17
8.26258	17
8.26258	17
8.26476	17
8.26476	17
8.26478	17
8.26819	17
8.2896	17
8.2896	17
8.28974	17
8.28989	17
8.29116	17
8.30129	17
8.3013	17
8.30133	17
8.30136	17
8.3132	17
8.31324	17
8.31324	17
8.3219	17
8.32191	17
8.32197	17
8.32251	17
8.32259	17
8.3227	17
8.32272	17
8.34418	17
8.34423	17
8.34423	17
8.34423	17
8.3443	17
8.34575	17
8.34578	17
8.3458	17
8.35932	17
8.35933	17
8.35933	17
8.35933	17
8.373	17
8.37301	17
8.37304	17
8.37557	17
8.37559	17
8.3756	17
8.37562	17
8.37703	17
8.37935	17
8.37958	17
8.38183	17
8.38184	17
8.38192	17
8.39713	17
8.39726	17
8.39731	17
8.41165	17
8.41165	17
8.41172	17
8.41194	17
8.42741	17
8.42744	17
8.42752	17
8.43392	17
8.43402	17
8.43406	17
8.47541	17
8.47541	17
8.47544	17
8.47546	17
8.48116	17
8.48119	17
8.48121	17
8.50776	17
8.51436	17
8.51439	17
8.51439	17
8.51447	17
8.51449	17
8.52483	17
8.53325	17
8.53326	17
8.53327	17
8.5333	17
8.53404	17
8.53406	17
8.53412	17
8.53595	17
8.53595	17
8.53595	17
8.54722	17
8.54727	17
8.54728	17
8.54729	17
8.5473	17
8.56536	17
8.56536	17
8.58473	17
8.58476	17
8.58478	17
8.58478	17
8.5848	17
8.58487	17
8.59966	17
8.59973	17
8.59977	17
8.59988	17
8.6018	17
8.60182	17
8.60185	17
8.60243	17
8.60246	17
8.60258	17
8.60537	17
8.60539	17
8.60551	17
8.61934	17
8.61938	17
8.6194	17
8.61947	17
8.62797	17
8.62797	17
8.62806	17
8.62807	17
8.62884	17
8.62891	17
8.62907	17
8.65545	17
8.65547	17
8.65547	17
8.6556	17
8.67097	17
8.67098	17
8.67098	17
8.67109	17
8.67473	17
8.67477	17
8.67496	17
8.68128	17
8.68128	17
8.68138	17
8.68187	17
8.6973	17
8.69735	17
8.69737	17
8.69762	17
8.70294	17
8.70298	17
8.70303	17
8.71481	17
8.73595	17
8.73597	17
8.73597	17
8.73599	17
8.73609	17
8.75241	17
8.75254	17
8.75257	17
9.36001	17
9.36122	17
9.36124	17
9.36307	17
9.36322	17
9.36363	17
9.36372	17
9.36396	17
9.36618	17
9.36847	17
9.36849	17
9.36849	17
9.36849	17
9.36874	17
9.38456	17
9.38456	17
9.38467	17
9.38488	17
9.38495	17
9.38496	17
9.38505	17
9.38523	17
9.40666	17
9.4067	17
9.40671	17
9.40689	17
9.40901	17
9.40905	17
9.40915	17
9.43639	17
9.43641	17
9.43652	17
9.43656	17
9.46335	17
9.46341	17
9.46341	17
9.46346	17
9.46353	17
9.47345	17
9.4735	17
9.47351	17
9.47358	17
9.47367	17
9.47532	17
9.47539	17
9.47544	17
9.48497	17
9.48507	17
9.48508	17
9.49832	17
9.49834	17
9.49842	17
9.53721	17
9.53722	17
9.53727	17
9.53734	17
9.56296	17
9.56297	17
9.56298	17
9.563	17
9.56308	17
9.57876	17
9.57882	17
9.57883	17
9.57893	17
9.5792	17
9.57932	17
9.57934	17
9.58039	17
9.58039	17
9.58044	17
9.58048	17
9.58314	17
9.58314	17
9.58336	17
9.58992	17
9.58996	17
9.58999	17
9.5902	17
9.59654	17
9.59657	17
9.59676	17
9.5999	17
9.5999	17
9.59994	17
9.60007	17
9.60854	17
9.60854	17
9.60885	17
9.60895	17
9.62127	17
9.62128	17
9.62129	17
9.62129	17
9.6214	17
9.623	17
9.62303	17
9.62307	17
9.62331	17
9.63032	17
9.64237	17
9.64237	17
9.64242	17
9.64255	17
9.65107	17
9.65131	17
9.6535	17
9.6535	17
9.65355	17
9.65355	17
9.65372	17
9.65458	17
9.6592	17
9.65927	17
9.65944	17
9.67084	17
9.69021	17
9.69029	17
9.6903	17
9.69037	17
9.69065	17
9.70044	17
9.70048	17
9.70055	17
9.7006	17
9.70637	17
9.70643	17
9.70687	17
9.74072	17
9.74074	17
9.74075	17
9.74119	17
9.75478	17
9.7548	17
9.75555	17
9.77267	17
9.77267	17
9.7727	17
9.77275	17
9.78679	17
9.78681	17
9.78685	17
9.78788	17
9.79817	17
9.79817	17
9.79925	17
9.80344	17
9.80357	17
9.80368	17
9.80383	17
9.80774	17
9.80777	17
9.80779	17
9.80798	17
9.808	17
9.80805	17
9.80805	17
9.80823	17
9.80898	17
9.80915	17
9.84017	17
9.8402	17
9.84021	17
9.84033	17
9.84178	17
9.85335	17
9.85338	17
9.85347	17
9.85365	17
12.1043	17
12.1043	17
12.1048	17
12.1048	17
12.1048	17
12.106	17
12.1065	17
12.1238	17
12.1239	17
12.1239	17
12.1239	17
12.1252	17
12.1279	17
12.1279	17
12.128	17
12.1286	17
12.1286	17
12.1288	17
12.1289	17
12.1358	17
12.1359	17
12.1392	17
12.1677	17
12.1677	17
12.1677	17
12.1678	17
12.1711	17
12.1711	17
12.1711	17
12.1712	17
12.1759	17
12.1759	17
12.1759	17
12.1776	17
12.2238	17
12.2238	17
12.2238	17
12.2271	17
12.2276	17
12.2276	17
12.2277	17
12.2289	17
12.23	17
12.2303	17
12.232	17
12.2392	17
12.2392	17
12.2392	17
12.2417	17
12.5877	17
12.5877	17
12.5892	17
12.5919	17
12.5924	17
12.6048	17
12.6049	17
12.6049	17
12.6065	17
12.609	17
12.6091	17
12.6115	17
12.635	17
12.6351	17
12.6351	17
12.6352	17
12.6442	17
12.6585	17
12.6596	17
12.6597	17
12.6597	17
12.6768	17
12.6804	17
12.6829	17
12.683	17
12.683	17
12.683	17
12.6831	17
13.0154	17
13.0154	17
13.0159	17
13.0278	17
13.0278	17
13.0278	17
13.0314	17
13.0314	17
13.0315	17
13.0315	17
13.0315	17
13.0403	17
13.0403	17
13.0404	17
13.0452	17
13.0453	17
13.0453	17
13.0453	17
13.0536	17
13.0536	17
13.0536	17
13.0536	17
13.061	17
13.0728	17
13.0728	17
13.0728	17
13.0729	17
13.0736	17
13.0736	17
13.0743	17
13.1076	17
13.1076	17
13.1076	17
13.1077	17
13.1179	17
13.1179	17
13.1179	17
13.4328	17
13.4328	17
13.4355	17
13.436	17
13.436	17
13.436	17
13.4626	17
13.4626	17
13.4626	17
13.4747	17
13.4748	17
13.4748	17
13.4748	17
13.481	17
13.8805	17
13.8806	17
13.8806	17
13.8821	17
17.644	17
17.6441	17
17.6443	17
17.6741	17
17.6741	17
17.6741	17
17.6742	17
17.6772	17
17.6772	17
17.6773	17
17.7027	17
17.7027	17
17.7027	17
18.3475	17
18.3475	17
18.3485	17
18.3785	17
18.3786	17
18.3786	17
18.3786	17
18.4069	17
18.4069	17
18.4069	17
18.4276	17
18.4276	17
18.4276	17
18.4276	17
18.4285	17
18.4285	17
18.4285	17
18.4286	17
18.491	17
18.491	17
18.4914	17
19.6914	17
19.6915	17
19.6942	17
19.7975	17
19.7976	17
19.7991	17
19.8156	17
19.8156	17
19.8156	17
19.825	17
19.825	17
19.825	17
19.8439	17
19.8439	17
19.8439	17
19.8439	17
20.3486	17
20.3487	17
20.3509	17
20.3794	17
20.3794	17
20.3794	17
20.3899	17
20.3899	17
20.39	17
20.39	17
20.4125	17
20.4125	17
20.4125	17
20.4318	17
20.4318	17
20.4319	17
20.4319	17
21.7793	17
21.7793	17
21.7838	17
23.8098	17
23.8098	17
23.8122	17
23.8203	17
23.8203	17
23.8203	17
23.8204	17
23.8232	17
23.8233	17
23.8233	17
23.8233	17
23.8308	17
23.8308	17
23.8308	17
23.8309	17
23.8504	17
23.8504	17
23.8857	17
23.8858	17
23.8858	17
23.8858	17
23.8858	17
23.8975	17
23.8975	17
23.8975	17
23.9071	17
23.9072	17
23.9072	17
23.9074	17
23.9107	17
23.9107	17
23.9107	17
23.9107	17
23.922	17
23.922	17
23.9221	17
23.9222	17
23.9238	17
23.9238	17
23.9238	17
23.9285	17
23.9285	17
23.9285	17
23.9286	17
24.0801	17
24.0807	17
24.0807	17
24.0807	17
24.0812	17
24.0812	17
24.0813	17
24.3054	17
24.3058	17
24.3059	17
24.3068	17
24.3275	17
24.3275	17
24.3276	17
24.3276	17
24.3619	17
24.362	17
24.362	17
24.362	17
24.7452	17
24.7453	17
24.7479	17
24.7739	17
24.7739	17
24.7739	17
24.7801	17
24.7801	17
24.7802	17
24.796	17
24.796	17
24.796	17
24.7961	17
24.7969	17
24.7969	17
24.7969	17
24.797	17
24.8587	17
24.8587	17
24.8587	17
24.8814	17
24.8814	17
24.8814	17
24.8815	17
25.1649	17
25.1649	17
25.1673	17
25.1685	17
25.1685	17
25.1685	17
25.1685	17
25.7925	17
25.7926	17
25.7941	17
26.4731	17
26.4731	17
26.4739	17
26.4758	17
26.4759	17
26.4759	17
26.4759	17
27.5113	17
27.5113	17
27.5116	17
28.0793	17
28.0793	17
28.0797	17
28.1163	17
28.1164	17
28.1164	17
28.1164	17
28.1383	17
28.1383	17
28.1383	17
28.1384	17
28.6428	17
28.6428	17
28.6432	17
30.3416	17
30.3416	17
30.3431	17
30.3472	17
30.3473	17
30.3475	17
30.3713	17
30.3714	17
30.3714	17
30.4792	17
30.4793	17
30.4804	17
30.5143	17
30.5143	17
30.5143	17
30.5144	17
30.5488	17
30.5488	17
30.549	17
30.549	17
30.5532	17
30.5532	17
30.5533	17
30.5533	17
31.0715	17
31.0728	17
31.0728	17
31.0731	17
31.074	17
31.0843	17
31.0844	17
31.0844	17
31.0844	17
31.1816	17
31.1816	17
31.1838	17
31.5244	17
31.5245	17
31.5278	17
31.5278	17
31.5279	17
31.5279	17
31.5279	17
31.7209	17
31.7209	17
31.7213	17
31.7323	17
31.7323	17
31.7323	17
31.7323	17
31.7487	17
31.7519	17
31.7905	17
31.7905	17
31.7905	17
31.7906	17
31.7907	17
31.7973	17
31.7973	17
31.7977	17
31.8073	17
31.8073	17
31.8073	17
31.8125	17
31.8125	17
31.8126	17
31.8126	17
31.814	17
31.814	17
31.814	17
31.8141	17
31.8157	17
31.8157	17
31.8157	17
31.9063	17
31.9063	17
31.9113	17
31.9704	17
31.9704	17
31.9704	17
31.9705	17
31.9745	17
31.977	17
31.9771	17
31.9773	17
32.8995	17
32.8996	17
32.9039	17
33.8216	17
33.8217	17
33.8241	17
33.8538	17
33.8538	17
33.8539	17
33.854	17
34.8711	17
34.8712	17
34.8727	17
35.8626	17
35.8626	17
35.8695	17
35.8866	17
35.8866	17
35.8867	17
35.8867	17
35.8904	17
35.8904	17
35.8905	17
35.8905	17
35.9177	17
35.9177	17
35.9178	17
35.9178	17
35.9504	17
35.9504	17
35.9504	17
35.9506	17
35.9515	17
35.9516	17
35.9516	17
35.9516	17
38.2011	17
38.2012	17
39.0548	17
39.0556	17
39.0556	17
39.0566	17
39.0569	17
39.057	17
39.0571	17
39.0572	17
39.0658	17
39.0658	17
39.0659	17
39.066	17
39.2463	17
39.2464	17
39.2466	17
39.2526	17
39.2527	17
39.2594	17
39.2595	17
39.2668	17
39.2668	17
39.2668	17
39.2668	17
39.2669	17
39.3033	17
39.3033	17
39.3033	17
39.3033	17
39.3243	17
39.3243	17
39.3279	17
40.0552	17
40.0554	17
40.0569	17
40.0776	17
40.0777	17
40.0785	17
40.1002	17
40.1002	17
40.1003	17
40.1099	17
40.1099	17
40.1101	17
40.1101	17
40.1727	17
40.173	17
40.1761	17
41.2511	17
41.2512	17
41.2528	17
41.2861	17
41.2861	17
41.2862	17
41.2862	17
41.7656	17
41.7656	17
41.7673	17
41.7802	17
41.7802	17
41.7813	17
41.7989	17
41.799	17
41.799	17
42.0273	17
42.0276	17
42.0295	17
43.7169	17
43.7169	17
43.717	17
43.7193	17
43.7194	17
43.7256	17
43.7257	17
43.7257	17
43.7259	17
43.7703	17
43.7705	17
43.7709	17
43.7905	17
43.7905	17
43.7906	17
43.7906	17
44.2497	17
44.2498	17
44.2518	17
44.3305	17
44.3306	17
44.3306	17
45.5325	17
45.5326	17
45.5326	17
46.4352	17
46.4363	17
46.4363	17
46.4368	17
47.0423	17
47.0424	17
47.046	17
47.9162	17
47.9164	17
48.3069	17
48.3075	17
48.3083	17
48.3103	17
49.3688	17
49.3689	17
49.3693	17
50.9822	17
50.9822	17
50.9827	17
51.1653	17
51.1659	17
51.1661	17
51.2249	17
51.225	17
51.2299	17
51.65	17
51.6502	17
51.6521	17
53.2183	17
53.2185	17
53.2203	17
53.224	17
53.224	17
53.224	17
53.2241	17
53.5602	17
53.5634	17
53.5634	17
53.5641	17
53.6884	17
53.6885	17
53.6896	17
53.9651	17
53.9652	17
53.9672	17
55.947	17
55.947	17
55.9526	17
56.2573	17
56.2583	17
56.2584	17
56.2691	17
56.7929	17
56.793	17
56.8009	17
56.811	17
56.811	17
56.8112	17
56.8112	17
56.9218	17
56.922	17
56.9293	17
57.022	17
57.022	17
57.0227	17
57.4512	17
57.4519	17
57.4525	17
57.4525	17
57.4546	17
57.4546	17
57.4546	17
57.4546	17
58.1271	17
58.1271	17
58.1278	17
59.8449	17
59.8449	17
59.845	17
59.8809	17
59.9919	17
59.9922	17
59.9923	17
59.9965	17
60.3579	17
60.3596	17
60.3597	17
60.3628	17
60.3642	17
60.3642	17
60.3643	17
60.3643	17
60.3926	17
60.393	17
60.3989	17
60.6226	17
60.6227	17
60.6233	17
61.8215	17
61.8217	17
61.8246	17
61.8427	17
61.8428	17
61.8428	17
61.8429	17
62.6385	17
62.6386	17
62.6391	17
63.8177	17
63.8183	17
63.8183	17
63.8189	17
63.8189	17
63.819	17
63.8192	17
63.8203	17
64.992	17
64.992	17
64.9942	17
65.7607	17
65.7608	17
65.7615	17
66.3018	17
66.3032	17
66.3032	17
66.3044	17
67.9081	17
67.9082	17
67.9085	17
67.9772	17
67.9775	17
67.9787	17
67.9935	17
68.0007	17
68.0145	17
68.0145	17
68.0145	17
68.0145	17
68.0145	17
68.1932	17
68.1932	17
68.1982	17
68.5878	17
68.5879	17
68.5882	17
69.394	17
69.3941	17
69.3947	17
69.5009	17
69.501	17
69.5027	17
69.565	17
69.565	17
69.5651	17
69.5651	17
69.9438	17
69.9438	17
69.9451	17
69.9483	17
72.8135	17
72.8165	17
72.8168	17
72.8168	17
73.294	17
73.294	17
73.2946	17
73.4833	17
73.4834	17
73.4834	17
75.6612	17
75.6612	17
75.6612	17
75.6613	17
75.6624	17
75.6625	17
75.6636	17
76.4196	17
76.4197	17
76.4202	17
77.7494	17
77.7495	17
77.7563	17
77.9297	17
77.9297	17
77.9298	17
77.9298	17
78.1829	17
78.1833	17
78.1834	17
78.5068	17
78.5069	17
78.507	17
78.7311	17
78.7331	17
78.7337	17
78.7347	17
78.946	17
78.946	17
78.9471	17
80.5368	17
80.5369	17
80.5387	17
81.0197	17
81.0198	17
81.0207	17
81.2806	17
81.2807	17
81.2814	17
81.2834	17
81.2835	17
81.2835	17
81.2835	17
81.3862	17
81.3862	17
81.3864	17
81.3865	17
81.6283	17
81.6285	17
81.6396	17
82.6423	17
82.6429	17
82.6433	17
83.0828	17
83.0829	17
83.0864	17
83.442	17
83.4421	17
83.4443	17
83.5824	17
83.5829	17
84.7372	17
84.7377	17
84.7378	17
84.7379	17
84.9347	17
84.9348	17
84.9352	17
85.9029	17
85.9029	17
85.9041	17
86.2175	17
86.2188	17
86.2189	17
86.2195	17
86.7178	17
86.7179	17
86.7195	17
86.8351	17
86.8351	17
86.8403	17
86.8528	17
86.853	17
86.8537	17
86.89	17
86.8902	17
86.8904	17
87.0337	17
87.0338	17
87.0339	17
87.1464	17
87.1465	17
87.442	17
87.4424	17
87.4425	17
87.4511	17
87.4525	17
87.4526	17
87.4556	17
87.7343	17
87.7345	17
88.8248	17
88.8259	17
88.826	17
88.8271	17
89.2104	17
89.2105	17
89.2108	17
89.2155	17
89.2159	17
89.221	17
89.4286	17
89.4287	17
89.4316	17
90.5291	17
90.5293	17
90.6985	17
90.6991	17
90.6992	17
90.7004	17
90.7432	17
90.7432	17
90.7432	17
91.6262	17
91.6262	17
91.6283	17
91.6516	17
91.6516	17
91.653	17
91.6871	17
91.6872	17
91.6882	17
94.4626	17
94.4627	17
94.4695	17
94.7646	17
94.7646	17
94.7646	17
94.8334	17
94.8334	17
94.8357	17
95.1914	17
95.1915	17
95.1942	17
96.5549	17
96.5549	17
96.5555	17
96.5608	17
96.561	17
96.6089	17
96.6105	17
96.6119	17
96.612	17
96.6124	17
96.9769	17
96.9769	17
96.9785	17
97.6609	17
97.661	17
97.6611	17
97.9709	17
97.971	17
97.9727	17
98.336	17
98.3362	17
98.3382	17
98.3649	17
98.3684	17
98.3884	17
98.3885	17
98.3885	17
98.3886	17
98.3886	17
99.0266	17
99.0266	17
99.5052	17
99.5083	17
99.5086	17
99.5097	17
