9.40925e-10	0
1.04601e-09	1
1.34107e-09	2
1.58196e-09	2
1.64147e-09	3
1.83823e-09	4
2.33426e-09	5
2.55626e-09	6
2.60738e-09	7
2.67645e-09	8
3.5003e-09	9
3.59083e-09	10
3.96624e-09	11
7.04636e-09	12
8.01643e-09	13
9.05906e-09	14
1.21303e-08	14
1.8869e-08	15
2.4207e-08	16
4.13252e-08	17
5.31751e-08	17
6.23953e-08	17
7.32851e-08	17
9.35799e-08	17
9.58218e-08	17
9.64582e-08	17
9.70204e-08	17
1.02769e-07	17
1.17436e-07	17
1.24055e-07	17
1.24415e-07	17
1.25321e-07	17
1.47169e-07	17
1.49166e-07	17
1.6274e-07	17
1.66786e-07	17
1.77107e-07	17
1.98299e-07	17
2.00012e-07	17
2.09373e-07	17
2.19422e-07	17
2.25766e-07	17
2.27369e-07	17
2.27748e-07	17
2.3341e-07	17
2.35793e-07	17
2.7644e-07	17
2.78205e-07	17
2.83999e-07	17
2.85226e-07	17
2.87122e-07	17
2.90505e-07	17
2.90954e-07	17
2.91355e-07	17
2.93739e-07	17
3.05372e-07	17
3.18997e-07	17
3.19832e-07	17
3.42607e-07	17
3.512e-07	17
3.5287e-07	17
3.56698e-07	17
3.65978e-07	17
3.73481e-07	17
3.73926e-07	17
3.75117e-07	17
3.78883e-07	17
3.98975e-07	17
4.10301e-07	17
4.12863e-07	17
4.23208e-07	17
4.2346e-07	17
4.31274e-07	17
4.3524e-07	17
4.51999e-07	17
4.52816e-07	17
4.57412e-07	17
4.9344e-07	17
5.03252e-07	17
5.07653e-07	17
5.40055e-07	17
5.44834e-07	17
5.47404e-07	17
5.53152e-07	17
5.58802e-07	17
5.86894e-07	17
6.21527e-07	17
6.43156e-07	17
6.51848e-07	17
6.55722e-07	17
6.59789e-07	17
6.73445e-07	17
6.82502e-07	17
6.94099e-07	17
7.2251e-07	17
7.32214e-07	17
7.57534e-07	17
7.71186e-07	17
7.77969e-07	17
7.79164e-07	17
7.87899e-07	17
7.93363e-07	17
7.95839e-07	17
7.99198e-07	17
8.06442e-07	17
8.15693e-07	17
8.3264e-07	17
8.32717e-07	17
8.61339e-07	17
8.76707e-07	17
9.03647e-07	17
9.53084e-07	17
9.72494e-07	17
9.81157e-07	17
1.002e-06	17
1.00791e-06	17
1.01559e-06	17
1.02449e-06	17
1.03413e-06	17
1.04068e-06	17
1.04069e-06	17
1.05145e-06	17
1.05294e-06	17
1.06912e-06	17
1.08651e-06	17
1.09185e-06	17
1.09348e-06	17
1.16851e-06	17
1.16867e-06	17
1.17035e-06	17
1.18322e-06	17
1.19287e-06	17
1.22365e-06	17
1.23944e-06	17
1.24286e-06	17
1.24428e-06	17
1.24558e-06	17
1.26208e-06	17
1.26555e-06	17
1.28456e-06	17
1.28623e-06	17
1.2955e-06	17
1.3284e-06	17
1.33014e-06	17
1.34362e-06	17
1.34653e-06	17
1.3918e-06	17
1.40941e-06	17
1.41263e-06	17
1.41599e-06	17
1.41612e-06	17
1.44998e-06	17
1.47676e-06	17
1.5077e-06	17
1.51761e-06	17
1.52393e-06	17
1.53765e-06	17
1.5476e-06	17
1.56298e-06	17
1.5643e-06	17
1.57512e-06	17
1.59418e-06	17
1.60846e-06	17
1.61129e-06	17
1.61525e-06	17
1.66781e-06	17
1.68342e-06	17
1.72637e-06	17
1.72986e-06	17
1.7396e-06	17
1.75201e-06	17
1.758e-06	17
1.80563e-06	17
1.81021e-06	17
1.83465e-06	17
1.84595e-06	17
1.8537e-06	17
1.87933e-06	17
1.92341e-06	17
1.9391e-06	17
2.04128e-06	17
2.04508e-06	17
2.06511e-06	17
2.09838e-06	17
2.12064e-06	17
2.13706e-06	17
2.17803e-06	17
2.19676e-06	17
2.22046e-06	17
2.22638e-06	17
2.34578e-06	17
2.3866e-06	17
2.38764e-06	17
2.45335e-06	17
2.4764e-06	17
2.47715e-06	17
2.48903e-06	17
2.51994e-06	17
2.52089e-06	17
2.63799e-06	17
2.64068e-06	17
2.65734e-06	17
2.67021e-06	17
2.71862e-06	17
2.72337e-06	17
2.77146e-06	17
2.80772e-06	17
2.83347e-06	17
2.8963e-06	17
2.96896e-06	17
2.98518e-06	17
3.02143e-06	17
3.04039e-06	17
3.05603e-06	17
3.0777e-06	17
3.0872e-06	17
3.12856e-06	17
3.19146e-06	17
3.20479e-06	17
3.29594e-06	17
3.30432e-06	17
3.57282e-06	17
3.57761e-06	17
3.62509e-06	17
3.7525e-06	17
3.75879e-06	17
3.77034e-06	17
3.81561e-06	17
4.08299e-06	17
4.15985e-06	17
4.18968e-06	17
4.36539e-06	17
4.36591e-06	17
4.4864e-06	17
4.79088e-06	17
5.05917e-06	17
5.21866e-06	17
5.38231e-06	17
5.43025e-06	17
5.45488e-06	17
5.81246e-06	17
6.2948e-06	17
6.39867e-06	17
6.51281e-06	17
6.77353e-06	17
7.10731e-06	17
7.21583e-06	17
7.31832e-06	17
7.3989e-06	17
7.78295e-06	17
7.78397e-06	17
8.00162e-06	17
8.0201e-06	17
8.06829e-06	17
8.16016e-06	17
8.27809e-06	17
8.43607e-06	17
8.45357e-06	17
8.56809e-06	17
8.63063e-06	17
8.65489e-06	17
8.88904e-06	17
9.43849e-06	17
9.97253e-06	17
1.04563e-05	17
1.07657e-05	17
1.10307e-05	17
1.11157e-05	17
1.12466e-05	17
1.13351e-05	17
1.134e-05	17
1.13607e-05	17
1.21679e-05	17
1.27956e-05	17
1.29019e-05	17
1.29886e-05	17
1.32564e-05	17
1.33117e-05	17
1.38103e-05	17
1.38488e-05	17
1.4276e-05	17
1.43897e-05	17
1.48026e-05	17
1.50169e-05	17
1.51096e-05	17
1.53945e-05	17
1.54876e-05	17
1.6041e-05	17
1.64287e-05	17
1.66325e-05	17
1.72863e-05	17
1.77022e-05	17
1.7753e-05	17
1.77677e-05	17
1.80415e-05	17
1.80875e-05	17
1.83936e-05	17
1.85398e-05	17
1.85406e-05	17
1.86844e-05	17
1.89782e-05	17
1.91634e-05	17
1.94947e-05	17
1.97155e-05	17
1.98279e-05	17
2.00165e-05	17
2.00567e-05	17
2.0402e-05	17
2.05964e-05	17
2.18417e-05	17
2.18984e-05	17
2.25752e-05	17
2.27111e-05	17
2.27239e-05	17
2.30111e-05	17
2.33126e-05	17
2.39712e-05	17
2.45327e-05	17
2.45391e-05	17
2.4635e-05	17
2.48645e-05	17
2.51492e-05	17
2.54784e-05	17
2.63539e-05	17
2.64357e-05	17
2.70484e-05	17
2.87934e-05	17
2.91112e-05	17
2.91726e-05	17
2.94299e-05	17
2.94434e-05	17
2.94576e-05	17
2.9611e-05	17
2.98236e-05	17
3.01859e-05	17
3.08388e-05	17
3.11615e-05	17
3.14835e-05	17
3.15794e-05	17
3.18639e-05	17
3.25775e-05	17
3.28561e-05	17
3.33588e-05	17
3.35548e-05	17
3.3731e-05	17
3.41713e-05	17
3.42666e-05	17
3.45503e-05	17
3.48592e-05	17
3.60202e-05	17
3.60346e-05	17
3.60631e-05	17
3.64797e-05	17
3.77063e-05	17
3.86956e-05	17
3.88842e-05	17
4.01783e-05	17
4.23939e-05	17
4.37295e-05	17
4.56846e-05	17
4.70083e-05	17
4.70245e-05	17
4.84755e-05	17
4.85746e-05	17
4.87158e-05	17
4.91201e-05	17
4.97673e-05	17
5.00908e-05	17
5.14391e-05	17
5.17684e-05	17
5.18601e-05	17
5.24676e-05	17
5.26315e-05	17
5.34297e-05	17
5.40431e-05	17
5.44685e-05	17
5.51029e-05	17
5.80686e-05	17
5.84813e-05	17
5.94295e-05	17
5.97667e-05	17
6.0455e-05	17
6.07651e-05	17
6.11055e-05	17
6.23049e-05	17
6.29646e-05	17
6.31276e-05	17
6.36235e-05	17
6.44027e-05	17
6.48412e-05	17
6.53199e-05	17
6.61451e-05	17
6.67024e-05	17
6.67202e-05	17
6.98118e-05	17
7.07783e-05	17
7.11809e-05	17
7.13195e-05	17
7.15407e-05	17
7.1554e-05	17
7.24973e-05	17
7.27058e-05	17
7.28561e-05	17
7.43527e-05	17
7.58177e-05	17
7.65288e-05	17
7.73706e-05	17
7.96877e-05	17
8.02592e-05	17
8.10399e-05	17
8.13944e-05	17
8.28899e-05	17
8.30599e-05	17
8.33167e-05	17
8.42499e-05	17
8.75896e-05	17
9.18185e-05	17
9.27922e-05	17
9.39219e-05	17
9.50734e-05	17
9.60886e-05	17
9.91157e-05	17
9.92955e-05	17
9.97875e-05	17
9.99002e-05	17
0.000104556	17
0.000106886	17
0.000107449	17
0.000107718	17
0.000108133	17
0.000109101	17
0.000109797	17
0.000115609	17
0.000117629	17
0.000121999	17
0.000123055	17
0.000123652	17
0.000124782	17
0.000125605	17
0.000127778	17
0.000132744	17
0.000134243	17
0.000134611	17
0.000138826	17
0.000152565	17
0.000153083	17
0.000158408	17
0.000161205	17
0.000162346	17
0.000162561	17
0.000164322	17
0.000166145	17
0.00016762	17
0.000173085	17
0.000178813	17
0.000185263	17
0.000185575	17
0.000187691	17
0.000190649	17
0.000191907	17
0.000196252	17
0.000205369	17
0.000208156	17
0.000210934	17
0.000213857	17
0.000213937	17
0.000221529	17
0.000232398	17
0.000233135	17
0.000234818	17
0.000236105	17
0.000265098	17
0.00026944	17
0.000271629	17
0.000271866	17
0.00028771	17
0.000308731	17
0.000318289	17
0.00032495	17
0.000379972	17
0.000437328	17
0.000451169	17
0.000648112	17
0.000776812	17
0.000860446	17
0.000866051	17
0.000880811	17
0.000935577	17
0.000937188	17
0.000938387	17
0.000962145	17
0.000997662	17
0.00104976	17
0.00133456	17
0.00145921	17
0.00172232	17
0.00172464	17
0.00172806	17
0.00172986	17
0.00173253	17
0.0017374	17
0.00173757	17
0.00173834	17
0.00174072	17
0.00174418	17
0.00174454	17
0.00177118	17
0.00177664	17
0.00177726	17
0.00179033	17
0.00180091	17
0.00181689	17
0.00182816	17
0.00187687	17
0.0018791	17
0.00188069	17
0.00188126	17
0.00188182	17
0.00188228	17
0.00188519	17
0.00200604	17
0.00200732	17
0.00200802	17
0.00201072	17
0.00201094	17
0.0020125	17
0.00201504	17
0.00201789	17
0.00201951	17
0.00202308	17
0.00202876	17
0.00203093	17
0.00211424	17
0.00246124	17
0.00262037	17
0.00318984	17
0.00364091	17
0.00464912	17
0.00556965	17
0.00586289	17
0.00602609	17
0.00607211	17
0.00607371	17
0.00607784	17
0.00607867	17
0.0060818	17
0.006101	17
0.00611488	17
0.00612063	17
0.00614689	17
0.00672389	17
0.00672614	17
0.0067273	17
0.006728	17
0.00672837	17
0.00672974	17
0.00673255	17
0.00673314	17
0.00673516	17
0.00674241	17
0.00674265	17
0.00674322	17
0.00674335	17
0.00674494	17
0.00674602	17
0.00674636	17
0.00675091	17
0.00675153	17
0.00675953	17
0.00677042	17
0.00677461	17
0.00677985	17
0.0067813	17
0.00678855	17
0.00679047	17
0.00679072	17
0.00679078	17
0.00679084	17
0.00679153	17
0.00679249	17
0.00679391	17
0.00679411	17
0.00679464	17
0.0067958	17
0.00679667	17
0.00679754	17
0.00679777	17
0.00679903	17
0.00679957	17
0.00680005	17
0.00680101	17
0.00680113	17
0.00680305	17
0.00680603	17
0.00681008	17
0.00681011	17
0.00681093	17
0.00681231	17
0.00681446	17
0.00681606	17
0.00681775	17
0.00681838	17
0.00682046	17
0.00682298	17
0.00682579	17
0.00683389	17
0.00684071	17
0.00686633	17
0.00687888	17
0.00701197	17
0.00701408	17
0.00701662	17
0.00702183	17
0.00702438	17
0.00703085	17
0.00703133	17
0.00703288	17
0.0070341	17
0.00703414	17
0.00704297	17
0.00704539	17
0.00705879	17
0.00725576	17
0.00733256	17
0.00754294	17
0.0076258	17
0.00774804	17
0.00784528	17
0.0078863	17
0.00791878	17
0.00793601	17
0.00804322	17
0.00819837	17
0.00820145	17
0.00829456	17
0.00831884	17
0.00871559	17
0.00874372	17
0.00874567	17
0.00875563	17
0.00877013	17
0.00906371	17
0.00906568	17
0.00906978	17
0.00907882	17
0.0090816	17
0.00908308	17
0.00909338	17
0.00910322	17
0.00910552	17
0.0091169	17
0.00911737	17
0.00913502	17
0.00913506	17
0.00916455	17
0.00916944	17
0.00918947	17
0.0093455	17
0.0102133	17
0.0105267	17
0.0112965	17
0.0113121	17
0.0113285	17
0.0113301	17
0.0113405	17
0.0113471	17
0.0113567	17
0.0113607	17
0.0113784	17
0.0113847	17
0.0113852	17
0.0113879	17
0.0113903	17
0.0113906	17
0.011391	17
0.0113981	17
0.0114028	17
0.0114915	17
0.0114932	17
0.0115051	17
0.0115089	17
0.0115471	17
0.0115486	17
0.0115491	17
0.0115644	17
0.0115712	17
0.01161	17
0.0116452	17
0.011659	17
0.0116733	17
0.0116759	17
0.0117199	17
0.0117532	17
0.0117599	17
0.0117678	17
0.0118594	17
0.0119106	17
0.0119366	17
0.0119544	17
0.0119697	17
0.0120359	17
0.0120652	17
0.0121087	17
0.0122463	17
0.0122575	17
0.0122643	17
0.0122717	17
0.012272	17
0.0122765	17
0.0122891	17
0.0122917	17
0.0122943	17
0.0123015	17
0.0123074	17
0.0123104	17
0.0123255	17
0.0123415	17
0.0123441	17
0.0123476	17
0.0123789	17
0.0123849	17
0.012422	17
0.0124313	17
0.012437	17
0.0124653	17
0.0124703	17
0.0124745	17
0.0124768	17
0.0124965	17
0.0125048	17
0.0125104	17
0.0125141	17
0.0125205	17
0.0125444	17
0.0125469	17
0.012549	17
0.0126453	17
0.0126933	17
0.0127178	17
0.0127265	17
0.0127705	17
0.0127846	17
0.0127946	17
0.0127947	17
0.0127954	17
0.0127957	17
0.012796	17
0.0127964	17
0.0127965	17
0.0127965	17
0.0127966	17
0.0127966	17
0.0127967	17
0.0127967	17
0.0127971	17
0.0127972	17
0.0127976	17
0.0127978	17
0.0127979	17
0.0127979	17
0.0127981	17
0.0127982	17
0.0127983	17
0.0127986	17
0.0127986	17
0.0127992	17
0.0127995	17
0.0127995	17
0.0127996	17
0.0127997	17
0.0127998	17
0.0128002	17
0.0128003	17
0.0128015	17
0.0128042	17
0.0128051	17
0.0128064	17
0.0128077	17
0.0128085	17
0.0128092	17
0.0128094	17
0.0128105	17
0.0128123	17
0.0128135	17
0.0128137	17
0.0128138	17
0.0128147	17
0.0128161	17
0.0128171	17
0.0128174	17
0.0128203	17
0.0128223	17
0.0128256	17
0.0128265	17
0.0128266	17
0.0128271	17
0.0128283	17
0.0128312	17
0.0128323	17
0.0128348	17
0.0128483	17
0.0128498	17
0.0128531	17
0.0128571	17
0.0128647	17
0.0128954	17
0.0129074	17
0.0129375	17
0.0129551	17
0.0129887	17
0.0130179	17
0.0131211	17
0.0131263	17
0.0131289	17
0.0131673	17
0.0131796	17
0.0132299	17
0.0132716	17
0.0133217	17
0.0133794	17
0.0136772	17
0.0138511	17
0.0138955	17
0.0141246	17
0.0141932	17
0.0141948	17
0.0141985	17
0.014204	17
0.0142059	17
0.014224	17
0.0142273	17
0.0142659	17
0.0142678	17
0.0142833	17
0.0143	17
0.0143009	17
0.0143327	17
0.0143327	17
0.0143376	17
0.014346	17
0.0143576	17
0.0143593	17
0.0143614	17
0.0143659	17
0.0143696	17
0.0143891	17
0.014395	17
0.0144043	17
0.0144619	17
0.014488	17
0.0144923	17
0.014529	17
0.0145304	17
0.0145346	17
0.0145748	17
0.0146312	17
0.0146381	17
0.0146754	17
0.0147425	17
0.0148126	17
0.0148341	17
0.0148503	17
0.0148506	17
0.0148509	17
0.0148521	17
0.0148525	17
0.0148526	17
0.0148528	17
0.0148543	17
0.0148547	17
0.0148547	17
0.0148549	17
0.0148552	17
0.014857	17
0.0148579	17
0.0148599	17
0.0148601	17
0.0148604	17
0.0148623	17
0.0148625	17
0.0148638	17
0.0148648	17
0.0148661	17
0.0148676	17
0.0148703	17
0.0148725	17
0.014874	17
0.0148751	17
0.0148765	17
0.0148773	17
0.0148786	17
0.01488	17
0.0148863	17
0.0148864	17
0.0149021	17
0.014928	17
0.014943	17
0.0149515	17
0.0151518	17
0.0152275	17
0.0152448	17
0.0153447	17
0.0157662	17
0.0158429	17
0.0160403	17
0.016384	17
0.0166978	17
0.0166978	17
0.0166985	17
0.0167009	17
0.016701	17
0.0167012	17
0.0167012	17
0.0167046	17
0.0167049	17
0.0167062	17
0.0167135	17
0.0167137	17
0.0167139	17
0.0167145	17
0.0167145	17
0.0167156	17
0.0167165	17
0.0167223	17
0.016723	17
0.0167302	17
0.0167337	17
0.0167341	17
0.0167574	17
0.0167721	17
0.01681	17
0.0168703	17
0.0169277	17
0.0169282	17
0.0169293	17
0.0169322	17
0.0169369	17
0.0169501	17
0.0169512	17
0.0169517	17
0.0169525	17
0.0169618	17
0.0169648	17
0.016977	17
0.0169795	17
0.0170323	17
0.0170333	17
0.0170763	17
0.0173895	17
0.0175917	17
0.0176451	17
0.0181888	17
0.018215	17
0.01823	17
0.0182335	17
0.0182631	17
0.0182723	17
0.0183088	17
0.018354	17
0.0183593	17
0.0184191	17
0.0184391	17
0.018455	17
0.0184564	17
0.0184784	17
0.0185351	17
0.0185354	17
0.0185756	17
0.0185851	17
0.0185878	17
0.0186603	17
0.0186659	17
0.0186666	17
0.0187184	17
0.0187353	17
0.0187468	17
0.0187796	17
0.0190222	17
0.0190315	17
0.0190405	17
0.0190596	17
0.0191148	17
0.0192797	17
0.0193244	17
0.0195148	17
0.0204996	17
0.0204997	17
0.0205001	17
0.0205003	17
0.0205004	17
0.0205009	17
0.0205009	17
0.0205013	17
0.0205014	17
0.0205015	17
0.0205015	17
0.0205018	17
0.020502	17
0.0205026	17
0.0205035	17
0.0205036	17
0.0205036	17
0.0205036	17
0.0205041	17
0.020505	17
0.020505	17
0.020505	17
0.0205051	17
0.0205054	17
0.0205059	17
0.0205076	17
0.0205088	17
0.020509	17
0.0205096	17
0.0205099	17
0.0205104	17
0.0205109	17
0.0205122	17
0.0205146	17
0.0205156	17
0.0205165	17
0.0205166	17
0.0205189	17
0.0205191	17
0.0205221	17
0.0205287	17
0.0205366	17
0.0205448	17
0.0205479	17
0.0205479	17
0.020551	17
0.0205555	17
0.0205683	17
0.0205816	17
0.020594	17
0.0207225	17
0.0210741	17
0.0210756	17
0.0210765	17
0.0210803	17
0.0210823	17
0.0210836	17
0.0210849	17
0.0210873	17
0.0210929	17
0.0210938	17
0.0210961	17
0.0211002	17
0.0211141	17
0.0211263	17
0.0211386	17
0.0211567	17
0.0211574	17
0.0225753	17
0.0225755	17
0.0225768	17
0.0225777	17
0.0225777	17
0.0225783	17
0.0225797	17
0.0225801	17
0.0225807	17
0.0225812	17
0.022582	17
0.0225825	17
0.0225829	17
0.0225844	17
0.0225849	17
0.0225883	17
0.0225885	17
0.0225905	17
0.0225935	17
0.0225948	17
0.0226029	17
0.0226085	17
0.0226095	17
0.0226127	17
0.0226161	17
0.0226175	17
0.0226651	17
0.0236807	17
0.0236812	17
0.0236813	17
0.0236823	17
0.0236827	17
0.023683	17
0.0236856	17
0.0236872	17
0.0236946	17
0.0237009	17
0.0237096	17
0.0237112	17
0.0237174	17
0.0237227	17
0.0237338	17
0.0237365	17
0.0237368	17
0.023739	17
0.0237394	17
0.0237419	17
0.0237424	17
0.0237475	17
0.0237571	17
0.0237611	17
0.0237653	17
0.0237763	17
0.0237929	17
0.0238133	17
0.0270384	17
0.027039	17
0.0270409	17
0.0270472	17
0.0270478	17
0.0270518	17
0.027056	17
0.0270582	17
0.027065	17
0.0270835	17
0.0270949	17
0.0271018	17
0.0271024	17
0.0271026	17
0.0271031	17
0.0271031	17
0.0271031	17
0.0271036	17
0.0271039	17
0.0271044	17
0.0271048	17
0.0271049	17
0.0271059	17
0.0271059	17
0.0271059	17
0.0271063	17
0.0271065	17
0.0271072	17
0.027108	17
0.0271082	17
0.0271084	17
0.0271084	17
0.027109	17
0.0271096	17
0.0271098	17
0.02711	17
0.0271113	17
0.0271114	17
0.0271123	17
0.0271161	17
0.0271173	17
0.0271177	17
0.0271217	17
0.0271238	17
0.0271243	17
0.0271251	17
0.0271312	17
0.0271389	17
0.0271469	17
0.0271551	17
0.0271622	17
0.0271714	17
0.0271847	17
0.027191	17
0.027194	17
0.0271966	17
0.0271972	17
0.0271996	17
0.0272094	17
0.0272149	17
0.0272177	17
0.0272314	17
0.0272317	17
0.0272376	17
0.0272408	17
0.0272494	17
0.02725	17
0.0272528	17
0.0272586	17
0.0272649	17
0.0272815	17
0.0272821	17
0.0272838	17
0.0272842	17
0.0272844	17
0.0272847	17
0.0272853	17
0.0272864	17
0.0272866	17
0.0272894	17
0.0272899	17
0.0272902	17
0.027291	17
0.0272932	17
0.0272936	17
0.0272945	17
0.0272995	17
0.0273015	17
0.0273025	17
0.0273056	17
0.0273086	17
0.0273103	17
0.0273111	17
0.0273123	17
0.0273124	17
0.0273202	17
0.0273244	17
0.0273445	17
0.0273461	17
0.0273484	17
0.0273499	17
0.0273517	17
0.0273525	17
0.0273588	17
0.0273727	17
0.0273772	17
0.0273887	17
0.0274033	17
0.0274084	17
0.0274092	17
0.0274477	17
0.0274566	17
0.027471	17
0.0274801	17
0.0274849	17
0.0274884	17
0.0274988	17
0.0275421	17
0.0275421	17
0.0275422	17
0.0275424	17
0.0275426	17
0.0275428	17
0.0275436	17
0.0275436	17
0.0275439	17
0.0275441	17
0.0275446	17
0.0275449	17
0.0275449	17
0.027545	17
0.0275451	17
0.0275459	17
0.0275475	17
0.0275481	17
0.0275484	17
0.0275485	17
0.0275489	17
0.0275491	17
0.0275505	17
0.0275511	17
0.0275512	17
0.0275514	17
0.0275516	17
0.0275519	17
0.0275526	17
0.0275529	17
0.027553	17
0.0275534	17
0.0275541	17
0.0275544	17
0.0275546	17
0.0275595	17
0.0275597	17
0.0275602	17
0.0275625	17
0.0275637	17
0.027564	17
0.0275642	17
0.0275786	17
0.027581	17
0.0275821	17
0.0275834	17
0.0275868	17
0.027587	17
0.0275931	17
0.027599	17
0.0276034	17
0.0276165	17
0.0276215	17
0.0276223	17
0.0276258	17
0.0276352	17
0.0276378	17
0.0276554	17
0.0276557	17
0.0276591	17
0.0276621	17
0.0276881	17
0.0276901	17
0.0277578	17
0.0277889	17
0.0277927	17
0.0278052	17
0.0279308	17
0.0279467	17
0.0279536	17
0.0280136	17
0.0280234	17
0.0280884	17
0.0281063	17
0.0281101	17
0.028169	17
0.0282644	17
0.0282798	17
0.0283872	17
0.0284609	17
0.0287714	17
0.0287715	17
0.0287719	17
0.0287721	17
0.0287723	17
0.0287729	17
0.028773	17
0.0287749	17
0.0287757	17
0.0287762	17
0.0287765	17
0.0287765	17
0.0287774	17
0.0287783	17
0.0287785	17
0.0287802	17
0.0287804	17
0.0287805	17
0.0287842	17
0.0287881	17
0.0287895	17
0.02879	17
0.0287933	17
0.0287973	17
0.0287978	17
0.0287991	17
0.0288015	17
0.028802	17
0.0288032	17
0.0288054	17
0.0288055	17
0.0288062	17
0.0288158	17
0.0288308	17
0.0288531	17
0.0288813	17
0.0290296	17
0.0290786	17
0.0290942	17
0.0301436	17
0.0301437	17
0.0301439	17
0.030144	17
0.0301441	17
0.0301446	17
0.030145	17
0.0301451	17
0.0301452	17
0.0301454	17
0.0301454	17
0.0301463	17
0.0301464	17
0.0301465	17
0.0301468	17
0.0301472	17
0.0301473	17
0.0301474	17
0.0301476	17
0.0301485	17
0.0301492	17
0.0301493	17
0.03015	17
0.0301501	17
0.0301517	17
0.0301525	17
0.0301531	17
0.0301531	17
0.0301542	17
0.0301545	17
0.0301575	17
0.030158	17
0.0301613	17
0.0301621	17
0.0301623	17
0.0301625	17
0.0301641	17
0.030165	17
0.0301655	17
0.0301678	17
0.0301684	17
0.0301698	17
0.0301733	17
0.0301741	17
0.0301831	17
0.0301892	17
0.0301918	17
0.030194	17
0.0301965	17
0.0302049	17
0.0302116	17
0.0302202	17
0.0302317	17
0.0302536	17
0.0302944	17
0.0303264	17
0.0304758	17
0.0304923	17
0.0306747	17
0.0306827	17
0.0306847	17
0.0306867	17
0.0306907	17
0.0306921	17
0.0306952	17
0.0306995	17
0.0307226	17
0.0307377	17
0.0307546	17
0.0307568	17
0.0307643	17
0.0307668	17
0.0307724	17
0.0307724	17
0.0307725	17
0.030776	17
0.0307766	17
0.0308202	17
0.0308567	17
0.0308753	17
0.0308853	17
0.0308867	17
0.0309653	17
0.030966	17
0.0309691	17
0.0309836	17
0.0309993	17
0.0310027	17
0.0310044	17
0.0310313	17
0.0310508	17
0.0310825	17
0.0310976	17
0.0311185	17
0.0311335	17
0.0312152	17
0.0312477	17
0.0312778	17
0.0313277	17
0.0314084	17
0.031416	17
0.0315007	17
0.0315045	17
0.0316862	17
0.0317121	17
0.0319491	17
0.0319588	17
0.0320852	17
0.0320877	17
0.0320885	17
0.0320932	17
0.0320973	17
0.0320993	17
0.0321022	17
0.0321051	17
0.0321075	17
0.0321214	17
0.0321218	17
0.0321353	17
0.0321505	17
0.0321761	17
0.0323905	17
0.0325893	17
0.0336082	17
0.0336084	17
0.0336088	17
0.0336092	17
0.0336092	17
0.0336096	17
0.0336099	17
0.0336103	17
0.0336115	17
0.0336118	17
0.0336118	17
0.0336129	17
0.0336131	17
0.0336142	17
0.0336155	17
0.0336158	17
0.0336161	17
0.0336196	17
0.0336202	17
0.0336225	17
0.0336278	17
0.0336293	17
0.0336307	17
0.0336321	17
0.0336371	17
0.0336573	17
0.0336634	17
0.0336704	17
0.0336712	17
0.0336722	17
0.0336829	17
0.0336842	17
0.0336979	17
0.0337053	17
0.0337186	17
0.0337247	17
0.0337378	17
0.033809	17
0.0338146	17
0.0338256	17
0.0338285	17
0.0338665	17
0.0338791	17
0.0338995	17
0.0339338	17
0.0339748	17
0.0339878	17
0.0340461	17
0.0340749	17
0.0340986	17
0.0341385	17
0.034164	17
0.0343516	17
0.0343523	17
0.0343525	17
0.0343527	17
0.034353	17
0.0343533	17
0.0343533	17
0.0343536	17
0.0343542	17
0.0343542	17
0.0343544	17
0.0343544	17
0.0343545	17
0.0343547	17
0.0343553	17
0.0343558	17
0.034356	17
0.0343566	17
0.0343567	17
0.0343568	17
0.0343575	17
0.0343586	17
0.0343595	17
0.0343601	17
0.0343607	17
0.0343609	17
0.0343615	17
0.0343623	17
0.0343629	17
0.0343643	17
0.0343647	17
0.0343673	17
0.0343685	17
0.0343698	17
0.0343733	17
0.0343746	17
0.0343762	17
0.0343788	17
0.0343799	17
0.0343817	17
0.0343818	17
0.034382	17
0.0343904	17
0.0343978	17
0.0344096	17
0.034431	17
0.034431	17
0.034431	17
0.0344311	17
0.0344312	17
0.0344313	17
0.0344314	17
0.0344315	17
0.0344317	17
0.0344317	17
0.0344318	17
0.0344318	17
0.0344321	17
0.0344323	17
0.0344323	17
0.0344324	17
0.0344326	17
0.0344328	17
0.0344328	17
0.0344328	17
0.0344329	17
0.0344329	17
0.034433	17
0.0344331	17
0.0344333	17
0.0344333	17
0.0344347	17
0.0344349	17
0.034435	17
0.0344359	17
0.0344363	17
0.0344367	17
0.0344372	17
0.0344383	17
0.0344388	17
0.034439	17
0.0344392	17
0.0344394	17
0.0344398	17
0.0344405	17
0.0344415	17
0.0344424	17
0.0344425	17
0.0344425	17
0.0344426	17
0.0344444	17
0.0344455	17
0.0344458	17
0.0344461	17
0.0344467	17
0.0344489	17
0.0344503	17
0.0344509	17
0.0344513	17
0.0344523	17
0.0344531	17
0.0344582	17
0.0344587	17
0.0344598	17
0.0344663	17
0.0344668	17
0.0344683	17
0.03447	17
0.0344741	17
0.034478	17
0.0344868	17
0.0344971	17
0.0344979	17
0.0344994	17
0.0345018	17
0.0345038	17
0.0345046	17
0.0345154	17
0.0345169	17
0.0345191	17
0.0345269	17
0.0345349	17
0.0345537	17
0.0345551	17
0.0345563	17
0.0345566	17
0.0345642	17
0.0345665	17
0.0345861	17
0.0345983	17
0.0345983	17
0.0345988	17
0.034599	17
0.034599	17
0.0345993	17
0.0345993	17
0.0346003	17
0.0346011	17
0.0346012	17
0.0346013	17
0.0346014	17
0.0346023	17
0.0346024	17
0.0346029	17
0.0346036	17
0.0346039	17
0.0346051	17
0.034606	17
0.0346066	17
0.0346068	17
0.0346079	17
0.0346083	17
0.0346085	17
0.0346115	17
0.0346135	17
0.0346147	17
0.0346149	17
0.0346162	17
0.0346187	17
0.0346231	17
0.034624	17
0.0346244	17
0.0346253	17
0.0346277	17
0.0346281	17
0.0346288	17
0.0346294	17
0.0346305	17
0.0346329	17
0.0346349	17
0.0346368	17
0.034639	17
0.0346456	17
0.0346693	17
0.0346694	17
0.0346705	17
0.0346759	17
0.0346932	17
0.0347089	17
0.0347336	17
0.0347347	17
0.0347466	17
0.0347478	17
0.0347508	17
0.0347694	17
0.0347724	17
0.0347817	17
0.0347901	17
0.0348129	17
0.0348255	17
0.0348366	17
0.0348437	17
0.0348464	17
0.0348665	17
0.0348813	17
0.0348829	17
0.0349023	17
0.0349806	17
0.0350132	17
0.0350183	17
0.0350377	17
0.0351223	17
0.0351322	17
0.03524	17
0.0353495	17
0.0353585	17
0.0353754	17
0.0354024	17
0.0354369	17
0.0355633	17
0.0355938	17
0.0356248	17
0.035633	17
0.0356615	17
0.0356616	17
0.0356624	17
0.0356627	17
0.0356632	17
0.035664	17
0.0356652	17
0.0356653	17
0.0356662	17
0.0356673	17
0.0356678	17
0.0356686	17
0.0356697	17
0.0356705	17
0.0356809	17
0.0356903	17
0.035693	17
0.0356936	17
0.0357161	17
0.0357162	17
0.035723	17
0.0357362	17
0.0357516	17
0.0357517	17
0.0359171	17
0.0359235	17
0.0364994	17
0.0365289	17
0.0367408	17
0.0367666	17
0.0367704	17
0.0367742	17
0.0367767	17
0.0367907	17
0.0367933	17
0.0367989	17
0.0368048	17
0.0368158	17
0.0368188	17
0.0368361	17
0.0368402	17
0.0368424	17
0.0368593	17
0.0368601	17
0.0368736	17
0.0368743	17
0.0368858	17
0.0369036	17
0.0369256	17
0.0369289	17
0.0369401	17
0.0369452	17
0.0369673	17
0.0369687	17
0.0370291	17
0.0370525	17
0.037074	17
0.037105	17
0.0371265	17
0.0371607	17
0.0372296	17
0.0372296	17
0.0372296	17
0.0372307	17
0.0372323	17
0.0372328	17
0.0372344	17
0.0372346	17
0.0372348	17
0.0372349	17
0.0372385	17
0.0372401	17
0.0372406	17
0.0372452	17
0.0372482	17
0.0372543	17
0.0372612	17
0.0372625	17
0.0372677	17
0.0372702	17
0.037271	17
0.0372719	17
0.0372735	17
0.0372742	17
0.0372755	17
0.037276	17
0.0372848	17
0.0372871	17
0.0373165	17
0.0373634	17
0.0373805	17
0.0373907	17
0.0374568	17
0.0374965	17
0.0375206	17
0.0375525	17
0.0375784	17
0.0376661	17
0.0376882	17
0.037731	17
0.0377886	17
0.0378428	17
0.0378622	17
0.0378901	17
0.0378918	17
0.0379959	17
0.0380744	17
0.0381373	17
0.03827	17
0.0382701	17
0.0382704	17
0.0382704	17
0.0382706	17
0.0382711	17
0.0382721	17
0.0382725	17
0.0382727	17
0.0382727	17
0.0382729	17
0.0382729	17
0.0382732	17
0.0382736	17
0.0382739	17
0.0382743	17
0.0382762	17
0.0382765	17
0.0382774	17
0.0382795	17
0.038281	17
0.0382821	17
0.0382832	17
0.038285	17
0.0382851	17
0.0382862	17
0.0382875	17
0.0382878	17
0.0382952	17
0.0382974	17
0.0383013	17
0.0383056	17
0.0383079	17
0.0383087	17
0.0383299	17
0.0383469	17
0.0383549	17
0.0383832	17
0.0384318	17
0.0386217	17
0.0386767	17
0.0387581	17
0.0387776	17
0.0389497	17
0.0391754	17
0.0397193	17
0.0423178	17
0.0423211	17
0.0441523	17
0.0441566	17
0.04416	17
0.0441603	17
0.0441724	17
0.0452265	17
0.0452338	17
0.0452481	17
0.0452571	17
0.0452944	17
0.0452993	17
0.0453001	17
0.0453171	17
0.0453194	17
0.0453246	17
0.0453264	17
0.0453282	17
0.0453316	17
0.0453486	17
0.0453605	17
0.0453704	17
0.0453709	17
0.0453819	17
0.0453929	17
0.0454144	17
0.0454193	17
0.0454263	17
0.0454459	17
0.0454561	17
0.0454601	17
0.0454603	17
0.0454603	17
0.0454605	17
0.0454606	17
0.0454606	17
0.0454609	17
0.045461	17
0.0454613	17
0.0454617	17
0.045462	17
0.0454625	17
0.0454629	17
0.0454636	17
0.0454637	17
0.0454638	17
0.0454642	17
0.0454643	17
0.0454645	17
0.045465	17
0.0454651	17
0.0454651	17
0.0454652	17
0.0454654	17
0.0454656	17
0.0454662	17
0.0454664	17
0.0454671	17
0.0454674	17
0.0454674	17
0.0454675	17
0.0454688	17
0.0454695	17
0.0454697	17
0.0454728	17
0.0454731	17
0.0454733	17
0.045474	17
0.0454745	17
0.0454749	17
0.045475	17
0.0454757	17
0.0454759	17
0.0454765	17
0.045478	17
0.0454795	17
0.0454802	17
0.0454811	17
0.045482	17
0.0454861	17
0.0454922	17
0.0454949	17
0.0454976	17
0.045498	17
0.0455023	17
0.0455108	17
0.0455325	17
0.0455332	17
0.0455349	17
0.0455428	17
0.0455429	17
0.0455493	17
0.0455551	17
0.0455719	17
0.0455811	17
0.0456241	17
0.0456285	17
0.0456385	17
0.0456428	17
0.0456511	17
0.045669	17
0.0457442	17
0.0457507	17
0.0457623	17
0.0457974	17
0.0458244	17
0.045833	17
0.0458507	17
0.0458581	17
0.045859	17
0.045881	17
0.0458994	17
0.0459143	17
0.0459537	17
0.0459761	17
0.0459875	17
0.0460021	17
0.0460925	17
0.0461663	17
0.0462001	17
0.0462044	17
0.04625	17
0.0462803	17
0.0463806	17
0.0464606	17
0.0464882	17
0.0464906	17
0.0465003	17
0.0465062	17
0.0465522	17
0.0467258	17
0.0469673	17
0.0471507	17
0.0473529	17
0.047353	17
0.0473601	17
0.0473611	17
0.0473703	17
0.0473723	17
0.0473745	17
0.0474206	17
0.0474236	17
0.0474528	17
0.0474543	17
0.0474803	17
0.0474978	17
0.0475568	17
0.0480924	17
0.0496532	17
0.0496534	17
0.0496541	17
0.0496549	17
0.0496549	17
0.049655	17
0.0496558	17
0.0496561	17
0.0496577	17
0.0496613	17
0.049662	17
0.0496628	17
0.0496645	17
0.0496647	17
0.0496647	17
0.049667	17
0.0496691	17
0.0496702	17
0.0496707	17
0.0496716	17
0.0496716	17
0.0496719	17
0.0496743	17
0.0496747	17
0.0496766	17
0.0496829	17
0.0496836	17
0.0496919	17
0.049746	17
0.0497781	17
0.0498177	17
0.0506607	17
0.0506621	17
0.0506911	17
0.0509983	17
0.0510817	17
0.0510884	17
0.0511121	17
0.0520781	17
0.0521809	17
0.0521851	17
0.0547792	17
0.0547792	17
0.0547794	17
0.0547797	17
0.0547799	17
0.0547805	17
0.0548028	17
0.0548146	17
0.0548159	17
0.0548288	17
0.0548913	17
0.0549116	17
0.055031	17
0.0552455	17
0.0552958	17
0.0553278	17
0.0554476	17
0.0554729	17
0.0554755	17
0.0555132	17
0.0556962	17
0.0558136	17
0.0558148	17
0.0559304	17
0.0564453	17
0.0565987	17
0.0566526	17
0.0577438	17
0.0584549	17
0.0591406	17
0.059141	17
0.0591437	17
0.0591441	17
0.0591459	17
0.059146	17
0.0591528	17
0.0591617	17
0.0591672	17
0.0591792	17
0.0591805	17
0.0591839	17
0.0591915	17
0.0591926	17
0.0592205	17
0.0592258	17
0.0593273	17
0.0593325	17
0.0593542	17
0.0593975	17
0.0594997	17
0.0595084	17
0.0595229	17
0.061654	17
0.0617292	17
0.0617315	17
0.0618749	17
0.0625064	17
0.0625379	17
0.0625439	17
0.0626005	17
0.0626882	17
0.0626935	17
0.06369	17
0.0637603	17
0.0658343	17
0.065835	17
0.0658473	17
0.0660299	17
0.0660747	17
0.0665179	17
0.0665249	17
0.0666203	17
0.0699034	17
0.0699193	17
0.0699205	17
0.0699605	17
0.0705961	17
0.0706033	17
0.0706056	17
0.0706065	17
0.0707191	17
0.0707291	17
0.0713731	17
0.0713827	17
0.0714046	17
0.071507	17
0.0715227	17
0.0715256	17
0.071653	17
0.0716885	17
0.0719701	17
0.0720511	17
0.0720573	17
0.072064	17
0.0724172	17
0.0729942	17
0.073206	17
0.0733519	17
0.0733725	17
0.073398	17
0.0733986	17
0.0744639	17
0.0744662	17
0.0744677	17
0.0744693	17
0.0744727	17
0.0749414	17
0.0749734	17
0.074977	17
0.0754172	17
0.0754772	17
0.0754832	17
0.075546	17
0.0758022	17
0.0758026	17
0.0758034	17
0.0758035	17
0.075805	17
0.0758059	17
0.075807	17
0.0758091	17
0.0758105	17
0.075814	17
0.0758155	17
0.0758193	17
0.0758292	17
0.0758315	17
0.0769271	17
0.0771175	17
0.0771177	17
0.0776361	17
0.0777347	17
0.077822	17
0.0778247	17
0.0780051	17
0.0780083	17
0.0781015	17
0.0781382	17
0.0806884	17
0.0806906	17
0.0806989	17
0.0806994	17
0.0816701	17
0.081696	17
0.0835337	17
0.083849	17
0.0839477	17
0.0866238	17
0.0871238	17
0.087126	17
0.0871754	17
0.0871794	17
0.0873435	17
0.0873446	17
0.0873952	17
0.0873968	17
0.0896212	17
0.0896231	17
0.0896431	17
0.0896445	17
0.0907242	17
0.0907244	17
0.0908727	17
0.090899	17
0.0985603	17
0.0985661	17
0.0985783	17
0.0985858	17
0.0987408	17
0.0997183	17
0.108231	17
0.108231	17
0.108368	17
0.108373	17
0.10838	17
0.108488	17
0.108491	17
0.11244	17
0.112487	17
0.112498	17
0.112499	17
0.1125	17
0.112504	17
0.112741	17
0.11301	17
0.115418	17
0.115422	17
0.115702	17
0.116588	17
0.116632	17
0.11812	17
0.11814	17
0.11814	17
0.118321	17
0.118367	17
0.11926	17
0.119455	17
0.122548	17
0.122548	17
0.12255	17
0.122552	17
0.131185	17
0.131185	17
0.131186	17
0.131186	17
0.131187	17
0.131665	17
0.13179	17
0.133709	17
0.133721	17
0.13868	17
0.138688	17
0.138736	17
0.138738	17
0.138739	17
0.139086	17
0.139086	17
0.13916	17
0.141692	17
0.141734	17
0.141734	17
0.142083	17
0.143755	17
0.143758	17
0.143783	17
0.14424	17
0.144276	17
0.144277	17
0.144307	17
0.144309	17
0.144324	17
0.151943	17
0.151944	17
0.151944	17
0.151951	17
0.15286	17
0.153295	17
0.153296	17
0.153368	17
0.153375	17
0.15367	17
0.153716	17
0.153737	17
0.153776	17
0.156404	17
0.15645	17
0.156455	17
0.156455	17
0.157229	17
0.15725	17
0.157251	17
0.157941	17
0.158009	17
0.158009	17
0.158012	17
0.15945	17
0.15945	17
0.15945	17
0.159452	17
0.159637	17
0.159639	17
0.159642	17
0.164152	17
0.164183	17
0.164184	17
0.165471	17
0.165606	17
0.165609	17
0.166049	17
0.166055	17
0.166094	17
0.166151	17
0.166186	17
0.166299	17
0.1669	17
0.167954	17
0.168075	17
0.168094	17
0.168898	17
0.16901	17
0.169012	17
0.169031	17
0.175822	17
0.176057	17
0.176059	17
0.176079	17
0.176093	17
0.177375	17
0.17738	17
0.178361	17
0.178475	17
0.180549	17
0.180572	17
0.180574	17
0.180593	17
0.180595	17
0.180627	17
0.180889	17
0.181527	17
0.181532	17
0.181955	17
0.182414	17
0.182424	17
0.182442	17
0.182581	17
0.182582	17
0.182587	17
0.182613	17
0.182772	17
0.182862	17
0.182871	17
0.184976	17
0.184985	17
0.187616	17
0.187617	17
0.187642	17
0.189634	17
0.189635	17
0.189753	17
0.189927	17
0.189929	17
0.189957	17
0.190364	17
0.190365	17
0.190452	17
0.193628	17
0.193632	17
0.193735	17
0.194206	17
0.194206	17
0.200002	17
0.200126	17
0.200282	17
0.200282	17
0.203048	17
0.203125	17
0.203225	17
0.203225	17
0.203792	17
0.203803	17
0.203876	17
0.203877	17
0.204475	17
0.207968	17
0.208195	17
0.208195	17
0.218637	17
0.218638	17
0.218639	17
0.21864	17
0.218641	17
0.218812	17
0.218814	17
0.226654	17
0.226656	17
0.226935	17
0.226939	17
0.227374	17
0.227444	17
0.227453	17
0.227731	17
0.227827	17
0.227852	17
0.227962	17
0.230183	17
0.230224	17
0.230288	17
0.233025	17
0.233037	17
0.233038	17
0.237884	17
0.237935	17
0.237935	17
0.260718	17
0.260718	17
0.260718	17
0.260718	17
0.260719	17
0.260719	17
0.260844	17
0.260849	17
0.261649	17
0.262448	17
0.2625	17
0.262592	17
0.262592	17
0.264452	17
0.264604	17
0.264605	17
0.265312	17
0.265397	17
0.265411	17
0.265411	17
0.267298	17
0.267309	17
0.26731	17
0.267722	17
0.267804	17
0.267807	17
0.270396	17
0.270494	17
0.270495	17
0.270656	17
0.270673	17
0.270677	17
0.272282	17
0.27257	17
0.272593	17
0.275572	17
0.275573	17
0.275646	17
0.275646	17
0.276087	17
0.27617	17
0.27617	17
0.276263	17
0.276338	17
0.276341	17
0.277965	17
0.279144	17
0.279146	17
0.279166	17
0.279201	17
0.279201	17
0.27971	17
0.279806	17
0.279808	17
0.288756	17
0.288756	17
0.288978	17
0.288981	17
0.290459	17
0.290461	17
0.290462	17
0.290598	17
0.290603	17
0.29061	17
0.290815	17
0.290834	17
0.290834	17
0.290836	17
0.290994	17
0.291272	17
0.293041	17
0.293053	17
0.293054	17
0.293112	17
0.293128	17
0.294302	17
0.294545	17
0.294602	17
0.301329	17
0.30133	17
0.302863	17
0.302872	17
0.302893	17
0.302896	17
0.306026	17
0.306122	17
0.306125	17
0.306619	17
0.306816	17
0.306826	17
0.307312	17
0.310715	17
0.310754	17
0.310775	17
0.319775	17
0.319776	17
0.319855	17
0.319859	17
0.319896	17
0.319898	17
0.321729	17
0.322005	17
0.322014	17
0.322754	17
0.322801	17
0.322977	17
0.322998	17
0.323023	17
0.327132	17
0.327153	17
0.327208	17
0.327248	17
0.327253	17
0.327254	17
0.328226	17
0.328311	17
0.328312	17
0.328368	17
0.336173	17
0.340297	17
0.341836	17
0.345469	17
0.345756	17
0.353223	17
0.353232	17
0.353235	17
0.353303	17
0.353313	17
0.36181	17
0.361829	17
0.361831	17
0.361957	17
0.373249	17
0.37325	17
0.373263	17
0.373312	17
0.37337	17
0.373371	17
0.373545	17
0.373602	17
0.373602	17
0.376446	17
0.376454	17
0.376454	17
0.378655	17
0.378737	17
0.378738	17
0.38271	17
0.382735	17
0.382736	17
0.382803	17
0.382852	17
0.382853	17
0.388041	17
0.388507	17
0.388516	17
0.388517	17
0.39059	17
0.390598	17
0.3906	17
0.401456	17
0.401457	17
0.401514	17
0.401514	17
0.401544	17
0.401545	17
0.403348	17
0.406624	17
0.412007	17
0.414222	17
0.414237	17
0.415185	17
0.4152	17
0.415232	17
0.431487	17
0.431489	17
0.431563	17
0.431623	17
0.431624	17
0.434052	17
0.434067	17
0.434067	17
0.441552	17
0.441553	17
0.441597	17
0.441597	17
0.442489	17
0.442548	17
0.442548	17
0.447298	17
0.447367	17
0.447367	17
0.447512	17
0.447512	17
0.448517	17
0.44877	17
0.448783	17
0.448866	17
0.448868	17
0.45384	17
0.45384	17
0.45384	17
0.454061	17
0.454065	17
0.464503	17
0.464505	17
0.464621	17
0.464625	17
0.468093	17
0.468093	17
0.468096	17
0.47067	17
0.47067	17
0.470687	17
0.470689	17
0.470703	17
0.47071	17
0.475443	17
0.478854	17
0.478949	17
0.47895	17
0.479349	17
0.484924	17
0.484924	17
0.484925	17
0.484927	17
0.484927	17
0.484968	17
0.484969	17
0.485219	17
0.485251	17
0.485252	17
0.490176	17
0.493108	17
0.49324	17
0.493305	17
0.493307	17
0.50316	17
0.503337	17
0.503339	17
0.505167	17
0.505192	17
0.505194	17
0.505253	17
0.505253	17
0.510107	17
0.512801	17
0.512856	17
0.512876	17
0.512877	17
0.518362	17
0.518422	17
0.518442	17
0.518449	17
0.519917	17
0.520051	17
0.520052	17
0.526992	17
0.527018	17
0.527032	17
0.527032	17
0.527779	17
0.527816	17
0.527816	17
0.536531	17
0.536654	17
0.536655	17
0.536831	17
0.536835	17
0.547819	17
0.547819	17
0.547876	17
0.547877	17
0.548583	17
0.5486	17
0.548608	17
0.549505	17
0.549794	17
0.549794	17
0.550153	17
0.550848	17
0.550849	17
0.550911	17
0.550934	17
0.552947	17
0.552954	17
0.552974	17
0.552986	17
0.553048	17
0.553431	17
0.553451	17
0.553458	17
0.553536	17
0.555179	17
0.555184	17
0.555191	17
0.555365	17
0.555428	17
0.555435	17
0.55584	17
0.55606	17
0.55606	17
0.557146	17
0.557219	17
0.557219	17
0.557747	17
0.55775	17
0.557752	17
0.558754	17
0.558755	17
0.558755	17
0.559719	17
0.559729	17
0.559731	17
0.562458	17
0.562478	17
0.56257	17
0.562572	17
0.565879	17
0.565923	17
0.565928	17
0.567389	17
0.567393	17
0.567396	17
0.568259	17
0.568394	17
0.569947	17
0.57197	17
0.57197	17
0.572045	17
0.572045	17
0.573699	17
0.573772	17
0.573774	17
0.577164	17
0.577628	17
0.577629	17
0.595212	17
0.595212	17
0.595212	17
0.595212	17
0.595331	17
0.595332	17
0.597973	17
0.598245	17
0.598245	17
0.598704	17
0.598733	17
0.598734	17
0.600178	17
0.600238	17
0.600241	17
0.604638	17
0.604705	17
0.604707	17
0.606055	17
0.606105	17
0.606108	17
0.607935	17
0.607968	17
0.607992	17
0.614878	17
0.614883	17
0.615127	17
0.630558	17
0.630558	17
0.630566	17
0.630566	17
0.63061	17
0.630611	17
0.635128	17
0.637423	17
0.637442	17
0.637446	17
0.637447	17
0.637447	17
0.639486	17
0.639507	17
0.63951	17
0.639517	17
0.64034	17
0.64059	17
0.64059	17
0.645361	17
0.645382	17
0.645416	17
0.645416	17
0.645949	17
0.646001	17
0.646001	17
0.651077	17
0.651108	17
0.65111	17
0.661517	17
0.661518	17
0.669225	17
0.669297	17
0.669298	17
0.671679	17
0.671708	17
0.671709	17
0.671808	17
0.67181	17
0.67723	17
0.677232	17
0.677345	17
0.677346	17
0.68265	17
0.686424	17
0.686424	17
0.686426	17
0.686837	17
0.686853	17
0.686854	17
0.69027	17
0.690279	17
0.69028	17
0.701812	17
0.701835	17
0.701838	17
0.707896	17
0.707899	17
0.707915	17
0.707921	17
0.710584	17
0.716202	17
0.716203	17
0.716324	17
0.716332	17
0.716369	17
0.716463	17
0.716463	17
0.716689	17
0.716689	17
0.73209	17
0.73209	17
0.732094	17
0.732268	17
0.732271	17
0.732544	17
0.732664	17
0.732666	17
0.742532	17
0.742535	17
0.742537	17
0.742599	17
0.742603	17
0.744622	17
0.744682	17
0.744685	17
0.745775	17
0.745782	17
0.745783	17
0.746566	17
0.75124	17
0.751592	17
0.751648	17
0.751688	17
0.751694	17
0.758765	17
0.758897	17
0.7589	17
0.759412	17
0.759476	17
0.759476	17
0.773676	17
0.773678	17
0.773802	17
0.773802	17
0.789896	17
0.789896	17
0.789918	17
0.789919	17
0.789955	17
0.789963	17
0.792324	17
0.792364	17
0.792385	17
0.79477	17
0.79493	17
0.794947	17
0.80009	17
0.800155	17
0.800168	17
0.802552	17
0.802842	17
0.802847	17
0.809365	17
0.809366	17
0.809762	17
0.809765	17
0.814094	17
0.814099	17
0.814099	17
0.8141	17
0.814163	17
0.814244	17
0.814649	17
0.814658	17
0.818809	17
0.818874	17
0.818876	17
0.826591	17
0.826641	17
0.826651	17
0.830006	17
0.830099	17
0.830106	17
0.831417	17
0.831505	17
0.831525	17
0.832447	17
0.837779	17
0.837798	17
0.837827	17
0.837879	17
0.837904	17
0.837909	17
0.84469	17
0.844742	17
0.844744	17
0.844797	17
0.853318	17
0.853318	17
0.853431	17
0.853436	17
0.853464	17
0.85643	17
0.861592	17
0.861725	17
0.86181	17
0.861815	17
0.86503	17
0.871056	17
0.871171	17
0.872728	17
0.872742	17
0.872745	17
0.872816	17
0.87282	17
0.874066	17
0.874093	17
0.874098	17
0.875533	17
0.875724	17
0.875728	17
0.8773	17
0.891429	17
0.89151	17
0.891511	17
0.892311	17
0.892316	17
0.902881	17
0.902882	17
0.902901	17
0.902903	17
0.902942	17
0.90642	17
0.909108	17
0.909112	17
0.909115	17
0.909122	17
0.911273	17
0.911341	17
0.911348	17
0.911481	17
0.911881	17
0.911884	17
0.911913	17
0.91283	17
0.912837	17
0.913374	17
0.913376	17
0.915301	17
0.915301	17
0.923067	17
0.923292	17
0.932431	17
0.932481	17
0.932481	17
0.932493	17
0.934988	17
0.935091	17
0.935105	17
0.935166	17
0.94128	17
0.94128	17
0.941282	17
0.941316	17
0.947073	17
0.947087	17
0.947236	17
0.951139	17
0.954265	17
0.954645	17
0.954673	17
0.957309	17
0.957429	17
0.957435	17
0.957951	17
0.967642	17
0.967642	17
0.967646	17
0.967688	17
0.967721	17
0.967782	17
0.967792	17
0.967815	17
0.973666	17
0.973678	17
0.973682	17
0.97378	17
0.981319	17
0.981358	17
0.981526	17
0.982002	17
0.982046	17
0.982131	17
0.986224	17
0.986269	17
0.986305	17
0.988168	17
0.995257	17
0.995354	17
1.00349	17
1.00352	17
1.00353	17
1.0036	17
1.00678	17
1.01033	17
1.01033	17
1.01036	17
1.01036	17
1.01037	17
1.01041	17
1.01045	17
1.01045	17
1.02088	17
1.02105	17
1.02105	17
1.02672	17
1.02673	17
1.02673	17
1.02733	17
1.02733	17
1.02733	17
1.03581	17
1.03585	17
1.03585	17
1.03674	17
1.03679	17
1.03687	17
1.03687	17
1.05246	17
1.05255	17
1.05256	17
1.05264	17
1.05274	17
1.05274	17
1.05689	17
1.06397	17
1.06397	17
1.06397	17
1.06399	17
1.06407	17
1.06407	17
1.07033	17
1.0705	17
1.0705	17
1.07313	17
1.09655	17
1.09655	17
1.0967	17
1.0967	17
1.0967	17
1.09767	17
1.09972	17
1.0999	17
1.11197	17
1.11197	17
1.11211	17
1.11223	17
1.11223	17
1.13451	17
1.13451	17
1.13451	17
1.13453	17
1.13457	17
1.13457	17
1.13529	17
1.13533	17
1.13533	17
1.13646	17
1.13648	17
1.13648	17
1.1365	17
1.14427	17
1.14428	17
1.15975	17
1.15976	17
1.15981	17
1.15982	17
1.15982	17
1.16312	17
1.16328	17
1.16329	17
1.16635	17
1.16752	17
1.16758	17
1.18182	17
1.18182	17
1.18192	17
1.19251	17
1.19252	17
1.19259	17
1.19517	17
1.19519	17
1.19519	17
1.19521	17
1.19521	17
1.19985	17
1.1999	17
1.19991	17
1.20074	17
1.20076	17
1.20079	17
1.20079	17
1.20246	17
1.20763	17
1.2077	17
1.20772	17
1.21536	17
1.21537	17
1.21537	17
1.21541	17
1.21541	17
1.22802	17
1.22802	17
1.22809	17
1.22809	17
1.23685	17
1.2399	17
1.25108	17
1.25108	17
1.25125	17
1.28316	17
1.28317	17
1.28318	17
1.28318	17
1.2832	17
1.2832	17
1.28709	17
1.30378	17
1.30381	17
1.30381	17
1.30401	17
1.30401	17
1.30477	17
1.3048	17
1.30481	17
1.30564	17
1.30576	17
1.30576	17
1.30645	17
1.30649	17
1.30649	17
1.31003	17
1.31499	17
1.31502	17
1.31503	17
1.31503	17
1.31886	17
1.31887	17
1.31887	17
1.31965	17
1.31978	17
1.31978	17
1.32514	17
1.32517	17
1.32518	17
1.33652	17
1.33662	17
1.33662	17
1.34143	17
1.34146	17
1.34146	17
1.34718	17
1.34729	17
1.34776	17
1.34776	17
1.35066	17
1.35066	17
1.3507	17
1.3507	17
1.35422	17
1.35422	17
1.35433	17
1.35433	17
1.35832	17
1.35852	17
1.35852	17
1.37307	17
1.37307	17
1.38125	17
1.38127	17
1.38127	17
1.38131	17
1.38132	17
1.38572	17
1.38577	17
1.38577	17
1.39355	17
1.39358	17
1.39358	17
1.39729	17
1.39737	17
1.39737	17
1.40377	17
1.40377	17
1.40377	17
1.40452	17
1.40457	17
1.40481	17
1.40481	17
1.40662	17
1.40678	17
1.40678	17
1.43274	17
1.43274	17
1.43284	17
1.43284	17
1.43797	17
1.4618	17
1.4618	17
1.46186	17
1.46186	17
1.46186	17
1.46186	17
1.4622	17
1.46233	17
1.46233	17
1.46773	17
1.46777	17
1.46777	17
1.46994	17
1.46994	17
1.47021	17
1.47021	17
1.47402	17
1.47429	17
1.47429	17
1.47576	17
1.4758	17
1.47581	17
1.47607	17
1.4762	17
1.47621	17
1.48997	17
1.48997	17
1.49017	17
1.49017	17
1.49765	17
1.49777	17
1.49777	17
1.49821	17
1.49821	17
1.5017	17
1.50237	17
1.50237	17
1.50254	17
1.50254	17
1.50719	17
1.50917	17
1.50919	17
1.5092	17
1.51087	17
1.51342	17
1.51354	17
1.51432	17
1.51446	17
1.51877	17
1.51878	17
1.51878	17
1.51887	17
1.51887	17
1.52056	17
1.52058	17
1.52066	17
1.52066	17
1.52069	17
1.5207	17
1.52121	17
1.52125	17
1.52126	17
1.52458	17
1.525	17
1.52502	17
1.52621	17
1.52622	17
1.52622	17
1.52622	17
1.52622	17
1.53216	17
1.53219	17
1.53221	17
1.53706	17
1.53713	17
1.53714	17
1.5378	17
1.54249	17
1.54252	17
1.54257	17
1.54258	17
1.54413	17
1.54415	17
1.54415	17
1.5469	17
1.54697	17
1.54715	17
1.54715	17
1.55188	17
1.55191	17
1.55191	17
1.55326	17
1.55336	17
1.55336	17
1.55528	17
1.55589	17
1.5559	17
1.5728	17
1.5728	17
1.57289	17
1.57289	17
1.5761	17
1.57619	17
1.57638	17
1.5764	17
1.59072	17
1.59072	17
1.59072	17
1.59085	17
1.59085	17
1.59229	17
1.59233	17
1.59294	17
1.59296	17
1.59308	17
1.5975	17
1.59773	17
1.59784	17
1.59784	17
1.59831	17
1.59834	17
1.59834	17
1.60784	17
1.60796	17
1.60796	17
1.61537	17
1.61537	17
1.6154	17
1.6154	17
1.61541	17
1.61542	17
1.62189	17
1.62196	17
1.62196	17
1.63285	17
1.63322	17
1.63901	17
1.63904	17
1.63907	17
1.63907	17
1.63941	17
1.63941	17
1.63942	17
1.63948	17
1.63949	17
1.64634	17
1.64653	17
1.64654	17
1.65046	17
1.65075	17
1.65075	17
1.65203	17
1.65214	17
1.65214	17
1.65501	17
1.65517	17
1.65517	17
1.66057	17
1.66063	17
1.66088	17
1.66088	17
1.66384	17
1.66389	17
1.66392	17
1.66394	17
1.67023	17
1.67027	17
1.67027	17
1.67029	17
1.67031	17
1.67032	17
1.68703	17
1.68706	17
1.68706	17
1.72049	17
1.7205	17
1.72051	17
1.72051	17
1.72245	17
1.72248	17
1.7225	17
1.72441	17
1.72441	17
1.72441	17
1.72452	17
1.72453	17
1.73181	17
1.73181	17
1.73207	17
1.73208	17
1.73283	17
1.73285	17
1.73285	17
1.74458	17
1.74906	17
1.74909	17
1.77468	17
1.77481	17
1.77481	17
1.77577	17
1.77578	17
1.77581	17
1.77581	17
1.77582	17
1.77582	17
1.77583	17
1.77584	17
1.77847	17
1.7785	17
1.77852	17
1.781	17
1.78101	17
1.78102	17
1.79237	17
1.79542	17
1.79546	17
1.79546	17
1.79558	17
1.79558	17
1.8023	17
1.80231	17
1.80231	17
1.80787	17
1.80787	17
1.80798	17
1.80799	17
1.81078	17
1.81078	17
1.81079	17
1.8108	17
1.81112	17
1.81118	17
1.81122	17
1.81296	17
1.82721	17
1.82898	17
1.82901	17
1.8291	17
1.83173	17
1.83173	17
1.83174	17
1.83174	17
1.83175	17
1.83184	17
1.83243	17
1.83248	17
1.8325	17
1.83311	17
1.83316	17
1.83316	17
1.83834	17
1.83938	17
1.8394	17
1.84193	17
1.84195	17
1.84195	17
1.84931	17
1.84931	17
1.84931	17
1.85779	17
1.85782	17
1.85814	17
1.85815	17
1.85833	17
1.85838	17
1.85839	17
1.85839	17
1.8584	17
1.86074	17
1.86082	17
1.86093	17
1.86096	17
1.8675	17
1.86764	17
1.86777	17
1.86842	17
1.86929	17
1.86931	17
1.87136	17
1.87139	17
1.87139	17
1.87146	17
1.87686	17
1.87686	17
1.87697	17
1.88063	17
1.88064	17
1.90074	17
1.90074	17
1.90077	17
1.90077	17
1.90086	17
1.90544	17
1.90544	17
1.90546	17
1.91899	17
1.91899	17
1.919	17
1.9192	17
1.9192	17
1.92121	17
1.92122	17
1.92122	17
1.92125	17
1.92298	17
1.92299	17
1.92321	17
1.93156	17
1.93156	17
1.93156	17
1.9316	17
1.9371	17
1.9371	17
1.93715	17
1.9442	17
1.9442	17
1.94422	17
1.94609	17
1.94609	17
1.94615	17
1.95082	17
1.95083	17
1.95706	17
1.95712	17
1.95713	17
1.95716	17
1.95924	17
1.95926	17
1.95926	17
1.95939	17
1.97436	17
1.97436	17
1.97453	17
1.97889	17
1.9789	17
1.97897	17
1.9826	17
1.98261	17
1.98261	17
1.98268	17
2.01559	17
2.01559	17
2.0156	17
2.01567	17
2.01874	17
2.01876	17
2.01878	17
2.03208	17
2.03209	17
2.0321	17
2.04098	17
2.04098	17
2.04103	17
2.04803	17
2.04804	17
2.04804	17
2.04824	17
2.04826	17
2.04848	17
2.06932	17
2.06932	17
2.06933	17
2.06967	17
2.07389	17
2.0739	17
2.07394	17
2.07914	17
2.07914	17
2.07917	17
2.08111	17
2.08399	17
2.08399	17
2.084	17
2.0914	17
2.09141	17
2.09141	17
2.09141	17
2.09873	17
2.09873	17
2.09874	17
2.0989	17
2.11054	17
2.11063	17
2.11063	17
2.11097	17
2.111	17
2.111	17
2.11118	17
2.11824	17
2.12245	17
2.1229	17
2.1229	17
2.12413	17
2.12416	17
2.12424	17
2.12425	17
2.12738	17
2.12742	17
2.12742	17
2.13592	17
2.13592	17
2.136	17
2.136	17
2.1365	17
2.13928	17
2.13932	17
2.13933	17
2.13935	17
2.13935	17
2.13955	17
2.14143	17
2.16415	17
2.16415	17
2.16427	17
2.16427	17
2.16433	17
2.17382	17
2.17383	17
2.18056	17
2.18058	17
2.18059	17
2.1806	17
2.18487	17
2.18496	17
2.18497	17
2.18499	17
2.18971	17
2.18971	17
2.18976	17
2.18995	17
2.18995	17
2.18995	17
2.19015	17
2.19236	17
2.19246	17
2.1925	17
2.19271	17
2.19493	17
2.19498	17
2.195	17
2.19511	17
2.19648	17
2.1965	17
2.19652	17
2.19671	17
2.19866	17
2.19867	17
2.19891	17
2.19898	17
2.19899	17
2.19903	17
2.20183	17
2.20184	17
2.20191	17
2.21912	17
2.21913	17
2.21913	17
2.21914	17
2.21922	17
2.23306	17
2.2346	17
2.23465	17
2.23465	17
2.24864	17
2.24873	17
2.24874	17
2.24883	17
2.24891	17
2.24891	17
2.24894	17
2.24903	17
2.25956	17
2.25956	17
2.25973	17
2.27482	17
2.27482	17
2.27482	17
2.27483	17
2.28922	17
2.28923	17
2.29215	17
2.29218	17
2.2922	17
2.29226	17
2.31079	17
2.31079	17
2.3108	17
2.31857	17
2.31862	17
2.31863	17
2.32054	17
2.32063	17
2.32066	17
2.32075	17
2.32413	17
2.32414	17
2.32437	17
2.33615	17
2.33615	17
2.33618	17
2.34976	17
2.34976	17
2.34978	17
2.37437	17
2.37437	17
2.3744	17
2.37457	17
2.3992	17
2.39921	17
2.39953	17
2.4526	17
2.4526	17
2.45261	17
2.45269	17
2.45269	17
2.45485	17
2.45485	17
2.45486	17
2.456	17
2.45602	17
2.45603	17
2.46303	17
2.46304	17
2.46308	17
2.46313	17
2.46434	17
2.46438	17
2.46441	17
2.46441	17
2.46448	17
2.4646	17
2.46465	17
2.46466	17
2.48375	17
2.48375	17
2.48377	17
2.48377	17
2.48393	17
2.48404	17
2.48412	17
2.48448	17
2.48453	17
2.48454	17
2.49026	17
2.49026	17
2.49026	17
2.49758	17
2.49769	17
2.4977	17
2.49773	17
2.49834	17
2.49835	17
2.49858	17
2.49858	17
2.50396	17
2.50405	17
2.50418	17
2.50438	17
2.51238	17
2.51238	17
2.51241	17
2.51241	17
2.51475	17
2.5148	17
2.5148	17
2.51844	17
2.51848	17
2.51875	17
2.51875	17
2.52505	17
2.52508	17
2.52508	17
2.54843	17
2.54845	17
2.54845	17
2.55441	17
2.55588	17
2.5559	17
2.55617	17
2.55617	17
2.55958	17
2.5596	17
2.55961	17
2.57833	17
2.57859	17
2.57859	17
2.5826	17
2.58265	17
2.58265	17
2.63415	17
2.63415	17
2.63425	17
2.63426	17
2.63788	17
2.64654	17
2.64661	17
2.64663	17
2.64663	17
2.65583	17
2.65584	17
2.65588	17
2.65588	17
2.66086	17
2.66092	17
2.66098	17
2.66098	17
2.66601	17
2.66863	17
2.66872	17
2.69971	17
2.69971	17
2.69975	17
2.69976	17
2.69976	17
2.70132	17
2.70136	17
2.70136	17
2.70141	17
2.70643	17
2.70655	17
2.71086	17
2.71086	17
2.71091	17
2.71096	17
2.71096	17
2.71192	17
2.71581	17
2.71778	17
2.71787	17
2.71789	17
2.72366	17
2.72367	17
2.72369	17
2.72388	17
2.72388	17
2.742	17
2.74221	17
2.74221	17
2.75066	17
2.75078	17
2.75078	17
2.77388	17
2.77393	17
2.77394	17
2.77559	17
2.77563	17
2.77564	17
2.78316	17
2.78316	17
2.78329	17
2.78333	17
2.78333	17
2.78479	17
2.78486	17
2.78493	17
2.78493	17
2.78974	17
2.78991	17
2.78992	17
2.7903	17
2.79037	17
2.79037	17
2.80488	17
2.80531	17
2.80531	17
2.80652	17
2.80653	17
2.80653	17
2.81119	17
2.81126	17
2.81126	17
2.81165	17
2.81175	17
2.81175	17
2.82089	17
2.82094	17
2.82094	17
2.82412	17
2.82418	17
2.82424	17
2.82425	17
2.82537	17
2.82542	17
2.82542	17
2.82696	17
2.82697	17
2.82697	17
2.88039	17
2.88039	17
2.88042	17
2.88042	17
2.89885	17
2.89892	17
2.89892	17
2.90378	17
2.90379	17
2.90379	17
2.90765	17
2.90789	17
2.90789	17
2.90881	17
2.90899	17
2.90899	17
2.91653	17
2.91657	17
2.91657	17
2.91998	17
2.92009	17
2.92009	17
2.92275	17
2.92275	17
2.9229	17
2.9229	17
2.92504	17
2.92506	17
2.92523	17
2.92524	17
2.92574	17
2.92599	17
2.92599	17
2.92759	17
2.92806	17
2.92815	17
2.96794	17
2.96794	17
2.96794	17
2.96801	17
2.96801	17
2.97719	17
2.97745	17
2.97745	17
2.97801	17
2.97817	17
2.97817	17
2.98802	17
2.98837	17
2.98837	17
2.99258	17
2.9926	17
2.9926	17
3.01435	17
3.01435	17
3.01437	17
3.01459	17
3.01459	17
3.01513	17
3.03298	17
3.03299	17
3.03299	17
3.033	17
3.033	17
3.03756	17
3.03762	17
3.03766	17
3.03766	17
3.04085	17
3.04096	17
3.04096	17
3.06682	17
3.06682	17
3.06683	17
3.07723	17
3.07724	17
3.07728	17
3.07728	17
3.08428	17
3.08429	17
3.08433	17
3.08433	17
3.08488	17
3.08489	17
3.08495	17
3.08495	17
3.08995	17
3.09013	17
3.09013	17
3.09434	17
3.09437	17
3.09437	17
3.09602	17
3.09612	17
3.09613	17
3.09681	17
3.09686	17
3.10479	17
3.1048	17
3.11444	17
3.11449	17
3.1145	17
3.11598	17
3.11599	17
3.11599	17
3.12208	17
3.14929	17
3.14931	17
3.1494	17
3.14945	17
3.14945	17
3.15552	17
3.15553	17
3.15554	17
3.15554	17
3.16977	17
3.16995	17
3.16995	17
3.17843	17
3.17847	17
3.1785	17
3.17851	17
3.18195	17
3.18195	17
3.18195	17
3.18213	17
3.18213	17
3.18726	17
3.18743	17
3.18743	17
3.18837	17
3.18838	17
3.18838	17
3.19727	17
3.19741	17
3.19741	17
3.19815	17
3.19819	17
3.19819	17
3.26405	17
3.26406	17
3.26412	17
3.2642	17
3.2642	17
3.28713	17
3.28714	17
3.28727	17
3.28727	17
3.29129	17
3.29138	17
3.29151	17
3.29151	17
3.32099	17
3.32099	17
3.32112	17
3.32112	17
3.33191	17
3.33199	17
3.33199	17
3.33289	17
3.3363	17
3.33644	17
3.33793	17
3.33795	17
3.33797	17
3.33807	17
3.33807	17
3.34142	17
3.34142	17
3.34142	17
3.34428	17
3.34444	17
3.34469	17
3.3457	17
3.3457	17
3.34572	17
3.34602	17
3.34602	17
3.35097	17
3.35101	17
3.35101	17
3.35226	17
3.35227	17
3.35238	17
3.35238	17
3.37456	17
3.37457	17
3.37476	17
3.37477	17
3.37905	17
3.37922	17
3.37922	17
3.37988	17
3.3849	17
3.38493	17
3.38507	17
3.38511	17
3.38511	17
3.39008	17
3.39214	17
3.39218	17
3.39221	17
3.39222	17
3.39233	17
3.39235	17
3.39235	17
3.3984	17
3.40899	17
3.409	17
3.41083	17
3.41084	17
3.41084	17
3.41091	17
3.41091	17
3.41181	17
3.41181	17
3.41181	17
3.4124	17
3.41242	17
3.41243	17
3.41771	17
3.41789	17
3.41789	17
3.42908	17
3.42909	17
3.42909	17
3.45133	17
3.45133	17
3.45146	17
3.45146	17
3.46874	17
3.46877	17
3.46877	17
3.46885	17
3.46889	17
3.47986	17
3.47999	17
3.49046	17
3.49058	17
3.52139	17
3.5214	17
3.52141	17
3.52142	17
3.5215	17
3.5215	17
3.5268	17
3.52682	17
3.52683	17
3.54748	17
3.55093	17
3.55094	17
3.55094	17
3.55094	17
3.55108	17
3.57968	17
3.57972	17
3.57972	17
3.57976	17
3.57986	17
3.57986	17
3.59802	17
3.59822	17
3.59822	17
3.59875	17
3.59885	17
3.59885	17
3.61855	17
3.61865	17
3.61865	17
3.62745	17
3.62745	17
3.62754	17
3.62754	17
3.63941	17
3.65088	17
3.65092	17
3.65095	17
3.65095	17
3.66178	17
3.67424	17
3.67427	17
3.67429	17
3.67429	17
3.68704	17
3.68704	17
3.70586	17
3.70587	17
3.70588	17
3.70589	17
3.70729	17
3.70733	17
3.70733	17
3.71533	17
3.71545	17
3.71545	17
3.71942	17
3.71948	17
3.71948	17
3.72504	17
3.72512	17
3.72512	17
3.73791	17
3.73791	17
3.73791	17
3.74196	17
3.74197	17
3.74197	17
3.74198	17
3.7508	17
3.75082	17
3.75082	17
3.75312	17
3.75847	17
3.75849	17
3.75873	17
3.75873	17
3.76369	17
3.76442	17
3.76442	17
3.76629	17
3.76999	17
3.77	17
3.77001	17
3.77001	17
3.77052	17
3.77059	17
3.77059	17
3.78014	17
3.78014	17
3.7803	17
3.7803	17
3.78516	17
3.78519	17
3.7852	17
3.81108	17
3.81119	17
3.81566	17
3.81567	17
3.8196	17
3.81963	17
3.81963	17
3.81968	17
3.81968	17
3.82236	17
3.82245	17
3.82246	17
3.83027	17
3.83027	17
3.83028	17
3.83623	17
3.83623	17
3.83628	17
3.83628	17
3.83973	17
3.84003	17
3.84003	17
3.85363	17
3.85364	17
3.85364	17
3.85425	17
3.85458	17
3.85458	17
3.87233	17
3.87257	17
3.87257	17
3.8771	17
3.8771	17
3.87716	17
3.87716	17
3.87723	17
3.87746	17
3.88223	17
3.88224	17
3.88232	17
3.89928	17
3.89928	17
3.89929	17
3.89929	17
3.89929	17
3.91422	17
3.91424	17
3.91439	17
3.91439	17
3.93409	17
3.93409	17
3.93413	17
3.93413	17
3.94181	17
3.94188	17
3.94188	17
3.95211	17
3.95216	17
3.95216	17
3.96511	17
3.96511	17
3.96532	17
3.96532	17
3.97668	17
3.97681	17
3.97681	17
3.97969	17
3.97986	17
3.97986	17
3.98775	17
3.98781	17
3.98781	17
3.98837	17
3.98841	17
3.98842	17
3.99184	17
3.99203	17
3.99203	17
3.99571	17
3.99571	17
3.99571	17
4.00165	17
4.00176	17
4.00177	17
4.00215	17
4.00225	17
4.00225	17
4.00514	17
4.00521	17
4.00521	17
4.00701	17
4.01356	17
4.01362	17
4.01369	17
4.01369	17
4.01496	17
4.01519	17
4.01519	17
4.03219	17
4.03221	17
4.03224	17
4.03224	17
4.03393	17
4.03484	17
4.05236	17
4.05238	17
4.05245	17
4.05245	17
4.06332	17
4.06332	17
4.06332	17
4.06936	17
4.06937	17
4.06939	17
4.06939	17
4.07546	17
4.07556	17
4.07556	17
4.08291	17
4.08308	17
4.08308	17
4.09783	17
4.09783	17
4.09784	17
4.09784	17
4.10551	17
4.10571	17
4.10571	17
4.13447	17
4.13448	17
4.13456	17
4.13456	17
4.14046	17
4.14076	17
4.14076	17
4.15189	17
4.15192	17
4.15193	17
4.15589	17
4.15595	17
4.15595	17
4.16623	17
4.1663	17
4.1663	17
4.23764	17
4.23764	17
4.23769	17
4.2377	17
4.26905	17
4.26905	17
4.26908	17
4.26908	17
4.27057	17
4.27075	17
4.27075	17
4.27191	17
4.27191	17
4.27191	17
4.27341	17
4.27345	17
4.27345	17
4.28622	17
4.2873	17
4.2873	17
4.28735	17
4.28735	17
4.28737	17
4.28742	17
4.28743	17
4.29744	17
4.29744	17
4.29755	17
4.29755	17
4.29934	17
4.29955	17
4.29955	17
4.29971	17
4.31335	17
4.31335	17
4.3134	17
4.3134	17
4.31694	17
4.31696	17
4.31696	17
4.31941	17
4.31941	17
4.31964	17
4.31964	17
4.33264	17
4.33287	17
4.33287	17
4.34214	17
4.34216	17
4.34216	17
4.34551	17
4.34597	17
4.34598	17
4.35092	17
4.35111	17
4.35111	17
4.35554	17
4.35555	17
4.35559	17
4.3556	17
4.35857	17
4.35859	17
4.35859	17
4.3712	17
4.37124	17
4.37125	17
4.37132	17
4.37133	17
4.37542	17
4.37553	17
4.37555	17
4.37817	17
4.37819	17
4.37819	17
4.37943	17
4.37947	17
4.37948	17
4.39518	17
4.39518	17
4.39519	17
4.39519	17
4.39575	17
4.39587	17
4.39587	17
4.39734	17
4.39748	17
4.39749	17
4.40702	17
4.4071	17
4.40731	17
4.40732	17
4.4143	17
4.41439	17
4.41439	17
4.46765	17
4.46768	17
4.46768	17
4.46783	17
4.46783	17
4.47679	17
4.47682	17
4.47683	17
4.47683	17
4.49536	17
4.49536	17
4.49544	17
4.49545	17
4.49648	17
4.49703	17
4.49707	17
4.49709	17
4.51167	17
4.51168	17
4.51168	17
4.51174	17
4.51174	17
4.52086	17
4.52913	17
4.52914	17
4.53361	17
4.53364	17
4.53375	17
4.53375	17
4.53811	17
4.53818	17
4.53818	17
4.53818	17
4.54362	17
4.54393	17
4.54394	17
4.54828	17
4.54828	17
4.54828	17
4.55583	17
4.55588	17
4.55588	17
4.56689	17
4.56691	17
4.56691	17
4.58256	17
4.58256	17
4.58263	17
4.58263	17
4.58946	17
4.60639	17
4.6064	17
4.6064	17
4.6064	17
4.60648	17
4.60649	17
4.60823	17
4.60826	17
4.60826	17
4.6105	17
4.61052	17
4.61072	17
4.61072	17
4.6122	17
4.61246	17
4.61246	17
4.61669	17
4.61671	17
4.61671	17
4.61702	17
4.61708	17
4.61708	17
4.62556	17
4.6256	17
4.62562	17
4.63039	17
4.63043	17
4.63043	17
4.64307	17
4.64366	17
4.64366	17
4.64766	17
4.64786	17
4.64786	17
4.65175	17
4.65177	17
4.65178	17
4.65371	17
4.65383	17
4.65397	17
4.65399	17
4.65839	17
4.65842	17
4.65858	17
4.65858	17
4.65993	17
4.65997	17
4.66002	17
4.66002	17
4.66074	17
4.66079	17
4.66092	17
4.66092	17
4.68421	17
4.70216	17
4.70217	17
4.70217	17
4.7022	17
4.7022	17
4.71616	17
4.71624	17
4.71624	17
4.71814	17
4.71829	17
4.71829	17
4.72621	17
4.72622	17
4.72663	17
4.72665	17
4.73482	17
4.73482	17
4.73482	17
4.74932	17
4.74936	17
4.74942	17
4.74943	17
4.7575	17
4.75751	17
4.75758	17
4.75758	17
4.75945	17
4.75945	17
4.7595	17
4.75951	17
4.76078	17
4.76084	17
4.76085	17
4.78094	17
4.78101	17
4.78101	17
4.7822	17
4.78231	17
4.78231	17
4.79862	17
4.79863	17
4.79866	17
4.79867	17
4.80087	17
4.80087	17
4.80088	17
4.81282	17
4.81298	17
4.81298	17
4.82283	17
4.83299	17
4.83301	17
4.83302	17
4.83315	17
4.83316	17
4.83542	17
4.83548	17
4.83549	17
4.86553	17
4.86564	17
4.86564	17
4.86572	17
4.86573	17
4.88063	17
4.88063	17
4.88064	17
4.8813	17
4.88741	17
4.88745	17
4.88746	17
4.88747	17
4.89246	17
4.89247	17
4.89255	17
4.89255	17
4.91286	17
4.91286	17
4.91287	17
4.9149	17
4.91491	17
4.91495	17
4.91495	17
4.95744	17
4.95757	17
4.95757	17
4.95763	17
4.95764	17
4.96229	17
4.97807	17
4.97809	17
4.97809	17
4.97823	17
4.97824	17
4.97864	17
4.97864	17
4.97864	17
4.99057	17
4.9906	17
4.9906	17
4.99798	17
4.998	17
4.99801	17
5.00697	17
5.00698	17
5.00699	17
5.01099	17
5.01099	17
5.011	17
5.01856	17
5.01866	17
5.01866	17
5.02433	17
5.02433	17
5.02479	17
5.02479	17
5.02729	17
5.02732	17
5.02733	17
5.04532	17
5.04539	17
5.04543	17
5.0456	17
5.04561	17
5.04577	17
5.04577	17
5.05202	17
5.05799	17
5.05809	17
5.05842	17
5.05843	17
5.05923	17
5.0594	17
5.0594	17
5.06621	17
5.06626	17
5.0666	17
5.06661	17
5.06795	17
5.06809	17
5.06809	17
5.07568	17
5.07568	17
5.07599	17
5.07599	17
5.07923	17
5.07923	17
5.07923	17
5.08693	17
5.08695	17
5.08696	17
5.089	17
5.08906	17
5.08906	17
5.10307	17
5.10309	17
5.10311	17
5.10351	17
5.10739	17
5.10757	17
5.12159	17
5.12159	17
5.1216	17
5.12167	17
5.12168	17
5.12226	17
5.12228	17
5.12228	17
5.12229	17
5.1242	17
5.12422	17
5.12423	17
5.12424	17
5.12749	17
5.12751	17
5.12752	17
5.13676	17
5.137	17
5.13701	17
5.14056	17
5.14093	17
5.14093	17
5.14767	17
5.1477	17
5.14773	17
5.15602	17
5.15611	17
5.15612	17
5.16532	17
5.16553	17
5.16554	17
5.16591	17
5.16596	17
5.16615	17
5.16615	17
5.1994	17
5.1994	17
5.1994	17
5.19941	17
5.19941	17
5.20181	17
5.20191	17
5.20191	17
5.20605	17
5.20605	17
5.20605	17
5.21118	17
5.21118	17
5.2112	17
5.2112	17
5.21541	17
5.25193	17
5.25194	17
5.25194	17
5.25195	17
5.25198	17
5.25782	17
5.26563	17
5.26571	17
5.26572	17
5.26573	17
5.26624	17
5.26632	17
5.26633	17
5.26634	17
5.26635	17
5.26808	17
5.26818	17
5.26818	17
5.28167	17
5.28185	17
5.28185	17
5.28479	17
5.2961	17
5.29615	17
5.35543	17
5.35544	17
5.35544	17
5.35562	17
5.35563	17
5.41279	17
5.41279	17
5.41283	17
5.41284	17
5.43039	17
5.4505	17
5.45057	17
5.45057	17
5.45061	17
5.45062	17
5.45367	17
5.45378	17
5.45383	17
5.46284	17
5.46289	17
5.46289	17
5.46868	17
5.46878	17
5.46891	17
5.46893	17
5.48389	17
5.48389	17
5.48391	17
5.48391	17
5.50195	17
5.50196	17
5.50205	17
5.50205	17
5.5076	17
5.50783	17
5.50784	17
5.51376	17
5.5139	17
5.51394	17
5.51543	17
5.51548	17
5.5155	17
5.51806	17
5.51808	17
5.5181	17
5.54096	17
5.54098	17
5.54098	17
5.55636	17
5.55637	17
5.55638	17
5.56366	17
5.56382	17
5.56383	17
5.56697	17
5.5671	17
5.56711	17
5.57457	17
5.57489	17
5.57489	17
5.58297	17
5.58297	17
5.583	17
5.58303	17
5.58418	17
5.58421	17
5.58423	17
5.58424	17
5.59551	17
5.6018	17
5.60191	17
5.60191	17
5.60191	17
5.61312	17
5.61312	17
5.61317	17
5.61318	17
5.62212	17
5.62216	17
5.62216	17
5.62217	17
5.6235	17
5.62361	17
5.62361	17
5.62966	17
5.62966	17
5.62981	17
5.62981	17
5.63894	17
5.63902	17
5.63903	17
5.63925	17
5.63934	17
5.63947	17
5.63948	17
5.64076	17
5.64089	17
5.6409	17
5.64228	17
5.64233	17
5.64234	17
5.6498	17
5.64995	17
5.64996	17
5.65374	17
5.65375	17
5.65377	17
5.65875	17
5.6588	17
5.65882	17
5.66707	17
5.66709	17
5.66709	17
5.66711	17
5.66713	17
5.66763	17
5.6888	17
5.68885	17
5.68886	17
5.68886	17
5.69752	17
5.69754	17
5.6976	17
5.69761	17
5.70241	17
5.70245	17
5.70256	17
5.70257	17
5.70661	17
5.70663	17
5.70666	17
5.70667	17
5.71577	17
5.71582	17
5.71584	17
5.72175	17
5.72175	17
5.72178	17
5.72179	17
5.72191	17
5.72201	17
5.72238	17
5.72239	17
5.72447	17
5.72472	17
5.72473	17
5.72836	17
5.72838	17
5.72839	17
5.7284	17
5.74669	17
5.7467	17
5.74671	17
5.74687	17
5.74688	17
5.76642	17
5.76665	17
5.76665	17
5.76802	17
5.76804	17
5.76806	17
5.77286	17
5.77288	17
5.77288	17
5.77832	17
5.77834	17
5.77858	17
5.77859	17
5.77874	17
5.77882	17
5.77882	17
5.77948	17
5.77952	17
5.77955	17
5.78525	17
5.78526	17
5.78539	17
5.78541	17
5.79215	17
5.79485	17
5.79489	17
5.79489	17
5.79516	17
5.79517	17
5.80158	17
5.8028	17
5.80389	17
5.8041	17
5.80878	17
5.80881	17
5.81587	17
5.81591	17
5.82687	17
5.8271	17
5.85191	17
5.85194	17
5.85195	17
5.85196	17
5.85206	17
5.85211	17
5.8534	17
5.86735	17
5.86778	17
5.86778	17
5.86779	17
5.8678	17
5.86782	17
5.86783	17
5.8753	17
5.87531	17
5.87532	17
5.87614	17
5.87615	17
5.87615	17
5.8838	17
5.88381	17
5.88382	17
5.88814	17
5.88818	17
5.88818	17
5.90046	17
5.90047	17
5.90051	17
5.91098	17
5.91111	17
5.91113	17
5.9154	17
5.9154	17
5.9158	17
5.91582	17
5.9234	17
5.92722	17
5.92723	17
5.93998	17
5.94003	17
5.94003	17
5.94008	17
5.94009	17
5.94926	17
5.94926	17
5.94933	17
5.94934	17
5.96214	17
5.9951	17
5.99514	17
5.99514	17
5.99528	17
5.99529	17
5.99701	17
5.99705	17
5.99706	17
5.99707	17
6.00217	17
6.00217	17
6.00217	17
6.00219	17
6.00348	17
6.00359	17
6.00361	17
6.00512	17
6.00532	17
6.00533	17
6.01348	17
6.01364	17
6.0137	17
6.01741	17
6.01741	17
6.01742	17
6.01744	17
6.04386	17
6.04629	17
6.04632	17
6.04632	17
6.04643	17
6.04645	17
6.04695	17
6.04708	17
6.04709	17
6.04989	17
6.04993	17
6.04994	17
6.0526	17
6.0526	17
6.05263	17
6.05263	17
6.05819	17
6.05821	17
6.05824	17
6.06435	17
6.06439	17
6.06441	17
6.06739	17
6.07188	17
6.0719	17
6.07194	17
6.07195	17
6.09615	17
6.09615	17
6.09791	17
6.09791	17
6.1228	17
6.12289	17
6.12306	17
6.12307	17
6.13069	17
6.13077	17
6.13078	17
6.13999	17
6.14	17
6.14002	17
6.14822	17
6.14835	17
6.14836	17
6.14957	17
6.14968	17
6.14969	17
6.16679	17
6.1668	17
6.16695	17
6.16697	17
6.1727	17
6.17278	17
6.17282	17
6.174	17
6.17402	17
6.17403	17
6.2049	17
6.20491	17
6.20492	17
6.20492	17
6.21249	17
6.21251	17
6.21251	17
6.22092	17
6.22176	17
6.22187	17
6.222	17
6.2221	17
6.22231	17
6.22233	17
6.22239	17
6.22367	17
6.22367	17
6.22367	17
6.23955	17
6.23963	17
6.23963	17
6.23987	17
6.23988	17
6.24058	17
6.24068	17
6.24068	17
6.24381	17
6.24939	17
6.24943	17
6.2596	17
6.2596	17
6.2596	17
6.27586	17
6.27586	17
6.2761	17
6.2761	17
6.27743	17
6.28105	17
6.2811	17
6.29349	17
6.29355	17
6.29355	17
6.29355	17
6.2936	17
6.29665	17
6.29677	17
6.29679	17
6.29779	17
6.29808	17
6.29812	17
6.29819	17
6.2982	17
6.29873	17
6.29873	17
6.30851	17
6.3101	17
6.31017	17
6.3143	17
6.31434	17
6.31436	17
6.31436	17
6.31436	17
6.33119	17
6.33119	17
6.33125	17
6.33127	17
6.33695	17
6.33701	17
6.33702	17
6.34012	17
6.34024	17
6.34026	17
6.34469	17
6.34473	17
6.34492	17
6.34492	17
6.35938	17
6.35947	17
6.35953	17
6.35953	17
6.43845	17
6.43846	17
6.43878	17
6.43878	17
6.44053	17
6.44379	17
6.44386	17
6.44667	17
6.44672	17
6.44673	17
6.44678	17
6.4468	17
6.45985	17
6.45986	17
6.45996	17
6.47065	17
6.47075	17
6.47079	17
6.47079	17
6.48723	17
6.48739	17
6.48741	17
6.48741	17
6.48743	17
6.49559	17
6.49571	17
6.49574	17
6.49748	17
6.49749	17
6.49757	17
6.50396	17
6.50396	17
6.50402	17
6.50405	17
6.50555	17
6.50569	17
6.50577	17
6.50577	17
6.52193	17
6.52193	17
6.52202	17
6.52202	17
6.56406	17
6.56406	17
6.56412	17
6.56412	17
6.56428	17
6.56432	17
6.5644	17
6.5644	17
6.58751	17
6.58761	17
6.58762	17
6.63246	17
6.63247	17
6.63252	17
6.63257	17
6.63775	17
6.63781	17
6.63795	17
6.63796	17
6.63949	17
6.63952	17
6.63976	17
6.63977	17
6.64782	17
6.64784	17
6.64785	17
6.6522	17
6.65227	17
6.65227	17
6.66209	17
6.6621	17
6.6621	17
6.6621	17
6.66914	17
6.66935	17
6.66942	17
6.68675	17
6.68676	17
6.68679	17
6.68971	17
6.68987	17
6.68993	17
6.69718	17
6.69724	17
6.6973	17
6.71128	17
6.71135	17
6.71137	17
6.71149	17
6.71658	17
6.71658	17
6.71696	17
6.71701	17
6.7201	17
6.72011	17
6.72012	17
6.73619	17
6.73619	17
6.7362	17
6.73632	17
6.73778	17
6.74445	17
6.74446	17
6.7446	17
6.7446	17
6.76349	17
6.76357	17
6.76362	17
6.76521	17
6.76525	17
6.76541	17
6.76541	17
6.76861	17
6.80333	17
6.80338	17
6.80339	17
6.80351	17
6.80354	17
6.8142	17
6.8142	17
6.81429	17
6.81431	17
6.81981	17
6.81983	17
6.81986	17
6.82011	17
6.85432	17
6.859	17
6.85907	17
6.85908	17
6.8597	17
6.85971	17
6.88053	17
6.88076	17
6.88601	17
6.88609	17
6.89407	17
6.89414	17
6.89416	17
6.8987	17
6.89872	17
6.89873	17
6.90392	17
6.90394	17
6.90415	17
6.90415	17
6.91054	17
6.91056	17
6.91065	17
6.91066	17
6.92296	17
6.92339	17
6.9234	17
6.92343	17
6.93792	17
6.93792	17
6.93793	17
6.93808	17
6.93814	17
6.94944	17
6.94944	17
6.94956	17
6.9496	17
6.95113	17
6.95126	17
6.95129	17
6.9592	17
6.95921	17
6.95926	17
6.95928	17
6.96913	17
6.96915	17
6.96923	17
6.96931	17
6.97937	17
6.97938	17
6.97939	17
6.99136	17
6.99155	17
6.9916	17
6.99408	17
6.99411	17
6.99412	17
7.0023	17
7.00231	17
7.00235	17
7.01166	17
7.01175	17
7.01175	17
7.02724	17
7.02858	17
7.02862	17
7.02863	17
7.02892	17
7.02893	17
7.03157	17
7.04022	17
7.04024	17
7.04034	17
7.04037	17
7.05045	17
7.05047	17
7.05053	17
7.07335	17
7.07335	17
7.0735	17
7.0735	17
7.07965	17
7.07966	17
7.07972	17
7.07973	17
7.09043	17
7.09049	17
7.09067	17
7.09736	17
7.09737	17
7.09743	17
7.09743	17
7.09861	17
7.09898	17
7.09907	17
7.09978	17
7.09979	17
7.0999	17
7.10427	17
7.10431	17
7.10442	17
7.14792	17
7.14792	17
7.14796	17
7.148	17
7.16303	17
7.16308	17
7.16309	17
7.17795	17
7.17795	17
7.17795	17
7.178	17
7.17888	17
7.18991	17
7.18998	17
7.19	17
7.19005	17
7.202	17
7.20202	17
7.2021	17
7.20549	17
7.2055	17
7.20552	17
7.20553	17
7.20593	17
7.20602	17
7.20605	17
7.20744	17
7.20752	17
7.20775	17
7.21052	17
7.21426	17
7.21427	17
7.22267	17
7.22274	17
7.22275	17
7.22278	17
7.22279	17
7.2276	17
7.2276	17
7.2279	17
7.22792	17
7.22961	17
7.22968	17
7.23011	17
7.2302	17
7.23148	17
7.23153	17
7.23168	17
7.2357	17
7.23571	17
7.23578	17
7.23589	17
7.24308	17
7.24323	17
7.24332	17
7.24338	17
7.24343	17
7.24347	17
7.26223	17
7.26903	17
7.26903	17
7.26903	17
7.26907	17
7.26907	17
7.28109	17
7.2811	17
7.28125	17
7.28142	17
7.30142	17
7.30142	17
7.30277	17
7.303	17
7.30351	17
7.30364	17
7.30369	17
7.30387	17
7.30727	17
7.3074	17
7.30741	17
7.31175	17
7.31179	17
7.3119	17
7.3279	17
7.32809	17
7.32819	17
7.33147	17
7.33176	17
7.33179	17
7.33509	17
7.33514	17
7.33515	17
7.33519	17
7.3352	17
7.33521	17
7.36955	17
7.36957	17
7.36958	17
7.36962	17
7.36983	17
7.37305	17
7.37482	17
7.37483	17
7.37499	17
7.37507	17
7.39086	17
7.39086	17
7.39094	17
7.39099	17
7.39797	17
7.39804	17
7.39811	17
7.40651	17
7.40651	17
7.40651	17
7.40681	17
7.4096	17
7.40962	17
7.41002	17
7.41251	17
7.41273	17
7.41278	17
7.42396	17
7.42399	17
7.424	17
7.44676	17
7.44677	17
7.44686	17
7.44712	17
7.47138	17
7.47142	17
7.47178	17
7.49036	17
7.49048	17
7.49049	17
7.49051	17
7.50279	17
7.5031	17
7.50316	17
7.50481	17
7.50822	17
7.5083	17
7.50836	17
7.51449	17
7.51458	17
7.51459	17
7.5146	17
7.51462	17
7.53042	17
7.53051	17
7.5308	17
7.53567	17
7.53579	17
7.53592	17
7.53621	17
7.53981	17
7.53985	17
7.54006	17
7.54137	17
7.54145	17
7.54196	17
7.5478	17
7.55569	17
7.57144	17
7.57144	17
7.57159	17
7.59666	17
7.59666	17
7.59666	17
7.59706	17
7.59744	17
7.60182	17
7.60203	17
7.60211	17
7.60242	17
7.60319	17
7.60322	17
7.60325	17
7.60357	17
7.62647	17
7.62667	17
7.62686	17
7.62756	17
7.63215	17
7.63218	17
7.63279	17
7.63867	17
7.63872	17
7.63873	17
7.63902	17
7.63989	17
7.64662	17
7.64667	17
7.64672	17
7.64931	17
7.64935	17
7.64953	17
7.66078	17
7.66078	17
7.66079	17
7.66094	17
7.66312	17
7.66316	17
7.66341	17
7.66798	17
7.6682	17
7.66827	17
7.66888	17
7.67074	17
7.68293	17
7.68323	17
7.68323	17
7.68324	17
7.68332	17
7.68842	17
7.6885	17
7.68872	17
7.68877	17
7.69188	17
7.69195	17
7.69233	17
7.70202	17
7.70206	17
7.70207	17
7.70208	17
7.70296	17
7.70933	17
7.70934	17
7.7096	17
7.71147	17
7.72816	17
7.72824	17
7.72987	17
7.76581	17
7.76583	17
7.76591	17
7.77827	17
7.7783	17
7.7783	17
7.77831	17
7.78596	17
7.78597	17
7.78609	17
7.7911	17
7.79111	17
7.79112	17
7.80208	17
7.80217	17
7.80217	17
7.80224	17
7.80406	17
7.80408	17
7.83786	17
7.83788	17
7.83789	17
7.83794	17
7.83823	17
7.84522	17
7.84528	17
7.84529	17
7.84537	17
7.8599	17
7.86	17
7.86002	17
7.86008	17
7.90939	17
7.9095	17
7.90952	17
7.9098	17
7.91469	17
7.91478	17
7.91479	17
7.91482	17
7.96125	17
7.96126	17
7.96131	17
8.0052	17
8.00521	17
8.00522	17
8.00536	17
8.03825	17
8.03827	17
8.03858	17
8.15819	17
8.16189	17
8.1619	17
8.16459	17
8.1751	17
8.17513	17
8.17527	17
8.1756	17
8.17562	17
8.18642	17
8.18648	17
8.18649	17
8.18654	17
8.19555	17
8.19558	17
8.19558	17
8.19558	17
8.2081	17
8.21419	17
8.21429	17
8.2143	17
8.21438	17
8.21876	17
8.21879	17
8.2188	17
8.21885	17
9.85165	17
9.85167	17
9.85627	17
9.91344	17
9.91348	17
9.91349	17
9.91352	17
9.93622	17
9.93624	17
9.93626	17
9.93631	17
9.97476	17
9.9748	17
9.9748	17
9.97542	17
9.98192	17
9.98193	17
9.98193	17
10.7985	17
10.7986	17
12.6336	17
12.6342	17
12.6387	17
12.6387	17
12.644	17
12.6968	17
12.6968	17
12.6968	17
12.6968	17
12.7065	17
12.7237	17
12.7237	17
12.7237	17
12.7238	17
13.5858	17
13.5858	17
13.5881	17
13.6004	17
13.7251	17
13.7252	17
13.7253	17
13.7336	17
13.7392	17
13.7392	17
13.7392	17
13.7394	17
13.7514	17
13.7514	17
13.7514	17
13.7515	17
13.7611	17
13.7611	17
13.7612	17
14.5597	17
14.5597	17
14.5674	17
14.5674	17
14.5674	17
14.5685	17
14.5805	17
14.5805	17
14.5805	17
14.5811	17
14.5811	17
14.5811	17
14.5896	17
14.5896	17
14.5896	17
14.622	17
14.622	17
14.622	17
14.6221	17
14.8204	17
14.8204	17
14.8205	17
14.8205	17
14.8205	17
14.8295	17
15.5056	17
15.5056	17
15.5105	17
15.5183	17
15.5183	17
15.5184	17
15.5233	17
15.5235	17
15.5235	17
15.5239	17
15.5302	17
15.5302	17
15.5302	17
15.9977	17
15.9977	17
15.9997	17
16.0634	17
16.0634	17
16.0638	17
16.064	17
16.064	17
16.0665	17
16.0666	17
16.0666	17
16.067	17
16.1063	17
16.1063	17
16.1063	17
16.1131	17
16.1132	17
16.1132	17
16.1133	17
16.1135	17
16.1354	17
16.1354	17
16.1354	17
16.2331	17
16.2352	17
16.2352	17
16.241	17
16.2633	17
16.2634	17
16.2634	17
16.2634	17
16.5097	17
16.5104	17
16.5104	17
16.5199	17
16.6588	17
16.6588	17
16.6654	17
16.6698	17
16.7095	17
16.7096	17
16.7096	17
16.7101	17
16.7541	17
16.7541	17
16.7542	17
16.7627	17
16.8441	17
16.8442	17
16.8443	17
16.8443	17
16.8458	17
16.8458	17
16.8587	17
16.8587	17
16.8588	17
16.8588	17
17.7229	17
17.7229	17
17.7287	17
17.9879	17
17.988	17
18.0039	17
18.0039	17
18.0121	17
18.0122	17
18.0122	17
18.0125	17
18.069	17
18.069	17
18.1668	17
18.1706	17
18.1706	17
18.1718	17
18.2049	17
18.205	17
18.205	17
18.2196	17
18.2196	17
18.2197	17
18.2323	17
18.2323	17
18.2323	17
18.2339	17
18.234	17
18.234	17
18.2788	17
18.2788	17
18.2788	17
18.2788	17
18.2841	17
18.2841	17
18.2843	17
18.2868	17
18.2869	17
18.2869	17
18.3072	17
18.3157	17
18.3157	17
18.3157	17
18.316	17
18.3463	17
18.3463	17
18.3465	17
18.3466	17
18.3466	17
18.3613	17
18.3614	17
18.3615	17
18.3615	17
18.3919	17
18.3919	17
18.3919	17
18.4007	17
18.4007	17
18.4009	17
18.4055	17
18.4055	17
18.4055	17
18.4167	17
18.4167	17
18.4168	17
18.4213	17
18.4213	17
18.4213	17
18.4216	17
18.4367	17
18.4367	17
18.4367	17
18.4367	17
18.4387	17
18.4388	17
18.4388	17
18.4388	17
19.5811	17
19.5811	17
19.5812	17
19.5812	17
19.5812	17
19.5812	17
19.5832	17
20.282	17
20.2834	17
20.2834	17
20.2911	17
20.4908	17
20.4943	17
20.4943	17
20.4959	17
20.4961	17
20.4961	17
20.4978	17
20.5554	17
20.5555	17
20.5555	17
20.5556	17
20.5604	17
20.5604	17
20.5604	17
20.5647	17
20.5647	17
20.5648	17
20.5648	17
21.1245	17
21.1246	17
21.1269	17
21.1369	17
21.137	17
21.137	17
21.1371	17
21.1511	17
21.1511	17
21.1513	17
21.1545	17
21.1545	17
21.1545	17
21.1546	17
21.1749	17
21.175	17
21.175	17
21.1751	17
21.1796	17
21.1796	17
21.1797	17
21.2437	17
21.2437	17
21.2446	17
21.2448	17
21.2448	17
21.2463	17
21.2826	17
21.2826	17
21.2827	17
21.2829	17
21.285	17
21.285	17
21.285	17
21.2929	17
21.293	17
21.293	17
21.293	17
21.3161	17
21.3162	17
21.3162	17
22.2031	17
22.2031	17
22.2031	17
22.2063	17
22.2063	17
22.2063	17
22.2065	17
22.2102	17
22.2102	17
22.2103	17
22.221	17
22.221	17
22.221	17
22.221	17
22.34	17
22.3401	17
22.3422	17
22.3422	17
22.3423	17
22.3442	17
22.3542	17
22.3543	17
22.3543	17
22.3543	17
22.3593	17
22.3593	17
22.3594	17
22.3595	17
22.3886	17
22.3886	17
22.3888	17
22.5459	17
22.5471	17
22.5471	17
22.5502	17
22.7327	17
22.7337	17
22.7337	17
22.7408	17
22.7408	17
22.7693	17
22.7693	17
22.7693	17
22.7695	17
22.7763	17
22.7763	17
22.7764	17
22.7765	17
22.7765	17
22.7765	17
22.8101	17
22.8101	17
22.8115	17
23.0012	17
23.0012	17
23.0013	17
23.0145	17
23.0146	17
23.0146	17
23.0338	17
23.0338	17
23.0339	17
23.0339	17
23.0481	17
23.0481	17
23.0481	17
23.0482	17
23.2549	17
23.258	17
23.258	17
23.2602	17
23.2733	17
23.2734	17
23.2734	17
23.2734	17
23.2877	17
23.2877	17
23.2877	17
23.2877	17
23.2903	17
23.2903	17
23.2904	17
23.3094	17
23.3094	17
23.3094	17
23.3096	17
23.3136	17
23.3137	17
23.3137	17
23.3163	17
23.3163	17
23.3164	17
23.5702	17
23.5702	17
23.5721	17
23.5721	17
23.5722	17
23.5722	17
23.5722	17
23.5844	17
23.5958	17
23.5959	17
23.5959	17
23.596	17
23.6199	17
23.62	17
23.62	17
23.6201	17
23.6319	17
23.6319	17
23.632	17
23.632	17
23.6329	17
23.6329	17
23.633	17
23.6446	17
23.6448	17
23.6448	17
23.6448	17
23.6474	17
23.6475	17
23.6767	17
23.6767	17
23.6767	17
23.677	17
23.7091	17
23.7092	17
23.7093	17
23.7093	17
23.7214	17
23.7214	17
23.7215	17
23.7271	17
23.7271	17
23.7271	17
23.735	17
23.735	17
23.7351	17
23.7492	17
23.7492	17
23.7495	17
23.7567	17
23.7567	17
23.7567	17
23.7567	17
23.7613	17
23.7614	17
23.7614	17
23.7617	17
23.8454	17
23.8455	17
23.8455	17
23.8456	17
23.863	17
23.8631	17
23.8631	17
23.8841	17
23.8841	17
23.8842	17
23.8909	17
23.8909	17
23.8909	17
23.8909	17
23.99	17
23.99	17
23.9911	17
24.0363	17
24.0363	17
24.0366	17
24.0439	17
24.044	17
24.044	17
24.0566	17
24.0567	17
24.0568	17
24.066	17
24.066	17
24.066	17
24.0663	17
24.0665	17
24.0665	17
24.0665	17
24.0698	17
24.0698	17
24.0698	17
24.0761	17
24.0761	17
24.0762	17
24.0762	17
24.0838	17
24.084	17
24.084	17
24.0901	17
24.0903	17
24.0903	17
24.0903	17
24.0905	17
24.1106	17
24.1107	17
24.1108	17
24.1109	17
24.2801	17
24.2801	17
24.2807	17
24.2807	17
24.2808	17
24.2817	17
24.2872	17
24.2872	17
24.2872	17
24.297	17
24.297	17
24.297	17
25.2838	17
25.2839	17
25.2867	17
25.2921	17
25.2922	17
25.2922	17
25.2922	17
25.3285	17
25.3286	17
25.3286	17
25.3288	17
25.3291	17
25.3291	17
25.3291	17
25.3292	17
25.5485	17
25.5486	17
25.5495	17
25.5739	17
25.574	17
25.5741	17
25.5954	17
25.5954	17
25.5955	17
25.5955	17
25.5985	17
25.5985	17
25.5986	17
25.6455	17
25.6455	17
25.6456	17
25.6457	17
26.4478	17
26.4478	17
26.4478	17
26.4538	17
26.4539	17
26.4539	17
26.4539	17
26.4686	17
26.4687	17
26.4687	17
26.4689	17
26.574	17
26.5756	17
26.5756	17
26.5767	17
26.5769	17
26.5769	17
26.5771	17
26.5773	17
27.1025	17
27.1027	17
27.1053	17
27.1054	17
27.1055	17
27.1075	17
27.1248	17
27.1249	17
27.125	17
27.125	17
27.1933	17
27.1934	17
27.1936	17
27.1973	17
27.1973	17
27.1973	17
27.4504	17
27.4504	17
27.4559	17
27.461	17
27.461	17
27.461	17
27.461	17
27.4611	17
27.4611	17
27.4612	17
27.4765	17
27.4765	17
27.4766	17
27.477	17
27.7374	17
27.7375	17
27.74	17
27.7541	17
27.7541	17
27.7541	17
27.8077	17
27.8077	17
27.8078	17
27.8214	17
27.8214	17
27.8214	17
27.8217	17
27.867	17
27.8671	17
27.8674	17
27.8689	17
27.8691	17
27.8691	17
27.8787	17
27.8788	17
27.8788	17
27.8788	17
27.8869	17
27.887	17
27.887	17
27.8886	17
27.8892	17
27.8892	17
27.9315	17
27.9324	17
27.9324	17
27.934	17
27.934	17
27.934	17
27.9341	17
27.9342	17
27.9344	17
27.9345	17
27.944	17
28.2513	17
28.2515	17
29.9863	17
29.9886	17
29.9887	17
29.9949	17
30.0318	17
30.0319	17
30.0332	17
30.2363	17
30.2364	17
30.2367	17
30.501	17
30.5019	17
30.502	17
30.5065	17
30.5489	17
30.5489	17
30.5489	17
30.549	17
30.9132	17
30.9133	17
30.9162	17
31.7031	17
31.7032	17
31.7062	17
31.7429	17
31.7431	17
31.7432	17
31.7433	17
31.8455	17
31.8509	17
31.851	17
31.8534	17
31.888	17
31.888	17
31.8881	17
31.8884	17
31.8891	17
31.8891	17
31.8891	17
31.8891	17
31.9007	17
31.9008	17
31.9008	17
31.9135	17
32.1114	17
32.1234	17
32.1235	17
32.1471	17
32.1471	17
32.1623	17
32.1862	17
32.189	17
32.1892	17
32.2012	17
32.2037	17
32.2137	17
32.2137	17
32.2137	17
32.2138	17
32.6276	17
32.6276	17
32.6283	17
32.6472	17
32.6473	17
32.6473	17
32.6473	17
32.6608	17
32.6608	17
32.6609	17
32.6609	17
32.6709	17
32.6709	17
32.6712	17
32.6713	17
32.844	17
32.8441	17
32.8446	17
32.8446	17
32.8448	17
32.845	17
32.8523	17
32.8523	17
32.8524	17
32.8524	17
32.8536	17
32.9552	17
32.9553	17
32.956	17
32.9611	17
32.9611	17
32.9612	17
32.9613	17
33.1372	17
33.1373	17
33.141	17
33.1425	17
33.1425	17
33.1425	17
33.1425	17
33.2715	17
33.2716	17
33.2762	17
33.9569	17
33.9618	17
33.9619	17
33.9634	17
34.1195	17
34.1199	17
34.1273	17
34.7904	17
34.7904	17
34.7931	17
37.0835	17
37.0837	17
37.0844	17
37.1017	17
37.1017	17
37.1069	17
37.5197	17
37.5212	17
37.5214	17
37.5252	17
37.9379	17
37.9379	17
37.9379	17
37.9993	17
37.9993	17
38.0002	17
38.0088	17
38.0088	17
38.0089	17
38.0089	17
38.0275	17
38.0275	17
38.0275	17
38.0275	17
38.0369	17
38.0369	17
38.0372	17
38.0372	17
38.0391	17
38.0391	17
38.0393	17
38.0394	17
38.0678	17
38.0678	17
38.0678	17
38.0678	17
38.0984	17
38.0985	17
38.0985	17
38.0986	17
38.6274	17
38.6274	17
38.6281	17
38.6281	17
38.6409	17
38.6409	17
38.6413	17
38.6414	17
39.0394	17
39.0406	17
39.0407	17
39.0418	17
39.0418	17
39.1744	17
39.1744	17
39.1783	17
40.962	17
40.9621	17
40.9641	17
42.0212	17
42.0213	17
42.3012	17
42.3025	17
42.3027	17
42.3091	17
45.1306	17
45.1306	17
45.1313	17
45.1313	17
45.1313	17
45.1388	17
45.6027	17
45.603	17
45.6069	17
46.1429	17
46.1429	17
46.143	17
46.5203	17
46.5204	17
46.5207	17
46.5312	17
46.5312	17
46.5313	17
46.5313	17
46.555	17
46.5551	17
46.5552	17
46.5552	17
46.7736	17
46.7741	17
46.7742	17
46.7786	17
46.7787	17
46.7787	17
46.7788	17
46.78	17
46.8658	17
46.8661	17
46.8674	17
46.9228	17
46.9228	17
46.9258	17
46.9338	17
46.9339	17
46.9339	17
46.934	17
46.934	17
48.5757	17
48.576	17
48.577	17
48.5832	17
48.5914	17
48.5915	17
48.5915	17
48.5916	17
48.5943	17
48.5944	17
48.5944	17
48.5944	17
48.6036	17
48.6036	17
48.6036	17
48.6357	17
48.6357	17
48.6358	17
48.6358	17
49.2052	17
49.2056	17
49.206	17
49.2065	17
49.2129	17
49.2129	17
49.213	17
49.2141	17
49.2141	17
49.2169	17
49.4653	17
49.4657	17
50.925	17
50.9263	17
50.9265	17
50.9285	17
50.955	17
50.955	17
50.9551	17
50.9551	17
52.7581	17
52.7582	17
53.8981	17
53.8981	17
53.9029	17
53.9031	17
53.9032	17
55.0807	17
55.0809	17
55.0817	17
55.5244	17
55.5244	17
55.5344	17
55.7912	17
55.7918	17
55.7945	17
55.831	17
55.831	17
55.831	17
55.8311	17
56.329	17
56.3299	17
56.3307	17
56.6084	17
56.6095	17
56.6095	17
56.6163	17
56.6163	17
56.6164	17
56.6164	17
56.6176	17
56.6176	17
56.6177	17
56.6177	17
57.5132	17
57.5133	17
57.5142	17
58.0831	17
58.0834	17
58.0913	17
58.092	17
58.0921	17
58.0926	17
58.104	17
58.8391	17
58.8392	17
58.8402	17
59.3254	17
59.3256	17
59.3273	17
59.7379	17
59.7409	17
59.7414	17
59.7429	17
59.7814	17
59.7815	17
59.782	17
59.843	17
59.8431	17
59.8444	17
59.8602	17
59.8603	17
59.8603	17
59.8605	17
60.002	17
60.0022	17
60.0078	17
60.9898	17
60.9901	17
60.9921	17
62.0436	17
62.0439	17
62.0447	17
62.0502	17
62.0502	17
62.0531	17
62.0531	17
62.0663	17
62.0664	17
62.0665	17
62.0665	17
62.0921	17
62.0926	17
62.095	17
65.5849	17
65.5854	17
65.5865	17
65.66	17
65.66	17
65.6601	17
66.2815	17
66.2817	17
66.2855	17
66.3093	17
66.3094	17
66.3096	17
66.3097	17
66.6351	17
66.6351	17
66.6351	17
67.4699	17
67.47	17
67.8687	17
67.8694	17
67.8694	17
67.8727	17
67.9908	17
67.9911	17
67.9911	17
68.0332	17
68.0332	17
68.0334	17
68.2346	17
68.2347	17
68.2535	17
68.2535	17
69.2716	17
69.2717	17
69.2723	17
69.2942	17
70.0033	17
70.0052	17
70.0053	17
70.0069	17
70.0308	17
70.0308	17
70.0309	17
70.0309	17
70.3059	17
70.306	17
70.5875	17
70.5897	17
70.5899	17
70.59	17
70.6343	17
70.6346	17
70.6348	17
70.6361	17
71.186	17
71.1861	17
71.1895	17
71.2655	17
71.266	17
71.2792	17
72.0931	17
72.0932	17
72.1003	17
72.1185	17
72.1186	17
72.1186	17
72.9103	17
72.9105	17
72.9105	17
73.3858	17
73.386	17
73.3908	17
75.0845	17
75.0857	17
75.0866	17
75.8565	17
75.8623	17
75.8625	17
75.8643	17
76.0732	17
76.0734	17
76.0785	17
76.2615	17
76.2615	17
76.2621	17
77.1389	17
77.1391	17
77.141	17
77.3549	17
77.3556	17
77.357	17
77.357	17
77.3571	17
77.3573	17
77.5324	17
77.533	17
77.5332	17
77.5333	17
77.5687	17
77.5689	17
77.5716	17
77.6321	17
77.6322	17
77.6329	17
77.84	17
77.841	17
77.8835	17
77.884	17
77.8842	17
77.8855	17
77.9099	17
77.9102	17
77.9102	17
78.0787	17
78.0793	17
78.1086	17
78.1086	17
79.1796	17
79.1801	17
79.1819	17
79.4882	17
79.4891	17
79.4896	17
79.4909	17
79.6908	17
79.6923	17
79.7027	17
80.1884	17
80.1891	17
80.1926	17
80.3193	17
80.3196	17
80.3197	17
80.8076	17
80.8076	17
80.8091	17
81.2366	17
81.2368	17
81.2368	17
82.2257	17
82.2258	17
84.0028	17
84.0038	17
84.0041	17
84.0047	17
84.1821	17
84.1823	17
84.1838	17
84.203	17
84.2031	17
84.2031	17
84.2482	17
84.249	17
84.2492	17
85.0208	17
85.0211	17
85.0224	17
87.9967	17
87.997	17
88.0102	17
88.0102	17
88.0641	17
88.0641	17
88.5306	17
88.5307	17
88.5308	17
88.5341	17
88.9813	17
88.9816	17
88.9828	17
89.7397	17
89.7403	17
89.7493	17
89.7812	17
89.7817	17
89.7877	17
89.7921	17
89.7922	17
89.7922	17
89.7924	17
89.8027	17
89.8033	17
89.8042	17
89.9505	17
89.9506	17
89.9579	17
91.4537	17
91.4538	17
91.4663	17
91.7552	17
91.7561	17
91.7567	17
91.757	17
92.2037	17
92.2037	17
92.205	17
92.6051	17
92.6059	17
92.606	17
92.6169	17
92.6169	17
92.6171	17
92.6174	17
93.1171	17
93.1195	17
93.1196	17
93.1201	17
93.7976	17
93.7979	17
93.8019	17
93.9058	17
93.9058	17
93.9058	17
94.2549	17
94.2555	17
94.2557	17
94.2612	17
95.0253	17
95.0256	17
95.0259	17
95.3791	17
95.3795	17
95.3796	17
95.8306	17
95.831	17
95.8369	17
95.8369	17
97.1378	17
97.1396	17
97.1397	17
97.1478	17
97.4007	17
97.4007	17
97.4014	17
97.4014	17
97.4437	17
97.4437	17
97.4437	17
97.4437	17
97.8492	17
97.8499	17
97.85	17
98.5869	17
98.5881	17
98.5965	17
98.7509	17
98.751	17
98.7518	17
99.4147	17
99.415	17
99.4166	17
99.5753	17
99.576	17
99.5768	17
