1.44169e-10	0
3.60713e-10	1
4.72122e-10	2
5.21721e-10	3
6.50572e-10	4
9.68825e-10	5
1.26632e-09	6
1.88943e-09	7
2.07071e-09	8
2.50067e-09	9
3.71528e-09	10
4.13673e-09	11
4.74839e-09	12
6.73498e-09	13
1.04779e-08	14
1.15067e-08	15
1.76877e-08	16
2.11433e-08	16
2.70795e-08	16
2.99001e-08	16
3.4101e-08	16
3.54825e-08	17
3.99249e-08	17
4.38462e-08	18
5.01555e-08	18
6.19287e-08	18
6.23046e-08	18
6.62521e-08	18
6.6653e-08	18
6.87771e-08	18
7.41893e-08	18
8.04426e-08	18
8.80446e-08	18
9.14084e-08	18
9.48721e-08	18
9.626e-08	18
9.68045e-08	18
1.01715e-07	18
1.01977e-07	18
1.13469e-07	18
1.33859e-07	18
1.36296e-07	18
1.3675e-07	18
1.38564e-07	18
1.53215e-07	18
1.59008e-07	18
1.61726e-07	18
1.6355e-07	18
1.70861e-07	18
1.83893e-07	18
1.9755e-07	18
2.14979e-07	18
2.21479e-07	18
2.23634e-07	18
2.39006e-07	18
2.56223e-07	18
2.57804e-07	18
2.59935e-07	18
2.62273e-07	18
2.63457e-07	18
2.84359e-07	18
2.86261e-07	18
2.87415e-07	18
2.88025e-07	18
2.93887e-07	18
2.99876e-07	18
3.0017e-07	18
3.07044e-07	18
3.08899e-07	18
3.279e-07	18
3.56952e-07	18
3.61329e-07	18
3.62508e-07	18
3.68484e-07	18
3.70747e-07	18
3.72043e-07	18
3.72521e-07	18
3.81399e-07	18
3.84098e-07	18
3.92927e-07	18
4.01143e-07	18
4.05006e-07	18
4.06611e-07	18
4.07978e-07	18
4.16513e-07	18
4.2658e-07	18
4.27718e-07	18
4.29346e-07	18
4.467e-07	18
4.55508e-07	18
4.76298e-07	18
4.84299e-07	18
4.98568e-07	18
5.17002e-07	18
5.18835e-07	18
5.19495e-07	18
5.21865e-07	18
5.28313e-07	18
5.31838e-07	18
5.33593e-07	18
5.47738e-07	18
5.49345e-07	18
5.52203e-07	18
5.76107e-07	18
5.78852e-07	18
5.9352e-07	18
6.03898e-07	18
6.062e-07	18
6.0752e-07	18
6.16291e-07	18
6.16825e-07	18
6.21318e-07	18
6.51115e-07	18
6.52783e-07	18
6.5303e-07	18
6.63246e-07	18
6.75205e-07	18
6.8664e-07	18
6.87891e-07	18
6.94113e-07	18
7.13473e-07	18
7.14818e-07	18
7.17654e-07	18
7.18529e-07	18
7.26279e-07	18
7.42374e-07	18
7.43463e-07	18
7.43655e-07	18
7.46195e-07	18
7.83869e-07	18
7.84264e-07	18
7.84978e-07	18
7.85253e-07	18
8.02571e-07	18
8.11038e-07	18
8.22292e-07	18
8.24027e-07	18
8.56301e-07	18
8.67812e-07	18
8.86563e-07	18
8.95743e-07	18
9.07083e-07	18
9.20161e-07	18
9.24717e-07	18
9.26462e-07	18
9.57029e-07	18
9.68979e-07	18
9.72664e-07	18
9.78335e-07	18
9.82459e-07	18
9.94341e-07	18
1.00345e-06	18
1.04149e-06	18
1.04194e-06	18
1.07849e-06	18
1.09376e-06	18
1.09405e-06	18
1.10092e-06	18
1.1077e-06	18
1.11506e-06	18
1.12476e-06	18
1.13442e-06	18
1.13709e-06	18
1.13732e-06	18
1.13954e-06	18
1.16265e-06	18
1.1812e-06	18
1.18548e-06	18
1.18986e-06	18
1.19052e-06	18
1.22158e-06	18
1.22309e-06	18
1.22985e-06	18
1.23098e-06	18
1.24002e-06	18
1.27979e-06	18
1.28732e-06	18
1.28817e-06	18
1.28962e-06	18
1.29239e-06	18
1.31878e-06	18
1.32469e-06	18
1.33247e-06	18
1.35443e-06	18
1.35485e-06	18
1.35725e-06	18
1.38041e-06	18
1.39105e-06	18
1.40106e-06	18
1.41275e-06	18
1.42205e-06	18
1.45332e-06	18
1.45366e-06	18
1.46295e-06	18
1.46643e-06	18
1.48328e-06	18
1.48969e-06	18
1.49289e-06	18
1.49366e-06	18
1.49732e-06	18
1.50427e-06	18
1.52764e-06	18
1.55608e-06	18
1.56029e-06	18
1.57923e-06	18
1.62586e-06	18
1.67574e-06	18
1.683e-06	18
1.69977e-06	18
1.70019e-06	18
1.7104e-06	18
1.71617e-06	18
1.71666e-06	18
1.71778e-06	18
1.72475e-06	18
1.74539e-06	18
1.75737e-06	18
1.77365e-06	18
1.79475e-06	18
1.79637e-06	18
1.81006e-06	18
1.8498e-06	18
1.86204e-06	18
1.86267e-06	18
1.86766e-06	18
1.87526e-06	18
1.91096e-06	18
1.9148e-06	18
1.93337e-06	18
1.93958e-06	18
1.96414e-06	18
1.98148e-06	18
1.98926e-06	18
2.00271e-06	18
2.02227e-06	18
2.10379e-06	18
2.10596e-06	18
2.13477e-06	18
2.14519e-06	18
2.16301e-06	18
2.16868e-06	18
2.24852e-06	18
2.28303e-06	18
2.40951e-06	18
2.42359e-06	18
2.42842e-06	18
2.49935e-06	18
2.53862e-06	18
2.63274e-06	18
2.74578e-06	18
2.78975e-06	18
3.00313e-06	18
3.02555e-06	18
3.07349e-06	18
3.08748e-06	18
3.09134e-06	18
3.35949e-06	18
3.46845e-06	18
3.47811e-06	18
3.65467e-06	18
3.73575e-06	18
3.79759e-06	18
3.83181e-06	18
3.93288e-06	18
4.00167e-06	18
4.03019e-06	18
4.09676e-06	18
4.11304e-06	18
4.24706e-06	18
4.30411e-06	18
4.45533e-06	18
4.47549e-06	18
4.55597e-06	18
4.69453e-06	18
4.76121e-06	18
4.80601e-06	18
4.84001e-06	18
5.20812e-06	18
5.21965e-06	18
5.29281e-06	18
5.29445e-06	18
5.33236e-06	18
5.36124e-06	18
5.58678e-06	18
5.61155e-06	18
5.65482e-06	18
5.72346e-06	18
5.93675e-06	18
6.0211e-06	18
6.07047e-06	18
6.41263e-06	18
6.52571e-06	18
6.90982e-06	18
7.45002e-06	18
8.31764e-06	18
8.44942e-06	18
8.55274e-06	18
8.61203e-06	18
8.67139e-06	18
9.05745e-06	18
9.59176e-06	18
9.66088e-06	18
9.82377e-06	18
9.89254e-06	18
9.9783e-06	18
1.03888e-05	18
1.13121e-05	18
1.20422e-05	18
1.24619e-05	18
1.24709e-05	18
1.2546e-05	18
1.27687e-05	18
1.28089e-05	18
1.33467e-05	18
1.36741e-05	18
1.4041e-05	18
1.41214e-05	18
1.41751e-05	18
1.46925e-05	18
1.51466e-05	18
1.54191e-05	18
1.58613e-05	18
1.67876e-05	18
1.68712e-05	18
1.68881e-05	18
1.70117e-05	18
1.8357e-05	18
1.83968e-05	18
1.85606e-05	18
1.97867e-05	18
2.01101e-05	18
2.03946e-05	18
2.04709e-05	18
2.07883e-05	18
2.08405e-05	18
2.12478e-05	18
2.13243e-05	18
2.19156e-05	18
2.20668e-05	18
2.22767e-05	18
2.23401e-05	18
2.35394e-05	18
2.45394e-05	18
2.51854e-05	18
2.56982e-05	18
2.63934e-05	18
2.64923e-05	18
2.68786e-05	18
2.73512e-05	18
2.74346e-05	18
2.76982e-05	18
2.78656e-05	18
2.84107e-05	18
2.85168e-05	18
2.89038e-05	18
2.9494e-05	18
3.04901e-05	18
3.13352e-05	18
3.17332e-05	18
3.18566e-05	18
3.18829e-05	18
3.20072e-05	18
3.21649e-05	18
3.37472e-05	18
3.41047e-05	18
3.41507e-05	18
3.56127e-05	18
3.59241e-05	18
3.60834e-05	18
3.62754e-05	18
3.68101e-05	18
3.71945e-05	18
3.74307e-05	18
3.75579e-05	18
3.8035e-05	18
3.85331e-05	18
3.97711e-05	18
4.03075e-05	18
4.04867e-05	18
4.06197e-05	18
4.1471e-05	18
4.19668e-05	18
4.20124e-05	18
4.26651e-05	18
4.27635e-05	18
4.35664e-05	18
4.5236e-05	18
4.64439e-05	18
4.72468e-05	18
4.73417e-05	18
4.77239e-05	18
4.86685e-05	18
5.0494e-05	18
5.14804e-05	18
5.15028e-05	18
5.15524e-05	18
5.23465e-05	18
5.24919e-05	18
5.25408e-05	18
5.27913e-05	18
5.31073e-05	18
5.31855e-05	18
5.35338e-05	18
5.3576e-05	18
5.37544e-05	18
5.49009e-05	18
5.55424e-05	18
5.59181e-05	18
5.59359e-05	18
5.60298e-05	18
5.67978e-05	18
5.7649e-05	18
5.82164e-05	18
5.8621e-05	18
5.97296e-05	18
6.17512e-05	18
6.18606e-05	18
6.29077e-05	18
6.38192e-05	18
6.39525e-05	18
6.56493e-05	18
6.60061e-05	18
6.7303e-05	18
6.7442e-05	18
6.75665e-05	18
6.90446e-05	18
6.92163e-05	18
7.10809e-05	18
7.1082e-05	18
7.14759e-05	18
7.14944e-05	18
7.25549e-05	18
7.2736e-05	18
7.27435e-05	18
7.32302e-05	18
7.37155e-05	18
7.41062e-05	18
7.41335e-05	18
7.44848e-05	18
7.49281e-05	18
7.71352e-05	18
7.74734e-05	18
7.75312e-05	18
7.78087e-05	18
7.83666e-05	18
7.8992e-05	18
7.9304e-05	18
8.07605e-05	18
8.14872e-05	18
8.17945e-05	18
8.26126e-05	18
8.29695e-05	18
8.30353e-05	18
8.35354e-05	18
8.37792e-05	18
8.39772e-05	18
8.42284e-05	18
8.45367e-05	18
8.66725e-05	18
8.84703e-05	18
8.99611e-05	18
9.07207e-05	18
9.14704e-05	18
9.28644e-05	18
9.30853e-05	18
9.30969e-05	18
9.53948e-05	18
9.63197e-05	18
9.66681e-05	18
9.71362e-05	18
0.000100881	18
0.000101248	18
0.000101305	18
0.000102525	18
0.000102687	18
0.000103578	18
0.00010602	18
0.000106278	18
0.000107597	18
0.000111418	18
0.000113035	18
0.000113287	18
0.000125478	18
0.000126463	18
0.000130606	18
0.000131262	18
0.000137009	18
0.000140102	18
0.000144485	18
0.00014601	18
0.000155126	18
0.000169805	18
0.000174558	18
0.000180672	18
0.000182247	18
0.000182629	18
0.000185756	18
0.000211927	18
0.000215523	18
0.00023189	18
0.000251341	18
0.000257636	18
0.000317366	18
0.00033912	18
0.000369149	18
0.00037639	18
0.000379028	18
0.000398136	18
0.0004072	18
0.000421415	18
0.000426825	18
0.000431923	18
0.000480741	18
0.000679021	18
0.000702648	18
0.000710941	18
0.000772905	18
0.000911683	18
0.00109601	18
0.0013608	18
0.00157911	18
0.00178009	18
0.00178991	18
0.00179159	18
0.00194209	18
0.00211625	18
0.00213569	18
0.00247665	18
0.00377151	18
0.00377876	18
0.00377978	18
0.00379153	18
0.00383526	18
0.00400392	18
0.00400451	18
0.00400594	18
0.00400616	18
0.00401107	18
0.00401212	18
0.00401448	18
0.00401489	18
0.0040154	18
0.00401836	18
0.00401887	18
0.00402012	18
0.00402274	18
0.00402891	18
0.00403283	18
0.00405425	18
0.0040573	18
0.00406849	18
0.00408246	18
0.00410508	18
0.00551057	18
0.00551149	18
0.00551198	18
0.00551672	18
0.00551776	18
0.0055185	18
0.00552366	18
0.00552384	18
0.00552833	18
0.00552885	18
0.00555963	18
0.00568204	18
0.00586748	18
0.00586927	18
0.00586947	18
0.0058714	18
0.00587331	18
0.00587349	18
0.00587928	18
0.00587955	18
0.0058797	18
0.00588031	18
0.00588438	18
0.00588465	18
0.00589789	18
0.00629818	18
0.00629988	18
0.00630747	18
0.00654247	18
0.008203	18
0.00820337	18
0.00820348	18
0.00820399	18
0.00820417	18
0.00820459	18
0.0082046	18
0.00820599	18
0.00820752	18
0.00820782	18
0.00820882	18
0.00820896	18
0.00820909	18
0.00821021	18
0.00821124	18
0.0082131	18
0.00821752	18
0.00822295	18
0.00822743	18
0.00822986	18
0.0082334	18
0.00823811	18
0.0082443	18
0.00824557	18
0.00824598	18
0.00826494	18
0.00837077	18
0.0102801	18
0.0102814	18
0.010282	18
0.010282	18
0.0102826	18
0.0102826	18
0.0102828	18
0.0102829	18
0.0102831	18
0.0102834	18
0.0102841	18
0.0102842	18
0.0102843	18
0.0102844	18
0.0102846	18
0.0102847	18
0.0102851	18
0.0102858	18
0.0102862	18
0.010287	18
0.0102879	18
0.0102881	18
0.0102883	18
0.0102902	18
0.0102903	18
0.0102904	18
0.0102906	18
0.0102913	18
0.0102932	18
0.0102938	18
0.0102944	18
0.0102946	18
0.0102951	18
0.0102954	18
0.0102971	18
0.0103023	18
0.0103092	18
0.0103113	18
0.0103257	18
0.0103283	18
0.0103313	18
0.0103554	18
0.0103726	18
0.0111146	18
0.011164	18
0.0111657	18
0.0111678	18
0.0111686	18
0.0111709	18
0.0111811	18
0.0111823	18
0.0111854	18
0.0111859	18
0.0111869	18
0.0111968	18
0.0112149	18
0.0112222	18
0.0119585	18
0.0119597	18
0.0119602	18
0.0119612	18
0.011962	18
0.0119626	18
0.0119666	18
0.011969	18
0.0119694	18
0.011973	18
0.0119741	18
0.011975	18
0.0119752	18
0.0119753	18
0.0119772	18
0.0119788	18
0.011983	18
0.0119838	18
0.0119881	18
0.0119947	18
0.0120023	18
0.012006	18
0.0120148	18
0.0120198	18
0.0120224	18
0.0131317	18
0.0148305	18
0.0148316	18
0.0148346	18
0.0148363	18
0.0148365	18
0.0148366	18
0.0148372	18
0.0148375	18
0.0148376	18
0.0148377	18
0.0148378	18
0.0148389	18
0.0148392	18
0.0148401	18
0.014842	18
0.0148421	18
0.0148424	18
0.0148428	18
0.0148462	18
0.0148466	18
0.0148472	18
0.0148475	18
0.0148531	18
0.0148542	18
0.0148561	18
0.0148566	18
0.0148613	18
0.0148621	18
0.0148642	18
0.0148649	18
0.014867	18
0.0148683	18
0.0148693	18
0.0148718	18
0.014877	18
0.0148812	18
0.0149015	18
0.0149044	18
0.014914	18
0.0149192	18
0.0149308	18
0.0149345	18
0.0149545	18
0.0149774	18
0.0149953	18
0.015001	18
0.0150116	18
0.0150474	18
0.0150652	18
0.0151155	18
0.0151597	18
0.0151653	18
0.0151654	18
0.0151775	18
0.015209	18
0.0152325	18
0.0152733	18
0.0152768	18
0.015423	18
0.0156195	18
0.0156357	18
0.0156521	18
0.0157585	18
0.0157605	18
0.0157847	18
0.0157863	18
0.0158386	18
0.015868	18
0.0158743	18
0.0158978	18
0.015942	18
0.0159621	18
0.0159723	18
0.0160147	18
0.0160196	18
0.0160556	18
0.0160796	18
0.0160997	18
0.0161152	18
0.0161376	18
0.0161441	18
0.0162552	18
0.0163091	18
0.0163246	18
0.0163891	18
0.016607	18
0.0166241	18
0.0166412	18
0.0166522	18
0.0166904	18
0.0167873	18
0.0167885	18
0.0167903	18
0.0167911	18
0.0167926	18
0.0167936	18
0.0167967	18
0.0167973	18
0.0168051	18
0.0168063	18
0.0168082	18
0.0168089	18
0.0168105	18
0.0168158	18
0.0168158	18
0.0168184	18
0.0168292	18
0.0168442	18
0.0168463	18
0.0168527	18
0.0168571	18
0.0169099	18
0.0170686	18
0.0172603	18
0.0174775	18
0.0174929	18
0.0175066	18
0.017524	18
0.0175409	18
0.0176054	18
0.0184772	18
0.0189877	18
0.0189974	18
0.019901	18
0.0199063	18
0.0199071	18
0.0199075	18
0.0199078	18
0.0199087	18
0.0199098	18
0.0199122	18
0.0199148	18
0.0199168	18
0.0199216	18
0.0199232	18
0.0199262	18
0.0199407	18
0.0199712	18
0.0208013	18
0.0223997	18
0.0246046	18
0.0246046	18
0.0246046	18
0.0246047	18
0.0246049	18
0.024605	18
0.0246052	18
0.0246052	18
0.0246053	18
0.0246056	18
0.0246057	18
0.0246058	18
0.0246059	18
0.024606	18
0.0246061	18
0.0246062	18
0.0246064	18
0.0246065	18
0.0246067	18
0.0246067	18
0.0246069	18
0.0246074	18
0.0246075	18
0.0246076	18
0.0246077	18
0.0246078	18
0.0246079	18
0.0246079	18
0.0246081	18
0.0246082	18
0.0246087	18
0.0246088	18
0.0246089	18
0.0246089	18
0.0246089	18
0.024609	18
0.0246096	18
0.0246098	18
0.0246101	18
0.0246104	18
0.0246106	18
0.0246106	18
0.0246109	18
0.0246109	18
0.0246109	18
0.0246117	18
0.0246118	18
0.0246118	18
0.0246119	18
0.0246122	18
0.0246124	18
0.0246124	18
0.0246125	18
0.0246125	18
0.0246126	18
0.0246126	18
0.0246127	18
0.0246128	18
0.0246133	18
0.0246134	18
0.0246139	18
0.0246141	18
0.0246141	18
0.0246149	18
0.024615	18
0.0246154	18
0.0246157	18
0.0246159	18
0.0246161	18
0.0246174	18
0.0246177	18
0.0246177	18
0.0246178	18
0.0246178	18
0.0246179	18
0.0246182	18
0.0246187	18
0.0246189	18
0.0246194	18
0.0246194	18
0.02462	18
0.0246207	18
0.0246224	18
0.0246227	18
0.0246232	18
0.0246235	18
0.0246237	18
0.0246237	18
0.0246243	18
0.0246267	18
0.0246267	18
0.0246279	18
0.0246283	18
0.0246283	18
0.0246299	18
0.0246303	18
0.0246307	18
0.024632	18
0.0246344	18
0.02464	18
0.0246418	18
0.0246434	18
0.0246472	18
0.024648	18
0.0246492	18
0.0246507	18
0.0246519	18
0.024655	18
0.0246565	18
0.0246589	18
0.0246606	18
0.0246627	18
0.0246647	18
0.0246703	18
0.0246709	18
0.0246721	18
0.0246754	18
0.0246791	18
0.0246814	18
0.0246868	18
0.024702	18
0.0247024	18
0.0247099	18
0.0247118	18
0.0247237	18
0.0247302	18
0.0247521	18
0.0247536	18
0.0247581	18
0.0247648	18
0.0247649	18
0.0247742	18
0.0247818	18
0.0247941	18
0.0248287	18
0.0248417	18
0.0248529	18
0.0248645	18
0.0248649	18
0.0248684	18
0.0248803	18
0.0249187	18
0.0249187	18
0.0249187	18
0.024919	18
0.0249193	18
0.0249195	18
0.0249197	18
0.0249199	18
0.02492	18
0.0249204	18
0.0249205	18
0.0249206	18
0.0249206	18
0.0249208	18
0.0249209	18
0.0249213	18
0.0249227	18
0.0249229	18
0.024923	18
0.0249233	18
0.0249233	18
0.0249245	18
0.0249247	18
0.0249248	18
0.024925	18
0.0249253	18
0.0249257	18
0.0249261	18
0.0249264	18
0.024927	18
0.0249279	18
0.0249281	18
0.0249299	18
0.0249302	18
0.024931	18
0.0249319	18
0.0249325	18
0.0249337	18
0.0249361	18
0.0249365	18
0.0249368	18
0.0249387	18
0.0249394	18
0.024942	18
0.0249438	18
0.0249441	18
0.0249448	18
0.0249453	18
0.0249455	18
0.0249458	18
0.024946	18
0.0249469	18
0.0249547	18
0.0249603	18
0.0249604	18
0.0249626	18
0.0249654	18
0.0249794	18
0.0249899	18
0.0249952	18
0.0249964	18
0.0250106	18
0.025014	18
0.0250162	18
0.0250197	18
0.0250323	18
0.0250405	18
0.0250507	18
0.0251217	18
0.0251736	18
0.0252012	18
0.0252158	18
0.0252227	18
0.0252426	18
0.0252431	18
0.0252431	18
0.0252437	18
0.0252438	18
0.0252505	18
0.0252515	18
0.0252558	18
0.0252639	18
0.0252645	18
0.0252676	18
0.0252699	18
0.0252732	18
0.0253033	18
0.0253161	18
0.0253216	18
0.0253887	18
0.0254092	18
0.0254311	18
0.0254524	18
0.0254614	18
0.0254972	18
0.0255138	18
0.0255471	18
0.0256615	18
0.0256819	18
0.0256956	18
0.0257688	18
0.0257798	18
0.0257915	18
0.0257946	18
0.0258021	18
0.0258054	18
0.0258091	18
0.0258101	18
0.0258156	18
0.0258206	18
0.0258267	18
0.025854	18
0.0258558	18
0.0258587	18
0.0258762	18
0.0258858	18
0.0258968	18
0.0259487	18
0.0259561	18
0.0259603	18
0.0259734	18
0.0259922	18
0.0259983	18
0.0260034	18
0.0260104	18
0.0260115	18
0.0260179	18
0.0260191	18
0.0260278	18
0.0260339	18
0.0260751	18
0.0261003	18
0.0261111	18
0.0261338	18
0.0261639	18
0.0261693	18
0.0261997	18
0.026231	18
0.0262382	18
0.026245	18
0.0262571	18
0.0262591	18
0.0262892	18
0.0263084	18
0.0263418	18
0.0263448	18
0.0263663	18
0.0263787	18
0.0264027	18
0.0266278	18
0.0267088	18
0.0267094	18
0.0267823	18
0.0268635	18
0.0268728	18
0.026896	18
0.0270834	18
0.0271979	18
0.0273519	18
0.0273805	18
0.0273819	18
0.0274145	18
0.0274264	18
0.027428	18
0.0274337	18
0.0274372	18
0.0274821	18
0.027514	18
0.0277405	18
0.0277483	18
0.0277569	18
0.0283309	18
0.0283311	18
0.0283312	18
0.0283321	18
0.0283322	18
0.0283375	18
0.0283391	18
0.0283393	18
0.0283393	18
0.0283401	18
0.0283418	18
0.028342	18
0.0283423	18
0.0283438	18
0.0283472	18
0.0283489	18
0.0283503	18
0.0283531	18
0.0283577	18
0.0283578	18
0.0283672	18
0.0283684	18
0.02838	18
0.0284726	18
0.02896	18
0.02896	18
0.0289601	18
0.0289602	18
0.0289606	18
0.0289609	18
0.0289609	18
0.028961	18
0.0289615	18
0.0289615	18
0.0289616	18
0.0289627	18
0.0289631	18
0.0289634	18
0.028964	18
0.0289643	18
0.0289644	18
0.0289656	18
0.0289656	18
0.0289658	18
0.0289672	18
0.0289676	18
0.0289677	18
0.0289684	18
0.0289688	18
0.0289698	18
0.0289699	18
0.0289702	18
0.0289703	18
0.0289706	18
0.0289708	18
0.0289734	18
0.028975	18
0.0289751	18
0.0289778	18
0.0289782	18
0.0289812	18
0.0289845	18
0.0289848	18
0.0289848	18
0.0289853	18
0.0289871	18
0.0289878	18
0.0289896	18
0.028991	18
0.028992	18
0.0289928	18
0.028993	18
0.028993	18
0.0289945	18
0.0289967	18
0.0289967	18
0.0289978	18
0.0289995	18
0.0289997	18
0.0290028	18
0.0290029	18
0.029004	18
0.0290068	18
0.0290186	18
0.0290363	18
0.0290494	18
0.0290842	18
0.0290882	18
0.0291171	18
0.0291258	18
0.0291405	18
0.0291488	18
0.0291551	18
0.0291628	18
0.0291943	18
0.0292154	18
0.0292154	18
0.0292677	18
0.029294	18
0.0293044	18
0.0293053	18
0.0294107	18
0.0294229	18
0.0295226	18
0.029556	18
0.0295561	18
0.0295569	18
0.029557	18
0.0295581	18
0.0295591	18
0.0295601	18
0.0295609	18
0.029562	18
0.0295627	18
0.0295632	18
0.0295674	18
0.0295694	18
0.0295718	18
0.0295724	18
0.0295768	18
0.0295786	18
0.0295809	18
0.0295833	18
0.0295947	18
0.0296087	18
0.0296094	18
0.0296109	18
0.0296111	18
0.0296157	18
0.0296166	18
0.0296445	18
0.0296446	18
0.0296452	18
0.0296454	18
0.0296455	18
0.029646	18
0.0296464	18
0.0296465	18
0.0296479	18
0.0296481	18
0.029649	18
0.0296497	18
0.0296501	18
0.0296508	18
0.0296509	18
0.0296557	18
0.0296574	18
0.0296629	18
0.029666	18
0.0296689	18
0.0296693	18
0.0296715	18
0.0296749	18
0.0296766	18
0.0296768	18
0.0296776	18
0.0296778	18
0.0296787	18
0.0296806	18
0.0296824	18
0.0296877	18
0.0296945	18
0.0297028	18
0.0297079	18
0.0297119	18
0.0297216	18
0.0297227	18
0.0297273	18
0.0297352	18
0.029736	18
0.0297397	18
0.0298557	18
0.0298734	18
0.0300232	18
0.0300996	18
0.0301368	18
0.030239	18
0.0303404	18
0.0305909	18
0.0307606	18
0.0307623	18
0.0307653	18
0.0307676	18
0.0307693	18
0.0307719	18
0.0307721	18
0.0307737	18
0.0307986	18
0.0308116	18
0.0308298	18
0.0315699	18
0.0316083	18
0.0316084	18
0.0316092	18
0.0316109	18
0.0316113	18
0.0316168	18
0.031619	18
0.0316226	18
0.0316316	18
0.0316354	18
0.0316355	18
0.0316495	18
0.0316549	18
0.0316683	18
0.0316742	18
0.0316936	18
0.0318211	18
0.0318233	18
0.0318247	18
0.0318251	18
0.0318274	18
0.0318313	18
0.031833	18
0.0318371	18
0.0318397	18
0.0318404	18
0.0318411	18
0.0318451	18
0.0318541	18
0.031857	18
0.031908	18
0.031922	18
0.0321403	18
0.0324554	18
0.0340195	18
0.0340197	18
0.0340199	18
0.0340199	18
0.0340199	18
0.0340204	18
0.0340208	18
0.0340212	18
0.0340221	18
0.0340223	18
0.0340224	18
0.0340224	18
0.0340228	18
0.034023	18
0.0340231	18
0.0340233	18
0.0340236	18
0.0340236	18
0.0340248	18
0.0340248	18
0.0340252	18
0.0340252	18
0.0340256	18
0.034026	18
0.0340264	18
0.0340264	18
0.0340268	18
0.034027	18
0.0340275	18
0.0340283	18
0.0340283	18
0.0340291	18
0.0340305	18
0.0340316	18
0.0340318	18
0.0340344	18
0.0340365	18
0.0340382	18
0.0340405	18
0.0340406	18
0.0340408	18
0.0340409	18
0.034042	18
0.0340451	18
0.0340452	18
0.0340461	18
0.0340495	18
0.0340512	18
0.034053	18
0.0340532	18
0.0340557	18
0.034058	18
0.0340639	18
0.0340701	18
0.0340714	18
0.0340724	18
0.0340796	18
0.0340819	18
0.0340847	18
0.0340895	18
0.034097	18
0.0340995	18
0.0341049	18
0.0341096	18
0.0341138	18
0.0341307	18
0.03415	18
0.034157	18
0.0341576	18
0.0341584	18
0.0341598	18
0.0341722	18
0.0341814	18
0.0341838	18
0.0341865	18
0.0341873	18
0.0341911	18
0.0341962	18
0.0341985	18
0.0341987	18
0.0342057	18
0.0342083	18
0.0342279	18
0.0342386	18
0.0342444	18
0.0342534	18
0.0342684	18
0.0342803	18
0.0342904	18
0.0343049	18
0.0343056	18
0.0343194	18
0.0343337	18
0.0343385	18
0.0343434	18
0.0343536	18
0.0343542	18
0.0343554	18
0.0343601	18
0.0343761	18
0.0343887	18
0.0344035	18
0.0344196	18
0.034423	18
0.0344322	18
0.0344434	18
0.0344485	18
0.0344654	18
0.0344809	18
0.0344878	18
0.0345456	18
0.034583	18
0.0345881	18
0.0346166	18
0.0346229	18
0.0346343	18
0.0346415	18
0.0346419	18
0.034652	18
0.0346706	18
0.0347343	18
0.0347351	18
0.0347698	18
0.0348352	18
0.0348378	18
0.0348458	18
0.0348878	18
0.0349008	18
0.0349395	18
0.0350045	18
0.03503	18
0.0350422	18
0.0350504	18
0.0350646	18
0.0350726	18
0.0351216	18
0.0351904	18
0.0352284	18
0.0352646	18
0.0352671	18
0.0352975	18
0.0353154	18
0.035329	18
0.0353368	18
0.0354046	18
0.0354831	18
0.0355093	18
0.0355124	18
0.0356152	18
0.0356188	18
0.0356669	18
0.035683	18
0.0358347	18
0.0359436	18
0.0359546	18
0.0362351	18
0.0363399	18
0.0364956	18
0.0365666	18
0.0368483	18
0.0375689	18
0.0375691	18
0.0375717	18
0.0375725	18
0.0375727	18
0.037574	18
0.0375744	18
0.0375863	18
0.0375897	18
0.0376007	18
0.0376013	18
0.0376099	18
0.0376452	18
0.0376453	18
0.0376492	18
0.0376854	18
0.0376954	18
0.0376956	18
0.0376973	18
0.0377028	18
0.0377269	18
0.0377309	18
0.0377465	18
0.0377738	18
0.0377758	18
0.0377807	18
0.0377856	18
0.0377997	18
0.0378071	18
0.0378238	18
0.0378265	18
0.0378344	18
0.0378614	18
0.0378632	18
0.0378658	18
0.037867	18
0.0378675	18
0.0378805	18
0.03789	18
0.0378902	18
0.0378905	18
0.0378906	18
0.0378907	18
0.0378908	18
0.037891	18
0.0378928	18
0.0378931	18
0.0378932	18
0.0378941	18
0.0378944	18
0.0378949	18
0.0378958	18
0.037896	18
0.0378967	18
0.0378968	18
0.0378981	18
0.0378986	18
0.0378988	18
0.0378995	18
0.0379027	18
0.0379054	18
0.0379057	18
0.0379063	18
0.0379072	18
0.0379088	18
0.0379103	18
0.0379103	18
0.0379104	18
0.0379119	18
0.0379124	18
0.0379127	18
0.0379136	18
0.0379138	18
0.0379164	18
0.0379168	18
0.0379189	18
0.0379228	18
0.0379296	18
0.0379321	18
0.0379356	18
0.0379409	18
0.037966	18
0.0379774	18
0.0379831	18
0.0379864	18
0.0380088	18
0.0380102	18
0.0380149	18
0.0380315	18
0.0380368	18
0.0380507	18
0.0380549	18
0.0380992	18
0.0381041	18
0.0382314	18
0.0382425	18
0.0382741	18
0.0383178	18
0.0383234	18
0.0383314	18
0.0384123	18
0.0384319	18
0.0384795	18
0.0384944	18
0.0386144	18
0.038629	18
0.0386317	18
0.0386329	18
0.0386339	18
0.0386341	18
0.0386363	18
0.0386374	18
0.0386374	18
0.0386401	18
0.0386429	18
0.0386429	18
0.0386475	18
0.0386497	18
0.0386508	18
0.0386524	18
0.0386551	18
0.0386617	18
0.0386794	18
0.03868	18
0.0386827	18
0.0386943	18
0.0387969	18
0.0388058	18
0.0388134	18
0.0388614	18
0.0388685	18
0.0388772	18
0.0388915	18
0.0389532	18
0.0389549	18
0.0389912	18
0.0390303	18
0.039031	18
0.0391076	18
0.0391212	18
0.0391256	18
0.0392383	18
0.0392384	18
0.0392387	18
0.0392388	18
0.039239	18
0.0392403	18
0.0392423	18
0.0392433	18
0.0392446	18
0.0392455	18
0.0392456	18
0.039246	18
0.0392474	18
0.0392477	18
0.0392483	18
0.0392483	18
0.0392491	18
0.0392492	18
0.0392494	18
0.0392503	18
0.039251	18
0.0392537	18
0.0392542	18
0.0392547	18
0.03926	18
0.039262	18
0.0392638	18
0.0392678	18
0.0392706	18
0.0392726	18
0.0392727	18
0.0392743	18
0.0392751	18
0.0392752	18
0.03928	18
0.0392877	18
0.0392898	18
0.0392905	18
0.0393103	18
0.0393181	18
0.0393423	18
0.0393534	18
0.039354	18
0.0393566	18
0.0393596	18
0.0393718	18
0.0393724	18
0.0393818	18
0.0393907	18
0.0394221	18
0.039438	18
0.0394676	18
0.0394937	18
0.0395366	18
0.0395461	18
0.0395742	18
0.03958	18
0.0396222	18
0.0396447	18
0.0396691	18
0.0396698	18
0.0396827	18
0.0396987	18
0.0397102	18
0.0397156	18
0.0397226	18
0.0397257	18
0.0397451	18
0.0397527	18
0.0397528	18
0.039753	18
0.0397536	18
0.039754	18
0.0397541	18
0.0397548	18
0.0397552	18
0.0397555	18
0.0397556	18
0.0397558	18
0.0397564	18
0.0397566	18
0.0397567	18
0.0397574	18
0.0397578	18
0.039758	18
0.0397589	18
0.0397597	18
0.0397601	18
0.0397605	18
0.039762	18
0.0397624	18
0.0397642	18
0.0397658	18
0.0397671	18
0.0397673	18
0.0397683	18
0.0397694	18
0.0397704	18
0.0397714	18
0.0397745	18
0.0397756	18
0.0397775	18
0.0397777	18
0.0397779	18
0.0397781	18
0.0397792	18
0.0397816	18
0.0397817	18
0.0397831	18
0.0397848	18
0.0397904	18
0.0397919	18
0.0397942	18
0.0397986	18
0.0398048	18
0.0398103	18
0.039811	18
0.0398121	18
0.0398551	18
0.03986	18
0.0398648	18
0.0398735	18
0.0399849	18
0.040018	18
0.0400183	18
0.0400183	18
0.0400183	18
0.0400184	18
0.0400189	18
0.0400189	18
0.040019	18
0.0400191	18
0.0400191	18
0.0400193	18
0.0400197	18
0.0400201	18
0.0400205	18
0.0400213	18
0.0400217	18
0.040022	18
0.0400225	18
0.040023	18
0.0400254	18
0.0400274	18
0.0400278	18
0.0400287	18
0.040029	18
0.0400295	18
0.0400303	18
0.0400313	18
0.0400315	18
0.0400318	18
0.0400333	18
0.040036	18
0.0400369	18
0.0400407	18
0.0400434	18
0.0400446	18
0.0400476	18
0.0400482	18
0.0400564	18
0.0400589	18
0.0400611	18
0.0400812	18
0.0400839	18
0.0400886	18
0.0401391	18
0.0401664	18
0.0402386	18
0.0402706	18
0.0403528	18
0.0404533	18
0.0406072	18
0.0406317	18
0.0406991	18
0.0407004	18
0.0408047	18
0.0409234	18
0.0409794	18
0.041009	18
0.0410304	18
0.0411768	18
0.0416363	18
0.0417592	18
0.0424473	18
0.0424475	18
0.0424494	18
0.0424611	18
0.0424641	18
0.0424749	18
0.0424826	18
0.0424905	18
0.0424932	18
0.0425038	18
0.0425332	18
0.0425498	18
0.0425551	18
0.042575	18
0.0425767	18
0.042599	18
0.0426071	18
0.042609	18
0.0426099	18
0.0426235	18
0.0426253	18
0.0426269	18
0.0426748	18
0.0426983	18
0.0427085	18
0.0427144	18
0.0427258	18
0.042727	18
0.0427278	18
0.0427499	18
0.0427571	18
0.0427692	18
0.0427759	18
0.0427764	18
0.0428131	18
0.0428162	18
0.0428302	18
0.042852	18
0.0428828	18
0.0429346	18
0.0430371	18
0.0430399	18
0.043048	18
0.0430698	18
0.043076	18
0.0430926	18
0.0430946	18
0.0431823	18
0.0431965	18
0.0432121	18
0.0432367	18
0.0432836	18
0.0432898	18
0.0434385	18
0.0434963	18
0.0435936	18
0.0436298	18
0.0436577	18
0.0439053	18
0.0442942	18
0.0443002	18
0.0443196	18
0.0443274	18
0.0443289	18
0.0443348	18
0.044345	18
0.0443665	18
0.0443674	18
0.0443706	18
0.0443735	18
0.0443738	18
0.0443916	18
0.0443988	18
0.044406	18
0.044408	18
0.0444082	18
0.0444126	18
0.0444739	18
0.0444813	18
0.0445019	18
0.0445099	18
0.0445189	18
0.0445241	18
0.0445427	18
0.0445606	18
0.0445641	18
0.0445662	18
0.0445759	18
0.0445767	18
0.0445796	18
0.0445853	18
0.0445865	18
0.0446098	18
0.044633	18
0.0446415	18
0.0446445	18
0.0446824	18
0.0446853	18
0.0446895	18
0.0446928	18
0.0447259	18
0.0447307	18
0.0447361	18
0.0447595	18
0.0447662	18
0.0447767	18
0.0448515	18
0.0448737	18
0.0448745	18
0.0448825	18
0.0449156	18
0.044923	18
0.0449749	18
0.0450007	18
0.0450102	18
0.0450214	18
0.0451254	18
0.0451321	18
0.0451775	18
0.0452312	18
0.0452803	18
0.0453063	18
0.0453581	18
0.0454233	18
0.045481	18
0.04551	18
0.0456283	18
0.0457222	18
0.0459507	18
0.0459512	18
0.0459517	18
0.0459521	18
0.0459521	18
0.0459525	18
0.0459529	18
0.045953	18
0.0459538	18
0.0459561	18
0.0459569	18
0.0459576	18
0.0459584	18
0.0459624	18
0.0459633	18
0.0459639	18
0.0459645	18
0.0459646	18
0.0459648	18
0.0459651	18
0.0459674	18
0.0459714	18
0.0459736	18
0.0459742	18
0.0459829	18
0.0459848	18
0.0459852	18
0.0459859	18
0.0459915	18
0.0460024	18
0.0460097	18
0.0460102	18
0.0460245	18
0.0460274	18
0.0460299	18
0.0460373	18
0.0460387	18
0.0460404	18
0.0460483	18
0.046094	18
0.0460941	18
0.0461037	18
0.046298	18
0.0463068	18
0.0464224	18
0.0466079	18
0.0467118	18
0.0467617	18
0.046765	18
0.0467664	18
0.0467702	18
0.0467757	18
0.0467809	18
0.0467827	18
0.046785	18
0.0467872	18
0.0467888	18
0.0467914	18
0.0467967	18
0.0468014	18
0.0468112	18
0.0468172	18
0.0468227	18
0.0468235	18
0.0468279	18
0.0468373	18
0.0468432	18
0.0477683	18
0.0477686	18
0.0477696	18
0.0477696	18
0.0477743	18
0.0477743	18
0.0477744	18
0.0477744	18
0.0477746	18
0.047776	18
0.0477768	18
0.0477769	18
0.047777	18
0.0477788	18
0.0477809	18
0.0477811	18
0.0477812	18
0.0477814	18
0.0477821	18
0.0477883	18
0.0477942	18
0.0477972	18
0.0477977	18
0.0478024	18
0.0478073	18
0.0478115	18
0.0478172	18
0.0478345	18
0.0501962	18
0.0502381	18
0.0502384	18
0.0502448	18
0.0503783	18
0.0507813	18
0.0507817	18
0.0526482	18
0.0537512	18
0.0539198	18
0.0562641	18
0.0563087	18
0.0563685	18
0.0563753	18
0.0568921	18
0.0569522	18
0.0570026	18
0.0570143	18
0.0570764	18
0.0596146	18
0.0596187	18
0.0596201	18
0.0596354	18
0.0596441	18
0.0596471	18
0.0596474	18
0.0596485	18
0.0597287	18
0.0605273	18
0.0605315	18
0.0605971	18
0.0621636	18
0.0623053	18
0.0624446	18
0.0624465	18
0.0624468	18
0.0624479	18
0.0624483	18
0.062449	18
0.0624495	18
0.06245	18
0.0624501	18
0.0624502	18
0.0624514	18
0.0624515	18
0.062453	18
0.0624533	18
0.0624564	18
0.0624566	18
0.0624587	18
0.06246	18
0.0624612	18
0.0624651	18
0.0624661	18
0.0624685	18
0.0624758	18
0.062476	18
0.0624793	18
0.0624956	18
0.0625654	18
0.0625941	18
0.0625966	18
0.0626592	18
0.06275	18
0.0628119	18
0.0628126	18
0.0631497	18
0.0631586	18
0.0631701	18
0.0632826	18
0.0633384	18
0.0633698	18
0.0648334	18
0.0648369	18
0.0648376	18
0.0648448	18
0.0648466	18
0.0648474	18
0.0648597	18
0.0648641	18
0.0648656	18
0.0656685	18
0.0657912	18
0.065792	18
0.0688508	18
0.0689775	18
0.0689823	18
0.0710698	18
0.0710759	18
0.0710782	18
0.0731317	18
0.0731322	18
0.073242	18
0.0732422	18
0.0734068	18
0.0734879	18
0.0735054	18
0.0736373	18
0.074171	18
0.0741725	18
0.0742291	18
0.074637	18
0.0746506	18
0.0761378	18
0.0761452	18
0.0761606	18
0.0761759	18
0.0763204	18
0.0763231	18
0.0763275	18
0.0778618	18
0.0789077	18
0.0789453	18
0.0789484	18
0.0790571	18
0.0790573	18
0.0791248	18
0.0819968	18
0.082831	18
0.0828689	18
0.0828757	18
0.0844221	18
0.084582	18
0.0846047	18
0.0899503	18
0.0901731	18
0.0901801	18
0.090292	18
0.0903068	18
0.0903692	18
0.0909137	18
0.0911603	18
0.0911611	18
0.0912079	18
0.0912086	18
0.0912122	18
0.091253	18
0.0912559	18
0.0912791	18
0.0913109	18
0.0913231	18
0.09155	18
0.0915621	18
0.0915624	18
0.0919517	18
0.0919793	18
0.0919852	18
0.0943311	18
0.0944248	18
0.0944986	18
0.0947666	18
0.0949285	18
0.0960579	18
0.0960657	18
0.0960969	18
0.0998184	18
0.0998202	18
0.0998248	18
0.099849	18
0.0998506	18
0.0998653	18
0.100598	18
0.100624	18
0.100625	18
0.100637	18
0.100836	18
0.10157	18
0.102896	18
0.102971	18
0.103003	18
0.103007	18
0.105754	18
0.105804	18
0.105808	18
0.106192	18
0.106213	18
0.106213	18
0.106241	18
0.106339	18
0.106349	18
0.106488	18
0.114659	18
0.114659	18
0.114664	18
0.12005	18
0.12016	18
0.120163	18
0.120527	18
0.120649	18
0.120653	18
0.123137	18
0.126193	18
0.126337	18
0.129415	18
0.129429	18
0.129453	18
0.129457	18
0.129474	18
0.132451	18
0.132452	18
0.132454	18
0.132555	18
0.132588	18
0.132593	18
0.136062	18
0.136062	18
0.136062	18
0.136063	18
0.136065	18
0.136067	18
0.136144	18
0.136266	18
0.136266	18
0.136297	18
0.136919	18
0.136923	18
0.136961	18
0.138958	18
0.138961	18
0.138962	18
0.139104	18
0.141169	18
0.141188	18
0.141188	18
0.145237	18
0.145273	18
0.14532	18
0.146843	18
0.146977	18
0.149879	18
0.14988	18
0.149896	18
0.14993	18
0.14993	18
0.150991	18
0.150993	18
0.151014	18
0.151017	18
0.151325	18
0.151359	18
0.15136	18
0.151378	18
0.151392	18
0.1514	18
0.151403	18
0.151413	18
0.151433	18
0.151434	18
0.152948	18
0.15299	18
0.15299	18
0.157794	18
0.160436	18
0.160459	18
0.160461	18
0.163229	18
0.170172	18
0.170172	18
0.170173	18
0.170173	18
0.170236	18
0.170517	18
0.170518	18
0.171413	18
0.171429	18
0.17143	18
0.172152	18
0.17216	18
0.172163	18
0.173204	18
0.177555	18
0.177555	18
0.177557	18
0.17758	18
0.17758	18
0.179332	18
0.179389	18
0.179396	18
0.18037	18
0.180385	18
0.180386	18
0.184187	18
0.184187	18
0.184189	18
0.184191	18
0.184204	18
0.18539	18
0.185462	18
0.185463	18
0.186067	18
0.186137	18
0.186144	18
0.189639	18
0.190533	18
0.190569	18
0.19057	18
0.201047	18
0.201047	18
0.201131	18
0.201132	18
0.20115	18
0.201307	18
0.201922	18
0.204121	18
0.204155	18
0.207571	18
0.207603	18
0.207604	18
0.208014	18
0.208019	18
0.208019	18
0.208023	18
0.208833	18
0.208834	18
0.208988	18
0.209256	18
0.209261	18
0.209282	18
0.210706	18
0.210708	18
0.210714	18
0.210752	18
0.210761	18
0.210764	18
0.211672	18
0.211701	18
0.211702	18
0.212955	18
0.213053	18
0.213053	18
0.215149	18
0.215249	18
0.215249	18
0.21525	18
0.219821	18
0.219881	18
0.219888	18
0.220003	18
0.220119	18
0.22012	18
0.223944	18
0.22442	18
0.22442	18
0.224479	18
0.224482	18
0.226168	18
0.227048	18
0.228218	18
0.229304	18
0.229319	18
0.229337	18
0.229493	18
0.231083	18
0.234672	18
0.234676	18
0.23468	18
0.234682	18
0.234992	18
0.234995	18
0.234996	18
0.235013	18
0.235014	18
0.236318	18
0.236468	18
0.236468	18
0.239278	18
0.239449	18
0.239523	18
0.23973	18
0.239734	18
0.239734	18
0.239737	18
0.239754	18
0.24001	18
0.241685	18
0.241736	18
0.242259	18
0.242266	18
0.244596	18
0.244597	18
0.244597	18
0.244624	18
0.244655	18
0.248634	18
0.24868	18
0.248686	18
0.249579	18
0.255414	18
0.261067	18
0.261103	18
0.261164	18
0.261165	18
0.272858	18
0.272858	18
0.272885	18
0.272885	18
0.273118	18
0.273134	18
0.274579	18
0.274581	18
0.274591	18
0.274615	18
0.284598	18
0.2846	18
0.286594	18
0.28682	18
0.286823	18
0.287567	18
0.287621	18
0.287625	18
0.289598	18
0.289619	18
0.289626	18
0.289677	18
0.295128	18
0.295132	18
0.295774	18
0.295843	18
0.296143	18
0.296145	18
0.297184	18
0.297211	18
0.297211	18
0.299196	18
0.299196	18
0.299198	18
0.29923	18
0.305296	18
0.305297	18
0.305499	18
0.310701	18
0.310701	18
0.310702	18
0.310705	18
0.310706	18
0.310726	18
0.310727	18
0.314878	18
0.321486	18
0.321508	18
0.330219	18
0.330221	18
0.33024	18
0.330241	18
0.33041	18
0.333949	18
0.333964	18
0.333967	18
0.335074	18
0.335085	18
0.335108	18
0.345865	18
0.345865	18
0.345867	18
0.345879	18
0.345891	18
0.347602	18
0.347617	18
0.347617	18
0.352942	18
0.358055	18
0.358189	18
0.362667	18
0.362668	18
0.362668	18
0.362671	18
0.362676	18
0.362942	18
0.362943	18
0.364916	18
0.364917	18
0.364992	18
0.364994	18
0.372256	18
0.372327	18
0.372327	18
0.376249	18
0.376314	18
0.376441	18
0.376447	18
0.37649	18
0.376497	18
0.376497	18
0.377692	18
0.377836	18
0.377837	18
0.3811	18
0.381108	18
0.381109	18
0.387082	18
0.38709	18
0.387093	18
0.389166	18
0.389166	18
0.389275	18
0.389275	18
0.389309	18
0.389315	18
0.392904	18
0.392978	18
0.392988	18
0.393001	18
0.39967	18
0.404496	18
0.404563	18
0.414197	18
0.414197	18
0.414292	18
0.414293	18
0.415385	18
0.415453	18
0.415454	18
0.415464	18
0.417506	18
0.418474	18
0.418478	18
0.418478	18
0.42066	18
0.420687	18
0.420689	18
0.422025	18
0.422096	18
0.422097	18
0.422141	18
0.424826	18
0.424831	18
0.424908	18
0.428972	18
0.428981	18
0.429091	18
0.42956	18
0.429562	18
0.429578	18
0.443312	18
0.443367	18
0.443379	18
0.448964	18
0.448977	18
0.448978	18
0.466203	18
0.466204	18
0.466206	18
0.46621	18
0.46621	18
0.480234	18
0.480236	18
0.480302	18
0.480305	18
0.480961	18
0.480972	18
0.480973	18
0.482625	18
0.482652	18
0.482659	18
0.482674	18
0.483447	18
0.483452	18
0.483457	18
0.483505	18
0.483514	18
0.48363	18
0.486763	18
0.48677	18
0.486775	18
0.505738	18
0.505739	18
0.505779	18
0.505891	18
0.507929	18
0.507938	18
0.508007	18
0.512035	18
0.512035	18
0.512045	18
0.512048	18
0.512473	18
0.512606	18
0.512607	18
0.521513	18
0.521514	18
0.521576	18
0.521577	18
0.522632	18
0.522733	18
0.522769	18
0.522769	18
0.526444	18
0.526521	18
0.526522	18
0.529049	18
0.529178	18
0.529179	18
0.532619	18
0.532652	18
0.532654	18
0.533767	18
0.533778	18
0.533804	18
0.533805	18
0.536432	18
0.536446	18
0.536449	18
0.539863	18
0.540974	18
0.541013	18
0.541018	18
0.54102	18
0.542654	18
0.542734	18
0.542786	18
0.542786	18
0.544164	18
0.544172	18
0.544262	18
0.544268	18
0.550001	18
0.55014	18
0.55014	18
0.551145	18
0.551168	18
0.551437	18
0.551448	18
0.551449	18
0.551476	18
0.551476	18
0.554632	18
0.572803	18
0.572804	18
0.572805	18
0.572821	18
0.572881	18
0.572882	18
0.591413	18
0.592288	18
0.592298	18
0.592305	18
0.593065	18
0.593067	18
0.5931	18
0.593142	18
0.593142	18
0.594758	18
0.59495	18
0.59495	18
0.600397	18
0.600397	18
0.600397	18
0.600397	18
0.600398	18
0.602199	18
0.611149	18
0.61115	18
0.61115	18
0.611152	18
0.611228	18
0.611229	18
0.614404	18
0.614418	18
0.61442	18
0.616442	18
0.616451	18
0.616512	18
0.616513	18
0.618119	18
0.618216	18
0.618216	18
0.621656	18
0.624024	18
0.62408	18
0.624111	18
0.624112	18
0.627056	18
0.627056	18
0.627057	18
0.627059	18
0.632271	18
0.64337	18
0.64337	18
0.643389	18
0.643389	18
0.643626	18
0.643636	18
0.645671	18
0.646102	18
0.660143	18
0.660143	18
0.660146	18
0.660163	18
0.66018	18
0.66018	18
0.660869	18
0.660918	18
0.660919	18
0.665746	18
0.665755	18
0.665824	18
0.665825	18
0.671087	18
0.671089	18
0.671356	18
0.671356	18
0.67139	18
0.671453	18
0.671454	18
0.673825	18
0.679258	18
0.679283	18
0.679338	18
0.679338	18
0.681242	18
0.681244	18
0.681271	18
0.681385	18
0.681386	18
0.681657	18
0.681659	18
0.683177	18
0.683383	18
0.683388	18
0.685112	18
0.685259	18
0.68526	18
0.689074	18
0.689147	18
0.694982	18
0.695002	18
0.695004	18
0.697633	18
0.697683	18
0.697686	18
0.697855	18
0.69787	18
0.700508	18
0.700551	18
0.700563	18
0.702027	18
0.702059	18
0.70206	18
0.709686	18
0.712392	18
0.71251	18
0.715515	18
0.715516	18
0.715522	18
0.715523	18
0.715523	18
0.715531	18
0.716643	18
0.717739	18
0.71776	18
0.717833	18
0.718007	18
0.718975	18
0.719015	18
0.719095	18
0.71989	18
0.719978	18
0.729309	18
0.729312	18
0.729322	18
0.734872	18
0.734874	18
0.734913	18
0.738418	18
0.738421	18
0.73933	18
0.739355	18
0.739369	18
0.73937	18
0.744344	18
0.744344	18
0.744384	18
0.744385	18
0.744843	18
0.745618	18
0.745767	18
0.758493	18
0.758502	18
0.758536	18
0.758684	18
0.758684	18
0.758696	18
0.767025	18
0.767029	18
0.773424	18
0.773425	18
0.773461	18
0.773465	18
0.773538	18
0.77355	18
0.773667	18
0.773668	18
0.77437	18
0.774433	18
0.774446	18
0.774541	18
0.777588	18
0.777589	18
0.777593	18
0.778391	18
0.778397	18
0.77845	18
0.797545	18
0.79755	18
0.797622	18
0.79763	18
0.797722	18
0.805108	18
0.805121	18
0.805198	18
0.806264	18
0.806269	18
0.806297	18
0.815153	18
0.815154	18
0.815159	18
0.815181	18
0.820596	18
0.820607	18
0.820808	18
0.828872	18
0.828873	18
0.828873	18
0.83198	18
0.831981	18
0.83204	18
0.836433	18
0.836433	18
0.83645	18
0.839451	18
0.839454	18
0.839623	18
0.854679	18
0.854679	18
0.854692	18
0.85776	18
0.857805	18
0.857811	18
0.859112	18
0.859113	18
0.859126	18
0.85913	18
0.859137	18
0.859173	18
0.872139	18
0.872139	18
0.872157	18
0.87224	18
0.872325	18
0.872332	18
0.87238	18
0.894668	18
0.894669	18
0.894678	18
0.898405	18
0.903631	18
0.903631	18
0.903647	18
0.90367	18
0.904108	18
0.904136	18
0.904445	18
0.90929	18
0.909319	18
0.910092	18
0.910098	18
0.910127	18
0.910143	18
0.910147	18
0.912544	18
0.912547	18
0.912568	18
0.912577	18
0.916388	18
0.916482	18
0.916595	18
0.917359	18
0.91737	18
0.917396	18
0.917512	18
0.919564	18
0.919573	18
0.919576	18
0.922771	18
0.92278	18
0.922782	18
0.923552	18
0.927504	18
0.927539	18
0.927621	18
0.928876	18
0.928877	18
0.928976	18
0.929227	18
0.929229	18
0.940616	18
0.940621	18
0.940621	18
0.941353	18
0.941488	18
0.941489	18
0.954305	18
0.954331	18
0.954332	18
0.957747	18
0.957759	18
0.957778	18
0.95778	18
0.9603	18
0.960351	18
0.960462	18
0.960465	18
0.966376	18
0.966376	18
0.966453	18
0.966455	18
0.967108	18
0.967114	18
0.967115	18
0.967863	18
0.980151	18
0.980151	18
0.980159	18
0.980268	18
0.980268	18
0.998108	18
0.998672	18
0.998676	18
1.00302	18
1.00407	18
1.0041	18
1.01243	18
1.01247	18
1.01247	18
1.01536	18
1.01536	18
1.01539	18
1.01539	18
1.01568	18
1.01575	18
1.01575	18
1.01576	18
1.01689	18
1.0169	18
1.0169	18
1.01699	18
1.01707	18
1.01707	18
1.01816	18
1.0182	18
1.0182	18
1.02477	18
1.02481	18
1.02481	18
1.02559	18
1.0256	18
1.0256	18
1.02752	18
1.03325	18
1.03338	18
1.03342	18
1.03342	18
1.03342	18
1.03347	18
1.03347	18
1.03961	18
1.03966	18
1.0397	18
1.0397	18
1.04897	18
1.04897	18
1.04898	18
1.04898	18
1.05034	18
1.05035	18
1.05036	18
1.05036	18
1.05087	18
1.05101	18
1.05101	18
1.05991	18
1.05994	18
1.05995	18
1.06114	18
1.06117	18
1.06117	18
1.068	18
1.07946	18
1.07947	18
1.07947	18
1.0797	18
1.09865	18
1.09865	18
1.09866	18
1.09867	18
1.0987	18
1.0987	18
1.09874	18
1.09878	18
1.09878	18
1.10511	18
1.10522	18
1.10522	18
1.10572	18
1.1058	18
1.1058	18
1.11577	18
1.11582	18
1.11592	18
1.11592	18
1.12528	18
1.12533	18
1.12533	18
1.12645	18
1.12646	18
1.12647	18
1.12648	18
1.12811	18
1.13587	18
1.13589	18
1.13591	18
1.13599	18
1.13599	18
1.14709	18
1.15519	18
1.15522	18
1.15524	18
1.15524	18
1.15782	18
1.15783	18
1.15786	18
1.15806	18
1.15806	18
1.16652	18
1.16652	18
1.16654	18
1.16655	18
1.16655	18
1.16667	18
1.16668	18
1.16679	18
1.1668	18
1.16686	18
1.16692	18
1.16692	18
1.16928	18
1.16934	18
1.16934	18
1.18511	18
1.18513	18
1.18513	18
1.19461	18
1.19465	18
1.19465	18
1.19471	18
1.19472	18
1.19834	18
1.19834	18
1.19835	18
1.1984	18
1.1984	18
1.20747	18
1.20748	18
1.20751	18
1.20751	18
1.21373	18
1.21376	18
1.21376	18
1.21544	18
1.23445	18
1.23447	18
1.23447	18
1.23522	18
1.23522	18
1.23522	18
1.23522	18
1.23522	18
1.24034	18
1.24045	18
1.24045	18
1.24116	18
1.24122	18
1.24122	18
1.24681	18
1.24681	18
1.24685	18
1.24685	18
1.24971	18
1.24975	18
1.24975	18
1.27182	18
1.27183	18
1.27191	18
1.27191	18
1.27392	18
1.27528	18
1.27533	18
1.27537	18
1.27537	18
1.2795	18
1.27952	18
1.27952	18
1.27954	18
1.27954	18
1.28582	18
1.28607	18
1.28607	18
1.28858	18
1.28865	18
1.28866	18
1.29128	18
1.29131	18
1.29131	18
1.29456	18
1.29456	18
1.29461	18
1.29461	18
1.29816	18
1.29817	18
1.29817	18
1.29819	18
1.30109	18
1.30109	18
1.30109	18
1.30352	18
1.30365	18
1.30365	18
1.30406	18
1.30412	18
1.30412	18
1.30776	18
1.3079	18
1.3079	18
1.31165	18
1.31174	18
1.31174	18
1.31405	18
1.31407	18
1.31408	18
1.3186	18
1.31864	18
1.31876	18
1.31877	18
1.32775	18
1.32775	18
1.32781	18
1.32781	18
1.34288	18
1.34292	18
1.34292	18
1.34643	18
1.34651	18
1.34652	18
1.35108	18
1.35111	18
1.35111	18
1.36021	18
1.36027	18
1.36027	18
1.36334	18
1.36337	18
1.36337	18
1.36672	18
1.37097	18
1.37097	18
1.3711	18
1.37111	18
1.40532	18
1.40532	18
1.40532	18
1.41226	18
1.41228	18
1.41228	18
1.41228	18
1.4123	18
1.41779	18
1.4178	18
1.4178	18
1.42203	18
1.42203	18
1.42208	18
1.42209	18
1.42218	18
1.42229	18
1.4223	18
1.42603	18
1.42603	18
1.42605	18
1.42607	18
1.42756	18
1.42756	18
1.42756	18
1.42766	18
1.42767	18
1.42769	18
1.42772	18
1.42774	18
1.43635	18
1.43637	18
1.43642	18
1.43644	18
1.4389	18
1.43892	18
1.43901	18
1.43901	18
1.45706	18
1.45706	18
1.45709	18
1.45711	18
1.46431	18
1.46431	18
1.46437	18
1.46437	18
1.46494	18
1.46497	18
1.46497	18
1.4851	18
1.4851	18
1.48511	18
1.49127	18
1.4913	18
1.4913	18
1.49987	18
1.49989	18
1.4999	18
1.5	18
1.50001	18
1.50243	18
1.50243	18
1.50248	18
1.50941	18
1.52237	18
1.5224	18
1.53524	18
1.53524	18
1.53529	18
1.53529	18
1.53564	18
1.53567	18
1.54238	18
1.54238	18
1.54255	18
1.54258	18
1.5492	18
1.54922	18
1.54924	18
1.54926	18
1.54974	18
1.54975	18
1.54977	18
1.55379	18
1.55379	18
1.55383	18
1.55384	18
1.55542	18
1.55544	18
1.55544	18
1.55551	18
1.55552	18
1.56052	18
1.56066	18
1.56068	18
1.56298	18
1.56342	18
1.56345	18
1.56586	18
1.56738	18
1.56741	18
1.57802	18
1.57802	18
1.57815	18
1.57815	18
1.5782	18
1.57833	18
1.57986	18
1.57986	18
1.57991	18
1.59335	18
1.59353	18
1.59355	18
1.6005	18
1.60052	18
1.60053	18
1.60054	18
1.60114	18
1.60895	18
1.60895	18
1.60912	18
1.61631	18
1.61631	18
1.61646	18
1.6203	18
1.6203	18
1.62031	18
1.63301	18
1.63301	18
1.63302	18
1.6331	18
1.63366	18
1.63367	18
1.63369	18
1.68048	18
1.68048	18
1.68057	18
1.68057	18
1.68707	18
1.68707	18
1.68707	18
1.68709	18
1.68709	18
1.68711	18
1.6893	18
1.6893	18
1.68936	18
1.69894	18
1.69895	18
1.69895	18
1.71248	18
1.71955	18
1.71956	18
1.71956	18
1.71977	18
1.72787	18
1.72787	18
1.72787	18
1.72803	18
1.7281	18
1.72811	18
1.72813	18
1.72922	18
1.72991	18
1.72993	18
1.72998	18
1.72998	18
1.75019	18
1.75019	18
1.75019	18
1.75023	18
1.75116	18
1.75116	18
1.75117	18
1.75119	18
1.75337	18
1.75339	18
1.75339	18
1.75377	18
1.76104	18
1.76104	18
1.76104	18
1.76184	18
1.76184	18
1.7619	18
1.77054	18
1.77055	18
1.77061	18
1.77323	18
1.77323	18
1.77332	18
1.77807	18
1.77813	18
1.77813	18
1.77819	18
1.782	18
1.782	18
1.78216	18
1.78485	18
1.78485	18
1.78498	18
1.79453	18
1.79455	18
1.79455	18
1.79455	18
1.7982	18
1.7982	18
1.79827	18
1.80739	18
1.80739	18
1.80743	18
1.8093	18
1.81118	18
1.8112	18
1.8112	18
1.81125	18
1.81171	18
1.81171	18
1.81175	18
1.82909	18
1.82909	18
1.82962	18
1.82971	18
1.82972	18
1.83081	18
1.84202	18
1.84203	18
1.84206	18
1.84206	18
1.84209	18
1.84209	18
1.84209	18
1.84578	18
1.85034	18
1.85036	18
1.85036	18
1.85039	18
1.8576	18
1.85761	18
1.85762	18
1.85908	18
1.85908	18
1.85919	18
1.87463	18
1.87463	18
1.87463	18
1.87799	18
1.87799	18
1.87802	18
1.88271	18
1.88273	18
1.88273	18
1.88273	18
1.88401	18
1.89515	18
1.89515	18
1.89515	18
1.89524	18
1.9031	18
1.90311	18
1.9032	18
1.90864	18
1.90865	18
1.90871	18
1.9091	18
1.90911	18
1.90912	18
1.9196	18
1.91962	18
1.92096	18
1.92097	18
1.92097	18
1.92102	18
1.92725	18
1.92733	18
1.92733	18
1.94099	18
1.94099	18
1.941	18
1.941	18
1.941	18
1.94653	18
1.94653	18
1.94655	18
1.94755	18
1.94756	18
1.9476	18
1.95169	18
1.9517	18
1.9517	18
1.95181	18
1.9554	18
1.95541	18
1.95542	18
1.95886	18
1.95886	18
1.95911	18
1.95936	18
1.96926	18
1.96926	18
1.96926	18
1.96926	18
1.96926	18
1.97234	18
1.97234	18
1.97235	18
1.97237	18
1.97352	18
1.97352	18
1.97361	18
1.97504	18
2.00589	18
2.00593	18
2.00594	18
2.00684	18
2.00686	18
2.00687	18
2.00687	18
2.00875	18
2.00876	18
2.00886	18
2.01158	18
2.01162	18
2.01162	18
2.01172	18
2.01954	18
2.02137	18
2.03336	18
2.03337	18
2.03337	18
2.03339	18
2.0334	18
2.03355	18
2.04631	18
2.04632	18
2.04648	18
2.05366	18
2.05366	18
2.05368	18
2.05635	18
2.05645	18
2.05646	18
2.05672	18
2.05824	18
2.05824	18
2.05826	18
2.05826	18
2.08187	18
2.08187	18
2.08187	18
2.08464	18
2.08469	18
2.08471	18
2.08576	18
2.08576	18
2.08576	18
2.09522	18
2.09529	18
2.09529	18
2.09992	18
2.09992	18
2.09992	18
2.09994	18
2.09995	18
2.10352	18
2.10353	18
2.1036	18
2.1062	18
2.1062	18
2.10623	18
2.11485	18
2.11486	18
2.11486	18
2.11585	18
2.12559	18
2.12568	18
2.1257	18
2.12722	18
2.12723	18
2.12725	18
2.12727	18
2.13191	18
2.13191	18
2.13243	18
2.13246	18
2.1325	18
2.13251	18
2.13777	18
2.13779	18
2.13779	18
2.13793	18
2.14656	18
2.14657	18
2.14665	18
2.15349	18
2.15352	18
2.15352	18
2.1603	18
2.16033	18
2.16033	18
2.17688	18
2.1769	18
2.1769	18
2.19408	18
2.1941	18
2.20058	18
2.20125	18
2.20128	18
2.20134	18
2.20135	18
2.20392	18
2.20394	18
2.20398	18
2.20399	18
2.20399	18
2.20402	18
2.20404	18
2.21111	18
2.21111	18
2.21112	18
2.22142	18
2.22143	18
2.22147	18
2.2215	18
2.22161	18
2.22222	18
2.22223	18
2.22223	18
2.22256	18
2.22265	18
2.22265	18
2.22378	18
2.2238	18
2.2238	18
2.23067	18
2.23067	18
2.23067	18
2.23692	18
2.23702	18
2.23702	18
2.25624	18
2.25624	18
2.25633	18
2.25633	18
2.25826	18
2.25828	18
2.25828	18
2.27095	18
2.27095	18
2.27095	18
2.27428	18
2.27437	18
2.27437	18
2.30555	18
2.30556	18
2.30568	18
2.30574	18
2.30574	18
2.31273	18
2.31275	18
2.31275	18
2.32075	18
2.32077	18
2.32077	18
2.32198	18
2.32206	18
2.32211	18
2.32211	18
2.34334	18
2.35903	18
2.35903	18
2.35909	18
2.35916	18
2.35916	18
2.36713	18
2.3673	18
2.3673	18
2.37678	18
2.38086	18
2.38089	18
2.3809	18
2.3809	18
2.3838	18
2.38836	18
2.38836	18
2.38839	18
2.38839	18
2.39261	18
2.39262	18
2.39262	18
2.40038	18
2.40046	18
2.40046	18
2.40377	18
2.4038	18
2.4038	18
2.40464	18
2.40479	18
2.40479	18
2.40813	18
2.4083	18
2.4083	18
2.40844	18
2.40851	18
2.40851	18
2.40894	18
2.41896	18
2.41896	18
2.42173	18
2.42173	18
2.42175	18
2.42177	18
2.42177	18
2.42339	18
2.4234	18
2.4234	18
2.44136	18
2.44142	18
2.44659	18
2.4732	18
2.47323	18
2.47323	18
2.47324	18
2.4733	18
2.4733	18
2.47921	18
2.47927	18
2.47927	18
2.4939	18
2.49397	18
2.49397	18
2.50264	18
2.50266	18
2.50266	18
2.50266	18
2.50283	18
2.50283	18
2.50284	18
2.50451	18
2.50457	18
2.50457	18
2.50896	18
2.50905	18
2.50905	18
2.50914	18
2.50923	18
2.50924	18
2.51839	18
2.51857	18
2.51857	18
2.54315	18
2.54315	18
2.54452	18
2.54452	18
2.54455	18
2.54461	18
2.54461	18
2.55246	18
2.55248	18
2.55248	18
2.55452	18
2.55453	18
2.55468	18
2.55468	18
2.55515	18
2.55526	18
2.55526	18
2.55638	18
2.5564	18
2.5564	18
2.55718	18
2.55719	18
2.55719	18
2.56922	18
2.56923	18
2.56928	18
2.56928	18
2.57131	18
2.57134	18
2.57134	18
2.57143	18
2.57566	18
2.57574	18
2.57582	18
2.57582	18
2.57852	18
2.57853	18
2.57854	18
2.58693	18
2.58704	18
2.58704	18
2.59743	18
2.59754	18
2.59754	18
2.59754	18
2.60658	18
2.60658	18
2.60668	18
2.60668	18
2.62142	18
2.62146	18
2.62146	18
2.62203	18
2.62206	18
2.62208	18
2.62209	18
2.62397	18
2.6241	18
2.6241	18
2.62669	18
2.62672	18
2.62672	18
2.63259	18
2.63668	18
2.63669	18
2.63674	18
2.63674	18
2.63674	18
2.63679	18
2.63679	18
2.64179	18
2.64186	18
2.64188	18
2.64189	18
2.65074	18
2.65122	18
2.65135	18
2.66071	18
2.66071	18
2.66075	18
2.66417	18
2.66421	18
2.66421	18
2.66423	18
2.6643	18
2.6643	18
2.67349	18
2.67351	18
2.67351	18
2.68876	18
2.68876	18
2.68876	18
2.69274	18
2.70783	18
2.70783	18
2.70784	18
2.70814	18
2.70814	18
2.72294	18
2.72296	18
2.72297	18
2.72945	18
2.72952	18
2.72952	18
2.74746	18
2.74753	18
2.74753	18
2.76069	18
2.7607	18
2.7607	18
2.76449	18
2.76456	18
2.76456	18
2.77847	18
2.77847	18
2.77857	18
2.77858	18
2.79055	18
2.79057	18
2.79057	18
2.79294	18
2.79294	18
2.79308	18
2.79309	18
2.79574	18
2.7958	18
2.7958	18
2.79996	18
2.79999	18
2.80012	18
2.80012	18
2.80975	18
2.82029	18
2.82029	18
2.82029	18
2.82031	18
2.82031	18
2.82774	18
2.82775	18
2.82775	18
2.84196	18
2.84196	18
2.84196	18
2.85908	18
2.85912	18
2.85912	18
2.86074	18
2.86075	18
2.86075	18
2.86984	18
2.86986	18
2.86986	18
2.88953	18
2.88956	18
2.88956	18
2.89959	18
2.89959	18
2.89959	18
2.89988	18
2.91139	18
2.91139	18
2.91141	18
2.91141	18
2.91145	18
2.91145	18
2.91301	18
2.91313	18
2.91313	18
2.91907	18
2.91909	18
2.91909	18
2.9433	18
2.94332	18
2.94332	18
2.94611	18
2.95229	18
2.9523	18
2.9523	18
2.95236	18
2.95236	18
2.96177	18
2.96191	18
2.96191	18
2.96209	18
2.96221	18
2.96221	18
2.9645	18
2.96986	18
2.96997	18
2.97849	18
2.97853	18
2.97853	18
2.97854	18
2.97854	18
2.98573	18
2.98573	18
2.98573	18
3.01102	18
3.01102	18
3.01124	18
3.01124	18
3.01365	18
3.01365	18
3.01374	18
3.01374	18
3.01535	18
3.01545	18
3.01546	18
3.01875	18
3.01883	18
3.01884	18
3.02105	18
3.0241	18
3.02415	18
3.02432	18
3.02432	18
3.05971	18
3.05971	18
3.05976	18
3.05981	18
3.05981	18
3.06411	18
3.06412	18
3.06412	18
3.06796	18
3.06804	18
3.06816	18
3.06816	18
3.07824	18
3.07828	18
3.07848	18
3.07848	18
3.07981	18
3.08054	18
3.08406	18
3.08416	18
3.0843	18
3.35308	18
3.35309	18
3.35309	18
3.3532	18
3.3532	18
3.35675	18
3.35676	18
3.35677	18
3.35677	18
3.36305	18
3.36305	18
3.36311	18
3.36312	18
3.36406	18
3.36407	18
3.36407	18
3.37537	18
3.37545	18
3.37546	18
3.37675	18
3.37685	18
3.37685	18
3.37997	18
3.38014	18
3.38014	18
3.38698	18
3.387	18
3.38701	18
3.38873	18
3.38875	18
3.38875	18
3.38876	18
3.38876	18
3.38887	18
3.38887	18
3.41801	18
3.41811	18
3.41811	18
3.42319	18
3.43823	18
3.43824	18
3.43824	18
3.43824	18
3.43824	18
3.4501	18
3.45013	18
3.45025	18
3.45025	18
3.46219	18
3.46219	18
3.46221	18
3.46221	18
3.46879	18
3.4688	18
3.46881	18
3.46882	18
3.47174	18
3.47183	18
3.47183	18
3.47348	18
3.48192	18
3.48196	18
3.48199	18
3.48199	18
3.48662	18
3.48665	18
3.48665	18
3.49454	18
3.49461	18
3.49461	18
3.51358	18
3.51358	18
3.51573	18
3.51574	18
3.51642	18
3.51655	18
3.51655	18
3.52794	18
3.52796	18
3.52796	18
3.53158	18
3.53165	18
3.53165	18
3.53514	18
3.53515	18
3.53517	18
3.53517	18
3.54164	18
3.54173	18
3.54174	18
3.54557	18
3.54563	18
3.54563	18
3.56101	18
3.56103	18
3.56105	18
3.56105	18
3.56137	18
3.56138	18
3.56138	18
3.56587	18
3.56592	18
3.56597	18
3.56597	18
3.5667	18
3.56676	18
3.56677	18
3.57048	18
3.57994	18
3.57994	18
3.57994	18
3.58004	18
3.58004	18
3.5856	18
3.58564	18
3.58574	18
3.58574	18
3.59136	18
3.59144	18
3.59145	18
3.59216	18
3.59247	18
3.59247	18
3.60152	18
3.60152	18
3.60181	18
3.60183	18
3.60638	18
3.60639	18
3.60639	18
3.60817	18
3.60817	18
3.60818	18
3.61292	18
3.61768	18
3.61772	18
3.61803	18
3.61803	18
3.62935	18
3.62936	18
3.62937	18
3.63004	18
3.63012	18
3.63012	18
3.63365	18
3.63373	18
3.63373	18
3.64447	18
3.64454	18
3.64454	18
3.65125	18
3.65136	18
3.65137	18
3.65174	18
3.65588	18
3.65591	18
3.65591	18
3.65591	18
3.66404	18
3.66419	18
3.66419	18
3.66448	18
3.66448	18
3.67692	18
3.67694	18
3.67697	18
3.67697	18
3.67829	18
3.6783	18
3.6783	18
3.67954	18
3.67961	18
3.67969	18
3.67969	18
3.69438	18
3.69438	18
3.69438	18
3.69702	18
3.69703	18
3.69723	18
3.69723	18
3.70039	18
3.70044	18
3.70045	18
3.70045	18
3.70349	18
3.70393	18
3.70393	18
3.70543	18
3.70545	18
3.70545	18
3.71239	18
3.71239	18
3.71257	18
3.71258	18
3.71492	18
3.71934	18
3.71936	18
3.73873	18
3.73876	18
3.73876	18
3.7388	18
3.7388	18
3.74095	18
3.74099	18
3.74101	18
3.74101	18
3.74362	18
3.74366	18
3.74366	18
3.74977	18
3.74978	18
3.74978	18
3.77736	18
3.77736	18
3.77752	18
3.77752	18
3.77791	18
3.77807	18
3.77808	18
3.79157	18
3.79158	18
3.79165	18
3.79166	18
3.80281	18
3.80287	18
3.80287	18
3.81005	18
3.81303	18
3.81308	18
3.81976	18
3.81978	18
3.81978	18
3.81979	18
3.81979	18
3.82578	18
3.82646	18
3.82648	18
3.82652	18
3.82652	18
3.83532	18
3.83536	18
3.83537	18
3.8355	18
3.83559	18
3.83559	18
3.83656	18
3.83657	18
3.83657	18
3.83804	18
3.83815	18
3.83816	18
3.84455	18
3.84456	18
3.84473	18
3.84473	18
3.84565	18
3.84569	18
3.84569	18
3.85089	18
3.85101	18
3.85102	18
3.8684	18
3.8684	18
3.86847	18
3.86847	18
3.87914	18
3.87914	18
3.87917	18
3.87917	18
3.89226	18
3.89229	18
3.8923	18
3.91547	18
3.91551	18
3.91551	18
3.91995	18
3.91996	18
3.91998	18
3.91998	18
3.92386	18
3.92393	18
3.92394	18
3.92664	18
3.97358	18
3.97369	18
3.97369	18
3.97384	18
3.97384	18
3.98287	18
3.98287	18
3.98291	18
3.98292	18
3.99175	18
3.99179	18
3.99179	18
3.99568	18
3.99583	18
3.99584	18
3.99853	18
3.99857	18
3.99857	18
4.01366	18
4.01372	18
4.01373	18
4.02607	18
4.05435	18
4.05435	18
4.05436	18
4.0544	18
4.05441	18
4.05881	18
4.05882	18
4.05882	18
4.06002	18
4.06032	18
4.06032	18
4.06625	18
4.06626	18
4.06637	18
4.06638	18
4.07529	18
4.07531	18
4.07544	18
4.07544	18
4.07701	18
4.07706	18
4.07706	18
4.08173	18
4.08181	18
4.08184	18
4.08185	18
4.09003	18
4.09003	18
4.09004	18
4.09005	18
4.09162	18
4.0918	18
4.0918	18
4.10473	18
4.1049	18
4.1049	18
4.10868	18
4.1089	18
4.1089	18
4.11613	18
4.11633	18
4.11639	18
4.11639	18
4.11789	18
4.1179	18
4.1179	18
4.17162	18
4.17164	18
4.17164	18
4.17166	18
4.17167	18
4.18094	18
4.18097	18
4.18099	18
4.21543	18
4.21543	18
4.21544	18
4.21544	18
4.22196	18
4.22198	18
4.22203	18
4.22203	18
4.2238	18
4.2238	18
4.22383	18
4.22384	18
4.22744	18
4.22745	18
4.22748	18
4.22749	18
4.23133	18
4.23139	18
4.23141	18
4.23141	18
4.23287	18
4.23288	18
4.23288	18
4.24984	18
4.24984	18
4.24986	18
4.24986	18
4.25746	18
4.25761	18
4.25761	18
4.25904	18
4.25914	18
4.25914	18
4.26215	18
4.2622	18
4.2622	18
4.26366	18
4.26368	18
4.2638	18
4.26381	18
4.26564	18
4.26899	18
4.26901	18
4.26907	18
4.26907	18
4.2735	18
4.27352	18
4.27352	18
4.28293	18
4.28295	18
4.28295	18
4.28332	18
4.28343	18
4.28344	18
4.28408	18
4.2841	18
4.2841	18
4.28476	18
4.28479	18
4.2848	18
4.29083	18
4.29083	18
4.29086	18
4.29087	18
4.29248	18
4.29249	18
4.29257	18
4.29257	18
4.29308	18
4.29311	18
4.29312	18
4.30888	18
4.30889	18
4.3089	18
4.30891	18
4.82574	18
4.82575	18
4.82779	18
4.8278	18
4.8424	18
4.84258	18
4.84259	18
4.85182	18
4.85182	18
4.85183	18
4.86506	18
4.86507	18
4.86507	18
4.86508	18
4.87895	18
4.87895	18
4.87907	18
4.87907	18
4.89928	18
4.89931	18
4.89932	18
4.90262	18
4.90262	18
4.90262	18
4.90264	18
4.91046	18
4.9105	18
4.91055	18
4.91056	18
4.91159	18
4.9116	18
4.91162	18
4.91163	18
4.91745	18
4.91752	18
4.91752	18
4.91753	18
4.91914	18
4.91917	18
4.91932	18
4.91932	18
4.94594	18
4.94615	18
4.9462	18
4.94621	18
4.94812	18
4.94813	18
4.94828	18
4.94828	18
4.95319	18
4.95319	18
4.9532	18
4.9532	18
4.95841	18
4.95846	18
4.95846	18
4.95847	18
4.95873	18
4.95877	18
4.9588	18
4.95883	18
4.96621	18
4.96623	18
4.96635	18
4.96636	18
4.97589	18
4.97591	18
4.97592	18
4.99984	18
4.99987	18
4.99987	18
5.00029	18
5.0003	18
5.00031	18
5.0279	18
5.0279	18
5.02808	18
5.02809	18
5.02961	18
5.02974	18
5.02975	18
5.032	18
5.03507	18
5.04944	18
5.04945	18
5.04958	18
5.05363	18
5.05364	18
5.05364	18
5.05367	18
5.05367	18
5.05633	18
5.05634	18
5.0564	18
5.0564	18
5.05874	18
5.05877	18
5.05878	18
5.07395	18
5.14336	18
5.14336	18
5.14336	18
5.14364	18
5.14365	18
5.14899	18
5.14901	18
5.14901	18
5.15181	18
5.15185	18
5.15186	18
5.15187	18
5.15196	18
5.15211	18
5.15212	18
5.16128	18
5.16132	18
5.16327	18
5.16327	18
5.17189	18
5.17189	18
5.17189	18
5.17404	18
5.17405	18
5.17405	18
5.17407	18
5.17408	18
5.18394	18
5.18411	18
5.18412	18
5.19388	18
5.19389	18
5.19392	18
5.21744	18
5.2175	18
5.2175	18
5.21905	18
5.21906	18
5.21907	18
5.21908	18
5.24108	18
5.24108	18
5.24108	18
5.24111	18
5.26376	18
5.31309	18
5.31311	18
5.31311	18
5.31317	18
5.31318	18
5.32027	18
5.32031	18
5.32031	18
5.32864	18
5.33236	18
5.33237	18
5.3324	18
5.33241	18
5.34976	18
5.34979	18
5.34979	18
5.35162	18
5.35208	18
5.35212	18
5.35225	18
5.35226	18
5.36173	18
5.36185	18
5.36186	18
5.36186	18
5.36406	18
5.36407	18
5.36408	18
5.37693	18
5.37696	18
5.37696	18
5.37702	18
5.37703	18
5.38435	18
5.38439	18
5.38441	18
5.38735	18
5.38739	18
5.3874	18
5.39214	18
5.39217	18
5.39217	18
5.39219	18
5.39428	18
5.3943	18
5.39437	18
5.39437	18
5.39531	18
5.39531	18
5.39532	18
5.39532	18
5.41709	18
5.43184	18
5.43188	18
5.43188	18
5.43216	18
5.43216	18
5.4427	18
5.44274	18
5.44274	18
5.45508	18
5.45509	18
5.45515	18
5.45515	18
5.46082	18
5.46086	18
5.46093	18
5.46094	18
5.47677	18
5.47678	18
5.47681	18
5.47683	18
5.4774	18
5.47747	18
5.47747	18
5.49288	18
5.49294	18
5.49314	18
5.49315	18
5.4951	18
5.49511	18
5.49512	18
5.50853	18
5.50856	18
5.50857	18
5.51534	18
5.51537	18
5.51538	18
5.52449	18
5.52449	18
5.52455	18
5.52455	18
5.52501	18
5.5255	18
5.5255	18
5.52571	18
5.52572	18
5.52978	18
5.52978	18
5.52985	18
5.52985	18
5.5394	18
5.5394	18
5.53941	18
5.53988	18
5.53989	18
5.53995	18
5.53996	18
5.5508	18
5.55084	18
5.55108	18
5.5511	18
5.5548	18
5.55481	18
5.55482	18
5.55611	18
5.55621	18
5.55621	18
5.5618	18
5.57008	18
5.5702	18
5.5702	18
5.57025	18
5.57855	18
5.57856	18
5.57856	18
5.58116	18
5.58131	18
5.58132	18
5.58149	18
5.58149	18
5.58449	18
5.58457	18
5.58461	18
5.585	18
5.585	18
5.58502	18
5.58502	18
5.59225	18
5.59226	18
5.59226	18
5.59228	18
5.59267	18
5.59282	18
5.59284	18
5.59986	18
5.5999	18
5.59991	18
5.60456	18
5.6046	18
5.60465	18
5.60468	18
5.61805	18
5.61805	18
5.62581	18
5.62581	18
5.62581	18
5.62583	18
5.62583	18
5.62759	18
5.62767	18
5.62772	18
5.66978	18
5.66978	18
5.66995	18
5.66996	18
5.67006	18
5.67006	18
5.67007	18
5.67792	18
5.67792	18
5.67797	18
5.678	18
5.68071	18
5.68078	18
5.68079	18
5.6837	18
5.6837	18
5.68371	18
5.6846	18
5.68461	18
5.68468	18
5.68468	18
5.68592	18
5.68595	18
5.68595	18
5.69984	18
5.69985	18
5.69994	18
5.69994	18
5.70687	18
5.70692	18
5.70695	18
5.71793	18
5.71806	18
5.71806	18
5.71815	18
5.71816	18
5.72403	18
5.72405	18
5.72407	18
5.72409	18
5.72921	18
5.73297	18
5.73298	18
5.73303	18
5.73308	18
5.73312	18
5.73419	18
5.73421	18
5.73421	18
5.73422	18
5.74171	18
5.74171	18
5.74173	18
5.74176	18
5.74397	18
5.74576	18
5.74578	18
5.74585	18
5.74588	18
5.75098	18
5.75102	18
5.75114	18
5.75114	18
5.76198	18
5.76198	18
5.76198	18
5.762	18
5.78381	18
5.78385	18
5.78387	18
5.78899	18
5.80973	18
5.80973	18
5.80973	18
5.81942	18
5.81944	18
5.81946	18
5.81947	18
5.81954	18
5.81954	18
5.81982	18
5.81985	18
5.81986	18
5.82183	18
5.82184	18
5.82186	18
5.82314	18
5.82635	18
5.82637	18
5.82645	18
5.82646	18
5.82697	18
5.82697	18
5.82698	18
5.82699	18
5.82713	18
5.82717	18
5.82719	18
5.8272	18
5.83118	18
5.83119	18
5.83124	18
5.83302	18
5.83311	18
5.83312	18
5.83398	18
5.8341	18
5.83416	18
5.84166	18
5.84167	18
5.84167	18
5.84682	18
5.84683	18
5.84688	18
5.8491	18
5.84919	18
5.8492	18
5.85401	18
5.85408	18
5.85411	18
5.85457	18
5.85461	18
5.85462	18
5.85795	18
5.85798	18
5.85801	18
5.86189	18
5.86192	18
5.86197	18
5.86213	18
5.87548	18
5.87553	18
5.87563	18
5.87564	18
5.88301	18
5.8831	18
5.88313	18
5.89527	18
5.89528	18
5.89535	18
5.89535	18
5.90055	18
5.9068	18
5.9068	18
5.90681	18
5.90683	18
5.91672	18
5.91672	18
5.91672	18
5.92533	18
5.92537	18
5.92544	18
5.92547	18
5.93538	18
5.93541	18
5.93542	18
5.93748	18
5.93752	18
5.93753	18
5.93919	18
5.9481	18
5.94814	18
5.9482	18
5.9482	18
5.95619	18
5.9562	18
5.9562	18
5.97084	18
5.97097	18
5.97101	18
5.97358	18
5.9736	18
5.97361	18
5.9866	18
5.98686	18
5.9927	18
5.99271	18
5.99276	18
5.99283	18
5.99283	18
5.99475	18
5.99489	18
5.99496	18
6.00299	18
6.00299	18
6.00313	18
6.00327	18
6.01092	18
6.01538	18
6.0154	18
6.01541	18
6.01545	18
6.02225	18
6.02232	18
6.0224	18
6.02845	18
6.0285	18
6.02851	18
6.02859	18
6.0286	18
6.0288	18
6.02882	18
6.03805	18
6.03805	18
6.0382	18
6.03825	18
6.03888	18
6.03978	18
6.03982	18
6.03982	18
6.03986	18
6.03989	18
6.03993	18
6.03997	18
6.04021	18
6.04274	18
6.04278	18
6.04286	18
6.04936	18
6.04951	18
6.04953	18
6.06184	18
6.06189	18
6.06194	18
6.06579	18
6.0658	18
6.06586	18
6.06589	18
6.06691	18
6.06703	18
6.06707	18
6.07308	18
6.07309	18
6.07313	18
6.08926	18
6.09155	18
6.0917	18
6.11468	18
6.11472	18
6.11472	18
6.11476	18
6.11476	18
6.11865	18
6.11868	18
6.11873	18
6.12588	18
6.12588	18
6.12593	18
6.13459	18
6.13461	18
6.13465	18
6.14181	18
6.14183	18
6.14183	18
6.14188	18
6.15353	18
6.1559	18
6.15591	18
6.15599	18
6.15601	18
6.16029	18
6.16046	18
6.16046	18
6.16687	18
6.16688	18
6.16694	18
6.16696	18
6.16855	18
6.16865	18
6.16868	18
6.17803	18
6.17804	18
6.1781	18
6.17814	18
6.18237	18
6.18239	18
6.18239	18
6.18243	18
6.18245	18
6.19865	18
6.21663	18
6.21664	18
6.21664	18
6.21672	18
6.21681	18
6.23792	18
6.23794	18
6.23927	18
6.23954	18
6.24392	18
6.24394	18
6.24396	18
6.25993	18
6.25993	18
6.25994	18
6.25994	18
6.26006	18
6.26589	18
6.2659	18
6.266	18
6.26884	18
6.26888	18
6.26891	18
6.33229	18
6.33229	18
6.33234	18
6.33242	18
6.34223	18
6.34223	18
6.34231	18
6.34242	18
6.35321	18
6.35338	18
6.35352	18
6.35358	18
6.35364	18
6.35365	18
6.35366	18
6.37067	18
6.37068	18
6.38266	18
6.38266	18
6.38268	18
6.38274	18
6.38293	18
6.38312	18
6.38314	18
6.38317	18
6.38806	18
6.38807	18
6.38815	18
6.38817	18
6.39061	18
6.39066	18
6.39099	18
6.40161	18
6.40165	18
6.40174	18
6.40195	18
6.4067	18
6.40672	18
6.40675	18
6.40686	18
6.40728	18
6.40742	18
6.40816	18
6.41103	18
6.41112	18
6.41128	18
6.4305	18
6.43052	18
6.43053	18
6.43054	18
6.43069	18
6.43979	18
6.43985	18
6.43987	18
6.43989	18
6.45942	18
6.46469	18
6.4647	18
6.4647	18
6.46475	18
6.4649	18
6.47228	18
6.4723	18
6.47235	18
6.4821	18
6.4821	18
6.48215	18
6.48217	18
6.48225	18
6.48232	18
6.48233	18
6.49262	18
6.49265	18
6.4927	18
6.49723	18
6.49737	18
6.49747	18
6.49888	18
6.49892	18
6.49893	18
6.49913	18
6.50265	18
6.50273	18
6.50351	18
6.51618	18
6.51618	18
6.51686	18
6.52075	18
6.52079	18
6.52097	18
6.52115	18
6.53003	18
6.53004	18
6.53006	18
6.53014	18
6.53098	18
6.53824	18
6.53888	18
6.53895	18
6.53897	18
6.53937	18
6.54997	18
6.62909	18
6.62913	18
6.62915	18
6.63201	18
6.63203	18
6.64505	18
6.65057	18
6.65057	18
6.65057	18
6.65058	18
6.6508	18
6.6511	18
6.65961	18
6.65968	18
6.65983	18
6.68592	18
6.68592	18
6.68593	18
6.69059	18
6.69127	18
6.69136	18
6.69143	18
6.73436	18
6.73436	18
6.73437	18
6.73757	18
6.73757	18
6.73764	18
6.74655	18
6.74655	18
6.74655	18
6.74712	18
6.74717	18
6.74717	18
6.74729	18
6.77592	18
6.77594	18
6.77594	18
6.77602	18
6.78746	18
6.78746	18
6.78764	18
6.78916	18
6.78916	18
6.78917	18
6.79693	18
6.79693	18
6.79696	18
6.81232	18
6.81233	18
6.81233	18
6.81235	18
6.81528	18
6.81529	18
6.81532	18
6.83164	18
6.83171	18
6.83171	18
6.83183	18
6.86128	18
6.86129	18
6.8613	18
6.86954	18
6.86958	18
6.86959	18
6.86963	18
6.86999	18
6.87002	18
6.87004	18
6.87004	18
6.97521	18
6.97523	18
6.97657	18
6.98021	18
6.98021	18
6.98028	18
6.99353	18
6.99353	18
6.99355	18
7.02762	18
7.02766	18
7.02766	18
7.02767	18
7.04469	18
7.04469	18
7.04469	18
7.04503	18
7.04503	18
7.04521	18
7.04526	18
7.04527	18
7.04583	18
7.06221	18
7.06226	18
7.06228	18
7.06239	18
7.0777	18
7.0777	18
7.07781	18
7.08899	18
7.089	18
7.089	18
7.09058	18
7.09813	18
7.09816	18
7.09816	18
7.09817	18
7.56784	18
7.56785	18
7.56944	18
7.57011	18
7.57011	18
7.57011	18
7.57012	18
7.57298	18
7.57298	18
7.57299	18
7.57304	18
7.57636	18
7.57637	18
7.57652	18
7.62559	18
7.6256	18
7.62586	18
7.63134	18
7.63135	18
7.63155	18
7.64067	18
7.6407	18
7.64077	18
7.64409	18
7.6441	18
7.64421	18
7.64769	18
7.64771	18
7.64772	18
7.64896	18
7.66824	18
7.66832	18
7.66833	18
7.66838	18
7.67115	18
7.67115	18
7.67125	18
7.68086	18
7.68086	18
7.68086	18
7.69708	18
7.69708	18
7.69712	18
7.70083	18
8.54652	18
8.54653	18
8.54653	18
8.54654	18
8.54741	18
8.55657	18
8.55664	18
8.55664	18
8.55675	18
8.56012	18
8.56012	18
8.56022	18
8.58435	18
8.58437	18
8.58437	18
8.58439	18
8.62675	18
8.62675	18
8.62707	18
8.63479	18
8.65225	18
8.65231	18
8.65232	18
8.6524	18
8.65456	18
8.65456	18
8.65456	18
8.65486	18
8.65489	18
8.6549	18
8.65492	18
8.65742	18
8.65743	18
8.65743	18
8.67247	18
8.67253	18
8.67253	18
8.67255	18
8.70265	18
8.70266	18
8.70614	18
8.70616	18
8.70619	18
8.7062	18
8.70643	18
8.70725	18
8.70726	18
8.70728	18
8.70728	18
8.71949	18
8.71949	18
8.7195	18
8.72547	18
8.72548	18
8.72548	18
8.72784	18
8.72788	18
8.72788	18
8.72797	18
8.73136	18
8.73136	18
8.73138	18
8.84489	18
8.8449	18
8.84564	18
8.85908	18
8.90448	18
8.90451	18
8.90452	18
8.90459	18
8.90618	18
8.90618	18
8.9062	18
8.90692	18
8.90692	18
8.90692	18
8.90705	18
8.96031	18
8.96033	18
8.96033	18
8.96174	18
8.96175	18
8.96175	18
8.97503	18
8.97509	18
8.97509	18
8.98446	18
8.9845	18
8.98452	18
8.98453	18
8.98455	18
9.00074	18
9.00075	18
9.00076	18
9.01388	18
9.01391	18
9.01394	18
9.0412	18
9.04121	18
9.04137	18
9.06854	18
9.06854	18
9.06874	18
9.07717	18
9.0772	18
9.0772	18
9.07723	18
9.11644	18
9.11644	18
9.11644	18
9.12718	18
9.12721	18
9.12721	18
9.12725	18
9.14162	18
9.14162	18
9.14163	18
9.14163	18
9.15604	18
9.17804	18
9.17805	18
9.17805	18
9.1781	18
9.18181	18
9.18182	18
9.18183	18
9.18184	18
9.18604	18
9.18605	18
9.18605	18
9.18605	18
9.2113	18
9.21132	18
9.21134	18
9.22284	18
9.22286	18
9.22286	18
9.22289	18
9.22788	18
9.22789	18
9.22789	18
9.24273	18
9.24274	18
9.24276	18
9.26317	18
9.2632	18
9.2632	18
9.26322	18
9.2662	18
9.26622	18
9.26623	18
9.27684	18
9.27685	18
9.27685	18
9.27691	18
9.28339	18
9.28344	18
9.28344	18
9.31392	18
9.31392	18
9.31394	18
9.31395	18
9.34554	18
9.34555	18
9.34563	18
9.34701	18
9.37187	18
9.37192	18
9.37194	18
9.37199	18
9.4111	18
9.41111	18
9.41114	18
9.41118	18
9.41497	18
9.41498	18
9.41501	18
9.44024	18
9.44025	18
9.4403	18
9.44695	18
9.44697	18
9.44698	18
9.46508	18
9.46512	18
9.46512	18
9.46514	18
9.51385	18
9.51386	18
9.52392	18
11.3966	18
11.3967	18
11.4012	18
11.4097	18
11.4097	18
11.4097	18
11.4176	18
11.4176	18
11.4176	18
11.4178	18
11.459	18
11.459	18
11.4744	18
11.4744	18
11.4745	18
11.4745	18
11.4746	18
11.4966	18
11.4966	18
11.4967	18
11.5082	18
11.5082	18
11.5083	18
11.7884	18
11.7884	18
11.7892	18
11.8062	18
11.8063	18
11.8063	18
11.809	18
11.809	18
11.8091	18
11.8133	18
11.8133	18
11.8133	18
11.8134	18
11.8185	18
11.8185	18
11.8185	18
11.8185	18
11.8279	18
11.8279	18
11.828	18
11.8406	18
11.8406	18
11.8921	18
11.8921	18
11.8922	18
11.8922	18
11.8923	18
11.8971	18
11.8972	18
11.8972	18
11.8974	18
11.9074	18
11.9074	18
11.9074	18
11.9092	18
11.9092	18
11.9092	18
11.9166	18
11.9166	18
11.9166	18
11.9167	18
11.9237	18
11.9237	18
11.9237	18
11.9238	18
11.9264	18
11.9264	18
11.9264	18
11.9266	18
11.937	18
11.937	18
11.937	18
11.9371	18
11.9379	18
11.9379	18
11.9379	18
11.9737	18
11.9737	18
11.9739	18
11.9989	18
11.9989	18
11.9991	18
12.1125	18
12.1125	18
12.1151	18
12.1151	18
12.1151	18
12.1178	18
12.13	18
12.1301	18
12.1301	18
12.142	18
12.142	18
12.142	18
12.1421	18
12.1579	18
12.1685	18
12.1686	18
12.1686	18
12.1686	18
12.1882	18
12.1882	18
12.1956	18
12.1956	18
12.1956	18
12.1957	18
12.2	18
12.2	18
12.2	18
12.2171	18
12.2171	18
12.2171	18
12.2172	18
12.2619	18
12.2764	18
12.2764	18
12.2765	18
12.2765	18
12.2933	18
12.2933	18
12.2933	18
12.2952	18
12.2953	18
12.2953	18
12.2954	18
12.3504	18
12.3504	18
12.3504	18
12.3571	18
12.3571	18
12.3572	18
12.4225	18
12.4225	18
12.4225	18
12.4226	18
12.4495	18
12.4495	18
12.4495	18
12.4649	18
12.465	18
12.465	18
12.4651	18
12.4758	18
12.4763	18
12.4764	18
12.4764	18
12.4764	18
12.4878	18
12.4878	18
12.4879	18
12.5092	18
12.5092	18
12.5093	18
12.5148	18
12.5148	18
12.5149	18
12.5413	18
12.5413	18
12.5413	18
12.5414	18
12.5537	18
12.5538	18
12.5538	18
12.5538	18
12.6154	18
12.6154	18
12.6154	18
12.6241	18
12.6255	18
12.6255	18
12.6256	18
12.6291	18
12.6291	18
12.6292	18
12.6292	18
12.6542	18
12.6542	18
12.6542	18
12.662	18
12.662	18
12.6622	18
12.6625	18
12.6625	18
12.6625	18
12.6948	18
12.6949	18
12.6949	18
12.7287	18
12.7287	18
12.7287	18
12.7322	18
12.7323	18
12.7323	18
12.7379	18
12.738	18
12.738	18
12.738	18
12.7383	18
12.7383	18
12.7384	18
12.7448	18
12.757	18
12.7571	18
12.7571	18
12.7571	18
12.7958	18
12.7958	18
12.7958	18
12.8396	18
12.8396	18
12.8396	18
12.8419	18
12.8419	18
12.842	18
12.8773	18
12.8773	18
12.8773	18
12.8774	18
12.8775	18
12.8852	18
12.8878	18
12.8879	18
12.9163	18
12.9163	18
12.9163	18
12.9164	18
12.9164	18
12.9212	18
12.9213	18
12.9213	18
12.9213	18
12.9313	18
12.9313	18
12.9316	18
12.9317	18
12.9406	18
12.9406	18
12.9408	18
13.134	18
13.134	18
13.1355	18
13.2315	18
13.2315	18
13.2315	18
14.159	18
14.159	18
14.159	18
14.1728	18
14.1728	18
14.1728	18
14.177	18
14.1771	18
14.1771	18
14.1937	18
14.1938	18
14.1938	18
15.012	18
15.012	18
15.0223	18
15.0223	18
15.0369	18
15.0369	18
15.0369	18
15.7016	18
15.7017	18
15.7024	18
15.7035	18
15.7035	18
15.7036	18
15.7256	18
15.7319	18
15.7319	18
15.7319	18
15.7321	18
15.7325	18
15.7366	18
15.7366	18
15.7366	18
15.7366	18
15.7653	18
15.7653	18
15.7653	18
15.7654	18
15.7655	18
15.781	18
15.781	18
15.781	18
15.781	18
15.8002	18
15.8002	18
15.8002	18
15.8003	18
15.8013	18
15.8013	18
15.8013	18
15.8013	18
15.8039	18
15.8039	18
15.8039	18
15.8322	18
15.8477	18
15.8477	18
15.8477	18
15.8478	18
15.8667	18
15.8667	18
15.8667	18
16.3269	18
16.3269	18
16.3273	18
16.3275	18
16.3363	18
16.3363	18
16.3363	18
16.3363	18
16.3709	18
16.3709	18
16.3715	18
16.3769	18
16.3769	18
16.377	18
16.377	18
16.377	18
16.3789	18
16.3789	18
16.3823	18
16.3823	18
16.3824	18
16.3824	18
16.5701	18
16.5701	18
16.5706	18
16.5717	18
16.5717	18
16.5717	18
16.7838	18
16.7838	18
16.7899	18
16.7915	18
16.7915	18
16.7915	18
16.8095	18
16.8095	18
16.8095	18
16.8141	18
16.8141	18
16.8141	18
16.8141	18
16.8235	18
16.8235	18
16.8236	18
16.8236	18
16.8418	18
16.8485	18
16.8485	18
16.8485	18
16.8486	18
16.8568	18
16.8569	18
16.8569	18
16.8578	18
16.8578	18
16.8579	18
16.8579	18
16.858	18
16.878	18
16.878	18
16.878	18
16.8785	18
16.8785	18
16.8785	18
16.894	18
16.8941	18
16.8941	18
16.8976	18
16.8976	18
16.8976	18
16.8976	18
16.898	18
16.898	18
16.898	18
16.8999	18
16.8999	18
16.9052	18
16.9053	18
16.9053	18
16.9054	18
16.9054	18
16.9115	18
16.9115	18
16.9115	18
16.9115	18
17.23	18
17.23	18
17.232	18
17.2352	18
17.2352	18
17.2352	18
17.2436	18
17.2436	18
17.2436	18
17.2436	18
17.2452	18
17.2452	18
17.2454	18
17.2523	18
17.2523	18
17.2523	18
17.2541	18
17.2558	18
17.2558	18
17.256	18
17.2561	18
17.2561	18
17.2721	18
17.2722	18
17.2722	18
17.2722	18
17.2768	18
17.2769	18
17.2771	18
17.279	18
17.279	18
17.2791	18
17.2792	18
17.3031	18
17.3031	18
17.3031	18
17.3093	18
17.3094	18
17.3094	18
17.3094	18
17.3163	18
17.3163	18
17.3164	18
17.3165	18
17.4434	18
17.4435	18
17.4498	18
19.8567	18
19.8567	18
19.8572	18
19.8605	18
19.8605	18
19.8605	18
19.8607	18
19.8887	18
19.8887	18
19.8889	18
19.893	18
19.893	18
19.8931	18
19.9136	18
19.9136	18
19.9138	18
19.9584	18
19.9585	18
19.9586	18
19.9665	18
19.9665	18
19.9665	18
19.9665	18
19.9674	18
19.9674	18
19.9674	18
19.9787	18
19.9787	18
19.9788	18
19.9918	18
19.9918	18
19.9918	18
19.9919	18
19.9927	18
19.9927	18
19.9928	18
19.9929	18
20.0076	18
20.0076	18
20.0077	18
20.0175	18
20.0175	18
20.0177	18
20.0256	18
20.0256	18
20.0257	18
20.0279	18
20.028	18
20.028	18
20.028	18
22.0942	18
22.0942	18
22.0979	18
22.1044	18
22.1044	18
22.1044	18
22.1044	18
22.106	18
22.106	18
22.106	18
22.131	18
22.131	18
22.131	18
22.1657	18
22.1657	18
22.178	18
22.178	18
22.178	18
22.178	18
22.3949	18
22.395	18
22.395	18
22.4071	18
22.4072	18
22.4072	18
22.4073	18
22.4073	18
22.4073	18
22.4073	18
22.4113	18
22.4113	18
22.4115	18
22.8006	18
22.8006	18
22.8012	18
22.802	18
22.802	18
22.802	18
22.802	18
22.8191	18
22.8191	18
22.8192	18
22.8215	18
22.8215	18
22.8216	18
22.8217	18
23.3456	18
23.3457	18
23.3522	18
23.4308	18
23.4308	18
23.4317	18
23.4329	18
23.4521	18
23.4521	18
23.4521	18
23.4521	18
23.4551	18
23.4551	18
23.4552	18
23.4653	18
23.4653	18
23.4653	18
23.4908	18
23.4908	18
23.4908	18
23.4908	18
23.5039	18
23.5039	18
23.5039	18
23.5087	18
23.5087	18
23.5087	18
23.5088	18
23.512	18
23.512	18
23.512	18
23.512	18
23.6911	18
23.6912	18
23.6925	18
23.7233	18
23.7234	18
23.7234	18
23.7288	18
23.7288	18
23.7289	18
23.729	18
23.7349	18
23.7349	18
23.7349	18
24.0371	18
24.0371	18
24.0458	18
24.0654	18
24.0655	18
24.0655	18
24.0655	18
24.0857	18
24.0857	18
24.0858	18
24.0859	18
24.1012	18
24.1012	18
24.1012	18
24.1013	18
24.1411	18
24.1411	18
24.1411	18
24.1625	18
24.1625	18
24.1625	18
24.1625	18
24.1862	18
24.1863	18
24.1863	18
24.2013	18
24.2013	18
24.2014	18
24.2056	18
24.2057	18
24.2058	18
24.2059	18
24.2059	18
24.2323	18
24.2323	18
24.2324	18
24.2506	18
24.2506	18
24.2506	18
24.2509	18
24.5444	18
24.5446	18
24.5446	18
24.5454	18
24.5454	18
24.5454	18
24.5463	18
24.5484	18
24.5485	18
24.5485	18
24.5486	18
25.2103	18
25.2104	18
25.2137	18
26.0741	18
26.0742	18
26.0757	18
26.0952	18
26.0962	18
26.0963	18
26.0963	18
26.0981	18
26.1151	18
26.1151	18
26.1152	18
26.1153	18
26.1224	18
26.1225	18
26.1225	18
26.1257	18
26.1257	18
26.1257	18
26.1257	18
26.1268	18
26.1642	18
26.1642	18
26.1642	18
26.1642	18
26.1684	18
26.1684	18
26.1684	18
26.1695	18
26.1744	18
26.1744	18
26.1744	18
26.182	18
26.1919	18
26.1921	18
26.1921	18
26.1923	18
26.1966	18
26.1966	18
26.1966	18
26.247	18
26.247	18
26.247	18
26.252	18
26.252	18
26.2522	18
26.2529	18
26.2529	18
26.2529	18
26.2529	18
26.4388	18
26.4388	18
26.442	18
26.4747	18
26.4747	18
26.4747	18
26.4915	18
26.4915	18
26.4915	18
26.4915	18
26.5037	18
26.5037	18
26.5038	18
26.5039	18
26.534	18
26.5341	18
26.5341	18
27.447	18
27.4471	18
27.4521	18
27.9832	18
27.9832	18
27.9889	18
28.0048	18
28.0048	18
28.0049	18
28.0049	18
28.0119	18
28.0161	18
28.0161	18
28.0161	18
28.0162	18
28.0274	18
28.0274	18
28.0275	18
28.0326	18
28.0326	18
28.0328	18
28.0523	18
28.0523	18
28.0525	18
28.3027	18
28.3028	18
28.3063	18
28.308	18
28.308	18
28.3081	18
28.3081	18
28.3163	18
28.3163	18
28.3163	18
28.3222	18
28.3223	18
28.3223	18
28.3224	18
28.3302	18
28.3302	18
28.3303	18
28.3623	18
28.3623	18
28.3629	18
28.3629	18
28.3629	18
28.3647	18
28.3837	18
28.3838	18
28.3838	18
28.4037	18
28.4037	18
28.4037	18
28.5308	18
28.5309	18
28.5315	18
28.6857	18
28.6858	18
28.6875	18
28.6951	18
28.7388	18
28.7388	18
28.7388	18
28.7389	18
29.6055	18
29.6056	18
29.6079	18
29.6169	18
29.6169	18
29.617	18
29.6171	18
29.6219	18
29.6219	18
29.6221	18
29.6636	18
29.6636	18
29.6637	18
29.6639	18
29.6859	18
29.686	18
29.6861	18
29.6861	18
29.6868	18
29.6868	18
29.6868	18
29.6868	18
29.6901	18
29.6901	18
29.6902	18
29.9317	18
29.9318	18
29.9327	18
29.9438	18
29.9439	18
29.944	18
29.9465	18
29.9465	18
29.9466	18
29.9482	18
29.9482	18
29.9482	18
29.9495	18
29.9578	18
29.9578	18
29.9578	18
29.9721	18
29.9788	18
29.9788	18
29.9788	18
29.9789	18
29.9789	18
29.9789	18
29.9805	18
29.9805	18
29.9805	18
30.0039	18
30.0039	18
30.0039	18
30.011	18
30.011	18
30.011	18
30.011	18
30.021	18
30.021	18
30.0211	18
31.0454	18
31.0454	18
31.0463	18
31.0476	18
31.0477	18
31.0477	18
31.0477	18
31.1298	18
31.1298	18
31.1312	18
31.1488	18
31.1488	18
31.1488	18
31.1496	18
31.1496	18
31.1496	18
31.157	18
31.1571	18
31.1571	18
31.3451	18
31.3453	18
31.3501	18
31.3551	18
31.3551	18
31.3553	18
32.0541	18
32.0542	18
32.0563	18
32.1012	18
32.1012	18
32.1012	18
32.1032	18
32.1033	18
32.1034	18
32.1034	18
33.7245	18
33.7245	18
33.7246	18
33.728	18
33.7679	18
33.7679	18
33.7679	18
33.7692	18
33.7693	18
33.7693	18
33.775	18
33.775	18
33.775	18
33.7751	18
35.2424	18
35.2425	18
35.2439	18
35.244	18
35.2441	18
35.2466	18
35.9457	18
35.9457	18
35.9509	18
35.9575	18
35.9576	18
35.9576	18
35.9608	18
35.9669	18
35.9962	18
35.9962	18
35.9962	18
35.9963	18
35.9965	18
36.0059	18
36.0059	18
36.0059	18
36.006	18
36.0437	18
36.0438	18
36.0438	18
36.0781	18
36.0781	18
36.0781	18
36.0826	18
36.0826	18
36.0826	18
36.0826	18
36.1622	18
36.1622	18
36.1632	18
36.1757	18
36.1758	18
36.1759	18
36.176	18
36.5725	18
36.5726	18
36.5733	18
36.5766	18
36.5766	18
36.5766	18
36.596	18
36.5963	18
36.5963	18
36.6028	18
36.6029	18
36.6029	18
36.6253	18
36.6254	18
36.6254	18
36.6254	18
36.6395	18
36.6396	18
36.6396	18
36.6692	18
36.6692	18
36.6692	18
36.6692	18
37.2038	18
37.2038	18
37.2044	18
37.2251	18
37.2255	18
37.226	18
37.2261	18
37.2262	18
37.2353	18
37.2498	18
37.2498	18
37.2498	18
37.2498	18
37.2683	18
37.2685	18
37.2685	18
37.2686	18
37.2723	18
37.2731	18
37.2761	18
37.2762	18
37.2825	18
37.2826	18
37.2941	18
37.2941	18
37.2941	18
37.2943	18
37.2943	18
37.3138	18
37.314	18
37.314	18
37.3205	18
37.3205	18
37.3205	18
37.3205	18
37.3375	18
37.3376	18
37.3376	18
37.3489	18
37.3603	18
37.3603	18
37.3604	18
37.3604	18
37.3682	18
37.3682	18
37.3683	18
37.3684	18
38.3567	18
38.3578	18
38.3579	18
38.3626	18
39.2278	18
39.228	18
39.2283	18
39.3269	18
39.3273	18
39.3275	18
39.4627	18
39.4628	18
39.4638	18
39.4683	18
39.4683	18
39.4683	18
39.4684	18
40.5474	18
40.5484	18
40.5485	18
40.552	18
40.5641	18
40.5641	18
40.5641	18
40.603	18
40.603	18
40.6031	18
40.6031	18
40.6436	18
40.6436	18
40.6438	18
40.6438	18
41.767	18
41.7671	18
41.7672	18
41.7689	18
41.7981	18
41.7981	18
41.7981	18
41.8008	18
41.8234	18
41.8235	18
41.8236	18
41.8237	18
41.8291	18
41.8545	18
41.8545	18
41.8546	18
41.8546	18
41.8707	18
41.8708	18
41.8709	18
41.8709	18
42.1	18
42.1002	18
42.101	18
42.1034	18
42.1034	18
42.1034	18
42.1719	18
42.1721	18
42.1764	18
42.779	18
42.7791	18
42.7792	18
42.7792	18
42.7792	18
42.7793	18
42.7793	18
42.7844	18
42.7845	18
42.7846	18
42.7848	18
42.8547	18
42.8548	18
42.8588	18
42.862	18
43.1249	18
43.1249	18
43.1265	18
43.1603	18
43.1604	18
43.1606	18
43.3401	18
43.3402	18
43.3438	18
43.3524	18
43.3524	18
43.3525	18
43.3525	18
43.3706	18
43.3706	18
43.3707	18
43.3707	18
43.5936	18
43.5936	18
43.5942	18
43.5946	18
43.9045	18
43.905	18
43.9078	18
45.5033	18
45.5034	18
45.5058	18
45.5058	18
45.5058	18
45.5058	18
45.5058	18
46.0456	18
46.0457	18
46.0489	18
47.1553	18
47.1557	18
47.1557	18
47.1662	18
47.1662	18
47.1663	18
47.1663	18
47.6586	18
47.6586	18
47.6609	18
48.1232	18
48.1236	18
48.1239	18
48.1242	18
48.1242	18
48.1242	18
48.1243	18
49.2814	18
49.2815	18
49.2819	18
52.2808	18
52.2809	18
52.2823	18
52.6633	18
52.6634	18
52.6674	18
52.6681	18
52.6687	18
52.6734	18
53.1859	18
53.1894	18
53.1894	18
53.1927	18
53.3095	18
53.3095	18
53.3122	18
53.8477	18
53.8479	18
53.8479	18
54.1504	18
54.1521	18
54.1525	18
54.1554	18
55.0946	18
55.0946	18
55.0953	18
55.7216	18
55.7221	18
55.7221	18
56.3067	18
56.3078	18
56.3079	18
56.3079	18
56.9846	18
56.985	18
56.9883	18
58.0188	18
58.0191	18
58.023	18
58.5922	18
58.5922	18
58.5925	18
59.0477	18
59.049	18
59.0492	18
59.0527	18
61.3231	18
61.3232	18
61.3246	18
61.3461	18
61.3461	18
61.3461	18
61.3529	18
61.3529	18
61.3529	18
61.3529	18
61.5563	18
61.5563	18
61.5574	18
62.4177	18
62.4178	18
62.4193	18
62.4618	18
62.4619	18
62.4642	18
63.3983	18
63.3986	18
63.3987	18
64.5773	18
64.578	18
64.5782	18
64.7611	18
64.7611	18
64.7646	18
64.8226	18
64.8227	18
64.836	18
64.9389	18
64.9393	18
64.9462	18
65.25	18
65.25	18
65.2506	18
65.2518	18
65.2685	18
65.2685	18
65.2685	18
65.2685	18
67.2366	18
67.2371	18
67.24	18
68.4461	18
68.4469	18
68.4479	18
68.4484	18
68.4593	18
68.4599	18
68.46	18
68.7813	18
68.7813	18
68.7814	18
69.653	18
69.6533	18
69.659	18
69.659	18
70.0201	18
70.0215	18
70.0226	18
70.0226	18
70.0227	18
70.0227	18
70.0236	18
70.392	18
70.3923	18
70.4018	18
71.0127	18
71.0131	18
71.0204	18
71.0689	18
71.0692	18
71.0698	18
71.071	18
71.5697	18
71.57	18
71.5713	18
71.6376	18
71.6382	18
71.6386	18
71.6392	18
71.978	18
71.9781	18
71.9782	18
72.4971	18
72.4972	18
72.5006	18
72.6151	18
72.6161	18
72.6189	18
72.6205	18
72.6205	18
72.6205	18
72.6206	18
72.6325	18
72.6325	18
72.6327	18
72.6328	18
73.0122	18
73.0123	18
73.0124	18
73.5124	18
73.5127	18
73.5128	18
73.5469	18
73.5469	18
73.547	18
74.4838	18
74.4843	18
74.4853	18
75.165	18
75.165	18
75.2085	18
75.2087	18
75.2088	18
75.2103	18
76.0357	18
76.0358	18
76.0361	18
76.0404	18
76.0404	18
76.0405	18
76.0406	18
76.0525	18
76.0525	18
76.0525	18
76.2007	18
76.2011	18
76.2037	18
76.2595	18
76.2601	18
76.2602	18
76.8231	18
76.824	18
76.8266	18
76.965	18
76.9652	18
77.6249	18
77.626	18
77.6271	18
77.6321	18
78.5214	18
78.5218	18
78.5218	18
79.1005	18
79.1009	18
79.1151	18
79.1239	18
79.124	18
79.1241	18
80.468	18
80.4689	18
80.4716	18
81.1309	18
81.1313	18
81.1313	18
81.327	18
81.3271	18
81.329	18
81.8459	18
81.8468	18
81.8488	18
82.1313	18
82.1324	18
82.1348	18
83.1966	18
83.1969	18
83.198	18
83.4231	18
83.4239	18
83.4998	18
83.5	18
83.5006	18
83.5007	18
83.8164	18
83.8165	18
83.8207	18
84.482	18
84.4823	18
84.4872	18
84.5912	18
84.5943	18
84.5944	18
84.595	18
84.8529	18
84.8531	18
85.4053	18
85.4054	18
85.4055	18
85.4094	18
85.9597	18
85.9601	18
85.9609	18
86.9353	18
86.936	18
86.9384	18
87.821	18
87.8211	18
87.8302	18
88.1731	18
88.1734	18
88.1742	18
88.1742	18
88.1745	18
88.1747	18
88.1794	18
88.3788	18
88.3789	18
88.3803	18
89.3152	18
89.3152	18
89.3163	18
89.3833	18
89.3834	18
89.3871	18
89.6621	18
89.6627	18
89.8472	18
89.8477	18
89.8479	18
89.8528	18
90.7364	18
90.7364	18
90.7365	18
90.9833	18
90.9888	18
90.9889	18
90.9903	18
91.7216	18
91.7223	18
91.7255	18
92.2542	18
92.258	18
92.2582	18
93.0203	18
93.0222	18
93.0228	18
93.0299	18
93.2667	18
93.2678	18
93.2686	18
93.5393	18
93.5398	18
93.5398	18
94.3468	18
94.3473	18
94.3473	18
94.4754	18
94.4756	18
94.4762	18
94.8011	18
94.8014	18
94.8021	18
95.7248	18
95.725	18
95.725	18
95.7267	18
96.0894	18
96.0897	18
96.0909	18
96.3014	18
96.3015	18
96.3015	18
96.3767	18
96.3771	18
96.474	18
96.4748	18
96.4752	18
96.4754	18
96.4848	18
96.4929	18
96.494	18
96.4942	18
96.4991	18
96.921	18
96.9216	18
96.9217	18
97.2335	18
97.2346	18
97.2346	18
98.1548	18
98.155	18
98.1582	18
