4.29738e-12	0
1.97956e-10	1
9.88739e-10	2
1.06101e-09	3
1.65376e-09	4
2.1047e-09	5
2.30797e-09	5
3.04387e-09	6
3.60137e-09	7
3.94679e-09	8
4.39437e-09	9
4.9014e-09	10
5.45767e-09	11
6.20827e-09	11
6.8698e-09	12
9.06458e-09	13
9.36444e-09	14
9.56866e-09	14
1.04259e-08	14
1.17772e-08	15
1.40341e-08	15
1.42661e-08	16
1.69435e-08	17
2.25996e-08	18
2.33343e-08	18
2.79508e-08	18
2.93882e-08	18
3.168e-08	18
3.51401e-08	19
3.5795e-08	19
4.14241e-08	19
5.39225e-08	19
6.49999e-08	19
6.5585e-08	19
6.68038e-08	19
6.75059e-08	19
6.80449e-08	19
9.79642e-08	19
1.0462e-07	19
1.1115e-07	19
1.23962e-07	19
1.37849e-07	19
1.41036e-07	19
1.54013e-07	19
1.60207e-07	19
1.84858e-07	19
1.8515e-07	19
1.87124e-07	19
2.01814e-07	19
2.09992e-07	19
2.13911e-07	19
2.30276e-07	19
2.4838e-07	19
2.59408e-07	19
2.68187e-07	19
2.71396e-07	19
2.77432e-07	19
3.23415e-07	19
3.2982e-07	19
3.32663e-07	19
3.50494e-07	19
3.5766e-07	19
3.65752e-07	19
3.90087e-07	19
3.94397e-07	19
4.07194e-07	19
4.09694e-07	19
4.15053e-07	19
4.19663e-07	19
4.19992e-07	19
4.20144e-07	19
4.21667e-07	19
4.21744e-07	19
4.34815e-07	19
4.4421e-07	19
4.5281e-07	19
4.54894e-07	19
4.66725e-07	19
4.68289e-07	19
4.74406e-07	19
4.74603e-07	19
4.91268e-07	19
5.08625e-07	19
5.13209e-07	19
5.14617e-07	19
5.21705e-07	19
5.31419e-07	19
5.45463e-07	19
5.51172e-07	19
5.52879e-07	19
5.66198e-07	19
5.95652e-07	19
6.03131e-07	19
6.05206e-07	19
6.05512e-07	19
6.094e-07	19
6.21752e-07	19
6.38768e-07	19
6.42217e-07	19
6.61458e-07	19
6.61995e-07	19
6.73564e-07	19
7.03844e-07	19
7.0557e-07	19
7.11364e-07	19
7.13706e-07	19
7.17143e-07	19
7.24053e-07	19
7.30537e-07	19
7.31625e-07	19
7.58349e-07	19
7.95789e-07	19
7.97219e-07	19
8.06551e-07	19
8.25738e-07	19
8.38956e-07	19
8.53596e-07	19
8.99006e-07	19
8.99708e-07	19
9.08212e-07	19
9.13689e-07	19
9.20629e-07	19
9.29198e-07	19
9.29816e-07	19
9.36101e-07	19
9.56001e-07	19
9.60543e-07	19
9.67261e-07	19
9.69355e-07	19
9.71643e-07	19
9.78522e-07	19
9.94431e-07	19
9.95534e-07	19
9.9833e-07	19
1.01042e-06	19
1.01937e-06	19
1.05188e-06	19
1.0664e-06	19
1.06767e-06	19
1.07932e-06	19
1.08742e-06	19
1.09319e-06	19
1.09407e-06	19
1.09859e-06	19
1.10238e-06	19
1.12632e-06	19
1.14381e-06	19
1.15867e-06	19
1.17166e-06	19
1.17381e-06	19
1.17963e-06	19
1.18732e-06	19
1.18786e-06	19
1.19131e-06	19
1.19547e-06	19
1.2197e-06	19
1.22796e-06	19
1.23812e-06	19
1.25038e-06	19
1.25959e-06	19
1.26254e-06	19
1.2672e-06	19
1.28014e-06	19
1.2993e-06	19
1.31916e-06	19
1.32112e-06	19
1.32413e-06	19
1.32656e-06	19
1.3329e-06	19
1.35053e-06	19
1.36984e-06	19
1.37406e-06	19
1.44844e-06	19
1.45165e-06	19
1.46204e-06	19
1.48068e-06	19
1.48667e-06	19
1.49313e-06	19
1.50546e-06	19
1.52272e-06	19
1.537e-06	19
1.5655e-06	19
1.58133e-06	19
1.5846e-06	19
1.60373e-06	19
1.61388e-06	19
1.62004e-06	19
1.62998e-06	19
1.63226e-06	19
1.64728e-06	19
1.64777e-06	19
1.65081e-06	19
1.66468e-06	19
1.67076e-06	19
1.68444e-06	19
1.69622e-06	19
1.72879e-06	19
1.77769e-06	19
1.78357e-06	19
1.78999e-06	19
1.8821e-06	19
1.9263e-06	19
1.9428e-06	19
1.95171e-06	19
1.9547e-06	19
1.95681e-06	19
2.01787e-06	19
2.03173e-06	19
2.05514e-06	19
2.07462e-06	19
2.07855e-06	19
2.07944e-06	19
2.14423e-06	19
2.1734e-06	19
2.20775e-06	19
2.20839e-06	19
2.21963e-06	19
2.22217e-06	19
2.23258e-06	19
2.26605e-06	19
2.27849e-06	19
2.29169e-06	19
2.3043e-06	19
2.31824e-06	19
2.33822e-06	19
2.34852e-06	19
2.35519e-06	19
2.37007e-06	19
2.37359e-06	19
2.37831e-06	19
2.38015e-06	19
2.40562e-06	19
2.40654e-06	19
2.41362e-06	19
2.41498e-06	19
2.44518e-06	19
2.45753e-06	19
2.49559e-06	19
2.5182e-06	19
2.52738e-06	19
2.56196e-06	19
2.57583e-06	19
2.66538e-06	19
2.67217e-06	19
2.68149e-06	19
2.68156e-06	19
2.69772e-06	19
2.73964e-06	19
2.74906e-06	19
2.9956e-06	19
3.05313e-06	19
3.07256e-06	19
3.11801e-06	19
3.11846e-06	19
3.14002e-06	19
3.14508e-06	19
3.1953e-06	19
3.23096e-06	19
3.29073e-06	19
3.42191e-06	19
3.48182e-06	19
3.5108e-06	19
3.5501e-06	19
3.60769e-06	19
3.64629e-06	19
3.67021e-06	19
3.67851e-06	19
3.68864e-06	19
3.70876e-06	19
3.84773e-06	19
3.85117e-06	19
3.92607e-06	19
4.01009e-06	19
4.10865e-06	19
4.16813e-06	19
4.17902e-06	19
4.39789e-06	19
4.40814e-06	19
4.51172e-06	19
4.51862e-06	19
4.52097e-06	19
4.56687e-06	19
4.61228e-06	19
4.62928e-06	19
4.743e-06	19
4.76655e-06	19
4.78922e-06	19
5.125e-06	19
5.17691e-06	19
5.32568e-06	19
5.49349e-06	19
5.55474e-06	19
5.5603e-06	19
5.56129e-06	19
5.63569e-06	19
5.93172e-06	19
6.04599e-06	19
6.07399e-06	19
6.21003e-06	19
6.50712e-06	19
6.68179e-06	19
7.15e-06	19
7.51455e-06	19
7.57065e-06	19
7.77026e-06	19
7.90895e-06	19
8.10398e-06	19
8.12704e-06	19
8.57166e-06	19
8.68616e-06	19
9.12676e-06	19
9.50678e-06	19
9.54042e-06	19
1.00674e-05	19
1.04472e-05	19
1.0516e-05	19
1.05336e-05	19
1.0579e-05	19
1.08221e-05	19
1.08398e-05	19
1.08548e-05	19
1.13384e-05	19
1.14524e-05	19
1.16408e-05	19
1.16673e-05	19
1.17794e-05	19
1.19013e-05	19
1.20323e-05	19
1.22326e-05	19
1.22678e-05	19
1.27258e-05	19
1.27851e-05	19
1.28316e-05	19
1.30163e-05	19
1.34809e-05	19
1.37426e-05	19
1.38669e-05	19
1.407e-05	19
1.41783e-05	19
1.46782e-05	19
1.48769e-05	19
1.53221e-05	19
1.54168e-05	19
1.55209e-05	19
1.57246e-05	19
1.61968e-05	19
1.67722e-05	19
1.73566e-05	19
1.76454e-05	19
1.89687e-05	19
1.91088e-05	19
1.93118e-05	19
1.93585e-05	19
2.06486e-05	19
2.18208e-05	19
2.18937e-05	19
2.26273e-05	19
2.32748e-05	19
2.36336e-05	19
2.39878e-05	19
2.40817e-05	19
2.42367e-05	19
2.52345e-05	19
2.54537e-05	19
2.54595e-05	19
2.63906e-05	19
2.68609e-05	19
2.89189e-05	19
2.91311e-05	19
2.94343e-05	19
3.03148e-05	19
3.06989e-05	19
3.07011e-05	19
3.08407e-05	19
3.09472e-05	19
3.14053e-05	19
3.22232e-05	19
3.22763e-05	19
3.23195e-05	19
3.30839e-05	19
3.34205e-05	19
3.4419e-05	19
3.44723e-05	19
3.49061e-05	19
3.4942e-05	19
3.63319e-05	19
3.82176e-05	19
3.88846e-05	19
3.94928e-05	19
3.95041e-05	19
3.97955e-05	19
4.00963e-05	19
4.0498e-05	19
4.11608e-05	19
4.20585e-05	19
4.26993e-05	19
4.27576e-05	19
4.35289e-05	19
4.36781e-05	19
4.3956e-05	19
4.82237e-05	19
4.85914e-05	19
4.91673e-05	19
5.07393e-05	19
5.12004e-05	19
5.13602e-05	19
5.16541e-05	19
5.35022e-05	19
5.38682e-05	19
5.50389e-05	19
5.51479e-05	19
5.52132e-05	19
5.53339e-05	19
5.61743e-05	19
5.72385e-05	19
5.95378e-05	19
5.96805e-05	19
5.97442e-05	19
6.03454e-05	19
6.21284e-05	19
6.22512e-05	19
6.27759e-05	19
6.28303e-05	19
6.29038e-05	19
6.37768e-05	19
6.39449e-05	19
6.50527e-05	19
6.94083e-05	19
6.98679e-05	19
7.15604e-05	19
7.19042e-05	19
7.23664e-05	19
7.32833e-05	19
7.46636e-05	19
7.5735e-05	19
7.58526e-05	19
7.76709e-05	19
7.98022e-05	19
8.47127e-05	19
8.4921e-05	19
8.57181e-05	19
8.58102e-05	19
8.60678e-05	19
8.70011e-05	19
8.86669e-05	19
8.90653e-05	19
8.9428e-05	19
8.94921e-05	19
9.47363e-05	19
9.54677e-05	19
9.56185e-05	19
9.56483e-05	19
9.58711e-05	19
9.76982e-05	19
9.78453e-05	19
0.00010039	19
0.000101769	19
0.000101861	19
0.000102891	19
0.000103733	19
0.000103912	19
0.000107256	19
0.00010927	19
0.000112442	19
0.000117011	19
0.000117409	19
0.000119152	19
0.000119238	19
0.000122934	19
0.000125322	19
0.00012545	19
0.000136055	19
0.000142139	19
0.000146101	19
0.000147896	19
0.000151708	19
0.000152678	19
0.000156587	19
0.000160901	19
0.000162196	19
0.000172715	19
0.000172837	19
0.000174006	19
0.000181415	19
0.000185688	19
0.000194489	19
0.000249341	19
0.000251134	19
0.000264012	19
0.000343351	19
0.000511151	19
0.00104713	19
0.00105179	19
0.0010518	19
0.00105213	19
0.00105555	19
0.00389882	19
0.00389903	19
0.0038991	19
0.00390003	19
0.00390011	19
0.00390029	19
0.00390059	19
0.00390071	19
0.00390075	19
0.00390077	19
0.00390098	19
0.00390113	19
0.00390123	19
0.00390144	19
0.00390177	19
0.00390188	19
0.00390204	19
0.0039033	19
0.00390381	19
0.00390404	19
0.00390544	19
0.00390568	19
0.00390569	19
0.00390858	19
0.00391062	19
0.00391106	19
0.00391404	19
0.00391405	19
0.00391505	19
0.00391526	19
0.00391569	19
0.0039173	19
0.00391747	19
0.00391833	19
0.00391881	19
0.00392198	19
0.00392266	19
0.00392418	19
0.00392431	19
0.00392454	19
0.00392486	19
0.00392776	19
0.00393229	19
0.00394081	19
0.0039411	19
0.00394122	19
0.00394317	19
0.0039575	19
0.00396177	19
0.00396533	19
0.00396566	19
0.00397122	19
0.00398114	19
0.00398906	19
0.00399354	19
0.00399545	19
0.00400928	19
0.00402336	19
0.0040239	19
0.00402407	19
0.00402412	19
0.00405787	19
0.00406057	19
0.00406732	19
0.00409963	19
0.00411012	19
0.0041308	19
0.00416094	19
0.00416097	19
0.00416105	19
0.00416141	19
0.00416142	19
0.00416143	19
0.00416152	19
0.00416254	19
0.00416413	19
0.00416476	19
0.00416517	19
0.0041656	19
0.00416606	19
0.00416613	19
0.00416669	19
0.00416685	19
0.00417515	19
0.00422136	19
0.00424231	19
0.00434962	19
0.00448972	19
0.00448997	19
0.00449001	19
0.00449001	19
0.00449005	19
0.00449023	19
0.00449071	19
0.0044909	19
0.00449091	19
0.00449119	19
0.00449124	19
0.00449533	19
0.00449732	19
0.00450558	19
0.00451948	19
0.0045201	19
0.00562549	19
0.00565807	19
0.00566605	19
0.0068475	19
0.00684809	19
0.00684893	19
0.00684899	19
0.00684908	19
0.00684949	19
0.00684987	19
0.00685001	19
0.00685018	19
0.00685031	19
0.00685037	19
0.00685047	19
0.00685126	19
0.00685226	19
0.00685244	19
0.00685276	19
0.00685296	19
0.00685446	19
0.00685525	19
0.00685819	19
0.00685847	19
0.0068586	19
0.006862	19
0.00686249	19
0.00686521	19
0.00686558	19
0.00686837	19
0.00687029	19
0.00687197	19
0.00687464	19
0.00688356	19
0.00763615	19
0.00763802	19
0.00763861	19
0.00764246	19
0.00764939	19
0.00765224	19
0.00765488	19
0.00766165	19
0.00768081	19
0.00768624	19
0.00785011	19
0.00808282	19
0.00808307	19
0.00810804	19
0.00811518	19
0.00819073	19
0.00819793	19
0.00822018	19
0.00822745	19
0.00823147	19
0.00823667	19
0.00829234	19
0.00843709	19
0.00844696	19
0.00848764	19
0.00856866	19
0.00865847	19
0.00867666	19
0.00870589	19
0.00871569	19
0.00881199	19
0.00887492	19
0.00896639	19
0.0089703	19
0.00897255	19
0.00898646	19
0.00898943	19
0.00901544	19
0.00901903	19
0.00903032	19
0.00904602	19
0.009049	19
0.00906255	19
0.00906625	19
0.00911147	19
0.0091311	19
0.00913719	19
0.00914087	19
0.00914615	19
0.00917852	19
0.00920919	19
0.00922993	19
0.0092538	19
0.00927085	19
0.00927295	19
0.00928847	19
0.00929673	19
0.00930746	19
0.00930838	19
0.00931282	19
0.00931293	19
0.00931339	19
0.00931461	19
0.00936464	19
0.00938429	19
0.00951275	19
0.00951981	19
0.00961657	19
0.0096179	19
0.00971471	19
0.00999127	19
0.0101585	19
0.0101761	19
0.0102891	19
0.0102922	19
0.0103212	19
0.0103371	19
0.0104054	19
0.0105914	19
0.0111981	19
0.0113369	19
0.0123312	19
0.012356	19
0.0129972	19
0.0129974	19
0.0129975	19
0.0129975	19
0.0129976	19
0.0129979	19
0.0129983	19
0.0129984	19
0.0129985	19
0.0129989	19
0.0129994	19
0.0129995	19
0.0129997	19
0.0130003	19
0.0130007	19
0.0130009	19
0.013001	19
0.013002	19
0.0130022	19
0.0130024	19
0.0130027	19
0.0130033	19
0.0130037	19
0.0130058	19
0.0130061	19
0.0130062	19
0.0130088	19
0.013009	19
0.0130091	19
0.0130092	19
0.0130093	19
0.0130105	19
0.0130121	19
0.0130137	19
0.0130148	19
0.0130151	19
0.0130153	19
0.0130186	19
0.0130208	19
0.0130249	19
0.0130256	19
0.0130273	19
0.0130285	19
0.0130294	19
0.013037	19
0.0130403	19
0.0130511	19
0.0130645	19
0.0137484	19
0.0140908	19
0.0141437	19
0.0147427	19
0.0147428	19
0.0147431	19
0.0147438	19
0.0147439	19
0.0147442	19
0.0147444	19
0.0147447	19
0.0147492	19
0.0147514	19
0.0147514	19
0.0147566	19
0.0147587	19
0.0147598	19
0.0147652	19
0.0147655	19
0.0147715	19
0.0147719	19
0.0147722	19
0.0147738	19
0.0147789	19
0.01478	19
0.0147929	19
0.0148111	19
0.0150193	19
0.0171706	19
0.0171713	19
0.0171713	19
0.0171714	19
0.0171717	19
0.0171719	19
0.0171744	19
0.0171955	19
0.0171991	19
0.0172032	19
0.0172053	19
0.0172061	19
0.0172091	19
0.0172154	19
0.0172242	19
0.0172258	19
0.0172267	19
0.0172294	19
0.0172323	19
0.0172563	19
0.0172564	19
0.017271	19
0.0172895	19
0.017327	19
0.0173327	19
0.0173576	19
0.0174002	19
0.0174021	19
0.0174021	19
0.0174022	19
0.0174023	19
0.0174027	19
0.0174028	19
0.0174028	19
0.0174031	19
0.0174039	19
0.017404	19
0.0174044	19
0.0174044	19
0.0174045	19
0.0174048	19
0.017405	19
0.0174054	19
0.0174058	19
0.0174069	19
0.0174075	19
0.0174078	19
0.0174083	19
0.0174084	19
0.0174085	19
0.0174119	19
0.0174125	19
0.0174147	19
0.0174164	19
0.0174166	19
0.0174183	19
0.0174196	19
0.0174203	19
0.0174205	19
0.0174213	19
0.0174233	19
0.0174246	19
0.0174262	19
0.0174366	19
0.0174414	19
0.0174431	19
0.0174512	19
0.0174599	19
0.0174678	19
0.0174692	19
0.0174942	19
0.0175035	19
0.017516	19
0.0175428	19
0.0175475	19
0.0175537	19
0.0175588	19
0.0175892	19
0.0175911	19
0.0176178	19
0.0176426	19
0.0177266	19
0.0177593	19
0.0178301	19
0.0178479	19
0.0178505	19
0.0179392	19
0.0181124	19
0.0182446	19
0.0182713	19
0.0184659	19
0.018481	19
0.018529	19
0.0196601	19
0.0196604	19
0.0196612	19
0.0196613	19
0.0196643	19
0.0196651	19
0.0196662	19
0.0196663	19
0.0196667	19
0.0196672	19
0.0196677	19
0.0196689	19
0.0196692	19
0.0196719	19
0.0196724	19
0.0196735	19
0.0196739	19
0.0196741	19
0.0196756	19
0.0196772	19
0.0196835	19
0.0196847	19
0.019685	19
0.0196926	19
0.0196942	19
0.0196958	19
0.019703	19
0.0197055	19
0.0197101	19
0.0197148	19
0.0197346	19
0.0197411	19
0.0197422	19
0.0197554	19
0.0197556	19
0.0197762	19
0.0197768	19
0.019799	19
0.0198257	19
0.0198456	19
0.0198874	19
0.0199584	19
0.0199671	19
0.0200078	19
0.0200127	19
0.0201701	19
0.0202688	19
0.0202694	19
0.0202728	19
0.0202809	19
0.0202833	19
0.0202834	19
0.0202859	19
0.0202892	19
0.0202898	19
0.0202902	19
0.0202922	19
0.0202993	19
0.0203072	19
0.0203191	19
0.0203206	19
0.0203388	19
0.0203497	19
0.020361	19
0.0203918	19
0.020404	19
0.0205352	19
0.0205376	19
0.0205402	19
0.0207762	19
0.0207823	19
0.020815	19
0.0208661	19
0.0208683	19
0.0211497	19
0.0211636	19
0.0211647	19
0.0211675	19
0.0211851	19
0.0211869	19
0.0212041	19
0.0212071	19
0.0212212	19
0.0212408	19
0.0212463	19
0.021254	19
0.0212603	19
0.0212792	19
0.021282	19
0.021288	19
0.0213102	19
0.0213537	19
0.0213567	19
0.0213623	19
0.0213967	19
0.0217846	19
0.0218254	19
0.0218305	19
0.0218619	19
0.0219096	19
0.0220122	19
0.0220949	19
0.0220951	19
0.0220952	19
0.0220956	19
0.0220956	19
0.0220961	19
0.0220964	19
0.0220965	19
0.0220967	19
0.0220967	19
0.0220968	19
0.022097	19
0.0220971	19
0.0220976	19
0.0220976	19
0.0220981	19
0.0220983	19
0.0220984	19
0.0220984	19
0.0220987	19
0.0220992	19
0.0220994	19
0.0221004	19
0.0221006	19
0.0221007	19
0.0221009	19
0.0221022	19
0.0221024	19
0.0221029	19
0.022103	19
0.0221032	19
0.0221043	19
0.022105	19
0.0221051	19
0.0221055	19
0.0221055	19
0.0221074	19
0.0221079	19
0.0221085	19
0.0221108	19
0.0221111	19
0.0221111	19
0.0221112	19
0.0221158	19
0.0221158	19
0.022116	19
0.0221247	19
0.0221257	19
0.0221289	19
0.0221374	19
0.0221381	19
0.0221962	19
0.0223112	19
0.0224405	19
0.0232873	19
0.0233376	19
0.0236753	19
0.0236994	19
0.0240902	19
0.0240915	19
0.0240928	19
0.0240928	19
0.0240963	19
0.0240966	19
0.0240997	19
0.0241011	19
0.024107	19
0.0241092	19
0.0241099	19
0.0241199	19
0.0241208	19
0.0241215	19
0.0241241	19
0.024137	19
0.0241917	19
0.0241964	19
0.0241982	19
0.0242022	19
0.0242023	19
0.024206	19
0.024209	19
0.0242146	19
0.0242369	19
0.0242542	19
0.0243387	19
0.0250576	19
0.0250587	19
0.0250591	19
0.0250599	19
0.0250605	19
0.0250611	19
0.0250622	19
0.0250628	19
0.0250632	19
0.0250638	19
0.0250638	19
0.0250644	19
0.025067	19
0.025067	19
0.0250674	19
0.0250692	19
0.0250693	19
0.0250695	19
0.0250711	19
0.0250803	19
0.0250809	19
0.0250832	19
0.0250844	19
0.0250849	19
0.0250904	19
0.0251005	19
0.0251177	19
0.0251231	19
0.0251311	19
0.0261673	19
0.0263243	19
0.0263244	19
0.0263248	19
0.0263248	19
0.0263249	19
0.0263258	19
0.0263258	19
0.0263258	19
0.0263259	19
0.0263262	19
0.0263268	19
0.0263271	19
0.0263274	19
0.0263277	19
0.0263283	19
0.0263286	19
0.0263289	19
0.0263295	19
0.0263299	19
0.0263308	19
0.0263311	19
0.0263317	19
0.0263333	19
0.0263335	19
0.0263348	19
0.0263385	19
0.0263385	19
0.0263389	19
0.0263398	19
0.0263402	19
0.0263466	19
0.0263479	19
0.0263482	19
0.0263513	19
0.0263525	19
0.0263525	19
0.0263549	19
0.0263564	19
0.0263564	19
0.0263648	19
0.026365	19
0.0263869	19
0.0263924	19
0.0264117	19
0.0265609	19
0.0266006	19
0.0266671	19
0.0266872	19
0.0267594	19
0.026769	19
0.0267753	19
0.0267827	19
0.0267933	19
0.0267946	19
0.0268027	19
0.0268067	19
0.0268353	19
0.026839	19
0.0274502	19
0.0274513	19
0.0274593	19
0.0274774	19
0.0274878	19
0.0274882	19
0.0274883	19
0.0274886	19
0.0274901	19
0.0274925	19
0.0274959	19
0.0275008	19
0.0275025	19
0.0275051	19
0.0275056	19
0.0275099	19
0.0275169	19
0.0275226	19
0.0275277	19
0.0275309	19
0.0275381	19
0.0275398	19
0.0275501	19
0.0275518	19
0.0275519	19
0.0275545	19
0.0275549	19
0.0275555	19
0.0275565	19
0.027557	19
0.027559	19
0.0275605	19
0.027562	19
0.0275654	19
0.0275664	19
0.0275674	19
0.0275677	19
0.0275699	19
0.0275736	19
0.0275791	19
0.0275813	19
0.0275838	19
0.0275847	19
0.0275889	19
0.027598	19
0.0276015	19
0.027602	19
0.0276273	19
0.0276379	19
0.027729	19
0.0285118	19
0.0285123	19
0.0285126	19
0.0285129	19
0.0285129	19
0.028514	19
0.0285163	19
0.0285169	19
0.0285211	19
0.0285235	19
0.0285243	19
0.0285384	19
0.0285467	19
0.0285469	19
0.0285612	19
0.028562	19
0.028618	19
0.0286188	19
0.029203	19
0.0292085	19
0.0292092	19
0.0292116	19
0.0311392	19
0.0311392	19
0.0311399	19
0.0311402	19
0.0311404	19
0.0311405	19
0.0311406	19
0.0311407	19
0.0311407	19
0.0311407	19
0.0311408	19
0.0311414	19
0.031142	19
0.0311425	19
0.0311426	19
0.0311428	19
0.031143	19
0.0311432	19
0.0311433	19
0.0311433	19
0.0311436	19
0.0311437	19
0.0311441	19
0.0311441	19
0.0311454	19
0.0311461	19
0.0311462	19
0.0311467	19
0.0311468	19
0.0311476	19
0.0311487	19
0.0311487	19
0.0311488	19
0.0311492	19
0.0311495	19
0.0311498	19
0.0311499	19
0.0311503	19
0.0311503	19
0.0311513	19
0.0311517	19
0.0311534	19
0.0311536	19
0.0311546	19
0.0311564	19
0.0311571	19
0.0311585	19
0.0311594	19
0.0311596	19
0.031162	19
0.031162	19
0.0311624	19
0.0311631	19
0.0311647	19
0.0311658	19
0.0311664	19
0.0311693	19
0.0311702	19
0.0311703	19
0.0311705	19
0.0311715	19
0.0311719	19
0.0311758	19
0.0311795	19
0.0311814	19
0.0311835	19
0.0311935	19
0.0311955	19
0.031198	19
0.031199	19
0.0311998	19
0.0312006	19
0.0312055	19
0.031208	19
0.0312181	19
0.0312243	19
0.0312357	19
0.0312381	19
0.0312498	19
0.0312604	19
0.0312626	19
0.0312847	19
0.0312848	19
0.0312952	19
0.0313036	19
0.0313255	19
0.0313577	19
0.0313597	19
0.031365	19
0.0313659	19
0.0313661	19
0.0313732	19
0.0313975	19
0.0314287	19
0.0314536	19
0.031469	19
0.0315036	19
0.0315149	19
0.0315182	19
0.0315611	19
0.0316349	19
0.0316476	19
0.0316779	19
0.0316922	19
0.0317038	19
0.0317159	19
0.0317221	19
0.0317554	19
0.0317842	19
0.0318466	19
0.0318723	19
0.0318756	19
0.0319332	19
0.0319407	19
0.0319645	19
0.0320212	19
0.0320321	19
0.0320391	19
0.0320832	19
0.0321027	19
0.0321649	19
0.0322043	19
0.0323545	19
0.0323645	19
0.0324135	19
0.0325275	19
0.032565	19
0.0326156	19
0.0327008	19
0.0327358	19
0.0329063	19
0.0329064	19
0.0329065	19
0.0329069	19
0.0329074	19
0.0329075	19
0.0329078	19
0.0329079	19
0.0329082	19
0.0329083	19
0.0329084	19
0.0329086	19
0.0329086	19
0.0329089	19
0.0329094	19
0.03291	19
0.0329101	19
0.0329101	19
0.0329104	19
0.0329119	19
0.032912	19
0.032912	19
0.0329127	19
0.0329128	19
0.032913	19
0.0329135	19
0.0329136	19
0.032914	19
0.032914	19
0.0329149	19
0.0329154	19
0.0329164	19
0.0329165	19
0.0329189	19
0.0329193	19
0.0329196	19
0.0329198	19
0.0329199	19
0.0329204	19
0.0329205	19
0.0329233	19
0.0329239	19
0.0329252	19
0.0329261	19
0.0329295	19
0.0329298	19
0.0329346	19
0.0329349	19
0.0329366	19
0.032937	19
0.0329379	19
0.0329384	19
0.0329393	19
0.0329395	19
0.0329404	19
0.0329564	19
0.032969	19
0.0329763	19
0.032979	19
0.0329955	19
0.0330738	19
0.0331559	19
0.0337089	19
0.034203	19
0.0342037	19
0.034204	19
0.0342056	19
0.0342064	19
0.0342104	19
0.0342107	19
0.0342121	19
0.0342128	19
0.0342161	19
0.0342199	19
0.0342216	19
0.0342234	19
0.0342241	19
0.0342325	19
0.0342362	19
0.0342414	19
0.034243	19
0.0342541	19
0.0342596	19
0.0342614	19
0.0342727	19
0.0342745	19
0.0342791	19
0.0342799	19
0.0342804	19
0.0343049	19
0.0343107	19
0.0343313	19
0.0343357	19
0.0343535	19
0.0343609	19
0.0343688	19
0.0343845	19
0.0343904	19
0.0344105	19
0.0344514	19
0.0344816	19
0.0344828	19
0.0344842	19
0.0344846	19
0.034485	19
0.0344877	19
0.0344915	19
0.0344922	19
0.0344983	19
0.0344984	19
0.0344993	19
0.0344994	19
0.034504	19
0.0345074	19
0.0345076	19
0.0345076	19
0.0345099	19
0.0345186	19
0.0345204	19
0.034528	19
0.0345412	19
0.0345473	19
0.0345543	19
0.0345892	19
0.0345982	19
0.0346415	19
0.0346482	19
0.0346641	19
0.0346641	19
0.0346642	19
0.0346891	19
0.0346941	19
0.0347198	19
0.0347253	19
0.034764	19
0.0347667	19
0.0347866	19
0.03482	19
0.0348221	19
0.034847	19
0.0348485	19
0.0348487	19
0.03485	19
0.0348532	19
0.0348537	19
0.0348539	19
0.0348603	19
0.0348662	19
0.0348697	19
0.0348746	19
0.0348753	19
0.0348771	19
0.0348783	19
0.0349032	19
0.0349072	19
0.0349504	19
0.034974	19
0.0351118	19
0.035147	19
0.035191	19
0.0352352	19
0.0353031	19
0.0353158	19
0.0354244	19
0.0354881	19
0.0355857	19
0.0355958	19
0.0356188	19
0.0356988	19
0.0361102	19
0.0361259	19
0.0362311	19
0.0362313	19
0.0362314	19
0.0362314	19
0.0362315	19
0.036232	19
0.036232	19
0.0362324	19
0.0362324	19
0.0362326	19
0.0362326	19
0.0362327	19
0.036233	19
0.036233	19
0.0362332	19
0.0362334	19
0.0362338	19
0.0362338	19
0.0362341	19
0.0362342	19
0.036235	19
0.036235	19
0.0362357	19
0.0362358	19
0.0362358	19
0.0362358	19
0.0362358	19
0.0362358	19
0.0362359	19
0.0362359	19
0.0362363	19
0.0362373	19
0.0362383	19
0.0362388	19
0.0362392	19
0.03624	19
0.0362403	19
0.0362411	19
0.0362412	19
0.0362423	19
0.0362427	19
0.036243	19
0.0362436	19
0.0362445	19
0.0362445	19
0.0362447	19
0.0362459	19
0.0362463	19
0.0362465	19
0.0362492	19
0.0362497	19
0.0362502	19
0.0362506	19
0.036251	19
0.0362538	19
0.0362557	19
0.0362602	19
0.0362614	19
0.0362657	19
0.0362682	19
0.0362832	19
0.0363063	19
0.0363099	19
0.0363259	19
0.0363478	19
0.0363591	19
0.0363765	19
0.0364714	19
0.0365213	19
0.0366226	19
0.0366844	19
0.0369843	19
0.0371562	19
0.0374022	19
0.0381582	19
0.0381586	19
0.0381696	19
0.0382147	19
0.0382378	19
0.038312	19
0.0383269	19
0.0384025	19
0.038442	19
0.0384429	19
0.0386516	19
0.038664	19
0.038736	19
0.0387369	19
0.0387584	19
0.0387959	19
0.0388026	19
0.0388153	19
0.0388193	19
0.0388319	19
0.0388338	19
0.0388499	19
0.0388535	19
0.0388804	19
0.0389293	19
0.0389993	19
0.0390215	19
0.0390693	19
0.0390873	19
0.0391072	19
0.0391487	19
0.0391588	19
0.0392388	19
0.0392673	19
0.0393839	19
0.0393859	19
0.0393877	19
0.0393878	19
0.0393892	19
0.0393898	19
0.0393902	19
0.0393903	19
0.0393943	19
0.0393961	19
0.0394009	19
0.0394029	19
0.0394031	19
0.0394054	19
0.0394057	19
0.0394408	19
0.0394523	19
0.0394901	19
0.0395485	19
0.0395557	19
0.0395698	19
0.0395923	19
0.039701	19
0.0397474	19
0.0398394	19
0.0399234	19
0.0400468	19
0.0401073	19
0.0403469	19
0.0404547	19
0.0407158	19
0.0407207	19
0.0407221	19
0.0407231	19
0.0407365	19
0.0407382	19
0.0407398	19
0.0407411	19
0.0407444	19
0.0407549	19
0.0407696	19
0.0407706	19
0.0407826	19
0.0408041	19
0.0408108	19
0.0408194	19
0.0408225	19
0.0408522	19
0.0408823	19
0.040883	19
0.0408856	19
0.0409046	19
0.0409054	19
0.040908	19
0.0409161	19
0.0409301	19
0.0409351	19
0.0409383	19
0.0409507	19
0.0409521	19
0.0409564	19
0.0409574	19
0.0409629	19
0.0410254	19
0.0410273	19
0.0410309	19
0.0410318	19
0.04104	19
0.0410675	19
0.041069	19
0.041082	19
0.0410825	19
0.0411276	19
0.0411615	19
0.0412291	19
0.0412317	19
0.0412751	19
0.041299	19
0.0413039	19
0.0413606	19
0.0413797	19
0.0413982	19
0.041425	19
0.0414465	19
0.0414494	19
0.0414687	19
0.0415612	19
0.0415677	19
0.0415959	19
0.0416319	19
0.0416679	19
0.0416923	19
0.0417217	19
0.0417325	19
0.0417817	19
0.0418776	19
0.0419039	19
0.0419649	19
0.0419878	19
0.0421535	19
0.0421557	19
0.0421611	19
0.0421705	19
0.0421721	19
0.0421722	19
0.0421838	19
0.0421844	19
0.0421881	19
0.0421968	19
0.0422044	19
0.0422102	19
0.0422193	19
0.0422247	19
0.0422702	19
0.0422714	19
0.0422716	19
0.0422857	19
0.0422996	19
0.042308	19
0.0423119	19
0.0423281	19
0.0423384	19
0.0423833	19
0.0423925	19
0.0424036	19
0.0424095	19
0.0424202	19
0.0424216	19
0.0424339	19
0.0424398	19
0.0424439	19
0.0424772	19
0.042502	19
0.0425023	19
0.0425525	19
0.0425751	19
0.0425764	19
0.0426036	19
0.0426163	19
0.0426504	19
0.0426552	19
0.0426637	19
0.0427196	19
0.0427359	19
0.0427517	19
0.0427709	19
0.0427745	19
0.0427776	19
0.0427915	19
0.0428364	19
0.0428918	19
0.0429169	19
0.0429805	19
0.0430494	19
0.0431666	19
0.0431736	19
0.0432439	19
0.043257	19
0.0432596	19
0.0432617	19
0.0432618	19
0.0432636	19
0.0432658	19
0.0432658	19
0.0432672	19
0.0432729	19
0.043277	19
0.0432832	19
0.0432957	19
0.0432991	19
0.0433123	19
0.0433729	19
0.043373	19
0.0433731	19
0.0433736	19
0.0433737	19
0.0433739	19
0.0433748	19
0.0433749	19
0.0433751	19
0.043377	19
0.0433797	19
0.0433834	19
0.0433838	19
0.0433846	19
0.043392	19
0.0433932	19
0.0434029	19
0.043406	19
0.0434123	19
0.0434447	19
0.043458	19
0.0435291	19
0.0435547	19
0.0437549	19
0.0438066	19
0.0438138	19
0.0438522	19
0.0440988	19
0.0441008	19
0.0441028	19
0.0441067	19
0.0441094	19
0.0441245	19
0.044129	19
0.0441322	19
0.0441388	19
0.0441743	19
0.0443425	19
0.0447029	19
0.044801	19
0.0449965	19
0.0450029	19
0.0450652	19
0.0455491	19
0.0456674	19
0.0456694	19
0.0456848	19
0.0464838	19
0.0465324	19
0.0465331	19
0.051574	19
0.051574	19
0.0515741	19
0.0515743	19
0.0515744	19
0.0515747	19
0.0515775	19
0.051578	19
0.051578	19
0.0515784	19
0.0515787	19
0.0515792	19
0.0515804	19
0.0515808	19
0.0515828	19
0.0515829	19
0.0515832	19
0.0515846	19
0.051585	19
0.0515878	19
0.0515883	19
0.0515891	19
0.0515899	19
0.0515915	19
0.0515929	19
0.051593	19
0.0515931	19
0.0515953	19
0.0516044	19
0.0516058	19
0.0516143	19
0.0516158	19
0.0516196	19
0.0516204	19
0.0516287	19
0.0516323	19
0.0516329	19
0.0516404	19
0.0516468	19
0.0516487	19
0.0516517	19
0.0516522	19
0.0516734	19
0.0516737	19
0.0516751	19
0.0516771	19
0.0516854	19
0.051688	19
0.0516947	19
0.051695	19
0.0516961	19
0.0517225	19
0.0517251	19
0.0517363	19
0.0517384	19
0.0517398	19
0.0517437	19
0.051758	19
0.0517591	19
0.0517734	19
0.0517745	19
0.0517874	19
0.0517904	19
0.051792	19
0.0518065	19
0.0518081	19
0.0518128	19
0.051821	19
0.0518218	19
0.0518329	19
0.0518336	19
0.051836	19
0.0518631	19
0.0518722	19
0.0518827	19
0.051883	19
0.0519044	19
0.0519059	19
0.0519141	19
0.0519143	19
0.0519437	19
0.0519536	19
0.0519589	19
0.0519793	19
0.0519982	19
0.0519994	19
0.0520002	19
0.0520077	19
0.0520144	19
0.0520228	19
0.0520264	19
0.0520366	19
0.0520616	19
0.05207	19
0.0520812	19
0.0520851	19
0.0520891	19
0.0521154	19
0.0521427	19
0.0521547	19
0.052155	19
0.0521562	19
0.0521743	19
0.0521967	19
0.0521968	19
0.0522037	19
0.0522185	19
0.0522505	19
0.0522599	19
0.0522689	19
0.052328	19
0.0523415	19
0.0523592	19
0.0523597	19
0.0523789	19
0.0523875	19
0.0524264	19
0.0524299	19
0.0524301	19
0.0525079	19
0.0525282	19
0.0526021	19
0.0526258	19
0.0526343	19
0.0527144	19
0.0528783	19
0.0528887	19
0.0529122	19
0.0530094	19
0.0530162	19
0.0530285	19
0.0531596	19
0.0531971	19
0.0532168	19
0.0532414	19
0.0532754	19
0.0536825	19
0.053857	19
0.0538638	19
0.0538646	19
0.0538736	19
0.0538752	19
0.0538794	19
0.0538801	19
0.053883	19
0.0538943	19
0.0539203	19
0.0542745	19
0.0546937	19
0.0548589	19
0.0549776	19
0.056287	19
0.0568648	19
0.0576859	19
0.0578331	19
0.0579471	19
0.0579549	19
0.0579598	19
0.0630181	19
0.0630182	19
0.0630184	19
0.0630195	19
0.0630198	19
0.0630199	19
0.0630206	19
0.0630214	19
0.0630221	19
0.0630222	19
0.0630226	19
0.0630241	19
0.0630242	19
0.0630244	19
0.0630252	19
0.0630274	19
0.063028	19
0.0630284	19
0.063031	19
0.0630311	19
0.0630323	19
0.0630324	19
0.063033	19
0.0630338	19
0.0630443	19
0.0630648	19
0.063068	19
0.0630766	19
0.0631014	19
0.063105	19
0.0631075	19
0.0649999	19
0.0650001	19
0.0650002	19
0.0650004	19
0.0650004	19
0.0650005	19
0.0650006	19
0.0650006	19
0.0650008	19
0.0650014	19
0.0650022	19
0.0650023	19
0.0650025	19
0.0650027	19
0.0650031	19
0.0650042	19
0.0650045	19
0.0650056	19
0.0650056	19
0.0650063	19
0.0650074	19
0.0650078	19
0.0650081	19
0.0650086	19
0.0650086	19
0.0650088	19
0.0650091	19
0.0650096	19
0.0650104	19
0.065012	19
0.0650128	19
0.0650134	19
0.0650135	19
0.0650143	19
0.0650183	19
0.0650285	19
0.0650287	19
0.0650299	19
0.0650363	19
0.0650428	19
0.0650515	19
0.0650583	19
0.0650812	19
0.0651062	19
0.0651155	19
0.0651197	19
0.0651271	19
0.0667356	19
0.0668344	19
0.0668358	19
0.0669647	19
0.0670179	19
0.0674002	19
0.0675085	19
0.0697796	19
0.0697853	19
0.069812	19
0.0699281	19
0.0699288	19
0.0716538	19
0.0719887	19
0.0720076	19
0.0720077	19
0.0720113	19
0.0723942	19
0.0753855	19
0.0754665	19
0.0754714	19
0.0755094	19
0.0773451	19
0.0773598	19
0.0775129	19
0.0775502	19
0.078595	19
0.0786356	19
0.0877465	19
0.087747	19
0.0877476	19
0.0877506	19
0.0877508	19
0.0878097	19
0.0878194	19
0.0878592	19
0.0880562	19
0.0896833	19
0.089715	19
0.0897382	19
0.0900635	19
0.0950632	19
0.0950654	19
0.0950839	19
0.0950939	19
0.0987417	19
0.0987417	19
0.098743	19
0.0987439	19
0.0987971	19
0.0988316	19
0.0988358	19
0.101657	19
0.10172	19
0.101766	19
0.101766	19
0.101943	19
0.101966	19
0.101967	19
0.102003	19
0.102004	19
0.102012	19
0.105131	19
0.105134	19
0.10518	19
0.10518	19
0.107871	19
0.107873	19
0.107904	19
0.107905	19
0.107932	19
0.108571	19
0.108572	19
0.108585	19
0.108733	19
0.108737	19
0.108743	19
0.108792	19
0.108796	19
0.10981	19
0.109824	19
0.10983	19
0.109831	19
0.109832	19
0.109884	19
0.111057	19
0.111064	19
0.111075	19
0.111164	19
0.111846	19
0.111854	19
0.111936	19
0.111987	19
0.111998	19
0.112055	19
0.112651	19
0.112651	19
0.112772	19
0.112772	19
0.113126	19
0.113334	19
0.11334	19
0.115982	19
0.115983	19
0.116028	19
0.116075	19
0.117288	19
0.117288	19
0.117313	19
0.117314	19
0.117385	19
0.117389	19
0.117882	19
0.117899	19
0.117945	19
0.117964	19
0.117965	19
0.118786	19
0.118875	19
0.118875	19
0.121608	19
0.12165	19
0.121656	19
0.123525	19
0.123589	19
0.123605	19
0.124759	19
0.124781	19
0.124784	19
0.124791	19
0.124843	19
0.124849	19
0.127133	19
0.128334	19
0.128369	19
0.128411	19
0.12842	19
0.128485	19
0.128564	19
0.128565	19
0.128566	19
0.129174	19
0.129203	19
0.129203	19
0.129341	19
0.130583	19
0.130583	19
0.130588	19
0.130688	19
0.130707	19
0.130708	19
0.134883	19
0.135099	19
0.135105	19
0.136858	19
0.136895	19
0.136899	19
0.137667	19
0.137673	19
0.142691	19
0.142753	19
0.142762	19
0.143217	19
0.143331	19
0.143334	19
0.145888	19
0.1459	19
0.145901	19
0.146148	19
0.146294	19
0.146355	19
0.146651	19
0.146711	19
0.147302	19
0.147381	19
0.147426	19
0.147428	19
0.148221	19
0.148226	19
0.148277	19
0.148285	19
0.148301	19
0.148354	19
0.14944	19
0.152271	19
0.156151	19
0.156869	19
0.156972	19
0.157012	19
0.157013	19
0.163918	19
0.163918	19
0.163919	19
0.163935	19
0.163936	19
0.164621	19
0.164663	19
0.164665	19
0.172625	19
0.173266	19
0.173266	19
0.173288	19
0.173295	19
0.173789	19
0.173804	19
0.173835	19
0.173917	19
0.173955	19
0.173962	19
0.174381	19
0.176885	19
0.179079	19
0.179083	19
0.179126	19
0.185216	19
0.185237	19
0.185237	19
0.187997	19
0.187997	19
0.187997	19
0.187997	19
0.187998	19
0.188003	19
0.18804	19
0.188117	19
0.188123	19
0.188238	19
0.188276	19
0.190712	19
0.190716	19
0.190741	19
0.190762	19
0.19767	19
0.19767	19
0.197671	19
0.197955	19
0.197957	19
0.198763	19
0.200548	19
0.200571	19
0.200578	19
0.200602	19
0.200604	19
0.200632	19
0.200634	19
0.20603	19
0.20603	19
0.206031	19
0.206032	19
0.206041	19
0.206047	19
0.206117	19
0.208566	19
0.208569	19
0.208717	19
0.209199	19
0.209212	19
0.209261	19
0.209454	19
0.209467	19
0.209612	19
0.209614	19
0.211795	19
0.211804	19
0.211806	19
0.211941	19
0.211968	19
0.21197	19
0.211976	19
0.213567	19
0.213584	19
0.213736	19
0.213739	19
0.218769	19
0.218806	19
0.218807	19
0.220875	19
0.221007	19
0.22101	19
0.221114	19
0.221121	19
0.221213	19
0.221214	19
0.224467	19
0.224555	19
0.224555	19
0.228062	19
0.228062	19
0.228066	19
0.228072	19
0.228183	19
0.233726	19
0.234038	19
0.234041	19
0.235397	19
0.235687	19
0.23847	19
0.23847	19
0.238481	19
0.238481	19
0.238546	19
0.242769	19
0.242771	19
0.244894	19
0.244971	19
0.244979	19
0.247958	19
0.247978	19
0.247979	19
0.250803	19
0.250834	19
0.250848	19
0.252012	19
0.252101	19
0.252102	19
0.267421	19
0.267422	19
0.267509	19
0.267509	19
0.267528	19
0.26908	19
0.269081	19
0.269117	19
0.277777	19
0.277777	19
0.277779	19
0.277782	19
0.277845	19
0.27815	19
0.279866	19
0.279903	19
0.279906	19
0.283058	19
0.283058	19
0.283105	19
0.28311	19
0.285894	19
0.288011	19
0.288021	19
0.288021	19
0.28804	19
0.288044	19
0.289545	19
0.289656	19
0.289656	19
0.291983	19
0.292031	19
0.292048	19
0.292066	19
0.292111	19
0.292119	19
0.292138	19
0.295708	19
0.295718	19
0.295719	19
0.295757	19
0.295811	19
0.296666	19
0.298003	19
0.298139	19
0.30347	19
0.30347	19
0.303481	19
0.303553	19
0.303581	19
0.303582	19
0.306147	19
0.306404	19
0.306405	19
0.307067	19
0.30707	19
0.307194	19
0.307195	19
0.308192	19
0.30824	19
0.308242	19
0.309376	19
0.309439	19
0.309471	19
0.309472	19
0.310082	19
0.310084	19
0.310115	19
0.310118	19
0.311754	19
0.311792	19
0.311792	19
0.317774	19
0.319225	19
0.319594	19
0.319604	19
0.319622	19
0.324271	19
0.324317	19
0.324344	19
0.324406	19
0.324462	19
0.324466	19
0.327719	19
0.327719	19
0.333248	19
0.333249	19
0.333255	19
0.333256	19
0.333289	19
0.333292	19
0.333323	19
0.339189	19
0.339196	19
0.341271	19
0.341295	19
0.341305	19
0.347107	19
0.347175	19
0.347176	19
0.347504	19
0.347527	19
0.347538	19
0.351435	19
0.351467	19
0.351477	19
0.35625	19
0.35625	19
0.356322	19
0.35633	19
0.35785	19
0.358073	19
0.358075	19
0.359014	19
0.359031	19
0.359045	19
0.361814	19
0.361814	19
0.36188	19
0.361906	19
0.361942	19
0.371237	19
0.371237	19
0.37124	19
0.371279	19
0.371281	19
0.371918	19
0.37192	19
0.37192	19
0.372461	19
0.372461	19
0.372618	19
0.37262	19
0.374314	19
0.374322	19
0.374324	19
0.376816	19
0.376834	19
0.376834	19
0.377639	19
0.377801	19
0.377802	19
0.382225	19
0.382226	19
0.382226	19
0.382249	19
0.38234	19
0.382342	19
0.382513	19
0.382865	19
0.382865	19
0.383714	19
0.383735	19
0.383741	19
0.385366	19
0.385386	19
0.385469	19
0.38547	19
0.388327	19
0.388328	19
0.388366	19
0.388367	19
0.388386	19
0.388427	19
0.388429	19
0.404987	19
0.405218	19
0.415679	19
0.415779	19
0.41578	19
0.415828	19
0.420032	19
0.420033	19
0.420033	19
0.420036	19
0.420071	19
0.420139	19
0.42014	19
0.432824	19
0.432824	19
0.432915	19
0.432915	19
0.433074	19
0.433141	19
0.433142	19
0.449533	19
0.449533	19
0.449534	19
0.449752	19
0.44976	19
0.450078	19
0.452248	19
0.452265	19
0.452368	19
0.453815	19
0.459913	19
0.459939	19
0.45997	19
0.459974	19
0.460576	19
0.460601	19
0.460602	19
0.460611	19
0.460612	19
0.462533	19
0.462543	19
0.462547	19
0.466287	19
0.466294	19
0.466299	19
0.467441	19
0.467472	19
0.467474	19
0.468044	19
0.46805	19
0.468163	19
0.468169	19
0.475079	19
0.475079	19
0.475333	19
0.475344	19
0.478978	19
0.479025	19
0.479029	19
0.479123	19
0.479124	19
0.479128	19
0.489461	19
0.489461	19
0.489462	19
0.489492	19
0.489497	19
0.489536	19
0.489549	19
0.489554	19
0.490879	19
0.49091	19
0.49091	19
0.491371	19
0.491411	19
0.491416	19
0.493661	19
0.498909	19
0.498929	19
0.498943	19
0.498943	19
0.498947	19
0.498974	19
0.498975	19
0.498995	19
0.498996	19
0.50463	19
0.504634	19
0.504637	19
0.504766	19
0.50614	19
0.507386	19
0.507401	19
0.507401	19
0.511751	19
0.512122	19
0.51217	19
0.512173	19
0.513901	19
0.513996	19
0.513997	19
0.514064	19
0.514065	19
0.51704	19
0.528445	19
0.528451	19
0.534365	19
0.534366	19
0.534447	19
0.534449	19
0.535622	19
0.538217	19
0.53822	19
0.538221	19
0.538448	19
0.540197	19
0.540228	19
0.54024	19
0.542576	19
0.542672	19
0.542676	19
0.549354	19
0.549365	19
0.549384	19
0.557158	19
0.557201	19
0.557203	19
0.564177	19
0.564206	19
0.56421	19
0.564804	19
0.564814	19
0.564862	19
0.564871	19
0.571236	19
0.571244	19
0.571258	19
0.571276	19
0.571369	19
0.576932	19
0.576934	19
0.576936	19
0.577231	19
0.577264	19
0.577394	19
0.579251	19
0.57926	19
0.57931	19
0.579314	19
0.579491	19
0.57954	19
0.57959	19
0.584156	19
0.584157	19
0.584161	19
0.584292	19
0.584293	19
0.585817	19
0.585829	19
0.585832	19
0.585833	19
0.587864	19
0.587898	19
0.5879	19
0.589863	19
0.594928	19
0.594928	19
0.594929	19
0.595008	19
0.595009	19
0.597729	19
0.597746	19
0.597747	19
0.598114	19
0.598115	19
0.598115	19
0.598164	19
0.598166	19
0.600067	19
0.600097	19
0.600163	19
0.600164	19
0.603915	19
0.604059	19
0.604059	19
0.604126	19
0.604164	19
0.604164	19
0.605587	19
0.605595	19
0.605596	19
0.608533	19
0.614847	19
0.617124	19
0.617128	19
0.617169	19
0.61717	19
0.626963	19
0.626963	19
0.626964	19
0.626965	19
0.627016	19
0.627042	19
0.627044	19
0.635899	19
0.636039	19
0.636043	19
0.637775	19
0.637793	19
0.637803	19
0.637803	19
0.637803	19
0.637852	19
0.637853	19
0.637853	19
0.639155	19
0.639238	19
0.639239	19
0.645847	19
0.645863	19
0.64588	19
0.645887	19
0.648247	19
0.648322	19
0.648323	19
0.653557	19
0.653646	19
0.653647	19
0.656121	19
0.656193	19
0.656194	19
0.659762	19
0.659935	19
0.659938	19
0.660498	19
0.660552	19
0.660556	19
0.664108	19
0.664127	19
0.664129	19
0.66835	19
0.668434	19
0.668437	19
0.669903	19
0.670911	19
0.670943	19
0.673449	19
0.673488	19
0.673524	19
0.673525	19
0.680122	19
0.680234	19
0.680235	19
0.685302	19
0.685357	19
0.68536	19
0.685559	19
0.68556	19
0.688277	19
0.688375	19
0.688379	19
0.688381	19
0.696871	19
0.696877	19
0.696988	19
0.697004	19
0.698242	19
0.698247	19
0.698248	19
0.698802	19
0.698839	19
0.698839	19
0.701017	19
0.701026	19
0.701028	19
0.701113	19
0.701114	19
0.703431	19
0.703433	19
0.720424	19
0.720471	19
0.720538	19
0.720539	19
0.72972	19
0.729721	19
0.729829	19
0.729829	19
0.731199	19
0.735127	19
0.73514	19
0.735179	19
0.735181	19
0.740158	19
0.74019	19
0.740191	19
0.745644	19
0.745653	19
0.745653	19
0.745666	19
0.74567	19
0.749536	19
0.756444	19
0.756448	19
0.756459	19
0.756459	19
0.772841	19
0.776407	19
0.776455	19
0.776456	19
0.776489	19
0.782463	19
0.782467	19
0.788745	19
0.788751	19
0.788769	19
0.788783	19
0.788783	19
0.788919	19
0.788923	19
0.790247	19
0.790255	19
0.790258	19
0.791879	19
0.791964	19
0.791971	19
0.7927	19
0.794477	19
0.794574	19
0.797716	19
0.797741	19
0.797746	19
0.803018	19
0.803051	19
0.803053	19
0.806986	19
0.806987	19
0.80699	19
0.806999	19
0.807429	19
0.808383	19
0.80845	19
0.808473	19
0.808473	19
0.810547	19
0.810547	19
0.810554	19
0.810574	19
0.810576	19
0.810662	19
0.81071	19
0.811388	19
0.816859	19
0.816913	19
0.817037	19
0.817109	19
0.824937	19
0.82494	19
0.824997	19
0.826855	19
0.826855	19
0.826904	19
0.827693	19
0.834489	19
0.834532	19
0.834642	19
0.834644	19
0.840356	19
0.840363	19
0.840374	19
0.840399	19
0.849051	19
0.849058	19
0.849102	19
0.850318	19
0.855799	19
0.855801	19
0.855842	19
0.855844	19
0.856132	19
0.856794	19
0.857178	19
0.857255	19
0.85726	19
0.857262	19
0.859822	19
0.859872	19
0.859877	19
0.863804	19
0.863816	19
0.863816	19
0.863891	19
0.866722	19
0.866724	19
0.866759	19
0.871679	19
0.87179	19
0.871796	19
0.871813	19
0.885161	19
0.885161	19
0.885231	19
0.886494	19
0.888812	19
0.88888	19
0.888883	19
0.890252	19
0.890684	19
0.897948	19
0.898006	19
0.898029	19
0.898032	19
0.898101	19
0.89812	19
0.898174	19
0.900489	19
0.900489	19
0.90052	19
0.903986	19
0.903997	19
0.904006	19
0.904017	19
0.90695	19
0.907303	19
0.907343	19
0.907347	19
0.907362	19
0.907511	19
0.907515	19
0.907516	19
0.921301	19
0.921302	19
0.92134	19
0.921341	19
0.921341	19
0.946074	19
0.946074	19
0.946076	19
0.946108	19
0.94612	19
0.946592	19
0.946598	19
0.946617	19
0.950478	19
0.95048	19
0.950483	19
0.95051	19
0.959987	19
0.95999	19
0.96003	19
0.966454	19
0.966456	19
0.966514	19
0.967866	19
0.988408	19
0.988408	19
0.988409	19
0.988416	19
0.988482	19
0.993332	19
0.993335	19
0.993344	19
1.00132	19
1.00132	19
1.00132	19
1.00341	19
1.00344	19
1.00345	19
1.00353	19
1.0048	19
1.0048	19
1.0048	19
1.00549	19
1.00549	19
1.0055	19
1.01205	19
1.01205	19
1.01206	19
1.01208	19
1.01214	19
1.01217	19
1.01218	19
1.01666	19
1.01669	19
1.01675	19
1.01783	19
1.01919	19
1.01921	19
1.01925	19
1.03453	19
1.03453	19
1.03455	19
1.03456	19
1.03458	19
1.03462	19
1.03467	19
1.04124	19
1.04125	19
1.04148	19
1.04148	19
1.04172	19
1.04182	19
1.04182	19
1.04191	19
1.04194	19
1.04194	19
1.04279	19
1.04287	19
1.04287	19
1.04511	19
1.04525	19
1.04525	19
1.0494	19
1.04941	19
1.04941	19
1.05227	19
1.0599	19
1.05996	19
1.0613	19
1.0613	19
1.0615	19
1.0615	19
1.0615	19
1.06154	19
1.06773	19
1.07124	19
1.07125	19
1.07125	19
1.07132	19
1.07269	19
1.0911	19
1.09113	19
1.09114	19
1.09121	19
1.09724	19
1.09724	19
1.09746	19
1.1018	19
1.1018	19
1.1019	19
1.1019	19
1.1019	19
1.10264	19
1.10266	19
1.10266	19
1.11295	19
1.11876	19
1.11876	19
1.15163	19
1.15163	19
1.15163	19
1.15168	19
1.15169	19
1.15341	19
1.15343	19
1.15344	19
1.15344	19
1.15777	19
1.15777	19
1.15781	19
1.15794	19
1.15794	19
1.1595	19
1.1595	19
1.1595	19
1.17688	19
1.17688	19
1.17688	19
1.1769	19
1.1769	19
1.17733	19
1.17733	19
1.17734	19
1.17817	19
1.17828	19
1.17828	19
1.18361	19
1.18386	19
1.18386	19
1.18644	19
1.19187	19
1.19191	19
1.19193	19
1.19193	19
1.19368	19
1.19419	19
1.2034	19
1.2034	19
1.20349	19
1.2092	19
1.20927	19
1.20927	19
1.20939	19
1.22994	19
1.22994	19
1.23003	19
1.24719	19
1.24719	19
1.24719	19
1.24726	19
1.24727	19
1.24727	19
1.25173	19
1.25191	19
1.25191	19
1.26887	19
1.26887	19
1.26891	19
1.26891	19
1.26968	19
1.26977	19
1.26977	19
1.30048	19
1.30049	19
1.30049	19
1.30053	19
1.30053	19
1.3013	19
1.30177	19
1.30179	19
1.30183	19
1.30241	19
1.30242	19
1.30379	19
1.3038	19
1.3038	19
1.30613	19
1.30616	19
1.30624	19
1.30625	19
1.31517	19
1.31522	19
1.31523	19
1.31532	19
1.31533	19
1.31533	19
1.33015	19
1.33016	19
1.33025	19
1.33025	19
1.33367	19
1.34113	19
1.34121	19
1.34123	19
1.34123	19
1.35331	19
1.35331	19
1.35925	19
1.35925	19
1.35928	19
1.36267	19
1.36267	19
1.36269	19
1.3627	19
1.36272	19
1.36273	19
1.36273	19
1.36286	19
1.36286	19
1.36351	19
1.36356	19
1.36358	19
1.36358	19
1.36591	19
1.36598	19
1.36598	19
1.36994	19
1.37021	19
1.37021	19
1.37453	19
1.3746	19
1.3746	19
1.37954	19
1.37954	19
1.37954	19
1.39403	19
1.39411	19
1.39411	19
1.40142	19
1.40142	19
1.40142	19
1.40142	19
1.40506	19
1.40627	19
1.40633	19
1.4288	19
1.42881	19
1.42889	19
1.42889	19
1.42891	19
1.42891	19
1.42959	19
1.42961	19
1.42987	19
1.42987	19
1.43196	19
1.43205	19
1.43205	19
1.43206	19
1.43554	19
1.43556	19
1.43562	19
1.43562	19
1.43909	19
1.43918	19
1.43918	19
1.44144	19
1.45231	19
1.45245	19
1.46276	19
1.46276	19
1.46276	19
1.46503	19
1.46752	19
1.46766	19
1.4677	19
1.4677	19
1.46945	19
1.46948	19
1.46948	19
1.46949	19
1.4695	19
1.47529	19
1.47538	19
1.47538	19
1.47865	19
1.47865	19
1.47867	19
1.47867	19
1.48146	19
1.48149	19
1.4815	19
1.48362	19
1.48367	19
1.48379	19
1.4838	19
1.49558	19
1.49562	19
1.49562	19
1.50083	19
1.50097	19
1.50097	19
1.50718	19
1.50718	19
1.50723	19
1.50723	19
1.50935	19
1.50935	19
1.50936	19
1.50936	19
1.51734	19
1.51734	19
1.51734	19
1.51734	19
1.52726	19
1.52731	19
1.52732	19
1.52733	19
1.52748	19
1.52749	19
1.52764	19
1.53654	19
1.53671	19
1.53671	19
1.5481	19
1.5481	19
1.5481	19
1.54823	19
1.54824	19
1.55129	19
1.55138	19
1.55139	19
1.55319	19
1.55912	19
1.59144	19
1.59144	19
1.59144	19
1.59146	19
1.59146	19
1.59151	19
1.59151	19
1.59485	19
1.5949	19
1.5949	19
1.5949	19
1.61936	19
1.61936	19
1.61936	19
1.61936	19
1.61937	19
1.6332	19
1.6332	19
1.6332	19
1.63406	19
1.63415	19
1.63434	19
1.63434	19
1.64482	19
1.64487	19
1.64487	19
1.66466	19
1.66468	19
1.66468	19
1.66469	19
1.6648	19
1.66481	19
1.66494	19
1.66494	19
1.67068	19
1.67299	19
1.67299	19
1.67557	19
1.679	19
1.67905	19
1.67906	19
1.68142	19
1.68142	19
1.68142	19
1.68145	19
1.68145	19
1.69081	19
1.69084	19
1.69084	19
1.71016	19
1.71016	19
1.71017	19
1.71017	19
1.71018	19
1.71018	19
1.71178	19
1.71187	19
1.71187	19
1.71344	19
1.71346	19
1.71348	19
1.7144	19
1.7144	19
1.72446	19
1.72451	19
1.72451	19
1.72936	19
1.7349	19
1.7349	19
1.7349	19
1.73491	19
1.74396	19
1.74397	19
1.74398	19
1.74883	19
1.74885	19
1.74885	19
1.74929	19
1.75122	19
1.7513	19
1.75143	19
1.75838	19
1.75838	19
1.75838	19
1.75839	19
1.7584	19
1.76488	19
1.77027	19
1.77028	19
1.77028	19
1.77034	19
1.77036	19
1.77196	19
1.77864	19
1.7787	19
1.78307	19
1.78309	19
1.78309	19
1.78738	19
1.7874	19
1.7874	19
1.79013	19
1.79089	19
1.79094	19
1.79109	19
1.79109	19
1.79432	19
1.79435	19
1.79435	19
1.79438	19
1.7944	19
1.79523	19
1.79536	19
1.79536	19
1.80053	19
1.80061	19
1.80062	19
1.80091	19
1.80098	19
1.80101	19
1.80221	19
1.81068	19
1.81068	19
1.81077	19
1.81079	19
1.8186	19
1.81861	19
1.81861	19
1.8187	19
1.81871	19
1.82412	19
1.83588	19
1.83588	19
1.83596	19
1.83596	19
1.83599	19
1.83603	19
1.83928	19
1.83929	19
1.83931	19
1.83936	19
1.83991	19
1.83991	19
1.83995	19
1.83998	19
1.84243	19
1.84245	19
1.84246	19
1.84576	19
1.84578	19
1.84589	19
1.84591	19
1.85211	19
1.85214	19
1.85214	19
1.8533	19
1.85399	19
1.854	19
1.86139	19
1.86781	19
1.86787	19
1.86791	19
1.86791	19
1.87089	19
1.87091	19
1.87091	19
1.871	19
1.87105	19
1.87256	19
1.87261	19
1.87262	19
1.8785	19
1.88098	19
1.88099	19
1.88343	19
1.88347	19
1.88347	19
1.88368	19
1.88382	19
1.88567	19
1.88736	19
1.88748	19
1.88748	19
1.88963	19
1.88968	19
1.88968	19
1.88972	19
1.89403	19
1.89403	19
1.89403	19
1.89425	19
1.89738	19
1.89738	19
1.89748	19
1.90243	19
1.90246	19
1.90247	19
1.90251	19
1.91927	19
1.91928	19
1.91934	19
1.9257	19
1.9257	19
1.9257	19
1.93707	19
1.94322	19
1.94329	19
1.94329	19
1.97227	19
1.97227	19
1.97228	19
1.97228	19
1.97507	19
1.97517	19
1.97517	19
1.98425	19
1.98425	19
1.98426	19
1.98428	19
1.98434	19
1.98435	19
1.98447	19
1.98572	19
1.98574	19
1.98574	19
1.98579	19
1.99629	19
1.9963	19
1.9963	19
1.99635	19
2.0052	19
2.0052	19
2.0052	19
2.00717	19
2.00718	19
2.01223	19
2.0227	19
2.02271	19
2.02275	19
2.02276	19
2.0228	19
2.02398	19
2.02398	19
2.02398	19
2.02739	19
2.02739	19
2.02741	19
2.05363	19
2.05363	19
2.05363	19
2.05364	19
2.05365	19
2.05565	19
2.07629	19
2.07636	19
2.07636	19
2.07649	19
2.08429	19
2.08429	19
2.0843	19
2.08431	19
2.08437	19
2.10438	19
2.10441	19
2.10441	19
2.10449	19
2.10707	19
2.10708	19
2.11261	19
2.11262	19
2.11262	19
2.11262	19
2.11367	19
2.11372	19
2.11373	19
2.11378	19
2.1149	19
2.11648	19
2.1165	19
2.11651	19
2.1188	19
2.11883	19
2.11884	19
2.11893	19
2.13564	19
2.13675	19
2.13677	19
2.13677	19
2.13734	19
2.139	19
2.13904	19
2.13905	19
2.13905	19
2.13907	19
2.14128	19
2.14135	19
2.14135	19
2.14138	19
2.16661	19
2.16661	19
2.16661	19
2.18003	19
2.18003	19
2.18005	19
2.19901	19
2.19901	19
2.20471	19
2.20471	19
2.20472	19
2.20472	19
2.20474	19
2.20732	19
2.20737	19
2.20737	19
2.20742	19
2.2082	19
2.2082	19
2.20831	19
2.21093	19
2.21099	19
2.21099	19
2.21107	19
2.21252	19
2.21257	19
2.21258	19
2.21259	19
2.2204	19
2.22734	19
2.22742	19
2.22743	19
2.23162	19
2.23162	19
2.23164	19
2.23165	19
2.2324	19
2.23712	19
2.23725	19
2.23726	19
2.24581	19
2.24582	19
2.24582	19
2.26314	19
2.26315	19
2.26317	19
2.26318	19
2.26332	19
2.26442	19
2.26442	19
2.26461	19
2.26709	19
2.26711	19
2.26712	19
2.26712	19
2.27408	19
2.2741	19
2.2741	19
2.2741	19
2.27586	19
2.27587	19
2.27587	19
2.28041	19
2.28042	19
2.28043	19
2.28048	19
2.2859	19
2.29252	19
2.29656	19
2.29657	19
2.29657	19
2.29666	19
2.29666	19
2.29667	19
2.29668	19
2.29668	19
2.29668	19
2.29668	19
2.31837	19
2.31841	19
2.31842	19
2.31842	19
2.32291	19
2.33807	19
2.33807	19
2.33811	19
2.33811	19
2.33817	19
2.35036	19
2.35037	19
2.35038	19
2.3504	19
2.35152	19
2.35154	19
2.35154	19
2.35309	19
2.36124	19
2.36129	19
2.36129	19
2.37562	19
2.37562	19
2.37565	19
2.37566	19
2.37574	19
2.4135	19
2.4135	19
2.41352	19
2.41352	19
2.41355	19
2.41625	19
2.41841	19
2.41847	19
2.41848	19
2.41851	19
2.41981	19
2.41982	19
2.41982	19
2.42472	19
2.42473	19
2.42476	19
2.43781	19
2.44087	19
2.44087	19
2.44091	19
2.44122	19
2.46365	19
2.46366	19
2.46367	19
2.46373	19
2.46602	19
2.46604	19
2.46613	19
2.48095	19
2.48095	19
2.48096	19
2.481	19
2.48878	19
2.48882	19
2.49812	19
2.49817	19
2.49818	19
2.49825	19
2.49985	19
2.49986	19
2.49992	19
2.516	19
2.51606	19
2.51608	19
2.51609	19
2.52798	19
2.54207	19
2.54207	19
2.54208	19
2.54209	19
2.54579	19
2.54581	19
2.54581	19
2.55795	19
2.55797	19
2.55798	19
2.55799	19
2.56034	19
2.56037	19
2.56038	19
2.56039	19
2.56122	19
2.56123	19
2.56129	19
2.56173	19
2.56174	19
2.56176	19
2.57615	19
2.57615	19
2.57615	19
2.57617	19
2.57881	19
2.57881	19
2.5789	19
2.58761	19
2.58763	19
2.58769	19
2.58829	19
2.5883	19
2.58833	19
2.59751	19
2.59751	19
2.5976	19
2.59993	19
2.59993	19
2.59993	19
2.60001	19
2.60796	19
2.60798	19
2.61	19
2.61002	19
2.61003	19
2.61022	19
2.61037	19
2.61038	19
2.61044	19
2.61372	19
2.61373	19
2.61374	19
2.61424	19
2.61424	19
2.61431	19
2.61435	19
2.62272	19
2.6228	19
2.62282	19
2.62283	19
2.62741	19
2.62748	19
2.62748	19
2.65049	19
2.65058	19
2.65972	19
2.65979	19
2.65998	19
2.66218	19
2.66224	19
2.66225	19
2.66226	19
2.66625	19
2.6663	19
2.6663	19
2.66873	19
2.66876	19
2.66877	19
2.6775	19
2.67752	19
2.67752	19
2.67803	19
2.69362	19
2.69365	19
2.69367	19
2.69367	19
2.70734	19
2.70738	19
2.70738	19
2.7151	19
2.71515	19
2.71515	19
2.72265	19
2.72265	19
2.72265	19
2.73159	19
2.73162	19
2.73162	19
2.73239	19
2.73244	19
2.73244	19
2.7359	19
2.73612	19
2.73612	19
2.73813	19
2.73822	19
2.73822	19
2.73894	19
2.739	19
2.73911	19
2.73912	19
2.74065	19
2.74065	19
2.74065	19
2.74496	19
2.74502	19
2.74507	19
2.74507	19
2.74759	19
2.74765	19
2.74765	19
2.74781	19
2.74782	19
2.74784	19
2.74784	19
2.75286	19
2.75292	19
2.75292	19
2.75915	19
2.75918	19
2.75924	19
2.75924	19
2.76618	19
2.76619	19
2.76627	19
2.76628	19
2.76711	19
2.76712	19
2.76712	19
2.77208	19
2.7722	19
2.7722	19
2.773	19
2.77304	19
2.77304	19
2.77305	19
2.77638	19
2.7764	19
2.77645	19
2.77645	19
2.78294	19
2.78315	19
2.78321	19
2.78324	19
2.78324	19
2.78892	19
2.78893	19
2.78893	19
2.79719	19
2.79728	19
2.79728	19
2.79975	19
2.80349	19
2.81384	19
2.81386	19
2.81386	19
2.8256	19
2.8256	19
2.82566	19
2.82572	19
2.82572	19
2.83222	19
2.83228	19
2.83228	19
2.8344	19
2.83518	19
2.83518	19
2.83723	19
2.83806	19
2.83808	19
2.83814	19
2.84595	19
2.84595	19
2.84597	19
2.84598	19
2.84598	19
2.85633	19
2.86281	19
2.86282	19
2.86301	19
2.86302	19
2.87158	19
2.87158	19
2.87167	19
2.87168	19
2.88275	19
2.88275	19
2.88277	19
2.88277	19
2.88439	19
2.8844	19
2.88442	19
2.88442	19
2.88732	19
2.88889	19
2.88912	19
2.89413	19
2.89414	19
2.89414	19
2.89422	19
2.89422	19
2.89486	19
2.89486	19
2.89486	19
2.89725	19
2.90619	19
2.90628	19
2.90629	19
2.90629	19
2.90746	19
2.90747	19
2.90752	19
2.90752	19
2.9193	19
2.91933	19
2.91933	19
2.93094	19
2.93113	19
2.93113	19
2.93782	19
2.93782	19
2.93785	19
2.93785	19
2.95072	19
2.95072	19
2.95078	19
2.95078	19
2.95091	19
2.95091	19
2.95099	19
2.95099	19
2.96016	19
2.97288	19
2.97326	19
2.97328	19
2.97752	19
2.97754	19
2.97967	19
2.97975	19
2.98084	19
2.98087	19
2.994	19
2.99405	19
3.30456	19
3.3046	19
3.3046	19
3.30461	19
3.30479	19
3.3048	19
3.33574	19
3.33575	19
3.33602	19
3.33602	19
3.33631	19
3.33632	19
3.33633	19
3.34755	19
3.34769	19
3.34769	19
3.35044	19
3.35978	19
3.35979	19
3.37459	19
3.37461	19
3.37461	19
3.37476	19
3.37476	19
3.39575	19
3.39578	19
3.39578	19
3.41041	19
3.41045	19
3.41045	19
3.4135	19
3.4135	19
3.41351	19
3.42341	19
3.42341	19
3.42341	19
3.42341	19
3.42555	19
3.42556	19
3.42556	19
3.42911	19
3.45167	19
3.45168	19
3.45168	19
3.45182	19
3.45182	19
3.45799	19
3.458	19
3.45801	19
3.46176	19
3.46185	19
3.46185	19
3.46586	19
3.46593	19
3.46593	19
3.48609	19
3.48617	19
3.48617	19
3.49644	19
3.49648	19
3.49648	19
3.50023	19
3.50037	19
3.50037	19
3.50208	19
3.50208	19
3.50209	19
3.50695	19
3.50696	19
3.50697	19
3.50697	19
3.52832	19
3.52833	19
3.52844	19
3.52845	19
3.52984	19
3.52989	19
3.52989	19
3.53987	19
3.53987	19
3.53989	19
3.53989	19
3.55725	19
3.55729	19
3.55733	19
3.55733	19
3.56191	19
3.56206	19
3.56212	19
3.56212	19
3.56884	19
3.56899	19
3.56899	19
3.57367	19
3.57368	19
3.57375	19
3.57378	19
3.57378	19
3.58537	19
3.5855	19
3.58551	19
3.58666	19
3.58667	19
3.58668	19
3.63927	19
3.63927	19
3.63934	19
3.63935	19
3.6404	19
3.64057	19
3.64058	19
3.64344	19
3.64414	19
3.64417	19
3.64418	19
3.64418	19
3.65221	19
3.6523	19
3.65234	19
3.65234	19
3.66152	19
3.66164	19
3.66166	19
3.66167	19
3.67628	19
3.69831	19
3.69833	19
3.69834	19
3.69834	19
3.69835	19
3.69869	19
3.69871	19
3.69872	19
3.70405	19
3.70994	19
3.71333	19
3.71335	19
3.71349	19
3.73018	19
3.73019	19
3.73022	19
3.73024	19
3.73024	19
3.73049	19
3.73056	19
3.73057	19
3.73067	19
3.73073	19
3.73089	19
3.73089	19
3.73918	19
3.73918	19
3.7392	19
3.7392	19
3.7411	19
3.74113	19
3.74114	19
3.74114	19
3.74136	19
3.74136	19
3.7414	19
3.7414	19
3.74728	19
3.74744	19
3.74744	19
3.7657	19
3.76577	19
3.7658	19
3.7658	19
3.77109	19
3.77109	19
3.7712	19
3.7712	19
3.79196	19
3.79196	19
3.79205	19
3.79205	19
3.79583	19
3.79583	19
3.79584	19
3.79585	19
3.79856	19
3.79864	19
3.79864	19
3.80122	19
3.80122	19
3.80123	19
3.80123	19
3.80679	19
3.80679	19
3.8068	19
3.80681	19
3.80681	19
3.80812	19
3.80825	19
3.80825	19
3.80998	19
3.81002	19
3.81003	19
3.81826	19
3.81828	19
3.81828	19
3.81828	19
3.82378	19
3.8238	19
3.82381	19
3.82386	19
3.82392	19
3.82393	19
3.82987	19
3.82993	19
3.82993	19
3.83155	19
3.83175	19
3.83175	19
3.86235	19
3.86236	19
3.86252	19
3.86252	19
3.8675	19
3.86752	19
3.86752	19
3.86812	19
3.86826	19
3.86827	19
3.87196	19
3.87255	19
3.87255	19
3.87258	19
3.87258	19
3.87624	19
3.87624	19
3.87625	19
3.88266	19
3.88266	19
3.88269	19
3.8827	19
3.89024	19
3.93645	19
3.93646	19
3.93651	19
3.93659	19
3.93659	19
3.94648	19
3.94648	19
3.94651	19
3.94651	19
3.94652	19
3.95306	19
3.9531	19
3.95312	19
3.95313	19
3.95883	19
3.95883	19
3.95885	19
3.95885	19
3.96645	19
3.96963	19
3.96967	19
3.97185	19
3.97186	19
3.9719	19
3.97191	19
3.97191	19
3.97598	19
3.98043	19
3.98057	19
3.99677	19
3.99677	19
3.99678	19
3.99679	19
3.99679	19
3.99833	19
4.00712	19
4.00713	19
4.00714	19
4.00714	19
4.00719	19
4.0072	19
4.01002	19
4.01009	19
4.0101	19
4.01115	19
4.01122	19
4.01145	19
4.01145	19
4.01551	19
4.01554	19
4.01555	19
4.01614	19
4.01615	19
4.01616	19
4.01795	19
4.01801	19
4.01801	19
4.02184	19
4.02185	19
4.02187	19
4.02187	19
4.02196	19
4.03493	19
4.03494	19
4.04142	19
4.04143	19
4.04143	19
4.04145	19
4.04145	19
4.04253	19
4.04257	19
4.04257	19
4.04771	19
4.04784	19
4.04784	19
4.04899	19
4.04919	19
4.04919	19
4.052	19
4.05204	19
4.05204	19
4.05558	19
4.05562	19
4.05563	19
4.05564	19
4.05566	19
4.05567	19
4.07826	19
4.07828	19
4.07828	19
4.08452	19
4.08454	19
4.08454	19
4.08456	19
4.08457	19
4.08457	19
4.08555	19
4.08563	19
4.08563	19
4.08686	19
4.08689	19
4.0869	19
4.09151	19
4.09152	19
4.09163	19
4.09164	19
4.09235	19
4.09299	19
4.10166	19
4.10167	19
4.11368	19
4.11369	19
4.12433	19
4.12434	19
4.14821	19
4.14822	19
4.14827	19
4.14831	19
4.15444	19
4.15445	19
4.15447	19
4.15452	19
4.15452	19
4.15477	19
4.15481	19
4.15482	19
4.15858	19
4.1586	19
4.15861	19
4.15861	19
4.18009	19
4.18014	19
4.18014	19
4.1878	19
4.18947	19
4.18947	19
4.18958	19
4.20803	19
4.20803	19
4.21626	19
4.21627	19
4.21628	19
4.21628	19
4.2163	19
4.2163	19
4.21983	19
4.21984	19
4.2199	19
4.21991	19
4.23009	19
4.23009	19
4.23011	19
4.23022	19
4.23022	19
4.24064	19
4.24065	19
4.24066	19
4.24667	19
4.24682	19
4.24682	19
4.25188	19
4.25897	19
4.2778	19
4.27781	19
4.27785	19
4.27786	19
4.27799	19
4.27799	19
4.27805	19
4.27806	19
4.27811	19
4.27812	19
4.29093	19
4.29103	19
4.29103	19
4.29643	19
4.30546	19
4.30558	19
4.32163	19
4.32164	19
4.32164	19
4.32184	19
4.32185	19
4.32552	19
4.32554	19
4.32554	19
4.33314	19
4.33319	19
4.3332	19
4.33905	19
4.33921	19
4.33921	19
4.34011	19
4.34028	19
4.34028	19
4.34944	19
4.3495	19
4.34952	19
4.35591	19
4.3792	19
4.37926	19
4.37926	19
4.3793	19
4.37931	19
4.40087	19
4.4016	19
4.40162	19
4.40162	19
4.40188	19
4.40188	19
4.40605	19
4.40769	19
4.4077	19
4.4078	19
4.40781	19
4.42431	19
4.42433	19
4.42442	19
4.42442	19
4.43085	19
4.43089	19
4.43089	19
4.44941	19
4.44941	19
4.46599	19
4.46601	19
4.46601	19
4.46601	19
4.46601	19
4.48132	19
4.48182	19
4.48189	19
4.48227	19
4.48228	19
4.4831	19
4.48321	19
4.48323	19
4.48531	19
4.4879	19
4.48795	19
4.49559	19
4.4956	19
4.4956	19
4.49565	19
4.49565	19
4.49839	19
4.4984	19
4.49841	19
4.51267	19
4.5128	19
4.5128	19
4.522	19
4.52202	19
4.52202	19
4.52377	19
4.54697	19
4.54698	19
4.56664	19
4.56667	19
4.56668	19
4.56679	19
4.5668	19
4.5812	19
4.60058	19
4.6006	19
4.6006	19
4.60065	19
4.60065	19
4.60086	19
4.60089	19
4.60089	19
4.61178	19
4.61188	19
4.61188	19
4.6203	19
4.62042	19
4.62043	19
4.6288	19
4.64317	19
4.64336	19
4.64336	19
4.6435	19
4.6435	19
4.649	19
4.649	19
4.64901	19
4.67181	19
4.67181	19
4.67191	19
4.67191	19
4.68295	19
4.68305	19
4.6831	19
4.68311	19
4.68342	19
4.6835	19
4.6835	19
4.68351	19
4.71642	19
4.71671	19
4.71671	19
4.72408	19
4.72426	19
4.72426	19
4.73786	19
4.73792	19
4.73793	19
4.73817	19
4.73825	19
4.73825	19
4.73948	19
4.75334	19
4.75336	19
4.75349	19
4.76745	19
4.76763	19
4.76763	19
4.81349	19
4.8135	19
4.8135	19
4.81353	19
4.81353	19
4.82028	19
4.8203	19
4.82037	19
4.82037	19
4.82751	19
4.82753	19
4.82753	19
4.83842	19
4.83851	19
4.83851	19
4.83989	19
4.83997	19
4.83997	19
4.86452	19
4.86452	19
4.86452	19
4.86453	19
4.86776	19
4.8678	19
4.8678	19
4.88345	19
4.88353	19
4.88354	19
4.88354	19
4.89311	19
4.89313	19
4.89314	19
4.8932	19
4.89321	19
4.89664	19
4.89664	19
4.89665	19
4.90609	19
4.90611	19
4.90612	19
4.90612	19
4.9097	19
4.90977	19
4.90978	19
4.91609	19
4.91614	19
4.91615	19
4.92013	19
4.92017	19
4.92017	19
4.92554	19
4.92576	19
4.92577	19
4.93217	19
4.93217	19
4.93219	19
4.93219	19
4.94357	19
4.9436	19
4.9436	19
4.94362	19
4.94362	19
4.94437	19
4.94452	19
4.94452	19
4.9508	19
4.95084	19
4.95085	19
4.95306	19
4.95312	19
4.95312	19
4.95873	19
4.95876	19
4.95877	19
4.95877	19
4.95948	19
4.95948	19
4.95951	19
4.95953	19
4.96688	19
4.9669	19
4.9669	19
4.97111	19
4.97116	19
4.97117	19
4.98022	19
5.88421	19
5.88426	19
5.88426	19
5.88455	19
5.88455	19
5.8853	19
5.88535	19
5.8855	19
5.8855	19
5.88583	19
5.88592	19
5.88593	19
5.9028	19
5.9029	19
5.9029	19
5.90615	19
5.90615	19
5.90617	19
5.90618	19
5.90912	19
5.91232	19
5.91233	19
5.91244	19
5.91245	19
5.91815	19
5.9184	19
5.9184	19
5.92432	19
5.92434	19
5.92434	19
5.92605	19
5.9261	19
5.92625	19
5.92625	19
5.94456	19
5.95487	19
5.95498	19
5.95499	19
5.95508	19
5.95508	19
5.95769	19
5.95772	19
5.95772	19
5.96906	19
5.96924	19
5.96925	19
5.96931	19
5.96947	19
5.96948	19
5.97187	19
5.9719	19
5.9719	19
5.972	19
5.97202	19
5.97866	19
5.97869	19
5.97873	19
5.97873	19
5.99193	19
5.992	19
5.99201	19
6.00727	19
6.00733	19
6.00733	19
6.01377	19
6.01378	19
6.01381	19
6.01384	19
6.24387	19
6.24387	19
6.2439	19
6.24391	19
6.24847	19
6.24861	19
6.24861	19
6.25025	19
6.2504	19
6.25041	19
6.25134	19
6.25155	19
6.25156	19
6.26114	19
6.26122	19
6.26123	19
6.2748	19
6.27496	19
6.27496	19
6.27503	19
6.27873	19
6.27873	19
6.27886	19
6.27886	19
6.29046	19
6.29046	19
6.29046	19
6.29063	19
6.29066	19
6.30451	19
6.30455	19
6.30455	19
6.30487	19
6.30495	19
6.30496	19
6.31959	19
6.32237	19
6.32238	19
6.32639	19
6.3264	19
6.3264	19
6.32641	19
6.32642	19
6.33086	19
6.3329	19
6.33291	19
6.33293	19
6.33293	19
6.33739	19
6.338	19
6.33801	19
6.3401	19
6.34015	19
6.34022	19
6.34022	19
6.34993	19
6.34994	19
6.34995	19
6.35222	19
6.35224	19
6.35225	19
6.35226	19
6.35438	19
6.35439	19
6.35456	19
6.35456	19
6.35878	19
6.36019	19
6.36021	19
6.36046	19
6.36048	19
6.3621	19
6.50252	19
6.50253	19
6.50254	19
6.50846	19
6.50849	19
6.5085	19
6.5085	19
6.5085	19
6.5085	19
6.51857	19
6.51868	19
6.51869	19
6.55745	19
6.55745	19
6.55746	19
6.55768	19
6.55771	19
6.5667	19
6.56671	19
6.56673	19
6.56673	19
6.58065	19
6.58066	19
6.58067	19
6.59784	19
6.59787	19
6.59788	19
6.62482	19
6.62482	19
6.62483	19
6.62483	19
6.62899	19
6.62902	19
6.62905	19
6.63089	19
6.63092	19
6.63093	19
6.63961	19
6.63983	19
6.63983	19
6.65696	19
6.65705	19
6.65705	19
6.65728	19
6.65729	19
6.66864	19
6.66867	19
6.66867	19
6.66876	19
6.66876	19
6.67676	19
6.67676	19
6.67677	19
6.68056	19
6.68056	19
6.68057	19
6.68069	19
6.6807	19
6.69029	19
6.6903	19
6.69044	19
6.69044	19
6.69419	19
6.69487	19
6.78354	19
6.78355	19
6.7836	19
6.7836	19
6.78361	19
6.78362	19
6.81361	19
6.81362	19
6.81363	19
6.81364	19
6.81365	19
6.81925	19
6.81941	19
6.81942	19
6.81942	19
6.81942	19
6.82915	19
6.82919	19
6.82933	19
6.82933	19
6.83816	19
6.84061	19
6.84065	19
6.84066	19
6.84768	19
6.84774	19
6.84774	19
6.84779	19
6.84779	19
6.84978	19
6.84992	19
6.84992	19
6.85116	19
6.85125	19
6.85125	19
6.87426	19
6.87426	19
6.87429	19
6.87815	19
6.88104	19
6.88112	19
6.88112	19
6.88116	19
6.88118	19
6.88943	19
6.88943	19
6.8895	19
6.88951	19
6.90488	19
6.90758	19
6.90758	19
6.92807	19
6.92807	19
6.92828	19
6.92829	19
6.9349	19
6.93493	19
6.93494	19
6.93583	19
6.93593	19
6.93593	19
6.93741	19
6.93743	19
6.93743	19
6.94427	19
6.94436	19
6.94438	19
6.95194	19
6.95201	19
6.95216	19
6.95219	19
6.95321	19
6.95324	19
6.95324	19
6.95613	19
6.95665	19
6.95665	19
6.9567	19
6.95686	19
6.95686	19
6.96323	19
6.96623	19
6.96624	19
6.96625	19
6.96625	19
6.97178	19
6.98323	19
6.98327	19
6.98327	19
6.98347	19
6.98347	19
6.98395	19
6.99829	19
6.9984	19
6.99908	19
6.99911	19
6.99911	19
6.99925	19
6.99926	19
7.01011	19
7.01012	19
7.01013	19
7.01035	19
7.01043	19
7.02093	19
7.0224	19
7.02241	19
7.02515	19
7.02518	19
7.02518	19
7.02521	19
7.02521	19
7.03629	19
7.03637	19
7.03637	19
7.04017	19
7.04018	19
7.04018	19
7.05411	19
7.05411	19
7.05412	19
7.05412	19
7.05704	19
7.05835	19
7.05835	19
7.06279	19
7.06282	19
7.06282	19
7.06804	19
7.06822	19
7.06823	19
7.07489	19
7.07503	19
7.07506	19
7.08338	19
7.08339	19
7.08339	19
7.0835	19
7.0835	19
7.08955	19
7.08958	19
7.08958	19
7.09077	19
7.09089	19
7.0909	19
7.09639	19
7.09645	19
7.09646	19
7.10544	19
7.10558	19
7.10562	19
7.10811	19
7.10815	19
7.10816	19
7.10821	19
7.10821	19
7.10959	19
7.10959	19
7.1096	19
7.1096	19
7.10987	19
7.10987	19
7.10997	19
7.10999	19
7.12704	19
7.12706	19
7.12706	19
7.12718	19
7.12731	19
7.12733	19
7.12735	19
7.12922	19
7.12923	19
7.12925	19
7.13084	19
7.13721	19
7.13724	19
7.13725	19
7.13726	19
7.1495	19
7.14954	19
7.14955	19
7.16005	19
7.16011	19
7.16011	19
7.16166	19
7.16166	19
7.16169	19
7.16766	19
7.16953	19
7.16956	19
7.16984	19
7.16984	19
7.17411	19
7.17414	19
7.17416	19
7.17417	19
7.18653	19
7.18661	19
7.18661	19
7.2084	19
7.20841	19
7.20856	19
7.20856	19
7.21091	19
7.21985	19
7.21986	19
7.21986	19
7.22006	19
7.22007	19
7.22161	19
7.22166	19
7.22168	19
7.2257	19
7.22571	19
7.22572	19
7.23313	19
7.23315	19
7.23323	19
7.23323	19
7.23326	19
7.2333	19
7.23351	19
7.23354	19
7.23357	19
7.23419	19
7.23441	19
7.23443	19
7.23644	19
7.23651	19
7.23651	19
7.27535	19
7.27535	19
7.28179	19
7.28179	19
7.29217	19
7.2922	19
7.2922	19
7.29221	19
7.30644	19
7.30644	19
7.30651	19
7.30655	19
7.30851	19
7.30875	19
7.30876	19
7.32622	19
7.32622	19
7.32628	19
7.32631	19
7.34135	19
7.34137	19
7.34138	19
7.34316	19
7.34334	19
7.34334	19
7.34416	19
7.34425	19
7.34426	19
7.3701	19
7.37012	19
7.37019	19
7.37022	19
7.39402	19
7.39402	19
7.39408	19
7.39409	19
7.39893	19
7.39902	19
7.39903	19
7.40102	19
7.40103	19
7.40105	19
7.40439	19
7.40439	19
7.40445	19
7.40447	19
7.41678	19
7.41681	19
7.41682	19
7.45015	19
7.45018	19
7.45018	19
7.45018	19
7.45024	19
7.45388	19
7.45766	19
7.45772	19
7.45773	19
7.47722	19
7.47731	19
7.47732	19
7.48546	19
7.48548	19
7.48549	19
7.48557	19
7.4856	19
7.48915	19
7.48919	19
7.48922	19
7.49703	19
7.49706	19
7.49708	19
7.50454	19
7.50455	19
7.50455	19
7.51177	19
7.51178	19
7.51193	19
7.51197	19
7.51906	19
7.51907	19
7.51908	19
7.51909	19
7.52753	19
7.52758	19
7.52761	19
7.54544	19
7.54545	19
7.54546	19
7.54547	19
7.56721	19
7.56722	19
7.56727	19
7.56728	19
7.57004	19
7.57006	19
7.57026	19
7.57026	19
7.57398	19
7.57399	19
7.57419	19
7.5742	19
7.59167	19
7.59167	19
7.59168	19
7.59168	19
7.5917	19
7.59219	19
7.59227	19
7.59228	19
7.59432	19
7.59432	19
7.59434	19
7.59435	19
7.59855	19
7.60252	19
7.60255	19
7.60261	19
7.60264	19
7.62118	19
7.62121	19
7.62127	19
7.63765	19
7.63765	19
7.63766	19
7.63767	19
7.63767	19
7.6392	19
7.6393	19
7.63933	19
7.63937	19
7.64163	19
7.64167	19
7.64168	19
7.65496	19
7.65496	19
7.65496	19
7.65502	19
7.65843	19
7.65853	19
7.65866	19
7.65868	19
7.66125	19
7.66129	19
7.66136	19
7.66138	19
7.67254	19
7.67255	19
7.6726	19
7.67812	19
7.67813	19
7.67818	19
7.68429	19
7.68431	19
7.68445	19
7.68448	19
7.70242	19
7.70243	19
7.70259	19
7.70261	19
7.70563	19
7.70574	19
7.70574	19
7.72776	19
7.7278	19
7.72783	19
7.72985	19
7.72986	19
7.72995	19
7.76839	19
7.82139	19
7.8214	19
7.8214	19
7.82149	19
7.8215	19
7.82707	19
7.82713	19
7.82714	19
7.83627	19
7.83633	19
7.83637	19
7.83638	19
7.84924	19
7.84928	19
7.8494	19
7.8494	19
7.85808	19
7.85808	19
7.85828	19
7.8583	19
7.85855	19
7.85858	19
7.85858	19
7.8589	19
7.87727	19
7.87728	19
7.87728	19
7.87753	19
7.87753	19
7.89069	19
7.89071	19
7.89071	19
7.89822	19
7.89828	19
7.89831	19
7.90339	19
7.90362	19
7.91942	19
7.91943	19
7.91943	19
7.91944	19
7.91947	19
7.91949	19
7.92447	19
7.96068	19
7.96068	19
7.96069	19
7.96073	19
7.96075	19
7.96757	19
7.96787	19
7.96792	19
7.99673	19
7.99673	19
7.99682	19
7.99687	19
7.997	19
7.99706	19
7.9971	19
7.99719	19
7.99807	19
7.99826	19
7.99827	19
8.00096	19
8.00116	19
8.00118	19
8.00227	19
8.00273	19
8.00274	19
8.00278	19
8.00278	19
8.00771	19
8.00779	19
8.0078	19
8.01089	19
8.01098	19
8.011	19
8.02348	19
8.02351	19
8.02361	19
8.04465	19
8.04474	19
8.04474	19
8.04475	19
8.04476	19
8.04544	19
8.04555	19
8.04558	19
8.0554	19
8.05543	19
8.05544	19
8.05544	19
8.0563	19
8.05646	19
8.05647	19
8.06358	19
8.06362	19
8.06364	19
8.06365	19
8.07348	19
8.07348	19
8.07358	19
8.07827	19
8.07828	19
8.07832	19
8.10355	19
8.10649	19
8.10649	19
8.1065	19
8.10652	19
8.10655	19
8.10996	19
8.10998	19
8.11006	19
8.1102	19
8.12159	19
8.1216	19
8.12176	19
8.12402	19
8.12407	19
8.12415	19
8.13738	19
8.13748	19
8.13751	19
8.15168	19
8.15174	19
8.15174	19
8.15175	19
8.16349	19
8.16359	19
8.16375	19
8.16401	19
8.16402	19
8.16408	19
8.18489	19
8.18491	19
8.18492	19
8.19578	19
8.19579	19
8.19595	19
8.19598	19
8.20975	19
8.2098	19
8.2098	19
8.21095	19
8.21104	19
8.21105	19
8.21589	19
8.21771	19
8.22014	19
8.22021	19
8.24725	19
8.24731	19
8.24749	19
8.24749	19
8.26497	19
8.26498	19
8.2651	19
8.26514	19
8.27492	19
8.27512	19
8.27514	19
8.28362	19
8.28363	19
8.28375	19
8.29445	19
8.29445	19
8.29446	19
8.29448	19
8.29459	19
8.29613	19
8.29629	19
8.29633	19
8.30088	19
8.3009	19
8.30101	19
8.31181	19
8.32069	19
8.32075	19
8.37244	19
8.37244	19
8.37245	19
8.37248	19
8.37249	19
8.41348	19
8.41352	19
8.41354	19
8.41366	19
8.41387	19
8.41399	19
8.414	19
8.84814	19
8.84817	19
8.85268	19
8.85282	19
8.85584	19
8.85586	19
8.85599	19
8.85748	19
8.8576	19
8.85764	19
8.86084	19
8.86287	19
8.86297	19
8.86478	19
8.86478	19
8.86479	19
8.86483	19
8.86487	19
8.86805	19
8.87203	19
8.87205	19
8.87206	19
8.87211	19
8.87342	19
8.87352	19
8.87355	19
8.87709	19
8.87712	19
8.87716	19
8.88139	19
8.88166	19
8.88169	19
8.88923	19
8.9117	19
8.91171	19
8.91171	19
8.91172	19
8.91176	19
8.91251	19
8.91251	19
8.91253	19
8.91257	19
8.91483	19
8.91485	19
8.91498	19
8.91722	19
8.91722	19
8.9173	19
8.91745	19
8.93028	19
8.9303	19
8.93042	19
8.93152	19
8.93871	19
8.93872	19
8.93873	19
8.93875	19
8.96401	19
8.96403	19
8.96403	19
8.96404	19
8.96849	19
8.96851	19
8.96866	19
8.96871	19
8.97001	19
8.97004	19
8.97023	19
8.97039	19
8.97557	19
8.9756	19
8.97564	19
8.97621	19
8.97624	19
8.97633	19
8.98595	19
8.98597	19
8.98598	19
8.98607	19
8.99809	19
8.99813	19
8.99828	19
9.00485	19
9.00489	19
9.00492	19
9.00513	19
9.00947	19
9.00951	19
9.00953	19
9.00962	19
9.02611	19
9.02612	19
9.02619	19
9.0262	19
9.03409	19
9.03411	19
9.03434	19
9.03436	19
9.03711	19
9.03715	19
9.03746	19
9.04146	19
9.04146	19
9.04151	19
9.04156	19
9.04562	19
9.05004	19
9.0504	19
9.0606	19
9.06063	19
9.06064	19
9.06065	19
9.06075	19
9.06286	19
9.06288	19
9.06289	19
9.06295	19
9.07101	19
9.07103	19
9.07114	19
9.0933	19
9.0933	19
9.0933	19
9.09331	19
9.0942	19
9.09561	19
9.09563	19
9.09586	19
9.11496	19
9.11496	19
9.11498	19
9.11505	19
9.11536	19
9.11686	19
9.11688	19
9.11693	19
9.12574	19
9.12579	19
9.12589	19
9.13021	19
9.13025	19
9.13064	19
9.13107	19
9.13108	19
9.13121	19
9.13123	19
9.13137	19
10.9131	19
10.9131	19
10.9131	19
10.9136	19
10.9136	19
10.9136	19
10.9154	19
10.9154	19
10.9259	19
10.9331	19
10.9331	19
10.9331	19
10.9332	19
10.9332	19
10.9362	19
10.9363	19
10.9363	19
10.9364	19
10.9372	19
10.9373	19
10.9379	19
10.9788	19
10.9789	19
10.9792	19
10.9812	19
10.9813	19
10.9815	19
10.9816	19
10.9849	19
10.9849	19
10.9849	19
10.985	19
10.9852	19
10.9862	19
10.9862	19
10.9862	19
10.9865	19
11.0066	19
11.0066	19
11.0066	19
11.0066	19
11.0204	19
11.0228	19
11.0228	19
11.0228	19
11.0229	19
11.0229	19
11.0229	19
11.0248	19
11.027	19
11.0273	19
11.0274	19
11.0309	19
11.0309	19
11.031	19
11.0312	19
11.033	19
11.033	19
11.0333	19
11.039	19
11.039	19
11.0396	19
11.0612	19
11.0612	19
11.0612	19
11.0635	19
11.0728	19
11.0728	19
11.073	19
11.1572	19
11.1572	19
11.1586	19
11.1707	19
11.1707	19
11.1707	19
11.1853	19
11.2033	19
11.2033	19
11.2034	19
11.2055	19
11.2055	19
11.2055	19
11.2055	19
11.2055	19
11.2234	19
11.2415	19
11.2415	19
11.2415	19
11.2415	19
11.2711	19
11.2711	19
11.2713	19
11.2746	19
11.2746	19
11.2746	19
11.2746	19
11.2785	19
11.2785	19
11.2785	19
11.2876	19
11.2876	19
11.2876	19
11.3005	19
11.3005	19
11.3007	19
11.3026	19
11.3062	19
11.3062	19
11.3062	19
11.3063	19
11.3151	19
11.3151	19
11.3152	19
11.3495	19
11.3495	19
11.3495	19
11.3495	19
11.3891	19
11.3891	19
11.3891	19
11.3891	19
11.4328	19
11.4328	19
11.4331	19
11.4336	19
11.4336	19
11.4336	19
11.4414	19
11.4414	19
11.4415	19
11.4601	19
11.4918	19
11.4919	19
11.4919	19
11.4919	19
11.5147	19
11.5147	19
11.5148	19
11.5269	19
11.527	19
11.5271	19
11.5481	19
11.5481	19
11.5481	19
11.5804	19
11.5804	19
11.5805	19
11.5821	19
11.595	19
11.595	19
11.595	19
11.595	19
11.6023	19
11.6023	19
11.6023	19
11.6024	19
11.6105	19
11.6105	19
11.6105	19
11.6171	19
11.6171	19
11.6171	19
11.632	19
11.6321	19
11.6321	19
11.6554	19
11.6554	19
11.6554	19
11.7056	19
11.7057	19
11.7057	19
11.7135	19
11.7186	19
11.7186	19
11.7186	19
11.7186	19
11.7605	19
11.7605	19
11.7605	19
11.7759	19
11.7759	19
11.7759	19
11.7761	19
11.8214	19
11.8214	19
11.8215	19
11.8345	19
11.8346	19
11.8346	19
12.527	19
12.527	19
12.5279	19
12.528	19
12.528	19
12.5282	19
12.5331	19
12.5332	19
12.5342	19
12.5435	19
12.5435	19
12.5436	19
12.556	19
12.5561	19
12.5561	19
12.5561	19
12.5562	19
12.5562	19
12.5562	19
12.5761	19
12.5761	19
12.5762	19
12.6033	19
12.6033	19
12.6034	19
14.0933	19
14.0935	19
14.0936	19
14.0951	19
14.0971	19
14.0972	19
14.0973	19
14.0973	19
14.1179	19
14.1179	19
14.1179	19
14.118	19
14.283	19
14.283	19
14.2834	19
14.2925	19
14.2927	19
14.2927	19
14.2927	19
14.298	19
14.298	19
14.2981	19
14.3036	19
14.3166	19
14.3166	19
14.3166	19
14.3167	19
14.3487	19
14.3537	19
14.3537	19
14.3537	19
14.3537	19
15.6876	19
15.6876	19
15.6901	19
15.718	19
15.718	19
15.718	19
15.7181	19
15.7571	19
15.7571	19
15.7572	19
15.7668	19
15.7668	19
15.767	19
15.782	19
15.782	19
15.782	19
15.782	19
15.8091	19
15.8091	19
15.8092	19
15.8294	19
15.8294	19
15.8294	19
15.8296	19
15.8759	19
15.876	19
15.876	19
15.911	19
15.9259	19
15.9259	19
15.926	19
15.9262	19
16.7855	19
16.7863	19
16.7863	19
16.7873	19
16.7938	19
16.8435	19
16.8436	19
16.8436	19
16.8439	19
16.8584	19
16.8585	19
16.8585	19
16.8585	19
16.8823	19
16.8824	19
16.8824	19
16.8825	19
16.8852	19
16.8903	19
16.8904	19
16.8904	19
16.8904	19
16.9227	19
16.9227	19
16.9228	19
16.9376	19
16.9376	19
16.9376	19
16.9428	19
16.9428	19
16.9429	19
16.9749	19
16.9749	19
16.975	19
16.975	19
16.9806	19
16.9806	19
16.9807	19
17.0233	19
17.0233	19
17.0233	19
17.0234	19
17.035	19
17.0394	19
17.0395	19
17.0395	19
17.0395	19
17.0461	19
17.0461	19
17.0461	19
17.0626	19
17.0627	19
17.0627	19
17.0627	19
17.1221	19
17.1221	19
17.1221	19
17.1225	19
17.1338	19
17.1338	19
17.1338	19
17.1804	19
17.1804	19
17.1805	19
17.2339	19
17.2339	19
17.234	19
17.2341	19
17.2449	19
17.2449	19
17.245	19
17.4039	19
17.4039	19
17.4056	19
17.409	19
18.2338	19
18.2338	19
18.2338	19
18.2542	19
18.2544	19
18.2544	19
18.2552	19
18.2552	19
18.2553	19
18.2565	19
18.264	19
18.264	19
18.2641	19
18.6038	19
18.6038	19
18.609	19
18.6167	19
18.6242	19
18.6242	19
18.6243	19
18.6243	19
18.6346	19
18.6346	19
18.6347	19
18.6375	19
18.6376	19
18.6376	19
18.6378	19
18.6423	19
18.6423	19
18.6423	19
18.6441	19
18.6441	19
18.6442	19
18.6442	19
18.6551	19
18.6551	19
18.6551	19
18.6551	19
18.7593	19
18.7593	19
18.7656	19
18.7703	19
18.7703	19
18.7703	19
18.7703	19
18.7755	19
18.7755	19
18.7755	19
18.7853	19
18.7853	19
18.7854	19
18.7946	19
18.7946	19
18.7946	19
18.7947	19
19.4293	19
19.4298	19
19.4299	19
19.4301	19
19.44	19
19.44	19
19.4439	19
19.4465	19
19.4717	19
19.4717	19
19.4717	19
19.4718	19
19.4947	19
19.4948	19
19.4949	19
19.5252	19
19.5252	19
19.5252	19
19.528	19
19.528	19
19.528	19
19.5388	19
19.5388	19
19.5389	19
19.5389	19
19.5459	19
19.5574	19
19.5574	19
19.5574	19
19.5574	19
20.1328	19
20.1328	19
20.133	19
20.2016	19
20.2016	19
20.2021	19
20.231	19
20.231	19
20.2311	19
20.2327	19
20.2327	19
20.2328	19
20.2329	19
20.2406	19
20.2406	19
20.2407	19
20.2407	19
20.2407	19
20.2407	19
20.2407	19
20.2439	19
20.2439	19
20.2439	19
20.2439	19
20.2463	19
20.2463	19
20.2464	19
20.2469	19
20.5735	19
20.5752	19
20.5752	19
20.5822	19
20.5901	19
20.5901	19
20.5901	19
20.5901	19
20.7154	19
20.7155	19
20.7155	19
20.7155	19
20.9779	19
20.9779	19
20.9818	19
20.986	19
20.986	19
20.9861	19
20.9937	19
20.9937	19
20.9937	19
20.9939	19
24.1923	19
24.1923	19
24.1939	19
24.8625	19
24.8626	19
24.8629	19
24.9588	19
24.9588	19
24.9593	19
24.9626	19
24.9626	19
24.9626	19
24.966	19
24.966	19
24.9829	19
24.9829	19
24.9829	19
24.9829	19
25.4251	19
25.4251	19
26.0656	19
26.0664	19
26.0664	19
26.0664	19
26.0872	19
26.0873	19
26.0873	19
26.0897	19
26.0897	19
26.0897	19
26.0937	19
26.0937	19
26.0937	19
26.0937	19
26.0938	19
26.0938	19
26.0963	19
26.1116	19
26.1116	19
26.1116	19
26.9445	19
26.945	19
26.945	19
26.9453	19
26.9487	19
26.9487	19
26.9488	19
26.9488	19
27.4817	19
27.4818	19
27.4858	19
27.4858	19
27.5019	19
27.5019	19
27.5019	19
28.4182	19
28.4182	19
28.4246	19
28.4246	19
28.4267	19
28.4267	19
28.4267	19
28.4267	19
28.4294	19
28.4413	19
28.4621	19
28.4621	19
28.4621	19
28.4622	19
28.4622	19
28.4622	19
28.4825	19
28.4825	19
28.4826	19
28.488	19
28.488	19
28.4881	19
28.4881	19
28.49	19
28.49	19
28.4901	19
28.4902	19
29.117	19
29.1171	19
29.1181	19
29.1182	19
29.1182	19
29.1255	19
29.1361	19
29.1361	19
29.1361	19
29.1362	19
29.1393	19
29.1393	19
29.1915	19
29.1915	19
29.1916	19
29.1917	19
30.0977	19
30.0977	19
30.1031	19
30.113	19
30.1131	19
30.1131	19
30.1131	19
30.1396	19
30.1396	19
30.1396	19
30.1396	19
30.1587	19
30.1588	19
30.1588	19
30.1588	19
30.1641	19
30.1641	19
30.1642	19
30.1642	19
30.1701	19
30.1701	19
30.1702	19
30.1702	19
30.192	19
30.192	19
30.1921	19
30.1948	19
30.1948	19
30.1949	19
30.1949	19
30.2036	19
30.2037	19
30.2038	19
31.0227	19
31.0227	19
31.0242	19
31.0281	19
31.2839	19
31.2839	19
31.2839	19
31.2875	19
31.3169	19
31.3169	19
31.3171	19
31.3304	19
31.3304	19
31.3304	19
31.3304	19
31.3319	19
31.3319	19
31.3319	19
31.3319	19
31.3374	19
31.3374	19
31.3374	19
31.3817	19
31.3817	19
31.3817	19
31.5454	19
31.5454	19
31.5481	19
31.5481	19
31.5482	19
31.5491	19
31.5686	19
31.5686	19
31.5686	19
32.0172	19
32.0172	19
32.0173	19
32.0174	19
32.0174	19
32.018	19
32.0208	19
32.0208	19
32.0208	19
32.0211	19
32.0311	19
32.0311	19
32.0311	19
32.0535	19
32.0536	19
32.0536	19
32.6362	19
32.6362	19
32.6374	19
32.7705	19
32.7705	19
32.773	19
32.7739	19
32.7739	19
32.774	19
32.7883	19
32.7883	19
32.7883	19
32.8059	19
32.8059	19
32.8059	19
32.806	19
32.8257	19
32.8258	19
32.8258	19
32.8387	19
32.8387	19
32.8387	19
32.8387	19
32.8544	19
32.8544	19
32.8544	19
32.8545	19
32.8549	19
32.8549	19
32.8549	19
32.8775	19
32.8775	19
32.8775	19
32.879	19
32.879	19
32.879	19
32.879	19
32.8952	19
32.8952	19
32.8953	19
32.8953	19
32.8997	19
32.8997	19
32.8997	19
32.8997	19
32.9029	19
32.9029	19
32.9029	19
32.9029	19
33.3993	19
33.3994	19
33.4019	19
33.4365	19
33.478	19
33.478	19
33.4781	19
33.4781	19
33.4841	19
33.4841	19
33.4841	19
33.5054	19
33.5054	19
33.5056	19
33.9151	19
33.9151	19
33.9152	19
33.9172	19
33.9172	19
33.9172	19
33.9172	19
34.3101	19
34.3101	19
34.683	19
34.6858	19
34.686	19
34.6873	19
34.7313	19
34.7314	19
34.7386	19
34.7411	19
34.7411	19
34.7411	19
34.79	19
34.79	19
34.79	19
34.8126	19
34.8126	19
34.8126	19
34.8126	19
35.5104	19
35.5104	19
35.5128	19
35.52	19
35.52	19
35.52	19
35.52	19
35.5303	19
35.5478	19
35.5478	19
35.5478	19
35.5478	19
35.5484	19
35.5484	19
35.5484	19
35.6039	19
35.6039	19
35.6039	19
35.604	19
35.6096	19
35.6097	19
35.6097	19
35.6123	19
35.6124	19
35.6125	19
35.6127	19
35.6235	19
35.6235	19
35.6236	19
35.6236	19
36.8186	19
36.8188	19
36.82	19
36.8206	19
36.8207	19
36.8207	19
36.8207	19
36.8436	19
36.8437	19
36.8437	19
36.8438	19
36.8522	19
36.8522	19
36.8522	19
36.8523	19
36.877	19
36.8771	19
36.8774	19
36.8972	19
36.8972	19
36.8973	19
36.8973	19
36.9163	19
36.917	19
36.917	19
36.9171	19
36.9803	19
36.9804	19
36.9804	19
36.9804	19
36.9878	19
36.9878	19
36.9878	19
36.988	19
37.0077	19
37.0077	19
37.0077	19
37.0078	19
38.7518	19
38.752	19
38.7554	19
38.758	19
38.758	19
38.7622	19
39.5207	19
39.521	19
39.5253	19
39.5279	19
39.528	19
39.528	19
39.678	19
39.6781	19
39.6784	19
39.6903	19
39.7015	19
39.7015	19
39.7015	19
39.7017	19
39.7601	19
39.7601	19
39.7601	19
39.7602	19
39.7624	19
39.7624	19
39.7624	19
39.7625	19
40.0532	19
40.0541	19
40.0541	19
40.0564	19
40.0565	19
40.0565	19
40.0565	19
40.0566	19
40.0597	19
40.0597	19
40.0597	19
40.0597	19
40.0693	19
40.0693	19
40.0694	19
40.0694	19
40.188	19
40.1881	19
40.1911	19
40.1991	19
40.1991	19
40.1991	19
40.1991	19
40.206	19
40.206	19
40.2061	19
40.2061	19
40.3307	19
40.3309	19
40.331	19
40.5915	19
40.5915	19
40.5924	19
40.6055	19
40.609	19
40.6092	19
40.6093	19
40.6307	19
40.6308	19
40.6308	19
40.6308	19
40.6308	19
40.6318	19
40.6318	19
40.6319	19
40.632	19
41.818	19
41.818	19
41.8182	19
42.8787	19
42.8789	19
42.8859	19
42.886	19
42.906	19
42.9061	19
42.9061	19
42.9089	19
42.9281	19
42.9281	19
42.9282	19
42.9282	19
42.9729	19
42.9731	19
42.9749	19
43.4077	19
43.4077	19
43.4091	19
43.4099	19
43.4101	19
43.4118	19
45.0266	19
45.0268	19
45.0281	19
45.0287	19
45.0288	19
45.03	19
45.0655	19
45.0655	19
45.0655	19
45.0655	19
45.1671	19
45.1672	19
45.1689	19
45.2045	19
45.2046	19
45.2046	19
45.2047	19
46.1506	19
46.1506	19
46.1559	19
46.1559	19
47.3811	19
47.3812	19
47.3817	19
47.6821	19
47.6822	19
47.6843	19
47.6843	19
47.6843	19
47.6845	19
47.6845	19
47.6857	19
47.6857	19
47.6858	19
47.6858	19
48.313	19
48.313	19
48.3137	19
48.3137	19
48.3137	19
48.3138	19
48.3146	19
49.0534	19
49.0535	19
50.9855	19
50.9862	19
50.9865	19
50.9872	19
52.0416	19
52.0417	19
52.0433	19
52.6255	19
52.6257	19
52.6277	19
52.6451	19
52.6451	19
52.6451	19
52.6451	19
53.6473	19
53.6473	19
53.6498	19
53.6511	19
54.9366	19
54.9389	19
54.939	19
54.9408	19
54.9959	19
54.996	19
54.9966	19
54.9966	19
54.9967	19
54.9968	19
55.002	19
55.0078	19
55.0078	19
55.0078	19
55.0078	19
55.3387	19
55.3387	19
55.3405	19
55.4309	19
55.431	19
55.4331	19
55.4372	19
55.4372	19
55.4481	19
55.989	19
55.9893	19
55.9924	19
55.9938	19
55.9955	19
56.009	19
56.0091	19
56.0174	19
56.0175	19
56.0365	19
56.0365	19
56.0366	19
56.0366	19
56.0367	19
56.0498	19
56.0498	19
56.0498	19
56.0498	19
56.3075	19
56.3077	19
57.1011	19
57.1016	19
57.1016	19
57.1093	19
57.7551	19
57.7554	19
57.7572	19
58.6816	19
58.6816	19
58.6816	19
58.8043	19
58.8044	19
58.8055	19
59.7331	19
59.7332	19
59.7347	19
59.7667	19
59.7668	19
59.7668	19
59.7668	19
59.984	19
59.9844	19
59.9864	19
59.9877	19
59.9877	19
59.9878	19
59.9878	19
60.6571	19
60.6572	19
60.6574	19
60.6588	19
60.6588	19
60.6588	19
61.3458	19
61.3473	19
61.3473	19
61.3489	19
61.5649	19
61.5689	19
61.5689	19
61.9316	19
61.9339	19
61.934	19
61.9342	19
62.6163	19
62.6165	19
62.6166	19
62.6171	19
62.9073	19
62.9074	19
62.9115	19
63.3383	19
63.3386	19
63.3412	19
63.9966	19
63.9968	19
64.0003	19
64.2497	19
64.2497	19
64.2498	19
64.6382	19
64.6389	19
64.6395	19
64.6416	19
65.3622	19
65.3622	19
65.3625	19
67.2351	19
67.2354	19
67.2371	19
67.8423	19
67.8425	19
67.8484	19
67.8883	19
67.8885	19
67.8895	19
68.2831	19
68.2832	19
68.2883	19
69.4937	19
69.4937	19
69.4946	19
70.4189	19
70.419	19
70.422	19
70.4435	19
70.4436	19
71.0841	19
71.0846	19
71.0849	19
71.0913	19
71.4226	19
71.4231	19
71.431	19
71.4347	19
72.5781	19
72.5795	19
72.58	19
72.5807	19
73.4406	19
73.4406	19
73.4417	19
74.3675	19
74.3675	19
74.376	19
75.9388	19
75.9406	19
75.9406	19
75.941	19
76.3133	19
76.3149	19
76.3155	19
76.3199	19
76.3777	19
76.3786	19
76.3786	19
76.3879	19
76.3879	19
76.761	19
76.761	19
76.7682	19
76.7926	19
76.7926	19
76.8026	19
76.9629	19
76.963	19
77.5613	19
77.5652	19
77.5653	19
77.5689	19
77.8135	19
77.8136	19
77.8151	19
77.8464	19
77.8465	19
77.8501	19
78.2255	19
78.226	19
78.2262	19
78.3256	19
78.326	19
78.3262	19
79.5047	19
79.5047	19
79.5104	19
79.7084	19
79.7086	19
79.7101	19
79.7322	19
79.7327	19
79.7399	19
79.7412	19
79.7425	19
79.7496	19
79.7498	19
79.7506	19
79.7508	19
79.7601	19
79.7601	19
79.7601	19
79.7602	19
79.7602	19
79.941	19
79.941	19
80.164	19
80.1649	19
80.1649	19
80.168	19
80.168	19
82.5442	19
82.5443	19
82.5466	19
82.5467	19
82.5529	19
82.561	19
82.5611	19
82.562	19
82.562	19
82.563	19
82.5632	19
82.5675	19
82.5675	19
82.5675	19
82.5675	19
82.5675	19
83.1943	19
83.1947	19
83.1949	19
83.2436	19
83.2436	19
83.2438	19
83.2438	19
83.2518	19
83.3537	19
83.3537	19
83.3537	19
83.3539	19
83.4576	19
83.458	19
83.46	19
84.2869	19
84.2879	19
84.8229	19
84.8235	19
84.8238	19
87.7424	19
87.7448	19
87.7449	19
87.7453	19
88.4451	19
88.4452	19
88.4488	19
88.8122	19
88.8124	19
88.8189	19
90.2389	19
90.2396	19
90.2396	19
91.1507	19
91.1515	19
91.1516	19
91.1531	19
91.6487	19
91.6489	19
92.1474	19
92.1492	19
92.1493	19
92.1579	19
92.3605	19
92.3608	19
92.3638	19
92.5227	19
92.5229	19
92.5261	19
92.7722	19
92.7723	19
92.7743	19
94.2356	19
94.2357	19
94.7393	19
94.7408	19
94.7411	19
94.7471	19
94.7958	19
94.7959	19
94.802	19
94.8504	19
94.8505	19
94.8595	19
95.244	19
95.2453	19
95.2472	19
95.8771	19
95.8773	19
95.8774	19
95.8806	19
95.8868	19
95.9071	19
95.9072	19
95.9072	19
95.9072	19
95.9072	19
96.7609	19
96.7611	19
96.7618	19
97.1918	19
97.1923	19
97.1969	19
97.276	19
97.2762	19
97.2772	19
97.567	19
97.5675	19
97.5725	19
97.5728	19
97.5745	19
97.5748	19
98.35	19
98.3501	19
98.3505	19
98.3533	19
98.3972	19
98.3982	19
98.3985	19
98.6604	19
98.6609	19
98.6648	19
98.8079	19
98.8086	19
98.8105	19
99.9291	19
99.931	19
99.9314	19
99.9357	19
99.9931	19
99.9931	19
99.9932	19
99.9932	19
