7.43296e-11	0
1.97804e-10	1
2.54132e-10	2
2.85321e-10	3
3.10369e-10	4
3.57675e-10	5
6.22438e-10	6
6.62108e-10	7
7.80587e-10	8
8.54434e-10	9
8.99766e-10	10
9.67556e-10	11
1.08204e-09	12
1.16292e-09	13
1.18819e-09	14
1.22502e-09	15
1.2827e-09	16
1.39363e-09	17
1.44452e-09	18
1.47846e-09	19
2.04018e-09	20
2.04061e-09	21
2.11104e-09	22
2.19335e-09	23
2.50122e-09	24
2.54486e-09	25
2.55314e-09	26
2.61687e-09	27
2.68587e-09	28
2.85314e-09	29
3.0943e-09	30
3.34961e-09	31
3.63521e-09	32
3.71914e-09	33
4.15989e-09	33
4.19867e-09	34
4.25622e-09	35
4.27411e-09	36
4.31315e-09	37
4.31519e-09	38
5.00237e-09	39
5.21137e-09	40
5.33623e-09	41
5.4339e-09	42
6.01907e-09	43
6.0511e-09	43
8.41278e-09	44
9.10603e-09	45
1.01292e-08	46
1.0562e-08	47
1.1107e-08	48
1.21073e-08	48
1.55721e-08	48
1.91549e-08	48
2.01147e-08	48
2.21429e-08	49
2.55385e-08	49
2.89644e-08	49
3.90545e-08	49
4.11254e-08	50
4.18938e-08	50
4.21385e-08	50
4.6428e-08	50
5.40463e-08	50
6.71789e-08	50
6.94325e-08	50
7.02388e-08	50
7.07703e-08	50
7.08018e-08	50
7.41837e-08	50
7.44144e-08	50
8.70926e-08	50
8.78114e-08	50
9.11699e-08	50
9.16677e-08	50
9.1991e-08	50
9.84157e-08	50
1.03161e-07	50
1.07502e-07	50
1.11796e-07	50
1.22753e-07	50
1.273e-07	50
1.2849e-07	50
1.44169e-07	50
1.46048e-07	50
1.4637e-07	50
1.4846e-07	50
1.48693e-07	50
1.50989e-07	50
1.59903e-07	50
1.67848e-07	50
1.6822e-07	50
1.70636e-07	50
1.85841e-07	50
1.87016e-07	50
1.90463e-07	50
2.01492e-07	50
2.07435e-07	50
2.12746e-07	50
2.29266e-07	50
2.29713e-07	50
2.35687e-07	50
2.45401e-07	50
2.49286e-07	50
2.4938e-07	50
2.49395e-07	50
2.50828e-07	50
2.53633e-07	50
2.57902e-07	50
2.65986e-07	50
2.76022e-07	50
2.78918e-07	50
2.87437e-07	50
2.89186e-07	50
3.02008e-07	50
3.16749e-07	50
3.16822e-07	50
3.19242e-07	50
3.23479e-07	50
3.31367e-07	50
3.3235e-07	50
3.37412e-07	50
3.41696e-07	50
3.46592e-07	50
3.56772e-07	50
3.60406e-07	50
3.75254e-07	50
3.84399e-07	50
3.87015e-07	50
3.96135e-07	50
4.01713e-07	50
4.12385e-07	50
4.24769e-07	50
4.415e-07	50
4.43044e-07	50
4.45609e-07	50
4.69666e-07	50
4.73383e-07	50
4.76382e-07	50
4.7673e-07	50
4.79448e-07	50
5.06544e-07	50
5.07989e-07	50
5.19708e-07	50
5.21062e-07	50
5.2141e-07	50
5.32052e-07	50
5.38461e-07	50
5.48221e-07	50
5.52753e-07	50
5.53438e-07	50
5.61182e-07	50
5.66907e-07	50
5.76049e-07	50
5.8081e-07	50
5.82251e-07	50
5.90729e-07	50
6.04377e-07	50
6.11255e-07	50
6.11941e-07	50
6.26982e-07	50
6.28568e-07	50
6.38547e-07	50
6.41191e-07	50
6.43799e-07	50
6.46601e-07	50
6.49657e-07	50
6.54596e-07	50
6.58569e-07	50
6.59069e-07	50
6.60503e-07	50
6.64462e-07	50
6.69398e-07	50
6.69826e-07	50
6.8126e-07	50
6.86834e-07	50
7.11198e-07	50
7.16018e-07	50
7.25838e-07	50
7.30222e-07	50
7.32545e-07	50
7.37168e-07	50
7.41196e-07	50
7.49776e-07	50
7.53116e-07	50
7.5343e-07	50
7.62113e-07	50
7.65576e-07	50
7.66191e-07	50
7.73003e-07	50
7.75364e-07	50
7.81524e-07	50
7.87299e-07	50
7.88834e-07	50
7.95738e-07	50
7.97359e-07	50
8.01958e-07	50
8.07103e-07	50
8.16203e-07	50
8.20484e-07	50
8.2142e-07	50
8.38671e-07	50
8.40641e-07	50
8.40709e-07	50
8.5561e-07	50
8.56337e-07	50
8.75827e-07	50
8.77879e-07	50
8.94811e-07	50
8.95556e-07	50
9.01942e-07	50
9.28324e-07	50
9.56492e-07	50
9.57647e-07	50
9.6974e-07	50
9.86476e-07	50
9.96121e-07	50
9.99694e-07	50
1.00241e-06	50
1.00386e-06	50
1.00594e-06	50
1.00629e-06	50
1.01073e-06	50
1.01363e-06	50
1.02293e-06	50
1.05022e-06	50
1.0507e-06	50
1.05243e-06	50
1.05921e-06	50
1.06383e-06	50
1.06394e-06	50
1.07981e-06	50
1.09347e-06	50
1.10652e-06	50
1.11874e-06	50
1.1427e-06	50
1.15067e-06	50
1.19421e-06	50
1.20157e-06	50
1.20588e-06	50
1.21094e-06	50
1.21168e-06	50
1.21424e-06	50
1.23119e-06	50
1.23542e-06	50
1.26254e-06	50
1.26447e-06	50
1.266e-06	50
1.28599e-06	50
1.28981e-06	50
1.29411e-06	50
1.29656e-06	50
1.30338e-06	50
1.30365e-06	50
1.35703e-06	50
1.368e-06	50
1.38364e-06	50
1.38563e-06	50
1.40119e-06	50
1.40781e-06	50
1.42817e-06	50
1.43554e-06	50
1.45349e-06	50
1.46506e-06	50
1.50126e-06	50
1.51435e-06	50
1.51891e-06	50
1.54498e-06	50
1.54905e-06	50
1.55763e-06	50
1.55988e-06	50
1.58932e-06	50
1.59367e-06	50
1.59796e-06	50
1.61155e-06	50
1.61665e-06	50
1.63905e-06	50
1.6884e-06	50
1.70207e-06	50
1.7107e-06	50
1.71816e-06	50
1.73286e-06	50
1.77476e-06	50
1.81472e-06	50
1.84109e-06	50
1.85478e-06	50
1.86564e-06	50
1.88371e-06	50
1.91423e-06	50
1.91557e-06	50
2.00417e-06	50
2.02537e-06	50
2.03651e-06	50
2.08704e-06	50
2.12561e-06	50
2.13414e-06	50
2.22311e-06	50
2.24202e-06	50
2.29468e-06	50
2.2993e-06	50
2.35271e-06	50
2.36936e-06	50
2.3953e-06	50
2.42127e-06	50
2.47622e-06	50
2.47721e-06	50
2.49619e-06	50
2.49847e-06	50
2.51641e-06	50
2.52221e-06	50
2.57516e-06	50
2.62902e-06	50
2.66072e-06	50
2.69218e-06	50
2.72006e-06	50
2.74808e-06	50
2.7867e-06	50
2.80062e-06	50
2.80623e-06	50
2.89994e-06	50
2.90681e-06	50
2.92273e-06	50
2.97769e-06	50
3.01524e-06	50
3.06791e-06	50
3.09451e-06	50
3.1146e-06	50
3.17017e-06	50
3.17439e-06	50
3.18572e-06	50
3.24951e-06	50
3.26201e-06	50
3.27754e-06	50
3.37204e-06	50
3.37276e-06	50
3.41071e-06	50
3.41884e-06	50
3.422e-06	50
3.47102e-06	50
3.49798e-06	50
3.59654e-06	50
3.60911e-06	50
3.68691e-06	50
3.68975e-06	50
3.74934e-06	50
3.75272e-06	50
3.78745e-06	50
3.79344e-06	50
3.87816e-06	50
3.91097e-06	50
4.00125e-06	50
4.03863e-06	50
4.08956e-06	50
4.10699e-06	50
4.10967e-06	50
4.1332e-06	50
4.16801e-06	50
4.17027e-06	50
4.19385e-06	50
4.21263e-06	50
4.24792e-06	50
4.26213e-06	50
4.29708e-06	50
4.34588e-06	50
4.34883e-06	50
4.37671e-06	50
4.55252e-06	50
4.59274e-06	50
4.60566e-06	50
4.68776e-06	50
4.80667e-06	50
4.85407e-06	50
4.94738e-06	50
4.95763e-06	50
5.00305e-06	50
5.1438e-06	50
5.16322e-06	50
5.19519e-06	50
5.2019e-06	50
5.23931e-06	50
5.24576e-06	50
5.25035e-06	50
5.29944e-06	50
5.40288e-06	50
5.44953e-06	50
5.57898e-06	50
5.58784e-06	50
5.6292e-06	50
5.66136e-06	50
5.88307e-06	50
5.89518e-06	50
5.91036e-06	50
5.96078e-06	50
5.96989e-06	50
5.97416e-06	50
6.0106e-06	50
6.06683e-06	50
6.07288e-06	50
6.12353e-06	50
6.16023e-06	50
6.19899e-06	50
6.21912e-06	50
6.2311e-06	50
6.34902e-06	50
6.3637e-06	50
6.37218e-06	50
6.42709e-06	50
6.46854e-06	50
6.47097e-06	50
6.49241e-06	50
6.52997e-06	50
6.57062e-06	50
6.58782e-06	50
6.61079e-06	50
6.66166e-06	50
6.68677e-06	50
6.79774e-06	50
6.84432e-06	50
7.01651e-06	50
7.06679e-06	50
7.12389e-06	50
7.13419e-06	50
7.15445e-06	50
7.17848e-06	50
7.1943e-06	50
7.28286e-06	50
7.32035e-06	50
7.35908e-06	50
7.39565e-06	50
7.41136e-06	50
7.64439e-06	50
7.6456e-06	50
7.64868e-06	50
7.66832e-06	50
7.68444e-06	50
7.85754e-06	50
8.09704e-06	50
8.13067e-06	50
8.16e-06	50
8.20315e-06	50
8.28617e-06	50
8.30056e-06	50
8.30106e-06	50
8.31168e-06	50
8.46286e-06	50
8.49631e-06	50
8.50434e-06	50
8.50556e-06	50
8.54089e-06	50
8.56245e-06	50
8.56565e-06	50
8.60408e-06	50
8.65793e-06	50
8.78874e-06	50
8.89493e-06	50
9.04483e-06	50
9.14742e-06	50
9.15184e-06	50
9.21478e-06	50
9.26456e-06	50
9.2712e-06	50
9.53326e-06	50
9.60878e-06	50
9.73617e-06	50
9.8935e-06	50
9.94769e-06	50
9.96641e-06	50
1.01078e-05	50
1.01795e-05	50
1.01984e-05	50
1.02727e-05	50
1.04491e-05	50
1.07248e-05	50
1.07585e-05	50
1.08206e-05	50
1.08289e-05	50
1.08982e-05	50
1.09301e-05	50
1.09991e-05	50
1.10053e-05	50
1.11219e-05	50
1.12191e-05	50
1.12255e-05	50
1.14464e-05	50
1.14493e-05	50
1.16235e-05	50
1.16672e-05	50
1.1727e-05	50
1.18215e-05	50
1.19023e-05	50
1.19603e-05	50
1.20093e-05	50
1.22343e-05	50
1.22563e-05	50
1.23882e-05	50
1.25245e-05	50
1.28888e-05	50
1.29221e-05	50
1.32244e-05	50
1.32756e-05	50
1.36001e-05	50
1.3679e-05	50
1.37177e-05	50
1.38123e-05	50
1.38572e-05	50
1.38611e-05	50
1.39667e-05	50
1.40129e-05	50
1.40201e-05	50
1.41187e-05	50
1.41539e-05	50
1.42372e-05	50
1.424e-05	50
1.42695e-05	50
1.43157e-05	50
1.43734e-05	50
1.43837e-05	50
1.45634e-05	50
1.46215e-05	50
1.46882e-05	50
1.47012e-05	50
1.49524e-05	50
1.50741e-05	50
1.50946e-05	50
1.52019e-05	50
1.53004e-05	50
1.53076e-05	50
1.55896e-05	50
1.59529e-05	50
1.60582e-05	50
1.60993e-05	50
1.6119e-05	50
1.63225e-05	50
1.64654e-05	50
1.65107e-05	50
1.65476e-05	50
1.6681e-05	50
1.69158e-05	50
1.69534e-05	50
1.70025e-05	50
1.70781e-05	50
1.71566e-05	50
1.72695e-05	50
1.73446e-05	50
1.73772e-05	50
1.76007e-05	50
1.77619e-05	50
1.77663e-05	50
1.78331e-05	50
1.78341e-05	50
1.81318e-05	50
1.81362e-05	50
1.83512e-05	50
1.85148e-05	50
1.85591e-05	50
1.8567e-05	50
1.86182e-05	50
1.86493e-05	50
1.86798e-05	50
1.91221e-05	50
1.92973e-05	50
1.93004e-05	50
1.94152e-05	50
1.94214e-05	50
1.94705e-05	50
1.97022e-05	50
1.98888e-05	50
1.98924e-05	50
1.9953e-05	50
2.00373e-05	50
2.00752e-05	50
2.01213e-05	50
2.03952e-05	50
2.04017e-05	50
2.04527e-05	50
2.05393e-05	50
2.05634e-05	50
2.05964e-05	50
2.06014e-05	50
2.06317e-05	50
2.06699e-05	50
2.10094e-05	50
2.10739e-05	50
2.12307e-05	50
2.13552e-05	50
2.14087e-05	50
2.15037e-05	50
2.15343e-05	50
2.15971e-05	50
2.20372e-05	50
2.20652e-05	50
2.22523e-05	50
2.23381e-05	50
2.24216e-05	50
2.25872e-05	50
2.28535e-05	50
2.28558e-05	50
2.29279e-05	50
2.31311e-05	50
2.31549e-05	50
2.33287e-05	50
2.33335e-05	50
2.33703e-05	50
2.35948e-05	50
2.36048e-05	50
2.36282e-05	50
2.36627e-05	50
2.38545e-05	50
2.42043e-05	50
2.42533e-05	50
2.43756e-05	50
2.45351e-05	50
2.46764e-05	50
2.47539e-05	50
2.47782e-05	50
2.49095e-05	50
2.49138e-05	50
2.49295e-05	50
2.4978e-05	50
2.50407e-05	50
2.50933e-05	50
2.51454e-05	50
2.52287e-05	50
2.55056e-05	50
2.55379e-05	50
2.56673e-05	50
2.57818e-05	50
2.58612e-05	50
2.6035e-05	50
2.6108e-05	50
2.61981e-05	50
2.62775e-05	50
2.62829e-05	50
2.6342e-05	50
2.67207e-05	50
2.67557e-05	50
2.70594e-05	50
2.72025e-05	50
2.73209e-05	50
2.73971e-05	50
2.7537e-05	50
2.757e-05	50
2.75714e-05	50
2.76149e-05	50
2.76342e-05	50
2.77086e-05	50
2.77433e-05	50
2.79311e-05	50
2.8118e-05	50
2.81262e-05	50
2.81793e-05	50
2.82837e-05	50
2.8368e-05	50
2.83726e-05	50
2.84514e-05	50
2.85023e-05	50
2.85136e-05	50
2.87304e-05	50
2.89986e-05	50
2.91356e-05	50
2.91398e-05	50
2.91537e-05	50
2.9238e-05	50
2.92517e-05	50
2.93752e-05	50
2.95743e-05	50
2.97929e-05	50
2.98566e-05	50
2.98867e-05	50
2.99516e-05	50
3.00641e-05	50
3.00699e-05	50
3.0161e-05	50
3.01713e-05	50
3.02623e-05	50
3.02976e-05	50
3.0347e-05	50
3.05345e-05	50
3.06584e-05	50
3.07264e-05	50
3.10832e-05	50
3.11125e-05	50
3.11325e-05	50
3.11359e-05	50
3.11412e-05	50
3.11485e-05	50
3.1173e-05	50
3.13135e-05	50
3.15801e-05	50
3.15905e-05	50
3.17924e-05	50
3.20773e-05	50
3.2134e-05	50
3.24348e-05	50
3.25386e-05	50
3.27183e-05	50
3.29498e-05	50
3.30766e-05	50
3.30895e-05	50
3.32337e-05	50
3.33147e-05	50
3.34035e-05	50
3.36261e-05	50
3.39735e-05	50
3.41802e-05	50
3.43204e-05	50
3.44584e-05	50
3.47441e-05	50
3.47766e-05	50
3.4816e-05	50
3.51679e-05	50
3.52098e-05	50
3.53789e-05	50
3.54823e-05	50
3.56105e-05	50
3.56176e-05	50
3.57763e-05	50
3.58175e-05	50
3.65776e-05	50
3.6634e-05	50
3.66887e-05	50
3.67947e-05	50
3.70164e-05	50
3.70709e-05	50
3.71516e-05	50
3.72148e-05	50
3.72843e-05	50
3.75075e-05	50
3.76838e-05	50
3.77537e-05	50
3.77625e-05	50
3.78616e-05	50
3.79925e-05	50
3.81595e-05	50
3.81672e-05	50
3.84979e-05	50
3.85474e-05	50
3.88407e-05	50
3.88763e-05	50
3.89914e-05	50
3.90957e-05	50
3.91236e-05	50
3.93081e-05	50
3.9341e-05	50
3.96263e-05	50
3.98651e-05	50
4.00063e-05	50
4.01229e-05	50
4.0212e-05	50
4.02598e-05	50
4.02709e-05	50
4.06718e-05	50
4.06818e-05	50
4.09271e-05	50
4.13428e-05	50
4.18321e-05	50
4.19178e-05	50
4.19946e-05	50
4.23437e-05	50
4.25685e-05	50
4.26217e-05	50
4.27042e-05	50
4.28172e-05	50
4.31318e-05	50
4.32135e-05	50
4.32455e-05	50
4.33061e-05	50
4.3329e-05	50
4.335e-05	50
4.3502e-05	50
4.36683e-05	50
4.37721e-05	50
4.3802e-05	50
4.39297e-05	50
4.39306e-05	50
4.41647e-05	50
4.42143e-05	50
4.42225e-05	50
4.4234e-05	50
4.43045e-05	50
4.44903e-05	50
4.45265e-05	50
4.46174e-05	50
4.46412e-05	50
4.4686e-05	50
4.48711e-05	50
4.5164e-05	50
4.51841e-05	50
4.5228e-05	50
4.53348e-05	50
4.53712e-05	50
4.57314e-05	50
4.57476e-05	50
4.57951e-05	50
4.57972e-05	50
4.58576e-05	50
4.60184e-05	50
4.60387e-05	50
4.60778e-05	50
4.60871e-05	50
4.61371e-05	50
4.651e-05	50
4.65422e-05	50
4.66093e-05	50
4.66545e-05	50
4.67325e-05	50
4.69353e-05	50
4.70914e-05	50
4.72723e-05	50
4.74827e-05	50
4.76649e-05	50
4.76794e-05	50
4.77347e-05	50
4.77584e-05	50
4.77678e-05	50
4.78772e-05	50
4.79434e-05	50
4.79624e-05	50
4.8223e-05	50
4.82358e-05	50
4.8316e-05	50
4.8485e-05	50
4.86089e-05	50
4.86314e-05	50
4.8761e-05	50
4.89765e-05	50
4.89914e-05	50
4.95235e-05	50
5.01111e-05	50
5.01228e-05	50
5.01772e-05	50
5.0605e-05	50
5.06245e-05	50
5.06386e-05	50
5.06748e-05	50
5.07826e-05	50
5.07835e-05	50
5.08107e-05	50
5.08235e-05	50
5.08986e-05	50
5.15571e-05	50
5.15833e-05	50
5.15995e-05	50
5.19222e-05	50
5.19862e-05	50
5.20644e-05	50
5.20776e-05	50
5.26893e-05	50
5.2714e-05	50
5.27778e-05	50
5.28149e-05	50
5.28397e-05	50
5.32941e-05	50
5.33121e-05	50
5.3664e-05	50
5.36975e-05	50
5.37982e-05	50
5.3808e-05	50
5.38992e-05	50
5.39008e-05	50
5.40265e-05	50
5.40505e-05	50
5.43532e-05	50
5.44181e-05	50
5.44928e-05	50
5.45962e-05	50
5.4618e-05	50
5.46536e-05	50
5.47064e-05	50
5.48406e-05	50
5.4912e-05	50
5.50168e-05	50
5.50385e-05	50
5.52474e-05	50
5.54868e-05	50
5.55108e-05	50
5.57314e-05	50
5.58721e-05	50
5.60466e-05	50
5.65268e-05	50
5.68119e-05	50
5.69177e-05	50
5.73713e-05	50
5.75614e-05	50
5.77738e-05	50
5.79399e-05	50
5.79685e-05	50
5.80076e-05	50
5.81595e-05	50
5.81946e-05	50
5.85857e-05	50
5.86318e-05	50
5.87964e-05	50
5.91022e-05	50
5.91256e-05	50
5.91513e-05	50
5.9187e-05	50
5.92819e-05	50
5.93735e-05	50
5.94425e-05	50
5.94589e-05	50
5.99186e-05	50
6.009e-05	50
6.03797e-05	50
6.04162e-05	50
6.09039e-05	50
6.10638e-05	50
6.1221e-05	50
6.13587e-05	50
6.14172e-05	50
6.19002e-05	50
6.20038e-05	50
6.22963e-05	50
6.23579e-05	50
6.2499e-05	50
6.28073e-05	50
6.31051e-05	50
6.31071e-05	50
6.32003e-05	50
6.32292e-05	50
6.33987e-05	50
6.35371e-05	50
6.36768e-05	50
6.37105e-05	50
6.38534e-05	50
6.40797e-05	50
6.41474e-05	50
6.42429e-05	50
6.44071e-05	50
6.44226e-05	50
6.46458e-05	50
6.46654e-05	50
6.47881e-05	50
6.4804e-05	50
6.49242e-05	50
6.56701e-05	50
6.59648e-05	50
6.60508e-05	50
6.62327e-05	50
6.63487e-05	50
6.68421e-05	50
6.70017e-05	50
6.73825e-05	50
6.76958e-05	50
6.77362e-05	50
6.83189e-05	50
6.83557e-05	50
6.87136e-05	50
6.87922e-05	50
6.89694e-05	50
6.91869e-05	50
6.97663e-05	50
6.98789e-05	50
6.98821e-05	50
7.00277e-05	50
7.03669e-05	50
7.06169e-05	50
7.08593e-05	50
7.09485e-05	50
7.09676e-05	50
7.09795e-05	50
7.15395e-05	50
7.16539e-05	50
7.16971e-05	50
7.18841e-05	50
7.19392e-05	50
7.22032e-05	50
7.22564e-05	50
7.23862e-05	50
7.28024e-05	50
7.30712e-05	50
7.30914e-05	50
7.36264e-05	50
7.37007e-05	50
7.37061e-05	50
7.37319e-05	50
7.44707e-05	50
7.45866e-05	50
7.53745e-05	50
7.54903e-05	50
7.55524e-05	50
7.56635e-05	50
7.5811e-05	50
7.59365e-05	50
7.60681e-05	50
7.6355e-05	50
7.656e-05	50
7.67042e-05	50
7.67768e-05	50
7.68527e-05	50
7.69944e-05	50
7.70397e-05	50
7.71355e-05	50
7.72194e-05	50
7.73311e-05	50
7.73404e-05	50
7.73806e-05	50
7.75884e-05	50
7.75922e-05	50
7.7717e-05	50
7.79939e-05	50
7.80569e-05	50
7.80976e-05	50
7.82305e-05	50
7.82547e-05	50
7.82675e-05	50
7.8591e-05	50
7.87004e-05	50
7.87242e-05	50
7.92621e-05	50
7.94667e-05	50
7.96794e-05	50
8.00786e-05	50
8.01371e-05	50
8.02217e-05	50
8.02653e-05	50
8.04166e-05	50
8.04493e-05	50
8.06144e-05	50
8.06383e-05	50
8.07865e-05	50
8.08768e-05	50
8.10044e-05	50
8.10289e-05	50
8.14252e-05	50
8.15445e-05	50
8.15497e-05	50
8.16741e-05	50
8.19787e-05	50
8.22599e-05	50
8.25457e-05	50
8.27188e-05	50
8.31043e-05	50
8.3519e-05	50
8.36975e-05	50
8.39263e-05	50
8.41959e-05	50
8.45841e-05	50
8.48881e-05	50
8.52275e-05	50
8.52925e-05	50
8.54461e-05	50
8.55845e-05	50
8.5744e-05	50
8.62403e-05	50
8.68183e-05	50
8.69485e-05	50
8.7108e-05	50
8.72353e-05	50
8.76057e-05	50
8.81403e-05	50
8.8187e-05	50
8.87556e-05	50
8.90309e-05	50
8.9186e-05	50
8.92562e-05	50
8.94943e-05	50
8.95113e-05	50
8.9546e-05	50
8.96453e-05	50
8.96708e-05	50
8.97518e-05	50
8.98606e-05	50
9.02404e-05	50
9.03504e-05	50
9.07075e-05	50
9.07179e-05	50
9.09161e-05	50
9.12371e-05	50
9.13602e-05	50
9.13729e-05	50
9.14635e-05	50
9.15068e-05	50
9.15811e-05	50
9.18367e-05	50
9.21186e-05	50
9.22338e-05	50
9.22424e-05	50
9.22775e-05	50
9.25708e-05	50
9.26055e-05	50
9.26489e-05	50
9.26622e-05	50
9.27485e-05	50
9.30439e-05	50
9.31268e-05	50
9.37996e-05	50
9.39332e-05	50
9.40439e-05	50
9.4065e-05	50
9.40823e-05	50
9.4438e-05	50
9.45181e-05	50
9.52687e-05	50
9.60076e-05	50
9.63162e-05	50
9.63335e-05	50
9.66681e-05	50
9.76381e-05	50
9.76724e-05	50
9.76883e-05	50
9.81619e-05	50
9.82038e-05	50
9.84365e-05	50
9.84457e-05	50
9.89485e-05	50
9.90455e-05	50
9.94167e-05	50
9.94752e-05	50
9.96824e-05	50
0.000100017	50
0.000100183	50
0.00010074	50
0.000100758	50
0.000100817	50
0.000100901	50
0.000100931	50
0.000101009	50
0.000101144	50
0.000101203	50
0.000101227	50
0.000101786	50
0.000101876	50
0.000102358	50
0.000102443	50
0.000102626	50
0.000103147	50
0.000103651	50
0.000103719	50
0.000103841	50
0.000104227	50
0.000104318	50
0.000104418	50
0.00010449	50
0.000104703	50
0.000105455	50
0.000105827	50
0.000106069	50
0.000106223	50
0.000106345	50
0.000106384	50
0.000106466	50
0.000106954	50
0.000107235	50
0.000107255	50
0.000107264	50
0.000107801	50
0.000108227	50
0.000108267	50
0.000108276	50
0.000108348	50
0.000108531	50
0.000108887	50
0.000109195	50
0.000109223	50
0.000109313	50
0.000110135	50
0.000110286	50
0.000110369	50
0.000110525	50
0.000110529	50
0.000110632	50
0.000110797	50
0.000110988	50
0.000110997	50
0.000111587	50
0.000111616	50
0.000111742	50
0.000111873	50
0.000111997	50
0.000112097	50
0.000112393	50
0.000112468	50
0.000112508	50
0.000112547	50
0.000112719	50
0.000112792	50
0.000112837	50
0.000112838	50
0.000112903	50
0.000114853	50
0.000114974	50
0.000114976	50
0.000115381	50
0.000115492	50
0.000115751	50
0.000115884	50
0.000116768	50
0.000116768	50
0.000116868	50
0.000117488	50
0.000117544	50
0.00011781	50
0.000119367	50
0.000119486	50
0.00011957	50
0.000119616	50
0.000120149	50
0.000120485	50
0.000120508	50
0.000120717	50
0.000121296	50
0.000121847	50
0.000122234	50
0.000123282	50
0.00012361	50
0.000124995	50
0.000125145	50
0.000125247	50
0.000125384	50
0.000126041	50
0.000126049	50
0.000126776	50
0.000126797	50
0.000127075	50
0.000127142	50
0.000127434	50
0.000127448	50
0.000127827	50
0.000128119	50
0.000128245	50
0.000128517	50
0.000128697	50
0.000129172	50
0.00012946	50
0.000129839	50
0.000129874	50
0.000130007	50
0.0001303	50
0.000130706	50
0.000130857	50
0.00013121	50
0.000131276	50
0.000131335	50
0.000131364	50
0.000131965	50
0.00013208	50
0.000132121	50
0.000132196	50
0.000133071	50
0.000133544	50
0.000133639	50
0.000134049	50
0.00013441	50
0.000134532	50
0.000134967	50
0.000135508	50
0.000136368	50
0.000136445	50
0.000136492	50
0.000136739	50
0.000136755	50
0.00013704	50
0.000137502	50
0.000138319	50
0.000138862	50
0.000139459	50
0.000140031	50
0.000141222	50
0.000141276	50
0.00014205	50
0.000142651	50
0.000143241	50
0.000143342	50
0.000144445	50
0.000145351	50
0.00014554	50
0.000146202	50
0.000146433	50
0.000147374	50
0.000147901	50
0.000148129	50
0.000148729	50
0.000148834	50
0.000149203	50
0.000149296	50
0.000149925	50
0.000150171	50
0.000151203	50
0.000152507	50
0.000153004	50
0.000153011	50
0.000153167	50
0.00015411	50
0.000154584	50
0.000155699	50
0.000155804	50
0.000156229	50
0.000156579	50
0.000156648	50
0.000157128	50
0.000157163	50
0.000157935	50
0.00015798	50
0.000158356	50
0.000158415	50
0.000158553	50
0.00015905	50
0.000159129	50
0.000160004	50
0.000161501	50
0.000161872	50
0.000161986	50
0.000163016	50
0.00016311	50
0.000163285	50
0.000163407	50
0.000163448	50
0.000163585	50
0.00016394	50
0.000164648	50
0.000164912	50
0.000165106	50
0.000167029	50
0.00016729	50
0.000167332	50
0.000167538	50
0.000167834	50
0.000168641	50
0.000170175	50
0.000170362	50
0.00017136	50
0.000171372	50
0.000172129	50
0.000172187	50
0.000172527	50
0.00017265	50
0.000174877	50
0.000175185	50
0.000175758	50
0.000175925	50
0.000176428	50
0.00017682	50
0.000177285	50
0.000177549	50
0.000177586	50
0.000177988	50
0.000179606	50
0.000180938	50
0.00018122	50
0.000181327	50
0.000181878	50
0.000182728	50
0.000183116	50
0.000184586	50
0.000184624	50
0.000184766	50
0.000185492	50
0.000185752	50
0.000186147	50
0.000187255	50
0.000187347	50
0.000188272	50
0.000189052	50
0.000192314	50
0.000192697	50
0.000193211	50
0.000193246	50
0.000193928	50
0.000196705	50
0.000196815	50
0.000197095	50
0.000198319	50
0.000198942	50
0.000199691	50
0.000199909	50
0.000200799	50
0.000201022	50
0.000201717	50
0.000201874	50
0.000202615	50
0.000203019	50
0.000204641	50
0.000205096	50
0.000205498	50
0.000206384	50
0.000206639	50
0.00020672	50
0.000208162	50
0.000208185	50
0.000208371	50
0.00020978	50
0.000210942	50
0.000211549	50
0.000211694	50
0.000212398	50
0.000213778	50
0.000213817	50
0.000214498	50
0.00021581	50
0.000216295	50
0.000217669	50
0.000218898	50
0.000219179	50
0.000219409	50
0.000220467	50
0.00022225	50
0.000222467	50
0.000222839	50
0.000223146	50
0.00022626	50
0.000226455	50
0.000227615	50
0.000229236	50
0.000229999	50
0.000230197	50
0.000230317	50
0.000230365	50
0.000231175	50
0.000231846	50
0.000234584	50
0.000234669	50
0.000235008	50
0.000236043	50
0.000236432	50
0.000237191	50
0.000237771	50
0.000237928	50
0.000238885	50
0.000240595	50
0.000242539	50
0.00024265	50
0.000243107	50
0.000244908	50
0.000245946	50
0.000247824	50
0.000249224	50
0.000250136	50
0.000251275	50
0.000253385	50
0.000253521	50
0.000253537	50
0.000253835	50
0.000253863	50
0.000254654	50
0.000255422	50
0.00025591	50
0.000256398	50
0.0002601	50
0.000260144	50
0.000262508	50
0.000262754	50
0.000264475	50
0.000265169	50
0.000265211	50
0.000266743	50
0.00027097	50
0.000271059	50
0.00027311	50
0.000273149	50
0.000273654	50
0.000279017	50
0.000279745	50
0.000281502	50
0.000284017	50
0.00028429	50
0.000285054	50
0.000285247	50
0.000285343	50
0.000287783	50
0.000288692	50
0.000289538	50
0.000290416	50
0.000291559	50
0.000291992	50
0.000292357	50
0.000294663	50
0.000295074	50
0.000295229	50
0.000295819	50
0.000297217	50
0.000298231	50
0.000300713	50
0.000302458	50
0.000303477	50
0.000304451	50
0.000304839	50
0.000306222	50
0.000307769	50
0.000308421	50
0.000309081	50
0.000313158	50
0.000313159	50
0.000313866	50
0.00031437	50
0.000317156	50
0.000318047	50
0.000320413	50
0.000323961	50
0.000324702	50
0.000330631	50
0.000331274	50
0.000333937	50
0.000334666	50
0.000337585	50
0.000338801	50
0.000339683	50
0.000339704	50
0.000339931	50
0.00034279	50
0.000343803	50
0.000344107	50
0.000345106	50
0.000345633	50
0.000349269	50
0.000349474	50
0.000349518	50
0.000349573	50
0.00035009	50
0.000350919	50
0.000353114	50
0.000354147	50
0.000354309	50
0.00035531	50
0.000361657	50
0.000370072	50
0.000372219	50
0.000372348	50
0.000372366	50
0.000373363	50
0.000373821	50
0.000375129	50
0.000380536	50
0.00038402	50
0.000385017	50
0.000385631	50
0.000389282	50
0.000390024	50
0.000390091	50
0.000395169	50
0.000396545	50
0.00040494	50
0.000406983	50
0.000412945	50
0.000416527	50
0.000416956	50
0.00042177	50
0.000422441	50
0.000426312	50
0.000426982	50
0.000427133	50
0.000429344	50
0.000436429	50
0.00044069	50
0.000444808	50
0.000447101	50
0.00044905	50
0.00044935	50
0.000449917	50
0.000451807	50
0.000453267	50
0.000454452	50
0.000459918	50
0.000460795	50
0.000463891	50
0.000465838	50
0.000469721	50
0.000473031	50
0.000476479	50
0.000482033	50
0.000484379	50
0.000486277	50
0.000491765	50
0.000494249	50
0.000494255	50
0.000494526	50
0.000505225	50
0.000513662	50
0.000522868	50
0.000530181	50
0.000537712	50
0.000553464	50
0.000554305	50
0.000578933	50
0.000579727	50
0.000583858	50
0.000587025	50
0.000590665	50
0.000593597	50
0.000604558	50
0.000616129	50
0.000616766	50
0.000617109	50
0.000627826	50
0.000632095	50
0.000634703	50
0.000635268	50
0.000639081	50
0.000640518	50
0.000650999	50
0.000662059	50
0.000662098	50
0.000669035	50
0.000699719	50
0.000703695	50
0.000707802	50
0.000714899	50
0.000717351	50
0.000722222	50
0.000732372	50
0.000742024	50
0.000747224	50
0.000756211	50
0.000757511	50
0.000758371	50
0.000768803	50
0.000774119	50
0.000810953	50
0.000814411	50
0.00081546	50
0.00082248	50
0.000830276	50
0.000849542	50
0.000877455	50
0.000880766	50
0.000921799	50
0.000947731	50
0.000952256	50
0.000957709	50
0.000961068	50
0.000986619	50
0.000999665	50
0.00100736	50
0.00100854	50
0.00101331	50
0.00103305	50
0.00107378	50
0.00109155	50
0.00119323	50
0.00120087	50
0.00122035	50
0.00123312	50
0.00128469	50
0.00130434	50
0.00134068	50
0.00142141	50
0.0014702	50
0.00148231	50
0.00158982	50
0.00161506	50
0.00163566	50
0.00167905	50
0.00168529	50
0.00172261	50
0.00188173	50
0.00188872	50
0.00193945	50
0.0023597	50
0.0159165	50
0.0159165	50
0.0159169	50
0.0159169	50
0.015917	50
0.0159171	50
0.0159172	50
0.0159173	50
0.0159175	50
0.0159178	50
0.015918	50
0.0159181	50
0.0159181	50
0.0159182	50
0.0159183	50
0.0159183	50
0.0159184	50
0.0159184	50
0.0159184	50
0.0159185	50
0.0159189	50
0.0159191	50
0.0159196	50
0.0160127	50
0.0160128	50
0.0160129	50
0.0160129	50
0.0160129	50
0.0160131	50
0.0160131	50
0.0160132	50
0.0160132	50
0.0160134	50
0.0160137	50
0.0160139	50
0.0160139	50
0.0160142	50
0.0160142	50
0.0160144	50
0.0160147	50
0.0160158	50
0.016016	50
0.016016	50
0.0160162	50
0.0160164	50
0.0160167	50
0.016017	50
0.0160193	50
0.016021	50
0.0160235	50
0.0160236	50
0.0160283	50
0.0160384	50
0.0160398	50
0.0160665	50
0.0230168	50
0.0230169	50
0.0230171	50
0.0230171	50
0.0230172	50
0.0230172	50
0.0230172	50
0.0230173	50
0.0230175	50
0.0230176	50
0.0230177	50
0.0230178	50
0.0230181	50
0.0230183	50
0.0230183	50
0.0230183	50
0.0230188	50
0.0230189	50
0.0230189	50
0.023019	50
0.0230192	50
0.0230194	50
0.0230195	50
0.0230195	50
0.0230198	50
0.0230205	50
0.0230207	50
0.023021	50
0.023021	50
0.0230212	50
0.0230223	50
0.0230228	50
0.0230229	50
0.0230266	50
0.0230274	50
0.0230274	50
0.0230302	50
0.0230357	50
0.0231031	50
0.0277935	50
0.0277951	50
0.03198	50
0.03198	50
0.0319801	50
0.0319801	50
0.0319801	50
0.0319803	50
0.0319806	50
0.0319806	50
0.0319806	50
0.0319807	50
0.0319808	50
0.0319808	50
0.0319809	50
0.031981	50
0.0319812	50
0.0319812	50
0.0319815	50
0.0319815	50
0.0319817	50
0.0319819	50
0.031982	50
0.0319822	50
0.0319827	50
0.0319833	50
0.0319841	50
0.0319846	50
0.0319847	50
0.0319855	50
0.0319859	50
0.031986	50
0.0319862	50
0.0319865	50
0.0319877	50
0.0319879	50
0.0319891	50
0.0319891	50
0.0319907	50
0.0320027	50
0.0399593	50
0.0399604	50
0.0399605	50
0.0399606	50
0.0399611	50
0.039963	50
0.0399637	50
0.0399658	50
0.039967	50
0.0399679	50
0.0399714	50
0.0399761	50
0.0399762	50
0.0399839	50
0.0399862	50
0.0399902	50
0.0399912	50
0.0399914	50
0.039994	50
0.0399941	50
0.039998	50
0.0400006	50
0.040001	50
0.0400033	50
0.0400038	50
0.0400052	50
0.0400136	50
0.0400167	50
0.0400225	50
0.0400272	50
0.0400298	50
0.0400299	50
0.0400323	50
0.0400388	50
0.040042	50
0.0400435	50
0.0400439	50
0.0400493	50
0.04005	50
0.040057	50
0.0400597	50
0.0400752	50
0.0400856	50
0.0400903	50
0.0400917	50
0.0401215	50
0.040133	50
0.0401334	50
0.040141	50
0.0401467	50
0.040149	50
0.0401784	50
0.0401799	50
0.040207	50
0.0402075	50
0.0402116	50
0.0402186	50
0.0402508	50
0.0402605	50
0.0402625	50
0.0402647	50
0.0402678	50
0.0402817	50
0.0403099	50
0.0403182	50
0.0403208	50
0.0403259	50
0.0403417	50
0.0403417	50
0.04035	50
0.0403535	50
0.0403655	50
0.0404177	50
0.0404216	50
0.040431	50
0.0404384	50
0.0404592	50
0.0404718	50
0.040486	50
0.040494	50
0.0405109	50
0.0405794	50
0.0406646	50
0.0407237	50
0.0407573	50
0.0409987	50
0.041299	50
0.0416211	50
0.0416267	50
0.0429504	50
0.0429552	50
0.042972	50
0.043063	50
0.0431655	50
0.0432081	50
0.0432912	50
0.0432962	50
0.043456	50
0.043955	50
0.0441268	50
0.0551857	50
0.0551865	50
0.0551882	50
0.0551884	50
0.0551889	50
0.0551894	50
0.0551902	50
0.0551927	50
0.0551941	50
0.0551945	50
0.0551946	50
0.0551968	50
0.0551989	50
0.0552027	50
0.0552042	50
0.0552064	50
0.0552085	50
0.0552139	50
0.055221	50
0.0552232	50
0.0552246	50
0.0552276	50
0.0552283	50
0.0552307	50
0.0552332	50
0.0552361	50
0.0552387	50
0.0552392	50
0.0552403	50
0.0552406	50
0.0552426	50
0.0552462	50
0.0552527	50
0.0552609	50
0.0552643	50
0.0552778	50
0.0552826	50
0.0552871	50
0.055295	50
0.0552961	50
0.055298	50
0.0553049	50
0.0553082	50
0.0553102	50
0.0553166	50
0.0553271	50
0.055335	50
0.0553435	50
0.0553473	50
0.0553554	50
0.0553596	50
0.0553686	50
0.0554116	50
0.0554368	50
0.0554395	50
0.0554457	50
0.0554828	50
0.0554866	50
0.0554954	50
0.0555009	50
0.0555074	50
0.0555228	50
0.055525	50
0.0555501	50
0.0555507	50
0.0555658	50
0.0555812	50
0.0555893	50
0.0557471	50
0.0557571	50
0.0557852	50
0.0557885	50
0.0558615	50
0.0559386	50
0.0559977	50
0.0562367	50
0.0562782	50
0.0563456	50
0.0569738	50
0.066232	50
0.0662321	50
0.0662322	50
0.0662322	50
0.0662325	50
0.0662328	50
0.0662328	50
0.0662328	50
0.066233	50
0.066233	50
0.0662335	50
0.0662336	50
0.0662347	50
0.0662348	50
0.0662349	50
0.066235	50
0.0662352	50
0.066236	50
0.0662362	50
0.066239	50
0.0662788	50
0.0725257	50
0.0725268	50
0.0725327	50
0.0725355	50
0.0725357	50
0.0725367	50
0.0725628	50
0.0748195	50
0.0823852	50
0.0823854	50
0.0823883	50
0.0823906	50
0.0823982	50
0.0824077	50
0.0834969	50
0.0835027	50
0.0836049	50
0.0993211	50
0.0993229	50
0.0993239	50
0.0993239	50
0.0993282	50
0.0993307	50
0.099337	50
0.0993708	50
0.0994012	50
0.100303	50
0.100333	50
0.100369	50
0.100392	50
0.10043	50
0.100628	50
0.100731	50
0.104255	50
0.104303	50
0.11416	50
0.114161	50
0.114165	50
0.114169	50
0.114181	50
0.11421	50
0.11441	50
0.115078	50
0.122442	50
0.122443	50
0.122444	50
0.122467	50
0.122491	50
0.122498	50
0.127711	50
0.127714	50
0.127715	50
0.127717	50
0.127764	50
0.127828	50
0.12926	50
0.129264	50
0.137374	50
0.137375	50
0.137376	50
0.137457	50
0.143432	50
0.143432	50
0.154787	50
0.154789	50
0.154789	50
0.154791	50
0.154791	50
0.15481	50
0.154828	50
0.17537	50
0.17537	50
0.17537	50
0.175373	50
0.175379	50
0.175381	50
0.175388	50
0.175393	50
0.177307	50
0.188227	50
0.188228	50
0.188229	50
0.188229	50
0.188229	50
0.18823	50
0.188232	50
0.188233	50
0.188238	50
0.18859	50
0.196712	50
0.196725	50
0.196733	50
0.196806	50
0.203499	50
0.2035	50
0.203609	50
0.212032	50
0.212032	50
0.212033	50
0.212038	50
0.212933	50
0.21567	50
0.215684	50
0.215803	50
0.220412	50
0.220423	50
0.220438	50
0.223079	50
0.223084	50
0.223085	50
0.223095	50
0.223185	50
0.225803	50
0.226271	50
0.233758	50
0.233759	50
0.233778	50
0.234409	50
0.234409	50
0.234414	50
0.238381	50
0.238392	50
0.238394	50
0.241814	50
0.241939	50
0.25243	50
0.25243	50
0.252432	50
0.252435	50
0.252438	50
0.252458	50
0.252462	50
0.25259	50
0.266068	50
0.266068	50
0.266086	50
0.266089	50
0.26617	50
0.279932	50
0.279933	50
0.27994	50
0.279941	50
0.279966	50
0.283077	50
0.283091	50
0.285823	50
0.285823	50
0.285824	50
0.291931	50
0.291951	50
0.292045	50
0.29595	50
0.302021	50
0.302022	50
0.302042	50
0.312945	50
0.312948	50
0.312948	50
0.31295	50
0.312952	50
0.312955	50
0.312955	50
0.312956	50
0.313023	50
0.33518	50
0.335181	50
0.335181	50
0.335183	50
0.335183	50
0.335185	50
0.335188	50
0.335188	50
0.337885	50
0.337885	50
0.337893	50
0.342164	50
0.342167	50
0.342172	50
0.35412	50
0.354121	50
0.354123	50
0.354135	50
0.354142	50
0.354189	50
0.389998	50
0.389999	50
0.389999	50
0.390001	50
0.390002	50
0.390002	50
0.390005	50
0.390045	50
0.390162	50
0.390944	50
0.39095	50
0.39096	50
0.391075	50
0.395434	50
0.395437	50
0.398235	50
0.398241	50
0.398259	50
0.398665	50
0.413118	50
0.413137	50
0.441421	50
0.441422	50
0.441425	50
0.441425	50
0.441426	50
0.441427	50
0.441427	50
0.441428	50
0.441431	50
0.44144	50
0.441473	50
0.441506	50
0.477486	50
0.477486	50
0.477487	50
0.47749	50
0.47749	50
0.477492	50
0.4775	50
0.477676	50
0.480126	50
0.480144	50
0.480369	50
0.480381	50
0.480518	50
0.485169	50
0.501285	50
0.501286	50
0.501287	50
0.501287	50
0.502186	50
0.502186	50
0.502211	50
0.521021	50
0.521021	50
0.521023	50
0.521025	50
0.521027	50
0.521036	50
0.535275	50
0.535276	50
0.535277	50
0.535277	50
0.543459	50
0.543459	50
0.543528	50
0.55007	50
0.550071	50
0.550079	50
0.550081	50
0.550085	50
0.551546	50
0.551566	50
0.561671	50
0.561672	50
0.561673	50
0.561674	50
0.561675	50
0.56168	50
0.561685	50
0.5617	50
0.561706	50
0.561834	50
0.563864	50
0.56748	50
0.567481	50
0.567485	50
0.567485	50
0.56749	50
0.567492	50
0.570341	50
0.570342	50
0.570351	50
0.570447	50
0.571983	50
0.591751	50
0.591752	50
0.591753	50
0.591776	50
0.591779	50
0.592141	50
0.592274	50
0.592275	50
0.592288	50
0.59229	50
0.6007	50
0.600703	50
0.600716	50
0.600849	50
0.600862	50
0.606427	50
0.606434	50
0.606437	50
0.606446	50
0.607579	50
0.60758	50
0.607602	50
0.618136	50
0.618138	50
0.61814	50
0.618144	50
0.618159	50
0.618163	50
0.625337	50
0.625339	50
0.625341	50
0.625345	50
0.625348	50
0.625358	50
0.62641	50
0.626413	50
0.626421	50
0.665006	50
0.665006	50
0.665007	50
0.665017	50
0.665019	50
0.665026	50
0.665078	50
0.675309	50
0.67531	50
0.675312	50
0.675313	50
0.675317	50
0.675323	50
0.675325	50
0.675333	50
0.685363	50
0.685365	50
0.685374	50
0.685381	50
0.686055	50
0.686062	50
0.686067	50
0.689308	50
0.68931	50
0.689313	50
0.689313	50
0.704804	50
0.704807	50
0.704826	50
0.704837	50
0.704842	50
0.710288	50
0.710289	50
0.710297	50
0.710444	50
0.722229	50
0.722229	50
0.72223	50
0.722289	50
0.728042	50
0.728045	50
0.728053	50
0.72823	50
0.743745	50
0.743746	50
0.743748	50
0.743748	50
0.74375	50
0.743764	50
0.77342	50
0.77342	50
0.77342	50
0.773421	50
0.773421	50
0.773426	50
0.773428	50
0.773432	50
0.773458	50
0.77792	50
0.777939	50
0.777967	50
0.790078	50
0.790082	50
0.790083	50
0.790088	50
0.790092	50
0.790103	50
0.798344	50
0.798356	50
0.818294	50
0.818299	50
0.818299	50
0.818308	50
0.818316	50
0.818332	50
0.830621	50
0.830621	50
0.830626	50
0.830634	50
0.830708	50
0.831474	50
0.832554	50
0.832562	50
0.832592	50
0.854402	50
0.854403	50
0.854404	50
0.854404	50
0.854405	50
0.854408	50
0.854416	50
0.855219	50
0.855237	50
0.855237	50
0.855253	50
0.864927	50
0.864928	50
0.864928	50
0.864928	50
0.864937	50
0.864949	50
0.864977	50
0.865362	50
0.865365	50
0.865368	50
0.865374	50
0.877101	50
0.906001	50
0.906001	50
0.906002	50
0.906005	50
0.906009	50
0.90601	50
0.906012	50
0.906014	50
0.90603	50
0.926501	50
0.926532	50
0.926541	50
0.931484	50
0.931569	50
0.935567	50
0.935572	50
0.935595	50
0.941564	50
0.941565	50
0.941566	50
0.941569	50
0.941572	50
0.941577	50
0.941583	50
0.961096	50
0.961098	50
0.961099	50
0.9611	50
0.961101	50
0.961103	50
0.961106	50
0.968397	50
0.968398	50
0.968398	50
0.9684	50
0.968417	50
0.969892	50
0.969897	50
0.969915	50
0.970013	50
0.986662	50
0.986666	50
0.986667	50
0.98669	50
0.995842	50
0.995842	50
0.995844	50
0.995846	50
0.995848	50
0.995852	50
0.995853	50
0.995869	50
0.997014	50
0.997021	50
0.997034	50
0.997085	50
1.07667	50
1.07668	50
1.07668	50
1.07668	50
1.07668	50
1.07668	50
1.07668	50
1.07668	50
1.07668	50
1.09009	50
1.09009	50
1.0901	50
1.09011	50
1.09012	50
1.09247	50
1.09249	50
1.1014	50
1.10141	50
1.10144	50
1.1062	50
1.10621	50
1.10621	50
1.10621	50
1.10621	50
1.12289	50
1.1229	50
1.1229	50
1.1229	50
1.1229	50
1.12943	50
1.12943	50
1.12943	50
1.12951	50
1.15171	50
1.15171	50
1.15171	50
1.15171	50
1.15171	50
1.15175	50
1.15569	50
1.1557	50
1.15578	50
1.18502	50
1.18502	50
1.18502	50
1.18502	50
1.18502	50
1.18505	50
1.18507	50
1.19386	50
1.19386	50
1.19386	50
1.19387	50
1.19388	50
1.20418	50
1.20418	50
1.20418	50
1.20418	50
1.20419	50
1.24787	50
1.24787	50
1.24787	50
1.24787	50
1.24787	50
1.24788	50
1.24789	50
1.25573	50
1.28365	50
1.28365	50
1.28365	50
1.28365	50
1.28366	50
1.28366	50
1.28688	50
1.29845	50
1.29845	50
1.29845	50
1.29845	50
1.29845	50
1.31	50
1.31	50
1.31	50
1.31	50
1.31003	50
1.31003	50
1.31215	50
1.31216	50
1.31217	50
1.31218	50
1.3124	50
1.31505	50
1.31506	50
1.31507	50
1.33141	50
1.33141	50
1.33142	50
1.33142	50
1.33143	50
1.33143	50
1.33146	50
1.35836	50
1.35836	50
1.35836	50
1.35836	50
1.35836	50
1.35837	50
1.35867	50
1.36841	50
1.36842	50
1.36844	50
1.37732	50
1.37732	50
1.37733	50
1.37735	50
1.38611	50
1.41126	50
1.41126	50
1.41126	50
1.41127	50
1.41127	50
1.41128	50
1.42039	50
1.4204	50
1.4204	50
1.42077	50
1.42077	50
1.4208	50
1.44745	50
1.44745	50
1.44745	50
1.44745	50
1.44745	50
1.44746	50
1.44747	50
1.4475	50
1.45259	50
1.45259	50
1.45259	50
1.45259	50
1.4526	50
1.45263	50
1.47863	50
1.47863	50
1.47864	50
1.47865	50
1.47867	50
1.47884	50
1.48218	50
1.48218	50
1.48219	50
1.48231	50
1.49429	50
1.49429	50
1.4943	50
1.4943	50
1.49433	50
1.50517	50
1.50517	50
1.50517	50
1.50518	50
1.51147	50
1.51147	50
1.51148	50
1.5115	50
1.5152	50
1.5152	50
1.51525	50
1.52223	50
1.52223	50
1.52223	50
1.52224	50
1.52228	50
1.54492	50
1.54492	50
1.54492	50
1.54493	50
1.54494	50
1.54776	50
1.55072	50
1.55072	50
1.55072	50
1.55162	50
1.57679	50
1.57679	50
1.57679	50
1.57679	50
1.57679	50
1.57681	50
1.57703	50
1.58346	50
1.58347	50
1.58347	50
1.58348	50
1.59193	50
1.59193	50
1.59194	50
1.59196	50
1.61302	50
1.61302	50
1.61302	50
1.61303	50
1.61303	50
1.61304	50
1.61327	50
1.61373	50
1.62056	50
1.62056	50
1.62057	50
1.62057	50
1.6389	50
1.6389	50
1.6389	50
1.63891	50
1.63893	50
1.63919	50
1.63984	50
1.63984	50
1.63985	50
1.63988	50
1.64135	50
1.64136	50
1.64141	50
1.64143	50
1.64152	50
1.64153	50
1.64155	50
1.64631	50
1.64631	50
1.64633	50
1.65332	50
1.65334	50
1.65365	50
1.65642	50
1.68128	50
1.68128	50
1.68128	50
1.68128	50
1.68129	50
1.68129	50
1.6813	50
1.68132	50
1.68143	50
1.68736	50
1.68736	50
1.68736	50
1.68736	50
1.69862	50
1.69863	50
1.69863	50
1.69863	50
1.69865	50
1.70425	50
1.70425	50
1.70426	50
1.7043	50
1.71254	50
1.71254	50
1.71254	50
1.72017	50
1.72017	50
1.72018	50
1.72018	50
1.72018	50
1.72021	50
1.72021	50
1.72392	50
1.72396	50
1.72399	50
1.75009	50
1.75009	50
1.75009	50
1.75009	50
1.7501	50
1.7501	50
1.7501	50
1.75011	50
1.75012	50
1.76682	50
1.76683	50
1.76696	50
1.77771	50
1.77771	50
1.77771	50
1.77782	50
1.77849	50
1.7889	50
1.7889	50
1.7889	50
1.78892	50
1.78904	50
1.79079	50
1.79079	50
1.7908	50
1.81038	50
1.81038	50
1.81041	50
1.83322	50
1.83323	50
1.83323	50
1.83323	50
1.83323	50
1.83323	50
1.85542	50
1.85542	50
1.85542	50
1.85542	50
1.85544	50
1.85544	50
1.87769	50
1.87769	50
1.8777	50
1.8777	50
1.8777	50
1.88037	50
1.88037	50
1.88038	50
1.88041	50
1.88042	50
1.89814	50
1.89814	50
1.89815	50
1.89815	50
1.89816	50
1.89816	50
1.89928	50
1.89929	50
1.8993	50
1.93916	50
1.93916	50
1.93916	50
1.93916	50
1.93916	50
1.93918	50
1.93919	50
1.93919	50
1.93933	50
1.94504	50
1.94506	50
1.94528	50
1.9675	50
1.9675	50
1.9675	50
1.9675	50
1.9675	50
1.96751	50
1.96761	50
1.96944	50
1.96944	50
1.96962	50
1.98047	50
1.98047	50
1.98048	50
1.98059	50
1.98062	50
1.99092	50
1.99092	50
1.99093	50
1.99093	50
1.99135	50
1.9916	50
2.00665	50
2.00666	50
2.00666	50
2.03415	50
2.03416	50
2.03416	50
2.03416	50
2.03417	50
2.03417	50
2.03417	50
2.03426	50
2.03762	50
2.03762	50
2.03765	50
2.0377	50
2.04089	50
2.0409	50
2.04096	50
2.04188	50
2.04981	50
2.04982	50
2.04991	50
2.06229	50
2.0623	50
2.0623	50
2.0623	50
2.06634	50
2.06635	50
2.06635	50
2.07568	50
2.07568	50
2.07568	50
2.07569	50
2.0757	50
2.0757	50
2.07573	50
2.07578	50
2.08558	50
2.08558	50
2.08562	50
2.08781	50
2.08781	50
2.08792	50
2.09936	50
2.09936	50
2.09937	50
2.09938	50
2.09941	50
2.11335	50
2.11335	50
2.11336	50
2.11336	50
2.11336	50
2.11355	50
2.12609	50
2.12609	50
2.13416	50
2.13416	50
2.13416	50
2.13416	50
2.13416	50
2.13418	50
2.13559	50
2.13566	50
2.13777	50
2.13778	50
2.13834	50
2.13834	50
2.13836	50
2.14618	50
2.14618	50
2.14619	50
2.14625	50
2.14631	50
2.14632	50
2.14639	50
2.14639	50
2.1464	50
2.1464	50
2.15575	50
2.15578	50
2.15629	50
2.15629	50
2.1563	50
2.15782	50
2.15782	50
2.15784	50
2.15786	50
2.16789	50
2.16789	50
2.16789	50
2.1679	50
2.16941	50
2.16942	50
2.16947	50
2.16974	50
2.17814	50
2.17814	50
2.17815	50
2.17815	50
2.17815	50
2.17815	50
2.19477	50
2.19477	50
2.19477	50
2.19477	50
2.19477	50
2.19478	50
2.19951	50
2.19952	50
2.19953	50
2.22172	50
2.22172	50
2.22173	50
2.22185	50
2.22955	50
2.22955	50
2.22955	50
2.22956	50
2.2297	50
2.23824	50
2.23824	50
2.23824	50
2.23825	50
2.23825	50
2.23825	50
2.23826	50
2.23826	50
2.23826	50
2.23851	50
2.2443	50
2.24431	50
2.24431	50
2.24444	50
2.24985	50
2.27515	50
2.27515	50
2.27515	50
2.27516	50
2.27517	50
2.27719	50
2.28023	50
2.28024	50
2.28763	50
2.28763	50
2.28764	50
2.28767	50
2.28767	50
2.28774	50
2.29204	50
2.29205	50
2.29208	50
2.29711	50
2.30078	50
2.30078	50
2.30079	50
2.30116	50
2.30151	50
2.32483	50
2.32483	50
2.32484	50
2.32485	50
2.32488	50
2.3254	50
2.34705	50
2.34705	50
2.34705	50
2.34705	50
2.34706	50
2.34707	50
2.34711	50
2.34817	50
2.34818	50
2.34821	50
2.34844	50
2.36475	50
2.36475	50
2.36475	50
2.36475	50
2.36485	50
2.36943	50
2.36943	50
2.36943	50
2.37888	50
2.37888	50
2.37888	50
2.37889	50
2.38331	50
2.39131	50
2.39132	50
2.40413	50
2.40413	50
2.40414	50
2.40414	50
2.40414	50
2.40415	50
2.40443	50
2.40444	50
2.40444	50
2.40445	50
2.40458	50
2.40461	50
2.41095	50
2.41095	50
2.41096	50
2.41096	50
2.41097	50
2.41097	50
2.42482	50
2.42482	50
2.42483	50
2.42483	50
2.42483	50
2.42488	50
2.42505	50
2.43332	50
2.43332	50
2.43334	50
2.45631	50
2.45631	50
2.45632	50
2.45632	50
2.45632	50
2.45633	50
2.46153	50
2.46153	50
2.46155	50
2.47805	50
2.47805	50
2.47805	50
2.47806	50
2.47807	50
2.47811	50
2.48431	50
2.48431	50
2.48432	50
2.48432	50
2.48704	50
2.49316	50
2.49317	50
2.49317	50
2.51088	50
2.51088	50
2.51089	50
2.5109	50
2.51094	50
2.52086	50
2.52087	50
2.52088	50
2.5358	50
2.5358	50
2.5484	50
2.5484	50
2.5484	50
2.54841	50
2.54843	50
2.5494	50
2.54942	50
2.54944	50
2.55152	50
2.55155	50
2.55155	50
2.55263	50
2.56413	50
2.56413	50
2.56414	50
2.56416	50
2.58467	50
2.58467	50
2.58468	50
2.58468	50
2.58469	50
2.59708	50
2.59708	50
2.59708	50
2.59708	50
2.59708	50
2.59709	50
2.59709	50
2.5971	50
2.59711	50
2.59714	50
2.60854	50
2.60854	50
2.60854	50
2.60856	50
2.60865	50
2.61516	50
2.61517	50
2.61517	50
2.61533	50
2.62894	50
2.62895	50
2.6291	50
2.6291	50
2.66913	50
2.66913	50
2.66913	50
2.66914	50
2.66915	50
2.66915	50
2.66917	50
2.66941	50
2.69956	50
2.69956	50
2.69957	50
2.69958	50
2.69958	50
2.6997	50
2.70614	50
2.70615	50
2.70631	50
2.71661	50
2.71661	50
2.71662	50
2.71663	50
2.72292	50
2.72292	50
2.72292	50
2.72293	50
2.72293	50
2.72294	50
2.73522	50
2.73523	50
2.7449	50
2.7449	50
2.7449	50
2.74491	50
2.74495	50
2.74506	50
2.7569	50
2.7569	50
2.7569	50
2.75691	50
2.75692	50
2.7572	50
2.75871	50
2.75872	50
2.75873	50
2.75874	50
2.75875	50
2.75877	50
2.75908	50
2.76983	50
2.76983	50
2.76994	50
2.77766	50
2.77766	50
2.7778	50
2.78281	50
2.78281	50
2.78387	50
2.78388	50
2.78389	50
2.7839	50
2.79257	50
2.79257	50
2.79257	50
2.79258	50
2.80103	50
2.80103	50
2.80103	50
2.80294	50
2.80295	50
2.80296	50
2.81397	50
2.81397	50
2.81398	50
2.81398	50
2.81398	50
2.81398	50
2.81399	50
2.81405	50
2.81794	50
2.82208	50
2.82208	50
2.8221	50
2.82243	50
2.82243	50
2.82245	50
2.82245	50
2.82252	50
2.83296	50
2.83296	50
2.83297	50
2.83297	50
2.83297	50
2.83298	50
2.83298	50
2.83299	50
2.83651	50
2.83651	50
2.83652	50
2.84111	50
2.84116	50
2.8439	50
2.8439	50
2.8439	50
2.84422	50
2.84476	50
2.84476	50
2.84478	50
2.84478	50
2.84481	50
2.84554	50
2.84555	50
2.84569	50
2.85427	50
2.85428	50
2.85428	50
2.85428	50
2.85432	50
2.85509	50
2.8551	50
2.85511	50
2.86586	50
2.86586	50
2.86586	50
2.86587	50
2.86587	50
2.86588	50
2.89921	50
2.89921	50
2.89921	50
2.89921	50
2.89921	50
2.89923	50
2.89924	50
2.90053	50
2.90053	50
2.90053	50
2.90368	50
2.90372	50
2.90479	50
2.94399	50
2.94399	50
2.94399	50
2.944	50
2.944	50
2.944	50
2.944	50
2.95288	50
2.95289	50
2.95289	50
2.99687	50
2.99687	50
2.99687	50
2.99687	50
2.99687	50
2.99688	50
2.99691	50
3.00485	50
3.00485	50
3.00486	50
3.00486	50
3.00486	50
3.00487	50
3.00487	50
3.00501	50
3.00502	50
3.01594	50
3.01594	50
3.01595	50
3.01595	50
3.04375	50
3.04375	50
3.04376	50
3.04377	50
3.04377	50
3.04377	50
3.04393	50
3.05252	50
3.05254	50
3.05426	50
3.05927	50
3.05927	50
3.05927	50
3.0796	50
3.07961	50
3.07961	50
3.07961	50
3.07961	50
3.09482	50
3.09482	50
3.09482	50
3.09482	50
3.09485	50
3.10001	50
3.10002	50
3.10889	50
3.1089	50
3.1089	50
3.10891	50
3.10896	50
3.10912	50
3.10921	50
3.12199	50
3.12199	50
3.122	50
3.12201	50
3.12852	50
3.12852	50
3.12853	50
3.12863	50
3.14009	50
3.14009	50
3.14011	50
3.14011	50
3.14032	50
3.14268	50
3.14269	50
3.14281	50
3.15093	50
3.15093	50
3.17023	50
3.17023	50
3.17023	50
3.17024	50
3.17024	50
3.17024	50
3.17345	50
3.17345	50
3.17346	50
3.17347	50
3.17347	50
3.17356	50
3.1793	50
3.17932	50
3.17934	50
3.17944	50
3.19343	50
3.19343	50
3.19344	50
3.19356	50
3.20368	50
3.20368	50
3.20371	50
3.20372	50
3.20383	50
3.20546	50
3.20547	50
3.20547	50
3.2063	50
3.2063	50
3.20646	50
3.21461	50
3.21461	50
3.21461	50
3.21462	50
3.21466	50
3.23311	50
3.23311	50
3.23312	50
3.23313	50
3.23313	50
3.23315	50
3.23316	50
3.23319	50
3.24441	50
3.24441	50
3.24441	50
3.24441	50
3.24442	50
3.24443	50
3.24453	50
3.24653	50
3.24694	50
3.24737	50
3.24738	50
3.24739	50
3.24739	50
3.24739	50
3.24739	50
3.2475	50
3.27176	50
3.27177	50
3.27177	50
3.27177	50
3.27197	50
3.27658	50
3.28285	50
3.28286	50
3.28292	50
3.32337	50
3.32337	50
3.32337	50
3.32337	50
3.32337	50
3.32338	50
3.32338	50
3.3235	50
3.32363	50
3.32365	50
3.32367	50
3.32442	50
3.34033	50
3.34034	50
3.34034	50
3.34034	50
3.34037	50
3.34037	50
3.34046	50
3.34105	50
3.34105	50
3.34146	50
3.3469	50
3.3469	50
3.34692	50
3.34694	50
3.37885	50
3.37885	50
3.37885	50
3.37885	50
3.37886	50
3.37887	50
3.37889	50
3.37892	50
3.38972	50
3.3952	50
3.3952	50
3.3952	50
3.39522	50
3.39523	50
3.39537	50
3.40354	50
3.4043	50
3.40433	50
3.40434	50
3.40537	50
3.40538	50
3.40543	50
3.41293	50
3.41299	50
3.41781	50
3.41782	50
3.41782	50
3.41784	50
3.42346	50
3.42346	50
3.42347	50
3.42348	50
3.4453	50
3.4453	50
3.4453	50
3.44531	50
3.44532	50
3.44533	50
3.44533	50
3.45853	50
3.45854	50
3.45855	50
3.47376	50
3.47376	50
3.47376	50
3.47376	50
3.47377	50
3.47377	50
3.47383	50
3.48443	50
3.48444	50
3.48453	50
3.50874	50
3.50875	50
3.50875	50
3.50875	50
3.50877	50
3.50878	50
3.51589	50
3.5159	50
3.51591	50
3.53088	50
3.53088	50
3.53094	50
3.54634	50
3.54634	50
3.54635	50
3.54635	50
3.54636	50
3.54642	50
3.5529	50
3.5529	50
3.55291	50
3.56246	50
3.56246	50
3.56247	50
3.56247	50
3.56248	50
3.58772	50
3.58772	50
3.58772	50
3.58772	50
3.58772	50
3.58772	50
3.58773	50
3.60524	50
3.60524	50
3.60525	50
3.60527	50
3.60527	50
3.6053	50
3.62297	50
3.62297	50
3.62298	50
3.62302	50
3.63225	50
3.63225	50
3.63228	50
3.64075	50
3.64076	50
3.6422	50
3.64223	50
3.69464	50
3.69465	50
3.69465	50
3.69465	50
3.69465	50
3.69466	50
3.69466	50
3.69467	50
3.69505	50
3.69656	50
3.69946	50
3.69946	50
3.69946	50
3.69947	50
3.69948	50
3.69954	50
3.7094	50
3.7094	50
3.70941	50
3.70941	50
3.70943	50
3.71837	50
3.71837	50
3.71837	50
3.71841	50
3.74373	50
3.74374	50
3.74374	50
3.74374	50
3.74374	50
3.74375	50
3.76008	50
3.76008	50
3.76009	50
3.76009	50
3.76012	50
3.76016	50
3.76044	50
3.76044	50
3.76045	50
3.76045	50
3.7608	50
3.78225	50
3.78225	50
3.78226	50
3.78228	50
3.78228	50
3.78235	50
3.78451	50
3.78452	50
3.78455	50
3.78541	50
3.78715	50
3.78716	50
3.78718	50
3.78753	50
3.79829	50
3.79829	50
3.79829	50
3.79848	50
3.80123	50
3.80123	50
3.80123	50
3.80146	50
3.80302	50
3.80304	50
3.80317	50
3.80675	50
3.80675	50
3.8068	50
3.81805	50
3.81805	50
3.81806	50
3.81806	50
3.81871	50
3.8343	50
3.8343	50
3.83432	50
3.83437	50
3.83446	50
3.84191	50
3.84191	50
3.84192	50
3.8421	50
3.85365	50
3.85365	50
3.85367	50
3.85368	50
3.85397	50
3.85646	50
3.85646	50
3.85649	50
3.9243	50
3.9243	50
3.92431	50
3.92432	50
3.92432	50
3.92435	50
3.92436	50
3.92487	50
3.93038	50
3.93039	50
3.93046	50
3.93057	50
3.93092	50
3.93094	50
3.93114	50
3.93422	50
3.95691	50
3.95691	50
3.95692	50
3.95692	50
3.95693	50
3.95694	50
3.96219	50
3.96219	50
3.96219	50
3.96219	50
3.9622	50
3.96224	50
3.96246	50
4.00174	50
4.00174	50
4.00174	50
4.00178	50
4.00179	50
4.0018	50
4.00186	50
4.00189	50
4.01237	50
4.01237	50
4.01252	50
4.0197	50
4.01972	50
4.01973	50
4.01991	50
4.01993	50
4.02529	50
4.0253	50
4.02531	50
4.02569	50
4.03449	50
4.03449	50
4.03449	50
4.03468	50
4.03506	50
4.054	50
4.054	50
4.054	50
4.05401	50
4.05401	50
4.05493	50
4.08029	50
4.08029	50
4.0803	50
4.0803	50
4.0803	50
4.08031	50
4.0807	50
4.08633	50
4.08634	50
4.08636	50
4.08638	50
4.08652	50
4.08758	50
4.08789	50
4.0885	50
4.09641	50
4.11426	50
4.11426	50
4.11426	50
4.11427	50
4.11428	50
4.11428	50
4.11518	50
4.13924	50
4.13925	50
4.13925	50
4.13929	50
4.13929	50
4.1536	50
4.15361	50
4.15361	50
4.15364	50
4.17683	50
4.17683	50
4.17684	50
4.17684	50
4.17686	50
4.17687	50
4.17797	50
4.2033	50
4.20331	50
4.20331	50
4.20331	50
4.20331	50
4.20335	50
4.20346	50
4.21954	50
4.21955	50
4.21955	50
4.21957	50
4.21959	50
4.21986	50
4.22307	50
4.24932	50
4.24932	50
4.24933	50
4.24934	50
4.24934	50
4.24934	50
4.24935	50
4.24938	50
4.24955	50
4.25997	50
4.25998	50
4.25999	50
4.26145	50
4.27565	50
4.27567	50
4.27929	50
4.2793	50
4.27931	50
4.27931	50
4.27931	50
4.28026	50
4.28029	50
4.28029	50
4.28032	50
4.28959	50
4.28959	50
4.28961	50
4.28971	50
4.30166	50
4.30166	50
4.30166	50
4.30169	50
4.30169	50
4.3017	50
4.31609	50
4.3161	50
4.31612	50
4.31613	50
4.31613	50
4.31695	50
4.32091	50
4.3257	50
4.32571	50
4.32572	50
4.3259	50
4.33989	50
4.33994	50
4.34844	50
4.34844	50
4.34844	50
4.34845	50
4.34845	50
4.34864	50
4.35117	50
4.35117	50
4.35118	50
4.3517	50
4.40191	50
4.40191	50
4.40191	50
4.40191	50
4.40194	50
4.40194	50
4.40761	50
4.40762	50
4.40763	50
4.40768	50
4.41933	50
4.41934	50
4.41934	50
4.41935	50
4.41938	50
4.43283	50
4.43283	50
4.43283	50
4.43451	50
4.43451	50
4.43453	50
4.43938	50
4.43938	50
4.43938	50
4.43939	50
4.4394	50
4.44043	50
4.45293	50
4.45293	50
4.45293	50
4.45294	50
4.45294	50
4.45341	50
4.47358	50
4.47358	50
4.47358	50
4.47359	50
4.47368	50
4.4939	50
4.4939	50
4.4939	50
4.49391	50
4.49392	50
4.49392	50
4.49392	50
4.49393	50
4.49397	50
4.49444	50
4.50334	50
4.50336	50
4.504	50
4.50407	50
4.50408	50
4.50408	50
4.50417	50
4.55707	50
4.55707	50
4.55708	50
4.55708	50
4.55708	50
4.55708	50
4.55709	50
4.55709	50
4.55747	50
4.55925	50
4.55925	50
4.55975	50
4.56538	50
4.5654	50
4.56583	50
4.56972	50
4.56974	50
4.56999	50
4.57262	50
4.57263	50
4.57266	50
4.5871	50
4.58711	50
4.58712	50
4.58712	50
4.58713	50
4.58714	50
4.58776	50
4.58951	50
4.58951	50
4.59063	50
4.59637	50
4.59646	50
4.59682	50
4.60883	50
4.60884	50
4.60885	50
4.60887	50
4.6097	50
4.61744	50
4.61745	50
4.61748	50
4.61756	50
4.61959	50
4.61959	50
4.62055	50
4.63256	50
4.63256	50
4.63256	50
4.63257	50
4.63262	50
4.63385	50
4.63686	50
4.63859	50
4.63861	50
4.63932	50
4.64483	50
4.64483	50
4.64484	50
4.64487	50
4.65561	50
4.65561	50
4.65561	50
4.65562	50
4.65563	50
4.6559	50
4.6601	50
4.66011	50
4.66023	50
4.68136	50
4.68137	50
4.68137	50
4.68137	50
4.68137	50
4.68138	50
4.68138	50
4.68234	50
4.68646	50
4.68647	50
4.68783	50
4.69011	50
4.69015	50
4.69085	50
4.73943	50
4.73943	50
4.73944	50
4.73944	50
4.73945	50
4.73946	50
4.73946	50
4.73946	50
4.74102	50
4.74207	50
4.74208	50
4.7448	50
4.7448	50
4.7448	50
4.74481	50
4.74481	50
4.74483	50
4.77999	50
4.77999	50
4.78	50
4.78001	50
4.78011	50
4.78013	50
4.78194	50
4.78194	50
4.78199	50
4.78223	50
4.78226	50
4.78227	50
4.78232	50
4.78376	50
4.78579	50
4.78705	50
4.82257	50
4.82257	50
4.82257	50
4.82257	50
4.82259	50
4.82259	50
4.82261	50
4.82262	50
4.828	50
4.82801	50
4.82801	50
4.82802	50
4.82802	50
4.82918	50
4.84874	50
4.84875	50
4.84875	50
4.84876	50
4.84879	50
4.84912	50
4.84914	50
4.84918	50
4.85355	50
4.85424	50
4.86299	50
4.863	50
4.86303	50
4.87607	50
4.87608	50
4.87608	50
4.8761	50
4.88622	50
4.88624	50
4.88624	50
4.88626	50
4.89925	50
4.89925	50
4.89925	50
4.89926	50
4.89931	50
4.89971	50
4.90159	50
4.90166	50
4.90197	50
4.90272	50
4.92216	50
4.92216	50
4.92217	50
4.92219	50
4.92445	50
4.92545	50
4.93076	50
4.95293	50
4.95294	50
4.95294	50
4.95294	50
4.95294	50
4.95295	50
4.95295	50
4.95296	50
4.95296	50
4.95305	50
4.96606	50
4.96607	50
4.96607	50
4.96607	50
4.96629	50
4.98479	50
4.98483	50
5.00419	50
5.00419	50
5.00419	50
5.0042	50
5.00421	50
5.00427	50
5.03534	50
5.03535	50
5.03536	50
5.03536	50
5.03536	50
5.03536	50
5.03537	50
5.03544	50
5.03575	50
5.04204	50
5.04206	50
5.04206	50
5.04208	50
5.04273	50
5.04346	50
5.04348	50
5.04484	50
5.04919	50
5.04919	50
5.0492	50
5.0492	50
5.04924	50
5.04951	50
5.05405	50
5.05405	50
5.05408	50
5.05491	50
5.05782	50
5.06164	50
5.14408	50
5.14408	50
5.14408	50
5.14408	50
5.14408	50
5.14408	50
5.14409	50
5.14409	50
5.1441	50
5.14577	50
5.15001	50
5.15002	50
5.15003	50
5.15012	50
5.15264	50
5.22438	50
5.22439	50
5.22439	50
5.2244	50
5.2244	50
5.22441	50
5.22444	50
5.22446	50
5.2247	50
5.22894	50
5.23347	50
5.23347	50
5.23348	50
5.2348	50
5.23528	50
5.23528	50
5.23628	50
5.24435	50
5.24435	50
5.24435	50
5.24487	50
5.24569	50
5.2457	50
5.24647	50
5.31175	50
5.31175	50
5.31176	50
5.31177	50
5.31178	50
5.31179	50
5.31181	50
5.3127	50
5.33743	50
5.33743	50
5.33743	50
5.33743	50
5.33744	50
5.33747	50
5.33841	50
5.34269	50
5.35637	50
5.35637	50
5.35638	50
5.3564	50
5.35645	50
5.3571	50
5.36143	50
5.39448	50
5.39448	50
5.39449	50
5.39449	50
5.3945	50
5.39454	50
5.39463	50
5.39481	50
5.39676	50
5.41642	50
5.41642	50
5.41643	50
5.41803	50
5.41997	50
5.41997	50
5.42	50
5.42005	50
5.45777	50
5.45777	50
5.45777	50
5.45778	50
5.45778	50
5.45778	50
5.4578	50
5.46397	50
5.47128	50
5.47128	50
5.47133	50
5.47136	50
5.47166	50
5.49287	50
5.4929	50
5.4929	50
5.56006	50
5.56006	50
5.56006	50
5.56006	50
5.56007	50
5.56008	50
5.56011	50
5.56015	50
5.56041	50
5.56054	50
5.57607	50
5.57619	50
5.67619	50
5.67619	50
5.67619	50
5.67619	50
5.67621	50
5.67623	50
5.67623	50
5.67624	50
5.67624	50
5.71437	50
5.71438	50
5.71438	50
5.71438	50
5.71439	50
5.71441	50
5.71442	50
5.71442	50
5.71444	50
5.71834	50
5.71939	50
5.72394	50
5.72396	50
5.7249	50
5.73989	50
5.74949	50
5.74949	50
5.74949	50
5.74951	50
5.74951	50
5.74953	50
5.74976	50
5.83239	50
5.83239	50
5.83239	50
5.8324	50
5.83242	50
5.83245	50
5.83246	50
5.83247	50
5.83394	50
5.83395	50
5.83395	50
5.83397	50
5.83691	50
5.83692	50
5.83693	50
5.84138	50
5.85615	50
5.85616	50
5.85616	50
5.85616	50
5.85621	50
5.86326	50
5.86541	50
5.86553	50
5.86566	50
5.87097	50
5.88142	50
5.88142	50
5.88143	50
5.88148	50
5.88176	50
5.88553	50
5.88553	50
5.88553	50
5.88563	50
5.96191	50
5.96191	50
5.96191	50
5.96194	50
5.96197	50
5.96197	50
5.96202	50
5.96465	50
5.9765	50
5.9765	50
5.97652	50
5.98303	50
5.98324	50
6.01244	50
6.01245	50
6.01246	50
6.01246	50
6.01247	50
6.01247	50
6.01248	50
6.01263	50
6.02107	50
6.02231	50
6.02232	50
6.02232	50
6.02658	50
6.0391	50
6.0391	50
6.0391	50
6.03918	50
6.0394	50
6.0416	50
6.04161	50
6.04162	50
6.04847	50
6.04849	50
6.05175	50
6.07005	50
6.07008	50
6.0701	50
6.07021	50
6.07576	50
6.07577	50
6.07579	50
6.07967	50
6.08967	50
6.08968	50
6.08973	50
6.09383	50
6.18982	50
6.18982	50
6.18983	50
6.18984	50
6.18988	50
6.18989	50
6.19023	50
6.19508	50
6.20108	50
6.20108	50
6.22349	50
6.22353	50
6.22367	50
6.22367	50
6.22385	50
6.22578	50
6.23259	50
6.23259	50
6.23262	50
6.25112	50
6.2512	50
6.25269	50
6.2806	50
6.2806	50
6.28061	50
6.28061	50
6.28062	50
6.28089	50
6.29072	50
6.29072	50
6.29765	50
6.29788	50
6.32728	50
6.32728	50
6.3273	50
6.32732	50
6.32733	50
6.32738	50
6.32752	50
6.32757	50
6.32757	50
6.32759	50
6.3276	50
6.32812	50
6.32813	50
6.32814	50
6.32828	50
6.32926	50
6.34659	50
6.34661	50
6.34675	50
6.35188	50
6.3519	50
6.3519	50
6.35192	50
6.35195	50
6.35337	50
6.39378	50
6.39378	50
6.39378	50
6.3938	50
6.3938	50
6.39386	50
6.39387	50
6.39395	50
6.40494	50
7.13969	50
7.1397	50
7.1397	50
7.13971	50
7.13972	50
7.13978	50
7.14046	50
7.14241	50
7.14289	50
7.14424	50
7.14582	50
7.14582	50
7.14585	50
7.16353	50
7.16357	50
7.16382	50
7.16482	50
7.16484	50
7.16487	50
7.2866	50
7.2866	50
7.2866	50
7.28661	50
7.28661	50
7.28663	50
7.28663	50
7.28667	50
7.28683	50
7.3375	50
7.33751	50
7.33751	50
7.33752	50
7.33753	50
7.33759	50
7.33768	50
7.3377	50
7.38249	50
7.38251	50
7.38252	50
7.38252	50
7.38257	50
7.38258	50
7.38266	50
7.38326	50
7.42247	50
7.42248	50
7.42248	50
7.4225	50
7.42254	50
7.42257	50
7.42273	50
7.42746	50
7.42746	50
7.42747	50
7.42748	50
7.42764	50
7.43255	50
7.43255	50
7.4326	50
7.43263	50
7.46227	50
7.46228	50
7.46229	50
7.46232	50
7.46256	50
7.89398	50
7.89398	50
7.89398	50
7.89405	50
7.89406	50
7.89406	50
7.89413	50
7.89419	50
7.94094	50
7.94096	50
7.94097	50
7.94098	50
7.94101	50
7.94126	50
7.95724	50
7.95725	50
7.95733	50
7.95758	50
7.98882	50
7.98883	50
7.98883	50
7.98886	50
7.98888	50
7.9889	50
7.98892	50
7.98902	50
7.98919	50
8.38653	50
8.38653	50
8.38654	50
8.38657	50
8.38657	50
8.38661	50
9.0895	50
9.08951	50
9.08952	50
9.08953	50
9.08953	50
9.08956	50
9.08982	50
10.0124	50
10.0124	50
10.0124	50
10.0124	50
10.0124	50
10.0125	50
10.0126	50
10.0126	50
10.0128	50
10.6726	50
10.6726	50
10.6726	50
10.6726	50
10.6726	50
10.6729	50
11.0862	50
11.0863	50
11.0863	50
11.0863	50
11.0863	50
11.0864	50
11.0867	50
11.0872	50
11.2675	50
11.2676	50
11.2676	50
11.2676	50
11.2677	50
11.2679	50
11.2679	50
11.3687	50
11.3688	50
11.3688	50
11.3688	50
11.3689	50
11.369	50
11.3712	50
11.7656	50
11.7656	50
11.7657	50
11.7657	50
11.7658	50
11.766	50
11.7675	50
12.9333	50
12.9333	50
12.9334	50
12.9334	50
12.9335	50
12.9337	50
12.9343	50
13.2626	50
13.2626	50
13.2626	50
13.2627	50
13.2627	50
13.2627	50
13.2637	50
13.6243	50
13.6243	50
13.6244	50
13.6244	50
13.6244	50
13.6244	50
13.6247	50
13.7229	50
13.7229	50
13.7229	50
13.723	50
13.723	50
13.723	50
13.7231	50
13.7231	50
14.8124	50
14.8124	50
14.8125	50
14.8125	50
14.8126	50
14.8126	50
14.8129	50
14.855	50
14.855	50
14.8551	50
14.8552	50
14.8552	50
15.7908	50
15.7908	50
15.7909	50
15.7909	50
15.7909	50
15.791	50
15.7912	50
15.7914	50
18.4283	50
18.4283	50
18.4283	50
18.4283	50
18.4283	50
18.4283	50
18.4286	50
18.4287	50
18.6435	50
18.6435	50
18.6435	50
18.6435	50
18.6435	50
18.6436	50
18.6436	50
18.6438	50
18.6532	50
18.6532	50
18.6532	50
18.6533	50
18.6533	50
20.0284	50
20.0284	50
20.0284	50
20.0285	50
20.0287	50
20.0287	50
20.0287	50
20.2835	50
20.2835	50
20.2835	50
20.2835	50
20.2836	50
20.2836	50
20.284	50
20.573	50
20.5731	50
20.5731	50
20.5732	50
20.5733	50
20.5733	50
20.7534	50
20.7535	50
20.7535	50
20.7535	50
20.7535	50
20.7536	50
20.7542	50
20.7756	50
20.7756	50
20.7759	50
20.7759	50
21.0594	50
21.0595	50
21.0595	50
21.0595	50
21.0595	50
21.0596	50
21.0597	50
21.0599	50
22.1525	50
22.1525	50
22.1525	50
22.1525	50
22.1525	50
22.1527	50
22.3005	50
22.3006	50
22.3006	50
22.3007	50
22.3007	50
22.3007	50
22.3007	50
22.3008	50
23.032	50
23.032	50
23.0321	50
23.0321	50
23.0322	50
23.0323	50
23.0326	50
23.0326	50
26.9287	50
26.9287	50
26.9287	50
26.9288	50
26.9288	50
26.929	50
26.9295	50
28.2875	50
28.2875	50
28.2875	50
28.2876	50
28.2878	50
28.2879	50
28.2879	50
28.4696	50
28.4696	50
28.4696	50
28.4696	50
28.4696	50
28.4697	50
29.4389	50
29.4389	50
29.4389	50
29.439	50
29.439	50
29.4392	50
29.4392	50
30.833	50
30.8331	50
30.8331	50
30.8331	50
30.8331	50
30.8332	50
30.8332	50
30.8334	50
32.693	50
32.693	50
32.693	50
32.6931	50
32.6932	50
32.6934	50
33.5564	50
33.5564	50
33.5564	50
33.5564	50
33.5565	50
33.5565	50
33.5565	50
33.5565	50
33.7605	50
33.7605	50
33.7605	50
33.7606	50
33.7606	50
33.7607	50
33.7611	50
33.8426	50
33.8426	50
33.8426	50
33.8427	50
33.8428	50
33.8429	50
33.8452	50
33.9797	50
33.9798	50
33.9798	50
33.9798	50
33.9799	50
33.9799	50
33.9802	50
33.9808	50
34.2873	50
34.2873	50
34.2874	50
34.2875	50
34.2875	50
34.2877	50
34.2885	50
35.5067	50
35.5067	50
35.5068	50
35.5068	50
35.5069	50
35.5071	50
36.0211	50
36.0212	50
36.0212	50
36.0212	50
36.0212	50
36.0212	50
36.0213	50
36.0215	50
36.3643	50
36.3643	50
36.3643	50
36.3644	50
36.3645	50
36.3646	50
36.3654	50
36.3655	50
36.3886	50
36.3886	50
36.3887	50
36.3888	50
36.3889	50
36.9764	50
36.9764	50
36.9765	50
36.9765	50
36.9765	50
36.9765	50
36.9779	50
38.0504	50
38.0504	50
38.0504	50
38.0505	50
38.0505	50
38.0505	50
38.0507	50
38.286	50
38.286	50
38.2861	50
38.2861	50
38.2863	50
38.2866	50
38.2867	50
38.6485	50
38.6485	50
38.6485	50
38.6486	50
38.6486	50
38.6486	50
38.6487	50
40.8805	50
40.8805	50
40.8805	50
40.8805	50
40.8806	50
40.8807	50
40.8807	50
40.9558	50
40.9559	50
40.9559	50
40.9559	50
40.9559	50
40.956	50
40.9563	50
41.7197	50
41.7197	50
41.7197	50
41.7197	50
41.7198	50
41.7199	50
41.7205	50
41.7472	50
41.7472	50
41.7472	50
41.7474	50
41.7474	50
41.7489	50
41.8368	50
41.8368	50
41.8369	50
41.8369	50
41.8369	50
41.8369	50
41.8374	50
43.0428	50
43.0428	50
43.0429	50
43.0429	50
43.0429	50
43.0432	50
43.0434	50
43.7101	50
43.7101	50
43.7101	50
43.7101	50
43.7101	50
43.7102	50
43.7105	50
44.8367	50
44.8367	50
44.8367	50
44.8367	50
44.8368	50
44.837	50
44.8371	50
44.8373	50
45.072	50
45.072	50
45.072	50
45.072	50
45.0721	50
45.0721	50
45.0725	50
45.0726	50
45.6522	50
45.6522	50
45.6522	50
45.6522	50
45.6522	50
45.6522	50
45.6523	50
46.5869	50
46.5869	50
46.5869	50
46.5869	50
46.5869	50
46.587	50
46.5874	50
47.0084	50
47.0085	50
47.0085	50
47.0085	50
47.0087	50
47.0088	50
47.0088	50
47.3166	50
47.3166	50
47.3166	50
47.3166	50
47.3167	50
47.3167	50
47.3171	50
47.6967	50
47.6967	50
47.6967	50
47.6967	50
47.6968	50
47.6968	50
47.6969	50
47.751	50
47.751	50
47.7511	50
47.7511	50
47.7511	50
47.7514	50
47.7519	50
47.7539	50
47.7576	50
47.7577	50
47.7578	50
47.8597	50
47.8597	50
47.8597	50
47.8598	50
47.8598	50
47.8598	50
47.8599	50
48.039	50
48.0391	50
48.0391	50
48.0391	50
48.0393	50
48.0396	50
48.0417	50
48.1192	50
48.1192	50
48.1192	50
48.1192	50
48.1192	50
48.1194	50
50.3018	50
50.3018	50
50.3018	50
50.3019	50
50.302	50
50.302	50
50.3026	50
51.6975	50
51.6975	50
51.6975	50
51.6975	50
51.6976	50
51.6977	50
51.6992	50
52.0099	50
52.0099	50
52.0099	50
52.0099	50
52.0101	50
52.0102	50
53.6658	50
53.6658	50
53.6658	50
53.6658	50
53.6658	50
53.6658	50
53.6659	50
53.666	50
53.6663	50
56.3061	50
56.3061	50
56.3061	50
56.3061	50
56.3062	50
56.3062	50
56.3064	50
56.3073	50
56.3073	50
56.3076	50
57.4496	50
57.4496	50
57.4496	50
57.4497	50
57.4497	50
57.4499	50
57.45	50
57.4827	50
57.4827	50
57.4828	50
57.4828	50
57.4828	50
57.9006	50
57.9007	50
57.9007	50
57.9007	50
57.9008	50
57.901	50
57.9021	50
58.6635	50
58.6635	50
58.6636	50
58.6636	50
58.6636	50
58.6637	50
59.8304	50
59.8304	50
59.8305	50
59.8305	50
59.8307	50
59.831	50
59.831	50
59.8332	50
59.8715	50
59.8715	50
59.8715	50
59.8715	50
59.8717	50
60.4931	50
60.4931	50
60.4931	50
60.4932	50
60.4932	50
60.4934	50
60.4934	50
60.4938	50
60.9373	50
60.9373	50
60.9374	50
60.9374	50
60.9375	50
60.9375	50
60.9379	50
61.0842	50
61.0842	50
61.0842	50
61.0842	50
61.0842	50
61.0844	50
61.0845	50
61.2493	50
61.2493	50
61.2494	50
61.2495	50
61.2495	50
61.2496	50
61.2497	50
61.2634	50
61.2635	50
61.2636	50
61.2637	50
61.6301	50
61.6301	50
61.6301	50
61.6302	50
61.6302	50
61.6303	50
61.6305	50
63.3271	50
63.3271	50
63.3271	50
63.3272	50
63.3274	50
63.3274	50
63.3275	50
63.3289	50
64.5017	50
64.5017	50
64.5017	50
64.5017	50
64.5017	50
64.5019	50
64.5019	50
64.7831	50
64.7831	50
64.7831	50
64.7831	50
64.7832	50
64.7834	50
64.7835	50
65.3089	50
65.3089	50
65.309	50
65.309	50
65.309	50
65.309	50
65.309	50
65.3092	50
65.985	50
65.985	50
65.985	50
65.9851	50
65.9852	50
65.9852	50
65.986	50
66.3935	50
66.3935	50
66.3935	50
66.3936	50
66.3936	50
66.3937	50
66.3937	50
66.6586	50
66.6586	50
66.6586	50
66.6586	50
66.6589	50
66.6589	50
66.6592	50
67.6973	50
67.6973	50
67.6973	50
67.6974	50
67.6974	50
67.6974	50
68.0756	50
68.0756	50
68.0757	50
68.0757	50
68.0758	50
68.0758	50
68.0769	50
68.0772	50
68.0776	50
69.2191	50
69.2191	50
69.2191	50
69.2192	50
69.2192	50
69.2193	50
69.2215	50
69.4221	50
69.4221	50
69.4221	50
69.4222	50
69.4222	50
69.4223	50
69.4233	50
69.7455	50
69.7455	50
69.7455	50
69.7456	50
69.7457	50
69.7458	50
69.7458	50
69.8161	50
69.8161	50
69.8161	50
69.8162	50
69.8162	50
69.8163	50
69.8165	50
70.4227	50
70.4228	50
70.4228	50
70.4228	50
70.4228	50
70.4229	50
70.423	50
70.8643	50
70.8643	50
70.8643	50
70.8644	50
70.8645	50
70.8646	50
70.8653	50
71.1155	50
71.1156	50
71.1156	50
71.1157	50
71.1157	50
71.1158	50
71.1159	50
71.4825	50
71.4825	50
71.4825	50
71.4826	50
71.4827	50
71.4831	50
71.4836	50
71.6649	50
71.6649	50
71.6649	50
71.6649	50
71.665	50
71.6652	50
74.8214	50
74.8215	50
74.8215	50
74.8215	50
74.8215	50
74.8216	50
74.8225	50
75.3632	50
75.3632	50
75.3632	50
75.3634	50
75.3635	50
75.3635	50
75.3637	50
75.6948	50
75.6948	50
75.6948	50
75.6948	50
75.6951	50
75.6952	50
75.6953	50
75.6955	50
76.8782	50
76.8782	50
76.8784	50
76.8784	50
76.8784	50
76.8786	50
76.8805	50
76.9531	50
76.9531	50
76.9531	50
76.9531	50
76.9532	50
76.9536	50
77.0828	50
77.0828	50
77.0829	50
77.083	50
77.0831	50
77.0831	50
77.5752	50
77.5752	50
77.5752	50
77.5752	50
77.5753	50
77.5754	50
77.5756	50
77.5757	50
77.576	50
78.0787	50
78.0787	50
78.0787	50
78.0787	50
78.0787	50
78.0789	50
78.0791	50
81.546	50
81.5461	50
81.5461	50
81.5461	50
81.5461	50
81.5462	50
81.5466	50
81.5466	50
81.5471	50
81.5488	50
81.5774	50
81.5774	50
81.5774	50
81.5775	50
81.5782	50
81.579	50
81.8276	50
81.8276	50
81.8276	50
81.8277	50
81.8277	50
81.828	50
81.8281	50
81.8282	50
82.6222	50
82.6222	50
82.6223	50
82.6223	50
82.6223	50
82.6225	50
82.6228	50
82.6229	50
82.7564	50
82.7564	50
82.7564	50
82.7565	50
82.7566	50
82.7566	50
82.7566	50
84.1301	50
84.1301	50
84.1301	50
84.1301	50
84.1301	50
84.1302	50
84.1304	50
84.4241	50
84.4242	50
84.4242	50
84.4242	50
84.4242	50
84.4242	50
84.4243	50
86.2646	50
86.2647	50
86.2647	50
86.2648	50
86.2649	50
86.2651	50
87.1195	50
87.1195	50
87.1195	50
87.1195	50
87.1197	50
87.1197	50
87.1197	50
87.1198	50
88.6519	50
88.6519	50
88.6519	50
88.652	50
88.652	50
88.6521	50
88.6521	50
89.8896	50
89.8897	50
89.8897	50
89.8897	50
89.8897	50
89.8897	50
89.8897	50
90.7065	50
90.7065	50
90.7065	50
90.7065	50
90.7065	50
90.7071	50
90.7072	50
90.8026	50
90.8026	50
90.8027	50
90.8027	50
90.8027	50
90.803	50
90.8034	50
91.2407	50
91.2408	50
91.2408	50
91.2408	50
91.2408	50
91.2408	50
91.2415	50
91.2421	50
91.4354	50
91.4354	50
91.4354	50
91.4355	50
91.4355	50
91.4355	50
91.4356	50
91.6794	50
91.6794	50
91.6794	50
91.6794	50
91.6795	50
91.6799	50
91.68	50
91.6803	50
91.8309	50
91.8309	50
91.831	50
91.831	50
91.8311	50
91.8312	50
91.8313	50
91.8313	50
92.5592	50
92.5593	50
92.5593	50
92.5593	50
92.5594	50
92.5594	50
92.5595	50
92.5596	50
92.7564	50
92.7564	50
92.7564	50
92.7564	50
92.7565	50
92.7565	50
92.8756	50
92.8756	50
92.8756	50
92.8756	50
92.8757	50
92.8757	50
92.8763	50
92.8768	50
92.8782	50
93.7621	50
93.7621	50
93.7621	50
93.7621	50
93.7622	50
93.7628	50
93.7633	50
94.0093	50
94.0094	50
94.0094	50
94.0094	50
94.0094	50
94.01	50
94.01	50
94.0101	50
94.2638	50
94.2638	50
94.2639	50
94.2639	50
94.2639	50
94.2639	50
94.2639	50
94.4216	50
94.4216	50
94.4216	50
94.4217	50
94.4217	50
94.4217	50
94.4218	50
94.4219	50
95.4183	50
95.4183	50
95.4183	50
95.4185	50
95.4185	50
95.4187	50
95.4189	50
95.4192	50
96.0622	50
96.0622	50
96.0622	50
96.0623	50
96.0623	50
96.0627	50
96.7237	50
96.7237	50
96.7237	50
96.7238	50
96.7239	50
96.7239	50
96.7241	50
96.7245	50
97.8715	50
97.8715	50
97.8716	50
97.8716	50
97.8716	50
97.8716	50
97.8719	50
97.8719	50
97.8721	50
97.8722	50
97.8726	50
99.4325	50
99.4325	50
99.4325	50
99.4326	50
99.4328	50
99.433	50
99.4635	50
99.4635	50
99.4636	50
99.4637	50
99.4637	50
99.4641	50
99.4642	50
