4.39158e-11	0
1.20015e-10	1
1.60609e-10	2
1.77359e-10	3
1.7979e-10	4
2.55866e-10	5
4.26989e-10	6
4.34763e-10	7
4.45921e-10	8
4.56297e-10	9
4.57297e-10	10
4.71186e-10	10
4.8768e-10	11
5.3588e-10	12
7.7435e-10	13
8.74956e-10	14
8.87756e-10	15
9.12381e-10	16
1.23229e-09	17
1.42562e-09	18
1.66307e-09	19
1.71024e-09	20
1.77026e-09	21
1.78211e-09	22
1.8068e-09	23
1.82376e-09	24
1.87269e-09	25
1.89801e-09	26
2.19139e-09	27
2.57158e-09	28
2.5797e-09	29
2.60242e-09	30
3.20354e-09	31
3.24877e-09	32
3.68506e-09	33
3.78411e-09	33
3.81505e-09	34
3.81607e-09	35
4.17254e-09	36
4.28814e-09	37
4.35673e-09	38
4.71431e-09	39
4.73365e-09	40
5.09261e-09	41
5.22949e-09	42
5.93785e-09	43
6.17866e-09	44
6.82276e-09	45
7.89661e-09	46
8.17982e-09	47
1.00836e-08	48
1.66962e-08	48
1.98527e-08	48
3.15502e-08	48
3.2979e-08	48
4.14469e-08	48
4.2611e-08	48
4.28287e-08	48
4.74046e-08	48
4.80099e-08	49
5.78945e-08	49
6.13202e-08	49
6.3287e-08	49
6.76014e-08	49
6.80225e-08	49
7.30952e-08	49
7.80987e-08	49
8.24662e-08	49
8.55072e-08	49
9.67574e-08	49
1.01536e-07	49
1.04441e-07	49
1.07629e-07	49
1.09139e-07	49
1.09541e-07	49
1.11011e-07	49
1.27087e-07	49
1.29853e-07	49
1.37855e-07	49
1.49739e-07	49
1.52358e-07	49
1.58718e-07	49
1.62585e-07	49
1.63543e-07	49
1.69701e-07	49
1.76946e-07	49
1.79449e-07	49
1.79869e-07	49
1.80899e-07	49
1.81228e-07	49
1.87631e-07	49
1.92235e-07	49
1.93399e-07	49
2.05543e-07	49
2.13724e-07	49
2.13901e-07	49
2.14702e-07	49
2.16243e-07	49
2.18992e-07	49
2.26926e-07	49
2.30067e-07	49
2.31503e-07	49
2.32051e-07	49
2.37357e-07	49
2.43701e-07	49
2.54017e-07	49
2.54814e-07	49
2.69941e-07	49
2.76601e-07	49
2.84265e-07	49
2.97218e-07	49
3.09417e-07	49
3.17421e-07	49
3.2232e-07	49
3.25926e-07	49
3.26743e-07	49
3.34708e-07	49
3.4164e-07	49
3.46113e-07	49
3.49626e-07	49
3.58551e-07	49
3.60409e-07	49
3.69045e-07	49
3.70099e-07	49
3.82451e-07	49
3.95151e-07	49
4.04163e-07	49
4.07981e-07	49
4.26328e-07	49
4.28167e-07	49
4.42484e-07	49
4.43613e-07	49
4.4419e-07	49
4.47052e-07	49
4.56971e-07	49
4.59757e-07	49
4.59762e-07	49
4.6828e-07	49
4.7015e-07	49
4.82075e-07	49
4.87343e-07	49
4.93953e-07	49
5.05904e-07	49
5.05992e-07	49
5.12815e-07	49
5.13339e-07	49
5.20883e-07	49
5.29834e-07	49
5.3075e-07	49
5.49022e-07	49
5.50026e-07	49
5.5017e-07	49
5.51736e-07	49
5.52731e-07	49
5.54585e-07	49
5.60729e-07	49
5.77996e-07	49
5.79002e-07	49
5.98632e-07	49
6.08588e-07	49
6.10959e-07	49
6.17422e-07	49
6.1822e-07	49
6.3204e-07	49
6.32658e-07	49
6.38556e-07	49
6.41573e-07	49
6.46659e-07	49
6.53385e-07	49
6.53441e-07	49
6.59977e-07	49
6.9018e-07	49
6.94076e-07	49
7.01872e-07	49
7.18751e-07	49
7.19395e-07	49
7.27336e-07	49
7.39888e-07	49
7.40708e-07	49
7.55483e-07	49
7.56159e-07	49
7.72524e-07	49
7.80954e-07	49
7.91759e-07	49
7.9725e-07	49
7.97612e-07	49
8.05415e-07	49
8.11327e-07	49
8.32644e-07	49
8.62671e-07	49
8.64682e-07	49
8.71896e-07	49
8.86517e-07	49
9.40434e-07	49
9.44065e-07	49
9.48351e-07	49
9.53652e-07	49
9.5727e-07	49
9.6675e-07	49
9.74182e-07	49
9.77573e-07	49
9.79854e-07	49
9.80545e-07	49
9.97185e-07	49
1.02655e-06	49
1.03469e-06	49
1.03835e-06	49
1.0496e-06	49
1.05996e-06	49
1.06648e-06	49
1.09821e-06	49
1.12105e-06	49
1.13755e-06	49
1.17112e-06	49
1.17589e-06	49
1.18191e-06	49
1.18449e-06	49
1.18685e-06	49
1.2037e-06	49
1.20602e-06	49
1.22225e-06	49
1.2231e-06	49
1.23099e-06	49
1.2425e-06	49
1.24955e-06	49
1.25929e-06	49
1.28349e-06	49
1.31629e-06	49
1.3204e-06	49
1.32943e-06	49
1.34242e-06	49
1.35068e-06	49
1.35608e-06	49
1.3733e-06	49
1.38451e-06	49
1.409e-06	49
1.42983e-06	49
1.4342e-06	49
1.47008e-06	49
1.48276e-06	49
1.48716e-06	49
1.50345e-06	49
1.52671e-06	49
1.54594e-06	49
1.58107e-06	49
1.60142e-06	49
1.60445e-06	49
1.61539e-06	49
1.61874e-06	49
1.6376e-06	49
1.64967e-06	49
1.67791e-06	49
1.69246e-06	49
1.71415e-06	49
1.72475e-06	49
1.74612e-06	49
1.75503e-06	49
1.7823e-06	49
1.803e-06	49
1.83631e-06	49
1.83778e-06	49
1.86742e-06	49
1.89709e-06	49
1.90129e-06	49
1.91457e-06	49
1.94145e-06	49
1.98963e-06	49
2.01725e-06	49
2.033e-06	49
2.04022e-06	49
2.06352e-06	49
2.08785e-06	49
2.11109e-06	49
2.2041e-06	49
2.22874e-06	49
2.23158e-06	49
2.23481e-06	49
2.25981e-06	49
2.29164e-06	49
2.32628e-06	49
2.34484e-06	49
2.34981e-06	49
2.39076e-06	49
2.39141e-06	49
2.43462e-06	49
2.44514e-06	49
2.48924e-06	49
2.49724e-06	49
2.57594e-06	49
2.62124e-06	49
2.63126e-06	49
2.63732e-06	49
2.66656e-06	49
2.74145e-06	49
2.78922e-06	49
2.79397e-06	49
2.81299e-06	49
3.02042e-06	49
3.05577e-06	49
3.06152e-06	49
3.0624e-06	49
3.08548e-06	49
3.10621e-06	49
3.11845e-06	49
3.1845e-06	49
3.21259e-06	49
3.22762e-06	49
3.24949e-06	49
3.25317e-06	49
3.25568e-06	49
3.30638e-06	49
3.32561e-06	49
3.35561e-06	49
3.36051e-06	49
3.46514e-06	49
3.47669e-06	49
3.52761e-06	49
3.54802e-06	49
3.55013e-06	49
3.55996e-06	49
3.5602e-06	49
3.56817e-06	49
3.61998e-06	49
3.75689e-06	49
3.8588e-06	49
3.89504e-06	49
3.94291e-06	49
4.2355e-06	49
4.24686e-06	49
4.30187e-06	49
4.31386e-06	49
4.34187e-06	49
4.35873e-06	49
4.36697e-06	49
4.50749e-06	49
4.51708e-06	49
4.52859e-06	49
4.52933e-06	49
4.60817e-06	49
4.66215e-06	49
4.69343e-06	49
4.69404e-06	49
4.84622e-06	49
4.88628e-06	49
4.91268e-06	49
4.9535e-06	49
4.96672e-06	49
5.01299e-06	49
5.13033e-06	49
5.1485e-06	49
5.15143e-06	49
5.34209e-06	49
5.36782e-06	49
5.44095e-06	49
5.47458e-06	49
5.7312e-06	49
5.84959e-06	49
5.97082e-06	49
6.00185e-06	49
6.00897e-06	49
6.11391e-06	49
6.1917e-06	49
6.33618e-06	49
6.37061e-06	49
6.4239e-06	49
6.44735e-06	49
6.48527e-06	49
6.51935e-06	49
6.53617e-06	49
6.53714e-06	49
6.5728e-06	49
6.67511e-06	49
6.73914e-06	49
6.8025e-06	49
6.8831e-06	49
7.2503e-06	49
7.3808e-06	49
7.41032e-06	49
7.51928e-06	49
7.66388e-06	49
7.74399e-06	49
7.86826e-06	49
7.87052e-06	49
7.9608e-06	49
7.97686e-06	49
8.04714e-06	49
8.10219e-06	49
8.35537e-06	49
8.42592e-06	49
8.70533e-06	49
8.89414e-06	49
8.94286e-06	49
9.00435e-06	49
9.00532e-06	49
9.08585e-06	49
9.14588e-06	49
9.18563e-06	49
9.19287e-06	49
9.22639e-06	49
9.29082e-06	49
9.38621e-06	49
9.39966e-06	49
9.48928e-06	49
9.50298e-06	49
9.58155e-06	49
9.70661e-06	49
9.81983e-06	49
9.8473e-06	49
9.94115e-06	49
1.00412e-05	49
1.02153e-05	49
1.02158e-05	49
1.03361e-05	49
1.03681e-05	49
1.03846e-05	49
1.04111e-05	49
1.05177e-05	49
1.05345e-05	49
1.05788e-05	49
1.06733e-05	49
1.07174e-05	49
1.08598e-05	49
1.09837e-05	49
1.0985e-05	49
1.10529e-05	49
1.11978e-05	49
1.12381e-05	49
1.12595e-05	49
1.12902e-05	49
1.13448e-05	49
1.13929e-05	49
1.14298e-05	49
1.14325e-05	49
1.16877e-05	49
1.17299e-05	49
1.20876e-05	49
1.21928e-05	49
1.23456e-05	49
1.24186e-05	49
1.26476e-05	49
1.26756e-05	49
1.27295e-05	49
1.27659e-05	49
1.28984e-05	49
1.29662e-05	49
1.29777e-05	49
1.30369e-05	49
1.30503e-05	49
1.3188e-05	49
1.331e-05	49
1.34178e-05	49
1.34227e-05	49
1.35747e-05	49
1.36569e-05	49
1.38152e-05	49
1.38741e-05	49
1.38843e-05	49
1.39492e-05	49
1.39929e-05	49
1.40159e-05	49
1.42207e-05	49
1.42496e-05	49
1.42542e-05	49
1.43493e-05	49
1.43958e-05	49
1.45646e-05	49
1.48924e-05	49
1.50124e-05	49
1.5144e-05	49
1.53821e-05	49
1.54646e-05	49
1.54971e-05	49
1.55312e-05	49
1.55723e-05	49
1.55749e-05	49
1.56199e-05	49
1.56937e-05	49
1.58064e-05	49
1.58563e-05	49
1.59209e-05	49
1.60341e-05	49
1.60845e-05	49
1.62022e-05	49
1.64375e-05	49
1.65878e-05	49
1.665e-05	49
1.67701e-05	49
1.6802e-05	49
1.6824e-05	49
1.69221e-05	49
1.71135e-05	49
1.71254e-05	49
1.71547e-05	49
1.72545e-05	49
1.72835e-05	49
1.73711e-05	49
1.7507e-05	49
1.75254e-05	49
1.75579e-05	49
1.7663e-05	49
1.77026e-05	49
1.7735e-05	49
1.78334e-05	49
1.79912e-05	49
1.80494e-05	49
1.81191e-05	49
1.84929e-05	49
1.86185e-05	49
1.86435e-05	49
1.87576e-05	49
1.87828e-05	49
1.88424e-05	49
1.89083e-05	49
1.91256e-05	49
1.91967e-05	49
1.93722e-05	49
1.94677e-05	49
1.96637e-05	49
1.98315e-05	49
2.0341e-05	49
2.06613e-05	49
2.07159e-05	49
2.08732e-05	49
2.09722e-05	49
2.10272e-05	49
2.10554e-05	49
2.10652e-05	49
2.11389e-05	49
2.12835e-05	49
2.13563e-05	49
2.15237e-05	49
2.16176e-05	49
2.17453e-05	49
2.20458e-05	49
2.2107e-05	49
2.25708e-05	49
2.25709e-05	49
2.26152e-05	49
2.26446e-05	49
2.2768e-05	49
2.27843e-05	49
2.28124e-05	49
2.30702e-05	49
2.30905e-05	49
2.31463e-05	49
2.31847e-05	49
2.31958e-05	49
2.32841e-05	49
2.3324e-05	49
2.33252e-05	49
2.37177e-05	49
2.37966e-05	49
2.37988e-05	49
2.39413e-05	49
2.39971e-05	49
2.42005e-05	49
2.45279e-05	49
2.45876e-05	49
2.47176e-05	49
2.4863e-05	49
2.49909e-05	49
2.50555e-05	49
2.50702e-05	49
2.51898e-05	49
2.53803e-05	49
2.54055e-05	49
2.55276e-05	49
2.55782e-05	49
2.5682e-05	49
2.58235e-05	49
2.58688e-05	49
2.59109e-05	49
2.60788e-05	49
2.63195e-05	49
2.63274e-05	49
2.63536e-05	49
2.64824e-05	49
2.66604e-05	49
2.67836e-05	49
2.69187e-05	49
2.69649e-05	49
2.70035e-05	49
2.70427e-05	49
2.7045e-05	49
2.70794e-05	49
2.71006e-05	49
2.71794e-05	49
2.72035e-05	49
2.7311e-05	49
2.73229e-05	49
2.73588e-05	49
2.75782e-05	49
2.75923e-05	49
2.75975e-05	49
2.76157e-05	49
2.77639e-05	49
2.7951e-05	49
2.81502e-05	49
2.82476e-05	49
2.82814e-05	49
2.82894e-05	49
2.853e-05	49
2.8583e-05	49
2.86851e-05	49
2.87009e-05	49
2.87313e-05	49
2.88117e-05	49
2.8937e-05	49
2.89439e-05	49
2.92042e-05	49
2.94732e-05	49
2.99237e-05	49
2.99395e-05	49
2.99916e-05	49
3.0192e-05	49
3.02217e-05	49
3.02678e-05	49
3.04255e-05	49
3.05124e-05	49
3.05372e-05	49
3.08133e-05	49
3.08291e-05	49
3.08934e-05	49
3.10314e-05	49
3.10569e-05	49
3.1058e-05	49
3.10806e-05	49
3.1196e-05	49
3.12568e-05	49
3.12595e-05	49
3.13445e-05	49
3.13517e-05	49
3.13594e-05	49
3.1367e-05	49
3.13996e-05	49
3.16437e-05	49
3.16833e-05	49
3.1868e-05	49
3.18791e-05	49
3.22313e-05	49
3.23277e-05	49
3.24538e-05	49
3.2496e-05	49
3.253e-05	49
3.27951e-05	49
3.29933e-05	49
3.29966e-05	49
3.31501e-05	49
3.32478e-05	49
3.33017e-05	49
3.33091e-05	49
3.33187e-05	49
3.3457e-05	49
3.35697e-05	49
3.35856e-05	49
3.39812e-05	49
3.41606e-05	49
3.42752e-05	49
3.4295e-05	49
3.43058e-05	49
3.43122e-05	49
3.43362e-05	49
3.44214e-05	49
3.44217e-05	49
3.48601e-05	49
3.49096e-05	49
3.49126e-05	49
3.50231e-05	49
3.5143e-05	49
3.51804e-05	49
3.5706e-05	49
3.58309e-05	49
3.58476e-05	49
3.60178e-05	49
3.61777e-05	49
3.62613e-05	49
3.62837e-05	49
3.65174e-05	49
3.65615e-05	49
3.68033e-05	49
3.68053e-05	49
3.71066e-05	49
3.74115e-05	49
3.74325e-05	49
3.74715e-05	49
3.74841e-05	49
3.75577e-05	49
3.75728e-05	49
3.76066e-05	49
3.76972e-05	49
3.78475e-05	49
3.80789e-05	49
3.82792e-05	49
3.83702e-05	49
3.85094e-05	49
3.86646e-05	49
3.9083e-05	49
3.93868e-05	49
3.97346e-05	49
3.98206e-05	49
3.98687e-05	49
3.98742e-05	49
3.99227e-05	49
4.04407e-05	49
4.06673e-05	49
4.0708e-05	49
4.12465e-05	49
4.13526e-05	49
4.14245e-05	49
4.15901e-05	49
4.18909e-05	49
4.2049e-05	49
4.22829e-05	49
4.23534e-05	49
4.26327e-05	49
4.27616e-05	49
4.28245e-05	49
4.29923e-05	49
4.31991e-05	49
4.33574e-05	49
4.33755e-05	49
4.35831e-05	49
4.38526e-05	49
4.42468e-05	49
4.4626e-05	49
4.47316e-05	49
4.48335e-05	49
4.48519e-05	49
4.51905e-05	49
4.52494e-05	49
4.52716e-05	49
4.56558e-05	49
4.57424e-05	49
4.5872e-05	49
4.59906e-05	49
4.62266e-05	49
4.62675e-05	49
4.64366e-05	49
4.66191e-05	49
4.67299e-05	49
4.67306e-05	49
4.67366e-05	49
4.6753e-05	49
4.68061e-05	49
4.68077e-05	49
4.69216e-05	49
4.71569e-05	49
4.74414e-05	49
4.74646e-05	49
4.75788e-05	49
4.75829e-05	49
4.76978e-05	49
4.77546e-05	49
4.77979e-05	49
4.79074e-05	49
4.79345e-05	49
4.8182e-05	49
4.83949e-05	49
4.84945e-05	49
4.84965e-05	49
4.89994e-05	49
4.90219e-05	49
4.91509e-05	49
4.93707e-05	49
4.95713e-05	49
4.96451e-05	49
4.98142e-05	49
4.98833e-05	49
5.02416e-05	49
5.05512e-05	49
5.05941e-05	49
5.15817e-05	49
5.1676e-05	49
5.22862e-05	49
5.2288e-05	49
5.23091e-05	49
5.23531e-05	49
5.26572e-05	49
5.27035e-05	49
5.28045e-05	49
5.28201e-05	49
5.29072e-05	49
5.29843e-05	49
5.3334e-05	49
5.34066e-05	49
5.39778e-05	49
5.39804e-05	49
5.4033e-05	49
5.4118e-05	49
5.42452e-05	49
5.43194e-05	49
5.4589e-05	49
5.46312e-05	49
5.47242e-05	49
5.48213e-05	49
5.49038e-05	49
5.50998e-05	49
5.52282e-05	49
5.53443e-05	49
5.54316e-05	49
5.55624e-05	49
5.55897e-05	49
5.55971e-05	49
5.55985e-05	49
5.56094e-05	49
5.56857e-05	49
5.57285e-05	49
5.60463e-05	49
5.60773e-05	49
5.62755e-05	49
5.63099e-05	49
5.63546e-05	49
5.63972e-05	49
5.64899e-05	49
5.66852e-05	49
5.68608e-05	49
5.70939e-05	49
5.7161e-05	49
5.72525e-05	49
5.72577e-05	49
5.73464e-05	49
5.73911e-05	49
5.74881e-05	49
5.75075e-05	49
5.76698e-05	49
5.77113e-05	49
5.79307e-05	49
5.79755e-05	49
5.82735e-05	49
5.83986e-05	49
5.86643e-05	49
5.87922e-05	49
5.90417e-05	49
5.94126e-05	49
5.95956e-05	49
5.96677e-05	49
5.99303e-05	49
6.03566e-05	49
6.04667e-05	49
6.09596e-05	49
6.09873e-05	49
6.11702e-05	49
6.13524e-05	49
6.16138e-05	49
6.16587e-05	49
6.18167e-05	49
6.19141e-05	49
6.22868e-05	49
6.23883e-05	49
6.24855e-05	49
6.26761e-05	49
6.29101e-05	49
6.29352e-05	49
6.29778e-05	49
6.29901e-05	49
6.30026e-05	49
6.31273e-05	49
6.32999e-05	49
6.33549e-05	49
6.33843e-05	49
6.3525e-05	49
6.36333e-05	49
6.38578e-05	49
6.38756e-05	49
6.38852e-05	49
6.39486e-05	49
6.4314e-05	49
6.43711e-05	49
6.44865e-05	49
6.45467e-05	49
6.47013e-05	49
6.50694e-05	49
6.51051e-05	49
6.51886e-05	49
6.55075e-05	49
6.57195e-05	49
6.57424e-05	49
6.60254e-05	49
6.61081e-05	49
6.61719e-05	49
6.65572e-05	49
6.6771e-05	49
6.68694e-05	49
6.69426e-05	49
6.71951e-05	49
6.75599e-05	49
6.75693e-05	49
6.76544e-05	49
6.76942e-05	49
6.77918e-05	49
6.82418e-05	49
6.84161e-05	49
6.8638e-05	49
6.88127e-05	49
6.90392e-05	49
6.92642e-05	49
6.92944e-05	49
6.94501e-05	49
6.95383e-05	49
6.97028e-05	49
7.02229e-05	49
7.05018e-05	49
7.0503e-05	49
7.06817e-05	49
7.07446e-05	49
7.08384e-05	49
7.08541e-05	49
7.14094e-05	49
7.14111e-05	49
7.17507e-05	49
7.18119e-05	49
7.18682e-05	49
7.20648e-05	49
7.21263e-05	49
7.21366e-05	49
7.22045e-05	49
7.24461e-05	49
7.25384e-05	49
7.26249e-05	49
7.27985e-05	49
7.30602e-05	49
7.32111e-05	49
7.34961e-05	49
7.38736e-05	49
7.39247e-05	49
7.39934e-05	49
7.40229e-05	49
7.4111e-05	49
7.45597e-05	49
7.48111e-05	49
7.48358e-05	49
7.49434e-05	49
7.49585e-05	49
7.50168e-05	49
7.51969e-05	49
7.55519e-05	49
7.55714e-05	49
7.56949e-05	49
7.61792e-05	49
7.6526e-05	49
7.65517e-05	49
7.65699e-05	49
7.68811e-05	49
7.69721e-05	49
7.69967e-05	49
7.72162e-05	49
7.72968e-05	49
7.73919e-05	49
7.75289e-05	49
7.77973e-05	49
7.78035e-05	49
7.78634e-05	49
7.80532e-05	49
7.8202e-05	49
7.82234e-05	49
7.83947e-05	49
7.84224e-05	49
7.84658e-05	49
7.84825e-05	49
7.87582e-05	49
7.88709e-05	49
7.8917e-05	49
7.9199e-05	49
7.93156e-05	49
7.9656e-05	49
8.03212e-05	49
8.0617e-05	49
8.10463e-05	49
8.10588e-05	49
8.12229e-05	49
8.15751e-05	49
8.22586e-05	49
8.24731e-05	49
8.26421e-05	49
8.26745e-05	49
8.26896e-05	49
8.28058e-05	49
8.28876e-05	49
8.29735e-05	49
8.32292e-05	49
8.33352e-05	49
8.34274e-05	49
8.35251e-05	49
8.3801e-05	49
8.40178e-05	49
8.40713e-05	49
8.4263e-05	49
8.45629e-05	49
8.45876e-05	49
8.47295e-05	49
8.51786e-05	49
8.54596e-05	49
8.55511e-05	49
8.55849e-05	49
8.57026e-05	49
8.64464e-05	49
8.67427e-05	49
8.6758e-05	49
8.68744e-05	49
8.70853e-05	49
8.7292e-05	49
8.74807e-05	49
8.76459e-05	49
8.77941e-05	49
8.78612e-05	49
8.79031e-05	49
8.80055e-05	49
8.82432e-05	49
8.86579e-05	49
8.89101e-05	49
8.90634e-05	49
8.9371e-05	49
8.93818e-05	49
8.95415e-05	49
8.98925e-05	49
8.99149e-05	49
8.99441e-05	49
9.0097e-05	49
9.01195e-05	49
9.11644e-05	49
9.11755e-05	49
9.16037e-05	49
9.17456e-05	49
9.18944e-05	49
9.20956e-05	49
9.22881e-05	49
9.26115e-05	49
9.29197e-05	49
9.30206e-05	49
9.30333e-05	49
9.31819e-05	49
9.32102e-05	49
9.32367e-05	49
9.32505e-05	49
9.33278e-05	49
9.35928e-05	49
9.36743e-05	49
9.37203e-05	49
9.40166e-05	49
9.42417e-05	49
9.43038e-05	49
9.43946e-05	49
9.511e-05	49
9.51252e-05	49
9.52902e-05	49
9.55199e-05	49
9.5698e-05	49
9.57792e-05	49
9.58819e-05	49
9.61995e-05	49
9.62511e-05	49
9.64114e-05	49
9.64324e-05	49
9.69776e-05	49
9.70678e-05	49
9.71547e-05	49
9.71918e-05	49
9.72703e-05	49
9.72781e-05	49
9.75593e-05	49
9.76075e-05	49
9.7881e-05	49
9.8245e-05	49
9.84785e-05	49
9.84935e-05	49
9.85393e-05	49
9.88015e-05	49
9.90713e-05	49
9.97376e-05	49
0.000100309	49
0.000100415	49
0.00010043	49
0.000100697	49
0.000100879	49
0.000100931	49
0.000101137	49
0.000101318	49
0.000101588	49
0.000101815	49
0.000101917	49
0.000102527	49
0.000102666	49
0.000102771	49
0.000102997	49
0.000103279	49
0.000103335	49
0.000103403	49
0.000103482	49
0.000103553	49
0.000103568	49
0.000103841	49
0.000104856	49
0.000105238	49
0.000105244	49
0.000105632	49
0.000105657	49
0.000105809	49
0.000105937	49
0.000106558	49
0.000107226	49
0.000107242	49
0.000107308	49
0.000107693	49
0.000108273	49
0.000108934	49
0.000108964	49
0.000109798	49
0.000109806	49
0.000110034	49
0.000110122	49
0.000110429	49
0.000110575	49
0.000110809	49
0.000111122	49
0.000111609	49
0.000111979	49
0.000112332	49
0.000112472	49
0.000112914	49
0.000112939	49
0.000112998	49
0.000113168	49
0.000113484	49
0.000113668	49
0.000114244	49
0.000114314	49
0.000114397	49
0.000114588	49
0.000114983	49
0.000115629	49
0.000115635	49
0.000116633	49
0.000116887	49
0.000117497	49
0.000117685	49
0.000117805	49
0.000117867	49
0.000118717	49
0.000118835	49
0.000119124	49
0.000119253	49
0.000119398	49
0.000119767	49
0.000120345	49
0.000120363	49
0.000120517	49
0.000120616	49
0.000120622	49
0.000120933	49
0.000120978	49
0.0001217	49
0.000121758	49
0.00012233	49
0.000123024	49
0.000123043	49
0.000123645	49
0.000124322	49
0.00012597	49
0.000126002	49
0.000126082	49
0.00012633	49
0.000127068	49
0.000127319	49
0.000127914	49
0.000128767	49
0.000128841	49
0.000128878	49
0.000129012	49
0.000129413	49
0.00013002	49
0.00013009	49
0.000130296	49
0.000131332	49
0.000131404	49
0.00013147	49
0.000131652	49
0.000131659	49
0.000131736	49
0.000132651	49
0.000132888	49
0.000133599	49
0.000134351	49
0.000134925	49
0.000135117	49
0.000135161	49
0.000135246	49
0.00013551	49
0.000136129	49
0.000136743	49
0.000136802	49
0.000136812	49
0.000137117	49
0.000137279	49
0.000137601	49
0.000137667	49
0.00013827	49
0.000138321	49
0.000138588	49
0.000138963	49
0.000139188	49
0.000139519	49
0.000139672	49
0.000140923	49
0.000141104	49
0.000141942	49
0.000142088	49
0.000142439	49
0.000142448	49
0.000142475	49
0.000142712	49
0.000142763	49
0.000143078	49
0.000143187	49
0.000143714	49
0.000143772	49
0.000144999	49
0.000145093	49
0.000145318	49
0.000145716	49
0.000145727	49
0.000146132	49
0.000146497	49
0.000146586	49
0.000146724	49
0.00014675	49
0.000147004	49
0.000147587	49
0.000148454	49
0.000149492	49
0.000150162	49
0.000150212	49
0.000151146	49
0.000151169	49
0.000153749	49
0.000154222	49
0.000154299	49
0.000155407	49
0.000155884	49
0.00015626	49
0.000156323	49
0.000157143	49
0.000158355	49
0.000158453	49
0.000158502	49
0.000158518	49
0.000159401	49
0.000159407	49
0.000159566	49
0.000159971	49
0.000160906	49
0.000161083	49
0.000161333	49
0.000161881	49
0.000161979	49
0.000162151	49
0.000162326	49
0.000162407	49
0.0001632	49
0.000163229	49
0.000163902	49
0.000163986	49
0.000165034	49
0.000165308	49
0.000165759	49
0.000166187	49
0.000166326	49
0.000166686	49
0.000168118	49
0.0001683	49
0.000168377	49
0.000168856	49
0.000169252	49
0.000169506	49
0.000169529	49
0.000169531	49
0.000169738	49
0.000170115	49
0.000171631	49
0.000172227	49
0.000172438	49
0.000173802	49
0.000173988	49
0.000175636	49
0.000175659	49
0.000175753	49
0.000176057	49
0.000176342	49
0.000176447	49
0.00017648	49
0.000177113	49
0.000177837	49
0.000179886	49
0.000180235	49
0.000180584	49
0.000180961	49
0.000181321	49
0.000181563	49
0.000181597	49
0.00018194	49
0.000181966	49
0.000183438	49
0.000185677	49
0.000186786	49
0.000186904	49
0.000186949	49
0.00018805	49
0.000188646	49
0.000188945	49
0.000188955	49
0.000189407	49
0.00019009	49
0.000191176	49
0.000191713	49
0.000191762	49
0.000191854	49
0.00019193	49
0.00019232	49
0.000192703	49
0.000192941	49
0.00019323	49
0.000193712	49
0.000194167	49
0.000196312	49
0.000196825	49
0.000197878	49
0.000197985	49
0.000198933	49
0.000199048	49
0.000199517	49
0.000201665	49
0.000203577	49
0.000203883	49
0.00020485	49
0.000205884	49
0.000206079	49
0.000206895	49
0.000206957	49
0.000207768	49
0.000208428	49
0.000210549	49
0.000210681	49
0.000211819	49
0.000214202	49
0.000215642	49
0.000215654	49
0.000217125	49
0.000218348	49
0.00022168	49
0.000222364	49
0.000224141	49
0.000224847	49
0.000225694	49
0.000225898	49
0.000227384	49
0.000227443	49
0.000227697	49
0.000227725	49
0.000228919	49
0.000229105	49
0.000229508	49
0.000229628	49
0.000230923	49
0.000232347	49
0.000232357	49
0.000233482	49
0.000235086	49
0.000235564	49
0.00023616	49
0.000237061	49
0.000237675	49
0.00023773	49
0.000239982	49
0.000240318	49
0.000240867	49
0.000243173	49
0.000243398	49
0.000243721	49
0.000245116	49
0.00024626	49
0.000246264	49
0.0002466	49
0.000248276	49
0.00024919	49
0.000249306	49
0.000251387	49
0.000251517	49
0.000252514	49
0.000253159	49
0.000253308	49
0.000253337	49
0.000254114	49
0.000255815	49
0.000258347	49
0.000258487	49
0.000258694	49
0.000261103	49
0.000262089	49
0.000262246	49
0.000263811	49
0.000264794	49
0.000265292	49
0.000267637	49
0.000267935	49
0.000268158	49
0.000268247	49
0.000269633	49
0.00027018	49
0.000270588	49
0.000271405	49
0.000272617	49
0.000273199	49
0.000273239	49
0.000273467	49
0.000273789	49
0.000274266	49
0.000274446	49
0.000274868	49
0.000275399	49
0.000275455	49
0.000276123	49
0.000278292	49
0.000278428	49
0.000279783	49
0.000281005	49
0.000281611	49
0.000283204	49
0.000284635	49
0.000285405	49
0.000285723	49
0.000286247	49
0.000286749	49
0.00028774	49
0.000288216	49
0.000288708	49
0.000289428	49
0.000291776	49
0.000291927	49
0.000292831	49
0.000294697	49
0.000296796	49
0.000297833	49
0.000298609	49
0.000299173	49
0.000299197	49
0.000300058	49
0.000302754	49
0.000304259	49
0.000306036	49
0.000306148	49
0.000308269	49
0.000314673	49
0.000314838	49
0.000315361	49
0.000316609	49
0.000317384	49
0.000317668	49
0.000318406	49
0.00031898	49
0.000319031	49
0.000319738	49
0.000321158	49
0.00032324	49
0.000324418	49
0.000324911	49
0.000326091	49
0.000328622	49
0.000330057	49
0.00033069	49
0.000335885	49
0.000336928	49
0.000337181	49
0.000337236	49
0.00033885	49
0.000339495	49
0.000340774	49
0.00034108	49
0.000341743	49
0.00034237	49
0.000342751	49
0.000343173	49
0.000343674	49
0.000347935	49
0.000350111	49
0.000351136	49
0.000352599	49
0.00035314	49
0.000353481	49
0.000358672	49
0.000360173	49
0.000366105	49
0.000367764	49
0.000369017	49
0.000370102	49
0.000370526	49
0.000372024	49
0.000375818	49
0.000376773	49
0.000376785	49
0.000379427	49
0.00038127	49
0.000384888	49
0.000385203	49
0.000386353	49
0.000386831	49
0.00038793	49
0.000390116	49
0.000392536	49
0.000392609	49
0.000392768	49
0.000393006	49
0.000397035	49
0.000397532	49
0.000402124	49
0.000402312	49
0.000402974	49
0.000403066	49
0.000403672	49
0.000404753	49
0.000408612	49
0.000410215	49
0.000410265	49
0.000414184	49
0.000415042	49
0.000415326	49
0.000418249	49
0.000420299	49
0.000421712	49
0.000422609	49
0.000423175	49
0.000423571	49
0.000434735	49
0.000434844	49
0.000437382	49
0.000437596	49
0.000438839	49
0.00043907	49
0.000439608	49
0.000441301	49
0.000441807	49
0.00044344	49
0.000443718	49
0.000446877	49
0.000449146	49
0.000454862	49
0.000456057	49
0.000458748	49
0.000473891	49
0.00047573	49
0.000475893	49
0.000476931	49
0.000480196	49
0.000492297	49
0.000494293	49
0.000495453	49
0.000496094	49
0.000496887	49
0.00050411	49
0.000507233	49
0.000508432	49
0.000524204	49
0.000526778	49
0.000540675	49
0.000542683	49
0.00054405	49
0.000548317	49
0.000548441	49
0.000554102	49
0.000554339	49
0.000559307	49
0.000560728	49
0.000566569	49
0.000570245	49
0.000578831	49
0.000583132	49
0.000583413	49
0.000584067	49
0.000586307	49
0.000593125	49
0.00059517	49
0.000604612	49
0.000629327	49
0.000632534	49
0.000651906	49
0.000655154	49
0.000668324	49
0.000670987	49
0.000674483	49
0.000675748	49
0.000678651	49
0.00070641	49
0.000708457	49
0.000711189	49
0.000712881	49
0.000713067	49
0.000719428	49
0.000722698	49
0.000740993	49
0.000778939	49
0.000790507	49
0.000799211	49
0.000821417	49
0.000824428	49
0.000829943	49
0.00083453	49
0.000844106	49
0.000853915	49
0.000858789	49
0.000875165	49
0.000899786	49
0.000901481	49
0.000904582	49
0.000947159	49
0.000949332	49
0.000959224	49
0.000964235	49
0.000967468	49
0.000986996	49
0.000993126	49
0.000993322	49
0.00100615	49
0.00107176	49
0.00110991	49
0.00119893	49
0.0012102	49
0.0012563	49
0.00142252	49
0.00146723	49
0.00167076	49
0.00176088	49
0.00176735	49
0.0021354	49
0.00239182	49
0.00265462	49
0.00268237	49
0.00279074	49
0.015148	49
0.0151489	49
0.0151512	49
0.0151519	49
0.0151525	49
0.0151553	49
0.0151563	49
0.0151566	49
0.0151568	49
0.0151759	49
0.0151801	49
0.0151826	49
0.015204	49
0.0152053	49
0.0152077	49
0.0152118	49
0.0152156	49
0.0152248	49
0.0152274	49
0.0152399	49
0.0152486	49
0.0152516	49
0.0152597	49
0.0152618	49
0.0152702	49
0.0152855	49
0.0152975	49
0.0153238	49
0.0153342	49
0.0153342	49
0.0153387	49
0.0153617	49
0.0153773	49
0.0154203	49
0.0154326	49
0.015466	49
0.0154905	49
0.0154993	49
0.0155536	49
0.0155949	49
0.0155978	49
0.0156942	49
0.0158088	49
0.015861	49
0.0159336	49
0.016206	49
0.0162225	49
0.0162321	49
0.0162345	49
0.0162404	49
0.0162676	49
0.0162696	49
0.0162697	49
0.0163153	49
0.0163224	49
0.0163369	49
0.016341	49
0.0163433	49
0.0163718	49
0.0163734	49
0.0163765	49
0.0163833	49
0.0164294	49
0.0164597	49
0.0164661	49
0.0165579	49
0.0165602	49
0.0166107	49
0.0166175	49
0.0166317	49
0.016686	49
0.0166884	49
0.0166931	49
0.0167035	49
0.0167325	49
0.0167982	49
0.0168859	49
0.0170244	49
0.0191466	49
0.0191466	49
0.0191466	49
0.0191466	49
0.0191467	49
0.0191467	49
0.0191467	49
0.0191467	49
0.0191468	49
0.0191468	49
0.0191468	49
0.0191469	49
0.0191469	49
0.0191469	49
0.019147	49
0.019147	49
0.019147	49
0.0191471	49
0.0191471	49
0.0191471	49
0.0191473	49
0.0191474	49
0.0191476	49
0.0191478	49
0.0191479	49
0.0191479	49
0.0191479	49
0.0191479	49
0.019148	49
0.0191484	49
0.0191485	49
0.0191486	49
0.0191488	49
0.0191489	49
0.0191489	49
0.0191491	49
0.0191491	49
0.0191492	49
0.0191492	49
0.0191494	49
0.0191496	49
0.0191498	49
0.0191499	49
0.01915	49
0.0191503	49
0.0191503	49
0.0191503	49
0.0191507	49
0.0191508	49
0.019151	49
0.0191514	49
0.0191514	49
0.0191519	49
0.0191523	49
0.0191539	49
0.0191542	49
0.0191546	49
0.0191549	49
0.0191608	49
0.0191615	49
0.0191657	49
0.0191662	49
0.0191853	49
0.0191946	49
0.0191965	49
0.0192023	49
0.0192165	49
0.0192338	49
0.0192556	49
0.0192818	49
0.0193235	49
0.0193388	49
0.0193601	49
0.0193847	49
0.0194841	49
0.0195326	49
0.0196626	49
0.0201527	49
0.0201535	49
0.0201726	49
0.0224924	49
0.0224926	49
0.0224926	49
0.0224929	49
0.0224933	49
0.0224948	49
0.0224954	49
0.0224955	49
0.0224957	49
0.0224967	49
0.0224969	49
0.0225011	49
0.0225014	49
0.0225032	49
0.0225033	49
0.0225583	49
0.0225961	49
0.022599	49
0.0226084	49
0.0226264	49
0.0226999	49
0.0227038	49
0.0227614	49
0.0227666	49
0.0231658	49
0.02324	49
0.03046	49
0.0304604	49
0.0304611	49
0.0304629	49
0.0304634	49
0.0304651	49
0.0304664	49
0.030472	49
0.0304748	49
0.0304754	49
0.03048	49
0.0304868	49
0.0304892	49
0.0304951	49
0.0304969	49
0.0305061	49
0.0305082	49
0.0305114	49
0.0305118	49
0.0305145	49
0.0305194	49
0.0305499	49
0.0305595	49
0.0305698	49
0.030591	49
0.0306545	49
0.0306556	49
0.0306892	49
0.0306925	49
0.0307314	49
0.0307506	49
0.0308077	49
0.0308208	49
0.0310058	49
0.0310574	49
0.0310641	49
0.0313081	49
0.0313235	49
0.0313288	49
0.031332	49
0.0313725	49
0.0313885	49
0.0314088	49
0.0314211	49
0.0314449	49
0.0314529	49
0.0314687	49
0.0314783	49
0.0314851	49
0.0315	49
0.0316055	49
0.0316086	49
0.0316491	49
0.0316689	49
0.0316999	49
0.0317105	49
0.031885	49
0.0320212	49
0.0322201	49
0.032322	49
0.0323867	49
0.032448	49
0.0417527	49
0.0417527	49
0.0417527	49
0.0417528	49
0.0417528	49
0.0417528	49
0.0417529	49
0.0417529	49
0.0417529	49
0.0417529	49
0.041753	49
0.041753	49
0.041753	49
0.041753	49
0.0417531	49
0.0417532	49
0.0417532	49
0.0417532	49
0.0417532	49
0.0417533	49
0.0417533	49
0.0417534	49
0.0417535	49
0.0417536	49
0.0417537	49
0.0417539	49
0.0417539	49
0.0417539	49
0.0417539	49
0.041754	49
0.041754	49
0.0417542	49
0.0417542	49
0.0417543	49
0.0417544	49
0.0417546	49
0.041755	49
0.041755	49
0.0417551	49
0.0417552	49
0.0417552	49
0.0417554	49
0.0417562	49
0.0417564	49
0.0417565	49
0.0417569	49
0.0417572	49
0.0417573	49
0.0417577	49
0.0417577	49
0.0417578	49
0.0417583	49
0.0417583	49
0.0417584	49
0.0417586	49
0.0417595	49
0.0417601	49
0.0417606	49
0.0417608	49
0.0417613	49
0.0417614	49
0.0417622	49
0.0417625	49
0.0417685	49
0.041769	49
0.0417929	49
0.0421229	49
0.0427796	49
0.0535426	49
0.0592921	49
0.0592923	49
0.0592924	49
0.0592928	49
0.059293	49
0.0592932	49
0.0592933	49
0.0592941	49
0.0592961	49
0.0592962	49
0.059301	49
0.0593038	49
0.0593158	49
0.0593348	49
0.0594319	49
0.0594354	49
0.0594599	49
0.0595012	49
0.0596468	49
0.0596934	49
0.0597193	49
0.0603857	49
0.0609447	49
0.0612155	49
0.0845017	49
0.0845018	49
0.0845058	49
0.0845068	49
0.0845134	49
0.0845257	49
0.0845894	49
0.0847587	49
0.109106	49
0.109106	49
0.109106	49
0.109106	49
0.109106	49
0.109106	49
0.109106	49
0.109106	49
0.109106	49
0.109106	49
0.109106	49
0.109107	49
0.109108	49
0.109117	49
0.109123	49
0.109139	49
0.109154	49
0.109176	49
0.115759	49
0.11576	49
0.115771	49
0.115908	49
0.117729	49
0.11777	49
0.117902	49
0.118257	49
0.118268	49
0.118273	49
0.11854	49
0.120327	49
0.120328	49
0.120329	49
0.127747	49
0.12775	49
0.127753	49
0.127754	49
0.127755	49
0.127756	49
0.127765	49
0.127784	49
0.150344	49
0.150344	49
0.150344	49
0.150344	49
0.150344	49
0.150344	49
0.150345	49
0.150345	49
0.150345	49
0.150345	49
0.150346	49
0.150346	49
0.150347	49
0.150347	49
0.150347	49
0.150348	49
0.150348	49
0.150349	49
0.15035	49
0.15035	49
0.150351	49
0.150352	49
0.150354	49
0.150407	49
0.161264	49
0.161446	49
0.16146	49
0.187594	49
0.187596	49
0.187597	49
0.187598	49
0.187598	49
0.187615	49
0.187619	49
0.187656	49
0.1924	49
0.192401	49
0.192401	49
0.192403	49
0.192403	49
0.192407	49
0.192434	49
0.197047	49
0.197053	49
0.197057	49
0.197194	49
0.216844	49
0.216844	49
0.216844	49
0.216845	49
0.216845	49
0.216853	49
0.216853	49
0.216855	49
0.216857	49
0.216877	49
0.216887	49
0.219448	49
0.219448	49
0.219449	49
0.219453	49
0.219457	49
0.219508	49
0.22118	49
0.221181	49
0.2212	49
0.224075	49
0.224078	49
0.224094	49
0.230124	49
0.230131	49
0.230134	49
0.230138	49
0.231221	49
0.231228	49
0.231239	49
0.232666	49
0.232667	49
0.232679	49
0.232702	49
0.23271	49
0.248242	49
0.248242	49
0.248353	49
0.248357	49
0.248447	49
0.259065	49
0.259066	49
0.259067	49
0.259069	49
0.259069	49
0.259072	49
0.259096	49
0.259096	49
0.259643	49
0.259645	49
0.259647	49
0.25967	49
0.263578	49
0.263578	49
0.263581	49
0.263583	49
0.263607	49
0.26361	49
0.263728	49
0.28754	49
0.28754	49
0.287541	49
0.287542	49
0.287547	49
0.287548	49
0.28756	49
0.287682	49
0.290535	49
0.290573	49
0.292888	49
0.293209	49
0.293754	49
0.297386	49
0.297387	49
0.297393	49
0.297399	49
0.297504	49
0.308499	49
0.308507	49
0.308516	49
0.308526	49
0.308531	49
0.308592	49
0.316514	49
0.316515	49
0.316523	49
0.316526	49
0.316627	49
0.318674	49
0.318691	49
0.318952	49
0.327626	49
0.327626	49
0.327637	49
0.327641	49
0.327832	49
0.334242	49
0.334244	49
0.334248	49
0.334277	49
0.365104	49
0.365104	49
0.365106	49
0.365108	49
0.365108	49
0.365109	49
0.365117	49
0.36512	49
0.365123	49
0.371705	49
0.371708	49
0.371711	49
0.371726	49
0.372311	49
0.372313	49
0.372324	49
0.372784	49
0.374405	49
0.374422	49
0.374479	49
0.379927	49
0.379927	49
0.381864	49
0.381864	49
0.381866	49
0.38188	49
0.381889	49
0.413671	49
0.413672	49
0.413673	49
0.413673	49
0.413675	49
0.413687	49
0.413736	49
0.414792	49
0.41521	49
0.415869	49
0.415925	49
0.434386	49
0.434387	49
0.434388	49
0.434389	49
0.43439	49
0.43439	49
0.434395	49
0.434402	49
0.434405	49
0.436112	49
0.436112	49
0.443493	49
0.443493	49
0.443493	49
0.443495	49
0.443499	49
0.443506	49
0.443507	49
0.445905	49
0.445905	49
0.445925	49
0.448887	49
0.448911	49
0.456821	49
0.456824	49
0.456826	49
0.456841	49
0.456846	49
0.465422	49
0.465425	49
0.465435	49
0.465449	49
0.47308	49
0.47314	49
0.478457	49
0.47847	49
0.478502	49
0.478504	49
0.478603	49
0.478613	49
0.478617	49
0.484917	49
0.484922	49
0.484934	49
0.488901	49
0.488914	49
0.48892	49
0.488937	49
0.493715	49
0.493727	49
0.493728	49
0.497071	49
0.497074	49
0.497115	49
0.503598	49
0.503598	49
0.503599	49
0.503602	49
0.503602	49
0.503621	49
0.509577	49
0.509577	49
0.509588	49
0.509606	49
0.534787	49
0.534789	49
0.534789	49
0.534789	49
0.534791	49
0.534808	49
0.534821	49
0.559469	49
0.559471	49
0.559472	49
0.559472	49
0.559473	49
0.559478	49
0.559478	49
0.559515	49
0.563647	49
0.563649	49
0.563719	49
0.564249	49
0.564264	49
0.564276	49
0.567275	49
0.56728	49
0.567284	49
0.575966	49
0.575966	49
0.575973	49
0.575973	49
0.587829	49
0.587835	49
0.587837	49
0.58785	49
0.58785	49
0.587921	49
0.587951	49
0.587954	49
0.58796	49
0.588014	49
0.597614	49
0.597615	49
0.597616	49
0.597619	49
0.597623	49
0.597629	49
0.597655	49
0.599442	49
0.599443	49
0.599465	49
0.599472	49
0.607422	49
0.607425	49
0.607482	49
0.630242	49
0.630242	49
0.630242	49
0.630244	49
0.630246	49
0.630284	49
0.630366	49
0.633468	49
0.633469	49
0.633631	49
0.645995	49
0.645999	49
0.646001	49
0.646004	49
0.646014	49
0.646022	49
0.657666	49
0.657667	49
0.658039	49
0.658949	49
0.658964	49
0.672537	49
0.672537	49
0.672542	49
0.672604	49
0.676537	49
0.676567	49
0.676569	49
0.676582	49
0.676643	49
0.677908	49
0.695357	49
0.695357	49
0.695357	49
0.695357	49
0.695357	49
0.695363	49
0.695369	49
0.695372	49
0.695522	49
0.700741	49
0.700752	49
0.700755	49
0.704006	49
0.70402	49
0.71104	49
0.711042	49
0.711101	49
0.715284	49
0.715289	49
0.715291	49
0.715294	49
0.715309	49
0.724406	49
0.724408	49
0.724415	49
0.724426	49
0.733255	49
0.733256	49
0.733256	49
0.733256	49
0.733266	49
0.733277	49
0.733282	49
0.740641	49
0.740641	49
0.740641	49
0.74065	49
0.741175	49
0.741182	49
0.741202	49
0.743154	49
0.74317	49
0.743176	49
0.745423	49
0.745436	49
0.745436	49
0.745466	49
0.759519	49
0.75952	49
0.75952	49
0.759523	49
0.759524	49
0.759528	49
0.75953	49
0.75953	49
0.759925	49
0.765218	49
0.767427	49
0.767428	49
0.767432	49
0.767738	49
0.776313	49
0.776314	49
0.776317	49
0.776324	49
0.776326	49
0.776353	49
0.776482	49
0.782116	49
0.782142	49
0.782162	49
0.793493	49
0.793495	49
0.793496	49
0.793497	49
0.793503	49
0.793518	49
0.793571	49
0.803193	49
0.803196	49
0.803196	49
0.8032	49
0.803954	49
0.834145	49
0.834145	49
0.834145	49
0.834151	49
0.834155	49
0.834156	49
0.834173	49
0.834175	49
0.834193	49
0.852166	49
0.852169	49
0.852172	49
0.852181	49
0.852189	49
0.852238	49
0.852867	49
0.852868	49
0.853033	49
0.854519	49
0.854525	49
0.854604	49
0.859993	49
0.859994	49
0.859996	49
0.862131	49
0.877172	49
0.877172	49
0.877174	49
0.877181	49
0.877181	49
0.904379	49
0.904379	49
0.90438	49
0.904382	49
0.904384	49
0.904386	49
0.904387	49
0.904847	49
0.904853	49
0.90486	49
0.910676	49
0.924962	49
0.924962	49
0.924971	49
0.924978	49
0.924984	49
0.929673	49
0.929749	49
0.932167	49
0.932169	49
0.93217	49
0.93217	49
0.932176	49
0.932176	49
0.932178	49
0.943173	49
0.943177	49
0.943178	49
0.943181	49
0.943181	49
0.943186	49
0.943196	49
0.986315	49
0.986315	49
0.986323	49
0.986324	49
0.98634	49
0.986346	49
0.986758	49
0.986766	49
0.986799	49
1.00123	49
1.00124	49
1.01823	49
1.01823	49
1.01823	49
1.01823	49
1.01823	49
1.0183	49
1.03509	49
1.0351	49
1.0351	49
1.03513	49
1.05582	49
1.05582	49
1.05582	49
1.05582	49
1.05583	49
1.05583	49
1.05584	49
1.05584	49
1.05586	49
1.07843	49
1.07844	49
1.07844	49
1.07844	49
1.07844	49
1.07935	49
1.07935	49
1.0794	49
1.08961	49
1.08961	49
1.08961	49
1.08961	49
1.08961	49
1.08963	49
1.09033	49
1.09509	49
1.09509	49
1.09509	49
1.0951	49
1.0951	49
1.09511	49
1.09977	49
1.09977	49
1.09978	49
1.1012	49
1.10123	49
1.11497	49
1.11497	49
1.11497	49
1.11503	49
1.12297	49
1.12298	49
1.12298	49
1.12298	49
1.12299	49
1.123	49
1.15953	49
1.15953	49
1.15953	49
1.15953	49
1.15953	49
1.15953	49
1.15953	49
1.15954	49
1.15954	49
1.15955	49
1.15964	49
1.17356	49
1.17357	49
1.17357	49
1.17838	49
1.17838	49
1.17838	49
1.1784	49
1.17841	49
1.19802	49
1.19802	49
1.19804	49
1.21921	49
1.21921	49
1.21921	49
1.21921	49
1.21922	49
1.21922	49
1.21922	49
1.21922	49
1.21922	49
1.24597	49
1.24597	49
1.24597	49
1.24599	49
1.246	49
1.24602	49
1.24745	49
1.24747	49
1.24751	49
1.24766	49
1.25295	49
1.25296	49
1.25297	49
1.25298	49
1.25355	49
1.25356	49
1.25358	49
1.25387	49
1.25739	49
1.2574	49
1.25741	49
1.28574	49
1.28574	49
1.28574	49
1.28574	49
1.28574	49
1.28575	49
1.28575	49
1.2858	49
1.28681	49
1.28681	49
1.28776	49
1.28777	49
1.28781	49
1.29161	49
1.29162	49
1.34305	49
1.34305	49
1.34306	49
1.34306	49
1.34306	49
1.34306	49
1.34306	49
1.34306	49
1.34306	49
1.34309	49
1.37696	49
1.37696	49
1.37696	49
1.37697	49
1.37697	49
1.37697	49
1.37698	49
1.377	49
1.38132	49
1.38132	49
1.38134	49
1.38173	49
1.38173	49
1.38175	49
1.38695	49
1.38696	49
1.38697	49
1.39441	49
1.39441	49
1.39456	49
1.39755	49
1.39756	49
1.39756	49
1.39756	49
1.40549	49
1.40549	49
1.40549	49
1.40549	49
1.4055	49
1.40551	49
1.41425	49
1.41425	49
1.41425	49
1.41425	49
1.42563	49
1.42563	49
1.42563	49
1.42563	49
1.42564	49
1.42564	49
1.42564	49
1.42564	49
1.42571	49
1.43597	49
1.43598	49
1.43599	49
1.436	49
1.47656	49
1.47656	49
1.47656	49
1.47656	49
1.47656	49
1.47657	49
1.47657	49
1.4766	49
1.48365	49
1.48365	49
1.48368	49
1.4845	49
1.48451	49
1.48453	49
1.48453	49
1.48731	49
1.48731	49
1.48731	49
1.48732	49
1.48869	49
1.4887	49
1.4887	49
1.49614	49
1.49615	49
1.49616	49
1.49844	49
1.49845	49
1.49845	49
1.49846	49
1.51239	49
1.51239	49
1.51241	49
1.51242	49
1.53371	49
1.53371	49
1.53371	49
1.53371	49
1.53371	49
1.53372	49
1.53378	49
1.53433	49
1.56288	49
1.56289	49
1.5629	49
1.5629	49
1.56293	49
1.56375	49
1.56376	49
1.56376	49
1.5638	49
1.58681	49
1.58682	49
1.58683	49
1.58798	49
1.58807	49
1.60936	49
1.60936	49
1.60937	49
1.60937	49
1.60937	49
1.60939	49
1.60942	49
1.61463	49
1.61464	49
1.61464	49
1.61465	49
1.61466	49
1.64231	49
1.64231	49
1.64231	49
1.64231	49
1.64239	49
1.65261	49
1.65261	49
1.65262	49
1.65262	49
1.65262	49
1.65265	49
1.66389	49
1.66389	49
1.66389	49
1.6639	49
1.6639	49
1.66393	49
1.66848	49
1.66848	49
1.6686	49
1.67155	49
1.67155	49
1.67156	49
1.68574	49
1.68574	49
1.68574	49
1.68574	49
1.68574	49
1.68576	49
1.68577	49
1.69005	49
1.69006	49
1.69006	49
1.69007	49
1.6901	49
1.69166	49
1.69845	49
1.69845	49
1.69848	49
1.71697	49
1.71697	49
1.71697	49
1.71708	49
1.7274	49
1.7274	49
1.7274	49
1.7274	49
1.7274	49
1.7274	49
1.72742	49
1.72743	49
1.7347	49
1.7347	49
1.7347	49
1.73472	49
1.73473	49
1.75071	49
1.75071	49
1.75073	49
1.75073	49
1.75452	49
1.75453	49
1.75459	49
1.75825	49
1.75825	49
1.75827	49
1.76182	49
1.76182	49
1.76182	49
1.76183	49
1.76831	49
1.76831	49
1.76831	49
1.76831	49
1.76831	49
1.76832	49
1.76834	49
1.76968	49
1.78247	49
1.78248	49
1.78248	49
1.78248	49
1.7825	49
1.78414	49
1.78414	49
1.78415	49
1.7889	49
1.81026	49
1.81026	49
1.81026	49
1.81026	49
1.81027	49
1.81027	49
1.81028	49
1.81031	49
1.81924	49
1.81929	49
1.81941	49
1.82194	49
1.82195	49
1.82206	49
1.82329	49
1.82329	49
1.82346	49
1.85259	49
1.85259	49
1.85259	49
1.85259	49
1.85259	49
1.85259	49
1.8526	49
1.8526	49
1.86549	49
1.86549	49
1.86551	49
1.86552	49
1.86555	49
1.89512	49
1.89512	49
1.89512	49
1.89512	49
1.89512	49
1.89513	49
1.89517	49
1.92074	49
1.92076	49
1.92084	49
1.93748	49
1.93748	49
1.93748	49
1.93748	49
1.93748	49
1.93749	49
1.9375	49
1.93807	49
1.94678	49
1.94678	49
1.94678	49
1.94681	49
1.94682	49
1.95044	49
1.95044	49
1.95045	49
1.95046	49
1.95626	49
1.95626	49
1.95627	49
1.95631	49
1.95693	49
1.95695	49
1.95767	49
1.96852	49
1.96852	49
1.96853	49
1.96871	49
1.9707	49
1.9707	49
1.9707	49
1.97071	49
1.97072	49
1.97217	49
1.97217	49
1.97217	49
1.97219	49
1.97913	49
1.97916	49
1.98062	49
1.98062	49
1.98062	49
1.98064	49
1.98064	49
1.99363	49
1.99363	49
1.99377	49
1.99391	49
2.03259	49
2.03259	49
2.03259	49
2.0326	49
2.0326	49
2.0326	49
2.03275	49
2.04639	49
2.0464	49
2.04645	49
2.05815	49
2.05815	49
2.05816	49
2.05828	49
2.05887	49
2.06386	49
2.06415	49
2.06957	49
2.06958	49
2.06958	49
2.06958	49
2.06993	49
2.07304	49
2.07305	49
2.07366	49
2.0752	49
2.08391	49
2.08391	49
2.08391	49
2.08391	49
2.08392	49
2.08392	49
2.08392	49
2.08394	49
2.09435	49
2.09435	49
2.09435	49
2.09439	49
2.14195	49
2.14195	49
2.14195	49
2.14195	49
2.14196	49
2.14197	49
2.14212	49
2.14234	49
2.14302	49
2.14302	49
2.14303	49
2.14387	49
2.14615	49
2.14615	49
2.14616	49
2.14617	49
2.14993	49
2.14993	49
2.14993	49
2.14996	49
2.15047	49
2.15048	49
2.15049	49
2.15156	49
2.15157	49
2.15163	49
2.17846	49
2.17846	49
2.17847	49
2.17847	49
2.17848	49
2.1786	49
2.19948	49
2.19948	49
2.19949	49
2.19951	49
2.19956	49
2.20301	49
2.20302	49
2.20304	49
2.20308	49
2.21553	49
2.21555	49
2.21567	49
2.21932	49
2.21932	49
2.21934	49
2.21962	49
2.22179	49
2.23451	49
2.23451	49
2.23451	49
2.23452	49
2.23453	49
2.23525	49
2.27477	49
2.27477	49
2.27477	49
2.27477	49
2.27477	49
2.27477	49
2.27478	49
2.27479	49
2.27479	49
2.27689	49
2.27691	49
2.27694	49
2.27707	49
2.27707	49
2.27748	49
2.28544	49
2.28545	49
2.28545	49
2.28553	49
2.28643	49
2.29467	49
2.29467	49
2.29467	49
2.29467	49
2.29467	49
2.29468	49
2.29475	49
2.33438	49
2.33438	49
2.33438	49
2.33439	49
2.33439	49
2.33443	49
2.33456	49
2.37396	49
2.37396	49
2.37396	49
2.37396	49
2.37396	49
2.37396	49
2.37401	49
2.37401	49
2.37402	49
2.37402	49
2.40543	49
2.40544	49
2.40546	49
2.42644	49
2.42644	49
2.42644	49
2.42644	49
2.42644	49
2.42645	49
2.42652	49
2.42748	49
2.49313	49
2.49313	49
2.49313	49
2.49314	49
2.49314	49
2.49314	49
2.49314	49
2.4932	49
2.49328	49
2.51258	49
2.51258	49
2.51259	49
2.5126	49
2.51264	49
2.51564	49
2.51565	49
2.51565	49
2.51566	49
2.51566	49
2.52207	49
2.52207	49
2.52595	49
2.52595	49
2.52595	49
2.52596	49
2.52596	49
2.52596	49
2.54545	49
2.54551	49
2.54555	49
2.54556	49
2.54556	49
2.54567	49
2.54646	49
2.54647	49
2.54647	49
2.54652	49
2.5528	49
2.55285	49
2.55287	49
2.55379	49
2.5665	49
2.5665	49
2.5665	49
2.56651	49
2.56831	49
2.56833	49
2.56835	49
2.59634	49
2.59634	49
2.59634	49
2.59635	49
2.59636	49
2.59636	49
2.59636	49
2.59636	49
2.5964	49
2.60374	49
2.60375	49
2.60375	49
2.60376	49
2.60392	49
2.61082	49
2.61082	49
2.61082	49
2.61098	49
2.62492	49
2.62492	49
2.62493	49
2.62494	49
2.63381	49
2.63382	49
2.63382	49
2.63382	49
2.63382	49
2.65811	49
2.65811	49
2.65811	49
2.65812	49
2.65812	49
2.65814	49
2.65814	49
2.65825	49
2.66143	49
2.66144	49
2.66149	49
2.66684	49
2.66684	49
2.66684	49
2.66684	49
2.66685	49
2.66688	49
2.67506	49
2.67506	49
2.67507	49
2.67507	49
2.68519	49
2.68519	49
2.68864	49
2.68866	49
2.69173	49
2.69204	49
2.69205	49
2.69207	49
2.70579	49
2.70579	49
2.70579	49
2.7058	49
2.70582	49
2.70792	49
2.70794	49
2.70805	49
2.70954	49
2.71999	49
2.72	49
2.72	49
2.72622	49
2.72622	49
2.72622	49
2.72622	49
2.72623	49
2.72623	49
2.72624	49
2.72625	49
2.7368	49
2.73681	49
2.73685	49
2.74022	49
2.74022	49
2.74042	49
2.74712	49
2.74714	49
2.74714	49
2.74737	49
2.74977	49
2.74979	49
2.74981	49
2.76089	49
2.76089	49
2.76089	49
2.76094	49
2.76487	49
2.76487	49
2.76487	49
2.79997	49
2.79997	49
2.79997	49
2.79997	49
2.79997	49
2.79997	49
2.79998	49
2.8	49
2.81371	49
2.81371	49
2.81371	49
2.81371	49
2.81372	49
2.81375	49
2.81834	49
2.81835	49
2.81854	49
2.8262	49
2.8262	49
2.82622	49
2.82654	49
2.82804	49
2.83444	49
2.83445	49
2.83452	49
2.85438	49
2.85438	49
2.85438	49
2.85438	49
2.85462	49
2.86316	49
2.86316	49
2.86317	49
2.86317	49
2.86318	49
2.86319	49
2.86319	49
2.8632	49
2.86324	49
2.87732	49
2.87732	49
2.87733	49
2.87747	49
2.885	49
2.88501	49
2.88501	49
2.88503	49
2.88507	49
2.88662	49
2.88662	49
2.88663	49
2.88663	49
2.93103	49
2.93104	49
2.93104	49
2.93104	49
2.93104	49
2.93107	49
2.93171	49
2.96389	49
2.96389	49
2.9639	49
2.9639	49
2.9639	49
2.96391	49
2.96392	49
2.96406	49
2.99604	49
2.99604	49
2.99604	49
2.99604	49
2.99604	49
2.99605	49
2.99612	49
3.00245	49
3.00248	49
3.00254	49
3.00266	49
3.01324	49
3.01324	49
3.01324	49
3.01327	49
3.01328	49
3.01374	49
3.01468	49
3.01875	49
3.01875	49
3.01876	49
3.01876	49
3.01877	49
3.01877	49
3.01878	49
3.02115	49
3.02117	49
3.02117	49
3.02131	49
3.02438	49
3.02438	49
3.02439	49
3.02446	49
3.03238	49
3.0324	49
3.03241	49
3.0325	49
3.04485	49
3.04485	49
3.04485	49
3.04486	49
3.04501	49
3.0451	49
3.05149	49
3.05149	49
3.0515	49
3.05152	49
3.05588	49
3.05594	49
3.06681	49
3.06682	49
3.06683	49
3.06683	49
3.06687	49
3.07476	49
3.07477	49
3.07479	49
3.07919	49
3.07919	49
3.0792	49
3.07921	49
3.10506	49
3.10506	49
3.10507	49
3.10508	49
3.10509	49
3.10511	49
3.10513	49
3.10526	49
3.10594	49
3.12918	49
3.12919	49
3.12919	49
3.12919	49
3.1292	49
3.15563	49
3.15563	49
3.15564	49
3.15564	49
3.15564	49
3.15565	49
3.1557	49
3.1558	49
3.15936	49
3.15937	49
3.15938	49
3.16908	49
3.16908	49
3.16909	49
3.16909	49
3.17298	49
3.17299	49
3.17301	49
3.17444	49
3.17444	49
3.17449	49
3.1747	49
3.1747	49
3.17471	49
3.17471	49
3.18116	49
3.18117	49
3.18119	49
3.18123	49
3.18177	49
3.19565	49
3.19565	49
3.19566	49
3.19571	49
3.19574	49
3.19719	49
3.20282	49
3.20291	49
3.20917	49
3.20917	49
3.21054	49
3.21926	49
3.21926	49
3.21928	49
3.21935	49
3.22015	49
3.2249	49
3.22491	49
3.22499	49
3.22534	49
3.23581	49
3.23581	49
3.23582	49
3.23582	49
3.23584	49
3.23587	49
3.25002	49
3.25003	49
3.25003	49
3.25003	49
3.25003	49
3.25004	49
3.25004	49
3.25017	49
3.25853	49
3.25853	49
3.25857	49
3.27271	49
3.27272	49
3.27273	49
3.27274	49
3.2728	49
3.29952	49
3.29952	49
3.29953	49
3.29953	49
3.29954	49
3.29954	49
3.29955	49
3.29955	49
3.32787	49
3.32787	49
3.32787	49
3.32787	49
3.32787	49
3.32788	49
3.32788	49
3.32788	49
3.35401	49
3.35403	49
3.35403	49
3.35404	49
3.35407	49
3.35918	49
3.35919	49
3.35919	49
3.3592	49
3.35921	49
3.42315	49
3.42315	49
3.42315	49
3.42316	49
3.42316	49
3.42316	49
3.42317	49
3.42317	49
3.42327	49
3.45353	49
3.45353	49
3.45353	49
3.45354	49
3.45355	49
3.45356	49
3.47366	49
3.47367	49
3.47368	49
3.47374	49
3.49127	49
3.49128	49
3.4944	49
3.4944	49
3.49441	49
3.49441	49
3.49441	49
3.49454	49
3.52836	49
3.52838	49
3.52838	49
3.5284	49
3.52879	49
3.56501	49
3.56501	49
3.56502	49
3.56502	49
3.56503	49
3.56503	49
3.56505	49
3.56547	49
3.56715	49
3.56716	49
3.59067	49
3.59067	49
3.59067	49
3.59068	49
3.59069	49
3.59069	49
3.59118	49
3.5982	49
3.5982	49
3.5982	49
3.59838	49
3.60369	49
3.6037	49
3.6037	49
3.60373	49
3.60408	49
3.60408	49
3.60408	49
3.60408	49
3.6041	49
3.60412	49
3.61378	49
3.61378	49
3.61378	49
3.61382	49
3.6206	49
3.62062	49
3.62062	49
3.62073	49
3.62185	49
3.62248	49
3.62249	49
3.62335	49
3.62476	49
3.64265	49
3.64265	49
3.64265	49
3.64265	49
3.64265	49
3.64266	49
3.64271	49
3.64272	49
3.64367	49
3.6437	49
3.64374	49
3.65647	49
3.65647	49
3.65648	49
3.65653	49
3.66406	49
3.66407	49
3.66407	49
3.66407	49
3.66945	49
3.66946	49
3.66948	49
3.66948	49
3.66951	49
3.67215	49
3.67215	49
3.67882	49
3.67883	49
3.67883	49
3.67883	49
3.67892	49
3.70426	49
3.70426	49
3.70426	49
3.70426	49
3.70428	49
3.70431	49
3.70856	49
3.70856	49
3.70856	49
3.70863	49
3.71047	49
3.71048	49
3.71048	49
3.7105	49
3.71332	49
3.71334	49
3.71335	49
3.717	49
3.71701	49
3.71708	49
3.72003	49
3.72003	49
3.72006	49
3.7229	49
3.72582	49
3.72582	49
3.72614	49
3.73088	49
3.73089	49
3.7309	49
3.7309	49
3.73245	49
3.80304	49
3.80305	49
3.80305	49
3.80305	49
3.80305	49
3.80305	49
3.80306	49
3.80306	49
3.80307	49
3.80307	49
3.81342	49
3.81343	49
3.81347	49
3.83677	49
3.83677	49
3.83678	49
3.83678	49
3.83678	49
3.83678	49
3.83679	49
3.83682	49
3.85873	49
3.85874	49
3.85875	49
3.85877	49
3.85877	49
3.86035	49
3.86039	49
3.86041	49
3.86121	49
3.86121	49
3.86121	49
3.87035	49
3.87035	49
3.87038	49
3.87038	49
3.87243	49
3.87243	49
3.87244	49
3.87252	49
3.87678	49
3.87685	49
3.87735	49
3.87736	49
3.87751	49
3.90498	49
3.90498	49
3.90498	49
3.90511	49
3.90521	49
3.93469	49
3.93469	49
3.93469	49
3.93469	49
3.93469	49
3.9347	49
3.93472	49
3.94293	49
3.94294	49
3.94295	49
3.94296	49
3.94297	49
3.97285	49
3.97286	49
3.97287	49
3.97289	49
3.9729	49
3.9843	49
3.9843	49
3.9843	49
3.98431	49
3.98631	49
3.98632	49
3.98632	49
3.98632	49
3.98635	49
3.99233	49
3.99233	49
3.99234	49
3.99235	49
4.01704	49
4.01704	49
4.01704	49
4.01704	49
4.01704	49
4.01716	49
4.01802	49
4.01803	49
4.01803	49
4.01811	49
4.02137	49
4.02137	49
4.02138	49
4.03094	49
4.03095	49
4.03111	49
4.03534	49
4.03534	49
4.03534	49
4.03535	49
4.03536	49
4.0453	49
4.0453	49
4.0453	49
4.04535	49
4.05754	49
4.05754	49
4.05755	49
4.05755	49
4.05767	49
4.06949	49
4.0695	49
4.06952	49
4.06959	49
4.0697	49
4.07152	49
4.07154	49
4.07155	49
4.09211	49
4.09211	49
4.09211	49
4.09215	49
4.09244	49
4.09245	49
4.09246	49
4.09256	49
4.11037	49
4.11038	49
4.11038	49
4.11039	49
4.11042	49
4.11049	49
4.11224	49
4.11224	49
4.11226	49
4.11378	49
4.11389	49
4.20131	49
4.20131	49
4.20131	49
4.20131	49
4.20132	49
4.20134	49
4.20134	49
4.20146	49
4.21204	49
4.21206	49
4.21212	49
4.21284	49
4.21285	49
4.21288	49
4.21559	49
4.21559	49
4.2156	49
4.21568	49
4.22178	49
4.22178	49
4.22178	49
4.22181	49
4.23053	49
4.23053	49
4.23053	49
4.23055	49
4.23055	49
4.23979	49
4.23979	49
4.23979	49
4.23979	49
4.2398	49
4.26643	49
4.26643	49
4.26643	49
4.26644	49
4.26644	49
4.26644	49
4.26648	49
4.26652	49
4.27097	49
4.27097	49
4.27098	49
4.29667	49
4.29668	49
4.29668	49
4.29668	49
4.29674	49
4.29678	49
4.32227	49
4.32227	49
4.32228	49
4.32228	49
4.32229	49
4.3223	49
4.32233	49
4.32251	49
4.32265	49
4.34271	49
4.34273	49
4.34273	49
4.34548	49
4.36328	49
4.36328	49
4.36329	49
4.36329	49
4.3633	49
4.36331	49
4.38718	49
4.38718	49
4.38719	49
4.38719	49
4.38719	49
4.3872	49
4.3872	49
4.38721	49
4.39827	49
4.39828	49
4.39828	49
4.39832	49
4.42061	49
4.42061	49
4.42062	49
4.42062	49
4.42062	49
4.42063	49
4.42069	49
4.44515	49
4.44516	49
4.44519	49
4.4454	49
4.44744	49
4.44744	49
4.44744	49
4.44797	49
4.46106	49
4.46106	49
4.50138	49
4.50138	49
4.50138	49
4.50138	49
4.50138	49
4.50138	49
4.50139	49
4.50139	49
4.50145	49
4.50157	49
4.50437	49
4.50438	49
4.50452	49
4.5113	49
4.51131	49
4.51156	49
4.53193	49
4.53194	49
4.53194	49
4.53195	49
4.53196	49
4.53197	49
4.53235	49
4.53407	49
4.53407	49
4.53434	49
4.53535	49
4.53535	49
4.53536	49
4.53543	49
4.55575	49
4.55575	49
4.55575	49
4.55575	49
4.55576	49
4.5558	49
4.57082	49
4.57082	49
4.57083	49
4.57083	49
4.57091	49
4.57227	49
4.57227	49
4.57227	49
4.57234	49
4.58498	49
4.58499	49
4.58499	49
4.58501	49
4.58501	49
4.58504	49
4.58507	49
4.5909	49
4.59091	49
4.59116	49
4.59262	49
4.59263	49
4.59263	49
4.59283	49
4.59885	49
4.59886	49
4.59887	49
4.59922	49
4.61255	49
4.61255	49
4.61761	49
4.61761	49
4.61762	49
4.61767	49
4.61774	49
4.64748	49
4.64749	49
4.64749	49
4.64749	49
4.64749	49
4.64751	49
4.64753	49
4.64794	49
4.64794	49
4.64794	49
4.65159	49
4.67198	49
4.67199	49
4.67199	49
4.67199	49
4.67199	49
4.67199	49
4.672	49
4.67201	49
4.67202	49
4.67883	49
4.67884	49
4.67885	49
4.67887	49
4.67917	49
4.6801	49
4.68013	49
4.68016	49
4.68587	49
4.68588	49
4.68589	49
4.68592	49
4.69039	49
4.6904	49
4.69041	49
4.69607	49
4.69607	49
4.69616	49
4.70127	49
4.70127	49
4.70127	49
4.70128	49
4.70129	49
4.70903	49
4.70903	49
4.70904	49
4.70904	49
4.70926	49
4.75174	49
4.75174	49
4.75175	49
4.75175	49
4.75178	49
4.75179	49
4.75188	49
4.75222	49
4.762	49
4.76246	49
4.78182	49
4.78182	49
4.78185	49
4.78185	49
4.79154	49
4.79154	49
4.79155	49
4.79155	49
4.79155	49
4.79156	49
4.79156	49
4.79157	49
4.79161	49
4.79483	49
4.79484	49
4.79486	49
4.79492	49
4.79505	49
4.80814	49
4.80831	49
4.81626	49
4.81626	49
4.81627	49
4.81628	49
4.81628	49
4.81629	49
4.81648	49
4.84908	49
4.84908	49
4.84908	49
4.8491	49
4.84911	49
4.84916	49
4.90493	49
4.90493	49
4.90493	49
4.90494	49
4.90494	49
4.90494	49
4.90495	49
4.90496	49
4.90501	49
4.90505	49
4.94203	49
4.94203	49
4.94213	49
4.95421	49
4.95422	49
4.95423	49
4.95424	49
4.9543	49
4.95435	49
5.01534	49
5.01534	49
5.01534	49
5.01534	49
5.01534	49
5.01534	49
5.01534	49
5.01535	49
5.01535	49
5.01547	49
5.01552	49
5.02122	49
5.02122	49
5.02125	49
5.04066	49
5.04066	49
5.04067	49
5.04067	49
5.04067	49
5.04067	49
5.05052	49
5.05053	49
5.05053	49
5.05053	49
5.05067	49
5.05945	49
5.05946	49
5.05946	49
5.05948	49
5.05954	49
5.07816	49
5.07816	49
5.07817	49
5.07817	49
5.07817	49
5.07818	49
5.09476	49
5.09479	49
5.0948	49
5.09483	49
5.09502	49
5.10683	49
5.10683	49
5.10684	49
5.1069	49
5.10692	49
5.10693	49
5.10694	49
5.10696	49
5.12457	49
5.12457	49
5.12459	49
5.12517	49
5.1501	49
5.15013	49
5.15013	49
5.15013	49
5.1502	49
5.15021	49
5.15372	49
5.17735	49
5.17735	49
5.17737	49
5.17737	49
5.17743	49
5.20346	49
5.20346	49
5.20347	49
5.20347	49
5.20347	49
5.20348	49
5.20351	49
5.20351	49
5.2038	49
5.21724	49
5.21724	49
5.21726	49
5.21727	49
5.21728	49
5.21733	49
5.22472	49
5.22473	49
5.22473	49
5.22478	49
5.22504	49
5.237	49
5.23701	49
5.23703	49
5.2371	49
5.25952	49
5.25953	49
5.25956	49
5.25957	49
5.25958	49
5.26013	49
5.26031	49
5.28295	49
5.28295	49
5.28295	49
5.28295	49
5.28295	49
5.28296	49
5.28303	49
5.30598	49
5.30598	49
5.30599	49
5.30599	49
5.30607	49
5.30646	49
5.30842	49
5.30843	49
5.30845	49
5.3097	49
5.3097	49
5.30973	49
5.30974	49
5.34031	49
5.34031	49
5.34032	49
5.34033	49
5.34035	49
5.34043	49
5.34047	49
5.37909	49
5.37909	49
5.3791	49
5.37911	49
5.37913	49
5.37914	49
5.37915	49
5.40032	49
5.40032	49
5.40032	49
5.40033	49
5.40035	49
5.40038	49
5.40039	49
5.46151	49
5.46152	49
5.46153	49
5.46154	49
5.46154	49
5.46155	49
5.46156	49
5.46172	49
5.47709	49
5.47709	49
5.47711	49
5.47712	49
5.47713	49
5.48164	49
5.48164	49
5.48165	49
5.48181	49
5.50553	49
5.50553	49
5.50554	49
5.50559	49
5.50563	49
5.50851	49
5.50851	49
5.50854	49
5.50869	49
5.51524	49
5.51524	49
5.51527	49
5.5155	49
5.52637	49
5.52637	49
5.52638	49
5.52638	49
5.52647	49
5.53352	49
5.53352	49
5.53353	49
5.53355	49
5.53564	49
5.53564	49
5.53564	49
5.55514	49
5.55515	49
5.55516	49
5.55518	49
5.55525	49
5.55529	49
5.55551	49
5.55559	49
5.64247	49
5.64247	49
5.64249	49
5.6425	49
5.64251	49
5.64258	49
5.64337	49
5.64393	49
5.6452	49
5.6452	49
5.6452	49
5.64582	49
5.67175	49
5.67178	49
5.6718	49
5.67186	49
5.67304	49
5.67987	49
5.67987	49
5.67991	49
5.68023	49
5.71162	49
5.71162	49
5.71162	49
5.71163	49
5.71166	49
5.71168	49
5.71169	49
5.71211	49
5.7123	49
5.72947	49
5.72948	49
5.72966	49
5.74954	49
5.74954	49
5.74955	49
5.74961	49
5.74963	49
5.9387	49
5.9387	49
5.9387	49
5.9387	49
5.93871	49
5.93872	49
5.94138	49
5.94142	49
5.94556	49
5.94557	49
5.9456	49
5.96207	49
5.96207	49
5.96207	49
5.96212	49
5.98945	49
5.98945	49
5.98945	49
5.98945	49
5.98946	49
5.98946	49
5.98946	49
5.98948	49
5.98957	49
6.02348	49
6.02349	49
6.02459	49
6.02664	49
6.06512	49
6.06512	49
6.06513	49
6.06514	49
6.06515	49
6.06522	49
6.06522	49
6.06524	49
6.06592	49
6.06666	49
6.06666	49
6.06667	49
6.06668	49
6.08018	49
6.08018	49
6.08019	49
6.08021	49
6.08053	49
6.08532	49
6.08532	49
6.08533	49
6.0854	49
6.08558	49
6.11421	49
6.11421	49
6.11422	49
6.11422	49
6.11424	49
6.11429	49
6.11433	49
6.11433	49
6.11836	49
6.11837	49
6.11837	49
6.11879	49
6.12558	49
6.12558	49
6.1256	49
6.12561	49
6.12564	49
6.12583	49
6.18616	49
6.18616	49
6.18616	49
6.18617	49
6.18619	49
6.18624	49
6.18626	49
6.18629	49
6.18633	49
6.22524	49
6.22526	49
6.22527	49
6.22528	49
6.22528	49
6.22542	49
6.22572	49
6.22572	49
6.31414	49
6.31414	49
6.31414	49
6.31414	49
6.31415	49
6.31415	49
6.31415	49
6.31423	49
6.31432	49
6.32382	49
6.32384	49
6.32386	49
6.32989	49
6.32989	49
6.32991	49
6.32991	49
6.33008	49
6.34745	49
6.34745	49
6.34746	49
6.34747	49
6.34754	49
6.34762	49
6.40013	49
6.40015	49
6.40016	49
6.40016	49
6.40016	49
6.40017	49
6.40058	49
6.40078	49
6.40183	49
6.40183	49
6.40184	49
6.40191	49
6.40781	49
6.40782	49
6.40784	49
6.40793	49
6.40822	49
6.41232	49
6.41232	49
6.41233	49
6.41255	49
6.42579	49
6.42579	49
6.4261	49
6.451	49
6.45101	49
6.45101	49
6.45101	49
6.45102	49
6.45103	49
6.45109	49
6.45112	49
6.45124	49
6.45177	49
6.45177	49
6.45177	49
6.45179	49
6.46036	49
6.46037	49
6.46037	49
6.46038	49
6.46051	49
6.46201	49
6.46203	49
6.46204	49
6.46212	49
6.98151	49
6.98151	49
6.98152	49
6.98152	49
6.98152	49
6.98163	49
6.98275	49
6.98314	49
7.0063	49
7.00631	49
7.00635	49
7.02876	49
7.02877	49
7.02882	49
7.02883	49
7.02897	49
7.02907	49
7.03931	49
7.03931	49
7.03931	49
7.03936	49
7.03949	49
7.03951	49
7.03968	49
7.04399	49
7.04399	49
7.04413	49
9.25712	49
9.25718	49
9.25719	49
9.2572	49
9.25722	49
9.25725	49
9.25746	49
9.25814	49
9.26704	49
9.26777	49
9.27185	49
9.27185	49
9.27185	49
9.2723	49
9.36535	49
9.36537	49
9.36539	49
9.3654	49
9.36546	49
9.36546	49
9.36596	49
9.36664	49
9.40839	49
9.40839	49
9.4084	49
9.40842	49
9.40844	49
9.40845	49
9.40848	49
9.40904	49
9.5665	49
9.56651	49
9.56653	49
9.56653	49
9.56653	49
9.56655	49
9.56657	49
9.56674	49
10.5347	49
10.5347	49
10.5348	49
10.5348	49
10.5349	49
10.5349	49
10.5351	49
10.5352	49
10.5553	49
10.5554	49
10.5558	49
10.5592	49
10.6443	49
10.6443	49
10.6443	49
10.6443	49
10.6443	49
10.6443	49
10.6443	49
10.6444	49
10.6444	49
10.6448	49
10.654	49
10.7228	49
10.7228	49
10.7228	49
10.7228	49
10.7228	49
10.7228	49
10.7228	49
10.7229	49
10.7231	49
10.769	49
10.769	49
10.769	49
10.769	49
10.769	49
10.7691	49
10.7691	49
10.7693	49
10.7768	49
10.7768	49
10.7769	49
10.7769	49
10.8518	49
10.8518	49
10.8518	49
10.8518	49
10.8518	49
10.8518	49
10.8519	49
10.852	49
10.8521	49
10.8688	49
10.8692	49
10.9032	49
10.9032	49
10.9032	49
10.9032	49
10.9032	49
10.9033	49
10.9033	49
10.9033	49
10.9034	49
10.9433	49
10.9433	49
10.9433	49
10.9434	49
10.9434	49
10.9438	49
10.9449	49
10.9454	49
10.978	49
10.978	49
10.978	49
10.978	49
10.978	49
10.978	49
10.978	49
10.9781	49
10.9782	49
11.2412	49
11.2412	49
11.2412	49
11.2413	49
11.2413	49
11.2418	49
11.2422	49
11.2422	49
11.3802	49
11.3802	49
11.3802	49
11.3802	49
11.3802	49
11.3804	49
11.3805	49
11.3808	49
11.5682	49
11.5683	49
11.5683	49
11.5683	49
11.5683	49
11.5684	49
11.5685	49
11.5688	49
11.5954	49
11.5954	49
11.5955	49
11.5977	49
11.6199	49
11.6199	49
11.6199	49
11.6199	49
11.6199	49
11.6199	49
11.6199	49
11.6202	49
11.7275	49
11.7275	49
11.7275	49
11.7277	49
11.7277	49
11.7277	49
11.7278	49
11.7279	49
11.7317	49
11.7317	49
11.7317	49
11.7322	49
12.2067	49
12.2068	49
12.2068	49
12.2068	49
12.2069	49
12.2071	49
12.2071	49
12.5674	49
12.5674	49
12.5674	49
12.5674	49
12.5674	49
12.5676	49
12.5678	49
12.5683	49
12.5687	49
12.614	49
12.614	49
12.614	49
12.6141	49
12.6141	49
12.6141	49
12.6427	49
12.6427	49
12.6427	49
12.6428	49
12.6428	49
12.6429	49
12.6432	49
12.6433	49
12.6434	49
12.7309	49
12.731	49
12.731	49
12.731	49
12.731	49
12.731	49
12.7312	49
12.7312	49
13.1773	49
13.1773	49
13.1774	49
13.1774	49
13.1774	49
13.1774	49
13.1786	49
13.1787	49
14.2678	49
14.2678	49
14.2678	49
14.2679	49
14.2679	49
14.2679	49
14.2684	49
14.2686	49
14.3936	49
14.3936	49
14.3936	49
14.3937	49
14.3937	49
14.3939	49
14.394	49
14.3944	49
14.6262	49
14.6262	49
14.6262	49
14.6262	49
14.6262	49
14.6263	49
14.6267	49
14.6272	49
14.7336	49
14.7336	49
14.7337	49
14.7337	49
14.7337	49
14.7337	49
14.7338	49
14.7354	49
14.8288	49
14.8288	49
14.8288	49
14.8289	49
14.8289	49
14.8289	49
14.829	49
14.8293	49
14.8293	49
15.3615	49
15.3615	49
15.3615	49
15.3616	49
15.3616	49
15.3616	49
15.362	49
15.3623	49
17.5426	49
17.5426	49
17.5426	49
17.5426	49
17.5426	49
17.5426	49
17.5428	49
17.5431	49
18.498	49
18.498	49
18.498	49
18.498	49
18.498	49
18.498	49
18.4981	49
18.4981	49
18.5197	49
18.5197	49
18.5197	49
18.5198	49
18.52	49
18.52	49
18.5205	49
18.5207	49
18.7093	49
18.7093	49
18.7093	49
18.7094	49
18.7094	49
18.7094	49
18.7094	49
18.7096	49
19.9099	49
19.9099	49
19.9099	49
19.9099	49
19.9099	49
19.91	49
19.9121	49
20.5216	49
20.5216	49
20.5216	49
20.5216	49
20.5216	49
20.5217	49
20.5218	49
20.5222	49
20.5225	49
20.5225	49
20.7246	49
20.7246	49
20.7246	49
20.7246	49
20.7246	49
20.7246	49
20.7248	49
20.7249	49
21.0357	49
21.0357	49
21.0357	49
21.0357	49
21.0358	49
21.0358	49
21.0358	49
21.036	49
21.2832	49
21.2832	49
21.2833	49
21.2833	49
21.2833	49
21.2833	49
21.2834	49
21.2838	49
22.5806	49
22.5806	49
22.5806	49
22.5806	49
22.5807	49
22.5807	49
22.582	49
23.3346	49
23.3346	49
23.3346	49
23.3347	49
23.3347	49
23.3347	49
23.335	49
23.3355	49
23.9506	49
23.9506	49
23.9506	49
23.9507	49
23.9507	49
23.9507	49
23.9511	49
23.9511	49
23.9514	49
24.87	49
24.87	49
24.87	49
24.8701	49
24.8702	49
24.8703	49
24.8704	49
25.0422	49
25.0422	49
25.0422	49
25.0423	49
25.0423	49
25.0424	49
25.0425	49
25.0425	49
25.0426	49
25.4516	49
25.4517	49
25.4517	49
25.4517	49
25.4517	49
25.4517	49
25.4518	49
25.4521	49
25.6697	49
25.6698	49
25.6698	49
25.6698	49
25.6698	49
25.6699	49
25.6699	49
25.6701	49
25.6706	49
25.6706	49
25.6708	49
26.1635	49
26.1635	49
26.1636	49
26.1636	49
26.1638	49
26.1641	49
26.1709	49
26.1709	49
26.1709	49
26.1711	49
26.1714	49
26.1715	49
26.1718	49
26.782	49
26.782	49
26.782	49
26.7821	49
26.7821	49
26.7822	49
26.7822	49
26.7824	49
27.3116	49
27.3117	49
27.3117	49
27.3117	49
27.3117	49
27.3117	49
27.3117	49
27.3118	49
27.3118	49
27.9901	49
27.9902	49
27.9902	49
27.9902	49
27.9903	49
27.9903	49
27.9914	49
29.5436	49
29.5437	49
29.5437	49
29.5438	49
29.5438	49
29.5438	49
29.544	49
29.5441	49
29.5448	49
29.9129	49
29.9129	49
29.913	49
29.913	49
29.913	49
29.9131	49
30.4429	49
30.4429	49
30.4429	49
30.4429	49
30.4429	49
30.443	49
30.4431	49
30.4431	49
30.4435	49
31.2603	49
31.2603	49
31.2604	49
31.2604	49
31.2604	49
31.2605	49
31.2606	49
31.2606	49
31.2612	49
31.5483	49
31.5484	49
31.5484	49
31.5484	49
31.5484	49
31.5484	49
31.5489	49
31.5493	49
31.6154	49
31.6154	49
31.6154	49
31.6154	49
31.6154	49
31.6154	49
31.6156	49
31.6158	49
31.6159	49
35.5062	49
35.5062	49
35.5062	49
35.5062	49
35.5063	49
35.5063	49
35.5064	49
35.5064	49
35.5238	49
35.5239	49
35.9527	49
35.9527	49
35.9527	49
35.9528	49
35.9529	49
35.953	49
35.9536	49
35.9546	49
35.9546	49
36.5241	49
36.5242	49
36.5242	49
36.5243	49
36.5243	49
36.5247	49
36.5247	49
36.5248	49
36.6566	49
36.6566	49
36.6566	49
36.6566	49
36.6566	49
36.6568	49
38.2223	49
38.2223	49
38.2223	49
38.2224	49
38.2225	49
38.2226	49
38.2231	49
38.3217	49
38.3218	49
38.3219	49
38.3219	49
38.3219	49
38.3219	49
38.3224	49
38.3226	49
38.3226	49
38.536	49
38.536	49
38.5361	49
38.5361	49
38.5362	49
38.5362	49
38.5363	49
38.5368	49
38.5374	49
39.0059	49
39.0059	49
39.0059	49
39.0059	49
39.0059	49
39.006	49
39.0064	49
39.0064	49
39.6056	49
39.6056	49
39.6057	49
39.6058	49
39.6058	49
39.6058	49
39.6059	49
39.6059	49
39.7388	49
39.7388	49
39.7388	49
39.7388	49
39.7389	49
39.7389	49
39.739	49
39.7395	49
39.8683	49
39.8683	49
39.8683	49
39.8684	49
39.8684	49
39.8684	49
39.8688	49
39.8695	49
39.9489	49
39.9489	49
39.9489	49
39.9489	49
39.949	49
39.949	49
39.95	49
40.1031	49
40.1031	49
40.1031	49
40.1032	49
40.1032	49
40.1032	49
40.1034	49
40.1036	49
40.1038	49
40.104	49
40.4491	49
40.4491	49
40.4491	49
40.4491	49
40.4492	49
40.4492	49
40.4493	49
40.4494	49
40.8745	49
40.8745	49
40.8746	49
40.8746	49
40.8746	49
40.8747	49
40.8747	49
40.8752	49
42.3855	49
42.3855	49
42.3856	49
42.3856	49
42.3856	49
42.3857	49
42.3857	49
42.3859	49
42.4938	49
42.4938	49
42.4938	49
42.4938	49
42.494	49
42.4941	49
42.495	49
42.4969	49
43.1232	49
43.1232	49
43.1233	49
43.1233	49
43.1234	49
43.1234	49
43.124	49
43.1241	49
43.4173	49
43.4173	49
43.4173	49
43.4174	49
43.4174	49
43.4175	49
43.4177	49
43.4179	49
45.1439	49
45.1439	49
45.144	49
45.144	49
45.144	49
45.1441	49
45.1442	49
45.1445	49
46.1604	49
46.1604	49
46.1604	49
46.1604	49
46.1605	49
46.1606	49
46.1606	49
46.1609	49
46.7534	49
46.7534	49
46.7535	49
46.7535	49
46.7535	49
46.7536	49
46.7536	49
46.7552	49
48.7896	49
48.7897	49
48.7897	49
48.7898	49
48.7899	49
48.79	49
48.7901	49
48.7905	49
48.8892	49
48.8892	49
48.8892	49
48.8892	49
48.8893	49
48.8893	49
48.8915	49
49.8838	49
49.8838	49
49.8838	49
49.8839	49
49.8839	49
49.884	49
49.884	49
49.8841	49
49.8841	49
50.9028	49
50.9028	49
50.9028	49
50.9028	49
50.9029	49
50.9029	49
50.903	49
50.9031	49
51.0883	49
51.0883	49
51.0883	49
51.0884	49
51.0884	49
51.0888	49
51.089	49
51.4474	49
51.4474	49
51.4474	49
51.4475	49
51.4476	49
51.4476	49
51.4478	49
51.4479	49
51.4488	49
51.4982	49
51.4982	49
51.4982	49
51.4982	49
51.4982	49
51.4983	49
51.4987	49
52.6402	49
52.6402	49
52.6403	49
52.6403	49
52.6403	49
52.6403	49
52.6403	49
52.6407	49
52.6408	49
52.6411	49
53.6849	49
53.6849	49
53.685	49
53.685	49
53.6851	49
53.6852	49
53.6854	49
53.6855	49
54.9165	49
54.9165	49
54.9165	49
54.9166	49
54.9167	49
54.9167	49
54.9168	49
54.9168	49
54.917	49
54.917	49
56.5243	49
56.5243	49
56.5243	49
56.5243	49
56.5244	49
56.5244	49
56.5254	49
56.5265	49
56.5267	49
57.4261	49
57.4261	49
57.4261	49
57.4261	49
57.4261	49
57.4261	49
57.4267	49
58.4222	49
58.4222	49
58.4222	49
58.4222	49
58.4223	49
58.4223	49
58.4225	49
58.4225	49
58.4233	49
59.5012	49
59.5012	49
59.5012	49
59.5012	49
59.5013	49
59.5014	49
59.5015	49
59.5016	49
61.0955	49
61.0955	49
61.0955	49
61.0955	49
61.0956	49
61.0959	49
61.096	49
61.096	49
61.0961	49
62.1236	49
62.1237	49
62.1237	49
62.1237	49
62.1237	49
62.1238	49
62.1239	49
62.1241	49
62.7757	49
62.7757	49
62.7757	49
62.7758	49
62.7758	49
62.7758	49
62.7758	49
62.7764	49
63.1217	49
63.1217	49
63.1217	49
63.1218	49
63.1218	49
63.1218	49
63.1221	49
63.3703	49
63.3703	49
63.3704	49
63.3704	49
63.3705	49
63.3705	49
63.3709	49
63.371	49
63.3717	49
63.3722	49
66.1982	49
66.1982	49
66.1982	49
66.1982	49
66.1983	49
66.1984	49
66.1987	49
66.199	49
66.3459	49
66.3459	49
66.346	49
66.346	49
66.346	49
66.3461	49
66.3466	49
66.3468	49
66.7038	49
66.7038	49
66.7038	49
66.7038	49
66.7038	49
66.7042	49
66.7045	49
66.7052	49
68.0584	49
68.0584	49
68.0584	49
68.0584	49
68.0584	49
68.0585	49
68.0586	49
69.3831	49
69.3831	49
69.3832	49
69.3832	49
69.3833	49
69.3836	49
70.5961	49
70.5961	49
70.5961	49
70.5961	49
70.5961	49
70.5962	49
70.5962	49
70.5962	49
70.5966	49
70.5969	49
70.5979	49
71.2321	49
71.2321	49
71.2322	49
71.2322	49
71.2322	49
71.2323	49
71.2323	49
71.2327	49
71.3138	49
71.3138	49
71.3138	49
71.3138	49
71.3139	49
71.314	49
71.314	49
71.3141	49
72.3524	49
72.3524	49
72.3524	49
72.3524	49
72.3525	49
72.3526	49
72.5433	49
72.5433	49
72.5433	49
72.5434	49
72.5435	49
72.5436	49
72.5436	49
72.5437	49
72.5442	49
72.5448	49
72.7568	49
72.7568	49
72.7568	49
72.7568	49
72.7569	49
72.757	49
72.757	49
72.757	49
72.7572	49
74.1943	49
74.1943	49
74.1943	49
74.1943	49
74.1944	49
74.1944	49
74.1947	49
74.1951	49
74.5505	49
74.5505	49
74.5505	49
74.5506	49
74.5507	49
74.5507	49
74.5516	49
75.0651	49
75.0651	49
75.0651	49
75.0651	49
75.0652	49
75.0652	49
75.0652	49
75.0659	49
76.9436	49
76.9436	49
76.9437	49
76.9438	49
76.9439	49
76.9439	49
76.9439	49
76.944	49
76.9443	49
77.6308	49
77.6308	49
77.6308	49
77.6309	49
77.6309	49
77.6309	49
77.6319	49
77.888	49
77.888	49
77.888	49
77.888	49
77.8881	49
77.8882	49
77.8884	49
77.8897	49
77.8901	49
77.8903	49
78.1232	49
78.1232	49
78.1232	49
78.1232	49
78.1233	49
78.1233	49
78.1233	49
78.1238	49
78.1378	49
78.1379	49
78.1379	49
78.1383	49
78.1388	49
78.7022	49
78.7022	49
78.7022	49
78.7023	49
78.7023	49
78.7024	49
78.7026	49
78.7034	49
79.0623	49
79.0623	49
79.0623	49
79.0624	49
79.0624	49
79.0625	49
79.0636	49
79.0641	49
79.1734	49
79.1734	49
79.1734	49
79.1735	49
79.1736	49
79.1737	49
79.1739	49
79.1744	49
79.9568	49
79.9568	49
79.9568	49
79.9569	49
79.9569	49
79.9569	49
79.957	49
80.3719	49
80.3719	49
80.372	49
80.372	49
80.3721	49
80.3722	49
80.3728	49
80.3728	49
81.0086	49
81.0086	49
81.0086	49
81.0087	49
81.0087	49
81.009	49
81.0095	49
81.0095	49
81.01	49
81.0104	49
81.6558	49
81.6558	49
81.6558	49
81.6559	49
81.6559	49
81.6561	49
81.6561	49
81.6562	49
82.2649	49
82.2649	49
82.2649	49
82.265	49
82.265	49
82.265	49
82.2655	49
82.2664	49
82.2975	49
82.2975	49
82.2976	49
82.2976	49
82.2976	49
82.2991	49
82.7266	49
82.7266	49
82.7266	49
82.7266	49
82.7266	49
82.7266	49
82.7267	49
82.7273	49
82.7275	49
84.0634	49
84.0634	49
84.0634	49
84.0634	49
84.0634	49
84.0635	49
85.942	49
85.9421	49
85.9421	49
85.9421	49
85.9421	49
85.9424	49
85.9424	49
85.9426	49
85.9428	49
85.9432	49
86.4098	49
86.4099	49
86.4099	49
86.4099	49
86.4101	49
86.4101	49
86.4106	49
86.4108	49
87.3685	49
87.3685	49
87.3686	49
87.3687	49
87.3688	49
87.3688	49
87.5946	49
87.5946	49
87.5946	49
87.5947	49
87.5947	49
87.5947	49
87.5959	49
87.596	49
88.6215	49
88.6215	49
88.6216	49
88.6216	49
88.6217	49
88.6218	49
88.6218	49
88.622	49
88.6226	49
88.6229	49
88.6396	49
88.6396	49
88.6396	49
88.6401	49
88.6402	49
88.6404	49
88.8037	49
88.8037	49
88.8038	49
88.8038	49
88.8039	49
88.8039	49
88.8061	49
89.0072	49
89.0072	49
89.0073	49
89.0073	49
89.0073	49
89.0074	49
89.0077	49
89.0079	49
89.1954	49
89.1954	49
89.1954	49
89.1954	49
89.1954	49
89.1954	49
89.1955	49
89.1955	49
89.1956	49
89.1962	49
89.6709	49
89.6709	49
89.6709	49
89.671	49
89.6711	49
89.6714	49
89.6716	49
89.6721	49
90.569	49
90.5691	49
90.5691	49
90.5691	49
90.5693	49
90.5693	49
90.5697	49
90.9682	49
90.9682	49
90.9682	49
90.9682	49
90.9682	49
90.9682	49
90.9685	49
90.9687	49
90.9696	49
91.08	49
91.08	49
91.0801	49
91.0801	49
91.0801	49
91.0801	49
91.0805	49
91.0807	49
91.1514	49
91.1514	49
91.1514	49
91.1514	49
91.1514	49
91.1515	49
91.1515	49
91.1516	49
91.1517	49
92.0256	49
92.0256	49
92.0256	49
92.0257	49
92.0258	49
92.0258	49
92.0264	49
92.027	49
92.0281	49
92.2167	49
92.2168	49
92.2168	49
92.2168	49
92.2168	49
92.2169	49
92.2173	49
92.218	49
92.3736	49
92.3736	49
92.3737	49
92.3737	49
92.3738	49
92.3738	49
92.3743	49
92.3744	49
93.5682	49
93.5682	49
93.5683	49
93.5684	49
93.5685	49
93.5687	49
93.5687	49
93.5696	49
93.6052	49
93.6053	49
93.6053	49
93.6053	49
93.6058	49
93.6067	49
94.2848	49
94.2848	49
94.2848	49
94.2848	49
94.2848	49
94.2849	49
94.2859	49
95.301	49
95.301	49
95.301	49
95.301	49
95.301	49
95.3012	49
95.3017	49
95.3026	49
95.3026	49
95.5793	49
95.5793	49
95.5793	49
95.5793	49
95.5794	49
95.5795	49
95.5796	49
95.5798	49
95.7019	49
95.7019	49
95.7019	49
95.7019	49
95.702	49
95.7021	49
95.7022	49
95.7032	49
95.7328	49
95.7329	49
95.7345	49
95.7347	49
96.1853	49
96.1854	49
96.1854	49
96.1854	49
96.1854	49
96.1854	49
96.1855	49
96.1855	49
97.2809	49
97.281	49
97.281	49
97.281	49
97.2811	49
97.2811	49
97.2831	49
97.2831	49
98.8085	49
98.8085	49
98.8085	49
98.8085	49
98.8086	49
98.8088	49
98.8089	49
98.8091	49
98.8093	49
99.0392	49
99.0392	49
99.0393	49
99.0393	49
99.0394	49
99.0394	49
