1.24501e-11	0
2.78585e-11	1
3.2571e-11	2
2.91393e-10	3
3.23226e-10	4
3.56852e-10	5
6.2475e-10	6
9.5126e-10	7
9.94333e-10	8
1.05705e-09	9
1.14943e-09	10
1.18206e-09	11
1.18321e-09	12
1.22038e-09	13
1.23863e-09	14
1.36744e-09	15
1.42938e-09	16
1.66096e-09	17
1.69867e-09	18
1.77383e-09	19
1.80754e-09	20
2.03842e-09	21
2.08206e-09	22
2.08647e-09	23
2.59867e-09	24
2.61825e-09	25
2.69371e-09	26
2.82954e-09	27
2.95811e-09	28
3.02028e-09	29
3.35056e-09	30
3.39061e-09	31
3.53886e-09	32
5.07324e-09	33
5.16668e-09	34
5.27793e-09	35
5.71206e-09	36
5.78907e-09	37
5.89713e-09	38
6.11005e-09	39
6.21034e-09	40
6.70647e-09	41
7.21891e-09	42
7.49262e-09	43
7.76155e-09	44
8.2841e-09	45
8.52579e-09	46
9.32865e-09	47
1.03375e-08	47
1.16907e-08	48
1.30595e-08	48
1.35833e-08	49
1.42876e-08	50
1.46562e-08	51
1.4791e-08	51
1.64827e-08	51
1.86533e-08	52
1.97237e-08	52
2.71547e-08	52
3.22798e-08	52
3.31266e-08	52
4.16108e-08	52
4.70979e-08	52
5.04056e-08	52
5.82149e-08	52
6.18722e-08	52
7.13862e-08	52
7.40753e-08	52
7.8676e-08	52
7.98367e-08	52
8.19033e-08	52
8.42544e-08	52
8.45146e-08	52
9.15825e-08	52
9.3016e-08	52
9.33632e-08	52
9.49352e-08	52
1.00987e-07	52
1.06623e-07	52
1.15167e-07	52
1.1531e-07	52
1.16749e-07	52
1.18807e-07	52
1.31956e-07	52
1.37246e-07	52
1.38638e-07	52
1.41246e-07	52
1.62818e-07	52
1.64507e-07	52
1.65367e-07	52
1.65589e-07	52
1.68192e-07	52
1.69164e-07	52
1.81385e-07	52
1.89128e-07	52
1.94246e-07	52
1.97937e-07	52
1.9807e-07	52
2.00703e-07	52
2.0294e-07	52
2.0601e-07	52
2.20316e-07	52
2.26975e-07	52
2.31756e-07	52
2.33646e-07	52
2.42974e-07	52
2.52719e-07	52
2.60524e-07	52
2.64805e-07	52
2.71285e-07	52
2.74123e-07	52
2.79929e-07	52
2.87017e-07	52
2.89842e-07	52
2.91357e-07	52
2.96891e-07	52
2.99445e-07	52
3.05792e-07	53
3.06299e-07	53
3.2283e-07	53
3.25872e-07	53
3.31807e-07	53
3.34401e-07	53
3.36424e-07	53
3.54445e-07	53
3.56817e-07	53
3.60014e-07	53
3.65476e-07	53
3.67069e-07	53
3.72442e-07	53
3.74381e-07	53
3.92903e-07	53
3.95154e-07	53
4.10662e-07	53
4.12572e-07	53
4.13499e-07	53
4.20525e-07	53
4.25124e-07	53
4.27846e-07	53
4.31057e-07	53
4.35616e-07	53
4.36097e-07	53
4.62486e-07	53
4.72328e-07	53
4.78237e-07	53
4.92237e-07	53
5.12391e-07	53
5.19998e-07	53
5.25e-07	53
5.2888e-07	53
5.29542e-07	53
5.36352e-07	53
5.39893e-07	53
5.44286e-07	53
5.47864e-07	53
5.49278e-07	53
5.55919e-07	53
5.61056e-07	53
5.72743e-07	53
5.86763e-07	53
5.88329e-07	53
5.98583e-07	53
6.04464e-07	53
6.08591e-07	53
6.12975e-07	53
6.13886e-07	53
6.25526e-07	53
6.27336e-07	53
6.32859e-07	53
6.35567e-07	53
6.37487e-07	53
6.47039e-07	53
6.49115e-07	53
6.76313e-07	53
6.76519e-07	53
6.76707e-07	53
6.84689e-07	53
6.86356e-07	53
6.88284e-07	53
6.88294e-07	53
6.92107e-07	53
6.92573e-07	53
6.93014e-07	53
6.98873e-07	53
7.02117e-07	53
7.0302e-07	53
7.07225e-07	53
7.16019e-07	53
7.16112e-07	53
7.20918e-07	53
7.47513e-07	53
7.50359e-07	53
7.52109e-07	53
7.70062e-07	53
7.99362e-07	53
8.04748e-07	53
8.21486e-07	53
8.35343e-07	53
8.52959e-07	53
8.53419e-07	53
8.58161e-07	53
8.59533e-07	53
8.80457e-07	53
8.96055e-07	53
8.96155e-07	53
8.99849e-07	53
9.00717e-07	53
9.08314e-07	53
9.11969e-07	53
9.2424e-07	53
9.35663e-07	53
9.35942e-07	53
9.46007e-07	53
9.63459e-07	53
9.67302e-07	53
9.72202e-07	53
9.74727e-07	53
9.84141e-07	53
9.89755e-07	53
1.01353e-06	53
1.02253e-06	53
1.02406e-06	53
1.0256e-06	53
1.04572e-06	53
1.06765e-06	53
1.08558e-06	53
1.08561e-06	53
1.08973e-06	53
1.09298e-06	53
1.09586e-06	53
1.106e-06	53
1.11076e-06	53
1.12456e-06	53
1.1259e-06	53
1.13177e-06	53
1.13557e-06	53
1.13885e-06	53
1.14743e-06	53
1.16626e-06	53
1.20287e-06	53
1.20753e-06	53
1.21413e-06	53
1.21595e-06	53
1.22259e-06	53
1.24424e-06	53
1.2569e-06	53
1.25766e-06	53
1.27327e-06	53
1.32224e-06	53
1.36885e-06	53
1.37041e-06	53
1.37064e-06	53
1.3821e-06	53
1.38923e-06	53
1.39347e-06	53
1.39541e-06	53
1.3997e-06	53
1.4157e-06	53
1.41732e-06	53
1.42251e-06	53
1.42946e-06	53
1.43835e-06	53
1.44784e-06	53
1.47536e-06	53
1.4901e-06	53
1.49142e-06	53
1.49887e-06	53
1.50007e-06	53
1.51129e-06	53
1.63809e-06	53
1.65517e-06	53
1.6655e-06	53
1.66839e-06	53
1.67332e-06	53
1.68948e-06	53
1.70672e-06	53
1.72862e-06	53
1.76201e-06	53
1.76978e-06	53
1.7808e-06	53
1.79795e-06	53
1.80314e-06	53
1.82705e-06	53
1.82978e-06	53
1.8326e-06	53
1.87223e-06	53
1.87853e-06	53
1.89331e-06	53
1.91511e-06	53
1.95815e-06	53
1.96277e-06	53
2.03495e-06	53
2.07861e-06	53
2.14371e-06	53
2.16031e-06	53
2.17899e-06	53
2.20487e-06	53
2.21604e-06	53
2.22034e-06	53
2.24724e-06	53
2.25394e-06	53
2.28653e-06	53
2.36229e-06	53
2.38778e-06	53
2.40116e-06	53
2.42329e-06	53
2.45338e-06	53
2.4563e-06	53
2.52103e-06	53
2.53503e-06	53
2.59848e-06	53
2.63014e-06	53
2.63577e-06	53
2.64245e-06	53
2.66275e-06	53
2.67333e-06	53
2.67868e-06	53
2.76864e-06	53
2.79049e-06	53
2.81438e-06	53
2.81964e-06	53
2.83751e-06	53
2.87517e-06	53
2.93807e-06	53
2.97516e-06	53
3.01466e-06	53
3.02874e-06	53
3.02881e-06	53
3.04046e-06	53
3.06645e-06	53
3.20192e-06	53
3.31795e-06	53
3.49895e-06	53
3.55315e-06	53
3.55935e-06	53
3.5749e-06	53
3.61052e-06	53
3.61488e-06	53
3.6385e-06	53
3.66277e-06	53
3.80611e-06	53
3.8323e-06	53
3.84824e-06	53
3.865e-06	53
3.89618e-06	53
3.92753e-06	53
3.94526e-06	53
4.07761e-06	53
4.10408e-06	53
4.1963e-06	53
4.29934e-06	53
4.3897e-06	53
4.41882e-06	53
4.46159e-06	53
4.5358e-06	53
4.61555e-06	53
4.61609e-06	53
4.62231e-06	53
4.66934e-06	53
4.67566e-06	53
4.83509e-06	53
4.97282e-06	53
4.99685e-06	53
5.04245e-06	53
5.15362e-06	53
5.32918e-06	53
5.75745e-06	53
5.93597e-06	53
5.98073e-06	53
6.14723e-06	53
6.30376e-06	53
6.4267e-06	53
6.50386e-06	53
6.53475e-06	53
6.54061e-06	53
6.55123e-06	53
6.63591e-06	53
6.83883e-06	53
7.3698e-06	53
7.37845e-06	53
7.42173e-06	53
7.53072e-06	53
7.58007e-06	53
7.6214e-06	53
7.72109e-06	53
7.79899e-06	53
7.80985e-06	53
7.86976e-06	53
7.90601e-06	53
7.95213e-06	53
7.98947e-06	53
8.15884e-06	53
8.2699e-06	53
8.28864e-06	53
8.30746e-06	53
8.34577e-06	53
8.40583e-06	53
8.47438e-06	53
8.52513e-06	53
8.69266e-06	53
8.71025e-06	53
8.71413e-06	53
8.75892e-06	53
8.79836e-06	53
8.83243e-06	53
8.85038e-06	53
8.99887e-06	53
9.01579e-06	53
9.02447e-06	53
9.11822e-06	53
9.26595e-06	53
9.30804e-06	53
9.37349e-06	53
9.37784e-06	53
9.44757e-06	53
9.46287e-06	53
9.57767e-06	53
9.57801e-06	53
9.7162e-06	53
9.73604e-06	53
9.74773e-06	53
9.76441e-06	53
9.91087e-06	53
9.93909e-06	53
1.02027e-05	53
1.02573e-05	53
1.0327e-05	53
1.03999e-05	53
1.04311e-05	53
1.0466e-05	53
1.05144e-05	53
1.06423e-05	53
1.06604e-05	53
1.08099e-05	53
1.08131e-05	53
1.0841e-05	53
1.09005e-05	53
1.10189e-05	53
1.1059e-05	53
1.1164e-05	53
1.13909e-05	53
1.14024e-05	53
1.14276e-05	53
1.14431e-05	53
1.16112e-05	53
1.16857e-05	53
1.1783e-05	53
1.1825e-05	53
1.1833e-05	53
1.1862e-05	53
1.19038e-05	53
1.19246e-05	53
1.21316e-05	53
1.21453e-05	53
1.22257e-05	53
1.26909e-05	53
1.27918e-05	53
1.28926e-05	53
1.29654e-05	53
1.2971e-05	53
1.29825e-05	53
1.32388e-05	53
1.32533e-05	53
1.32574e-05	53
1.33323e-05	53
1.33622e-05	53
1.33832e-05	53
1.35766e-05	53
1.37044e-05	53
1.38231e-05	53
1.38584e-05	53
1.39664e-05	53
1.40107e-05	53
1.40185e-05	53
1.40198e-05	53
1.40264e-05	53
1.43913e-05	53
1.44359e-05	53
1.44806e-05	53
1.45107e-05	53
1.46753e-05	53
1.47528e-05	53
1.47719e-05	53
1.48421e-05	53
1.49118e-05	53
1.49759e-05	53
1.50397e-05	53
1.51751e-05	53
1.53021e-05	53
1.54299e-05	53
1.54864e-05	53
1.55172e-05	53
1.58108e-05	53
1.58692e-05	53
1.5893e-05	53
1.59503e-05	53
1.62543e-05	53
1.62622e-05	53
1.62686e-05	53
1.63989e-05	53
1.6472e-05	53
1.66386e-05	53
1.67592e-05	53
1.68337e-05	53
1.69695e-05	53
1.69807e-05	53
1.71053e-05	53
1.71065e-05	53
1.71424e-05	53
1.7159e-05	53
1.72796e-05	53
1.73204e-05	53
1.73442e-05	53
1.74237e-05	53
1.77884e-05	53
1.79369e-05	53
1.80539e-05	53
1.81431e-05	53
1.8235e-05	53
1.82486e-05	53
1.82532e-05	53
1.83162e-05	53
1.854e-05	53
1.87846e-05	53
1.89737e-05	53
1.90074e-05	53
1.95552e-05	53
1.96476e-05	53
1.9739e-05	53
1.98135e-05	53
1.99241e-05	53
2.01206e-05	53
2.01697e-05	53
2.02139e-05	53
2.02301e-05	53
2.02342e-05	53
2.04664e-05	53
2.05329e-05	53
2.05838e-05	53
2.06372e-05	53
2.06397e-05	53
2.06455e-05	53
2.07385e-05	53
2.07466e-05	53
2.075e-05	53
2.07802e-05	53
2.08925e-05	53
2.09099e-05	53
2.09267e-05	53
2.17636e-05	53
2.17725e-05	53
2.18572e-05	53
2.18848e-05	53
2.20268e-05	53
2.21068e-05	53
2.21212e-05	53
2.21615e-05	53
2.22291e-05	53
2.23745e-05	53
2.26718e-05	53
2.28553e-05	53
2.33083e-05	53
2.33895e-05	53
2.36591e-05	53
2.39451e-05	53
2.42675e-05	53
2.45017e-05	53
2.45497e-05	53
2.45988e-05	53
2.46599e-05	53
2.46765e-05	53
2.47255e-05	53
2.476e-05	53
2.47682e-05	53
2.49194e-05	53
2.51498e-05	53
2.51669e-05	53
2.52348e-05	53
2.52533e-05	53
2.53626e-05	53
2.53708e-05	53
2.54008e-05	53
2.54388e-05	53
2.54502e-05	53
2.55189e-05	53
2.55917e-05	53
2.56099e-05	53
2.56651e-05	53
2.57161e-05	53
2.58166e-05	53
2.58552e-05	53
2.58786e-05	53
2.58875e-05	53
2.61702e-05	53
2.64424e-05	53
2.65029e-05	53
2.65641e-05	53
2.72733e-05	53
2.73081e-05	53
2.73258e-05	53
2.74111e-05	53
2.78633e-05	53
2.7944e-05	53
2.81208e-05	53
2.83165e-05	53
2.83438e-05	53
2.83548e-05	53
2.84697e-05	53
2.85379e-05	53
2.8826e-05	53
2.88995e-05	53
2.89954e-05	53
2.90098e-05	53
2.91272e-05	53
2.9155e-05	53
2.94355e-05	53
2.97071e-05	53
2.97423e-05	53
2.97644e-05	53
2.9861e-05	53
2.99764e-05	53
2.99881e-05	53
3.06719e-05	53
3.07637e-05	53
3.08161e-05	53
3.08332e-05	53
3.08856e-05	53
3.10038e-05	53
3.10406e-05	53
3.10959e-05	53
3.11489e-05	53
3.11538e-05	53
3.11662e-05	53
3.13075e-05	53
3.14137e-05	53
3.15144e-05	53
3.15765e-05	53
3.15846e-05	53
3.15903e-05	53
3.16707e-05	53
3.18275e-05	53
3.18926e-05	53
3.20964e-05	53
3.21921e-05	53
3.22317e-05	53
3.22727e-05	53
3.25067e-05	53
3.30018e-05	53
3.30977e-05	53
3.31803e-05	53
3.32445e-05	53
3.3393e-05	53
3.34623e-05	53
3.36024e-05	53
3.4016e-05	53
3.40433e-05	53
3.41555e-05	53
3.43476e-05	53
3.44467e-05	53
3.44873e-05	53
3.4499e-05	53
3.469e-05	53
3.46943e-05	53
3.48014e-05	53
3.4994e-05	53
3.50133e-05	53
3.51238e-05	53
3.51894e-05	53
3.52824e-05	53
3.53398e-05	53
3.54534e-05	53
3.54658e-05	53
3.55541e-05	53
3.57061e-05	53
3.59024e-05	53
3.59984e-05	53
3.63487e-05	53
3.65206e-05	53
3.65795e-05	53
3.65846e-05	53
3.66522e-05	53
3.70375e-05	53
3.71994e-05	53
3.76611e-05	53
3.76796e-05	53
3.79528e-05	53
3.81896e-05	53
3.81936e-05	53
3.82836e-05	53
3.83183e-05	53
3.83343e-05	53
3.83414e-05	53
3.83716e-05	53
3.86006e-05	53
3.87936e-05	53
3.89378e-05	53
3.90319e-05	53
3.90658e-05	53
3.93129e-05	53
3.93237e-05	53
3.93466e-05	53
3.96733e-05	53
3.9747e-05	53
3.98917e-05	53
3.99473e-05	53
4.00606e-05	53
4.0198e-05	53
4.041e-05	53
4.05658e-05	53
4.06903e-05	53
4.07476e-05	53
4.08111e-05	53
4.08117e-05	53
4.09117e-05	53
4.09774e-05	53
4.10123e-05	53
4.10355e-05	53
4.10514e-05	53
4.10969e-05	53
4.11135e-05	53
4.11537e-05	53
4.1238e-05	53
4.12615e-05	53
4.1711e-05	53
4.21523e-05	53
4.24605e-05	53
4.25627e-05	53
4.27197e-05	53
4.27473e-05	53
4.2848e-05	53
4.29816e-05	53
4.30526e-05	53
4.30778e-05	53
4.30827e-05	53
4.32589e-05	53
4.32593e-05	53
4.35719e-05	53
4.38296e-05	53
4.38711e-05	53
4.40131e-05	53
4.40275e-05	53
4.42138e-05	53
4.45028e-05	53
4.45894e-05	53
4.46783e-05	53
4.51408e-05	53
4.51879e-05	53
4.52884e-05	53
4.55799e-05	53
4.57306e-05	53
4.57607e-05	53
4.5761e-05	53
4.61162e-05	53
4.62101e-05	53
4.63763e-05	53
4.6462e-05	53
4.6603e-05	53
4.68252e-05	53
4.68281e-05	53
4.69086e-05	53
4.69535e-05	53
4.69875e-05	53
4.7131e-05	53
4.71555e-05	53
4.72652e-05	53
4.76133e-05	53
4.78721e-05	53
4.81388e-05	53
4.83002e-05	53
4.87314e-05	53
4.89482e-05	53
4.92329e-05	53
4.95713e-05	53
4.96142e-05	53
4.96719e-05	53
4.9695e-05	53
4.99066e-05	53
4.9912e-05	53
5.01225e-05	53
5.01456e-05	53
5.01705e-05	53
5.02573e-05	53
5.04265e-05	53
5.05613e-05	53
5.06965e-05	53
5.07488e-05	53
5.09255e-05	53
5.09654e-05	53
5.1022e-05	53
5.10464e-05	53
5.13778e-05	53
5.16304e-05	53
5.16757e-05	53
5.18792e-05	53
5.19345e-05	53
5.20091e-05	53
5.20725e-05	53
5.22697e-05	53
5.24195e-05	53
5.25268e-05	53
5.26823e-05	53
5.27511e-05	53
5.27828e-05	53
5.316e-05	53
5.32229e-05	53
5.32736e-05	53
5.38242e-05	53
5.40129e-05	53
5.40458e-05	53
5.42601e-05	53
5.43235e-05	53
5.44452e-05	53
5.46017e-05	53
5.4669e-05	53
5.51094e-05	53
5.51247e-05	53
5.52088e-05	53
5.53811e-05	53
5.58019e-05	53
5.60367e-05	53
5.60967e-05	53
5.61975e-05	53
5.64563e-05	53
5.65071e-05	53
5.66849e-05	53
5.67713e-05	53
5.70283e-05	53
5.73796e-05	53
5.74546e-05	53
5.75426e-05	53
5.77059e-05	53
5.79817e-05	53
5.80772e-05	53
5.83623e-05	53
5.84465e-05	53
5.88618e-05	53
5.92637e-05	53
5.93692e-05	53
5.94044e-05	53
5.96513e-05	53
6.01483e-05	53
6.01947e-05	53
6.02043e-05	53
6.02145e-05	53
6.06409e-05	53
6.07444e-05	53
6.08705e-05	53
6.09032e-05	53
6.0921e-05	53
6.1141e-05	53
6.12551e-05	53
6.14889e-05	53
6.15982e-05	53
6.16267e-05	53
6.16295e-05	53
6.21228e-05	53
6.21261e-05	53
6.22496e-05	53
6.25487e-05	53
6.25596e-05	53
6.27358e-05	53
6.27842e-05	53
6.3221e-05	53
6.32298e-05	53
6.33469e-05	53
6.33827e-05	53
6.34648e-05	53
6.35375e-05	53
6.35516e-05	53
6.36144e-05	53
6.37938e-05	53
6.4041e-05	53
6.41238e-05	53
6.41693e-05	53
6.43274e-05	53
6.43489e-05	53
6.43988e-05	53
6.44119e-05	53
6.47922e-05	53
6.49213e-05	53
6.50082e-05	53
6.50544e-05	53
6.51195e-05	53
6.51353e-05	53
6.51793e-05	53
6.56696e-05	53
6.58817e-05	53
6.60285e-05	53
6.6067e-05	53
6.614e-05	53
6.61694e-05	53
6.63884e-05	53
6.65491e-05	53
6.65681e-05	53
6.6737e-05	53
6.68354e-05	53
6.70854e-05	53
6.70958e-05	53
6.73026e-05	53
6.74182e-05	53
6.75612e-05	53
6.82238e-05	53
6.82362e-05	53
6.82766e-05	53
6.92672e-05	53
6.93726e-05	53
6.94573e-05	53
6.9606e-05	53
6.96442e-05	53
6.96802e-05	53
6.96919e-05	53
6.98971e-05	53
6.99753e-05	53
7.00989e-05	53
7.01055e-05	53
7.03e-05	53
7.03375e-05	53
7.04331e-05	53
7.0536e-05	53
7.05887e-05	53
7.06141e-05	53
7.09505e-05	53
7.12476e-05	53
7.1469e-05	53
7.14711e-05	53
7.16205e-05	53
7.17289e-05	53
7.1952e-05	53
7.2007e-05	53
7.20532e-05	53
7.20672e-05	53
7.22363e-05	53
7.24121e-05	53
7.24521e-05	53
7.26356e-05	53
7.28983e-05	53
7.29026e-05	53
7.31578e-05	53
7.36434e-05	53
7.37801e-05	53
7.41985e-05	53
7.42356e-05	53
7.43986e-05	53
7.46674e-05	53
7.46889e-05	53
7.4772e-05	53
7.53726e-05	53
7.54048e-05	53
7.5775e-05	53
7.58014e-05	53
7.61114e-05	53
7.63642e-05	53
7.65518e-05	53
7.65942e-05	53
7.66492e-05	53
7.66588e-05	53
7.685e-05	53
7.71609e-05	53
7.73934e-05	53
7.74089e-05	53
7.75075e-05	53
7.79138e-05	53
7.80666e-05	53
7.88423e-05	53
7.91568e-05	53
7.94343e-05	53
7.95985e-05	53
7.96287e-05	53
7.96489e-05	53
8.01518e-05	53
8.02688e-05	53
8.08258e-05	53
8.0873e-05	53
8.12669e-05	53
8.12768e-05	53
8.12802e-05	53
8.1449e-05	53
8.16086e-05	53
8.18241e-05	53
8.18475e-05	53
8.21698e-05	53
8.22694e-05	53
8.23384e-05	53
8.26047e-05	53
8.27117e-05	53
8.33993e-05	53
8.34063e-05	53
8.41326e-05	53
8.45337e-05	53
8.45441e-05	53
8.45916e-05	53
8.46096e-05	53
8.4621e-05	53
8.474e-05	53
8.49062e-05	53
8.50469e-05	53
8.5262e-05	53
8.5547e-05	53
8.55503e-05	53
8.56924e-05	53
8.57909e-05	53
8.58599e-05	53
8.58628e-05	53
8.58759e-05	53
8.60122e-05	53
8.61406e-05	53
8.61728e-05	53
8.69457e-05	53
8.78262e-05	53
8.78527e-05	53
8.79334e-05	53
8.79732e-05	53
8.81881e-05	53
8.81961e-05	53
8.83987e-05	53
8.86972e-05	53
8.889e-05	53
8.8908e-05	53
8.89949e-05	53
8.92984e-05	53
8.95421e-05	53
9.00208e-05	53
9.04573e-05	53
9.05162e-05	53
9.05906e-05	53
9.07545e-05	53
9.0828e-05	53
9.08502e-05	53
9.10169e-05	53
9.13923e-05	53
9.1879e-05	53
9.20801e-05	53
9.20991e-05	53
9.21756e-05	53
9.23584e-05	53
9.2399e-05	53
9.24797e-05	53
9.29138e-05	53
9.30992e-05	53
9.35336e-05	53
9.36194e-05	53
9.39134e-05	53
9.44136e-05	53
9.48664e-05	53
9.48674e-05	53
9.52953e-05	53
9.53313e-05	53
9.55427e-05	53
9.5649e-05	53
9.57208e-05	53
9.61033e-05	53
9.62676e-05	53
9.63022e-05	53
9.65677e-05	53
9.69268e-05	53
9.69397e-05	53
9.70391e-05	53
9.73269e-05	53
9.75007e-05	53
9.76546e-05	53
9.77135e-05	53
9.77503e-05	53
9.80133e-05	53
9.81848e-05	53
9.83027e-05	53
9.84452e-05	53
9.84568e-05	53
9.85125e-05	53
9.85319e-05	53
9.88573e-05	53
9.88746e-05	53
9.90554e-05	53
9.91079e-05	53
9.91818e-05	53
9.92561e-05	53
9.96167e-05	53
0.000100561	53
0.000101055	53
0.000101507	53
0.00010152	53
0.000101558	53
0.000103182	53
0.000103223	53
0.000103276	53
0.000104325	53
0.000104506	53
0.000104684	53
0.000105329	53
0.000105573	53
0.000105711	53
0.00010601	53
0.000106192	53
0.000106201	53
0.000106638	53
0.000106709	53
0.000106937	53
0.000106959	53
0.000107227	53
0.000107385	53
0.000107744	53
0.000107791	53
0.000108589	53
0.000108759	53
0.000109038	53
0.00010907	53
0.000109086	53
0.00010916	53
0.000109579	53
0.000109634	53
0.000110216	53
0.000110301	53
0.000110885	53
0.000111103	53
0.000111259	53
0.000111502	53
0.000111575	53
0.000112355	53
0.000112559	53
0.000112679	53
0.00011284	53
0.00011312	53
0.00011316	53
0.00011332	53
0.000113456	53
0.000113952	53
0.000114252	53
0.000115787	53
0.000116227	53
0.000116269	53
0.000116448	53
0.000117306	53
0.000117353	53
0.000117403	53
0.000117627	53
0.000117721	53
0.000117958	53
0.000118087	53
0.000118089	53
0.000118703	53
0.000118949	53
0.000119363	53
0.000120388	53
0.000120547	53
0.000120616	53
0.000120938	53
0.000121163	53
0.000121778	53
0.000121792	53
0.000122066	53
0.000122194	53
0.000122246	53
0.000122327	53
0.000122354	53
0.000122359	53
0.000123617	53
0.000123945	53
0.000124228	53
0.000125167	53
0.000125409	53
0.000125557	53
0.000125582	53
0.000126004	53
0.000126017	53
0.000126031	53
0.000126571	53
0.000126818	53
0.000126931	53
0.000126933	53
0.00012704	53
0.000127262	53
0.000127548	53
0.000128042	53
0.000128267	53
0.000128974	53
0.000129903	53
0.000130257	53
0.000130298	53
0.000130465	53
0.00013093	53
0.000131035	53
0.000131042	53
0.000131836	53
0.000131897	53
0.000132067	53
0.000132299	53
0.000132968	53
0.000133005	53
0.000133185	53
0.000133385	53
0.000133664	53
0.000133711	53
0.000133931	53
0.00013469	53
0.000135062	53
0.000135226	53
0.0001358	53
0.000135924	53
0.000136186	53
0.000136742	53
0.000136954	53
0.000137297	53
0.000137389	53
0.000137814	53
0.000137841	53
0.000138513	53
0.000138768	53
0.000138916	53
0.000139187	53
0.000139538	53
0.000139893	53
0.000140687	53
0.000140991	53
0.000141146	53
0.000141547	53
0.000141782	53
0.000141821	53
0.000143364	53
0.000144039	53
0.000144678	53
0.000145141	53
0.000145227	53
0.000146195	53
0.000146416	53
0.00014667	53
0.00014759	53
0.000148314	53
0.000148833	53
0.000148864	53
0.000148943	53
0.000149309	53
0.000149335	53
0.000149646	53
0.000150117	53
0.000151186	53
0.000151492	53
0.000151503	53
0.00015212	53
0.000152355	53
0.000152446	53
0.000152962	53
0.000153761	53
0.000153934	53
0.000154059	53
0.000154871	53
0.000155058	53
0.000155156	53
0.000155502	53
0.000155764	53
0.000156641	53
0.000156814	53
0.000157109	53
0.000157473	53
0.000158353	53
0.000158712	53
0.000159536	53
0.000159995	53
0.000160254	53
0.000160462	53
0.000162104	53
0.000162358	53
0.000162835	53
0.000163243	53
0.000163516	53
0.000163605	53
0.000163765	53
0.000165355	53
0.000166281	53
0.000166863	53
0.000167112	53
0.000167814	53
0.000167816	53
0.000167959	53
0.000168598	53
0.000168835	53
0.000169037	53
0.000169402	53
0.000169792	53
0.000169877	53
0.000170208	53
0.000170543	53
0.00017121	53
0.00017183	53
0.000171975	53
0.000172189	53
0.000172238	53
0.000174152	53
0.000175838	53
0.000175968	53
0.000176331	53
0.000176878	53
0.000177022	53
0.000177123	53
0.000177332	53
0.000177683	53
0.000178046	53
0.000178732	53
0.000180138	53
0.00018055	53
0.00018071	53
0.000180801	53
0.000181149	53
0.000181364	53
0.000181422	53
0.000182213	53
0.000184006	53
0.000185085	53
0.000185784	53
0.000185864	53
0.000186472	53
0.00018742	53
0.000188033	53
0.000188081	53
0.000189133	53
0.000189244	53
0.000189834	53
0.000190941	53
0.000191097	53
0.000191148	53
0.000191459	53
0.000191482	53
0.000193332	53
0.000194633	53
0.000195767	53
0.000196826	53
0.000197133	53
0.000197484	53
0.000197747	53
0.00019845	53
0.000198825	53
0.000200341	53
0.00020441	53
0.000205399	53
0.000206092	53
0.000206784	53
0.000206998	53
0.000207086	53
0.000208747	53
0.000208797	53
0.000211217	53
0.000211559	53
0.000212042	53
0.000212476	53
0.000212938	53
0.000212995	53
0.000214941	53
0.000215217	53
0.000217004	53
0.000217454	53
0.000217579	53
0.000218143	53
0.000219449	53
0.000219724	53
0.000219742	53
0.000219967	53
0.000222491	53
0.000226268	53
0.000226981	53
0.000227274	53
0.000228165	53
0.000228177	53
0.000228538	53
0.000230198	53
0.000231061	53
0.000233121	53
0.000233428	53
0.00023356	53
0.000233591	53
0.000234405	53
0.000234561	53
0.000235798	53
0.000235953	53
0.000236112	53
0.000236778	53
0.000239329	53
0.000239911	53
0.000240977	53
0.000241019	53
0.000241801	53
0.000241956	53
0.000242066	53
0.000242879	53
0.000242938	53
0.000243092	53
0.000244219	53
0.000244608	53
0.00024534	53
0.000249699	53
0.000250811	53
0.0002529	53
0.000253062	53
0.000253271	53
0.000253297	53
0.000254684	53
0.000255874	53
0.000256046	53
0.000256784	53
0.000256798	53
0.000259949	53
0.000260738	53
0.000261212	53
0.000263638	53
0.000263747	53
0.000265745	53
0.000266295	53
0.000266795	53
0.000267546	53
0.000269016	53
0.000270102	53
0.000271287	53
0.000271308	53
0.000271548	53
0.0002734	53
0.000273663	53
0.000274424	53
0.000275339	53
0.000278585	53
0.000279398	53
0.00027963	53
0.000280241	53
0.000280794	53
0.000280989	53
0.000282311	53
0.000282428	53
0.000282834	53
0.000283036	53
0.000283465	53
0.000286797	53
0.00028693	53
0.000289154	53
0.000289755	53
0.000291582	53
0.000292868	53
0.000295467	53
0.000298703	53
0.00030254	53
0.000302675	53
0.000303003	53
0.000303982	53
0.000306505	53
0.0003068	53
0.000308559	53
0.000309394	53
0.000309802	53
0.000312894	53
0.000313737	53
0.000315147	53
0.000316013	53
0.000316548	53
0.000317079	53
0.000318407	53
0.000318742	53
0.00031975	53
0.000319902	53
0.000326389	53
0.000328194	53
0.000334332	53
0.000334839	53
0.000335369	53
0.000336228	53
0.000338536	53
0.000340241	53
0.000343869	53
0.00034597	53
0.000347631	53
0.000348182	53
0.000350757	53
0.000354904	53
0.000355855	53
0.000356395	53
0.000367738	53
0.000370005	53
0.00037035	53
0.00037256	53
0.000373256	53
0.00038241	53
0.000383709	53
0.000384433	53
0.000386244	53
0.00038979	53
0.000389888	53
0.000393141	53
0.00039406	53
0.000395691	53
0.000404194	53
0.000404906	53
0.000408168	53
0.000412288	53
0.000419574	53
0.000428612	53
0.000431775	53
0.000434356	53
0.000434586	53
0.000438397	53
0.000447216	53
0.000448906	53
0.000458883	53
0.000467347	53
0.0004784	53
0.000483914	53
0.000484796	53
0.000488025	53
0.000489577	53
0.000494954	53
0.00050101	53
0.000505822	53
0.000509591	53
0.00051189	53
0.00051414	53
0.000520484	53
0.000522545	53
0.000530581	53
0.000541693	53
0.000542197	53
0.000543904	53
0.000552857	53
0.00055478	53
0.000560688	53
0.000564039	53
0.000567768	53
0.00057244	53
0.000579912	53
0.000588648	53
0.000588786	53
0.000589392	53
0.000590019	53
0.000593655	53
0.000595139	53
0.000599029	53
0.000603509	53
0.000613826	53
0.000616156	53
0.000618513	53
0.000620566	53
0.000621376	53
0.000622002	53
0.000623342	53
0.000644748	53
0.000658536	53
0.000660609	53
0.000663719	53
0.000665628	53
0.000675931	53
0.000678223	53
0.0006793	53
0.000696008	53
0.000699261	53
0.000706101	53
0.000708391	53
0.000720779	53
0.00072869	53
0.000736664	53
0.000743492	53
0.000777737	53
0.000778084	53
0.000788597	53
0.000805895	53
0.000810907	53
0.000814004	53
0.000843947	53
0.000851858	53
0.000881032	53
0.000916861	53
0.000922164	53
0.000975686	53
0.00100842	53
0.00108363	53
0.00109889	53
0.00110823	53
0.00115107	53
0.0011552	53
0.00117026	53
0.00119044	53
0.00121891	53
0.00125054	53
0.00125473	53
0.00125649	53
0.00125738	53
0.00125809	53
0.00125972	53
0.0012606	53
0.00127876	53
0.0013508	53
0.00137898	53
0.00139059	53
0.00153005	53
0.00157335	53
0.00178212	53
0.00227867	53
0.00600467	53
0.0060199	53
0.00607408	53
0.00611348	53
0.00611597	53
0.00613887	53
0.00616392	53
0.00621255	53
0.00630407	53
0.00636791	53
0.006402	53
0.0064198	53
0.00664053	53
0.00669046	53
0.0078977	53
0.0108599	53
0.0108704	53
0.0108708	53
0.0108715	53
0.010872	53
0.0108764	53
0.0108774	53
0.0108783	53
0.0108798	53
0.0108866	53
0.0108867	53
0.0108913	53
0.0108932	53
0.0108933	53
0.010897	53
0.010897	53
0.0108984	53
0.0109058	53
0.0109075	53
0.010915	53
0.0109188	53
0.0109196	53
0.0109205	53
0.010923	53
0.0109324	53
0.0109341	53
0.0109344	53
0.0109387	53
0.0109421	53
0.0109476	53
0.0109479	53
0.0109543	53
0.0109572	53
0.0109805	53
0.0109823	53
0.0109866	53
0.0109992	53
0.0110132	53
0.0110234	53
0.0110358	53
0.0110724	53
0.0110774	53
0.0110841	53
0.0111007	53
0.0111137	53
0.0111217	53
0.0111372	53
0.011141	53
0.0111492	53
0.0111779	53
0.0111857	53
0.0112088	53
0.0112104	53
0.0112297	53
0.0112454	53
0.0112647	53
0.0112773	53
0.0112816	53
0.011292	53
0.0113092	53
0.0113769	53
0.0114368	53
0.0116932	53
0.0118129	53
0.011826	53
0.0200747	53
0.0201432	53
0.0201808	53
0.0201816	53
0.0203353	53
0.0204352	53
0.0205667	53
0.0206476	53
0.0208429	53
0.0274241	53
0.0274242	53
0.0274242	53
0.0274242	53
0.0274242	53
0.0274242	53
0.0274242	53
0.0274242	53
0.0274242	53
0.0274242	53
0.0274243	53
0.0274243	53
0.0274243	53
0.0274244	53
0.0274245	53
0.0274245	53
0.0274247	53
0.0274247	53
0.0274248	53
0.0274248	53
0.0274248	53
0.0274248	53
0.0274248	53
0.0274248	53
0.0274248	53
0.0274249	53
0.027425	53
0.0274251	53
0.0274251	53
0.0274251	53
0.0274252	53
0.0274252	53
0.0274253	53
0.0274253	53
0.0274253	53
0.0274253	53
0.0274253	53
0.0274254	53
0.0274255	53
0.0274256	53
0.0274256	53
0.0274256	53
0.0274257	53
0.0274257	53
0.0274258	53
0.0274259	53
0.027426	53
0.027426	53
0.0274261	53
0.0274262	53
0.0274262	53
0.0274263	53
0.0274263	53
0.0274264	53
0.0274264	53
0.0274265	53
0.0274266	53
0.0274266	53
0.0274267	53
0.0274267	53
0.0274267	53
0.0274268	53
0.0274268	53
0.0274268	53
0.0274268	53
0.0274269	53
0.027427	53
0.0274271	53
0.0274271	53
0.0274271	53
0.0274271	53
0.0274272	53
0.0274272	53
0.0274274	53
0.0274275	53
0.0274275	53
0.0274275	53
0.0274278	53
0.0274288	53
0.027429	53
0.0274292	53
0.0274299	53
0.0274302	53
0.0274302	53
0.0274304	53
0.0274307	53
0.0274311	53
0.0274394	53
0.027446	53
0.0274523	53
0.0274555	53
0.0274645	53
0.0274696	53
0.0274746	53
0.0274781	53
0.0274797	53
0.0274835	53
0.0274867	53
0.0274923	53
0.0274966	53
0.0275001	53
0.027503	53
0.0275214	53
0.0275398	53
0.0275416	53
0.0275477	53
0.0275581	53
0.0275589	53
0.0275756	53
0.0275916	53
0.0276261	53
0.0276658	53
0.0276823	53
0.0276992	53
0.0278004	53
0.0278163	53
0.0279741	53
0.0279852	53
0.0280699	53
0.0282154	53
0.0282158	53
0.028216	53
0.028216	53
0.0282166	53
0.0282168	53
0.028217	53
0.0282171	53
0.028449	53
0.029022	53
0.0290227	53
0.029023	53
0.0290232	53
0.0290234	53
0.0290236	53
0.0290249	53
0.0290269	53
0.0290272	53
0.0290277	53
0.0290277	53
0.0290285	53
0.0290296	53
0.0290302	53
0.0290351	53
0.0290393	53
0.0290448	53
0.0290468	53
0.0290609	53
0.0291719	53
0.029193	53
0.0404541	53
0.0404546	53
0.0404551	53
0.0404555	53
0.0404567	53
0.0404572	53
0.0404608	53
0.0404615	53
0.0404633	53
0.040464	53
0.0404705	53
0.0404715	53
0.0404786	53
0.0404788	53
0.0404793	53
0.0404801	53
0.0404811	53
0.0404835	53
0.0404835	53
0.0404845	53
0.0404845	53
0.0404857	53
0.0404877	53
0.0404886	53
0.0404924	53
0.0404986	53
0.0404993	53
0.0405011	53
0.0405074	53
0.0405077	53
0.0405117	53
0.0405123	53
0.0405147	53
0.0405179	53
0.0405223	53
0.040526	53
0.0405265	53
0.0405302	53
0.0405343	53
0.0405349	53
0.0405386	53
0.0405432	53
0.0405681	53
0.0405702	53
0.0405715	53
0.0405741	53
0.0405853	53
0.0405901	53
0.0406137	53
0.0406152	53
0.0406441	53
0.0406479	53
0.0406503	53
0.0406607	53
0.0406675	53
0.0406712	53
0.0406783	53
0.0406831	53
0.0406898	53
0.0407002	53
0.0407044	53
0.0407106	53
0.0407266	53
0.0407391	53
0.0407923	53
0.0407978	53
0.0407996	53
0.0408226	53
0.0408318	53
0.0408397	53
0.0408602	53
0.0408712	53
0.0408813	53
0.0408972	53
0.040974	53
0.0410224	53
0.0411513	53
0.0412171	53
0.0413104	53
0.0413487	53
0.0414524	53
0.0419398	53
0.0422854	53
0.0427495	53
0.0447436	53
0.0447444	53
0.0447445	53
0.0447445	53
0.0447465	53
0.0447499	53
0.0452115	53
0.0478219	53
0.0478222	53
0.0478223	53
0.0478223	53
0.0478233	53
0.0478236	53
0.0478255	53
0.0478258	53
0.0478303	53
0.047832	53
0.0478327	53
0.047841	53
0.0478418	53
0.0478516	53
0.0478654	53
0.0482757	53
0.0523366	53
0.052402	53
0.0531612	53
0.0531626	53
0.0543326	53
0.05435	53
0.0544546	53
0.0545416	53
0.0546559	53
0.0547012	53
0.0547683	53
0.0547969	53
0.0548368	53
0.0549766	53
0.0550394	53
0.0550886	53
0.0558108	53
0.0588834	53
0.0781867	53
0.0781868	53
0.0781868	53
0.0781868	53
0.078187	53
0.078187	53
0.0781874	53
0.0781874	53
0.0781876	53
0.0781877	53
0.0781877	53
0.0781877	53
0.0781877	53
0.0781878	53
0.0781878	53
0.078188	53
0.0781881	53
0.0781882	53
0.0781888	53
0.078189	53
0.0781892	53
0.0781896	53
0.0781902	53
0.0781907	53
0.0781912	53
0.0781913	53
0.0781936	53
0.0781937	53
0.0781945	53
0.0781952	53
0.0781971	53
0.0781987	53
0.0782011	53
0.0782262	53
0.0782387	53
0.0783634	53
0.0928072	53
0.0928077	53
0.0928083	53
0.0928084	53
0.0928085	53
0.0928086	53
0.0928086	53
0.0928091	53
0.0928099	53
0.0928112	53
0.0928135	53
0.0928173	53
0.09282	53
0.0928444	53
0.0928776	53
0.0929121	53
0.0929816	53
0.0930115	53
0.0930879	53
0.0938952	53
0.102372	53
0.102373	53
0.104208	53
0.104221	53
0.104371	53
0.1044	53
0.113766	53
0.113767	53
0.113833	53
0.138378	53
0.138379	53
0.138379	53
0.138379	53
0.13838	53
0.138382	53
0.138385	53
0.138385	53
0.138389	53
0.138391	53
0.138402	53
0.138432	53
0.138436	53
0.1385	53
0.138619	53
0.138786	53
0.138885	53
0.153815	53
0.153822	53
0.153855	53
0.154917	53
0.163315	53
0.163315	53
0.163321	53
0.163359	53
0.163454	53
0.163932	53
0.165884	53
0.165884	53
0.165885	53
0.165885	53
0.165885	53
0.165885	53
0.165886	53
0.165887	53
0.165887	53
0.16589	53
0.165893	53
0.165917	53
0.175035	53
0.175037	53
0.175037	53
0.175053	53
0.180382	53
0.180384	53
0.180384	53
0.180394	53
0.180401	53
0.180448	53
0.181231	53
0.18124	53
0.200796	53
0.200797	53
0.200797	53
0.200799	53
0.200799	53
0.2008	53
0.2008	53
0.200867	53
0.200947	53
0.200973	53
0.205916	53
0.205918	53
0.205975	53
0.222744	53
0.222748	53
0.222753	53
0.222758	53
0.222775	53
0.222779	53
0.228628	53
0.228629	53
0.228632	53
0.228664	53
0.239564	53
0.239565	53
0.239566	53
0.239576	53
0.240003	53
0.249311	53
0.249311	53
0.249311	53
0.249312	53
0.249313	53
0.249313	53
0.249316	53
0.249317	53
0.249317	53
0.249329	53
0.249336	53
0.255863	53
0.255866	53
0.255869	53
0.255869	53
0.256081	53
0.267674	53
0.267677	53
0.267678	53
0.267721	53
0.293391	53
0.293392	53
0.293393	53
0.293393	53
0.293394	53
0.293395	53
0.293396	53
0.293397	53
0.293397	53
0.293397	53
0.293403	53
0.293406	53
0.293415	53
0.293437	53
0.293623	53
0.295778	53
0.295803	53
0.295829	53
0.296087	53
0.297518	53
0.30061	53
0.300615	53
0.300617	53
0.306334	53
0.306335	53
0.306336	53
0.306343	53
0.306344	53
0.345495	53
0.345495	53
0.345495	53
0.345496	53
0.345497	53
0.345497	53
0.345499	53
0.345502	53
0.345503	53
0.345505	53
0.34551	53
0.345593	53
0.345605	53
0.345867	53
0.345867	53
0.353962	53
0.353962	53
0.353964	53
0.35397	53
0.35397	53
0.354034	53
0.360464	53
0.360465	53
0.360469	53
0.360472	53
0.360472	53
0.360481	53
0.361757	53
0.361757	53
0.361768	53
0.361773	53
0.361774	53
0.36178	53
0.363606	53
0.363612	53
0.365947	53
0.365956	53
0.365957	53
0.36603	53
0.374404	53
0.374406	53
0.374414	53
0.37446	53
0.390346	53
0.39035	53
0.390351	53
0.390352	53
0.390353	53
0.390362	53
0.390362	53
0.390699	53
0.39491	53
0.394912	53
0.394927	53
0.394951	53
0.395622	53
0.40256	53
0.413887	53
0.413889	53
0.413892	53
0.413892	53
0.413893	53
0.413896	53
0.413901	53
0.413913	53
0.413939	53
0.414483	53
0.421967	53
0.421976	53
0.42199	53
0.422023	53
0.423018	53
0.423022	53
0.423024	53
0.435563	53
0.435566	53
0.435566	53
0.435568	53
0.435572	53
0.435572	53
0.435604	53
0.435616	53
0.43625	53
0.43627	53
0.443868	53
0.44387	53
0.443885	53
0.4439	53
0.443901	53
0.443905	53
0.443912	53
0.44395	53
0.444076	53
0.451709	53
0.45171	53
0.451722	53
0.451743	53
0.451785	53
0.451943	53
0.455456	53
0.456846	53
0.456866	53
0.458169	53
0.469225	53
0.469227	53
0.469229	53
0.46924	53
0.469247	53
0.473754	53
0.473758	53
0.47376	53
0.473798	53
0.476861	53
0.478459	53
0.486255	53
0.486256	53
0.486257	53
0.486271	53
0.486296	53
0.494185	53
0.494185	53
0.494186	53
0.494187	53
0.49419	53
0.494191	53
0.494374	53
0.49454	53
0.494548	53
0.494825	53
0.494825	53
0.494976	53
0.49832	53
0.498332	53
0.510973	53
0.510974	53
0.510976	53
0.510976	53
0.51139	53
0.511391	53
0.511395	53
0.511399	53
0.531563	53
0.531563	53
0.531564	53
0.531566	53
0.531567	53
0.531569	53
0.53157	53
0.531571	53
0.531575	53
0.531579	53
0.53158	53
0.531581	53
0.531601	53
0.540306	53
0.540308	53
0.540312	53
0.540346	53
0.541133	53
0.541136	53
0.552614	53
0.552618	53
0.552622	53
0.552627	53
0.552694	53
0.553421	53
0.553444	53
0.55423	53
0.554249	53
0.566201	53
0.566203	53
0.566203	53
0.566214	53
0.569677	53
0.569678	53
0.569682	53
0.569689	53
0.569819	53
0.56983	53
0.569837	53
0.587166	53
0.587173	53
0.587174	53
0.587175	53
0.587191	53
0.587217	53
0.599726	53
0.599728	53
0.599731	53
0.599742	53
0.599793	53
0.619849	53
0.619849	53
0.61985	53
0.619852	53
0.619854	53
0.619854	53
0.619865	53
0.619866	53
0.628533	53
0.628539	53
0.628552	53
0.628596	53
0.628612	53
0.631306	53
0.631351	53
0.633152	53
0.633155	53
0.633157	53
0.633158	53
0.633159	53
0.633161	53
0.633177	53
0.633179	53
0.633204	53
0.640286	53
0.640288	53
0.640291	53
0.640294	53
0.640364	53
0.655573	53
0.655574	53
0.655579	53
0.65558	53
0.655589	53
0.65567	53
0.657922	53
0.657927	53
0.658067	53
0.663053	53
0.663064	53
0.663067	53
0.66307	53
0.663073	53
0.663075	53
0.671778	53
0.671778	53
0.671783	53
0.671784	53
0.671823	53
0.679937	53
0.681229	53
0.681234	53
0.681237	53
0.681283	53
0.701073	53
0.701074	53
0.701074	53
0.701074	53
0.701075	53
0.701076	53
0.70108	53
0.701081	53
0.701101	53
0.701124	53
0.702799	53
0.702834	53
0.702842	53
0.702848	53
0.714669	53
0.714678	53
0.71469	53
0.718158	53
0.718161	53
0.718162	53
0.718176	53
0.72417	53
0.724175	53
0.724182	53
0.724209	53
0.724348	53
0.728398	53
0.72991	53
0.7361	53
0.749245	53
0.749246	53
0.749247	53
0.749249	53
0.749249	53
0.749249	53
0.74925	53
0.749252	53
0.749253	53
0.749261	53
0.749426	53
0.758305	53
0.758313	53
0.758339	53
0.768567	53
0.768568	53
0.768569	53
0.768576	53
0.768583	53
0.76871	53
0.77594	53
0.775941	53
0.775943	53
0.775963	53
0.775971	53
0.786204	53
0.786243	53
0.786296	53
0.790773	53
0.790776	53
0.790785	53
0.790792	53
0.790804	53
0.827345	53
0.827345	53
0.827346	53
0.827347	53
0.827348	53
0.827349	53
0.827349	53
0.827353	53
0.82736	53
0.82737	53
0.827543	53
0.829491	53
0.829494	53
0.829529	53
0.835738	53
0.835746	53
0.835865	53
0.84141	53
0.841441	53
0.841461	53
0.858423	53
0.858427	53
0.858432	53
0.85844	53
0.858444	53
0.867204	53
0.867205	53
0.867206	53
0.867208	53
0.867211	53
0.867213	53
0.867407	53
0.869215	53
0.869219	53
0.869368	53
0.873903	53
0.873917	53
0.873997	53
0.893232	53
0.893248	53
0.893257	53
0.90935	53
0.909352	53
0.909355	53
0.909355	53
0.909356	53
0.909356	53
0.909362	53
0.909386	53
0.909512	53
0.909588	53
0.91139	53
0.911405	53
0.911406	53
0.921317	53
0.921324	53
0.921328	53
0.92133	53
0.921335	53
0.922808	53
0.934158	53
0.93416	53
0.934171	53
0.934182	53
0.934188	53
0.934791	53
0.934794	53
0.934798	53
0.9348	53
0.934803	53
0.934823	53
0.937493	53
0.93928	53
0.946498	53
0.946503	53
0.946504	53
0.946511	53
0.947748	53
0.94775	53
0.947771	53
0.9504	53
0.950401	53
0.950403	53
0.95041	53
0.950439	53
0.95255	53
0.952554	53
0.95258	53
0.959841	53
0.959842	53
0.959847	53
0.959894	53
0.960057	53
0.960063	53
0.960086	53
0.960093	53
0.960192	53
0.96954	53
0.969541	53
0.969541	53
0.969549	53
0.969561	53
0.969599	53
0.971657	53
0.971659	53
0.980898	53
0.980898	53
0.980899	53
0.980901	53
0.980909	53
0.980913	53
0.983772	53
0.983775	53
0.983784	53
0.989819	53
0.989824	53
1.04681	53
1.04682	53
1.04682	53
1.04682	53
1.04682	53
1.04682	53
1.04682	53
1.04684	53
1.04684	53
1.04686	53
1.05	53
1.05	53
1.05	53
1.0557	53
1.05571	53
1.05572	53
1.05573	53
1.05576	53
1.06559	53
1.06559	53
1.0656	53
1.06651	53
1.06651	53
1.06651	53
1.06651	53
1.07947	53
1.07948	53
1.07948	53
1.07948	53
1.0795	53
1.08478	53
1.08479	53
1.0848	53
1.08483	53
1.085	53
1.09306	53
1.09307	53
1.09307	53
1.0931	53
1.09963	53
1.09964	53
1.09965	53
1.0997	53
1.10489	53
1.10489	53
1.10492	53
1.10497	53
1.14934	53
1.14934	53
1.14934	53
1.14934	53
1.14934	53
1.14934	53
1.14935	53
1.14937	53
1.1622	53
1.1622	53
1.1622	53
1.16221	53
1.16221	53
1.16225	53
1.16819	53
1.16819	53
1.16819	53
1.18123	53
1.18124	53
1.18124	53
1.18125	53
1.18125	53
1.18125	53
1.18126	53
1.18127	53
1.18128	53
1.18128	53
1.18129	53
1.1813	53
1.18153	53
1.1858	53
1.1858	53
1.18581	53
1.18582	53
1.18585	53
1.18592	53
1.19207	53
1.19261	53
1.19347	53
1.19353	53
1.19713	53
1.19717	53
1.19718	53
1.19719	53
1.20343	53
1.20347	53
1.20674	53
1.21613	53
1.21613	53
1.21615	53
1.21615	53
1.21897	53
1.21897	53
1.21897	53
1.21897	53
1.21903	53
1.23142	53
1.23142	53
1.23142	53
1.23142	53
1.23144	53
1.23144	53
1.2316	53
1.2425	53
1.2425	53
1.2425	53
1.2425	53
1.2425	53
1.2425	53
1.24255	53
1.24589	53
1.2459	53
1.2459	53
1.24823	53
1.24824	53
1.24826	53
1.25997	53
1.25997	53
1.25998	53
1.25998	53
1.26001	53
1.26012	53
1.26572	53
1.26572	53
1.26573	53
1.26573	53
1.26598	53
1.2671	53
1.2672	53
1.26737	53
1.26908	53
1.27385	53
1.27385	53
1.27387	53
1.27387	53
1.27389	53
1.27392	53
1.27453	53
1.27453	53
1.27456	53
1.30006	53
1.30006	53
1.30006	53
1.30007	53
1.30007	53
1.3001	53
1.30024	53
1.31515	53
1.31516	53
1.31517	53
1.31517	53
1.31518	53
1.31724	53
1.31725	53
1.32093	53
1.32093	53
1.32093	53
1.32094	53
1.32094	53
1.32096	53
1.34151	53
1.34152	53
1.34152	53
1.34154	53
1.34158	53
1.36713	53
1.36714	53
1.36714	53
1.36714	53
1.36714	53
1.36715	53
1.36715	53
1.36716	53
1.36716	53
1.36718	53
1.39696	53
1.39696	53
1.39696	53
1.39696	53
1.39697	53
1.39697	53
1.39697	53
1.39703	53
1.39704	53
1.39708	53
1.39729	53
1.39729	53
1.3973	53
1.39738	53
1.40352	53
1.40352	53
1.40433	53
1.41177	53
1.41179	53
1.41203	53
1.43373	53
1.43373	53
1.43374	53
1.43374	53
1.43375	53
1.43376	53
1.4372	53
1.43728	53
1.44172	53
1.44172	53
1.44172	53
1.44177	53
1.46073	53
1.46074	53
1.46074	53
1.46074	53
1.46074	53
1.46074	53
1.46085	53
1.4633	53
1.4633	53
1.46331	53
1.46331	53
1.4644	53
1.4644	53
1.46446	53
1.46669	53
1.4667	53
1.4667	53
1.47315	53
1.48495	53
1.48496	53
1.48496	53
1.48501	53
1.48503	53
1.4884	53
1.4884	53
1.4884	53
1.4884	53
1.48842	53
1.48843	53
1.49494	53
1.49496	53
1.49497	53
1.50165	53
1.50165	53
1.50166	53
1.50166	53
1.5017	53
1.50498	53
1.505	53
1.5099	53
1.50991	53
1.50991	53
1.50992	53
1.51728	53
1.51728	53
1.51734	53
1.5506	53
1.5506	53
1.5506	53
1.55061	53
1.55061	53
1.55061	53
1.55061	53
1.55061	53
1.55062	53
1.55064	53
1.55069	53
1.555	53
1.555	53
1.555	53
1.5643	53
1.56431	53
1.56433	53
1.56435	53
1.58997	53
1.58997	53
1.58998	53
1.58998	53
1.58998	53
1.58999	53
1.59008	53
1.60077	53
1.60077	53
1.60077	53
1.60079	53
1.60248	53
1.60252	53
1.60264	53
1.61335	53
1.61335	53
1.61335	53
1.61336	53
1.61336	53
1.61336	53
1.61337	53
1.61337	53
1.61622	53
1.61623	53
1.61623	53
1.61896	53
1.61896	53
1.61897	53
1.62335	53
1.62336	53
1.62336	53
1.62337	53
1.63694	53
1.63694	53
1.63696	53
1.64798	53
1.64798	53
1.64798	53
1.648	53
1.648	53
1.64802	53
1.64802	53
1.66239	53
1.66239	53
1.66239	53
1.6624	53
1.66242	53
1.66428	53
1.66428	53
1.66429	53
1.66439	53
1.67201	53
1.67202	53
1.67202	53
1.67203	53
1.67214	53
1.67778	53
1.67778	53
1.67778	53
1.67779	53
1.67781	53
1.68103	53
1.6819	53
1.68191	53
1.68192	53
1.68197	53
1.68801	53
1.68801	53
1.68802	53
1.68804	53
1.68805	53
1.69558	53
1.69565	53
1.69874	53
1.69875	53
1.69879	53
1.69947	53
1.7055	53
1.70551	53
1.70552	53
1.70552	53
1.71637	53
1.71638	53
1.7164	53
1.71644	53
1.71771	53
1.71771	53
1.71773	53
1.73714	53
1.73714	53
1.73714	53
1.73714	53
1.73714	53
1.73715	53
1.73715	53
1.73715	53
1.73715	53
1.73715	53
1.73716	53
1.73717	53
1.75784	53
1.75784	53
1.75784	53
1.75784	53
1.75785	53
1.75785	53
1.75786	53
1.75786	53
1.75788	53
1.77209	53
1.77209	53
1.7721	53
1.78817	53
1.78817	53
1.78818	53
1.78818	53
1.78818	53
1.78824	53
1.79174	53
1.79174	53
1.79178	53
1.79184	53
1.79365	53
1.79367	53
1.79367	53
1.79369	53
1.80723	53
1.80723	53
1.80724	53
1.80724	53
1.80725	53
1.81367	53
1.81381	53
1.81382	53
1.81383	53
1.81393	53
1.82553	53
1.82554	53
1.82554	53
1.82554	53
1.82554	53
1.82554	53
1.82556	53
1.82705	53
1.82707	53
1.82713	53
1.82715	53
1.84252	53
1.84252	53
1.84253	53
1.84253	53
1.84253	53
1.84253	53
1.84254	53
1.84262	53
1.84312	53
1.84312	53
1.84314	53
1.84506	53
1.86417	53
1.86417	53
1.86417	53
1.86417	53
1.86418	53
1.86419	53
1.86419	53
1.86424	53
1.8654	53
1.8654	53
1.86541	53
1.86541	53
1.86898	53
1.86898	53
1.86899	53
1.869	53
1.87418	53
1.87418	53
1.8742	53
1.87529	53
1.8753	53
1.87531	53
1.87536	53
1.87652	53
1.87652	53
1.87653	53
1.88771	53
1.88771	53
1.88773	53
1.88773	53
1.88773	53
1.88774	53
1.9008	53
1.9008	53
1.9008	53
1.90081	53
1.90081	53
1.9134	53
1.9134	53
1.9134	53
1.91341	53
1.91598	53
1.91599	53
1.916	53
1.91685	53
1.91685	53
1.91687	53
1.92481	53
1.92481	53
1.92481	53
1.92481	53
1.92484	53
1.92484	53
1.92929	53
1.92929	53
1.9293	53
1.93071	53
1.93071	53
1.93074	53
1.93087	53
1.93102	53
1.93103	53
1.93116	53
1.93834	53
1.93844	53
1.94115	53
1.94115	53
1.94116	53
1.94117	53
1.95323	53
1.95323	53
1.95326	53
1.95326	53
1.95761	53
1.95761	53
1.95761	53
1.95761	53
1.95766	53
1.99493	53
1.99493	53
1.99493	53
1.99493	53
1.99493	53
1.99493	53
1.99493	53
1.99494	53
1.99494	53
1.99496	53
1.99496	53
2.01057	53
2.01057	53
2.01057	53
2.01058	53
2.01059	53
2.0153	53
2.01534	53
2.01561	53
2.01869	53
2.01869	53
2.01874	53
2.02376	53
2.02376	53
2.02376	53
2.02377	53
2.05105	53
2.05105	53
2.05105	53
2.05105	53
2.05105	53
2.05106	53
2.05106	53
2.05107	53
2.05109	53
2.05369	53
2.0537	53
2.0537	53
2.05371	53
2.09994	53
2.09994	53
2.09995	53
2.09995	53
2.09995	53
2.09995	53
2.09995	53
2.09995	53
2.09996	53
2.10002	53
2.10121	53
2.10121	53
2.10122	53
2.10123	53
2.10125	53
2.10138	53
2.10143	53
2.14562	53
2.14562	53
2.14562	53
2.14563	53
2.14563	53
2.14563	53
2.14564	53
2.14565	53
2.14565	53
2.14566	53
2.16156	53
2.16163	53
2.17164	53
2.17164	53
2.17165	53
2.19882	53
2.19882	53
2.19882	53
2.19882	53
2.19882	53
2.19882	53
2.19883	53
2.19883	53
2.19885	53
2.19886	53
2.19933	53
2.20961	53
2.20961	53
2.20961	53
2.2098	53
2.21449	53
2.21463	53
2.21997	53
2.21997	53
2.21999	53
2.22	53
2.22033	53
2.24196	53
2.24196	53
2.24196	53
2.24196	53
2.24196	53
2.24197	53
2.24198	53
2.24198	53
2.24198	53
2.24683	53
2.24685	53
2.24797	53
2.25182	53
2.25183	53
2.2521	53
2.25329	53
2.25329	53
2.25407	53
2.25407	53
2.25408	53
2.25408	53
2.25412	53
2.27931	53
2.27932	53
2.27932	53
2.27932	53
2.27932	53
2.27933	53
2.27933	53
2.27934	53
2.27935	53
2.30072	53
2.30072	53
2.30072	53
2.30073	53
2.30074	53
2.30074	53
2.30081	53
2.30301	53
2.30301	53
2.30304	53
2.308	53
2.308	53
2.308	53
2.31356	53
2.31357	53
2.31358	53
2.31369	53
2.31401	53
2.31403	53
2.31403	53
2.31404	53
2.31962	53
2.31962	53
2.31962	53
2.31963	53
2.31963	53
2.31963	53
2.31966	53
2.32807	53
2.32807	53
2.32807	53
2.32807	53
2.32808	53
2.32808	53
2.32815	53
2.33441	53
2.33442	53
2.33443	53
2.33456	53
2.3915	53
2.3915	53
2.3915	53
2.39151	53
2.39151	53
2.39151	53
2.39153	53
2.39198	53
2.4041	53
2.40411	53
2.40489	53
2.4108	53
2.4108	53
2.41081	53
2.41082	53
2.43885	53
2.43885	53
2.43885	53
2.43885	53
2.43886	53
2.43886	53
2.43886	53
2.43886	53
2.43886	53
2.43887	53
2.4389	53
2.44077	53
2.44078	53
2.44089	53
2.44666	53
2.44667	53
2.44671	53
2.45076	53
2.45077	53
2.45078	53
2.45096	53
2.45815	53
2.45815	53
2.45816	53
2.45816	53
2.45816	53
2.45817	53
2.45817	53
2.45818	53
2.4582	53
2.45856	53
2.45856	53
2.45859	53
2.47126	53
2.47127	53
2.47127	53
2.47127	53
2.47127	53
2.47128	53
2.4713	53
2.47133	53
2.47962	53
2.47962	53
2.47962	53
2.49042	53
2.49042	53
2.49043	53
2.49047	53
2.49209	53
2.49272	53
2.49274	53
2.49276	53
2.49484	53
2.49484	53
2.49484	53
2.49493	53
2.50371	53
2.50371	53
2.50382	53
2.50814	53
2.50814	53
2.50815	53
2.50819	53
2.5257	53
2.5257	53
2.52571	53
2.52598	53
2.52601	53
2.5421	53
2.5421	53
2.5421	53
2.5421	53
2.54211	53
2.54211	53
2.54212	53
2.54212	53
2.54214	53
2.54216	53
2.54219	53
2.55589	53
2.55589	53
2.55589	53
2.55593	53
2.55682	53
2.55682	53
2.55691	53
2.57876	53
2.57877	53
2.57877	53
2.57877	53
2.57877	53
2.57879	53
2.58073	53
2.58074	53
2.58075	53
2.58799	53
2.588	53
2.588	53
2.58801	53
2.58804	53
2.59415	53
2.59416	53
2.59417	53
2.59418	53
2.59421	53
2.60929	53
2.60929	53
2.60929	53
2.6093	53
2.60931	53
2.60933	53
2.61611	53
2.62115	53
2.62118	53
2.62137	53
2.63329	53
2.63329	53
2.6333	53
2.63332	53
2.6335	53
2.63547	53
2.63548	53
2.63548	53
2.63556	53
2.63557	53
2.63559	53
2.63573	53
2.6358	53
2.68568	53
2.68568	53
2.68568	53
2.68569	53
2.68569	53
2.68569	53
2.6857	53
2.68576	53
2.68607	53
2.69868	53
2.69871	53
2.69873	53
2.71226	53
2.71226	53
2.71226	53
2.71227	53
2.71227	53
2.71227	53
2.71229	53
2.71232	53
2.71417	53
2.71418	53
2.71419	53
2.71419	53
2.71421	53
2.72355	53
2.72356	53
2.72356	53
2.72357	53
2.72511	53
2.72511	53
2.72517	53
2.73894	53
2.73895	53
2.73895	53
2.73895	53
2.73905	53
2.74162	53
2.74163	53
2.74164	53
2.74166	53
2.75947	53
2.75947	53
2.75948	53
2.75948	53
2.75948	53
2.75953	53
2.75965	53
2.76047	53
2.76047	53
2.76048	53
2.76052	53
2.7609	53
2.7609	53
2.76095	53
2.76948	53
2.76949	53
2.76949	53
2.7695	53
2.76951	53
2.76953	53
2.77923	53
2.77923	53
2.77931	53
2.79233	53
2.79233	53
2.79233	53
2.79237	53
2.79238	53
2.82049	53
2.8205	53
2.8205	53
2.82051	53
2.84622	53
2.84622	53
2.84622	53
2.84623	53
2.84623	53
2.84623	53
2.84628	53
2.84636	53
2.87201	53
2.87201	53
2.87201	53
2.87202	53
2.87203	53
2.87204	53
2.87217	53
2.8929	53
2.8929	53
2.8929	53
2.8929	53
2.8929	53
2.89291	53
2.89293	53
2.89293	53
2.89294	53
2.90143	53
2.90143	53
2.90145	53
2.90145	53
2.90149	53
2.93436	53
2.93436	53
2.93436	53
2.93437	53
2.93437	53
2.93438	53
2.93439	53
2.93442	53
2.94137	53
2.94138	53
2.94138	53
2.94141	53
2.96782	53
2.96782	53
2.96782	53
2.96783	53
2.96787	53
2.96806	53
2.97165	53
2.97166	53
2.9717	53
2.97179	53
2.97281	53
2.97284	53
2.97298	53
2.97334	53
2.97357	53
2.97371	53
2.99076	53
2.99076	53
2.99077	53
2.99077	53
2.99078	53
2.99105	53
2.99185	53
2.99185	53
2.9921	53
3.0082	53
3.0082	53
3.00821	53
3.01044	53
3.01044	53
3.01046	53
3.01047	53
3.01222	53
3.01222	53
3.01223	53
3.01335	53
3.01335	53
3.01336	53
3.02107	53
3.02107	53
3.02107	53
3.02107	53
3.02182	53
3.02183	53
3.02185	53
3.02185	53
3.02187	53
3.02193	53
3.02394	53
3.02397	53
3.02462	53
3.03097	53
3.03097	53
3.03098	53
3.03099	53
3.04785	53
3.04786	53
3.04787	53
3.04787	53
3.04788	53
3.04792	53
3.04816	53
3.04886	53
3.04887	53
3.04888	53
3.04892	53
3.05525	53
3.05526	53
3.05527	53
3.05527	53
3.06037	53
3.06041	53
3.06041	53
3.06173	53
3.06173	53
3.06174	53
3.06175	53
3.06179	53
3.07231	53
3.07231	53
3.07232	53
3.07233	53
3.0728	53
3.07281	53
3.07284	53
3.10362	53
3.10362	53
3.10362	53
3.10362	53
3.10363	53
3.10363	53
3.10363	53
3.10364	53
3.10365	53
3.10368	53
3.12395	53
3.12396	53
3.12398	53
3.12401	53
3.13577	53
3.13578	53
3.13578	53
3.13578	53
3.13582	53
3.14574	53
3.14574	53
3.14575	53
3.14575	53
3.14576	53
3.14577	53
3.14579	53
3.15178	53
3.1518	53
3.1518	53
3.15842	53
3.15843	53
3.15844	53
3.16008	53
3.16008	53
3.1601	53
3.1601	53
3.18114	53
3.18114	53
3.18115	53
3.18116	53
3.18116	53
3.18118	53
3.18123	53
3.18219	53
3.1822	53
3.1822	53
3.18222	53
3.19062	53
3.19063	53
3.19066	53
3.19069	53
3.19615	53
3.19617	53
3.19637	53
3.19678	53
3.21259	53
3.2126	53
3.2126	53
3.21261	53
3.21263	53
3.21266	53
3.21359	53
3.21359	53
3.2136	53
3.21378	53
3.24271	53
3.24271	53
3.24271	53
3.24271	53
3.24272	53
3.24274	53
3.2428	53
3.24741	53
3.24742	53
3.2475	53
3.24763	53
3.26029	53
3.26029	53
3.2603	53
3.26031	53
3.26033	53
3.26048	53
3.28095	53
3.28095	53
3.28095	53
3.28097	53
3.28099	53
3.30212	53
3.30212	53
3.30212	53
3.30212	53
3.30213	53
3.30215	53
3.30226	53
3.31845	53
3.31846	53
3.31846	53
3.31847	53
3.31851	53
3.31876	53
3.34588	53
3.34589	53
3.34589	53
3.34589	53
3.3459	53
3.34597	53
3.34602	53
3.34606	53
3.35424	53
3.35426	53
3.35429	53
3.35498	53
3.35499	53
3.35514	53
3.35743	53
3.35743	53
3.3578	53
3.35863	53
3.35863	53
3.35864	53
3.35874	53
3.36354	53
3.36355	53
3.36356	53
3.36359	53
3.39009	53
3.39009	53
3.3901	53
3.3901	53
3.39011	53
3.39012	53
3.39021	53
3.39024	53
3.40097	53
3.40098	53
3.40098	53
3.40098	53
3.40099	53
3.401	53
3.4249	53
3.4249	53
3.42491	53
3.42491	53
3.42491	53
3.42493	53
3.42493	53
3.42495	53
3.43116	53
3.43116	53
3.43117	53
3.43118	53
3.43122	53
3.43126	53
3.44479	53
3.44479	53
3.44479	53
3.44481	53
3.44481	53
3.44493	53
3.44928	53
3.44928	53
3.4493	53
3.44932	53
3.45143	53
3.45145	53
3.45145	53
3.46303	53
3.46304	53
3.46304	53
3.46305	53
3.46307	53
3.46675	53
3.46675	53
3.46675	53
3.46675	53
3.48066	53
3.48067	53
3.48067	53
3.48264	53
3.48266	53
3.48267	53
3.49125	53
3.49126	53
3.49126	53
3.49126	53
3.49127	53
3.49127	53
3.49128	53
3.49142	53
3.49765	53
3.49765	53
3.49766	53
3.49777	53
3.5099	53
3.50991	53
3.50992	53
3.50992	53
3.50992	53
3.51013	53
3.52881	53
3.52881	53
3.52881	53
3.52882	53
3.52886	53
3.5606	53
3.5606	53
3.5606	53
3.56061	53
3.56061	53
3.56061	53
3.56061	53
3.56062	53
3.56062	53
3.56063	53
3.57056	53
3.57057	53
3.57057	53
3.57058	53
3.57062	53
3.57062	53
3.59042	53
3.59042	53
3.59042	53
3.59042	53
3.59043	53
3.59044	53
3.59049	53
3.5926	53
3.59262	53
3.59265	53
3.59355	53
3.59355	53
3.59355	53
3.59356	53
3.60107	53
3.60147	53
3.61358	53
3.61361	53
3.61361	53
3.62225	53
3.62225	53
3.62226	53
3.62228	53
3.62275	53
3.64333	53
3.64334	53
3.64336	53
3.64339	53
3.6434	53
3.64404	53
3.64405	53
3.64405	53
3.64405	53
3.64409	53
3.64409	53
3.64975	53
3.64976	53
3.64983	53
3.65502	53
3.65502	53
3.65502	53
3.65521	53
3.66104	53
3.66732	53
3.66733	53
3.66735	53
3.66735	53
3.66737	53
3.66764	53
3.67019	53
3.6702	53
3.67022	53
3.67129	53
3.67185	53
3.67187	53
3.67197	53
3.68093	53
3.68095	53
3.68098	53
3.68181	53
3.68182	53
3.6819	53
3.68192	53
3.68286	53
3.68454	53
3.69011	53
3.69011	53
3.69012	53
3.69014	53
3.69016	53
3.6905	53
3.69384	53
3.69384	53
3.69385	53
3.69386	53
3.69566	53
3.6964	53
3.72535	53
3.72536	53
3.72536	53
3.72536	53
3.72536	53
3.72538	53
3.72538	53
3.72542	53
3.72545	53
3.72668	53
3.72668	53
3.7269	53
3.73662	53
3.73662	53
3.73663	53
3.73664	53
3.73668	53
3.74261	53
3.74264	53
3.74306	53
3.74652	53
3.7603	53
3.76031	53
3.76031	53
3.76032	53
3.76032	53
3.76033	53
3.76039	53
3.7611	53
3.76125	53
3.76506	53
3.76506	53
3.76507	53
3.76527	53
3.77593	53
3.77594	53
3.77598	53
3.77625	53
3.77629	53
3.77632	53
3.79502	53
3.79502	53
3.79504	53
3.79505	53
3.79506	53
3.8276	53
3.8276	53
3.8276	53
3.82761	53
3.82761	53
3.82762	53
3.82762	53
3.82762	53
3.82764	53
3.82768	53
3.8277	53
3.82941	53
3.82943	53
3.82961	53
3.83164	53
3.83214	53
3.83227	53
3.83228	53
3.83231	53
3.84128	53
3.84128	53
3.8413	53
3.84135	53
3.85169	53
3.85169	53
3.85169	53
3.85169	53
3.85169	53
3.85169	53
3.85171	53
3.85172	53
3.85196	53
3.85642	53
3.85642	53
3.85648	53
3.88286	53
3.88286	53
3.88287	53
3.88287	53
3.88288	53
3.88292	53
3.88295	53
3.88312	53
3.88819	53
3.8882	53
3.88821	53
3.88827	53
3.8886	53
3.8886	53
3.88861	53
3.88862	53
3.88866	53
3.89178	53
3.89178	53
3.89183	53
3.92955	53
3.92955	53
3.92955	53
3.92955	53
3.92956	53
3.92957	53
3.92959	53
3.92983	53
3.93824	53
3.93826	53
3.93835	53
3.93977	53
3.93978	53
3.93982	53
3.94004	53
3.94798	53
3.94799	53
3.94803	53
3.94849	53
3.9639	53
3.96395	53
3.96399	53
3.96714	53
3.96715	53
3.96715	53
3.96715	53
3.96717	53
3.96927	53
3.96927	53
3.96927	53
3.96928	53
3.96931	53
3.97053	53
3.97053	53
3.97064	53
3.98457	53
3.98457	53
3.98458	53
3.98462	53
3.98484	53
3.98593	53
3.98594	53
3.98681	53
3.98683	53
3.98686	53
3.98723	53
3.99101	53
3.99103	53
3.99149	53
4.00619	53
4.00619	53
4.0062	53
4.0062	53
4.0062	53
4.0062	53
4.0062	53
4.00623	53
4.00625	53
4.01486	53
4.01486	53
4.01486	53
4.01487	53
4.01487	53
4.01488	53
4.02811	53
4.02811	53
4.02812	53
4.02813	53
4.02817	53
4.02818	53
4.03456	53
4.03456	53
4.03457	53
4.0346	53
4.0346	53
4.0346	53
4.03461	53
4.03464	53
4.03465	53
4.06602	53
4.06602	53
4.06602	53
4.06609	53
4.06621	53
4.06643	53
4.08547	53
4.08547	53
4.08547	53
4.0855	53
4.08551	53
4.08561	53
4.08668	53
4.08669	53
4.08669	53
4.08873	53
4.08874	53
4.08877	53
4.0888	53
4.09883	53
4.09884	53
4.09886	53
4.0989	53
4.1416	53
4.1416	53
4.1416	53
4.14161	53
4.14161	53
4.14161	53
4.14162	53
4.14164	53
4.14167	53
4.15662	53
4.15663	53
4.15664	53
4.15665	53
4.15666	53
4.15795	53
4.15958	53
4.16502	53
4.16503	53
4.16503	53
4.16503	53
4.16628	53
4.16631	53
4.21095	53
4.21095	53
4.21095	53
4.21095	53
4.21095	53
4.21096	53
4.21098	53
4.21101	53
4.21108	53
4.2463	53
4.2463	53
4.24632	53
4.24633	53
4.24633	53
4.24639	53
4.24645	53
4.25376	53
4.25384	53
4.25647	53
4.26411	53
4.26412	53
4.26412	53
4.26412	53
4.26413	53
4.26415	53
4.26416	53
4.26419	53
4.28671	53
4.28671	53
4.28672	53
4.28673	53
4.28677	53
4.28928	53
4.29077	53
4.29077	53
4.29077	53
4.29078	53
4.29088	53
4.31289	53
4.31289	53
4.31289	53
4.3129	53
4.3129	53
4.3129	53
4.31291	53
4.31292	53
4.31639	53
4.31639	53
4.31641	53
4.31651	53
4.34905	53
4.34906	53
4.34906	53
4.34907	53
4.34909	53
4.34911	53
4.34913	53
4.34917	53
4.36231	53
4.36231	53
4.36239	53
4.36294	53
4.36303	53
4.36467	53
4.36467	53
4.36509	53
4.36588	53
4.36589	53
4.36589	53
4.36607	53
4.40246	53
4.40247	53
4.40247	53
4.40247	53
4.40248	53
4.40248	53
4.40248	53
4.40248	53
4.4025	53
4.40257	53
4.42213	53
4.42213	53
4.42215	53
4.42216	53
4.42218	53
4.42241	53
4.42289	53
4.44295	53
4.44295	53
4.44296	53
4.443	53
4.44305	53
4.4432	53
4.45141	53
4.45141	53
4.45142	53
4.45142	53
4.45143	53
4.45145	53
4.45152	53
4.45163	53
4.45359	53
4.45359	53
4.45359	53
4.45364	53
4.46284	53
4.46285	53
4.46285	53
4.46286	53
4.46475	53
4.46476	53
4.46486	53
4.49628	53
4.49629	53
4.4963	53
4.4963	53
4.4963	53
4.49632	53
4.49643	53
4.49651	53
4.49683	53
4.52026	53
4.52027	53
4.52029	53
4.52029	53
4.5203	53
4.52034	53
4.52435	53
4.52435	53
4.52436	53
4.52443	53
4.5392	53
4.53921	53
4.53921	53
4.53921	53
4.53923	53
4.53927	53
4.5393	53
4.53932	53
4.54785	53
4.54785	53
4.54796	53
4.54872	53
4.5494	53
4.54961	53
4.55737	53
4.55744	53
4.55759	53
4.55761	53
4.571	53
4.571	53
4.57102	53
4.57102	53
4.57107	53
4.57109	53
4.57114	53
4.57122	53
4.58328	53
4.58328	53
4.58331	53
4.58331	53
4.58339	53
4.58348	53
4.58554	53
4.58555	53
4.58564	53
4.58693	53
4.58694	53
4.58695	53
4.58695	53
4.58696	53
4.62242	53
4.62242	53
4.62242	53
4.62242	53
4.62243	53
4.62243	53
4.62244	53
4.62245	53
4.62248	53
4.63506	53
4.63507	53
4.63507	53
4.63903	53
4.63907	53
4.63908	53
4.63909	53
4.6585	53
4.6585	53
4.65851	53
4.65851	53
4.65856	53
4.65858	53
4.6587	53
4.68105	53
4.68105	53
4.68106	53
4.68106	53
4.68107	53
4.68108	53
4.68109	53
4.6811	53
4.68115	53
4.68976	53
4.68977	53
4.68978	53
4.68987	53
4.71125	53
4.71126	53
4.71127	53
4.71132	53
4.71195	53
4.73175	53
4.73175	53
4.73175	53
4.73177	53
4.73178	53
4.73178	53
4.73182	53
4.73193	53
4.74599	53
4.74599	53
4.74599	53
4.74609	53
4.7461	53
4.76141	53
4.76141	53
4.76141	53
4.76155	53
4.76162	53
4.76173	53
4.80642	53
4.80643	53
4.80643	53
4.80643	53
4.80643	53
4.80644	53
4.80644	53
4.80646	53
4.80652	53
4.80695	53
4.88547	53
4.88548	53
4.88552	53
4.88553	53
4.88553	53
4.88554	53
4.88571	53
4.88639	53
4.88922	53
4.88923	53
4.88968	53
4.91375	53
4.91376	53
4.91376	53
4.91377	53
4.91377	53
4.91379	53
4.9138	53
4.91381	53
4.91384	53
4.91399	53
4.92849	53
4.92852	53
4.9289	53
4.93073	53
4.93073	53
4.93074	53
4.9308	53
4.93101	53
5.95234	53
5.95234	53
5.95234	53
5.95236	53
5.95237	53
5.95241	53
5.95244	53
5.95268	53
6.03352	53
6.03352	53
6.03353	53
6.03353	53
6.03354	53
6.03356	53
6.03364	53
6.03365	53
6.03384	53
6.03387	53
6.04809	53
6.04823	53
6.06666	53
6.06667	53
6.06668	53
6.06668	53
6.06671	53
6.06678	53
6.06697	53
6.1043	53
6.1043	53
6.10431	53
6.10432	53
6.10432	53
6.10433	53
6.10435	53
6.10435	53
6.1044	53
6.10479	53
6.10634	53
6.10636	53
6.10639	53
6.11187	53
6.11187	53
6.11188	53
6.11201	53
6.1951	53
6.1951	53
6.1951	53
6.19511	53
6.19511	53
6.19512	53
6.19514	53
6.19514	53
6.19514	53
6.19518	53
6.20809	53
6.20809	53
6.20809	53
6.27151	53
6.27151	53
6.27152	53
6.27153	53
6.27155	53
6.27157	53
6.27157	53
6.27162	53
6.27169	53
6.27826	53
6.27831	53
6.27833	53
6.27834	53
6.27861	53
6.27921	53
6.28461	53
6.28462	53
6.28475	53
6.28478	53
6.28485	53
6.28527	53
6.28538	53
6.31232	53
6.31232	53
6.31233	53
6.31234	53
6.31236	53
6.31238	53
6.3125	53
6.32364	53
6.32367	53
6.32369	53
6.32374	53
6.32397	53
6.36954	53
6.36954	53
6.36956	53
6.36956	53
6.36956	53
6.36958	53
6.3696	53
6.36962	53
6.36972	53
6.36981	53
6.37135	53
6.37161	53
6.37389	53
6.40579	53
6.40581	53
6.40582	53
6.40582	53
6.40583	53
6.40583	53
6.40587	53
6.40591	53
6.40594	53
6.40614	53
6.45942	53
6.45942	53
6.45943	53
6.45944	53
6.45946	53
6.45947	53
6.45947	53
6.45949	53
6.4595	53
6.4596	53
6.47722	53
6.47722	53
6.47723	53
6.4773	53
6.4773	53
6.47743	53
6.49961	53
6.49962	53
6.49963	53
6.49963	53
6.49965	53
6.49965	53
6.49968	53
6.57249	53
6.57249	53
6.5725	53
6.57251	53
6.57251	53
6.57252	53
6.57256	53
6.57257	53
6.57299	53
6.58064	53
6.58227	53
6.59228	53
6.59231	53
6.59472	53
6.61959	53
6.61959	53
6.6196	53
6.61961	53
6.61964	53
6.61965	53
6.61965	53
6.61967	53
6.61971	53
6.61973	53
6.62368	53
6.62368	53
6.62369	53
6.62379	53
7.2393	53
7.2393	53
7.23931	53
7.23932	53
7.23933	53
7.23934	53
7.23947	53
7.23998	53
7.24016	53
7.27959	53
7.27959	53
7.2796	53
7.2796	53
7.27961	53
7.27966	53
7.27987	53
7.28132	53
7.32097	53
7.32097	53
7.32097	53
7.32097	53
7.32097	53
7.32099	53
7.321	53
7.32104	53
7.32123	53
7.32174	53
7.32558	53
7.32559	53
7.3256	53
7.32577	53
7.33666	53
7.3374	53
7.347	53
7.38072	53
7.38072	53
7.38072	53
7.38073	53
7.38073	53
7.38081	53
7.38087	53
7.38094	53
7.38129	53
7.38129	53
7.38129	53
7.38129	53
7.38131	53
7.3818	53
7.38755	53
7.38758	53
7.39238	53
7.39443	53
7.39554	53
7.39554	53
7.39554	53
7.39555	53
7.39563	53
7.39567	53
7.42572	53
7.42574	53
7.42575	53
7.42576	53
7.42578	53
7.42579	53
7.42588	53
7.4259	53
7.42615	53
7.4335	53
7.4335	53
7.43368	53
8.23564	53
8.23567	53
8.23567	53
8.23571	53
8.23572	53
8.23585	53
8.23588	53
8.23626	53
8.23742	53
8.23804	53
8.34264	53
8.34265	53
8.34267	53
8.34268	53
8.34272	53
8.34273	53
8.34276	53
8.34305	53
8.35823	53
8.35834	53
8.36	53
8.36014	53
8.36117	53
8.36139	53
8.36178	53
8.38603	53
8.38603	53
8.38603	53
8.38604	53
8.3862	53
8.38625	53
8.38666	53
8.58484	53
8.58486	53
8.58486	53
8.58497	53
8.58504	53
8.58513	53
8.58518	53
8.59081	53
8.59094	53
8.59119	53
8.59225	53
8.59743	53
8.59743	53
8.59764	53
9.02032	53
9.02032	53
9.02034	53
9.02045	53
9.02046	53
9.02059	53
9.02077	53
9.0208	53
9.02147	53
9.14033	53
9.14035	53
9.14037	53
9.14037	53
9.14039	53
9.1404	53
9.14043	53
9.14044	53
9.14048	53
9.19086	53
9.19086	53
9.19086	53
9.19088	53
9.19099	53
9.1911	53
9.19117	53
9.1916	53
9.19185	53
9.37556	53
9.37557	53
9.37557	53
9.37558	53
9.37558	53
9.37566	53
9.37567	53
9.37582	53
10.1919	53
10.192	53
10.192	53
10.192	53
10.1921	53
10.1921	53
10.1922	53
10.1923	53
10.193	53
10.1932	53
10.1935	53
10.5533	53
10.5534	53
10.5534	53
10.5534	53
10.5534	53
10.5534	53
10.5536	53
10.5539	53
10.5539	53
12.5111	53
12.5111	53
12.5111	53
12.5112	53
12.5112	53
12.5112	53
12.5113	53
12.5113	53
12.5115	53
12.7139	53
12.7139	53
12.7139	53
12.7139	53
12.714	53
12.714	53
12.7141	53
12.7141	53
13.6972	53
13.6972	53
13.6972	53
13.6972	53
13.6972	53
13.6973	53
13.6974	53
13.6976	53
13.6979	53
13.6981	53
14.4389	53
14.4389	53
14.4389	53
14.4389	53
14.4389	53
14.4389	53
14.439	53
14.4396	53
15.0009	53
15.001	53
15.001	53
15.001	53
15.001	53
15.001	53
15.001	53
15.0011	53
15.0015	53
15.1149	53
15.1149	53
15.115	53
15.115	53
15.115	53
15.1151	53
15.1153	53
15.1158	53
15.1158	53
15.2723	53
15.2723	53
15.2723	53
15.2723	53
15.2723	53
15.2723	53
15.2723	53
15.2725	53
15.273	53
16.3804	53
16.3805	53
16.3805	53
16.3805	53
16.3805	53
16.3805	53
16.3808	53
16.3808	53
16.381	53
16.3836	53
17.3297	53
17.3297	53
17.3297	53
17.3297	53
17.3297	53
17.3298	53
17.33	53
17.3302	53
17.7182	53
17.7182	53
17.7182	53
17.7182	53
17.7183	53
17.7183	53
17.7184	53
17.7211	53
18.1132	53
18.1133	53
18.1133	53
18.1133	53
18.1134	53
18.1134	53
18.1134	53
18.1137	53
18.1166	53
18.1167	53
18.1183	53
18.4344	53
18.4344	53
18.4344	53
18.4344	53
18.4345	53
18.4345	53
18.4347	53
18.4375	53
18.4382	53
19.5512	53
19.5513	53
19.5513	53
19.5513	53
19.5513	53
19.5514	53
19.5516	53
19.5519	53
19.5526	53
19.553	53
20.102	53
20.102	53
20.102	53
20.102	53
20.102	53
20.102	53
20.1023	53
20.1031	53
20.3696	53
20.3696	53
20.3696	53
20.3696	53
20.3696	53
20.3697	53
20.3698	53
20.3702	53
20.3703	53
21.2059	53
21.206	53
21.206	53
21.206	53
21.2061	53
21.2061	53
21.2061	53
21.2069	53
21.2072	53
21.3102	53
21.3102	53
21.3102	53
21.3102	53
21.3102	53
21.3103	53
21.3103	53
21.311	53
21.311	53
21.3114	53
21.3823	53
21.3823	53
21.3823	53
21.3823	53
21.3823	53
21.3823	53
21.3824	53
21.3825	53
21.3828	53
22.5754	53
22.5755	53
22.5755	53
22.5755	53
22.5755	53
22.5755	53
22.5759	53
22.576	53
22.9599	53
22.9599	53
22.9599	53
22.9599	53
22.9599	53
22.9599	53
22.9599	53
22.96	53
22.9602	53
22.9603	53
22.9608	53
24.8633	53
24.8634	53
24.8634	53
24.8634	53
24.8634	53
24.8635	53
24.8637	53
24.8642	53
26.7795	53
26.7796	53
26.7796	53
26.7796	53
26.7796	53
26.7797	53
26.7797	53
26.7808	53
26.7812	53
27.1137	53
27.1137	53
27.1137	53
27.1138	53
27.1138	53
27.114	53
27.114	53
27.1343	53
27.1343	53
27.1343	53
27.1398	53
27.1398	53
27.1399	53
27.6597	53
27.6597	53
27.6597	53
27.6598	53
27.6598	53
27.6598	53
27.6598	53
27.6601	53
27.6604	53
27.6605	53
28.0363	53
28.0363	53
28.0364	53
28.0364	53
28.0364	53
28.0364	53
28.0364	53
28.0365	53
28.3406	53
28.3406	53
28.3406	53
28.3406	53
28.3407	53
28.3408	53
28.3411	53
29.0112	53
29.0112	53
29.0113	53
29.0113	53
29.0113	53
29.0113	53
29.0115	53
29.0115	53
29.0122	53
29.0131	53
29.0134	53
29.0169	53
29.1162	53
29.1162	53
29.1162	53
29.1163	53
29.1163	53
29.1163	53
29.1164	53
29.1346	53
29.1346	53
29.1351	53
29.1358	53
29.1362	53
29.6096	53
29.6097	53
29.6097	53
29.6097	53
29.6098	53
29.6099	53
29.6101	53
29.6101	53
29.6103	53
29.6682	53
29.6682	53
29.6683	53
29.6683	53
29.6683	53
29.6683	53
29.6684	53
29.6685	53
29.6691	53
29.8113	53
29.8113	53
29.8113	53
29.8113	53
29.8114	53
29.8115	53
29.8115	53
29.8116	53
29.8119	53
29.8121	53
29.9195	53
29.9195	53
29.9195	53
29.9196	53
29.9196	53
29.9197	53
29.9203	53
29.9765	53
29.9765	53
29.9766	53
29.9768	53
29.9768	53
29.9768	53
29.9773	53
29.9781	53
29.9781	53
30.4503	53
30.4503	53
30.4503	53
30.4503	53
30.4503	53
30.4504	53
30.4504	53
30.451	53
30.4511	53
30.7258	53
30.7258	53
30.7259	53
30.7259	53
30.726	53
30.726	53
30.726	53
30.726	53
31.3123	53
31.3123	53
31.3123	53
31.3123	53
31.3124	53
31.3125	53
31.3125	53
31.3126	53
31.3131	53
31.3132	53
31.3134	53
31.5144	53
31.5144	53
31.5144	53
31.5144	53
31.5144	53
31.5146	53
31.5147	53
31.5147	53
31.5151	53
32.6376	53
32.6376	53
32.6376	53
32.6376	53
32.6377	53
32.6377	53
32.6378	53
32.6437	53
33.5002	53
33.5002	53
33.5002	53
33.5002	53
33.5002	53
33.5003	53
33.5003	53
33.5006	53
33.5007	53
33.5012	53
33.5015	53
33.9376	53
33.9376	53
33.9376	53
33.9376	53
33.9377	53
33.9377	53
33.9377	53
34.025	53
34.0251	53
34.0251	53
34.0252	53
34.0252	53
34.0253	53
34.0254	53
34.0258	53
34.0738	53
34.0738	53
34.0739	53
34.0739	53
34.0739	53
34.074	53
34.074	53
34.074	53
34.0741	53
34.0742	53
34.1214	53
34.1214	53
34.1214	53
34.1214	53
34.1214	53
34.1215	53
34.1215	53
34.1215	53
34.1216	53
34.3438	53
34.3438	53
34.3438	53
34.3439	53
34.3439	53
34.3439	53
34.3441	53
34.3444	53
35.2532	53
35.2532	53
35.2533	53
35.2533	53
35.2533	53
35.2533	53
35.2533	53
35.2539	53
35.2541	53
35.2544	53
35.6473	53
35.6473	53
35.6473	53
35.6473	53
35.6473	53
35.6473	53
35.6474	53
35.6476	53
35.7642	53
35.7642	53
35.7643	53
35.7644	53
35.7645	53
35.7646	53
35.7647	53
35.7648	53
35.7648	53
35.8983	53
35.8983	53
35.8983	53
35.8983	53
35.8984	53
35.8984	53
35.8984	53
35.8984	53
35.8989	53
35.899	53
36.2403	53
36.2403	53
36.2403	53
36.2403	53
36.2403	53
36.2403	53
36.2403	53
36.2403	53
36.2408	53
36.4402	53
36.4402	53
36.4402	53
36.4402	53
36.4402	53
36.4403	53
36.4403	53
36.4403	53
36.4404	53
36.5026	53
36.5026	53
36.5026	53
36.5026	53
36.5026	53
36.5027	53
36.5028	53
36.5035	53
36.5036	53
36.5041	53
37.8553	53
37.8553	53
37.8553	53
37.8553	53
37.8553	53
37.8554	53
37.8555	53
37.856	53
37.8576	53
38.6604	53
38.6604	53
38.6605	53
38.6605	53
38.6605	53
38.6605	53
38.6606	53
38.6608	53
38.7873	53
38.7873	53
38.7874	53
38.7874	53
38.7875	53
38.7876	53
38.7876	53
38.7877	53
38.7882	53
38.7892	53
38.7895	53
38.7898	53
39.3556	53
39.3556	53
39.3556	53
39.3556	53
39.3557	53
39.3557	53
39.3558	53
39.8783	53
39.8783	53
39.8784	53
39.8784	53
39.8784	53
39.8785	53
39.8785	53
39.8785	53
40.6159	53
40.6159	53
40.616	53
40.616	53
40.616	53
40.616	53
40.6161	53
40.6162	53
40.619	53
40.62	53
40.6218	53
40.6221	53
40.6221	53
40.7466	53
40.7466	53
40.7466	53
40.7467	53
40.7467	53
40.7467	53
40.7469	53
40.748	53
40.7481	53
40.9181	53
40.9182	53
40.9182	53
40.9183	53
40.9184	53
40.9184	53
40.9184	53
40.9184	53
40.9184	53
40.9186	53
41.031	53
41.031	53
41.031	53
41.031	53
41.0311	53
41.0311	53
41.0313	53
41.0317	53
41.0318	53
41.1071	53
41.1071	53
41.1071	53
41.1071	53
41.1071	53
41.1072	53
41.1072	53
41.1073	53
41.1075	53
41.6833	53
41.6833	53
41.6833	53
41.6833	53
41.6834	53
41.6834	53
41.6835	53
41.6835	53
41.6837	53
41.826	53
41.826	53
41.826	53
41.826	53
41.826	53
41.826	53
41.8261	53
41.8261	53
41.8266	53
41.9646	53
41.9646	53
41.9646	53
41.9646	53
41.9647	53
41.9647	53
41.9648	53
41.9657	53
41.966	53
42.4148	53
42.4148	53
42.4148	53
42.4148	53
42.4149	53
42.4149	53
42.4149	53
42.4163	53
42.4163	53
42.4165	53
42.8729	53
42.8729	53
42.8729	53
42.8729	53
42.8731	53
42.8731	53
42.8732	53
42.8736	53
42.8737	53
43.5746	53
43.5746	53
43.5746	53
43.5746	53
43.5746	53
43.5746	53
43.5747	53
43.5747	53
43.6422	53
43.6423	53
43.6423	53
43.6423	53
43.6423	53
43.6424	53
43.6425	53
43.6427	53
43.6435	53
45.1233	53
45.1234	53
45.1234	53
45.1234	53
45.1234	53
45.1234	53
45.124	53
45.1248	53
45.1248	53
45.1756	53
45.1756	53
45.1757	53
45.1757	53
45.1757	53
45.1757	53
45.1758	53
45.1774	53
45.1775	53
45.1776	53
45.179	53
45.201	53
45.201	53
45.201	53
45.2011	53
45.2013	53
48.2436	53
48.2436	53
48.2437	53
48.2437	53
48.2437	53
48.2437	53
48.244	53
48.244	53
48.2448	53
49.0752	53
49.0752	53
49.0752	53
49.0752	53
49.0752	53
49.0753	53
49.0753	53
49.0754	53
49.0758	53
49.8951	53
49.8951	53
49.8952	53
49.8952	53
49.8952	53
49.8952	53
49.8953	53
49.8956	53
49.8956	53
49.8956	53
49.8971	53
50.4701	53
50.4701	53
50.4701	53
50.4701	53
50.4701	53
50.4701	53
50.4702	53
50.4703	53
50.4705	53
50.5418	53
50.5418	53
50.5418	53
50.5418	53
50.5418	53
50.5418	53
50.5419	53
50.5428	53
50.5429	53
51.2953	53
51.2954	53
51.2954	53
51.2954	53
51.2955	53
51.2956	53
51.2956	53
51.2958	53
51.7219	53
51.722	53
51.722	53
51.722	53
51.722	53
51.722	53
51.722	53
51.7264	53
51.7264	53
52.4086	53
52.4086	53
52.4086	53
52.4086	53
52.4087	53
52.4087	53
52.4087	53
52.409	53
52.4103	53
52.4109	53
52.5576	53
52.5576	53
52.5576	53
52.5576	53
52.5576	53
52.5576	53
52.5577	53
52.5582	53
52.5583	53
52.5594	53
52.8751	53
52.8751	53
52.8751	53
52.8751	53
52.8751	53
52.8751	53
52.8752	53
52.8753	53
52.8774	53
53.4293	53
53.4293	53
53.4294	53
53.4294	53
53.4294	53
53.4295	53
53.4298	53
53.4301	53
53.4623	53
53.4623	53
53.4623	53
53.4625	53
54.1397	53
54.1398	53
54.1398	53
54.1398	53
54.1398	53
54.1399	53
54.14	53
54.14	53
54.1401	53
54.1402	53
54.2967	53
54.2967	53
54.2967	53
54.2968	53
54.2968	53
54.2968	53
54.297	53
54.297	53
54.2971	53
54.2973	53
54.2975	53
55.4112	53
55.4112	53
55.4112	53
55.4113	53
55.4113	53
55.4113	53
55.4113	53
55.4114	53
55.4116	53
55.6946	53
55.6946	53
55.6947	53
55.6947	53
55.6947	53
55.6948	53
55.6949	53
55.695	53
55.6955	53
56.0162	53
56.0162	53
56.0162	53
56.0162	53
56.0163	53
56.0164	53
56.0164	53
56.0165	53
56.0715	53
56.0715	53
56.0715	53
56.0715	53
56.0715	53
56.0716	53
56.0716	53
56.0749	53
56.0755	53
56.3057	53
56.3057	53
56.3057	53
56.3057	53
56.3057	53
56.3058	53
56.3059	53
56.3059	53
56.3065	53
56.3074	53
57.2701	53
57.2702	53
57.2702	53
57.2702	53
57.2702	53
57.2703	53
57.2704	53
57.2704	53
57.2712	53
57.3044	53
57.3044	53
57.3044	53
57.3044	53
57.3044	53
57.3044	53
57.3047	53
57.3063	53
57.3065	53
57.3978	53
57.3979	53
57.3979	53
57.3979	53
57.398	53
57.398	53
57.398	53
57.3981	53
57.3981	53
57.4079	53
57.408	53
57.4082	53
57.409	53
57.4541	53
57.4541	53
57.4541	53
57.4541	53
57.4541	53
57.4541	53
57.4542	53
57.4562	53
57.4574	53
57.4659	53
58.4217	53
58.4217	53
58.4217	53
58.4217	53
58.4217	53
58.4217	53
58.4217	53
58.4218	53
58.425	53
58.4251	53
58.4254	53
58.4841	53
58.4841	53
58.4841	53
58.4841	53
58.4841	53
58.4842	53
58.4842	53
58.4842	53
58.4843	53
59.3908	53
59.3909	53
59.3909	53
59.3911	53
59.3911	53
59.3912	53
59.3913	53
59.3915	53
59.3918	53
59.7447	53
59.7447	53
59.7447	53
59.7447	53
59.7448	53
59.7449	53
59.745	53
59.7452	53
59.7465	53
59.7628	53
59.7633	53
59.7638	53
61.6501	53
61.6501	53
61.6501	53
61.6502	53
61.6502	53
61.6504	53
61.6506	53
61.6506	53
61.6507	53
61.6507	53
62.2674	53
62.2674	53
62.2675	53
62.2675	53
62.2675	53
62.2676	53
62.2676	53
62.2682	53
63.0525	53
63.0525	53
63.0526	53
63.0526	53
63.0526	53
63.0527	53
63.0527	53
63.0534	53
63.0539	53
63.054	53
63.1274	53
63.1274	53
63.1274	53
63.1275	53
63.1275	53
63.1275	53
63.1282	53
63.3698	53
63.3698	53
63.3698	53
63.3699	53
63.3699	53
63.3699	53
63.37	53
63.37	53
63.3702	53
63.3703	53
63.6738	53
63.6738	53
63.6738	53
63.6738	53
63.6738	53
63.6739	53
63.6739	53
63.8397	53
63.8397	53
63.8398	53
63.8398	53
63.8398	53
63.8398	53
63.8398	53
63.8401	53
63.8415	53
63.8415	53
63.9601	53
63.9601	53
63.9601	53
63.9601	53
63.9601	53
63.9604	53
63.9604	53
63.9604	53
63.9616	53
64.4771	53
64.4771	53
64.4771	53
64.4772	53
64.4772	53
64.4772	53
64.4773	53
64.4774	53
64.4777	53
64.4781	53
64.6992	53
64.6992	53
64.6992	53
64.6993	53
64.6993	53
64.6993	53
64.6993	53
64.6995	53
64.9505	53
64.9505	53
64.9505	53
64.9506	53
64.9506	53
64.9507	53
64.9507	53
64.9508	53
64.9526	53
64.9773	53
64.9774	53
64.9774	53
64.9775	53
64.9779	53
64.978	53
66.3739	53
66.374	53
66.374	53
66.374	53
66.374	53
66.3741	53
66.3745	53
66.3751	53
66.3751	53
66.3751	53
66.9685	53
66.9685	53
66.9685	53
66.9685	53
66.9685	53
66.9686	53
66.9687	53
66.969	53
66.9693	53
66.9698	53
67.0898	53
67.0898	53
67.0899	53
67.0899	53
67.0899	53
67.09	53
67.0902	53
67.0903	53
67.091	53
67.8946	53
67.8946	53
67.8946	53
67.8946	53
67.8947	53
67.8948	53
67.8949	53
67.8949	53
67.895	53
67.9232	53
67.9232	53
67.9233	53
67.9233	53
67.9233	53
67.9235	53
67.9242	53
67.9244	53
67.9261	53
68.2235	53
68.2235	53
68.2236	53
68.2236	53
68.2236	53
68.2237	53
68.2237	53
68.2241	53
68.2245	53
69.4845	53
69.4845	53
69.4846	53
69.4846	53
69.4846	53
69.4847	53
69.4851	53
69.4854	53
69.4854	53
69.4857	53
70.6465	53
70.6465	53
70.6465	53
70.6465	53
70.6466	53
70.6466	53
70.6468	53
70.6468	53
70.6468	53
70.6474	53
71.413	53
71.413	53
71.413	53
71.4131	53
71.4131	53
71.4132	53
71.4132	53
71.4137	53
71.4147	53
72.402	53
72.402	53
72.402	53
72.402	53
72.402	53
72.4021	53
72.4021	53
72.4022	53
72.4023	53
73.2823	53
73.2823	53
73.2823	53
73.2823	53
73.2824	53
73.2824	53
73.2825	53
73.2834	53
73.2834	53
73.5475	53
73.5475	53
73.5475	53
73.5476	53
73.5476	53
73.5476	53
73.5478	53
73.5482	53
73.5489	53
73.964	53
73.964	53
73.964	53
73.9641	53
73.9641	53
73.9642	53
73.9642	53
73.9642	53
73.9649	53
74.3084	53
74.3084	53
74.3084	53
74.3084	53
74.3085	53
74.3085	53
74.3085	53
74.3086	53
74.3093	53
74.7155	53
74.7155	53
74.7156	53
74.7156	53
74.7156	53
74.7157	53
74.7159	53
74.7159	53
74.7162	53
75.2659	53
75.2659	53
75.2659	53
75.266	53
75.266	53
75.2661	53
75.2662	53
75.2663	53
75.2665	53
75.2668	53
75.4784	53
75.4784	53
75.4784	53
75.4784	53
75.4784	53
75.4785	53
75.4785	53
75.4804	53
76.3919	53
76.392	53
76.392	53
76.392	53
76.3921	53
76.3922	53
76.3923	53
76.6262	53
76.6262	53
76.6262	53
76.6262	53
76.6263	53
76.6264	53
76.6264	53
76.6264	53
76.6267	53
76.6269	53
76.627	53
76.6308	53
76.8833	53
76.8833	53
76.8833	53
76.8834	53
76.8834	53
76.8835	53
76.8835	53
76.8837	53
76.8845	53
77.6169	53
77.6169	53
77.617	53
77.617	53
77.617	53
77.6171	53
77.6171	53
77.6174	53
77.6177	53
77.811	53
77.811	53
77.8111	53
77.8111	53
77.8112	53
77.8112	53
77.8113	53
77.8114	53
77.8121	53
77.8122	53
77.978	53
77.978	53
77.9781	53
77.9781	53
77.9781	53
77.9782	53
77.9782	53
77.9784	53
78	53
78	53
78	53
78.0001	53
78.0001	53
78.0001	53
78.002	53
78.0027	53
78.0027	53
78.4188	53
78.4188	53
78.4189	53
78.4189	53
78.4189	53
78.4191	53
78.4192	53
78.4192	53
78.4199	53
78.5589	53
78.5589	53
78.5589	53
78.5589	53
78.559	53
78.559	53
78.559	53
78.5591	53
78.5597	53
78.5604	53
78.686	53
78.686	53
78.686	53
78.6861	53
78.6861	53
78.6861	53
78.6862	53
78.6862	53
78.6865	53
78.6869	53
79.7849	53
79.7849	53
79.7849	53
79.7849	53
79.7849	53
79.7849	53
79.785	53
80.0096	53
80.0096	53
80.0096	53
80.0096	53
80.0097	53
80.0097	53
80.0097	53
80.0107	53
80.8028	53
80.8028	53
80.8029	53
80.8029	53
80.803	53
80.8031	53
80.8033	53
80.8035	53
80.8037	53
81.0717	53
81.0718	53
81.0718	53
81.0718	53
81.0718	53
81.0719	53
81.072	53
81.0721	53
81.0723	53
81.0739	53
81.1153	53
81.1153	53
81.1153	53
81.1153	53
81.1153	53
81.1155	53
81.1159	53
81.116	53
81.1167	53
81.1865	53
81.1865	53
81.1866	53
81.1866	53
81.1866	53
81.1866	53
81.1867	53
81.1876	53
81.1876	53
81.1877	53
81.7125	53
81.7125	53
81.7125	53
81.7125	53
81.7125	53
81.7126	53
81.7126	53
81.7126	53
81.7129	53
82.7632	53
82.7632	53
82.7632	53
82.7632	53
82.7632	53
82.7633	53
82.7633	53
82.7637	53
82.7649	53
82.844	53
82.844	53
82.844	53
82.844	53
82.844	53
82.844	53
82.8441	53
82.8444	53
82.8445	53
82.9312	53
82.9312	53
82.9312	53
82.9312	53
82.9314	53
82.9314	53
82.9315	53
83.0029	53
83.003	53
83.003	53
83.003	53
83.003	53
83.0031	53
83.0032	53
83.0034	53
83.0034	53
83.0036	53
83.9189	53
83.9189	53
83.9189	53
83.9189	53
83.919	53
83.919	53
83.919	53
83.9191	53
83.9193	53
83.9814	53
83.9814	53
83.9814	53
83.9814	53
83.9814	53
83.9814	53
83.9815	53
84.3772	53
84.3772	53
84.3773	53
84.3773	53
84.3773	53
84.3774	53
84.3775	53
84.3776	53
84.3776	53
84.3776	53
84.378	53
84.3782	53
84.9637	53
84.9637	53
84.9637	53
84.9637	53
84.9638	53
84.9638	53
84.9638	53
84.9648	53
85.4367	53
85.4367	53
85.4368	53
85.4368	53
85.4368	53
85.4368	53
85.437	53
85.4373	53
85.4381	53
85.4381	53
85.4381	53
85.6407	53
85.6407	53
85.6407	53
85.6407	53
85.6407	53
85.6407	53
85.6408	53
85.6414	53
85.6424	53
85.9969	53
85.997	53
85.997	53
85.997	53
85.9971	53
85.9972	53
85.9972	53
85.9972	53
85.9973	53
85.9974	53
85.9975	53
85.9976	53
86.1059	53
86.1059	53
86.106	53
86.106	53
86.1061	53
86.1062	53
86.1062	53
86.1071	53
86.1072	53
87.2904	53
87.2904	53
87.2904	53
87.2904	53
87.2904	53
87.2905	53
87.2906	53
87.2909	53
87.2909	53
87.5973	53
87.5973	53
87.5974	53
87.5974	53
87.5975	53
87.5975	53
87.5975	53
87.5975	53
87.5978	53
87.733	53
87.733	53
87.733	53
87.7331	53
87.7332	53
87.7333	53
87.7336	53
87.7348	53
88.1057	53
88.1057	53
88.1057	53
88.1057	53
88.1057	53
88.1058	53
88.1058	53
88.1058	53
88.1062	53
89.2586	53
89.2586	53
89.2586	53
89.2587	53
89.2588	53
89.2589	53
89.2591	53
89.2596	53
89.2596	53
89.2597	53
90.4882	53
90.4882	53
90.4882	53
90.4882	53
90.4883	53
90.4884	53
90.4884	53
90.4885	53
90.4885	53
90.4887	53
90.7681	53
90.7681	53
90.7682	53
90.7682	53
90.7682	53
90.7683	53
90.7683	53
90.7686	53
90.7689	53
90.8504	53
90.8504	53
90.8504	53
90.8504	53
90.8505	53
90.8505	53
90.8505	53
90.8506	53
90.8509	53
90.8509	53
91.0744	53
91.0744	53
91.0744	53
91.0744	53
91.0744	53
91.0746	53
91.0746	53
91.0749	53
91.8139	53
91.814	53
91.814	53
91.814	53
91.8141	53
91.8141	53
91.8141	53
91.8141	53
91.8161	53
91.9254	53
91.9255	53
91.9255	53
91.9255	53
91.9255	53
91.9255	53
91.9255	53
92.5667	53
92.5667	53
92.5668	53
92.5668	53
92.5668	53
92.5668	53
92.5668	53
92.567	53
92.5671	53
92.5672	53
92.5677	53
92.5678	53
92.6036	53
92.6036	53
92.6036	53
92.6036	53
92.6036	53
92.6036	53
92.6037	53
92.6042	53
92.6045	53
92.6047	53
93.0685	53
93.0685	53
93.0685	53
93.0686	53
93.0686	53
93.0686	53
93.0686	53
93.0691	53
93.0692	53
93.0707	53
93.0717	53
93.6112	53
93.6112	53
93.6112	53
93.6113	53
93.6113	53
93.6113	53
93.6115	53
93.6115	53
93.6119	53
94.0176	53
94.0177	53
94.0177	53
94.0177	53
94.0177	53
94.0178	53
94.0178	53
94.0179	53
94.0183	53
94.7366	53
94.7366	53
94.7366	53
94.7367	53
94.7367	53
94.7368	53
94.7368	53
94.7385	53
94.8023	53
94.8023	53
94.8024	53
94.8024	53
94.8024	53
94.8024	53
94.8024	53
94.8025	53
94.8027	53
94.8037	53
95.7842	53
95.7842	53
95.7842	53
95.7842	53
95.7843	53
95.7843	53
95.7843	53
95.7852	53
96.041	53
96.041	53
96.041	53
96.041	53
96.041	53
96.041	53
96.0413	53
96.0421	53
96.698	53
96.698	53
96.698	53
96.698	53
96.6981	53
96.6981	53
96.6982	53
96.6984	53
96.6993	53
96.7007	53
96.9418	53
96.9418	53
96.9418	53
96.9418	53
96.9419	53
96.9419	53
96.9423	53
96.9424	53
96.9427	53
96.943	53
96.9898	53
96.9898	53
96.9898	53
96.9899	53
96.99	53
96.99	53
96.9902	53
96.9905	53
97.1947	53
97.1948	53
97.1948	53
97.1948	53
97.1948	53
97.1949	53
97.195	53
97.4193	53
97.4193	53
97.4193	53
97.4194	53
97.4194	53
97.4195	53
97.4195	53
97.4198	53
97.4198	53
97.42	53
97.4201	53
97.4205	53
98.9235	53
98.9235	53
98.9235	53
98.9235	53
98.9236	53
98.9237	53
98.9238	53
98.9238	53
98.9247	53
98.9562	53
98.9563	53
98.9563	53
98.9564	53
98.9566	53
98.9566	53
98.9568	53
98.969	53
98.969	53
98.9692	53
98.9693	53
