1.07721e-11	0
1.22786e-10	1
1.411e-10	2
2.02665e-10	3
2.19986e-10	4
2.33952e-10	4
2.78625e-10	5
4.33622e-10	6
5.69595e-10	7
6.01816e-10	8
6.16166e-10	9
6.41967e-10	10
6.78238e-10	11
7.88563e-10	12
8.24489e-10	13
8.50876e-10	14
8.66693e-10	15
8.98346e-10	16
9.35352e-10	17
1.14268e-09	18
1.25498e-09	19
1.83165e-09	20
1.99847e-09	21
1.99971e-09	22
2.15352e-09	23
2.2081e-09	24
2.2567e-09	25
2.31039e-09	26
2.37938e-09	27
2.41689e-09	28
2.50302e-09	29
2.92833e-09	30
2.95727e-09	30
3.11369e-09	31
3.16926e-09	32
3.38166e-09	33
4.09278e-09	34
4.34221e-09	35
4.47869e-09	36
4.74993e-09	37
4.97222e-09	37
5.1115e-09	38
5.55697e-09	39
5.62507e-09	40
5.65414e-09	41
6.19979e-09	42
6.70627e-09	43
6.8329e-09	43
6.8791e-09	44
6.88389e-09	45
1.06852e-08	46
1.12203e-08	47
1.21533e-08	48
1.2663e-08	48
1.32381e-08	48
1.43456e-08	49
1.48238e-08	50
1.6096e-08	50
4.46446e-08	51
4.93939e-08	51
5.24207e-08	51
6.00274e-08	51
6.53793e-08	51
6.58759e-08	51
6.70388e-08	51
6.83704e-08	51
7.30777e-08	51
7.65712e-08	51
7.75045e-08	51
8.0181e-08	51
8.32402e-08	51
9.30896e-08	51
9.61095e-08	51
9.72368e-08	51
9.94113e-08	51
1.00336e-07	51
1.00522e-07	51
1.01112e-07	51
1.12887e-07	51
1.27082e-07	51
1.31994e-07	51
1.37671e-07	51
1.39243e-07	51
1.39409e-07	51
1.45382e-07	51
1.46346e-07	51
1.47867e-07	51
1.49315e-07	51
1.52377e-07	51
1.53478e-07	51
1.56886e-07	51
1.64219e-07	51
1.66735e-07	51
1.68746e-07	51
1.68875e-07	51
1.76395e-07	51
1.80492e-07	51
1.8303e-07	51
1.83281e-07	51
1.86152e-07	51
1.89178e-07	51
1.92034e-07	51
1.98127e-07	51
2.04546e-07	51
2.12868e-07	51
2.15572e-07	51
2.15689e-07	51
2.18038e-07	51
2.21248e-07	51
2.26976e-07	51
2.30469e-07	51
2.3307e-07	51
2.41617e-07	51
2.45684e-07	51
2.47382e-07	51
2.47675e-07	51
2.49243e-07	51
2.52255e-07	51
2.53405e-07	51
2.53464e-07	51
2.56126e-07	51
2.56997e-07	51
2.58646e-07	51
2.60543e-07	51
2.65972e-07	51
2.7407e-07	51
2.76645e-07	51
2.77551e-07	51
2.82627e-07	51
2.84421e-07	51
2.86091e-07	51
2.91538e-07	51
2.95738e-07	51
2.99106e-07	51
3.00286e-07	51
3.07111e-07	51
3.16847e-07	51
3.26403e-07	51
3.26431e-07	51
3.31432e-07	51
3.31506e-07	51
3.38715e-07	51
3.40545e-07	51
3.47819e-07	51
3.61754e-07	51
3.81759e-07	51
3.85661e-07	51
3.92604e-07	51
3.93304e-07	51
4.32157e-07	51
4.38897e-07	51
4.40565e-07	51
4.47299e-07	51
4.7165e-07	51
4.80513e-07	51
4.85617e-07	51
5.6046e-07	51
5.62221e-07	51
5.63808e-07	51
5.68716e-07	51
5.72178e-07	51
5.73946e-07	51
5.87978e-07	51
6.52657e-07	51
6.55184e-07	51
6.57266e-07	51
6.83856e-07	51
6.95045e-07	51
7.11122e-07	51
7.19763e-07	51
7.21742e-07	51
7.28261e-07	51
7.30651e-07	51
7.33113e-07	51
7.50035e-07	51
7.8244e-07	51
8.02355e-07	51
8.14962e-07	51
8.17785e-07	51
8.37007e-07	51
8.38347e-07	51
8.62508e-07	51
8.72198e-07	51
9.00882e-07	51
9.06571e-07	51
9.20888e-07	51
9.29249e-07	51
9.62471e-07	51
9.83009e-07	51
9.9918e-07	51
1.0092e-06	51
1.0167e-06	51
1.01911e-06	51
1.04238e-06	51
1.05453e-06	51
1.07914e-06	51
1.08146e-06	51
1.08339e-06	51
1.10936e-06	51
1.14915e-06	51
1.1572e-06	51
1.16698e-06	51
1.16877e-06	51
1.17958e-06	51
1.18474e-06	51
1.20994e-06	51
1.21452e-06	51
1.2281e-06	51
1.23295e-06	51
1.23935e-06	51
1.25007e-06	51
1.25489e-06	51
1.25615e-06	51
1.27136e-06	51
1.27233e-06	51
1.28783e-06	51
1.29206e-06	51
1.29807e-06	51
1.33252e-06	51
1.35604e-06	51
1.36684e-06	51
1.38266e-06	51
1.38599e-06	51
1.39768e-06	51
1.39828e-06	51
1.41669e-06	51
1.43237e-06	51
1.46339e-06	51
1.49286e-06	51
1.49316e-06	51
1.5125e-06	51
1.52925e-06	51
1.52995e-06	51
1.53345e-06	51
1.53714e-06	51
1.53958e-06	51
1.54881e-06	51
1.55284e-06	51
1.56999e-06	51
1.57563e-06	51
1.59907e-06	51
1.63384e-06	51
1.6643e-06	51
1.67418e-06	51
1.67635e-06	51
1.70084e-06	51
1.70575e-06	51
1.75807e-06	51
1.7625e-06	51
1.7656e-06	51
1.78076e-06	51
1.78468e-06	51
1.84352e-06	51
1.8471e-06	51
1.87148e-06	51
1.88651e-06	51
1.92346e-06	51
1.92614e-06	51
1.98451e-06	51
2.02293e-06	51
2.08262e-06	51
2.12039e-06	51
2.16821e-06	51
2.19678e-06	51
2.22582e-06	51
2.28115e-06	51
2.29745e-06	51
2.33164e-06	51
2.34004e-06	51
2.34829e-06	51
2.43046e-06	51
2.44993e-06	51
2.45839e-06	51
2.46132e-06	51
2.48151e-06	51
2.48281e-06	51
2.49996e-06	51
2.54089e-06	51
2.62582e-06	51
2.64656e-06	51
2.75163e-06	51
2.76303e-06	51
2.76839e-06	51
2.78388e-06	51
2.8225e-06	51
2.82632e-06	51
2.85209e-06	51
2.86101e-06	51
3.03698e-06	51
3.03951e-06	51
3.04591e-06	51
3.08072e-06	51
3.12003e-06	51
3.19101e-06	51
3.20748e-06	51
3.29809e-06	51
3.50447e-06	51
3.51509e-06	51
3.75785e-06	51
3.76218e-06	51
3.78751e-06	51
3.79624e-06	51
3.80071e-06	51
3.82095e-06	51
3.82433e-06	51
3.82532e-06	51
3.88179e-06	51
3.93009e-06	51
3.97285e-06	51
4.04175e-06	51
4.13831e-06	51
4.26503e-06	51
4.27177e-06	51
4.27607e-06	51
4.28087e-06	51
4.37972e-06	51
4.56325e-06	51
4.62771e-06	51
4.64137e-06	51
4.69025e-06	51
4.80399e-06	51
4.83272e-06	51
4.84755e-06	51
4.9159e-06	51
5.20947e-06	51
5.25912e-06	51
5.28722e-06	51
5.38851e-06	51
5.40302e-06	51
5.73297e-06	51
5.76277e-06	51
5.78013e-06	51
5.9512e-06	51
6.00954e-06	51
6.12598e-06	51
6.253e-06	51
6.27879e-06	51
6.41761e-06	51
6.46589e-06	51
6.49626e-06	51
6.51075e-06	51
6.66734e-06	51
6.72376e-06	51
6.79413e-06	51
7.02848e-06	51
7.0389e-06	51
7.06558e-06	51
7.08469e-06	51
7.10801e-06	51
7.15068e-06	51
7.45833e-06	51
7.4742e-06	51
7.5654e-06	51
7.62493e-06	51
7.69538e-06	51
8.04997e-06	51
8.06503e-06	51
8.18923e-06	51
8.26081e-06	51
8.35332e-06	51
8.35344e-06	51
8.63127e-06	51
8.65996e-06	51
8.89936e-06	51
8.97219e-06	51
8.97886e-06	51
9.05933e-06	51
9.1409e-06	51
9.19968e-06	51
9.23566e-06	51
9.26978e-06	51
9.2851e-06	51
9.3287e-06	51
9.37148e-06	51
9.49229e-06	51
9.51629e-06	51
9.60676e-06	51
9.70494e-06	51
9.7235e-06	51
9.76447e-06	51
9.86149e-06	51
9.91378e-06	51
1.01101e-05	51
1.01563e-05	51
1.01615e-05	51
1.01625e-05	51
1.04926e-05	51
1.07181e-05	51
1.07979e-05	51
1.08657e-05	51
1.11784e-05	51
1.14674e-05	51
1.15625e-05	51
1.15734e-05	51
1.16005e-05	51
1.1626e-05	51
1.17742e-05	51
1.191e-05	51
1.22615e-05	51
1.23737e-05	51
1.24026e-05	51
1.24076e-05	51
1.24174e-05	51
1.2455e-05	51
1.24786e-05	51
1.25343e-05	51
1.25698e-05	51
1.26433e-05	51
1.26592e-05	51
1.28243e-05	51
1.30106e-05	51
1.30128e-05	51
1.30366e-05	51
1.31673e-05	51
1.31954e-05	51
1.3209e-05	51
1.33102e-05	51
1.34912e-05	51
1.37517e-05	51
1.39294e-05	51
1.40862e-05	51
1.41186e-05	51
1.47645e-05	51
1.47839e-05	51
1.48266e-05	51
1.5102e-05	51
1.51369e-05	51
1.51879e-05	51
1.52082e-05	51
1.52328e-05	51
1.53552e-05	51
1.54563e-05	51
1.55784e-05	51
1.55794e-05	51
1.56739e-05	51
1.58641e-05	51
1.59796e-05	51
1.61445e-05	51
1.63283e-05	51
1.65399e-05	51
1.6641e-05	51
1.68149e-05	51
1.68623e-05	51
1.68732e-05	51
1.69045e-05	51
1.70801e-05	51
1.72514e-05	51
1.73524e-05	51
1.73984e-05	51
1.74515e-05	51
1.74522e-05	51
1.7477e-05	51
1.75875e-05	51
1.79051e-05	51
1.8104e-05	51
1.81405e-05	51
1.82815e-05	51
1.83085e-05	51
1.84531e-05	51
1.84849e-05	51
1.85162e-05	51
1.85943e-05	51
1.86128e-05	51
1.8615e-05	51
1.86255e-05	51
1.86482e-05	51
1.91204e-05	51
1.91251e-05	51
1.91883e-05	51
1.92529e-05	51
1.94013e-05	51
1.94816e-05	51
1.95177e-05	51
1.96526e-05	51
1.97015e-05	51
1.97234e-05	51
1.97609e-05	51
2.00032e-05	51
2.00274e-05	51
2.00911e-05	51
2.01437e-05	51
2.04473e-05	51
2.07717e-05	51
2.08408e-05	51
2.08996e-05	51
2.10091e-05	51
2.12132e-05	51
2.12764e-05	51
2.13985e-05	51
2.14401e-05	51
2.14418e-05	51
2.14475e-05	51
2.15445e-05	51
2.17123e-05	51
2.17881e-05	51
2.1874e-05	51
2.18789e-05	51
2.19834e-05	51
2.20769e-05	51
2.21581e-05	51
2.21622e-05	51
2.21831e-05	51
2.2208e-05	51
2.22132e-05	51
2.22251e-05	51
2.228e-05	51
2.23864e-05	51
2.25081e-05	51
2.2544e-05	51
2.25645e-05	51
2.25855e-05	51
2.27227e-05	51
2.28552e-05	51
2.31404e-05	51
2.32611e-05	51
2.34053e-05	51
2.37485e-05	51
2.37993e-05	51
2.39074e-05	51
2.39268e-05	51
2.40217e-05	51
2.43352e-05	51
2.44177e-05	51
2.44517e-05	51
2.4464e-05	51
2.45249e-05	51
2.46649e-05	51
2.46698e-05	51
2.46897e-05	51
2.47381e-05	51
2.47804e-05	51
2.48241e-05	51
2.48402e-05	51
2.48519e-05	51
2.50501e-05	51
2.51713e-05	51
2.5191e-05	51
2.54374e-05	51
2.5605e-05	51
2.56052e-05	51
2.57093e-05	51
2.57643e-05	51
2.57843e-05	51
2.584e-05	51
2.58628e-05	51
2.59055e-05	51
2.60605e-05	51
2.62345e-05	51
2.62614e-05	51
2.6299e-05	51
2.63216e-05	51
2.63783e-05	51
2.64592e-05	51
2.66092e-05	51
2.66403e-05	51
2.66967e-05	51
2.68725e-05	51
2.69218e-05	51
2.69828e-05	51
2.69984e-05	51
2.724e-05	51
2.72507e-05	51
2.73158e-05	51
2.75036e-05	51
2.75364e-05	51
2.75903e-05	51
2.77259e-05	51
2.7779e-05	51
2.79674e-05	51
2.81495e-05	51
2.82704e-05	51
2.84432e-05	51
2.85846e-05	51
2.87315e-05	51
2.88819e-05	51
2.90237e-05	51
2.92874e-05	51
2.93258e-05	51
3.00127e-05	51
3.00294e-05	51
3.00516e-05	51
3.00596e-05	51
3.02153e-05	51
3.04168e-05	51
3.0432e-05	51
3.05813e-05	51
3.06179e-05	51
3.06774e-05	51
3.0801e-05	51
3.09635e-05	51
3.10398e-05	51
3.14147e-05	51
3.18049e-05	51
3.18442e-05	51
3.19096e-05	51
3.21216e-05	51
3.21995e-05	51
3.24465e-05	51
3.26654e-05	51
3.27404e-05	51
3.27418e-05	51
3.28978e-05	51
3.29917e-05	51
3.31366e-05	51
3.31739e-05	51
3.34094e-05	51
3.37363e-05	51
3.37733e-05	51
3.38197e-05	51
3.38367e-05	51
3.38574e-05	51
3.39355e-05	51
3.40788e-05	51
3.40934e-05	51
3.41296e-05	51
3.42341e-05	51
3.43713e-05	51
3.43759e-05	51
3.44388e-05	51
3.44773e-05	51
3.45021e-05	51
3.45093e-05	51
3.4582e-05	51
3.46385e-05	51
3.47336e-05	51
3.47914e-05	51
3.48484e-05	51
3.49886e-05	51
3.4994e-05	51
3.51088e-05	51
3.52453e-05	51
3.52917e-05	51
3.53362e-05	51
3.59246e-05	51
3.60195e-05	51
3.62879e-05	51
3.6418e-05	51
3.67243e-05	51
3.68353e-05	51
3.68548e-05	51
3.68818e-05	51
3.69476e-05	51
3.69732e-05	51
3.70852e-05	51
3.73568e-05	51
3.75979e-05	51
3.77145e-05	51
3.79419e-05	51
3.82657e-05	51
3.83445e-05	51
3.83854e-05	51
3.84264e-05	51
3.85629e-05	51
3.87148e-05	51
3.88607e-05	51
3.91516e-05	51
3.94208e-05	51
3.95925e-05	51
3.96031e-05	51
3.97802e-05	51
3.98546e-05	51
4.01998e-05	51
4.02019e-05	51
4.03622e-05	51
4.04525e-05	51
4.0811e-05	51
4.09079e-05	51
4.09088e-05	51
4.09183e-05	51
4.09223e-05	51
4.0971e-05	51
4.11519e-05	51
4.11757e-05	51
4.13565e-05	51
4.13854e-05	51
4.16532e-05	51
4.16797e-05	51
4.18963e-05	51
4.1995e-05	51
4.20073e-05	51
4.21289e-05	51
4.23138e-05	51
4.23548e-05	51
4.29163e-05	51
4.29455e-05	51
4.30774e-05	51
4.31136e-05	51
4.32021e-05	51
4.34602e-05	51
4.35302e-05	51
4.38655e-05	51
4.38677e-05	51
4.3964e-05	51
4.40498e-05	51
4.44746e-05	51
4.44905e-05	51
4.45119e-05	51
4.45395e-05	51
4.45486e-05	51
4.45779e-05	51
4.46639e-05	51
4.48502e-05	51
4.48915e-05	51
4.49732e-05	51
4.49985e-05	51
4.50804e-05	51
4.51176e-05	51
4.52644e-05	51
4.52985e-05	51
4.53671e-05	51
4.54292e-05	51
4.54581e-05	51
4.5698e-05	51
4.58256e-05	51
4.58571e-05	51
4.58592e-05	51
4.59579e-05	51
4.60661e-05	51
4.61663e-05	51
4.7033e-05	51
4.70715e-05	51
4.71779e-05	51
4.72665e-05	51
4.72996e-05	51
4.73154e-05	51
4.75655e-05	51
4.76475e-05	51
4.7739e-05	51
4.78883e-05	51
4.7979e-05	51
4.82507e-05	51
4.84199e-05	51
4.84588e-05	51
4.84849e-05	51
4.86489e-05	51
4.89807e-05	51
4.90953e-05	51
4.93494e-05	51
4.95514e-05	51
4.96112e-05	51
4.96905e-05	51
4.97866e-05	51
4.98829e-05	51
4.991e-05	51
4.99247e-05	51
5.00155e-05	51
5.02327e-05	51
5.03517e-05	51
5.04464e-05	51
5.0751e-05	51
5.09126e-05	51
5.09877e-05	51
5.11567e-05	51
5.12963e-05	51
5.1599e-05	51
5.18459e-05	51
5.19629e-05	51
5.19633e-05	51
5.20977e-05	51
5.21031e-05	51
5.21613e-05	51
5.22254e-05	51
5.22447e-05	51
5.22863e-05	51
5.24102e-05	51
5.2627e-05	51
5.26577e-05	51
5.2685e-05	51
5.32526e-05	51
5.33076e-05	51
5.35994e-05	51
5.36248e-05	51
5.36932e-05	51
5.38986e-05	51
5.40168e-05	51
5.42343e-05	51
5.42593e-05	51
5.42717e-05	51
5.44734e-05	51
5.46427e-05	51
5.47259e-05	51
5.4856e-05	51
5.50731e-05	51
5.53426e-05	51
5.54489e-05	51
5.55437e-05	51
5.59845e-05	51
5.61851e-05	51
5.65905e-05	51
5.67127e-05	51
5.69787e-05	51
5.71221e-05	51
5.81187e-05	51
5.82445e-05	51
5.83914e-05	51
5.84231e-05	51
5.85873e-05	51
5.86008e-05	51
5.88079e-05	51
5.89433e-05	51
5.89462e-05	51
5.8993e-05	51
5.9046e-05	51
5.92775e-05	51
5.95842e-05	51
5.97514e-05	51
5.98302e-05	51
6.0031e-05	51
6.01531e-05	51
6.03534e-05	51
6.06094e-05	51
6.06538e-05	51
6.06777e-05	51
6.08184e-05	51
6.09757e-05	51
6.10032e-05	51
6.14225e-05	51
6.14297e-05	51
6.16606e-05	51
6.16615e-05	51
6.18151e-05	51
6.19768e-05	51
6.23209e-05	51
6.24362e-05	51
6.24737e-05	51
6.25751e-05	51
6.26608e-05	51
6.28183e-05	51
6.28237e-05	51
6.29339e-05	51
6.30137e-05	51
6.31616e-05	51
6.33211e-05	51
6.33551e-05	51
6.35343e-05	51
6.38228e-05	51
6.38996e-05	51
6.42003e-05	51
6.45158e-05	51
6.49758e-05	51
6.5035e-05	51
6.51102e-05	51
6.53772e-05	51
6.55834e-05	51
6.56031e-05	51
6.575e-05	51
6.62315e-05	51
6.63508e-05	51
6.64142e-05	51
6.662e-05	51
6.68425e-05	51
6.74715e-05	51
6.75736e-05	51
6.76031e-05	51
6.76404e-05	51
6.79536e-05	51
6.81276e-05	51
6.82984e-05	51
6.87083e-05	51
6.87202e-05	51
6.87329e-05	51
6.87691e-05	51
6.94035e-05	51
7.02682e-05	51
7.02947e-05	51
7.04317e-05	51
7.04386e-05	51
7.07462e-05	51
7.07834e-05	51
7.1745e-05	51
7.19957e-05	51
7.20275e-05	51
7.20315e-05	51
7.23571e-05	51
7.28414e-05	51
7.33788e-05	51
7.35315e-05	51
7.37484e-05	51
7.40334e-05	51
7.43479e-05	51
7.45538e-05	51
7.50466e-05	51
7.51934e-05	51
7.5676e-05	51
7.56812e-05	51
7.58821e-05	51
7.59669e-05	51
7.59964e-05	51
7.60178e-05	51
7.60918e-05	51
7.61527e-05	51
7.6379e-05	51
7.63897e-05	51
7.65687e-05	51
7.66062e-05	51
7.71447e-05	51
7.73447e-05	51
7.74644e-05	51
7.79229e-05	51
7.80653e-05	51
7.80663e-05	51
7.82944e-05	51
7.84254e-05	51
7.84455e-05	51
7.84619e-05	51
7.91298e-05	51
7.93851e-05	51
7.97856e-05	51
7.98828e-05	51
7.99065e-05	51
7.99541e-05	51
8.01275e-05	51
8.03963e-05	51
8.05185e-05	51
8.09245e-05	51
8.0942e-05	51
8.09771e-05	51
8.10939e-05	51
8.10939e-05	51
8.12026e-05	51
8.12628e-05	51
8.12722e-05	51
8.1585e-05	51
8.16527e-05	51
8.20795e-05	51
8.22043e-05	51
8.3134e-05	51
8.31441e-05	51
8.34163e-05	51
8.34649e-05	51
8.35859e-05	51
8.38493e-05	51
8.39135e-05	51
8.39694e-05	51
8.43029e-05	51
8.43455e-05	51
8.46791e-05	51
8.49164e-05	51
8.51292e-05	51
8.53015e-05	51
8.54578e-05	51
8.58414e-05	51
8.64581e-05	51
8.70712e-05	51
8.72988e-05	51
8.74397e-05	51
8.77849e-05	51
8.78989e-05	51
8.82468e-05	51
8.85322e-05	51
8.90333e-05	51
8.90711e-05	51
8.91573e-05	51
8.9233e-05	51
8.94985e-05	51
8.99025e-05	51
8.99497e-05	51
9.00054e-05	51
9.00861e-05	51
9.02161e-05	51
9.06687e-05	51
9.07967e-05	51
9.08517e-05	51
9.1242e-05	51
9.13052e-05	51
9.13417e-05	51
9.16807e-05	51
9.1985e-05	51
9.23158e-05	51
9.24001e-05	51
9.24088e-05	51
9.26568e-05	51
9.27766e-05	51
9.29275e-05	51
9.38739e-05	51
9.40018e-05	51
9.41e-05	51
9.44266e-05	51
9.44701e-05	51
9.47935e-05	51
9.49481e-05	51
9.4953e-05	51
9.50253e-05	51
9.50947e-05	51
9.51713e-05	51
9.55769e-05	51
9.57288e-05	51
9.6034e-05	51
9.62019e-05	51
9.66326e-05	51
9.66628e-05	51
9.68338e-05	51
9.72545e-05	51
9.73254e-05	51
9.74402e-05	51
9.75789e-05	51
9.75805e-05	51
9.77644e-05	51
9.77983e-05	51
9.79227e-05	51
9.79297e-05	51
9.8335e-05	51
9.83836e-05	51
9.8456e-05	51
9.85403e-05	51
9.88949e-05	51
9.89171e-05	51
9.94028e-05	51
9.94216e-05	51
9.9755e-05	51
9.97801e-05	51
9.98292e-05	51
9.98381e-05	51
0.000100124	51
0.000100135	51
0.000101178	51
0.000101185	51
0.000101293	51
0.000101678	51
0.000101958	51
0.000101978	51
0.000102088	51
0.00010233	51
0.000102355	51
0.000102846	51
0.000103065	51
0.000103117	51
0.000103622	51
0.00010493	51
0.000105068	51
0.000105105	51
0.000106322	51
0.000107703	51
0.000108386	51
0.000108921	51
0.000109616	51
0.000110122	51
0.000110276	51
0.000110318	51
0.000110455	51
0.000110637	51
0.00011084	51
0.000111489	51
0.000111574	51
0.000111779	51
0.00011199	51
0.000112134	51
0.000112225	51
0.000112277	51
0.000112428	51
0.000112567	51
0.000112949	51
0.000113975	51
0.000114066	51
0.000114089	51
0.000114112	51
0.000114298	51
0.000114896	51
0.000114901	51
0.000115886	51
0.000117105	51
0.000117203	51
0.000117757	51
0.000118143	51
0.000118151	51
0.000118826	51
0.00011896	51
0.000119152	51
0.000119367	51
0.000120213	51
0.000120218	51
0.00012056	51
0.000121065	51
0.000121589	51
0.000122238	51
0.000122266	51
0.000122609	51
0.000123292	51
0.000123536	51
0.00012387	51
0.000124652	51
0.000125246	51
0.000125429	51
0.000125557	51
0.000125631	51
0.000125797	51
0.000125927	51
0.000126456	51
0.000127131	51
0.000127389	51
0.000128795	51
0.000129044	51
0.00012962	51
0.000129659	51
0.000129893	51
0.000130122	51
0.000130261	51
0.000130348	51
0.000130917	51
0.000131024	51
0.000131249	51
0.000131604	51
0.000131717	51
0.000132357	51
0.000133162	51
0.000133291	51
0.000134182	51
0.000135168	51
0.000135421	51
0.000136038	51
0.000136056	51
0.000136129	51
0.000136163	51
0.000136574	51
0.000136585	51
0.00013722	51
0.000137598	51
0.000137835	51
0.00013902	51
0.000139181	51
0.00013959	51
0.00013984	51
0.000140008	51
0.000140418	51
0.000141246	51
0.000141361	51
0.000142585	51
0.000142958	51
0.000143127	51
0.000143267	51
0.00014384	51
0.000144378	51
0.000144565	51
0.000144684	51
0.000145138	51
0.000145311	51
0.000145387	51
0.000145617	51
0.000146067	51
0.000146139	51
0.000147006	51
0.000147072	51
0.000147294	51
0.000147597	51
0.000147658	51
0.000147813	51
0.000148431	51
0.000148648	51
0.000148737	51
0.000148949	51
0.000149492	51
0.000149733	51
0.000149909	51
0.000150581	51
0.000150839	51
0.000151771	51
0.000152524	51
0.00015403	51
0.00015419	51
0.000154998	51
0.000155134	51
0.000155988	51
0.000156284	51
0.000157296	51
0.000157923	51
0.000158854	51
0.000158916	51
0.000159311	51
0.000160792	51
0.000161203	51
0.000161673	51
0.000162153	51
0.000162292	51
0.000163046	51
0.000163189	51
0.000163205	51
0.000163356	51
0.000163554	51
0.000163901	51
0.000164411	51
0.000165217	51
0.000165259	51
0.000165273	51
0.000165459	51
0.000165638	51
0.00016584	51
0.000166758	51
0.000166787	51
0.000167109	51
0.0001676	51
0.000169448	51
0.000171603	51
0.000171956	51
0.000172109	51
0.000172964	51
0.000174353	51
0.000176105	51
0.000178223	51
0.000181225	51
0.000182271	51
0.000182317	51
0.00018264	51
0.000183376	51
0.000183944	51
0.000183966	51
0.000185081	51
0.000186361	51
0.000186949	51
0.000188282	51
0.000189103	51
0.000189184	51
0.000190512	51
0.000191417	51
0.000191819	51
0.000191954	51
0.000193064	51
0.000193142	51
0.000193618	51
0.000194231	51
0.000196434	51
0.000197121	51
0.000198107	51
0.000199036	51
0.000199037	51
0.00019968	51
0.00020019	51
0.000200844	51
0.000201565	51
0.000201845	51
0.000201978	51
0.000202597	51
0.000203421	51
0.000207961	51
0.000209051	51
0.00020966	51
0.000211333	51
0.000212868	51
0.000213169	51
0.000213548	51
0.0002147	51
0.000214883	51
0.000215346	51
0.000215462	51
0.000215776	51
0.000216721	51
0.00021761	51
0.000218727	51
0.000219493	51
0.000219574	51
0.000219617	51
0.000220315	51
0.000220462	51
0.00022087	51
0.00022101	51
0.000222647	51
0.000223365	51
0.000224096	51
0.000225152	51
0.000225739	51
0.000226705	51
0.000227442	51
0.000227829	51
0.000228181	51
0.000229676	51
0.000230599	51
0.000231364	51
0.000232758	51
0.000233289	51
0.000234021	51
0.000234149	51
0.000235459	51
0.000235513	51
0.000236077	51
0.000236789	51
0.000237409	51
0.000237709	51
0.000238224	51
0.000238232	51
0.000239273	51
0.000239768	51
0.000240636	51
0.000241047	51
0.000242744	51
0.000244277	51
0.000245659	51
0.000246062	51
0.000247583	51
0.000248247	51
0.00024841	51
0.000249391	51
0.000250656	51
0.000252217	51
0.000252231	51
0.000252706	51
0.000253886	51
0.000254185	51
0.000256973	51
0.000257328	51
0.000257412	51
0.000257849	51
0.00025797	51
0.000259498	51
0.000261295	51
0.000265853	51
0.000266049	51
0.000266311	51
0.000266491	51
0.00026762	51
0.000268092	51
0.000271688	51
0.000273571	51
0.000273859	51
0.000275431	51
0.000276661	51
0.000279723	51
0.000279938	51
0.000281072	51
0.00028115	51
0.00028277	51
0.000282831	51
0.000283343	51
0.000283615	51
0.000284094	51
0.000284226	51
0.000287424	51
0.000288159	51
0.000290741	51
0.000291118	51
0.00029182	51
0.000304927	51
0.000312612	51
0.000314896	51
0.000315841	51
0.000315901	51
0.000316509	51
0.000316568	51
0.000317984	51
0.000319169	51
0.00032346	51
0.000325686	51
0.000326437	51
0.000327799	51
0.000328572	51
0.000330075	51
0.000332891	51
0.000333495	51
0.000334054	51
0.000338386	51
0.000342649	51
0.000346294	51
0.000346387	51
0.000349279	51
0.000353462	51
0.00035451	51
0.000365208	51
0.000366345	51
0.000366522	51
0.000367102	51
0.000367582	51
0.000368011	51
0.000370209	51
0.000371977	51
0.00037211	51
0.000374828	51
0.000375639	51
0.000379192	51
0.000380163	51
0.000382862	51
0.000383579	51
0.000384198	51
0.000384198	51
0.000384377	51
0.000386534	51
0.000390106	51
0.00039633	51
0.000400362	51
0.000400881	51
0.000403	51
0.00040624	51
0.000414171	51
0.000414249	51
0.000415073	51
0.000418396	51
0.000420323	51
0.000433251	51
0.000435671	51
0.000441003	51
0.000448008	51
0.000449266	51
0.000449541	51
0.00045068	51
0.000455913	51
0.000460991	51
0.000464297	51
0.000467376	51
0.000471037	51
0.000477694	51
0.000482825	51
0.000490188	51
0.000494383	51
0.000495686	51
0.00049901	51
0.000504333	51
0.000507465	51
0.00051021	51
0.000510214	51
0.000513782	51
0.000517716	51
0.000521613	51
0.000534164	51
0.00053532	51
0.000536645	51
0.000541007	51
0.000543563	51
0.000555796	51
0.00055868	51
0.000565075	51
0.000568778	51
0.00056913	51
0.000573937	51
0.000574719	51
0.000581617	51
0.000589877	51
0.000591227	51
0.00060363	51
0.000621333	51
0.000624085	51
0.00062643	51
0.000644932	51
0.000644972	51
0.000645526	51
0.000646541	51
0.000647955	51
0.000653626	51
0.000657567	51
0.000665924	51
0.000678704	51
0.000681389	51
0.000684549	51
0.000699523	51
0.000739851	51
0.000743725	51
0.000745983	51
0.000799157	51
0.000823402	51
0.000833805	51
0.000856259	51
0.000858837	51
0.000902197	51
0.000931974	51
0.000947088	51
0.000963515	51
0.000976844	51
0.00100999	51
0.0010165	51
0.00101713	51
0.00107611	51
0.00109584	51
0.0011057	51
0.00114492	51
0.00128987	51
0.00129009	51
0.00140848	51
0.00146327	51
0.00148538	51
0.00162767	51
0.00175119	51
0.00191782	51
0.00469296	51
0.0046937	51
0.00469393	51
0.00469587	51
0.00469631	51
0.0046993	51
0.00470024	51
0.00470502	51
0.0163574	51
0.0163615	51
0.0163705	51
0.0163773	51
0.0163796	51
0.0163867	51
0.0163881	51
0.0163945	51
0.0163982	51
0.0164014	51
0.0164178	51
0.0164204	51
0.0164207	51
0.0164231	51
0.016428	51
0.0164329	51
0.0164376	51
0.016438	51
0.0164586	51
0.0164586	51
0.0164786	51
0.0164814	51
0.0164853	51
0.0164993	51
0.0165137	51
0.0165151	51
0.0165176	51
0.0165178	51
0.0165241	51
0.0165373	51
0.0165411	51
0.0165426	51
0.0165457	51
0.0165564	51
0.016558	51
0.0165581	51
0.0165803	51
0.0165804	51
0.0165928	51
0.0166047	51
0.0166103	51
0.0166178	51
0.0166398	51
0.0166504	51
0.01669	51
0.0166993	51
0.0167473	51
0.0168023	51
0.0168574	51
0.0169156	51
0.0170541	51
0.0172116	51
0.0174973	51
0.0187267	51
0.0187268	51
0.0187269	51
0.0187271	51
0.0187275	51
0.0187276	51
0.0187276	51
0.0187278	51
0.0187288	51
0.018729	51
0.0187296	51
0.0187297	51
0.01873	51
0.0187302	51
0.0187317	51
0.018732	51
0.018732	51
0.0187322	51
0.0187325	51
0.0187342	51
0.0187396	51
0.0187397	51
0.0187447	51
0.0187552	51
0.0187802	51
0.0187849	51
0.0187933	51
0.0188032	51
0.0188313	51
0.0188351	51
0.01888	51
0.0189069	51
0.0189089	51
0.0189256	51
0.0189369	51
0.0190343	51
0.0244792	51
0.0244792	51
0.0244793	51
0.0244793	51
0.0244793	51
0.0244794	51
0.0244795	51
0.0244796	51
0.0244796	51
0.0244797	51
0.0244797	51
0.0244799	51
0.0244799	51
0.0244799	51
0.0244799	51
0.0244799	51
0.02448	51
0.02448	51
0.0244801	51
0.0244801	51
0.0244802	51
0.0244802	51
0.0244804	51
0.0244804	51
0.0244806	51
0.0244807	51
0.0244808	51
0.0244809	51
0.0244811	51
0.0244812	51
0.0244812	51
0.0244812	51
0.0244813	51
0.0244813	51
0.0244814	51
0.0244814	51
0.0244814	51
0.0244818	51
0.0244819	51
0.0244822	51
0.0244823	51
0.0244825	51
0.0244828	51
0.024483	51
0.0244836	51
0.0244841	51
0.0244842	51
0.0244845	51
0.0244846	51
0.0244847	51
0.0244851	51
0.0244851	51
0.0244863	51
0.0244864	51
0.0244868	51
0.0244876	51
0.0244877	51
0.0244891	51
0.024492	51
0.0244926	51
0.0244936	51
0.0244953	51
0.0244954	51
0.0244984	51
0.0245011	51
0.0245026	51
0.0245033	51
0.0245052	51
0.0245075	51
0.0245185	51
0.024525	51
0.0245287	51
0.0245329	51
0.0245402	51
0.024556	51
0.0245702	51
0.0245819	51
0.0246004	51
0.0246113	51
0.0246138	51
0.0246377	51
0.0246609	51
0.0246682	51
0.0247032	51
0.024704	51
0.0247141	51
0.0247364	51
0.024745	51
0.024882	51
0.0248887	51
0.0249555	51
0.0249594	51
0.0249729	51
0.025078	51
0.0251275	51
0.0254573	51
0.0255401	51
0.0382691	51
0.0382692	51
0.0382692	51
0.0382692	51
0.0382692	51
0.0382693	51
0.0382693	51
0.0382693	51
0.0382693	51
0.0382693	51
0.0382694	51
0.0382695	51
0.0382695	51
0.0382695	51
0.0382695	51
0.0382695	51
0.0382695	51
0.0382695	51
0.0382697	51
0.0382697	51
0.0382697	51
0.0382699	51
0.03827	51
0.03827	51
0.03827	51
0.03827	51
0.0382702	51
0.0382702	51
0.0382703	51
0.0382704	51
0.0382704	51
0.0382704	51
0.0382706	51
0.0382706	51
0.0382708	51
0.038271	51
0.0382712	51
0.0382714	51
0.0382715	51
0.0382715	51
0.0382715	51
0.0382716	51
0.0382718	51
0.0382719	51
0.0382719	51
0.0382721	51
0.0382727	51
0.0382728	51
0.0382729	51
0.0382732	51
0.0382733	51
0.0382733	51
0.0382736	51
0.0382736	51
0.0382761	51
0.0382765	51
0.0382769	51
0.0382773	51
0.0382775	51
0.0382777	51
0.0382802	51
0.0382807	51
0.0382852	51
0.0382866	51
0.0382906	51
0.0382971	51
0.0383049	51
0.0383066	51
0.038308	51
0.0383121	51
0.0383168	51
0.0383224	51
0.0383241	51
0.038325	51
0.038329	51
0.0383378	51
0.038361	51
0.0383647	51
0.038366	51
0.0383777	51
0.0383871	51
0.0383889	51
0.0383924	51
0.0383941	51
0.0383944	51
0.0383981	51
0.0383993	51
0.0384038	51
0.038419	51
0.0384296	51
0.038446	51
0.0384474	51
0.0384534	51
0.0384642	51
0.0384816	51
0.0385053	51
0.0385077	51
0.0385156	51
0.0385197	51
0.0385283	51
0.0385377	51
0.0385396	51
0.038547	51
0.0385522	51
0.0385894	51
0.0385932	51
0.038622	51
0.0386321	51
0.0386791	51
0.0387199	51
0.0387684	51
0.0387772	51
0.0387949	51
0.0389288	51
0.039011	51
0.0390331	51
0.0394022	51
0.0396046	51
0.0398601	51
0.0399209	51
0.0410238	51
0.0420907	51
0.0420908	51
0.0420908	51
0.0420908	51
0.042091	51
0.0420911	51
0.0420914	51
0.0420914	51
0.0420916	51
0.0420921	51
0.0420922	51
0.0420925	51
0.0420927	51
0.0420929	51
0.0420936	51
0.0420938	51
0.0420939	51
0.0420941	51
0.0420946	51
0.042095	51
0.0420953	51
0.0420954	51
0.0420963	51
0.0420963	51
0.0420973	51
0.0420981	51
0.0420984	51
0.0420989	51
0.0420993	51
0.0421031	51
0.0421052	51
0.0421058	51
0.0421246	51
0.0421537	51
0.0421775	51
0.0422196	51
0.0423171	51
0.0423559	51
0.0423623	51
0.0424448	51
0.0424775	51
0.0431208	51
0.0431209	51
0.043121	51
0.0431212	51
0.0431212	51
0.0431212	51
0.0431215	51
0.0431216	51
0.0431218	51
0.0431221	51
0.0431222	51
0.043123	51
0.0431231	51
0.0431231	51
0.0431232	51
0.0431237	51
0.0431238	51
0.0431239	51
0.0431242	51
0.0431243	51
0.0431246	51
0.0431268	51
0.0431269	51
0.0431302	51
0.0431318	51
0.0431337	51
0.043493	51
0.0434934	51
0.0434946	51
0.0434956	51
0.0434967	51
0.043498	51
0.0439394	51
0.0439398	51
0.0439398	51
0.0439408	51
0.0439413	51
0.0439426	51
0.0439472	51
0.0439516	51
0.0439517	51
0.0480783	51
0.0480789	51
0.0480841	51
0.0480864	51
0.0480923	51
0.0481311	51
0.0524449	51
0.0524452	51
0.0524461	51
0.0524465	51
0.052447	51
0.0524472	51
0.0524472	51
0.0524476	51
0.0524483	51
0.0524485	51
0.0524502	51
0.0524505	51
0.052452	51
0.0524572	51
0.0524578	51
0.05246	51
0.0524622	51
0.0524625	51
0.0524648	51
0.0524663	51
0.0524701	51
0.0524714	51
0.0524733	51
0.0524774	51
0.0524787	51
0.0524845	51
0.0524873	51
0.0524907	51
0.0524941	51
0.0524948	51
0.0524962	51
0.0524985	51
0.0525036	51
0.0525044	51
0.0525055	51
0.0525068	51
0.052514	51
0.0525151	51
0.0525168	51
0.0525196	51
0.052527	51
0.0525377	51
0.0525416	51
0.0525465	51
0.0525633	51
0.0526024	51
0.05261	51
0.0526105	51
0.0526142	51
0.0526152	51
0.0526228	51
0.0526278	51
0.0526328	51
0.0526394	51
0.0526531	51
0.052655	51
0.0526615	51
0.0526627	51
0.0526674	51
0.0526768	51
0.0526825	51
0.0526842	51
0.0526862	51
0.0526972	51
0.0527165	51
0.0527284	51
0.0527288	51
0.0527406	51
0.0527515	51
0.052779	51
0.0528133	51
0.0528475	51
0.0528549	51
0.0528766	51
0.0529085	51
0.0529863	51
0.0530108	51
0.0530495	51
0.0530564	51
0.053068	51
0.0531154	51
0.0531401	51
0.0533004	51
0.0535074	51
0.0536517	51
0.053745	51
0.0540745	51
0.0540891	51
0.0541202	51
0.0541242	51
0.0541538	51
0.0541764	51
0.0541834	51
0.054247	51
0.0542519	51
0.0543022	51
0.0543743	51
0.0544003	51
0.0544532	51
0.0545336	51
0.056478	51
0.0564784	51
0.0564845	51
0.0564846	51
0.0565022	51
0.0565448	51
0.0569407	51
0.0569519	51
0.0570593	51
0.0570604	51
0.0570692	51
0.0573157	51
0.058523	51
0.071129	51
0.0711296	51
0.0711348	51
0.0711365	51
0.0711619	51
0.071166	51
0.071167	51
0.0711783	51
0.0711787	51
0.0711971	51
0.071217	51
0.0712475	51
0.0712655	51
0.0713408	51
0.0713456	51
0.0713502	51
0.0713602	51
0.0713734	51
0.0715297	51
0.0715538	51
0.0715882	51
0.0716039	51
0.0716512	51
0.0717402	51
0.0719477	51
0.0719702	51
0.0726352	51
0.0726371	51
0.0742309	51
0.0743597	51
0.0752965	51
0.0753183	51
0.0777165	51
0.0777205	51
0.0777554	51
0.0787534	51
0.0860148	51
0.0860179	51
0.0860195	51
0.0860198	51
0.0860244	51
0.0860247	51
0.0860274	51
0.0860351	51
0.0860364	51
0.0861157	51
0.0862902	51
0.0864825	51
0.0913669	51
0.0913722	51
0.0919856	51
0.0927718	51
0.092909	51
0.105841	51
0.105841	51
0.105841	51
0.105842	51
0.105842	51
0.105845	51
0.105846	51
0.105846	51
0.105846	51
0.105847	51
0.105847	51
0.105854	51
0.105859	51
0.105878	51
0.10588	51
0.105908	51
0.127148	51
0.127148	51
0.12715	51
0.127152	51
0.127153	51
0.127153	51
0.127153	51
0.127154	51
0.127155	51
0.127162	51
0.12733	51
0.136765	51
0.137002	51
0.154618	51
0.154621	51
0.154622	51
0.154625	51
0.154661	51
0.160353	51
0.160355	51
0.16036	51
0.160363	51
0.16041	51
0.163821	51
0.163824	51
0.163831	51
0.163832	51
0.163834	51
0.163835	51
0.163884	51
0.164812	51
0.16512	51
0.171869	51
0.171869	51
0.172492	51
0.173061	51
0.190549	51
0.190551	51
0.190551	51
0.190551	51
0.190552	51
0.190553	51
0.190554	51
0.190563	51
0.190569	51
0.190888	51
0.190898	51
0.191306	51
0.197412	51
0.197415	51
0.197427	51
0.197693	51
0.20207	51
0.202073	51
0.202075	51
0.202081	51
0.202089	51
0.205893	51
0.205893	51
0.20591	51
0.205924	51
0.205976	51
0.205995	51
0.20601	51
0.206022	51
0.210411	51
0.210416	51
0.210432	51
0.210471	51
0.212263	51
0.212266	51
0.21229	51
0.212293	51
0.215686	51
0.231513	51
0.231514	51
0.231515	51
0.231517	51
0.231517	51
0.231521	51
0.231528	51
0.231534	51
0.231537	51
0.23162	51
0.23676	51
0.24067	51
0.240672	51
0.254406	51
0.254408	51
0.254409	51
0.254409	51
0.254419	51
0.254421	51
0.254421	51
0.25444	51
0.254441	51
0.262441	51
0.262443	51
0.263607	51
0.263721	51
0.264689	51
0.276266	51
0.276266	51
0.276267	51
0.276271	51
0.276271	51
0.283843	51
0.283845	51
0.303739	51
0.303739	51
0.303741	51
0.303744	51
0.303744	51
0.303744	51
0.303747	51
0.303749	51
0.30375	51
0.303752	51
0.303755	51
0.303762	51
0.303956	51
0.303957	51
0.304012	51
0.304327	51
0.32423	51
0.324231	51
0.324231	51
0.324248	51
0.324282	51
0.32433	51
0.324389	51
0.327122	51
0.327123	51
0.32713	51
0.327143	51
0.327292	51
0.329202	51
0.329204	51
0.329237	51
0.329315	51
0.332837	51
0.333329	51
0.333329	51
0.333334	51
0.333419	51
0.333977	51
0.333978	51
0.333982	51
0.334197	51
0.336133	51
0.336138	51
0.336144	51
0.336288	51
0.361196	51
0.361196	51
0.361197	51
0.361198	51
0.3612	51
0.361208	51
0.361227	51
0.361235	51
0.363628	51
0.365722	51
0.380025	51
0.380027	51
0.380028	51
0.380038	51
0.380039	51
0.380049	51
0.380057	51
0.380063	51
0.380364	51
0.380862	51
0.380884	51
0.380901	51
0.384443	51
0.392604	51
0.392621	51
0.393537	51
0.393537	51
0.393557	51
0.393745	51
0.416316	51
0.416316	51
0.416316	51
0.416316	51
0.416319	51
0.41632	51
0.416321	51
0.416323	51
0.416336	51
0.426308	51
0.426358	51
0.426433	51
0.43307	51
0.433071	51
0.433077	51
0.433085	51
0.433123	51
0.438134	51
0.43864	51
0.439405	51
0.443572	51
0.443575	51
0.443575	51
0.443579	51
0.44644	51
0.446444	51
0.446492	51
0.44945	51
0.449452	51
0.449458	51
0.449459	51
0.449465	51
0.449483	51
0.450046	51
0.45005	51
0.45007	51
0.463195	51
0.463201	51
0.463204	51
0.463204	51
0.463215	51
0.463277	51
0.468181	51
0.468182	51
0.468292	51
0.478573	51
0.478573	51
0.478574	51
0.478575	51
0.478577	51
0.478579	51
0.478586	51
0.4786	51
0.478639	51
0.479993	51
0.479996	51
0.480052	51
0.480217	51
0.48401	51
0.484013	51
0.484238	51
0.487132	51
0.487134	51
0.487149	51
0.487155	51
0.487202	51
0.494147	51
0.49415	51
0.494153	51
0.494164	51
0.497122	51
0.497124	51
0.497307	51
0.504979	51
0.504985	51
0.504986	51
0.504987	51
0.504988	51
0.50499	51
0.505018	51
0.506099	51
0.506142	51
0.512472	51
0.512472	51
0.512473	51
0.512473	51
0.512477	51
0.512499	51
0.515249	51
0.51525	51
0.515253	51
0.515257	51
0.515281	51
0.517055	51
0.517056	51
0.517082	51
0.553985	51
0.553986	51
0.553987	51
0.553988	51
0.553989	51
0.55399	51
0.553995	51
0.554003	51
0.554016	51
0.571891	51
0.571891	51
0.571892	51
0.57193	51
0.572124	51
0.578602	51
0.578612	51
0.578638	51
0.578749	51
0.580338	51
0.580433	51
0.581184	51
0.581184	51
0.581185	51
0.581204	51
0.581251	51
0.582439	51
0.582439	51
0.582448	51
0.583406	51
0.583412	51
0.5835	51
0.588703	51
0.588703	51
0.599263	51
0.599263	51
0.599264	51
0.599274	51
0.599378	51
0.601848	51
0.601848	51
0.601852	51
0.601855	51
0.601886	51
0.614167	51
0.614168	51
0.614169	51
0.614172	51
0.614174	51
0.614176	51
0.614177	51
0.614178	51
0.614182	51
0.614198	51
0.614358	51
0.622831	51
0.651251	51
0.651252	51
0.651252	51
0.651252	51
0.651256	51
0.65126	51
0.651263	51
0.651264	51
0.651271	51
0.660484	51
0.66049	51
0.661638	51
0.661642	51
0.678017	51
0.678019	51
0.678021	51
0.678021	51
0.678021	51
0.678023	51
0.678025	51
0.678037	51
0.678049	51
0.683344	51
0.683356	51
0.683417	51
0.693445	51
0.693448	51
0.693449	51
0.693449	51
0.69345	51
0.693454	51
0.693456	51
0.693474	51
0.693476	51
0.709094	51
0.709095	51
0.709098	51
0.7091	51
0.709102	51
0.709718	51
0.709922	51
0.734791	51
0.734791	51
0.734791	51
0.734794	51
0.734794	51
0.734804	51
0.73482	51
0.734879	51
0.736694	51
0.736696	51
0.736841	51
0.75696	51
0.756963	51
0.756968	51
0.756982	51
0.75797	51
0.770094	51
0.770111	51
0.770356	51
0.7709	51
0.7709	51
0.770901	51
0.770912	51
0.77097	51
0.77097	51
0.78155	51
0.781551	51
0.781551	51
0.781557	51
0.781561	51
0.781565	51
0.782498	51
0.782498	51
0.7825	51
0.782505	51
0.78253	51
0.789024	51
0.792962	51
0.792963	51
0.792984	51
0.804868	51
0.804869	51
0.804887	51
0.805192	51
0.809342	51
0.809344	51
0.809356	51
0.809361	51
0.809366	51
0.8094	51
0.846313	51
0.846315	51
0.846315	51
0.846318	51
0.846319	51
0.84632	51
0.846323	51
0.846332	51
0.846334	51
0.846341	51
0.846387	51
0.848735	51
0.848758	51
0.851402	51
0.851405	51
0.85159	51
0.856686	51
0.856688	51
0.856721	51
0.863268	51
0.863269	51
0.863271	51
0.863281	51
0.863283	51
0.863705	51
0.863722	51
0.866792	51
0.866806	51
0.866912	51
0.884637	51
0.884637	51
0.884638	51
0.884641	51
0.884642	51
0.884642	51
0.884644	51
0.884645	51
0.884686	51
0.885272	51
0.902599	51
0.902601	51
0.902606	51
0.902655	51
0.927456	51
0.927456	51
0.927457	51
0.927457	51
0.927473	51
0.927713	51
0.927988	51
0.928044	51
0.942101	51
0.942101	51
0.942104	51
0.942109	51
0.94211	51
0.942172	51
0.942526	51
0.942542	51
0.942543	51
0.958342	51
0.958343	51
0.958352	51
0.958415	51
0.972295	51
0.972295	51
0.972298	51
0.972305	51
0.972307	51
0.972411	51
0.978484	51
0.978486	51
0.978502	51
0.979871	51
0.979881	51
0.980038	51
0.980087	51
0.980092	51
0.980097	51
0.98751	51
0.987517	51
0.98753	51
0.987553	51
0.992726	51
0.992739	51
0.992821	51
1.01408	51
1.01408	51
1.01408	51
1.01408	51
1.01409	51
1.01409	51
1.01409	51
1.01409	51
1.01415	51
1.01415	51
1.01415	51
1.02792	51
1.02792	51
1.02793	51
1.02794	51
1.02796	51
1.02808	51
1.06324	51
1.06324	51
1.06324	51
1.06324	51
1.06325	51
1.06326	51
1.07733	51
1.07733	51
1.07733	51
1.07733	51
1.07733	51
1.07736	51
1.08036	51
1.08037	51
1.08038	51
1.08622	51
1.10705	51
1.10705	51
1.10705	51
1.10705	51
1.10705	51
1.10706	51
1.10706	51
1.1071	51
1.12686	51
1.12686	51
1.12686	51
1.12688	51
1.12702	51
1.12767	51
1.12767	51
1.12806	51
1.1414	51
1.14141	51
1.14141	51
1.14158	51
1.15511	51
1.15511	51
1.15511	51
1.15511	51
1.15511	51
1.15511	51
1.15512	51
1.15518	51
1.16218	51
1.16218	51
1.16218	51
1.16219	51
1.16224	51
1.16253	51
1.16362	51
1.16363	51
1.16364	51
1.16365	51
1.17349	51
1.1735	51
1.1735	51
1.17353	51
1.17355	51
1.1832	51
1.1832	51
1.18321	51
1.18321	51
1.18321	51
1.18322	51
1.18802	51
1.18802	51
1.18803	51
1.18804	51
1.21257	51
1.21257	51
1.21257	51
1.21257	51
1.21257	51
1.21259	51
1.21273	51
1.216	51
1.22543	51
1.22543	51
1.22988	51
1.22988	51
1.22988	51
1.22989	51
1.2299	51
1.22994	51
1.23816	51
1.23816	51
1.23816	51
1.23817	51
1.23819	51
1.23821	51
1.24071	51
1.24071	51
1.24071	51
1.24072	51
1.24072	51
1.24075	51
1.24185	51
1.24186	51
1.24187	51
1.24217	51
1.24217	51
1.24219	51
1.2537	51
1.2537	51
1.2537	51
1.25371	51
1.27427	51
1.27427	51
1.27427	51
1.27427	51
1.27436	51
1.28914	51
1.28914	51
1.28914	51
1.28915	51
1.28916	51
1.28916	51
1.28921	51
1.29272	51
1.29272	51
1.29273	51
1.29274	51
1.29575	51
1.29579	51
1.29779	51
1.29779	51
1.30776	51
1.30776	51
1.30777	51
1.30777	51
1.30777	51
1.30778	51
1.3167	51
1.3167	51
1.31671	51
1.31674	51
1.32281	51
1.32281	51
1.32283	51
1.32284	51
1.32411	51
1.32411	51
1.32411	51
1.34326	51
1.34326	51
1.34326	51
1.34327	51
1.34327	51
1.34327	51
1.34327	51
1.34328	51
1.36933	51
1.36933	51
1.36934	51
1.36934	51
1.36934	51
1.36938	51
1.37489	51
1.37491	51
1.375	51
1.38587	51
1.38588	51
1.38589	51
1.38589	51
1.3859	51
1.38602	51
1.39199	51
1.392	51
1.39201	51
1.39201	51
1.39207	51
1.39561	51
1.39562	51
1.39562	51
1.39563	51
1.39575	51
1.40698	51
1.40698	51
1.40698	51
1.40698	51
1.40698	51
1.40699	51
1.40699	51
1.4084	51
1.4084	51
1.40842	51
1.40842	51
1.43276	51
1.43276	51
1.43277	51
1.43277	51
1.43278	51
1.43282	51
1.43536	51
1.43537	51
1.43537	51
1.43538	51
1.44374	51
1.44374	51
1.44375	51
1.44375	51
1.44375	51
1.44375	51
1.44377	51
1.4445	51
1.46307	51
1.46307	51
1.46307	51
1.46307	51
1.46308	51
1.46314	51
1.5002	51
1.5002	51
1.5002	51
1.50021	51
1.50021	51
1.50022	51
1.50023	51
1.50024	51
1.50027	51
1.50874	51
1.50874	51
1.50875	51
1.50882	51
1.52321	51
1.52321	51
1.52321	51
1.52327	51
1.52485	51
1.52485	51
1.52765	51
1.52765	51
1.52769	51
1.52983	51
1.52983	51
1.52983	51
1.52986	51
1.54356	51
1.54356	51
1.54356	51
1.54356	51
1.54358	51
1.54363	51
1.54692	51
1.54694	51
1.54696	51
1.54699	51
1.54718	51
1.54917	51
1.54917	51
1.54918	51
1.5492	51
1.54922	51
1.55244	51
1.55245	51
1.55245	51
1.57008	51
1.57008	51
1.57008	51
1.57009	51
1.5701	51
1.60627	51
1.60627	51
1.60627	51
1.60627	51
1.60627	51
1.60627	51
1.60627	51
1.60627	51
1.60628	51
1.60628	51
1.60629	51
1.62901	51
1.62901	51
1.62902	51
1.62902	51
1.62904	51
1.62905	51
1.65236	51
1.65236	51
1.65236	51
1.65237	51
1.65237	51
1.65237	51
1.65238	51
1.65238	51
1.65239	51
1.65625	51
1.65625	51
1.65629	51
1.65633	51
1.67522	51
1.67522	51
1.67522	51
1.67524	51
1.67526	51
1.67863	51
1.67863	51
1.67873	51
1.684	51
1.68402	51
1.6842	51
1.68526	51
1.68526	51
1.68527	51
1.68538	51
1.69799	51
1.69799	51
1.69799	51
1.70289	51
1.70289	51
1.7029	51
1.7029	51
1.7029	51
1.70824	51
1.70824	51
1.70825	51
1.70825	51
1.70825	51
1.71186	51
1.71187	51
1.71187	51
1.71537	51
1.71538	51
1.71538	51
1.71539	51
1.71586	51
1.7401	51
1.7401	51
1.7401	51
1.7401	51
1.7401	51
1.7401	51
1.74011	51
1.74011	51
1.74011	51
1.77804	51
1.77804	51
1.77804	51
1.77804	51
1.77805	51
1.77805	51
1.77805	51
1.77805	51
1.77807	51
1.77809	51
1.77943	51
1.77944	51
1.77944	51
1.77947	51
1.77958	51
1.79718	51
1.79719	51
1.79721	51
1.79732	51
1.83532	51
1.83532	51
1.83533	51
1.83533	51
1.83533	51
1.83535	51
1.83537	51
1.83769	51
1.83773	51
1.83778	51
1.83781	51
1.83793	51
1.83795	51
1.83812	51
1.83822	51
1.83823	51
1.83824	51
1.83953	51
1.8397	51
1.86606	51
1.86606	51
1.86607	51
1.86607	51
1.86607	51
1.86607	51
1.86619	51
1.87508	51
1.87508	51
1.87509	51
1.87517	51
1.87604	51
1.87604	51
1.87607	51
1.89815	51
1.89815	51
1.89815	51
1.89816	51
1.89818	51
1.89819	51
1.90269	51
1.90269	51
1.90287	51
1.92814	51
1.92814	51
1.92814	51
1.92814	51
1.92814	51
1.92814	51
1.92835	51
1.93884	51
1.93885	51
1.93885	51
1.93885	51
1.93886	51
1.93896	51
1.95034	51
1.95035	51
1.95066	51
1.95122	51
1.95123	51
1.95124	51
1.95131	51
1.95331	51
1.95333	51
1.95337	51
1.95894	51
1.95895	51
1.95897	51
1.95902	51
1.98672	51
1.98672	51
1.98672	51
1.98672	51
1.98672	51
1.98673	51
1.98682	51
2.00405	51
2.00406	51
2.00406	51
2.00406	51
2.00408	51
2.00424	51
2.01444	51
2.01485	51
2.01493	51
2.02002	51
2.02007	51
2.02007	51
2.02722	51
2.02722	51
2.02723	51
2.02723	51
2.02724	51
2.0278	51
2.03873	51
2.03873	51
2.03879	51
2.06566	51
2.06566	51
2.06566	51
2.06566	51
2.06566	51
2.06567	51
2.06568	51
2.06568	51
2.06568	51
2.06574	51
2.06593	51
2.06841	51
2.06844	51
2.06874	51
2.07943	51
2.07948	51
2.07949	51
2.08927	51
2.08927	51
2.08929	51
2.0893	51
2.09088	51
2.09572	51
2.09572	51
2.09573	51
2.09596	51
2.1012	51
2.1012	51
2.10121	51
2.10132	51
2.10382	51
2.10382	51
2.10384	51
2.10385	51
2.10385	51
2.10675	51
2.10675	51
2.10691	51
2.10756	51
2.11462	51
2.11463	51
2.11464	51
2.11465	51
2.11479	51
2.14555	51
2.14555	51
2.14556	51
2.14556	51
2.14556	51
2.14556	51
2.14557	51
2.14559	51
2.14559	51
2.1456	51
2.1456	51
2.14561	51
2.14561	51
2.14587	51
2.14991	51
2.15704	51
2.15704	51
2.15705	51
2.15868	51
2.15868	51
2.15869	51
2.16417	51
2.16418	51
2.16419	51
2.16421	51
2.17513	51
2.17513	51
2.17513	51
2.17514	51
2.17515	51
2.17515	51
2.17525	51
2.17902	51
2.17902	51
2.17902	51
2.17906	51
2.17909	51
2.18894	51
2.18894	51
2.18894	51
2.18894	51
2.18898	51
2.20844	51
2.20844	51
2.20844	51
2.20844	51
2.20845	51
2.20874	51
2.22455	51
2.22455	51
2.22455	51
2.22455	51
2.22456	51
2.22456	51
2.22461	51
2.24416	51
2.24416	51
2.24416	51
2.24416	51
2.24416	51
2.24417	51
2.24419	51
2.26048	51
2.26048	51
2.26049	51
2.26049	51
2.26054	51
2.26738	51
2.26738	51
2.26741	51
2.26744	51
2.26862	51
2.26863	51
2.26863	51
2.27448	51
2.27448	51
2.27449	51
2.29393	51
2.29393	51
2.29393	51
2.29393	51
2.29395	51
2.29396	51
2.29399	51
2.29406	51
2.29721	51
2.29721	51
2.29725	51
2.2974	51
2.30637	51
2.30638	51
2.30638	51
2.30638	51
2.31672	51
2.31672	51
2.31673	51
2.31675	51
2.31675	51
2.31677	51
2.32109	51
2.3211	51
2.32113	51
2.32616	51
2.32617	51
2.32626	51
2.32639	51
2.32644	51
2.32644	51
2.32651	51
2.32853	51
2.32854	51
2.32859	51
2.3359	51
2.33591	51
2.33608	51
2.34184	51
2.34184	51
2.34184	51
2.34205	51
2.34355	51
2.34356	51
2.34357	51
2.34468	51
2.36771	51
2.36772	51
2.36772	51
2.36772	51
2.36772	51
2.36773	51
2.3731	51
2.37311	51
2.37311	51
2.37312	51
2.37312	51
2.37314	51
2.37317	51
2.37669	51
2.37736	51
2.37761	51
2.38254	51
2.38255	51
2.38256	51
2.38256	51
2.39036	51
2.39037	51
2.39039	51
2.39042	51
2.39959	51
2.3996	51
2.39961	51
2.39963	51
2.41451	51
2.41451	51
2.41452	51
2.41452	51
2.41461	51
2.42094	51
2.42096	51
2.42113	51
2.42202	51
2.42202	51
2.42202	51
2.42209	51
2.44028	51
2.44028	51
2.44029	51
2.44029	51
2.44032	51
2.44092	51
2.44583	51
2.44584	51
2.44587	51
2.44596	51
2.45242	51
2.49902	51
2.49902	51
2.49902	51
2.49902	51
2.49902	51
2.49902	51
2.49902	51
2.49904	51
2.49909	51
2.50831	51
2.50831	51
2.50831	51
2.50832	51
2.50832	51
2.50833	51
2.50841	51
2.50926	51
2.51395	51
2.51405	51
2.52509	51
2.5251	51
2.5251	51
2.5251	51
2.52511	51
2.52511	51
2.52892	51
2.52892	51
2.52894	51
2.52894	51
2.53201	51
2.53201	51
2.53209	51
2.53292	51
2.54145	51
2.54146	51
2.54146	51
2.54146	51
2.54147	51
2.55063	51
2.55063	51
2.55064	51
2.55065	51
2.55066	51
2.55071	51
2.57137	51
2.57137	51
2.57138	51
2.57138	51
2.57139	51
2.57147	51
2.57201	51
2.57201	51
2.57202	51
2.57202	51
2.57605	51
2.57606	51
2.57607	51
2.57607	51
2.57608	51
2.57781	51
2.57782	51
2.57786	51
2.58726	51
2.58726	51
2.58727	51
2.58728	51
2.58728	51
2.58731	51
2.59642	51
2.59642	51
2.59642	51
2.59643	51
2.59643	51
2.59652	51
2.59661	51
2.59661	51
2.59697	51
2.59737	51
2.60856	51
2.60861	51
2.62023	51
2.62024	51
2.62026	51
2.62027	51
2.63228	51
2.63229	51
2.6323	51
2.6323	51
2.63231	51
2.63237	51
2.6394	51
2.63941	51
2.63942	51
2.63943	51
2.64644	51
2.64644	51
2.64644	51
2.64645	51
2.64647	51
2.64659	51
2.64741	51
2.64745	51
2.67229	51
2.67229	51
2.67229	51
2.67229	51
2.67229	51
2.67229	51
2.6723	51
2.6723	51
2.6723	51
2.67232	51
2.67235	51
2.67236	51
2.68317	51
2.68317	51
2.68318	51
2.68322	51
2.71668	51
2.71668	51
2.71668	51
2.71668	51
2.71668	51
2.71668	51
2.71668	51
2.7167	51
2.71872	51
2.71872	51
2.71912	51
2.72181	51
2.72181	51
2.72182	51
2.72205	51
2.72818	51
2.72819	51
2.7283	51
2.73572	51
2.73573	51
2.73573	51
2.73574	51
2.73576	51
2.75296	51
2.75297	51
2.75297	51
2.75297	51
2.75298	51
2.75298	51
2.75302	51
2.75304	51
2.76078	51
2.76174	51
2.76175	51
2.76192	51
2.76746	51
2.77595	51
2.77595	51
2.77599	51
2.77614	51
2.78271	51
2.78272	51
2.78273	51
2.78274	51
2.78276	51
2.78529	51
2.78531	51
2.78531	51
2.78532	51
2.78787	51
2.78788	51
2.80221	51
2.80221	51
2.80222	51
2.80222	51
2.80223	51
2.80227	51
2.8032	51
2.81041	51
2.81043	51
2.81044	51
2.81046	51
2.81047	51
2.81941	51
2.81941	51
2.81941	51
2.81943	51
2.81947	51
2.83194	51
2.83196	51
2.83197	51
2.83205	51
2.83215	51
2.83431	51
2.83431	51
2.83432	51
2.83435	51
2.8344	51
2.86746	51
2.86746	51
2.86746	51
2.86746	51
2.86747	51
2.86747	51
2.86747	51
2.86748	51
2.8675	51
2.86752	51
2.86788	51
2.87508	51
2.87509	51
2.87516	51
2.87557	51
2.87563	51
2.87571	51
2.89752	51
2.89752	51
2.89752	51
2.89752	51
2.89753	51
2.89758	51
2.89761	51
2.89961	51
2.89961	51
2.89966	51
2.91504	51
2.91504	51
2.91504	51
2.91504	51
2.91505	51
2.91508	51
2.91574	51
2.91607	51
2.91609	51
2.9169	51
2.92195	51
2.92196	51
2.92196	51
2.92199	51
2.93248	51
2.93248	51
2.93248	51
2.93282	51
2.9403	51
2.94031	51
2.94031	51
2.94033	51
2.944	51
2.944	51
2.944	51
2.944	51
2.94402	51
2.95437	51
2.95439	51
2.95439	51
2.95441	51
2.95441	51
2.95447	51
2.98425	51
2.98426	51
2.98426	51
2.98426	51
2.98428	51
3.00224	51
3.00225	51
3.00225	51
3.00225	51
3.00225	51
3.00226	51
3.00233	51
3.00253	51
3.00938	51
3.00938	51
3.00939	51
3.00939	51
3.0094	51
3.0108	51
3.012	51
3.01201	51
3.01202	51
3.01233	51
3.01424	51
3.01424	51
3.01425	51
3.01425	51
3.02412	51
3.02412	51
3.02412	51
3.02417	51
3.02903	51
3.02903	51
3.02903	51
3.02905	51
3.02906	51
3.03326	51
3.03371	51
3.03597	51
3.03598	51
3.03603	51
3.03662	51
3.03662	51
3.04362	51
3.04362	51
3.04363	51
3.04363	51
3.04365	51
3.04773	51
3.04775	51
3.04809	51
3.04966	51
3.04967	51
3.04973	51
3.06687	51
3.06687	51
3.06687	51
3.06687	51
3.06688	51
3.06688	51
3.0669	51
3.07173	51
3.07173	51
3.07176	51
3.08642	51
3.08643	51
3.08644	51
3.08646	51
3.09596	51
3.09596	51
3.09596	51
3.09596	51
3.09597	51
3.09597	51
3.09601	51
3.10052	51
3.10053	51
3.10053	51
3.10054	51
3.10164	51
3.10166	51
3.1017	51
3.10618	51
3.10619	51
3.10619	51
3.10633	51
3.10993	51
3.10994	51
3.1111	51
3.11111	51
3.11156	51
3.12251	51
3.12251	51
3.12251	51
3.12253	51
3.12272	51
3.14365	51
3.14365	51
3.14365	51
3.14366	51
3.14366	51
3.14366	51
3.14371	51
3.14392	51
3.17024	51
3.17024	51
3.17024	51
3.17024	51
3.17024	51
3.17025	51
3.17027	51
3.17028	51
3.1704	51
3.17056	51
3.17063	51
3.173	51
3.173	51
3.17301	51
3.17338	51
3.17464	51
3.17465	51
3.17572	51
3.17715	51
3.17717	51
3.17718	51
3.1777	51
3.18297	51
3.18299	51
3.18299	51
3.18339	51
3.208	51
3.208	51
3.208	51
3.20801	51
3.20801	51
3.20801	51
3.20807	51
3.20847	51
3.20922	51
3.20922	51
3.20923	51
3.20923	51
3.20967	51
3.21951	51
3.22018	51
3.22255	51
3.22256	51
3.22256	51
3.2228	51
3.2262	51
3.22621	51
3.22623	51
3.22626	51
3.2304	51
3.2539	51
3.2539	51
3.2539	51
3.2539	51
3.2539	51
3.25392	51
3.25392	51
3.25393	51
3.25394	51
3.25395	51
3.25396	51
3.25432	51
3.2547	51
3.255	51
3.25501	51
3.25504	51
3.27332	51
3.27333	51
3.27333	51
3.27334	51
3.27423	51
3.28012	51
3.28012	51
3.28018	51
3.28061	51
3.28061	51
3.28064	51
3.30388	51
3.30388	51
3.30388	51
3.30388	51
3.30388	51
3.30388	51
3.30388	51
3.30389	51
3.30391	51
3.30391	51
3.30437	51
3.3117	51
3.31171	51
3.31172	51
3.31177	51
3.35495	51
3.35495	51
3.35495	51
3.35496	51
3.35496	51
3.35496	51
3.35497	51
3.3553	51
3.36192	51
3.36192	51
3.36192	51
3.36194	51
3.36241	51
3.37431	51
3.37432	51
3.37435	51
3.37458	51
3.3864	51
3.3864	51
3.38642	51
3.38644	51
3.38676	51
3.49326	51
3.49327	51
3.49327	51
3.49327	51
3.49328	51
3.49329	51
3.49329	51
3.49329	51
3.49335	51
3.49369	51
3.50797	51
3.50799	51
3.50799	51
3.56612	51
3.56613	51
3.56613	51
3.56613	51
3.56613	51
3.56613	51
3.56613	51
3.56619	51
3.56627	51
3.56628	51
3.56628	51
3.56633	51
3.56633	51
3.57566	51
3.57567	51
3.57571	51
3.58631	51
3.58631	51
3.58632	51
3.58633	51
3.58634	51
3.61628	51
3.61628	51
3.61629	51
3.61629	51
3.6163	51
3.6163	51
3.61631	51
3.61634	51
3.65458	51
3.65458	51
3.65458	51
3.65458	51
3.65459	51
3.65459	51
3.6546	51
3.6546	51
3.65474	51
3.6561	51
3.65612	51
3.65671	51
3.65727	51
3.65727	51
3.65729	51
3.65934	51
3.65946	51
3.66137	51
3.66702	51
3.66703	51
3.67333	51
3.70558	51
3.70558	51
3.70559	51
3.70559	51
3.70559	51
3.7056	51
3.7056	51
3.70561	51
3.70563	51
3.7057	51
3.70617	51
3.70618	51
3.70619	51
3.70658	51
3.70663	51
3.71025	51
3.71025	51
3.71033	51
3.71262	51
3.71262	51
3.71262	51
3.71262	51
3.71338	51
3.73334	51
3.73334	51
3.73335	51
3.73335	51
3.73337	51
3.73466	51
3.73778	51
3.73778	51
3.73779	51
3.73779	51
3.73789	51
3.74542	51
3.74542	51
3.74542	51
3.74547	51
3.77953	51
3.77954	51
3.77954	51
3.77954	51
3.77954	51
3.77955	51
3.77957	51
3.77961	51
3.77963	51
3.79364	51
3.79365	51
3.79366	51
3.79401	51
3.79546	51
3.79546	51
3.79634	51
3.81368	51
3.81369	51
3.81369	51
3.81369	51
3.81371	51
3.81532	51
3.82406	51
3.82406	51
3.82407	51
3.8241	51
3.82414	51
3.82908	51
3.82908	51
3.82911	51
3.82924	51
3.83207	51
3.83208	51
3.83209	51
3.83213	51
3.83221	51
3.84889	51
3.84889	51
3.8489	51
3.8489	51
3.8489	51
3.84895	51
3.84953	51
3.86007	51
3.86007	51
3.86007	51
3.86007	51
3.86009	51
3.86504	51
3.89191	51
3.89191	51
3.89191	51
3.89191	51
3.89192	51
3.89192	51
3.89193	51
3.89249	51
3.90361	51
3.90361	51
3.90364	51
3.90563	51
3.90564	51
3.90564	51
3.90584	51
3.90592	51
3.91019	51
3.9102	51
3.91021	51
3.91022	51
3.91022	51
3.91262	51
3.91263	51
3.91264	51
3.91267	51
3.91346	51
3.91889	51
3.9189	51
3.92754	51
3.92754	51
3.92754	51
3.92755	51
3.92877	51
3.93042	51
3.93042	51
3.93042	51
3.93065	51
3.94174	51
3.94174	51
3.94176	51
3.94179	51
3.94187	51
3.95493	51
3.95494	51
3.95497	51
3.96347	51
3.96349	51
3.96349	51
3.9635	51
3.96353	51
3.96793	51
3.96805	51
3.97094	51
3.97094	51
3.97195	51
3.97199	51
3.9722	51
3.97264	51
3.97265	51
3.97266	51
3.99454	51
3.99454	51
3.99456	51
3.99456	51
3.99456	51
3.9946	51
3.99603	51
3.99604	51
3.99641	51
3.99921	51
3.99922	51
3.99923	51
3.9993	51
4.00106	51
4.00519	51
4.00519	51
4.00519	51
4.0052	51
4.0052	51
4.0053	51
4.01761	51
4.01761	51
4.01762	51
4.01764	51
4.01792	51
4.02504	51
4.02504	51
4.02504	51
4.02505	51
4.04296	51
4.04297	51
4.04297	51
4.1437	51
4.14371	51
4.14371	51
4.14371	51
4.14371	51
4.14371	51
4.14372	51
4.14373	51
4.14379	51
4.14407	51
4.15287	51
4.15288	51
4.15298	51
4.15338	51
4.15738	51
4.1574	51
4.15742	51
4.15816	51
4.15934	51
4.15935	51
4.15935	51
4.15937	51
4.15937	51
4.16729	51
4.16729	51
4.16729	51
4.16729	51
4.16731	51
4.1676	51
4.21984	51
4.21985	51
4.21985	51
4.21985	51
4.21985	51
4.21985	51
4.21988	51
4.21989	51
4.2208	51
4.22164	51
4.22164	51
4.22199	51
4.25409	51
4.25409	51
4.25413	51
4.25415	51
4.25421	51
4.25712	51
4.25712	51
4.25713	51
4.25716	51
4.25723	51
4.28546	51
4.28546	51
4.28546	51
4.28546	51
4.28546	51
4.28546	51
4.28547	51
4.28547	51
4.28548	51
4.28551	51
4.29498	51
4.29499	51
4.29499	51
4.29501	51
4.29502	51
4.34507	51
4.34508	51
4.34508	51
4.34508	51
4.34508	51
4.34509	51
4.34512	51
4.34513	51
4.34518	51
4.35153	51
4.35154	51
4.35157	51
4.3516	51
4.35174	51
4.35309	51
4.35471	51
4.35471	51
4.35471	51
4.35474	51
4.36435	51
4.36435	51
4.36436	51
4.36443	51
4.36833	51
4.36836	51
4.37141	51
4.37141	51
4.37142	51
4.37898	51
4.37898	51
4.37898	51
4.37899	51
4.379	51
4.37902	51
4.37902	51
4.37915	51
4.38289	51
4.3829	51
4.3829	51
4.38709	51
4.38709	51
4.38711	51
4.38735	51
4.4108	51
4.4108	51
4.41081	51
4.41081	51
4.41081	51
4.41083	51
4.41084	51
4.41095	51
4.4112	51
4.44748	51
4.44748	51
4.44748	51
4.44749	51
4.44749	51
4.44752	51
4.44752	51
4.44753	51
4.44779	51
4.46345	51
4.46345	51
4.46345	51
4.46346	51
4.46346	51
4.4635	51
4.46362	51
4.52688	51
4.52688	51
4.52689	51
4.5269	51
4.5269	51
4.52693	51
4.52694	51
4.52701	51
4.52713	51
4.56494	51
4.56494	51
4.56495	51
4.56496	51
4.56498	51
4.56498	51
4.56501	51
4.56513	51
4.59079	51
4.59079	51
4.5908	51
4.5908	51
4.59081	51
4.59081	51
4.59085	51
4.60813	51
4.60813	51
4.60815	51
4.60817	51
4.61749	51
4.6175	51
4.61754	51
4.65766	51
4.65767	51
4.65767	51
4.65769	51
4.65769	51
4.65773	51
4.65773	51
4.65779	51
4.65878	51
4.65879	51
4.65879	51
4.6588	51
4.6588	51
4.65882	51
4.65885	51
4.66395	51
4.66395	51
4.66395	51
4.66409	51
4.68954	51
4.68954	51
4.68955	51
4.68955	51
4.68956	51
4.69018	51
4.69194	51
4.69194	51
4.69195	51
4.69199	51
4.71847	51
4.71847	51
4.71847	51
4.71848	51
4.7185	51
4.7185	51
4.71864	51
4.73355	51
4.73355	51
4.73355	51
4.73359	51
4.73366	51
4.76449	51
4.76449	51
4.76449	51
4.7645	51
4.7645	51
4.76451	51
4.7651	51
4.76779	51
4.76779	51
4.77643	51
4.77643	51
4.77644	51
4.77645	51
4.77655	51
4.77679	51
4.78656	51
4.78658	51
4.78659	51
4.78677	51
4.83046	51
4.83046	51
4.83046	51
4.83047	51
4.83047	51
4.83048	51
4.83053	51
4.83056	51
4.83078	51
4.86624	51
4.86624	51
4.86624	51
4.86624	51
4.86625	51
4.86627	51
4.86727	51
4.86886	51
4.88727	51
4.88727	51
4.88728	51
4.88743	51
4.88791	51
4.90529	51
4.9053	51
4.9053	51
4.90532	51
4.9059	51
4.95978	51
4.95978	51
4.95978	51
4.95979	51
4.95979	51
4.95979	51
4.95979	51
4.95981	51
4.95983	51
5.01186	51
5.01187	51
5.01188	51
5.01188	51
5.01189	51
5.01191	51
5.01192	51
5.01195	51
5.01202	51
5.02761	51
5.02762	51
5.02762	51
5.02763	51
5.02957	51
5.02959	51
5.02967	51
5.03364	51
5.03364	51
5.03377	51
5.03377	51
5.04193	51
5.04193	51
5.04194	51
5.04194	51
5.04194	51
5.04197	51
5.04615	51
5.04615	51
5.04617	51
5.05516	51
5.05517	51
5.05528	51
5.06397	51
5.06399	51
5.06411	51
5.06898	51
5.06898	51
5.06898	51
5.06899	51
5.06899	51
5.06909	51
5.07898	51
5.07898	51
5.07898	51
5.07899	51
5.079	51
5.07907	51
5.07908	51
5.07934	51
5.09496	51
5.09499	51
5.09502	51
5.09513	51
5.09923	51
5.09923	51
5.09927	51
5.10686	51
5.10687	51
5.10688	51
5.10688	51
5.1069	51
5.10703	51
5.11152	51
5.11153	51
5.14729	51
5.14729	51
5.14729	51
5.1473	51
5.14732	51
5.14734	51
5.14734	51
5.14735	51
5.14741	51
5.16333	51
5.16335	51
5.16342	51
5.16354	51
5.16381	51
5.16486	51
5.16486	51
5.16492	51
5.198	51
5.19801	51
5.19801	51
5.19801	51
5.19801	51
5.19814	51
5.19893	51
5.19894	51
5.19895	51
5.19899	51
5.19905	51
5.20854	51
5.20854	51
5.20855	51
5.20856	51
5.20861	51
5.20895	51
5.21023	51
5.21023	51
5.21023	51
5.21027	51
5.21053	51
5.22142	51
5.22143	51
5.22143	51
5.22143	51
5.22143	51
5.22152	51
5.22247	51
5.2344	51
5.23441	51
5.23441	51
5.23444	51
5.23446	51
5.23479	51
5.24291	51
5.24291	51
5.24292	51
5.24304	51
5.25162	51
5.25162	51
5.25162	51
5.25162	51
5.25237	51
5.27541	51
5.27541	51
5.27542	51
5.27543	51
5.27544	51
5.27597	51
5.31571	51
5.31571	51
5.31572	51
5.31576	51
5.31577	51
5.31577	51
5.31585	51
5.31597	51
5.32298	51
5.32298	51
5.32299	51
5.323	51
5.32309	51
5.32529	51
5.38844	51
5.38844	51
5.38845	51
5.38845	51
5.38846	51
5.38847	51
5.38849	51
5.38851	51
5.38852	51
5.38903	51
5.3982	51
5.3982	51
5.3982	51
5.39826	51
5.42447	51
5.42448	51
5.42448	51
5.42448	51
5.42461	51
5.42463	51
5.42469	51
5.42474	51
5.4248	51
5.42506	51
5.42656	51
5.42785	51
5.44406	51
5.46502	51
5.46503	51
5.46505	51
5.46506	51
5.46516	51
5.46537	51
5.49321	51
5.49321	51
5.49321	51
5.49322	51
5.49322	51
5.49325	51
5.49327	51
5.49495	51
5.50382	51
5.50383	51
5.50383	51
5.50391	51
5.50738	51
5.50739	51
5.50745	51
5.52463	51
5.52463	51
5.52466	51
5.52479	51
5.52493	51
5.53134	51
5.53134	51
5.53135	51
5.53135	51
5.53143	51
5.53144	51
5.55517	51
5.55517	51
5.55517	51
5.55518	51
5.55518	51
5.55518	51
5.55518	51
5.55527	51
5.55528	51
5.55528	51
5.55584	51
5.56556	51
5.56557	51
5.56557	51
5.56562	51
5.56574	51
5.79637	51
5.79638	51
5.79638	51
5.79641	51
5.79642	51
5.79642	51
5.79645	51
5.79648	51
5.79657	51
5.79733	51
5.79734	51
5.79734	51
5.79787	51
5.80622	51
5.82298	51
5.82298	51
5.82298	51
5.82298	51
5.823	51
5.82305	51
5.82309	51
5.82318	51
5.8699	51
5.8699	51
5.8699	51
5.86991	51
5.86991	51
5.86992	51
5.86998	51
5.87	51
5.87019	51
5.87049	51
5.87382	51
5.87409	51
5.87417	51
5.88683	51
5.88685	51
5.88685	51
5.88686	51
5.88692	51
6.16836	51
6.16837	51
6.16838	51
6.16845	51
6.16849	51
6.16851	51
6.16857	51
6.17929	51
6.1793	51
6.17931	51
6.17933	51
6.17957	51
6.18745	51
6.18745	51
6.18746	51
6.1875	51
6.18751	51
6.18783	51
6.18796	51
6.19062	51
6.23581	51
6.23581	51
6.23581	51
6.23587	51
6.23602	51
6.23603	51
6.23627	51
6.23672	51
6.23738	51
7.97946	51
7.9795	51
7.97952	51
7.97953	51
7.97954	51
7.97954	51
7.97961	51
7.97965	51
7.98023	51
7.98076	51
7.99141	51
7.99141	51
7.99141	51
7.99144	51
7.99231	51
8.12478	51
8.12479	51
8.1248	51
8.12481	51
8.12482	51
8.12482	51
8.12486	51
8.12501	51
8.1256	51
8.14736	51
8.14736	51
8.14737	51
8.14793	51
8.14966	51
8.58284	51
8.58286	51
8.58286	51
8.5829	51
8.58291	51
8.58299	51
8.58302	51
8.58378	51
8.58411	51
8.83095	51
8.83095	51
8.83095	51
8.83098	51
8.83101	51
8.83107	51
8.83132	51
8.83477	51
8.83478	51
8.83479	51
8.83481	51
8.83494	51
8.83508	51
8.83552	51
9.33762	51
9.33762	51
9.33763	51
9.33767	51
9.33771	51
9.33773	51
9.33773	51
9.37592	51
9.37592	51
9.37592	51
9.37598	51
9.37599	51
9.37599	51
9.37603	51
9.37605	51
9.37623	51
9.37771	51
9.37832	51
10.4574	51
10.4575	51
10.4575	51
10.4575	51
10.4575	51
10.4575	51
10.4576	51
10.8015	51
10.8015	51
10.8015	51
10.8016	51
10.8016	51
10.8016	51
10.8017	51
10.8021	51
10.8036	51
10.8037	51
11.4959	51
11.4959	51
11.4959	51
11.4959	51
11.4959	51
11.4959	51
11.4962	51
11.8896	51
11.8896	51
11.8896	51
11.8896	51
11.8896	51
11.8896	51
11.8897	51
11.8911	51
11.939	51
11.939	51
11.939	51
11.9391	51
11.9391	51
11.9391	51
11.9391	51
11.9391	51
11.9392	51
11.9392	51
11.9402	51
12.5371	51
12.5371	51
12.5371	51
12.5371	51
12.5372	51
12.5372	51
12.5372	51
12.5372	51
12.5375	51
13.0911	51
13.0911	51
13.0911	51
13.0912	51
13.0912	51
13.0913	51
13.0913	51
13.0915	51
13.0916	51
13.2349	51
13.2349	51
13.2349	51
13.235	51
13.2351	51
13.2352	51
13.2352	51
13.2353	51
13.2356	51
13.3762	51
13.3762	51
13.3763	51
13.3763	51
13.3763	51
13.3766	51
13.3766	51
13.3767	51
13.3771	51
13.3774	51
13.6303	51
13.6304	51
13.6304	51
13.6304	51
13.6304	51
13.6305	51
13.6307	51
13.631	51
13.6311	51
13.8132	51
13.8132	51
13.8132	51
13.8132	51
13.8133	51
13.8133	51
13.8134	51
13.8138	51
13.814	51
14.1309	51
14.1309	51
14.1309	51
14.131	51
14.131	51
14.131	51
14.1311	51
14.1317	51
14.1325	51
14.1336	51
14.7358	51
14.7359	51
14.7359	51
14.7359	51
14.736	51
14.7361	51
14.7361	51
14.7361	51
14.7375	51
16.8227	51
16.8228	51
16.8228	51
16.8228	51
16.8228	51
16.8228	51
16.823	51
16.823	51
16.8236	51
16.8983	51
16.8983	51
16.8983	51
16.8983	51
16.8983	51
16.8983	51
16.8983	51
16.899	51
16.8992	51
16.8994	51
18.6932	51
18.6932	51
18.6932	51
18.6932	51
18.6932	51
18.6932	51
18.6932	51
18.6934	51
18.6947	51
18.7373	51
18.7373	51
18.7373	51
18.7374	51
18.7374	51
18.7374	51
18.7376	51
18.7379	51
18.7389	51
20.0323	51
20.0323	51
20.0323	51
20.0323	51
20.0323	51
20.0323	51
20.0324	51
20.0325	51
20.0335	51
20.1628	51
20.1629	51
20.1629	51
20.1629	51
20.1629	51
20.1631	51
20.1632	51
20.1633	51
20.1635	51
20.3451	51
20.3452	51
20.3452	51
20.3452	51
20.3452	51
20.3454	51
20.3456	51
21.1891	51
21.1891	51
21.1891	51
21.1891	51
21.1892	51
21.1893	51
21.1893	51
21.1894	51
21.1895	51
22.3607	51
22.3607	51
22.3607	51
22.3608	51
22.3608	51
22.3609	51
22.361	51
22.361	51
22.3611	51
22.3611	51
23.3465	51
23.3465	51
23.3465	51
23.3465	51
23.3466	51
23.3467	51
23.3467	51
23.3487	51
23.349	51
23.8794	51
23.8794	51
23.8795	51
23.8795	51
23.8795	51
23.8795	51
23.8798	51
23.8798	51
23.8804	51
24.3265	51
24.3265	51
24.3265	51
24.3265	51
24.3265	51
24.3265	51
24.3265	51
24.3266	51
24.3269	51
24.7814	51
24.7814	51
24.7814	51
24.7814	51
24.7814	51
24.7815	51
24.7815	51
25.181	51
25.181	51
25.181	51
25.1811	51
25.1811	51
25.1811	51
25.1812	51
25.1814	51
25.7209	51
25.7209	51
25.7209	51
25.7209	51
25.721	51
25.721	51
25.721	51
25.721	51
25.7211	51
25.7225	51
26.773	51
26.7731	51
26.7731	51
26.7731	51
26.7731	51
26.7732	51
26.7734	51
26.7735	51
26.7739	51
27.0577	51
27.0577	51
27.0577	51
27.0579	51
27.0579	51
27.0579	51
27.0579	51
28.7652	51
28.7652	51
28.7652	51
28.7653	51
28.7653	51
28.7653	51
28.7655	51
28.7655	51
28.7659	51
28.7661	51
28.7663	51
28.7837	51
28.7838	51
28.889	51
28.889	51
28.889	51
28.889	51
28.889	51
28.889	51
28.889	51
28.8893	51
28.8897	51
28.8904	51
28.8919	51
28.8924	51
29.4451	51
29.4452	51
29.4452	51
29.4452	51
29.4452	51
29.4453	51
29.4455	51
29.4462	51
29.4469	51
29.4475	51
30.514	51
30.5141	51
30.5141	51
30.5141	51
30.5141	51
30.5141	51
30.5145	51
30.5147	51
30.5153	51
30.5159	51
31.1109	51
31.1109	51
31.1109	51
31.111	51
31.111	51
31.1111	51
31.1111	51
31.1111	51
31.112	51
31.4161	51
31.4161	51
31.4161	51
31.4161	51
31.4162	51
31.4163	51
31.4163	51
31.8775	51
31.8776	51
31.8776	51
31.8777	51
31.8777	51
31.8778	51
31.8778	51
31.8778	51
31.8779	51
31.884	51
32.0276	51
32.0276	51
32.0277	51
32.0277	51
32.0277	51
32.0277	51
32.028	51
32.0286	51
32.0291	51
32.03	51
32.9552	51
32.9552	51
32.9552	51
32.9552	51
32.9553	51
32.9554	51
32.9554	51
32.9561	51
32.9563	51
33.2923	51
33.2924	51
33.2924	51
33.2924	51
33.2924	51
33.2925	51
33.2925	51
33.2927	51
33.2936	51
33.6139	51
33.6139	51
33.6139	51
33.614	51
33.614	51
33.6141	51
33.6141	51
34.0745	51
34.0745	51
34.0746	51
34.0746	51
34.0746	51
34.0747	51
34.0747	51
34.0749	51
34.3061	51
34.3062	51
34.3062	51
34.3062	51
34.3062	51
34.3063	51
34.3063	51
34.3063	51
35.1647	51
35.1647	51
35.1647	51
35.1647	51
35.1648	51
35.1648	51
35.1649	51
35.165	51
35.1653	51
35.1663	51
35.403	51
35.403	51
35.403	51
35.403	51
35.4031	51
35.4031	51
35.4031	51
35.4032	51
35.4033	51
35.4043	51
35.5633	51
35.5633	51
35.5633	51
35.5633	51
35.5633	51
35.5633	51
35.5635	51
35.5638	51
35.565	51
35.9619	51
35.962	51
35.962	51
35.962	51
35.962	51
35.962	51
35.9622	51
36.0359	51
36.0359	51
36.0359	51
36.036	51
36.0361	51
36.0361	51
36.0361	51
36.0372	51
36.0376	51
36.0382	51
36.091	51
36.091	51
36.091	51
36.091	51
36.091	51
36.0912	51
36.0912	51
36.0917	51
36.0926	51
36.9894	51
36.9894	51
36.9894	51
36.9895	51
36.9896	51
36.9896	51
36.9896	51
37.106	51
37.106	51
37.106	51
37.106	51
37.1061	51
37.1062	51
37.1062	51
37.1063	51
37.1074	51
37.1074	51
38.0765	51
38.0766	51
38.0766	51
38.0766	51
38.0766	51
38.0766	51
38.0768	51
38.0777	51
38.0783	51
38.1355	51
38.1355	51
38.1355	51
38.1356	51
38.1356	51
38.1356	51
38.1358	51
38.1358	51
38.1361	51
38.878	51
38.8781	51
38.8781	51
38.8781	51
38.8781	51
38.8782	51
38.8784	51
38.8786	51
38.8797	51
39.0468	51
39.0468	51
39.0468	51
39.0469	51
39.047	51
39.047	51
39.0471	51
39.0472	51
39.0477	51
39.0478	51
39.5514	51
39.5514	51
39.5514	51
39.5514	51
39.5515	51
39.5516	51
39.5516	51
39.5516	51
39.5517	51
39.5531	51
39.7613	51
39.7613	51
39.7613	51
39.7614	51
39.7614	51
39.7614	51
39.7615	51
39.7616	51
39.7644	51
40.0393	51
40.0393	51
40.0393	51
40.0393	51
40.0393	51
40.0394	51
40.0394	51
40.0396	51
40.04	51
40.0405	51
40.0415	51
40.4491	51
40.4491	51
40.4491	51
40.4491	51
40.4491	51
40.4491	51
40.4493	51
40.4493	51
40.9539	51
40.9539	51
40.9539	51
40.954	51
40.954	51
40.954	51
40.9543	51
40.9553	51
40.9563	51
40.9563	51
40.9563	51
40.957	51
40.9576	51
41.1608	51
41.1608	51
41.1609	51
41.1609	51
41.1609	51
41.1609	51
41.161	51
41.8493	51
41.8493	51
41.8493	51
41.8493	51
41.8494	51
41.8495	51
41.8495	51
41.8498	51
41.85	51
41.8506	51
41.8516	51
42.6424	51
42.6424	51
42.6424	51
42.6424	51
42.6425	51
42.6426	51
42.6426	51
42.6427	51
42.6434	51
43.1432	51
43.1432	51
43.1432	51
43.1433	51
43.1433	51
43.1433	51
43.1435	51
43.1436	51
43.1437	51
43.2755	51
43.2756	51
43.2756	51
43.2756	51
43.2756	51
43.2757	51
43.2758	51
43.2759	51
43.2763	51
43.2763	51
44.1492	51
44.1492	51
44.1492	51
44.1492	51
44.1492	51
44.1493	51
44.1493	51
44.1509	51
44.152	51
45.0947	51
45.0947	51
45.0947	51
45.0947	51
45.0948	51
45.0948	51
45.0948	51
45.0949	51
45.0961	51
45.4162	51
45.4162	51
45.4162	51
45.4162	51
45.4163	51
45.4163	51
45.4165	51
45.4166	51
45.5631	51
45.5631	51
45.5632	51
45.5632	51
45.5632	51
45.5633	51
45.5634	51
45.5637	51
45.5645	51
45.5661	51
45.7776	51
45.7776	51
45.7776	51
45.7776	51
45.7776	51
45.7777	51
45.7779	51
45.7779	51
45.778	51
46.0304	51
46.0304	51
46.0304	51
46.0305	51
46.0305	51
46.0305	51
46.0306	51
46.1267	51
46.1267	51
46.1267	51
46.1267	51
46.1268	51
46.127	51
46.1271	51
46.1272	51
46.1283	51
46.1298	51
46.3049	51
46.3049	51
46.3049	51
46.3049	51
46.3049	51
46.3049	51
46.305	51
46.3057	51
46.3059	51
46.8706	51
46.8706	51
46.8706	51
46.8706	51
46.8706	51
46.8706	51
46.8709	51
46.8716	51
46.8725	51
47.0519	51
47.0519	51
47.0519	51
47.0519	51
47.052	51
47.052	51
47.052	51
47.0523	51
47.0523	51
47.6336	51
47.6336	51
47.6336	51
47.6336	51
47.6337	51
47.6337	51
47.6337	51
47.634	51
47.6342	51
49.6914	51
49.6914	51
49.6915	51
49.6915	51
49.6915	51
49.6915	51
49.6915	51
49.6916	51
49.6926	51
49.7847	51
49.7847	51
49.7847	51
49.7847	51
49.7847	51
49.7847	51
49.7848	51
49.7848	51
49.785	51
49.7868	51
50.3927	51
50.3927	51
50.3928	51
50.3928	51
50.3928	51
50.3929	51
50.3931	51
50.8711	51
50.8712	51
50.8712	51
50.8712	51
50.8713	51
50.8713	51
50.8714	51
50.8715	51
50.8715	51
50.8721	51
51.2458	51
51.2459	51
51.2459	51
51.2459	51
51.2459	51
51.246	51
51.246	51
51.2463	51
51.2491	51
51.2494	51
51.3135	51
51.3135	51
51.3136	51
51.3136	51
51.3136	51
51.3136	51
51.3137	51
51.3137	51
51.3144	51
51.3144	51
51.3557	51
51.3558	51
51.3558	51
51.3559	51
51.3559	51
51.3559	51
51.356	51
51.3562	51
51.3623	51
52.6363	51
52.6364	51
52.6364	51
52.6364	51
52.6364	51
52.6364	51
52.6366	51
52.6371	51
52.6377	51
52.8827	51
52.8827	51
52.8827	51
52.8827	51
52.8827	51
52.8828	51
52.8831	51
52.8843	51
52.9379	51
52.9379	51
52.9379	51
52.938	51
52.938	51
52.938	51
52.9383	51
53.2755	51
53.2755	51
53.2755	51
53.2755	51
53.2755	51
53.2755	51
53.2755	51
53.2755	51
54.5262	51
54.5262	51
54.5262	51
54.5263	51
54.5264	51
54.5265	51
54.5265	51
54.5267	51
54.5268	51
54.527	51
54.6766	51
54.6766	51
54.6766	51
54.6766	51
54.6766	51
54.6766	51
54.6767	51
54.6767	51
54.6771	51
54.6782	51
54.8238	51
54.8238	51
54.8238	51
54.8238	51
54.824	51
54.8241	51
54.8242	51
54.8245	51
54.8253	51
55.0827	51
55.0827	51
55.0827	51
55.0827	51
55.0828	51
55.0828	51
55.0828	51
55.4546	51
55.4546	51
55.4546	51
55.4546	51
55.4547	51
55.4548	51
55.4548	51
55.4549	51
55.4552	51
55.4561	51
57.4852	51
57.4852	51
57.4852	51
57.4853	51
57.4853	51
57.4853	51
57.4854	51
57.4854	51
57.4855	51
57.4856	51
57.4863	51
57.4962	51
57.4975	51
57.4987	51
58.1881	51
58.1881	51
58.1881	51
58.1881	51
58.1881	51
58.1881	51
58.1882	51
58.1883	51
58.1896	51
58.5685	51
58.5685	51
58.5685	51
58.5685	51
58.5686	51
58.5686	51
58.5688	51
58.5695	51
58.5708	51
58.8818	51
58.8818	51
58.8818	51
58.8819	51
58.882	51
58.8821	51
58.8825	51
58.9688	51
58.9688	51
58.9688	51
58.9689	51
58.9689	51
58.969	51
58.9692	51
58.9696	51
58.9703	51
58.9704	51
59.0875	51
59.0875	51
59.0876	51
59.0876	51
59.0876	51
59.0877	51
59.0877	51
59.0885	51
59.0886	51
59.0901	51
59.112	51
59.112	51
59.112	51
59.1121	51
59.1125	51
59.1128	51
59.1156	51
59.1163	51
59.1321	51
59.1321	51
59.1322	51
59.1322	51
59.1322	51
59.1324	51
60.0866	51
60.0867	51
60.0867	51
60.0867	51
60.0867	51
60.0867	51
60.0869	51
60.0871	51
60.0878	51
60.0889	51
60.2115	51
60.2116	51
60.2116	51
60.2116	51
60.2116	51
60.2117	51
60.2117	51
60.2117	51
60.4307	51
60.4307	51
60.4307	51
60.4308	51
60.4308	51
60.4308	51
60.431	51
60.4311	51
60.5212	51
60.5212	51
60.5212	51
60.5213	51
60.5214	51
60.5214	51
60.5215	51
60.5215	51
60.5223	51
60.5224	51
60.7487	51
60.7487	51
60.7487	51
60.7488	51
60.7488	51
60.7488	51
60.7489	51
60.7499	51
60.7507	51
61.4581	51
61.4582	51
61.4582	51
61.4582	51
61.4582	51
61.4582	51
61.4582	51
61.459	51
61.4592	51
62.739	51
62.739	51
62.7391	51
62.7391	51
62.7391	51
62.7391	51
62.7394	51
62.7396	51
62.74	51
62.7408	51
63.2107	51
63.2107	51
63.2107	51
63.2108	51
63.2108	51
63.211	51
63.2111	51
63.2113	51
63.2118	51
63.5168	51
63.5168	51
63.5168	51
63.5168	51
63.5168	51
63.517	51
63.5172	51
63.5175	51
63.5194	51
63.8071	51
63.8071	51
63.8072	51
63.8072	51
63.8072	51
63.8072	51
63.8075	51
63.9323	51
63.9323	51
63.9324	51
63.9324	51
63.9324	51
63.9324	51
63.9326	51
63.9326	51
65.6384	51
65.6384	51
65.6384	51
65.6385	51
65.6385	51
65.6385	51
65.6386	51
65.6387	51
65.6389	51
65.6394	51
65.9616	51
65.9616	51
65.9616	51
65.9616	51
65.9617	51
65.9617	51
65.9617	51
65.9618	51
65.9621	51
66.5361	51
66.5361	51
66.5361	51
66.5361	51
66.5362	51
66.5363	51
66.5365	51
66.7436	51
66.7436	51
66.7436	51
66.7436	51
66.7437	51
66.7438	51
66.7438	51
66.7438	51
66.7444	51
66.745	51
67.6495	51
67.6495	51
67.6496	51
67.6496	51
67.6497	51
67.6498	51
67.6498	51
67.6508	51
67.651	51
67.7094	51
67.7094	51
67.7094	51
67.7094	51
67.7094	51
67.7095	51
67.7098	51
68.4581	51
68.4582	51
68.4582	51
68.4582	51
68.4582	51
68.4582	51
68.4582	51
68.4603	51
68.7209	51
68.7209	51
68.7209	51
68.7209	51
68.7209	51
68.7212	51
68.7213	51
68.7213	51
68.9605	51
68.9605	51
68.9605	51
68.9605	51
68.9606	51
68.9606	51
68.9608	51
68.9614	51
68.9615	51
68.9618	51
68.9623	51
69.1402	51
69.1402	51
69.1402	51
69.1402	51
69.1402	51
69.1403	51
69.1403	51
69.1404	51
69.1405	51
69.1412	51
69.9435	51
69.9435	51
69.9435	51
69.9435	51
69.9435	51
69.9436	51
69.9436	51
69.9437	51
69.9461	51
70.3917	51
70.3917	51
70.3917	51
70.3917	51
70.3917	51
70.3917	51
70.3917	51
70.3925	51
70.3946	51
70.396	51
70.7021	51
70.7021	51
70.7021	51
70.7021	51
70.7021	51
70.7021	51
70.7021	51
70.7022	51
70.7025	51
70.8218	51
70.8218	51
70.8218	51
70.8219	51
70.822	51
70.822	51
70.822	51
70.8222	51
70.8264	51
71.9365	51
71.9365	51
71.9365	51
71.9365	51
71.9366	51
71.9367	51
71.9367	51
71.9368	51
71.9374	51
72.7409	51
72.7409	51
72.7409	51
72.7409	51
72.7409	51
72.741	51
72.741	51
72.7435	51
72.7453	51
73.5043	51
73.5043	51
73.5043	51
73.5043	51
73.5044	51
73.5044	51
73.5045	51
73.5049	51
73.5073	51
74.1576	51
74.1576	51
74.1576	51
74.1576	51
74.1577	51
74.1578	51
74.1578	51
74.158	51
74.158	51
74.158	51
74.1684	51
74.1686	51
74.169	51
74.5183	51
74.5183	51
74.5183	51
74.5183	51
74.5183	51
74.5183	51
74.5183	51
74.5184	51
74.5192	51
74.7897	51
74.7897	51
74.7897	51
74.7897	51
74.7897	51
74.7898	51
74.7898	51
74.7898	51
74.7903	51
74.8638	51
74.8638	51
74.8638	51
74.8639	51
74.864	51
74.864	51
74.8643	51
74.9925	51
74.9925	51
74.9925	51
74.9925	51
74.9925	51
74.9925	51
74.9925	51
74.9925	51
74.9926	51
74.9943	51
75.3046	51
75.3046	51
75.3046	51
75.3047	51
75.3047	51
75.3048	51
75.3049	51
75.3056	51
75.3059	51
75.6027	51
75.6027	51
75.6028	51
75.6028	51
75.6028	51
75.6029	51
75.603	51
75.6031	51
75.6059	51
77.6237	51
77.6237	51
77.6237	51
77.6237	51
77.6238	51
77.6238	51
77.6239	51
77.743	51
77.743	51
77.743	51
77.743	51
77.7431	51
77.7431	51
77.7432	51
77.7432	51
77.7441	51
77.7444	51
78.5573	51
78.5574	51
78.5574	51
78.5574	51
78.5574	51
78.5575	51
78.5575	51
78.5577	51
78.5589	51
78.6144	51
78.6144	51
78.6144	51
78.6144	51
78.6144	51
78.6144	51
78.6145	51
78.6146	51
78.6149	51
78.8192	51
78.8192	51
78.8193	51
78.8193	51
78.8193	51
78.8195	51
78.8195	51
79.0687	51
79.0687	51
79.0687	51
79.0687	51
79.0687	51
79.0688	51
79.0688	51
79.0688	51
79.0695	51
79.0701	51
79.3829	51
79.3829	51
79.3829	51
79.3829	51
79.3829	51
79.383	51
79.3835	51
79.8805	51
79.8805	51
79.8806	51
79.8806	51
79.8807	51
79.8807	51
79.8808	51
79.8808	51
81.756	51
81.756	51
81.756	51
81.7561	51
81.7561	51
81.7562	51
81.7563	51
81.7563	51
81.7565	51
81.7571	51
81.7699	51
81.7699	51
81.77	51
81.7701	51
81.7717	51
81.772	51
81.7728	51
81.7744	51
82.6363	51
82.6363	51
82.6363	51
82.6363	51
82.6363	51
82.6363	51
82.6364	51
82.6364	51
82.6391	51
82.6402	51
82.9564	51
82.9564	51
82.9565	51
82.9565	51
82.9565	51
82.9566	51
82.9569	51
83.1699	51
83.1699	51
83.1699	51
83.1699	51
83.1699	51
83.1699	51
83.1701	51
83.1702	51
83.195	51
83.195	51
83.1951	51
83.1951	51
83.1951	51
84.2878	51
84.2878	51
84.2879	51
84.2879	51
84.2879	51
84.2879	51
84.2881	51
84.2883	51
84.2899	51
84.29	51
85.2283	51
85.2283	51
85.2283	51
85.2283	51
85.2283	51
85.2285	51
85.2287	51
85.3325	51
85.3325	51
85.3325	51
85.3326	51
85.3326	51
85.3326	51
85.3327	51
85.3329	51
85.3842	51
85.3843	51
85.3843	51
85.3843	51
85.3843	51
85.3844	51
85.3846	51
85.3846	51
85.3846	51
85.3858	51
85.9546	51
85.9546	51
85.9546	51
85.9546	51
85.9547	51
85.9547	51
85.9547	51
85.9552	51
85.9558	51
85.9569	51
85.9571	51
85.9577	51
85.9596	51
86.1293	51
86.1293	51
86.1293	51
86.1293	51
86.1294	51
86.1294	51
86.1301	51
86.1304	51
86.1305	51
86.2249	51
86.2249	51
86.2249	51
86.2249	51
86.2249	51
86.2249	51
86.2251	51
86.2251	51
86.2254	51
87.6375	51
87.6375	51
87.6375	51
87.6375	51
87.6375	51
87.6375	51
87.6375	51
87.6377	51
87.638	51
87.8402	51
87.8402	51
87.8402	51
87.8403	51
87.8403	51
87.8404	51
87.8404	51
87.8406	51
87.8416	51
88.1309	51
88.1309	51
88.1309	51
88.1309	51
88.1309	51
88.1309	51
88.131	51
88.1311	51
88.1317	51
88.5241	51
88.5241	51
88.5241	51
88.5241	51
88.5242	51
88.5243	51
88.5243	51
88.5244	51
88.5284	51
88.5292	51
88.5328	51
90.0058	51
90.0058	51
90.0058	51
90.0059	51
90.006	51
90.006	51
90.006	51
90.0385	51
90.0386	51
90.0394	51
91.2688	51
91.2688	51
91.2689	51
91.2689	51
91.269	51
91.269	51
91.269	51
91.2691	51
91.2695	51
91.2698	51
91.27	51
91.271	51
91.2718	51
91.8696	51
91.8696	51
91.8696	51
91.8696	51
91.8697	51
91.8697	51
91.8698	51
91.8699	51
91.8699	51
92.0476	51
92.0476	51
92.0476	51
92.0476	51
92.0476	51
92.0476	51
92.0477	51
92.0477	51
92.0478	51
92.1751	51
92.1751	51
92.1751	51
92.1751	51
92.1752	51
92.1753	51
92.1753	51
92.1754	51
92.176	51
92.5291	51
92.5292	51
92.5292	51
92.5292	51
92.5293	51
92.5293	51
92.5293	51
92.5295	51
92.5299	51
92.8191	51
92.8191	51
92.8192	51
92.8192	51
92.8192	51
92.8193	51
92.8194	51
92.8195	51
92.82	51
92.9965	51
92.9965	51
92.9965	51
92.9965	51
92.9965	51
92.9966	51
92.9967	51
93.8077	51
93.8077	51
93.8078	51
93.8078	51
93.8078	51
93.8078	51
93.8079	51
93.808	51
93.8083	51
93.8089	51
93.8089	51
94.1795	51
94.1795	51
94.1795	51
94.1796	51
94.1796	51
94.1796	51
94.1796	51
94.1799	51
94.1804	51
94.1844	51
94.7487	51
94.7487	51
94.7487	51
94.7487	51
94.7487	51
94.7487	51
94.7487	51
94.7492	51
94.7507	51
94.9062	51
94.9062	51
94.9062	51
94.9063	51
94.9064	51
94.9066	51
94.907	51
95.5136	51
95.5136	51
95.5136	51
95.5136	51
95.5136	51
95.5137	51
95.5137	51
95.5137	51
95.5139	51
96.1556	51
96.1556	51
96.1556	51
96.1556	51
96.1557	51
96.1558	51
96.1558	51
96.1559	51
96.1567	51
96.1572	51
96.5055	51
96.5055	51
96.5055	51
96.5055	51
96.5055	51
96.5056	51
96.5059	51
96.5069	51
96.5069	51
96.8863	51
96.8863	51
96.8863	51
96.8863	51
96.8863	51
96.8864	51
96.8865	51
96.8867	51
96.887	51
96.8979	51
96.8979	51
96.8989	51
96.8996	51
97.6927	51
97.6928	51
97.6928	51
97.6928	51
97.6928	51
97.6928	51
97.6929	51
97.6929	51
97.6949	51
97.9207	51
97.9207	51
97.9207	51
97.9207	51
97.9207	51
97.9208	51
97.9208	51
97.9211	51
97.9219	51
97.9985	51
97.9985	51
97.9985	51
97.9985	51
97.9986	51
97.9986	51
97.9988	51
98.1099	51
98.1099	51
98.1099	51
98.1099	51
98.11	51
98.11	51
98.11	51
98.1101	51
98.1102	51
98.1114	51
98.2561	51
98.2562	51
98.2562	51
98.2562	51
98.2562	51
98.2562	51
98.2565	51
98.2567	51
98.2572	51
98.3827	51
98.3827	51
98.3828	51
98.3828	51
98.3828	51
98.3829	51
98.383	51
98.383	51
98.3833	51
98.3862	51
98.4591	51
98.4591	51
98.4591	51
98.4592	51
98.4592	51
98.4592	51
98.4592	51
98.4592	51
98.4595	51
98.9754	51
98.9755	51
98.9755	51
98.9755	51
98.9756	51
98.9756	51
98.9756	51
99.109	51
99.1091	51
99.1091	51
99.1091	51
99.1091	51
99.1092	51
99.1092	51
99.1093	51
99.1375	51
99.1375	51
99.1375	51
99.1376	51
99.1376	51
99.1386	51
99.1386	51
99.2928	51
99.2928	51
99.2929	51
99.2929	51
99.2929	51
99.293	51
99.293	51
99.2932	51
99.2941	51
99.2945	51
