1.39548e-10	0
2.34364e-10	1
2.68972e-10	2
2.88251e-10	3
2.95309e-10	4
4.26676e-10	5
4.97495e-10	6
5.88717e-10	7
6.92184e-10	8
7.4813e-10	9
7.49004e-10	10
8.30191e-10	11
8.48923e-10	12
8.54085e-10	13
8.57285e-10	14
8.63652e-10	15
9.44157e-10	16
1.10212e-09	17
1.29599e-09	18
1.29899e-09	19
1.3431e-09	20
1.34329e-09	21
1.63406e-09	22
1.69991e-09	23
1.79025e-09	24
2.06216e-09	24
2.15251e-09	25
2.18801e-09	26
2.40591e-09	27
2.43109e-09	28
2.45865e-09	29
2.58139e-09	29
2.7665e-09	30
3.20966e-09	31
3.24449e-09	32
3.25151e-09	33
3.27946e-09	34
3.30249e-09	35
3.35686e-09	36
3.4597e-09	37
4.10029e-09	38
4.21439e-09	39
4.47661e-09	40
4.93627e-09	40
5.09211e-09	41
5.17725e-09	42
5.27144e-09	43
5.65414e-09	44
5.96511e-09	44
7.95092e-09	45
8.46099e-09	45
8.88494e-09	45
1.00988e-08	46
1.11316e-08	47
1.16546e-08	48
1.17793e-08	49
1.29008e-08	50
1.9831e-08	51
2.79131e-08	52
3.68168e-08	52
4.01766e-08	52
4.46165e-08	52
6.6425e-08	52
6.70397e-08	52
7.65912e-08	52
8.02039e-08	52
8.08847e-08	52
8.34994e-08	52
9.1198e-08	52
1.1064e-07	52
1.11264e-07	52
1.12743e-07	52
1.12974e-07	52
1.17316e-07	52
1.22416e-07	52
1.27365e-07	52
1.30241e-07	52
1.3381e-07	52
1.39494e-07	52
1.4955e-07	52
1.55627e-07	52
1.63701e-07	52
1.64779e-07	52
1.67683e-07	52
1.83555e-07	52
1.85161e-07	52
1.86425e-07	52
2.03512e-07	52
2.04568e-07	52
2.10484e-07	52
2.11133e-07	52
2.16063e-07	52
2.16268e-07	52
2.18525e-07	52
2.29651e-07	52
2.33195e-07	52
2.40294e-07	52
2.48524e-07	52
2.57608e-07	52
2.57934e-07	52
2.59618e-07	52
2.61922e-07	52
2.66788e-07	52
2.69178e-07	52
2.75108e-07	52
2.75763e-07	52
2.82482e-07	52
2.8421e-07	52
2.8858e-07	52
2.92191e-07	52
2.95485e-07	52
2.9608e-07	52
2.97731e-07	52
3.11186e-07	52
3.1558e-07	52
3.15789e-07	52
3.22614e-07	52
3.24037e-07	52
3.31803e-07	52
3.3409e-07	52
3.37144e-07	52
3.40854e-07	52
3.4176e-07	52
3.42829e-07	52
3.57398e-07	52
3.62802e-07	52
3.62985e-07	52
3.69074e-07	52
3.72985e-07	52
3.77648e-07	52
3.79818e-07	52
3.83983e-07	52
3.92058e-07	52
3.95886e-07	52
3.97015e-07	52
3.98334e-07	52
4.00559e-07	52
4.04845e-07	52
4.13651e-07	52
4.22854e-07	52
4.37281e-07	52
4.63577e-07	52
4.63609e-07	52
4.75246e-07	52
4.75668e-07	52
4.76764e-07	52
4.77575e-07	52
4.8728e-07	52
4.91995e-07	52
4.92146e-07	52
4.94111e-07	52
4.9693e-07	52
5.02848e-07	52
5.0327e-07	52
5.21256e-07	52
5.27205e-07	52
5.30606e-07	52
5.33806e-07	52
5.39105e-07	52
5.4852e-07	52
5.52366e-07	52
5.52746e-07	52
5.57592e-07	52
5.67896e-07	52
5.68174e-07	52
5.80768e-07	52
5.85009e-07	52
5.87931e-07	52
5.95214e-07	52
5.98502e-07	52
5.98695e-07	52
6.08777e-07	52
6.08911e-07	52
6.10218e-07	52
6.13533e-07	52
6.162e-07	52
6.19034e-07	52
6.23968e-07	52
6.28953e-07	52
6.32741e-07	52
6.35608e-07	52
6.55617e-07	52
6.68089e-07	52
6.72662e-07	52
6.75476e-07	52
6.79129e-07	52
6.79574e-07	52
6.80498e-07	52
6.85427e-07	52
6.87106e-07	52
6.90315e-07	52
7.07334e-07	52
7.15483e-07	52
7.16668e-07	52
7.27198e-07	52
7.35935e-07	52
7.40914e-07	52
7.50969e-07	52
7.60117e-07	52
7.60729e-07	52
7.71761e-07	52
7.73667e-07	52
7.80616e-07	52
7.92028e-07	52
8.08345e-07	52
8.09842e-07	52
8.20161e-07	52
8.22685e-07	52
8.27422e-07	52
8.32223e-07	52
8.37463e-07	52
8.41248e-07	52
8.42352e-07	52
8.53727e-07	52
8.57509e-07	52
8.60093e-07	52
8.82729e-07	52
8.89757e-07	52
9.01657e-07	52
9.05394e-07	52
9.13003e-07	52
9.15626e-07	52
9.3471e-07	52
9.48489e-07	52
9.49116e-07	52
9.62299e-07	52
9.68184e-07	52
9.7123e-07	52
9.78251e-07	52
1.00776e-06	52
1.02976e-06	52
1.03361e-06	52
1.04742e-06	52
1.0512e-06	52
1.05724e-06	52
1.05892e-06	52
1.07655e-06	52
1.10931e-06	52
1.11383e-06	52
1.12219e-06	52
1.12263e-06	52
1.12632e-06	52
1.16972e-06	52
1.16986e-06	52
1.20074e-06	52
1.20858e-06	52
1.21345e-06	52
1.22299e-06	52
1.24377e-06	52
1.31792e-06	52
1.32471e-06	52
1.34969e-06	52
1.37207e-06	52
1.3766e-06	52
1.40837e-06	52
1.41241e-06	52
1.43336e-06	52
1.46484e-06	52
1.47382e-06	52
1.47857e-06	52
1.4906e-06	52
1.51602e-06	52
1.55003e-06	52
1.55203e-06	52
1.55315e-06	52
1.55371e-06	52
1.57192e-06	52
1.58261e-06	52
1.58581e-06	52
1.5879e-06	52
1.59002e-06	52
1.59062e-06	52
1.59298e-06	52
1.59887e-06	52
1.60785e-06	52
1.61148e-06	52
1.6288e-06	52
1.64186e-06	52
1.64484e-06	52
1.66796e-06	52
1.66855e-06	52
1.66873e-06	52
1.69054e-06	52
1.71634e-06	52
1.73625e-06	52
1.73704e-06	52
1.74117e-06	52
1.74556e-06	52
1.74885e-06	52
1.82889e-06	52
1.83916e-06	52
1.86792e-06	52
1.8729e-06	52
1.87724e-06	52
1.93577e-06	52
1.94457e-06	52
1.94967e-06	52
1.95476e-06	52
1.98751e-06	52
2.01229e-06	52
2.05619e-06	52
2.06598e-06	52
2.06917e-06	52
2.09093e-06	52
2.10735e-06	52
2.10891e-06	52
2.12618e-06	52
2.15531e-06	52
2.16369e-06	52
2.18315e-06	52
2.18509e-06	52
2.19802e-06	52
2.19986e-06	52
2.20084e-06	52
2.20385e-06	52
2.2866e-06	52
2.28747e-06	52
2.29666e-06	52
2.30731e-06	52
2.31839e-06	52
2.34633e-06	52
2.35731e-06	52
2.39885e-06	52
2.41394e-06	52
2.45908e-06	52
2.45929e-06	52
2.48397e-06	52
2.52995e-06	52
2.54682e-06	52
2.54713e-06	52
2.60213e-06	52
2.60411e-06	52
2.7518e-06	52
2.76903e-06	52
2.77866e-06	52
2.85635e-06	52
2.89347e-06	52
2.91527e-06	52
2.95704e-06	52
3.00428e-06	52
3.0863e-06	52
3.11797e-06	52
3.12521e-06	52
3.15293e-06	52
3.18015e-06	52
3.22532e-06	52
3.25428e-06	52
3.29026e-06	52
3.30125e-06	52
3.33224e-06	52
3.3485e-06	52
3.56139e-06	52
3.70978e-06	52
3.80781e-06	52
3.89168e-06	52
3.89769e-06	52
3.96944e-06	52
4.13643e-06	52
4.27108e-06	52
4.27338e-06	52
4.29429e-06	52
4.30292e-06	52
4.38903e-06	52
4.40041e-06	52
4.50197e-06	52
4.51901e-06	52
4.61167e-06	52
4.7673e-06	52
4.79666e-06	52
4.85663e-06	52
4.95597e-06	52
4.9767e-06	52
5.0112e-06	52
5.02501e-06	52
5.06388e-06	52
5.08069e-06	52
5.22721e-06	52
5.26281e-06	52
5.28386e-06	52
5.40291e-06	52
5.42923e-06	52
5.43746e-06	52
5.44807e-06	52
5.48969e-06	52
5.56343e-06	52
5.72785e-06	52
5.75186e-06	52
5.76215e-06	52
5.79843e-06	52
5.84892e-06	52
5.89712e-06	52
6.00182e-06	52
6.01127e-06	52
6.13693e-06	52
6.16671e-06	52
6.1926e-06	52
6.28314e-06	52
6.32611e-06	52
6.4252e-06	52
6.56329e-06	52
6.58875e-06	52
6.63502e-06	52
6.81013e-06	52
6.83777e-06	52
7.05505e-06	52
7.27968e-06	52
7.3236e-06	52
7.3936e-06	52
7.43054e-06	52
7.55168e-06	52
7.64636e-06	52
7.67395e-06	52
7.75859e-06	52
7.76525e-06	52
7.7726e-06	52
7.81967e-06	52
7.88597e-06	52
7.92997e-06	52
7.9382e-06	52
7.95439e-06	52
8.01975e-06	52
8.09195e-06	52
8.1038e-06	52
8.45827e-06	52
8.49836e-06	52
8.56724e-06	52
8.61243e-06	52
8.86957e-06	52
8.89729e-06	52
9.1605e-06	52
9.18607e-06	52
9.27667e-06	52
9.31433e-06	52
9.39079e-06	52
9.53476e-06	52
9.57086e-06	52
9.67758e-06	52
9.71748e-06	52
9.8682e-06	52
9.96023e-06	52
9.98671e-06	52
1.00811e-05	52
1.0145e-05	52
1.02627e-05	52
1.05173e-05	52
1.05339e-05	52
1.06915e-05	52
1.08335e-05	52
1.08551e-05	52
1.09178e-05	52
1.09968e-05	52
1.10332e-05	52
1.13229e-05	52
1.1379e-05	52
1.13813e-05	52
1.14703e-05	52
1.16301e-05	52
1.17054e-05	52
1.18701e-05	52
1.1892e-05	52
1.19066e-05	52
1.1928e-05	52
1.20743e-05	52
1.2236e-05	52
1.24057e-05	52
1.26657e-05	52
1.26916e-05	52
1.27913e-05	52
1.30892e-05	52
1.32664e-05	52
1.32852e-05	52
1.33479e-05	52
1.37557e-05	52
1.38881e-05	52
1.39081e-05	52
1.41455e-05	52
1.41699e-05	52
1.42e-05	52
1.43204e-05	52
1.48277e-05	52
1.51487e-05	52
1.51526e-05	52
1.51664e-05	52
1.51773e-05	52
1.52028e-05	52
1.53338e-05	52
1.53933e-05	52
1.54568e-05	52
1.54665e-05	52
1.54773e-05	52
1.56478e-05	52
1.56712e-05	52
1.57094e-05	52
1.57184e-05	52
1.57398e-05	52
1.57923e-05	52
1.58795e-05	52
1.58976e-05	52
1.5905e-05	52
1.59445e-05	52
1.60877e-05	52
1.61069e-05	52
1.61646e-05	52
1.61984e-05	52
1.63524e-05	52
1.64562e-05	52
1.6506e-05	52
1.6544e-05	52
1.6557e-05	52
1.66539e-05	52
1.66891e-05	52
1.67899e-05	52
1.69043e-05	52
1.69298e-05	52
1.70313e-05	52
1.71931e-05	52
1.72166e-05	52
1.72486e-05	52
1.73455e-05	52
1.73844e-05	52
1.74852e-05	52
1.76228e-05	52
1.78761e-05	52
1.78988e-05	52
1.80386e-05	52
1.81021e-05	52
1.81781e-05	52
1.81816e-05	52
1.82035e-05	52
1.82544e-05	52
1.82564e-05	52
1.86954e-05	52
1.89311e-05	52
1.89451e-05	52
1.92247e-05	52
1.92381e-05	52
1.931e-05	52
1.93618e-05	52
1.94797e-05	52
1.97532e-05	52
1.98632e-05	52
1.98636e-05	52
1.99141e-05	52
1.99276e-05	52
1.9947e-05	52
2.01308e-05	52
2.01347e-05	52
2.0344e-05	52
2.03499e-05	52
2.08436e-05	52
2.09303e-05	52
2.10196e-05	52
2.10989e-05	52
2.11588e-05	52
2.12487e-05	52
2.14087e-05	52
2.17856e-05	52
2.18516e-05	52
2.2032e-05	52
2.20914e-05	52
2.2154e-05	52
2.22272e-05	52
2.2304e-05	52
2.23751e-05	52
2.23897e-05	52
2.24454e-05	52
2.25288e-05	52
2.25929e-05	52
2.2888e-05	52
2.29136e-05	52
2.29338e-05	52
2.29401e-05	52
2.30307e-05	52
2.3252e-05	52
2.33026e-05	52
2.34141e-05	52
2.38198e-05	52
2.38987e-05	52
2.39039e-05	52
2.41014e-05	52
2.44589e-05	52
2.44784e-05	52
2.52572e-05	52
2.54935e-05	52
2.55573e-05	52
2.57635e-05	52
2.5793e-05	52
2.58017e-05	52
2.58166e-05	52
2.58644e-05	52
2.63491e-05	52
2.63982e-05	52
2.64102e-05	52
2.64292e-05	52
2.66097e-05	52
2.66344e-05	52
2.67163e-05	52
2.67216e-05	52
2.68958e-05	52
2.714e-05	52
2.71492e-05	52
2.7262e-05	52
2.7323e-05	52
2.74616e-05	52
2.75166e-05	52
2.7641e-05	52
2.77023e-05	52
2.7816e-05	52
2.79182e-05	52
2.8288e-05	52
2.8354e-05	52
2.83907e-05	52
2.84443e-05	52
2.84453e-05	52
2.84906e-05	52
2.87339e-05	52
2.90082e-05	52
2.90708e-05	52
2.9111e-05	52
2.91145e-05	52
2.91797e-05	52
2.92151e-05	52
2.94631e-05	52
2.96397e-05	52
2.967e-05	52
2.99082e-05	52
3.00438e-05	52
3.01697e-05	52
3.01711e-05	52
3.02192e-05	52
3.02539e-05	52
3.03156e-05	52
3.04621e-05	52
3.04644e-05	52
3.04828e-05	52
3.06504e-05	52
3.07626e-05	52
3.1084e-05	52
3.11637e-05	52
3.12255e-05	52
3.1325e-05	52
3.13757e-05	52
3.15143e-05	52
3.15169e-05	52
3.17983e-05	52
3.18476e-05	52
3.18897e-05	52
3.18921e-05	52
3.19862e-05	52
3.20382e-05	52
3.20452e-05	52
3.21617e-05	52
3.21775e-05	52
3.23448e-05	52
3.24665e-05	52
3.25265e-05	52
3.27442e-05	52
3.27462e-05	52
3.27813e-05	52
3.28343e-05	52
3.31941e-05	52
3.33662e-05	52
3.34219e-05	52
3.35242e-05	52
3.3828e-05	52
3.38456e-05	52
3.40154e-05	52
3.40464e-05	52
3.4096e-05	52
3.42262e-05	52
3.42733e-05	52
3.43013e-05	52
3.45154e-05	52
3.45599e-05	52
3.46717e-05	52
3.47278e-05	52
3.4764e-05	52
3.4978e-05	52
3.50889e-05	52
3.50927e-05	52
3.51014e-05	52
3.54325e-05	52
3.5613e-05	52
3.57437e-05	52
3.59865e-05	52
3.60022e-05	52
3.60262e-05	52
3.60309e-05	52
3.62742e-05	52
3.65294e-05	52
3.6566e-05	52
3.66846e-05	52
3.67621e-05	52
3.67725e-05	52
3.6934e-05	52
3.69822e-05	52
3.71912e-05	52
3.74993e-05	52
3.75272e-05	52
3.75424e-05	52
3.75801e-05	52
3.76694e-05	52
3.78002e-05	52
3.78497e-05	52
3.81951e-05	52
3.83556e-05	52
3.839e-05	52
3.85459e-05	52
3.86548e-05	52
3.87859e-05	52
3.88557e-05	52
3.91016e-05	52
3.91957e-05	52
3.92191e-05	52
3.94847e-05	52
3.96852e-05	52
3.97486e-05	52
3.99495e-05	52
4.01817e-05	52
4.02106e-05	52
4.03875e-05	52
4.04085e-05	52
4.04894e-05	52
4.06089e-05	52
4.06166e-05	52
4.07109e-05	52
4.10545e-05	52
4.10865e-05	52
4.11771e-05	52
4.12334e-05	52
4.12756e-05	52
4.12779e-05	52
4.14149e-05	52
4.15325e-05	52
4.15865e-05	52
4.15998e-05	52
4.16091e-05	52
4.17115e-05	52
4.18166e-05	52
4.19537e-05	52
4.20571e-05	52
4.20728e-05	52
4.22134e-05	52
4.23571e-05	52
4.23916e-05	52
4.25391e-05	52
4.26665e-05	52
4.2823e-05	52
4.29973e-05	52
4.33286e-05	52
4.34031e-05	52
4.36551e-05	52
4.39749e-05	52
4.41222e-05	52
4.44346e-05	52
4.49552e-05	52
4.51863e-05	52
4.52108e-05	52
4.52915e-05	52
4.53933e-05	52
4.54443e-05	52
4.5832e-05	52
4.59053e-05	52
4.63174e-05	52
4.63346e-05	52
4.63503e-05	52
4.64347e-05	52
4.66154e-05	52
4.66447e-05	52
4.68721e-05	52
4.68808e-05	52
4.68968e-05	52
4.73348e-05	52
4.76747e-05	52
4.80397e-05	52
4.81712e-05	52
4.82769e-05	52
4.86243e-05	52
4.86596e-05	52
4.90297e-05	52
4.90622e-05	52
4.92312e-05	52
4.92584e-05	52
4.93303e-05	52
4.94127e-05	52
4.94649e-05	52
4.97292e-05	52
4.98309e-05	52
5.00139e-05	52
5.01419e-05	52
5.02334e-05	52
5.02459e-05	52
5.08965e-05	52
5.09223e-05	52
5.11015e-05	52
5.11122e-05	52
5.12935e-05	52
5.13055e-05	52
5.13799e-05	52
5.14078e-05	52
5.16088e-05	52
5.17487e-05	52
5.2008e-05	52
5.2018e-05	52
5.20885e-05	52
5.21153e-05	52
5.29627e-05	52
5.31461e-05	52
5.33127e-05	52
5.33575e-05	52
5.35996e-05	52
5.36633e-05	52
5.38749e-05	52
5.39724e-05	52
5.41968e-05	52
5.43012e-05	52
5.46379e-05	52
5.46703e-05	52
5.48782e-05	52
5.51487e-05	52
5.52752e-05	52
5.53619e-05	52
5.54982e-05	52
5.55337e-05	52
5.55872e-05	52
5.57793e-05	52
5.57946e-05	52
5.59485e-05	52
5.60879e-05	52
5.61072e-05	52
5.6134e-05	52
5.63198e-05	52
5.68589e-05	52
5.73186e-05	52
5.73911e-05	52
5.74769e-05	52
5.77809e-05	52
5.78486e-05	52
5.79705e-05	52
5.82478e-05	52
5.82612e-05	52
5.82966e-05	52
5.84879e-05	52
5.86485e-05	52
5.87632e-05	52
5.87961e-05	52
5.9086e-05	52
5.92378e-05	52
5.93698e-05	52
5.95235e-05	52
5.97239e-05	52
5.99493e-05	52
6.00233e-05	52
6.03362e-05	52
6.03541e-05	52
6.04385e-05	52
6.06727e-05	52
6.08013e-05	52
6.08169e-05	52
6.10322e-05	52
6.11182e-05	52
6.1404e-05	52
6.14187e-05	52
6.15423e-05	52
6.21148e-05	52
6.23142e-05	52
6.2683e-05	52
6.27641e-05	52
6.29571e-05	52
6.30744e-05	52
6.31325e-05	52
6.32562e-05	52
6.33357e-05	52
6.38616e-05	52
6.39541e-05	52
6.39984e-05	52
6.41208e-05	52
6.43991e-05	52
6.45553e-05	52
6.49994e-05	52
6.56174e-05	52
6.57057e-05	52
6.57623e-05	52
6.57824e-05	52
6.6041e-05	52
6.61722e-05	52
6.62335e-05	52
6.62831e-05	52
6.63658e-05	52
6.63715e-05	52
6.6702e-05	52
6.68741e-05	52
6.71831e-05	52
6.72581e-05	52
6.73217e-05	52
6.74712e-05	52
6.76542e-05	52
6.76692e-05	52
6.77478e-05	52
6.77899e-05	52
6.78493e-05	52
6.81214e-05	52
6.81245e-05	52
6.82598e-05	52
6.82648e-05	52
6.83292e-05	52
6.83907e-05	52
6.85903e-05	52
6.87301e-05	52
6.9273e-05	52
6.93756e-05	52
6.96026e-05	52
6.98104e-05	52
7.01009e-05	52
7.06606e-05	52
7.09075e-05	52
7.09135e-05	52
7.09471e-05	52
7.11306e-05	52
7.1147e-05	52
7.15401e-05	52
7.15919e-05	52
7.16072e-05	52
7.21096e-05	52
7.2596e-05	52
7.26246e-05	52
7.30233e-05	52
7.35231e-05	52
7.37819e-05	52
7.38433e-05	52
7.40925e-05	52
7.41422e-05	52
7.41797e-05	52
7.433e-05	52
7.44535e-05	52
7.47209e-05	52
7.48577e-05	52
7.53943e-05	52
7.5505e-05	52
7.56342e-05	52
7.58787e-05	52
7.59171e-05	52
7.62068e-05	52
7.6213e-05	52
7.63047e-05	52
7.64563e-05	52
7.65842e-05	52
7.70962e-05	52
7.7509e-05	52
7.79129e-05	52
7.82291e-05	52
7.82347e-05	52
7.86299e-05	52
7.88407e-05	52
7.89598e-05	52
7.90291e-05	52
7.90656e-05	52
7.91271e-05	52
7.94943e-05	52
7.97324e-05	52
7.99853e-05	52
8.00258e-05	52
8.02663e-05	52
8.02835e-05	52
8.02838e-05	52
8.05238e-05	52
8.05644e-05	52
8.05995e-05	52
8.06492e-05	52
8.07543e-05	52
8.08237e-05	52
8.1008e-05	52
8.11492e-05	52
8.13179e-05	52
8.1708e-05	52
8.1736e-05	52
8.1874e-05	52
8.20738e-05	52
8.23559e-05	52
8.28398e-05	52
8.29711e-05	52
8.29714e-05	52
8.30023e-05	52
8.31922e-05	52
8.32538e-05	52
8.34358e-05	52
8.36523e-05	52
8.40999e-05	52
8.4124e-05	52
8.43246e-05	52
8.43649e-05	52
8.4521e-05	52
8.54064e-05	52
8.58846e-05	52
8.62303e-05	52
8.6716e-05	52
8.6738e-05	52
8.70797e-05	52
8.75389e-05	52
8.7566e-05	52
8.76839e-05	52
8.77271e-05	52
8.79508e-05	52
8.85696e-05	52
8.86311e-05	52
8.88395e-05	52
8.88665e-05	52
8.89391e-05	52
8.8961e-05	52
8.91493e-05	52
8.91609e-05	52
8.91771e-05	52
8.9395e-05	52
8.9536e-05	52
8.97724e-05	52
8.98281e-05	52
8.98313e-05	52
9.03552e-05	52
9.05871e-05	52
9.0808e-05	52
9.18497e-05	52
9.18616e-05	52
9.20683e-05	52
9.20915e-05	52
9.25641e-05	52
9.27315e-05	52
9.28897e-05	52
9.30826e-05	52
9.35247e-05	52
9.35445e-05	52
9.35759e-05	52
9.37066e-05	52
9.38668e-05	52
9.42673e-05	52
9.44429e-05	52
9.48031e-05	52
9.50874e-05	52
9.51229e-05	52
9.5395e-05	52
9.56463e-05	52
9.56701e-05	52
9.60196e-05	52
9.6055e-05	52
9.61425e-05	52
9.71357e-05	52
9.72355e-05	52
9.73323e-05	52
9.77292e-05	52
9.80438e-05	52
9.90517e-05	52
9.97554e-05	52
0.000100184	52
0.000100576	52
0.000100897	52
0.000101009	52
0.000101149	52
0.000101223	52
0.000101287	52
0.000101501	52
0.000101998	52
0.000102648	52
0.000102988	52
0.000103379	52
0.00010345	52
0.000103517	52
0.000103665	52
0.000104353	52
0.000104519	52
0.000105359	52
0.000106574	52
0.00010664	52
0.00010723	52
0.000107582	52
0.000107774	52
0.000107818	52
0.000107972	52
0.000107986	52
0.000108048	52
0.000108073	52
0.000108104	52
0.000108231	52
0.000108387	52
0.000108638	52
0.00010871	52
0.000108954	52
0.000109072	52
0.000109211	52
0.000109777	52
0.000109898	52
0.00011022	52
0.000110382	52
0.000110444	52
0.000110744	52
0.000111281	52
0.000111488	52
0.000111755	52
0.000112278	52
0.000112866	52
0.000112949	52
0.000113625	52
0.000113637	52
0.000113894	52
0.000114056	52
0.000114212	52
0.000115052	52
0.000115055	52
0.000115156	52
0.000115305	52
0.000115343	52
0.000115518	52
0.000115745	52
0.000116033	52
0.000116385	52
0.000116892	52
0.000116978	52
0.000117756	52
0.000117972	52
0.000117974	52
0.000118094	52
0.000118485	52
0.000118661	52
0.000118835	52
0.000118913	52
0.000118988	52
0.000119167	52
0.000119849	52
0.000120572	52
0.000120588	52
0.000121344	52
0.00012163	52
0.000121934	52
0.000122326	52
0.000122456	52
0.000122598	52
0.000122819	52
0.000123081	52
0.000123138	52
0.000123575	52
0.00012368	52
0.00012373	52
0.000124301	52
0.000124396	52
0.000124738	52
0.000124987	52
0.000125172	52
0.000125643	52
0.000125867	52
0.000126633	52
0.000126913	52
0.000127347	52
0.000127401	52
0.000127925	52
0.000127998	52
0.000128471	52
0.000128685	52
0.000128966	52
0.00012901	52
0.000129112	52
0.00012929	52
0.000129909	52
0.000130167	52
0.00013098	52
0.000131158	52
0.000132064	52
0.00013233	52
0.00013239	52
0.000132567	52
0.000132683	52
0.000132804	52
0.000133042	52
0.00013316	52
0.000133476	52
0.000133575	52
0.000134401	52
0.000134437	52
0.000134557	52
0.000134646	52
0.000134929	52
0.000135171	52
0.000135273	52
0.000135379	52
0.000135793	52
0.00013606	52
0.000136648	52
0.000136926	52
0.000137832	52
0.000138117	52
0.000139493	52
0.000139852	52
0.000140032	52
0.000140065	52
0.00014016	52
0.000140272	52
0.000140388	52
0.000141146	52
0.000141227	52
0.000141256	52
0.00014143	52
0.000141516	52
0.000141544	52
0.000142826	52
0.000143782	52
0.000144123	52
0.00014443	52
0.000145929	52
0.000146032	52
0.000146664	52
0.000146938	52
0.000146968	52
0.000147001	52
0.000147197	52
0.000147561	52
0.000148017	52
0.000148758	52
0.000149831	52
0.000150745	52
0.000151137	52
0.000151392	52
0.000151829	52
0.000152402	52
0.000152541	52
0.000154017	52
0.000154222	52
0.000155439	52
0.000155667	52
0.000156649	52
0.000156682	52
0.000157253	52
0.000157319	52
0.000157402	52
0.000158562	52
0.000158783	52
0.000158789	52
0.000159518	52
0.000159583	52
0.000159934	52
0.000160036	52
0.000160051	52
0.000160574	52
0.000160884	52
0.000161866	52
0.000161992	52
0.000162375	52
0.000162766	52
0.000163506	52
0.000163859	52
0.000164079	52
0.000164169	52
0.000164314	52
0.000164727	52
0.000165009	52
0.000165286	52
0.000165423	52
0.000165902	52
0.000165996	52
0.000167717	52
0.000168146	52
0.000168236	52
0.000168331	52
0.000169018	52
0.000169324	52
0.00017025	52
0.000170398	52
0.000170652	52
0.00017072	52
0.000170858	52
0.000170966	52
0.000171696	52
0.000172639	52
0.00017296	52
0.000174494	52
0.000174505	52
0.000174617	52
0.000174832	52
0.000176767	52
0.00017731	52
0.000177736	52
0.000178069	52
0.000178126	52
0.000178916	52
0.000178934	52
0.000178935	52
0.000179048	52
0.000180609	52
0.000180838	52
0.000180883	52
0.00018168	52
0.000183042	52
0.000183057	52
0.000183502	52
0.000183996	52
0.000184088	52
0.000184347	52
0.000184409	52
0.000184688	52
0.00018475	52
0.000185929	52
0.000186006	52
0.000188526	52
0.000188533	52
0.000189185	52
0.000189207	52
0.000189431	52
0.000190545	52
0.000190889	52
0.000190961	52
0.000191505	52
0.000191774	52
0.000192207	52
0.000192627	52
0.000192735	52
0.00019312	52
0.000193454	52
0.000193477	52
0.000193706	52
0.000193809	52
0.000193937	52
0.000194169	52
0.000194222	52
0.000194542	52
0.000195646	52
0.000196131	52
0.000196931	52
0.000197229	52
0.000197587	52
0.00019843	52
0.000199105	52
0.000200333	52
0.000201322	52
0.000201467	52
0.000203916	52
0.000204607	52
0.000205775	52
0.000205868	52
0.000206489	52
0.000208762	52
0.00020878	52
0.0002097	52
0.000209763	52
0.000210423	52
0.000210445	52
0.000213318	52
0.000214052	52
0.000214474	52
0.000215341	52
0.000215532	52
0.000215907	52
0.000216546	52
0.000218448	52
0.000218981	52
0.000222065	52
0.000222192	52
0.000222837	52
0.000222841	52
0.000223153	52
0.000223456	52
0.000223594	52
0.000224126	52
0.000225472	52
0.000226952	52
0.000227175	52
0.00022829	52
0.000228436	52
0.000228446	52
0.000232631	52
0.000232878	52
0.000233507	52
0.000233972	52
0.000234424	52
0.0002345	52
0.000234516	52
0.00023587	52
0.000238601	52
0.000239046	52
0.000239427	52
0.000239505	52
0.000241265	52
0.00024159	52
0.000242522	52
0.000243444	52
0.000243453	52
0.000243468	52
0.00024564	52
0.000246517	52
0.000246567	52
0.000246847	52
0.000246865	52
0.000247576	52
0.000247746	52
0.000248029	52
0.000248253	52
0.000248254	52
0.00024838	52
0.000248543	52
0.000248604	52
0.000248789	52
0.000249043	52
0.00024955	52
0.0002504	52
0.000250648	52
0.000250891	52
0.000252181	52
0.000254427	52
0.000255016	52
0.000255984	52
0.000257293	52
0.000257438	52
0.000257531	52
0.000258587	52
0.000262396	52
0.000262653	52
0.000263264	52
0.000263561	52
0.000265262	52
0.000265332	52
0.000265376	52
0.000266243	52
0.000267266	52
0.000268547	52
0.000269336	52
0.00026943	52
0.000270062	52
0.000270615	52
0.000270735	52
0.000271881	52
0.000272007	52
0.000272204	52
0.00027243	52
0.000272854	52
0.000273579	52
0.000274421	52
0.000275002	52
0.000275156	52
0.000276004	52
0.000276029	52
0.000276369	52
0.000276719	52
0.000276796	52
0.000279855	52
0.000280782	52
0.000281045	52
0.000281179	52
0.000282265	52
0.000282854	52
0.00028295	52
0.000282966	52
0.00028727	52
0.000287661	52
0.000288881	52
0.000289222	52
0.00029015	52
0.000290694	52
0.000290741	52
0.00029105	52
0.000292046	52
0.00029444	52
0.000296864	52
0.000297421	52
0.000298058	52
0.000302238	52
0.000302849	52
0.000303534	52
0.000303579	52
0.000305273	52
0.00030736	52
0.000307411	52
0.000308678	52
0.000309955	52
0.000310037	52
0.000310937	52
0.000311974	52
0.000312039	52
0.000312177	52
0.000312338	52
0.000314125	52
0.000315025	52
0.000316165	52
0.000317139	52
0.000317364	52
0.00031811	52
0.000319747	52
0.000321526	52
0.000325537	52
0.000326148	52
0.000331408	52
0.000331478	52
0.000335212	52
0.000336726	52
0.000336768	52
0.000338354	52
0.000340035	52
0.00034036	52
0.00034251	52
0.000342608	52
0.000342765	52
0.000343657	52
0.000343683	52
0.000345138	52
0.000349036	52
0.000349037	52
0.0003493	52
0.000351938	52
0.000352847	52
0.000353703	52
0.000355579	52
0.000357618	52
0.000359441	52
0.000359701	52
0.000364259	52
0.000368439	52
0.000369254	52
0.000370297	52
0.000371428	52
0.00037238	52
0.000374046	52
0.00037421	52
0.000374826	52
0.000376475	52
0.000376972	52
0.000377551	52
0.000377639	52
0.000378541	52
0.000379083	52
0.000382089	52
0.000386523	52
0.00038804	52
0.000388238	52
0.00039166	52
0.00039247	52
0.000393272	52
0.000393632	52
0.000394076	52
0.000394623	52
0.000394785	52
0.000397745	52
0.000400763	52
0.000401968	52
0.000404007	52
0.000405874	52
0.000410521	52
0.000414941	52
0.000417492	52
0.000418452	52
0.000419921	52
0.000422987	52
0.000424322	52
0.000432872	52
0.000437365	52
0.000438533	52
0.000440378	52
0.000442796	52
0.000448345	52
0.000448689	52
0.000452837	52
0.000454962	52
0.000455522	52
0.000456614	52
0.000456893	52
0.000458625	52
0.000459691	52
0.000461439	52
0.000464422	52
0.000465011	52
0.000471843	52
0.000474992	52
0.000488267	52
0.000489962	52
0.000491884	52
0.00049442	52
0.000494763	52
0.000496176	52
0.000496911	52
0.0005002	52
0.000505708	52
0.000507069	52
0.000513516	52
0.000521044	52
0.000524174	52
0.000529443	52
0.000530226	52
0.000540423	52
0.000543199	52
0.000549	52
0.000551863	52
0.000553803	52
0.000556918	52
0.000564817	52
0.000567125	52
0.000568952	52
0.000580026	52
0.000584073	52
0.000591595	52
0.000593261	52
0.000602262	52
0.000606952	52
0.000607155	52
0.000615573	52
0.000622307	52
0.000626372	52
0.000629768	52
0.000653261	52
0.00065655	52
0.000657548	52
0.000668898	52
0.000676145	52
0.000689362	52
0.000697624	52
0.000701624	52
0.00070483	52
0.000717499	52
0.000740405	52
0.000761605	52
0.000768478	52
0.000777815	52
0.000780691	52
0.000803796	52
0.000807704	52
0.00081958	52
0.000832145	52
0.000836635	52
0.000840458	52
0.000860858	52
0.000864099	52
0.000888104	52
0.000896654	52
0.000899995	52
0.000905356	52
0.000909684	52
0.000913635	52
0.000927642	52
0.000939419	52
0.000944472	52
0.00104106	52
0.00104302	52
0.00104991	52
0.00109899	52
0.0011077	52
0.00112627	52
0.00117378	52
0.0011761	52
0.00125435	52
0.00126034	52
0.00129702	52
0.00132716	52
0.00132949	52
0.00136308	52
0.00158006	52
0.00168249	52
0.00171304	52
0.00188557	52
0.00192575	52
0.0319887	52
0.0319888	52
0.0319888	52
0.031989	52
0.031989	52
0.0319891	52
0.0319893	52
0.0319895	52
0.0319895	52
0.0319896	52
0.0319897	52
0.0319902	52
0.0319903	52
0.0319903	52
0.0319904	52
0.0319905	52
0.0319905	52
0.0319908	52
0.0319912	52
0.0319917	52
0.0319919	52
0.0319922	52
0.0319927	52
0.0319928	52
0.031993	52
0.0319932	52
0.0319943	52
0.0319947	52
0.0319954	52
0.0319974	52
0.031999	52
0.0319996	52
0.0320033	52
0.0320049	52
0.0320052	52
0.0320055	52
0.0320081	52
0.0320115	52
0.0320124	52
0.0320125	52
0.0320127	52
0.0320204	52
0.0320207	52
0.0320228	52
0.0320255	52
0.0320273	52
0.0320295	52
0.0320307	52
0.0320328	52
0.0320344	52
0.0320362	52
0.0320381	52
0.0320382	52
0.032041	52
0.0320438	52
0.0320456	52
0.0320482	52
0.0320557	52
0.0320563	52
0.032072	52
0.0320766	52
0.0320868	52
0.032087	52
0.032101	52
0.0321261	52
0.0321298	52
0.0321387	52
0.032141	52
0.0321432	52
0.0321463	52
0.0321464	52
0.0321607	52
0.0321767	52
0.0321976	52
0.0322068	52
0.0322086	52
0.0322109	52
0.0322252	52
0.0322471	52
0.0322527	52
0.0322773	52
0.03228	52
0.0323209	52
0.032365	52
0.0323706	52
0.0323967	52
0.0323975	52
0.0324031	52
0.0324211	52
0.0324355	52
0.0324538	52
0.0324591	52
0.0325012	52
0.0325633	52
0.0325731	52
0.0326112	52
0.0328119	52
0.0328246	52
0.0328456	52
0.0329471	52
0.0342068	52
0.0374142	52
0.0374143	52
0.0374143	52
0.0374144	52
0.0374145	52
0.0374146	52
0.0374148	52
0.0374149	52
0.0374151	52
0.0374152	52
0.0374154	52
0.0374156	52
0.0374159	52
0.0374161	52
0.0374175	52
0.0374177	52
0.0374189	52
0.0374202	52
0.0374219	52
0.0374221	52
0.0374246	52
0.0374271	52
0.0374273	52
0.037428	52
0.0374295	52
0.0374386	52
0.0374463	52
0.0374556	52
0.0374685	52
0.0374793	52
0.0375653	52
0.037568	52
0.0379582	52
0.0387632	52
0.0387632	52
0.0387632	52
0.0387633	52
0.0387633	52
0.0387633	52
0.0387635	52
0.0387636	52
0.0387637	52
0.0387638	52
0.0387641	52
0.0387642	52
0.0387643	52
0.0387647	52
0.0387652	52
0.0387658	52
0.038766	52
0.0387662	52
0.0387664	52
0.0387669	52
0.0387671	52
0.0387675	52
0.0387678	52
0.038768	52
0.0387681	52
0.0387698	52
0.0387705	52
0.0387706	52
0.0387718	52
0.0387721	52
0.0387745	52
0.0387823	52
0.038796	52
0.0388171	52
0.0391247	52
0.0393524	52
0.0403682	52
0.0404035	52
0.0404067	52
0.0404245	52
0.0404837	52
0.0404894	52
0.0406247	52
0.0406566	52
0.0407587	52
0.0407588	52
0.0407593	52
0.0407595	52
0.0407598	52
0.0407598	52
0.0407599	52
0.040761	52
0.040761	52
0.0407622	52
0.0407628	52
0.0407629	52
0.0407637	52
0.0407637	52
0.0407645	52
0.0407656	52
0.0407661	52
0.0407787	52
0.0408258	52
0.051474	52
0.0514742	52
0.0514745	52
0.0514747	52
0.051475	52
0.051475	52
0.0514758	52
0.051476	52
0.0514788	52
0.0514793	52
0.0514796	52
0.0514803	52
0.0514812	52
0.0514895	52
0.0514983	52
0.0515257	52
0.0515719	52
0.0515817	52
0.0515841	52
0.0517747	52
0.051814	52
0.0518604	52
0.0518605	52
0.0518636	52
0.0518687	52
0.0518702	52
0.0518736	52
0.0518952	52
0.0518986	52
0.0519296	52
0.0520441	52
0.0604022	52
0.060403	52
0.0604045	52
0.0604046	52
0.0604052	52
0.0604082	52
0.0604105	52
0.0604131	52
0.0604131	52
0.0604324	52
0.0604428	52
0.0604577	52
0.0604636	52
0.0604647	52
0.0604692	52
0.0604714	52
0.0604721	52
0.0605405	52
0.0605426	52
0.0605562	52
0.0606216	52
0.0606253	52
0.0607206	52
0.0607435	52
0.060786	52
0.0608152	52
0.0608445	52
0.0609382	52
0.0609412	52
0.0610301	52
0.0611555	52
0.0611686	52
0.0612909	52
0.0619102	52
0.0621914	52
0.0730184	52
0.0730186	52
0.0730188	52
0.0730191	52
0.0730194	52
0.0730196	52
0.0730201	52
0.0730201	52
0.0730207	52
0.073021	52
0.0730211	52
0.0730215	52
0.0730216	52
0.0730217	52
0.0730218	52
0.0730218	52
0.0730233	52
0.0730235	52
0.0730246	52
0.0730267	52
0.0730279	52
0.073029	52
0.0730303	52
0.0730331	52
0.0730398	52
0.0730419	52
0.0730466	52
0.0730672	52
0.0730937	52
0.0731053	52
0.0731843	52
0.0731906	52
0.0732124	52
0.0732268	52
0.0732525	52
0.0733487	52
0.0734967	52
0.073568	52
0.0737022	52
0.0737156	52
0.0737583	52
0.0741607	52
0.0745066	52
0.0747302	52
0.0747358	52
0.0747399	52
0.0747621	52
0.0748174	52
0.0749301	52
0.0753543	52
0.0753636	52
0.0753849	52
0.0756287	52
0.0763143	52
0.0763156	52
0.0763179	52
0.076336	52
0.092812	52
0.0928121	52
0.0928127	52
0.0928134	52
0.0928137	52
0.0928142	52
0.0928143	52
0.0928143	52
0.0928144	52
0.0928145	52
0.0928147	52
0.0928162	52
0.0928163	52
0.0928217	52
0.0928283	52
0.0928343	52
0.0931196	52
0.0931217	52
0.0934264	52
0.0974261	52
0.0974261	52
0.0974264	52
0.0974267	52
0.0974366	52
0.0974369	52
0.0974429	52
0.0974647	52
0.132968	52
0.132969	52
0.132969	52
0.132969	52
0.132969	52
0.132969	52
0.132969	52
0.132969	52
0.132969	52
0.132969	52
0.13297	52
0.13297	52
0.13297	52
0.132971	52
0.132972	52
0.132972	52
0.132975	52
0.13298	52
0.132985	52
0.133001	52
0.133057	52
0.136822	52
0.136829	52
0.136836	52
0.136883	52
0.136976	52
0.137237	52
0.13728	52
0.140015	52
0.140016	52
0.140016	52
0.140018	52
0.140018	52
0.140019	52
0.140019	52
0.14002	52
0.140021	52
0.140022	52
0.140028	52
0.140064	52
0.148083	52
0.148083	52
0.14809	52
0.169658	52
0.16966	52
0.169663	52
0.169663	52
0.169664	52
0.169666	52
0.169671	52
0.169672	52
0.169695	52
0.169994	52
0.171107	52
0.171111	52
0.171116	52
0.171118	52
0.171187	52
0.175238	52
0.175252	52
0.175265	52
0.175499	52
0.175506	52
0.175762	52
0.179648	52
0.198035	52
0.198036	52
0.198037	52
0.198038	52
0.198041	52
0.198042	52
0.198042	52
0.198053	52
0.198059	52
0.20125	52
0.20285	52
0.20285	52
0.202851	52
0.202852	52
0.202862	52
0.203698	52
0.213264	52
0.213269	52
0.213281	52
0.213302	52
0.227051	52
0.227052	52
0.227056	52
0.227076	52
0.227079	52
0.23005	52
0.23011	52
0.236139	52
0.236139	52
0.236165	52
0.239767	52
0.239783	52
0.239813	52
0.240925	52
0.241401	52
0.248924	52
0.248926	52
0.248927	52
0.248936	52
0.248974	52
0.258251	52
0.258254	52
0.258259	52
0.259407	52
0.262068	52
0.26207	52
0.262108	52
0.262119	52
0.262554	52
0.262559	52
0.263635	52
0.263758	52
0.266411	52
0.266414	52
0.266418	52
0.266424	52
0.266493	52
0.284889	52
0.28489	52
0.284893	52
0.284893	52
0.284902	52
0.28497	52
0.286589	52
0.288175	52
0.288178	52
0.28818	52
0.294411	52
0.294412	52
0.294419	52
0.294429	52
0.30916	52
0.309164	52
0.309165	52
0.309167	52
0.309172	52
0.309184	52
0.309187	52
0.309247	52
0.309252	52
0.33455	52
0.33455	52
0.334552	52
0.334552	52
0.334555	52
0.334559	52
0.334563	52
0.334717	52
0.334878	52
0.335065	52
0.341581	52
0.364215	52
0.364215	52
0.364215	52
0.364216	52
0.364217	52
0.364218	52
0.364218	52
0.364221	52
0.364221	52
0.364222	52
0.364234	52
0.364267	52
0.364325	52
0.386671	52
0.386672	52
0.386692	52
0.386727	52
0.38871	52
0.388728	52
0.393912	52
0.393917	52
0.393917	52
0.393938	52
0.394725	52
0.396227	52
0.42326	52
0.423261	52
0.423262	52
0.423265	52
0.423268	52
0.423283	52
0.423335	52
0.447523	52
0.447524	52
0.447525	52
0.447525	52
0.447526	52
0.447527	52
0.447546	52
0.447571	52
0.447836	52
0.447837	52
0.447837	52
0.451528	52
0.451533	52
0.469767	52
0.469768	52
0.469778	52
0.469781	52
0.46981	52
0.527369	52
0.527369	52
0.527371	52
0.527371	52
0.527372	52
0.527373	52
0.527378	52
0.527381	52
0.527381	52
0.527385	52
0.548205	52
0.548205	52
0.548206	52
0.548213	52
0.548229	52
0.548246	52
0.555245	52
0.555253	52
0.555256	52
0.58381	52
0.58381	52
0.58381	52
0.583811	52
0.583811	52
0.583812	52
0.583824	52
0.583843	52
0.583936	52
0.586311	52
0.586316	52
0.586322	52
0.586378	52
0.628747	52
0.628748	52
0.628749	52
0.628751	52
0.628752	52
0.62876	52
0.628768	52
0.62877	52
0.629082	52
0.637109	52
0.637113	52
0.637119	52
0.637276	52
0.640989	52
0.648413	52
0.648414	52
0.648421	52
0.648425	52
0.64843	52
0.648626	52
0.654981	52
0.655001	52
0.655005	52
0.657857	52
0.657858	52
0.657871	52
0.657908	52
0.672812	52
0.672813	52
0.672814	52
0.672814	52
0.672815	52
0.672818	52
0.672821	52
0.672821	52
0.672837	52
0.690431	52
0.690433	52
0.690433	52
0.690434	52
0.690435	52
0.690436	52
0.69047	52
0.698582	52
0.698603	52
0.698623	52
0.698632	52
0.700972	52
0.700975	52
0.701014	52
0.704718	52
0.704947	52
0.705121	52
0.705124	52
0.705151	52
0.705172	52
0.707116	52
0.707117	52
0.707133	52
0.707143	52
0.712196	52
0.712197	52
0.712199	52
0.7122	52
0.712225	52
0.713954	52
0.71396	52
0.713962	52
0.748649	52
0.74865	52
0.748651	52
0.748652	52
0.748653	52
0.748659	52
0.748677	52
0.748761	52
0.74902	52
0.749025	52
0.749039	52
0.749203	52
0.749222	52
0.749232	52
0.761711	52
0.761713	52
0.761714	52
0.76173	52
0.762008	52
0.78302	52
0.783021	52
0.783022	52
0.783023	52
0.783027	52
0.783029	52
0.783225	52
0.792979	52
0.792981	52
0.793003	52
0.793037	52
0.794444	52
0.794456	52
0.794589	52
0.794624	52
0.798781	52
0.798782	52
0.79881	52
0.8066	52
0.806612	52
0.806612	52
0.806614	52
0.806702	52
0.811624	52
0.811626	52
0.811661	52
0.820018	52
0.820019	52
0.820023	52
0.820024	52
0.820054	52
0.829551	52
0.829569	52
0.829569	52
0.839291	52
0.839292	52
0.839292	52
0.839294	52
0.839294	52
0.839296	52
0.841198	52
0.841202	52
0.841225	52
0.852879	52
0.85288	52
0.852881	52
0.852884	52
0.852885	52
0.852904	52
0.865685	52
0.865686	52
0.865688	52
0.865689	52
0.865691	52
0.865694	52
0.865697	52
0.875267	52
0.875271	52
0.875277	52
0.875283	52
0.880628	52
0.880636	52
0.8977	52
0.8977	52
0.8977	52
0.897701	52
0.897706	52
0.899972	52
0.899973	52
0.906877	52
0.906879	52
0.906889	52
0.906893	52
0.906926	52
0.907346	52
0.928285	52
0.928285	52
0.928286	52
0.928291	52
0.928294	52
0.928313	52
0.928317	52
0.928324	52
0.928325	52
0.9432	52
0.943201	52
0.943205	52
0.943209	52
0.94322	52
0.944092	52
0.944094	52
0.944098	52
0.944124	52
0.948216	52
0.948218	52
0.948271	52
0.966192	52
0.966197	52
0.966198	52
0.966236	52
0.972335	52
0.972337	52
0.972338	52
0.972346	52
0.972348	52
0.972432	52
0.98266	52
0.982667	52
0.982699	52
0.991434	52
0.991435	52
0.991444	52
0.991445	52
0.991445	52
0.991458	52
0.99422	52
0.994225	52
0.994245	52
0.996066	52
0.996074	52
0.996075	52
1.03034	52
1.03034	52
1.03034	52
1.03034	52
1.03034	52
1.03035	52
1.03035	52
1.03744	52
1.03744	52
1.04275	52
1.04276	52
1.04276	52
1.04276	52
1.04278	52
1.04279	52
1.04285	52
1.0454	52
1.0454	52
1.0454	52
1.0454	52
1.04541	52
1.04542	52
1.04599	52
1.0607	52
1.0607	52
1.06075	52
1.08102	52
1.08102	52
1.08102	52
1.08103	52
1.08103	52
1.08105	52
1.10061	52
1.10061	52
1.10061	52
1.10062	52
1.10062	52
1.10067	52
1.10291	52
1.10291	52
1.10293	52
1.10294	52
1.10491	52
1.10492	52
1.10492	52
1.12773	52
1.12774	52
1.12774	52
1.12774	52
1.12774	52
1.12775	52
1.12995	52
1.13025	52
1.13049	52
1.13196	52
1.13393	52
1.13393	52
1.13396	52
1.13399	52
1.13865	52
1.13865	52
1.13866	52
1.13867	52
1.13991	52
1.13991	52
1.13992	52
1.13994	52
1.1471	52
1.14711	52
1.14712	52
1.16478	52
1.16478	52
1.16479	52
1.16483	52
1.17131	52
1.17131	52
1.17131	52
1.17132	52
1.17132	52
1.17132	52
1.17133	52
1.17559	52
1.1756	52
1.1756	52
1.1756	52
1.18959	52
1.1896	52
1.1896	52
1.1896	52
1.1896	52
1.20887	52
1.20887	52
1.20888	52
1.20888	52
1.20889	52
1.20891	52
1.21771	52
1.21772	52
1.21774	52
1.21802	52
1.22517	52
1.22567	52
1.22589	52
1.24024	52
1.24024	52
1.24025	52
1.24026	52
1.24027	52
1.24517	52
1.24518	52
1.24518	52
1.24522	52
1.25049	52
1.25051	52
1.26336	52
1.26336	52
1.26336	52
1.26337	52
1.26339	52
1.26339	52
1.26606	52
1.26606	52
1.26607	52
1.29198	52
1.29199	52
1.29199	52
1.29199	52
1.29199	52
1.29199	52
1.29199	52
1.29201	52
1.29204	52
1.29382	52
1.29383	52
1.29384	52
1.29442	52
1.33651	52
1.33651	52
1.33651	52
1.33651	52
1.33651	52
1.33651	52
1.33651	52
1.33652	52
1.33652	52
1.33682	52
1.33717	52
1.34192	52
1.34193	52
1.34207	52
1.34288	52
1.34292	52
1.34331	52
1.35436	52
1.35436	52
1.35437	52
1.3544	52
1.35444	52
1.35502	52
1.35503	52
1.35531	52
1.36597	52
1.36598	52
1.36599	52
1.366	52
1.36602	52
1.38169	52
1.38169	52
1.38169	52
1.38169	52
1.3817	52
1.38174	52
1.3855	52
1.3855	52
1.38706	52
1.38707	52
1.38707	52
1.39192	52
1.39193	52
1.39193	52
1.39194	52
1.39212	52
1.39223	52
1.39244	52
1.39776	52
1.39776	52
1.39776	52
1.40257	52
1.40257	52
1.40258	52
1.40258	52
1.41971	52
1.41971	52
1.41971	52
1.41971	52
1.41971	52
1.41972	52
1.41973	52
1.41976	52
1.42911	52
1.42911	52
1.42913	52
1.4293	52
1.44143	52
1.44145	52
1.44145	52
1.44148	52
1.4416	52
1.4416	52
1.4416	52
1.4474	52
1.44741	52
1.44753	52
1.47419	52
1.47419	52
1.4742	52
1.4742	52
1.4742	52
1.4742	52
1.4742	52
1.47425	52
1.48185	52
1.48186	52
1.48186	52
1.48186	52
1.48187	52
1.48376	52
1.48377	52
1.48381	52
1.48555	52
1.48555	52
1.48556	52
1.49521	52
1.49521	52
1.49521	52
1.49523	52
1.49524	52
1.49642	52
1.49642	52
1.49644	52
1.49647	52
1.49662	52
1.49662	52
1.50952	52
1.50952	52
1.50952	52
1.50953	52
1.50955	52
1.50989	52
1.54477	52
1.54477	52
1.54477	52
1.54477	52
1.54478	52
1.54478	52
1.54479	52
1.54483	52
1.54633	52
1.54638	52
1.56592	52
1.56592	52
1.56593	52
1.56594	52
1.56597	52
1.56867	52
1.56867	52
1.56867	52
1.56868	52
1.58787	52
1.58787	52
1.58788	52
1.58788	52
1.58791	52
1.58878	52
1.58883	52
1.58883	52
1.58883	52
1.59369	52
1.59369	52
1.59369	52
1.59369	52
1.5937	52
1.59373	52
1.60627	52
1.60629	52
1.6063	52
1.60631	52
1.60675	52
1.62239	52
1.62239	52
1.62239	52
1.6224	52
1.6224	52
1.6224	52
1.6224	52
1.62242	52
1.63113	52
1.63115	52
1.63116	52
1.63119	52
1.63877	52
1.63887	52
1.64773	52
1.64773	52
1.64774	52
1.64774	52
1.64782	52
1.64858	52
1.65612	52
1.65612	52
1.65617	52
1.65627	52
1.65642	52
1.66759	52
1.66759	52
1.66761	52
1.71685	52
1.71685	52
1.71685	52
1.71685	52
1.71685	52
1.71685	52
1.71685	52
1.71685	52
1.71685	52
1.71686	52
1.71687	52
1.71689	52
1.73984	52
1.73984	52
1.73985	52
1.73987	52
1.73987	52
1.7509	52
1.75091	52
1.75091	52
1.75092	52
1.75099	52
1.75592	52
1.75593	52
1.75602	52
1.75987	52
1.75987	52
1.75988	52
1.75989	52
1.7599	52
1.75994	52
1.77399	52
1.77399	52
1.77399	52
1.774	52
1.774	52
1.77401	52
1.77706	52
1.77711	52
1.81189	52
1.81189	52
1.81189	52
1.81189	52
1.81189	52
1.8119	52
1.8119	52
1.81191	52
1.81191	52
1.81193	52
1.81536	52
1.81545	52
1.82084	52
1.82085	52
1.82086	52
1.82086	52
1.82627	52
1.82628	52
1.82629	52
1.8263	52
1.83082	52
1.83083	52
1.83083	52
1.84433	52
1.84433	52
1.84433	52
1.84433	52
1.84433	52
1.84434	52
1.84434	52
1.84776	52
1.84784	52
1.85679	52
1.8568	52
1.85682	52
1.85692	52
1.86823	52
1.86823	52
1.87357	52
1.88436	52
1.88437	52
1.88437	52
1.88437	52
1.88437	52
1.88437	52
1.88437	52
1.88438	52
1.8844	52
1.89058	52
1.89084	52
1.89084	52
1.89084	52
1.89084	52
1.89096	52
1.89097	52
1.89534	52
1.89534	52
1.89535	52
1.89535	52
1.89535	52
1.89537	52
1.89537	52
1.90421	52
1.90421	52
1.90618	52
1.90619	52
1.90619	52
1.90619	52
1.91658	52
1.91659	52
1.91659	52
1.91659	52
1.9166	52
1.9166	52
1.91661	52
1.92429	52
1.92429	52
1.9244	52
1.9346	52
1.9346	52
1.93461	52
1.9347	52
1.942	52
1.94206	52
1.95005	52
1.95005	52
1.95005	52
1.95005	52
1.95006	52
1.95006	52
1.95007	52
1.95007	52
1.96477	52
1.96478	52
1.96479	52
1.96479	52
1.9648	52
1.96539	52
1.96541	52
1.96541	52
1.96542	52
1.97228	52
1.9723	52
1.97326	52
1.97327	52
1.98247	52
1.98248	52
1.98248	52
1.9825	52
1.98254	52
1.99362	52
1.99362	52
1.99362	52
1.99362	52
1.99363	52
1.99363	52
1.99363	52
1.99365	52
2.01298	52
2.01298	52
2.01298	52
2.01298	52
2.01299	52
2.01299	52
2.01303	52
2.01313	52
2.01313	52
2.01313	52
2.03059	52
2.0306	52
2.03061	52
2.03061	52
2.07002	52
2.07002	52
2.07002	52
2.07003	52
2.07003	52
2.07003	52
2.07004	52
2.07005	52
2.07917	52
2.07917	52
2.07918	52
2.07935	52
2.09385	52
2.09385	52
2.09386	52
2.09386	52
2.09708	52
2.09716	52
2.10932	52
2.10933	52
2.10976	52
2.11854	52
2.11856	52
2.11857	52
2.11876	52
2.14269	52
2.14269	52
2.14269	52
2.14269	52
2.1427	52
2.1427	52
2.1427	52
2.1427	52
2.1427	52
2.14271	52
2.14473	52
2.14473	52
2.14474	52
2.14474	52
2.14474	52
2.14478	52
2.17925	52
2.17925	52
2.17925	52
2.17925	52
2.17925	52
2.17926	52
2.17929	52
2.18339	52
2.1834	52
2.1834	52
2.18343	52
2.18498	52
2.18498	52
2.185	52
2.19015	52
2.21287	52
2.21287	52
2.21287	52
2.21288	52
2.2129	52
2.21315	52
2.21544	52
2.21546	52
2.21558	52
2.22001	52
2.22004	52
2.2202	52
2.23546	52
2.23547	52
2.23547	52
2.23549	52
2.23952	52
2.23952	52
2.23952	52
2.23952	52
2.23953	52
2.23954	52
2.23954	52
2.23963	52
2.24624	52
2.24624	52
2.24627	52
2.24628	52
2.28202	52
2.28202	52
2.28202	52
2.28202	52
2.28202	52
2.28202	52
2.28203	52
2.28203	52
2.28204	52
2.29458	52
2.29459	52
2.29459	52
2.29459	52
2.29459	52
2.30849	52
2.30849	52
2.30849	52
2.30849	52
2.30851	52
2.30856	52
2.30864	52
2.30968	52
2.30969	52
2.30969	52
2.30973	52
2.32197	52
2.32198	52
2.32198	52
2.32201	52
2.32253	52
2.32253	52
2.32253	52
2.32257	52
2.32561	52
2.32561	52
2.32562	52
2.33295	52
2.33295	52
2.33297	52
2.33301	52
2.33828	52
2.33828	52
2.33829	52
2.33836	52
2.34021	52
2.34023	52
2.34024	52
2.34035	52
2.36384	52
2.36384	52
2.36384	52
2.36385	52
2.36385	52
2.36386	52
2.36386	52
2.36896	52
2.36903	52
2.37694	52
2.37695	52
2.37706	52
2.38068	52
2.38071	52
2.38073	52
2.38841	52
2.38841	52
2.38844	52
2.38936	52
2.40094	52
2.40094	52
2.40639	52
2.40639	52
2.4064	52
2.4064	52
2.4064	52
2.40642	52
2.4065	52
2.4155	52
2.41551	52
2.41552	52
2.41561	52
2.41571	52
2.41572	52
2.41572	52
2.41605	52
2.41605	52
2.41605	52
2.41605	52
2.41606	52
2.42025	52
2.42031	52
2.42037	52
2.42137	52
2.42137	52
2.42137	52
2.46583	52
2.46583	52
2.46583	52
2.46583	52
2.46583	52
2.46584	52
2.46584	52
2.46584	52
2.4659	52
2.49648	52
2.49649	52
2.49649	52
2.49649	52
2.4965	52
2.49673	52
2.506	52
2.50601	52
2.50606	52
2.50643	52
2.51471	52
2.51472	52
2.51472	52
2.51472	52
2.51472	52
2.51473	52
2.51476	52
2.51487	52
2.51627	52
2.51628	52
2.51642	52
2.52041	52
2.52056	52
2.53247	52
2.53247	52
2.53248	52
2.55538	52
2.55538	52
2.55538	52
2.55538	52
2.55539	52
2.55539	52
2.55542	52
2.56968	52
2.56968	52
2.56968	52
2.56968	52
2.5697	52
2.5697	52
2.56973	52
2.57257	52
2.57258	52
2.57258	52
2.57263	52
2.59382	52
2.59382	52
2.59383	52
2.59386	52
2.59422	52
2.59425	52
2.59425	52
2.61635	52
2.61635	52
2.61635	52
2.61636	52
2.61637	52
2.61638	52
2.61638	52
2.62279	52
2.63489	52
2.63489	52
2.63494	52
2.64479	52
2.6448	52
2.6448	52
2.6448	52
2.64481	52
2.64486	52
2.64751	52
2.64752	52
2.64753	52
2.64753	52
2.6476	52
2.65404	52
2.65405	52
2.65411	52
2.65741	52
2.66221	52
2.66221	52
2.66221	52
2.66222	52
2.66222	52
2.68757	52
2.68757	52
2.68757	52
2.68757	52
2.68757	52
2.68758	52
2.68788	52
2.6941	52
2.69411	52
2.69411	52
2.69411	52
2.69413	52
2.70552	52
2.70554	52
2.71278	52
2.71278	52
2.71278	52
2.75447	52
2.75447	52
2.75447	52
2.75447	52
2.75447	52
2.75448	52
2.75448	52
2.75448	52
2.75449	52
2.7546	52
2.75933	52
2.75935	52
2.75935	52
2.76284	52
2.76284	52
2.76284	52
2.7629	52
2.76668	52
2.76671	52
2.76672	52
2.76674	52
2.80334	52
2.80334	52
2.80334	52
2.80334	52
2.80334	52
2.80335	52
2.80335	52
2.80336	52
2.80349	52
2.81727	52
2.81727	52
2.81728	52
2.82656	52
2.82656	52
2.82656	52
2.82657	52
2.82657	52
2.82658	52
2.82659	52
2.82662	52
2.83855	52
2.8386	52
2.83863	52
2.83867	52
2.84986	52
2.8501	52
2.85013	52
2.85352	52
2.85352	52
2.85352	52
2.85357	52
2.87586	52
2.87586	52
2.87587	52
2.87587	52
2.87587	52
2.87589	52
2.87596	52
2.88995	52
2.88995	52
2.88995	52
2.88996	52
2.89	52
2.89	52
2.89657	52
2.89658	52
2.89658	52
2.89659	52
2.89663	52
2.89767	52
2.89768	52
2.89775	52
2.90272	52
2.90272	52
2.90273	52
2.90277	52
2.91063	52
2.91064	52
2.91065	52
2.91065	52
2.91414	52
2.91414	52
2.91414	52
2.91416	52
2.91416	52
2.91434	52
2.93641	52
2.93641	52
2.93641	52
2.93641	52
2.93641	52
2.93641	52
2.93642	52
2.93649	52
2.94597	52
2.94597	52
2.94628	52
2.95006	52
2.95775	52
2.95775	52
2.9772	52
2.9772	52
2.97721	52
2.97721	52
2.97722	52
2.97722	52
2.97723	52
2.97723	52
2.97746	52
2.98298	52
2.98298	52
2.98299	52
2.98299	52
2.983	52
2.98302	52
2.99454	52
2.99456	52
2.9946	52
3.0054	52
3.0054	52
3.00543	52
3.00547	52
3.0077	52
3.00852	52
3.00854	52
3.00854	52
3.00856	52
3.00963	52
3.00963	52
3.00964	52
3.00965	52
3.0225	52
3.0225	52
3.02252	52
3.02262	52
3.02918	52
3.02918	52
3.02919	52
3.02924	52
3.02926	52
3.02926	52
3.02926	52
3.03014	52
3.03032	52
3.04838	52
3.04839	52
3.0484	52
3.0484	52
3.0484	52
3.04846	52
3.04868	52
3.04984	52
3.04988	52
3.05922	52
3.05922	52
3.06354	52
3.06354	52
3.06636	52
3.06636	52
3.06636	52
3.06636	52
3.06637	52
3.06637	52
3.06637	52
3.06646	52
3.06774	52
3.07212	52
3.08312	52
3.08313	52
3.08313	52
3.08407	52
3.08521	52
3.08521	52
3.08522	52
3.08522	52
3.08527	52
3.09464	52
3.09464	52
3.09464	52
3.09469	52
3.09473	52
3.12492	52
3.12493	52
3.12493	52
3.12493	52
3.125	52
3.12501	52
3.13682	52
3.13683	52
3.13683	52
3.13683	52
3.13684	52
3.13686	52
3.13687	52
3.1466	52
3.1466	52
3.17005	52
3.17005	52
3.17005	52
3.17005	52
3.17006	52
3.17007	52
3.17008	52
3.1701	52
3.17052	52
3.18208	52
3.18208	52
3.18209	52
3.1821	52
3.18227	52
3.1853	52
3.18531	52
3.18531	52
3.18537	52
3.19204	52
3.1944	52
3.19443	52
3.19454	52
3.22414	52
3.22414	52
3.22414	52
3.22415	52
3.22415	52
3.22416	52
3.22421	52
3.24553	52
3.24554	52
3.25688	52
3.25689	52
3.2569	52
3.30613	52
3.30613	52
3.30614	52
3.30614	52
3.30615	52
3.30615	52
3.31358	52
3.31359	52
3.31359	52
3.31359	52
3.31361	52
3.32598	52
3.326	52
3.326	52
3.32606	52
3.34014	52
3.34014	52
3.34014	52
3.34015	52
3.34015	52
3.34016	52
3.34017	52
3.34052	52
3.36789	52
3.36789	52
3.36789	52
3.36789	52
3.3679	52
3.3679	52
3.36799	52
3.36975	52
3.36975	52
3.36976	52
3.36978	52
3.37498	52
3.37499	52
3.37521	52
3.37624	52
3.37624	52
3.37624	52
3.37629	52
3.3766	52
3.37662	52
3.37663	52
3.37663	52
3.38153	52
3.38154	52
3.38154	52
3.38159	52
3.39398	52
3.39399	52
3.39399	52
3.394	52
3.39401	52
3.39405	52
3.40921	52
3.40921	52
3.40921	52
3.40922	52
3.40925	52
3.40927	52
3.40932	52
3.4262	52
3.42624	52
3.42625	52
3.43759	52
3.43759	52
3.4376	52
3.43765	52
3.45529	52
3.45529	52
3.45529	52
3.4553	52
3.45532	52
3.45534	52
3.46205	52
3.46206	52
3.46207	52
3.46287	52
3.46289	52
3.46296	52
3.46554	52
3.46554	52
3.46554	52
3.46556	52
3.46693	52
3.46693	52
3.46697	52
3.4707	52
3.4707	52
3.47071	52
3.48385	52
3.48385	52
3.48387	52
3.49417	52
3.49418	52
3.49419	52
3.49423	52
3.49424	52
3.498	52
3.498	52
3.49802	52
3.49803	52
3.49804	52
3.49939	52
3.50726	52
3.50727	52
3.50727	52
3.50727	52
3.5076	52
3.50762	52
3.50766	52
3.51456	52
3.51456	52
3.5146	52
3.5147	52
3.56215	52
3.56215	52
3.56215	52
3.56215	52
3.56215	52
3.56216	52
3.56222	52
3.56225	52
3.5781	52
3.5781	52
3.5781	52
3.5782	52
3.57959	52
3.57959	52
3.57963	52
3.58421	52
3.58421	52
3.58421	52
3.58422	52
3.58422	52
3.59713	52
3.59714	52
3.59716	52
3.59727	52
3.62592	52
3.62593	52
3.62593	52
3.62593	52
3.62593	52
3.62595	52
3.62596	52
3.62602	52
3.63627	52
3.63627	52
3.63628	52
3.63639	52
3.65995	52
3.65995	52
3.65995	52
3.65995	52
3.65996	52
3.65997	52
3.65998	52
3.66165	52
3.66166	52
3.66166	52
3.66756	52
3.66756	52
3.66757	52
3.67059	52
3.6706	52
3.6706	52
3.67062	52
3.67658	52
3.67658	52
3.67658	52
3.67658	52
3.67659	52
3.67662	52
3.678	52
3.678	52
3.67801	52
3.67805	52
3.72794	52
3.72795	52
3.72795	52
3.72795	52
3.72795	52
3.72795	52
3.72796	52
3.72804	52
3.72818	52
3.7296	52
3.72961	52
3.72962	52
3.72968	52
3.7564	52
3.75641	52
3.75641	52
3.75641	52
3.75643	52
3.7565	52
3.75682	52
3.75682	52
3.75682	52
3.7598	52
3.75982	52
3.75983	52
3.76452	52
3.76453	52
3.76457	52
3.76913	52
3.76914	52
3.76914	52
3.76916	52
3.80827	52
3.80828	52
3.80828	52
3.80828	52
3.80829	52
3.80829	52
3.80829	52
3.80837	52
3.813	52
3.813	52
3.81303	52
3.81304	52
3.83125	52
3.83125	52
3.83126	52
3.83127	52
3.83127	52
3.83883	52
3.83885	52
3.83886	52
3.86377	52
3.86378	52
3.86378	52
3.86378	52
3.86379	52
3.86387	52
3.89535	52
3.89535	52
3.89535	52
3.89536	52
3.89536	52
3.89551	52
3.89552	52
3.90376	52
3.90376	52
3.90377	52
3.90383	52
3.91462	52
3.91463	52
3.91465	52
3.91496	52
3.91646	52
3.91648	52
3.91652	52
3.92517	52
3.92624	52
3.92821	52
3.92823	52
3.92915	52
3.93216	52
3.97838	52
3.97838	52
3.97838	52
3.97838	52
3.97838	52
3.9784	52
3.97845	52
3.98846	52
3.98846	52
3.98846	52
3.98846	52
3.98847	52
3.98848	52
3.98854	52
3.98854	52
4.00633	52
4.00634	52
4.00634	52
4.00634	52
4.00638	52
4.01191	52
4.01192	52
4.01193	52
4.0146	52
4.01486	52
4.01594	52
4.01595	52
4.01595	52
4.01596	52
4.04514	52
4.04514	52
4.04514	52
4.04514	52
4.04515	52
4.04516	52
4.04526	52
4.05338	52
4.0534	52
4.05344	52
4.05374	52
4.05791	52
4.05793	52
4.05806	52
4.06069	52
4.0607	52
4.06071	52
4.07004	52
4.07005	52
4.07005	52
4.07005	52
4.07006	52
4.07006	52
4.08385	52
4.08385	52
4.08385	52
4.08386	52
4.08393	52
4.09554	52
4.09557	52
4.09562	52
4.0958	52
4.09802	52
4.11834	52
4.11835	52
4.11835	52
4.11835	52
4.11835	52
4.11835	52
4.11836	52
4.11836	52
4.11853	52
4.12773	52
4.12773	52
4.12791	52
4.13912	52
4.13913	52
4.13913	52
4.13921	52
4.17549	52
4.17549	52
4.1755	52
4.17551	52
4.17552	52
4.17555	52
4.1757	52
4.17653	52
4.18036	52
4.18036	52
4.18184	52
4.18446	52
4.18446	52
4.18458	52
4.1951	52
4.1951	52
4.19511	52
4.19513	52
4.19601	52
4.20225	52
4.20226	52
4.2105	52
4.2105	52
4.2105	52
4.2105	52
4.21052	52
4.25439	52
4.2544	52
4.2544	52
4.2544	52
4.2544	52
4.2544	52
4.2544	52
4.25441	52
4.25442	52
4.25443	52
4.25444	52
4.25642	52
4.25644	52
4.25663	52
4.26433	52
4.26435	52
4.26749	52
4.26749	52
4.2675	52
4.26909	52
4.27314	52
4.27315	52
4.27316	52
4.27317	52
4.27317	52
4.28071	52
4.28072	52
4.28082	52
4.2813	52
4.30326	52
4.30326	52
4.30326	52
4.30326	52
4.30326	52
4.30327	52
4.30327	52
4.30327	52
4.30327	52
4.30328	52
4.30329	52
4.30341	52
4.30372	52
4.30498	52
4.30498	52
4.305	52
4.30504	52
4.34606	52
4.34606	52
4.34607	52
4.34608	52
4.34608	52
4.34609	52
4.3461	52
4.34665	52
4.3469	52
4.35466	52
4.35466	52
4.35468	52
4.35469	52
4.37827	52
4.37827	52
4.37827	52
4.37827	52
4.37828	52
4.37828	52
4.37828	52
4.37828	52
4.38145	52
4.38147	52
4.38287	52
4.3961	52
4.39611	52
4.39612	52
4.39612	52
4.40229	52
4.4023	52
4.40231	52
4.40232	52
4.40234	52
4.4184	52
4.4184	52
4.41841	52
4.41842	52
4.41844	52
4.41847	52
4.44559	52
4.44559	52
4.44559	52
4.44559	52
4.44562	52
4.44562	52
4.44587	52
4.4648	52
4.46481	52
4.46488	52
4.46493	52
4.48828	52
4.48829	52
4.48829	52
4.48829	52
4.4883	52
4.48834	52
4.48851	52
4.48909	52
4.48909	52
4.4891	52
4.48923	52
4.49098	52
4.49099	52
4.49106	52
4.50906	52
4.50914	52
4.50937	52
4.50938	52
4.50938	52
4.50978	52
4.51097	52
4.51098	52
4.51099	52
4.51177	52
4.51177	52
4.51178	52
4.51178	52
4.51178	52
4.54066	52
4.54066	52
4.54067	52
4.54067	52
4.54069	52
4.54072	52
4.54083	52
4.54155	52
4.54155	52
4.54156	52
4.54164	52
4.5442	52
4.54421	52
4.54423	52
4.54439	52
4.5511	52
4.55129	52
4.55967	52
4.56005	52
4.56016	52
4.5887	52
4.58871	52
4.58871	52
4.58871	52
4.58871	52
4.58872	52
4.58873	52
4.58874	52
4.58875	52
4.58927	52
4.58928	52
4.58928	52
4.60137	52
4.60138	52
4.60139	52
4.60139	52
4.60144	52
4.6311	52
4.63111	52
4.63111	52
4.63112	52
4.63115	52
4.63122	52
4.64019	52
4.64019	52
4.64022	52
4.64026	52
4.65816	52
4.65816	52
4.65816	52
4.65825	52
4.65834	52
4.66803	52
4.66804	52
4.66804	52
4.66805	52
4.66805	52
4.66815	52
4.68715	52
4.68717	52
4.68717	52
4.68723	52
4.68741	52
4.69298	52
4.69299	52
4.693	52
4.69301	52
4.69312	52
4.69333	52
4.69335	52
4.69341	52
4.70915	52
4.70915	52
4.70916	52
4.70916	52
4.70916	52
4.70934	52
4.74201	52
4.74202	52
4.74202	52
4.74202	52
4.74203	52
4.74205	52
4.74205	52
4.74212	52
4.75274	52
4.75275	52
4.75281	52
4.75474	52
4.75475	52
4.75477	52
4.76205	52
4.7621	52
4.76289	52
4.77945	52
4.77946	52
4.79927	52
4.79928	52
4.79928	52
4.79938	52
4.80137	52
4.80138	52
4.80139	52
4.80145	52
4.80534	52
4.80534	52
4.80535	52
4.80537	52
4.80579	52
4.82277	52
4.82277	52
4.82277	52
4.82278	52
4.82279	52
4.82293	52
4.82295	52
4.83944	52
4.83944	52
4.83944	52
4.83948	52
4.83977	52
4.85025	52
4.85025	52
4.85025	52
4.85027	52
4.85028	52
4.85032	52
4.85434	52
4.85439	52
4.85754	52
4.85754	52
4.85766	52
4.85849	52
4.85849	52
4.85856	52
4.85902	52
4.85903	52
4.85904	52
4.85922	52
4.90282	52
4.90283	52
4.90283	52
4.90283	52
4.90285	52
4.90288	52
4.90288	52
4.90293	52
4.90986	52
4.90987	52
4.90997	52
4.91021	52
4.91211	52
4.91711	52
4.91712	52
4.91878	52
4.91888	52
4.92672	52
4.92672	52
4.92673	52
4.92675	52
4.9269	52
4.93242	52
4.93243	52
4.93244	52
4.93245	52
4.93246	52
4.93247	52
4.93321	52
4.9398	52
4.9398	52
4.93981	52
4.93984	52
4.94005	52
4.95637	52
4.95637	52
4.95637	52
4.95637	52
4.9564	52
4.95641	52
4.95641	52
4.96298	52
4.96299	52
4.96299	52
4.96304	52
4.96395	52
4.96397	52
4.96398	52
4.96398	52
4.97673	52
4.97673	52
4.97677	52
4.97682	52
4.98448	52
4.98448	52
4.9845	52
4.98463	52
4.98476	52
4.9917	52
4.99171	52
4.99172	52
4.99186	52
5.01043	52
5.01043	52
5.01044	52
5.01046	52
5.01052	52
5.02059	52
5.0206	52
5.0206	52
5.02063	52
5.02063	52
5.02067	52
5.02107	52
5.02167	52
5.04857	52
5.04858	52
5.04858	52
5.04858	52
5.04858	52
5.04862	52
5.04863	52
5.0591	52
5.0591	52
5.0591	52
5.05917	52
5.05917	52
5.15484	52
5.15484	52
5.15485	52
5.15485	52
5.15485	52
5.15488	52
5.15491	52
5.15491	52
5.15498	52
5.17	52
5.17	52
5.17001	52
5.17001	52
5.17003	52
5.1974	52
5.19741	52
5.19741	52
5.19742	52
5.19743	52
5.19745	52
5.19746	52
5.19749	52
5.20088	52
5.20089	52
5.20554	52
5.24717	52
5.24717	52
5.24718	52
5.24718	52
5.24718	52
5.24718	52
5.24723	52
5.24724	52
5.24726	52
5.25741	52
5.25741	52
5.25741	52
5.25762	52
5.26382	52
5.27783	52
5.27783	52
5.27783	52
5.27784	52
5.27784	52
5.27788	52
5.2779	52
5.27791	52
5.27799	52
5.27809	52
5.27809	52
5.27816	52
5.27826	52
5.30001	52
5.30001	52
5.30002	52
5.30004	52
5.30022	52
5.30179	52
5.3018	52
5.30196	52
5.30713	52
5.30713	52
5.30714	52
5.30716	52
5.31122	52
5.31122	52
5.31122	52
5.31138	52
5.35847	52
5.35848	52
5.35848	52
5.35848	52
5.35849	52
5.35852	52
5.35853	52
5.35855	52
5.37478	52
5.37479	52
5.3748	52
5.37481	52
5.37483	52
5.40715	52
5.40716	52
5.40717	52
5.4072	52
5.40727	52
5.40741	52
5.41057	52
5.41058	52
5.41061	52
5.44185	52
5.44185	52
5.44187	52
5.44188	52
5.44188	52
5.44189	52
5.44192	52
5.44192	52
5.44509	52
5.4451	52
5.4451	52
5.4451	52
5.44519	52
5.44526	52
5.46596	52
5.46596	52
5.46597	52
5.46597	52
5.46597	52
5.46597	52
5.46598	52
5.46604	52
5.50687	52
5.50688	52
5.50688	52
5.50688	52
5.50688	52
5.50689	52
5.50691	52
5.50695	52
5.55621	52
5.55621	52
5.55625	52
5.55627	52
5.55633	52
5.55645	52
5.58894	52
5.58894	52
5.58894	52
5.58894	52
5.58895	52
5.58895	52
5.58895	52
5.58896	52
5.58896	52
5.58897	52
5.58955	52
5.58955	52
5.58978	52
5.60708	52
5.60708	52
5.60708	52
5.60714	52
5.61019	52
5.61019	52
5.61022	52
5.70536	52
5.70536	52
5.70536	52
5.70537	52
5.70539	52
5.70543	52
5.70543	52
5.70582	52
5.71308	52
5.71329	52
5.72307	52
5.72307	52
5.72308	52
5.72311	52
5.72323	52
5.78526	52
5.78526	52
5.78526	52
5.78527	52
5.78527	52
5.78527	52
5.78529	52
5.7853	52
5.78537	52
5.79166	52
5.79166	52
5.79169	52
5.79187	52
6.02325	52
6.02325	52
6.02327	52
6.02328	52
6.02332	52
6.02337	52
6.02349	52
6.02539	52
6.0258	52
6.03314	52
6.04475	52
6.04477	52
6.86951	52
6.86951	52
6.86953	52
6.86958	52
6.86959	52
6.86959	52
6.86961	52
6.86964	52
6.8697	52
6.86985	52
6.87175	52
6.87176	52
6.87194	52
6.87605	52
6.87605	52
6.87613	52
6.87616	52
6.92199	52
6.922	52
6.922	52
6.92201	52
6.92207	52
6.92207	52
6.92209	52
6.92211	52
6.92225	52
6.92676	52
6.92677	52
6.92689	52
6.9269	52
6.92694	52
6.95439	52
6.95439	52
6.9544	52
6.9544	52
6.95441	52
6.95451	52
6.95454	52
6.97006	52
6.97006	52
6.97007	52
6.97008	52
6.97008	52
6.97009	52
6.97028	52
7.04829	52
7.0483	52
7.0483	52
7.04831	52
7.04831	52
7.04833	52
7.04834	52
7.04836	52
7.04846	52
7.10039	52
7.10042	52
7.10043	52
7.10044	52
7.10044	52
7.10046	52
7.10057	52
7.31414	52
7.31414	52
7.31415	52
7.31415	52
7.31417	52
7.3142	52
7.31441	52
7.31472	52
7.31478	52
7.33883	52
7.33883	52
7.33892	52
7.33931	52
7.33933	52
8.6884	52
8.6884	52
8.68841	52
8.68842	52
8.68857	52
8.68862	52
8.68875	52
8.68887	52
8.69338	52
8.6934	52
8.6934	52
8.69353	52
8.70574	52
8.70575	52
8.70576	52
8.70576	52
8.70579	52
8.70587	52
8.7177	52
8.7177	52
8.71773	52
8.71794	52
8.73548	52
8.73549	52
8.7355	52
8.73567	52
8.73571	52
8.74866	52
8.74867	52
8.74869	52
8.74869	52
8.74911	52
8.8075	52
8.80751	52
8.80751	52
8.80754	52
8.80754	52
8.80754	52
8.80756	52
8.80834	52
8.8568	52
8.8568	52
8.85683	52
8.85684	52
8.85685	52
8.85695	52
8.857	52
8.85729	52
8.85789	52
8.89169	52
8.89169	52
8.892	52
8.89205	52
8.89238	52
9.28464	52
9.28464	52
9.28465	52
9.28465	52
9.28473	52
9.28495	52
9.29206	52
9.29206	52
9.29206	52
9.29213	52
9.34138	52
9.3414	52
9.3414	52
9.34141	52
9.34143	52
9.34143	52
9.34146	52
9.34156	52
9.39005	52
9.39005	52
9.39005	52
9.39006	52
9.3901	52
9.39015	52
9.39024	52
9.39025	52
9.39083	52
9.39119	52
9.40714	52
9.40714	52
9.40716	52
9.40716	52
9.40723	52
9.40738	52
9.81056	52
9.81057	52
9.81058	52
9.81058	52
9.8106	52
9.8106	52
9.81069	52
9.811	52
9.81218	52
9.81219	52
9.8122	52
9.81244	52
9.85861	52
9.85861	52
9.85861	52
9.85863	52
9.85874	52
9.85877	52
9.86727	52
9.86727	52
9.86727	52
9.86728	52
9.86729	52
9.86733	52
9.86744	52
10.3034	52
10.3034	52
10.3035	52
10.3035	52
10.3035	52
10.3035	52
10.3037	52
10.3038	52
10.3095	52
10.3095	52
10.3095	52
10.3097	52
11.2868	52
11.2868	52
11.2868	52
11.2868	52
11.2868	52
11.287	52
11.2871	52
11.2872	52
12.6391	52
12.6391	52
12.6391	52
12.6391	52
12.6391	52
12.6392	52
12.6392	52
12.6392	52
12.9934	52
12.9934	52
12.9935	52
12.9935	52
12.9936	52
12.9936	52
13.8704	52
13.8704	52
13.8704	52
13.8705	52
13.8707	52
13.8707	52
13.8709	52
13.8712	52
13.8714	52
13.8716	52
13.9323	52
13.9323	52
13.9323	52
13.9323	52
13.9324	52
13.9324	52
13.9326	52
13.9339	52
14.2881	52
14.2881	52
14.2881	52
14.2881	52
14.2883	52
14.2886	52
14.2889	52
14.2893	52
15.5845	52
15.5845	52
15.5845	52
15.5846	52
15.5846	52
15.5848	52
15.5853	52
17.6966	52
17.6966	52
17.6966	52
17.6966	52
17.6967	52
17.6968	52
17.6972	52
17.6981	52
17.7909	52
17.7909	52
17.7909	52
17.7909	52
17.7909	52
17.791	52
17.791	52
17.7912	52
17.7912	52
17.792	52
17.7964	52
17.7968	52
17.7972	52
19.5099	52
19.5099	52
19.5099	52
19.5099	52
19.5099	52
19.51	52
19.5105	52
21.1319	52
21.1319	52
21.1319	52
21.1319	52
21.1319	52
21.1319	52
21.132	52
21.132	52
21.484	52
21.484	52
21.484	52
21.484	52
21.4841	52
21.4842	52
21.4843	52
21.4844	52
21.4847	52
21.5657	52
21.5657	52
21.5657	52
21.5658	52
21.5658	52
21.5659	52
21.566	52
21.566	52
22.0379	52
22.0379	52
22.0379	52
22.0379	52
22.038	52
22.038	52
22.038	52
22.0381	52
22.1456	52
22.1456	52
22.1457	52
22.1457	52
22.1457	52
22.1458	52
22.1458	52
22.1461	52
22.4374	52
22.4374	52
22.4374	52
22.4374	52
22.4375	52
22.4375	52
22.4378	52
22.4391	52
22.5179	52
22.518	52
22.518	52
22.5181	52
22.5182	52
22.5182	52
22.5184	52
22.5189	52
22.8484	52
22.8484	52
22.8484	52
22.8485	52
22.8485	52
22.8485	52
22.8486	52
22.849	52
23.3616	52
23.3616	52
23.3616	52
23.3617	52
23.3617	52
23.3618	52
23.3627	52
23.7225	52
23.7226	52
23.7226	52
23.7226	52
23.7227	52
23.7229	52
23.723	52
23.7233	52
23.8578	52
23.8578	52
23.8578	52
23.8578	52
23.8578	52
23.8578	52
23.8579	52
23.858	52
23.858	52
23.8583	52
24.2474	52
24.2474	52
24.2474	52
24.2475	52
24.2475	52
24.2476	52
24.2478	52
24.2487	52
25.3862	52
25.3862	52
25.3862	52
25.3862	52
25.3862	52
25.3862	52
25.3863	52
25.3864	52
25.4633	52
25.4634	52
25.4634	52
25.4634	52
25.4634	52
25.4635	52
25.4636	52
25.464	52
26.8615	52
26.8615	52
26.8616	52
26.8617	52
26.8618	52
26.8618	52
26.8619	52
26.9321	52
26.9322	52
26.9322	52
26.9322	52
26.9322	52
26.9322	52
26.9322	52
26.9324	52
26.9326	52
27.2935	52
27.2935	52
27.2936	52
27.2936	52
27.2936	52
27.2937	52
27.2938	52
27.2939	52
27.4851	52
27.4851	52
27.4851	52
27.4851	52
27.4852	52
27.4853	52
27.4855	52
29.5986	52
29.5986	52
29.5986	52
29.5986	52
29.5987	52
29.5989	52
29.5989	52
29.599	52
29.5991	52
31.0284	52
31.0284	52
31.0284	52
31.0284	52
31.0284	52
31.0285	52
31.029	52
31.0299	52
31.319	52
31.319	52
31.319	52
31.3191	52
31.3191	52
31.3191	52
31.3191	52
31.3193	52
31.5897	52
31.5897	52
31.5897	52
31.5897	52
31.5897	52
31.5897	52
31.59	52
31.59	52
32.5179	52
32.5179	52
32.5179	52
32.5179	52
32.518	52
32.518	52
32.518	52
32.5184	52
32.6234	52
32.6234	52
32.6234	52
32.6235	52
32.6235	52
32.6236	52
32.6245	52
32.7035	52
32.7035	52
32.7035	52
32.7035	52
32.7038	52
32.7039	52
32.704	52
32.7047	52
32.7048	52
33.6552	52
33.6552	52
33.6552	52
33.6553	52
33.6553	52
33.6555	52
33.6555	52
33.6556	52
33.8385	52
33.8385	52
33.8385	52
33.8386	52
33.8386	52
33.8386	52
33.8393	52
34.7157	52
34.7157	52
34.7158	52
34.7158	52
34.7158	52
34.7158	52
34.7159	52
34.7159	52
34.7162	52
35.1332	52
35.1332	52
35.1332	52
35.1332	52
35.1334	52
35.1335	52
35.1337	52
35.5813	52
35.5813	52
35.5814	52
35.5814	52
35.5814	52
35.5814	52
35.5816	52
35.5817	52
35.5818	52
35.6482	52
35.6482	52
35.6482	52
35.6482	52
35.6483	52
35.6484	52
35.6486	52
35.6491	52
37.5129	52
37.5129	52
37.513	52
37.513	52
37.513	52
37.5131	52
37.5132	52
37.5135	52
37.5362	52
37.5362	52
37.5363	52
37.5364	52
37.5366	52
37.5379	52
37.556	52
37.5561	52
37.5561	52
37.5562	52
37.5562	52
37.5567	52
37.5583	52
37.9692	52
37.9693	52
37.9695	52
37.9695	52
37.9695	52
37.9695	52
37.9699	52
37.9699	52
37.9699	52
38.6885	52
38.6885	52
38.6886	52
38.6886	52
38.6887	52
38.6887	52
38.6888	52
38.6888	52
38.6889	52
39.7155	52
39.7155	52
39.7155	52
39.7155	52
39.7156	52
39.7157	52
39.716	52
40.1617	52
40.1617	52
40.1617	52
40.1618	52
40.1619	52
40.1622	52
40.1647	52
40.1653	52
40.3041	52
40.3041	52
40.3041	52
40.3041	52
40.3041	52
40.3042	52
40.3042	52
40.3048	52
40.3049	52
40.403	52
40.403	52
40.403	52
40.4032	52
40.4032	52
40.4034	52
40.4035	52
40.478	52
40.478	52
40.4781	52
40.4781	52
40.4782	52
40.4782	52
40.4782	52
40.4782	52
40.4783	52
40.4988	52
40.4989	52
40.4994	52
40.4998	52
40.5004	52
40.8139	52
40.8139	52
40.8139	52
40.8139	52
40.8139	52
40.8139	52
40.8159	52
41.1908	52
41.1908	52
41.1909	52
41.1909	52
41.1909	52
41.191	52
41.1915	52
41.1921	52
43.1712	52
43.1712	52
43.1713	52
43.1714	52
43.1714	52
43.1714	52
43.1729	52
43.1757	52
43.203	52
43.2031	52
43.2031	52
43.2033	52
43.2049	52
43.5678	52
43.5678	52
43.5678	52
43.5678	52
43.568	52
43.568	52
43.568	52
43.5681	52
43.5682	52
45.8037	52
45.8037	52
45.8037	52
45.8038	52
45.8039	52
45.8041	52
45.8042	52
45.8046	52
45.9875	52
45.9876	52
45.9876	52
45.9876	52
45.9879	52
45.9879	52
45.988	52
45.9883	52
46.3432	52
46.3432	52
46.3432	52
46.3432	52
46.3433	52
46.3433	52
46.7652	52
46.7652	52
46.7652	52
46.7652	52
46.7653	52
46.7655	52
47.1523	52
47.1524	52
47.1524	52
47.1524	52
47.1526	52
47.1526	52
47.1527	52
47.1527	52
47.1535	52
47.1542	52
47.1546	52
47.1887	52
47.1887	52
47.1887	52
47.1888	52
47.1888	52
47.1927	52
48.4673	52
48.4673	52
48.4673	52
48.4673	52
48.4674	52
48.4674	52
50.5521	52
50.5522	52
50.5522	52
50.5522	52
50.5524	52
50.5526	52
50.5528	52
50.5529	52
50.5538	52
50.5541	52
52.2846	52
52.2846	52
52.2846	52
52.2846	52
52.2847	52
52.2849	52
52.2851	52
52.6627	52
52.6627	52
52.6627	52
52.6627	52
52.6628	52
52.6628	52
52.6628	52
52.6629	52
52.6638	52
52.6638	52
52.8609	52
52.8609	52
52.8609	52
52.8609	52
52.861	52
52.861	52
52.861	52
52.8613	52
53.1131	52
53.1131	52
53.1131	52
53.1132	52
53.1132	52
53.1133	52
53.1148	52
53.1148	52
53.1149	52
53.1154	52
53.1163	52
53.1182	52
53.1184	52
53.9709	52
53.971	52
53.971	52
53.971	52
53.9711	52
53.9711	52
53.9712	52
53.9715	52
55.5693	52
55.5693	52
55.5693	52
55.5694	52
55.5695	52
55.5696	52
55.5697	52
55.6687	52
55.6687	52
55.6688	52
55.6688	52
55.6689	52
55.669	52
55.6691	52
55.6692	52
55.6697	52
57.1826	52
57.1826	52
57.1827	52
57.1827	52
57.1827	52
57.1827	52
57.1834	52
57.185	52
57.4861	52
57.4861	52
57.4862	52
57.4862	52
57.4862	52
57.4863	52
57.4865	52
57.4865	52
57.6443	52
57.6444	52
57.6444	52
57.6444	52
57.6445	52
57.6446	52
57.6447	52
57.6451	52
57.8295	52
57.8295	52
57.8295	52
57.8295	52
57.8296	52
57.8296	52
57.8297	52
58.7692	52
58.7692	52
58.7692	52
58.7693	52
58.7693	52
58.7693	52
58.7693	52
58.7701	52
59.0521	52
59.0521	52
59.0522	52
59.0522	52
59.0522	52
59.0523	52
59.0529	52
59.0531	52
59.0534	52
59.2054	52
59.2054	52
59.2054	52
59.2054	52
59.2057	52
59.2061	52
59.2075	52
59.208	52
59.6474	52
59.6474	52
59.6474	52
59.6474	52
59.6475	52
59.6476	52
59.6484	52
59.6498	52
60.0141	52
60.0141	52
60.0141	52
60.0141	52
60.0142	52
60.0142	52
60.0142	52
60.0152	52
60.0169	52
60.1441	52
60.1441	52
60.1441	52
60.1442	52
60.1443	52
60.1444	52
60.1446	52
60.1449	52
61.3838	52
61.3838	52
61.3838	52
61.3838	52
61.3838	52
61.3839	52
61.3841	52
61.3851	52
61.8006	52
61.8006	52
61.8006	52
61.8006	52
61.8007	52
61.801	52
61.8011	52
61.8015	52
61.9722	52
61.9722	52
61.9722	52
61.9723	52
61.9723	52
61.9723	52
61.9725	52
61.9726	52
63.6232	52
63.6232	52
63.6233	52
63.6233	52
63.6233	52
63.6233	52
63.6234	52
63.6251	52
63.6921	52
63.6921	52
63.6921	52
63.6921	52
63.6922	52
63.6922	52
63.6923	52
63.6925	52
64.0957	52
64.0957	52
64.0957	52
64.0957	52
64.0958	52
64.0958	52
64.096	52
64.0983	52
64.6975	52
64.6975	52
64.6977	52
64.6977	52
64.6977	52
64.6979	52
64.698	52
64.6982	52
64.9821	52
64.9821	52
64.9821	52
64.9822	52
64.9823	52
64.9825	52
64.9837	52
65.6015	52
65.6015	52
65.6015	52
65.6015	52
65.6015	52
65.6016	52
65.6018	52
65.6025	52
65.6032	52
65.9421	52
65.9422	52
65.9422	52
65.9422	52
65.9423	52
65.9423	52
65.9428	52
65.9941	52
65.9941	52
65.9942	52
65.9942	52
65.9943	52
65.9943	52
65.9943	52
65.9943	52
65.9944	52
66.7037	52
66.7037	52
66.7037	52
66.7038	52
66.7038	52
66.7038	52
66.7039	52
66.7043	52
66.7521	52
66.7522	52
66.7522	52
66.7522	52
66.7523	52
66.7523	52
66.7527	52
66.7772	52
66.7772	52
66.7773	52
66.7775	52
66.7777	52
66.7782	52
68.8118	52
68.8118	52
68.8118	52
68.8118	52
68.8119	52
68.812	52
68.8121	52
68.8124	52
68.8127	52
69.7775	52
69.7776	52
69.7776	52
69.7776	52
69.7776	52
69.7777	52
69.7778	52
69.778	52
70.5059	52
70.506	52
70.506	52
70.506	52
70.5061	52
70.5061	52
70.5085	52
70.512	52
70.5121	52
70.5123	52
70.5127	52
70.5134	52
71.6851	52
71.6851	52
71.6852	52
71.6852	52
71.6853	52
71.6853	52
71.6855	52
71.6856	52
73.7855	52
73.7856	52
73.7856	52
73.7856	52
73.7856	52
73.786	52
73.786	52
73.7861	52
74.13	52
74.13	52
74.13	52
74.1301	52
74.1301	52
74.1301	52
74.1303	52
74.1305	52
74.1361	52
74.1362	52
74.1364	52
75.0667	52
75.0667	52
75.0667	52
75.0667	52
75.0667	52
75.0668	52
75.0668	52
75.0672	52
75.9096	52
75.9096	52
75.9096	52
75.9096	52
75.9097	52
75.9097	52
75.9098	52
75.9104	52
76.5142	52
76.5143	52
76.5143	52
76.5143	52
76.5144	52
76.5144	52
76.5146	52
76.5147	52
76.5171	52
76.5173	52
77.2227	52
77.2227	52
77.2227	52
77.2228	52
77.2229	52
77.223	52
77.2238	52
77.224	52
77.6032	52
77.6032	52
77.6033	52
77.6033	52
77.6033	52
77.6033	52
77.6033	52
77.6037	52
77.6153	52
77.6154	52
77.6155	52
77.6156	52
77.6274	52
77.6274	52
77.6275	52
77.6276	52
78.121	52
78.121	52
78.121	52
78.1211	52
78.1211	52
78.1212	52
78.1214	52
78.1221	52
78.3935	52
78.3936	52
78.3936	52
78.3936	52
78.3937	52
78.3937	52
78.3939	52
78.3944	52
79.2599	52
79.2599	52
79.2599	52
79.2599	52
79.2599	52
79.2601	52
79.2601	52
79.867	52
79.867	52
79.867	52
79.867	52
79.8671	52
79.8672	52
79.8676	52
79.8679	52
79.8689	52
82.6568	52
82.6568	52
82.6568	52
82.6569	52
82.6569	52
82.657	52
82.657	52
83.9275	52
83.9276	52
83.9276	52
83.9276	52
83.9276	52
83.9277	52
83.9288	52
83.9341	52
85.9025	52
85.9026	52
85.9026	52
85.9027	52
85.9027	52
85.9028	52
85.9029	52
85.9033	52
85.9033	52
85.9033	52
86.0595	52
86.0596	52
86.0596	52
86.0596	52
86.0597	52
86.0598	52
86.0599	52
86.0599	52
86.3318	52
86.3318	52
86.3318	52
86.3319	52
86.332	52
86.332	52
86.3321	52
87.0679	52
87.068	52
87.068	52
87.068	52
87.0681	52
87.0681	52
87.0682	52
87.0684	52
87.0685	52
87.7179	52
87.7179	52
87.7179	52
87.7179	52
87.718	52
87.718	52
87.7187	52
87.7188	52
87.7188	52
90.7542	52
90.7542	52
90.7542	52
90.7543	52
90.7544	52
90.7544	52
90.7553	52
90.7554	52
91.1116	52
91.1116	52
91.1117	52
91.1117	52
91.1119	52
91.112	52
91.1123	52
91.1133	52
91.2883	52
91.2883	52
91.2883	52
91.2883	52
91.2884	52
91.2885	52
91.2887	52
91.2925	52
91.7881	52
91.7881	52
91.7882	52
91.7882	52
91.7882	52
91.7882	52
91.7883	52
91.7883	52
92.0726	52
92.0726	52
92.0726	52
92.0726	52
92.0727	52
92.0728	52
92.0749	52
92.2405	52
92.2405	52
92.2405	52
92.2405	52
92.2405	52
92.2406	52
92.2407	52
92.2407	52
92.2407	52
92.243	52
93.4985	52
93.4986	52
93.4987	52
93.4987	52
93.4988	52
93.4989	52
93.4989	52
93.4995	52
93.5767	52
93.5767	52
93.5767	52
93.5768	52
93.5768	52
93.5769	52
93.5772	52
93.595	52
93.5951	52
93.5952	52
93.5961	52
93.5974	52
94.2245	52
94.2245	52
94.2246	52
94.2246	52
94.2246	52
94.2246	52
94.2248	52
94.2253	52
94.382	52
94.382	52
94.382	52
94.3821	52
94.3822	52
94.3822	52
94.3824	52
94.3828	52
95.3919	52
95.3919	52
95.3919	52
95.392	52
95.3921	52
95.3921	52
95.3922	52
95.3922	52
95.3925	52
95.3928	52
97.0346	52
97.0346	52
97.0347	52
97.0347	52
97.0347	52
97.0347	52
97.0347	52
97.0359	52
97.4673	52
97.4673	52
97.4673	52
97.4673	52
97.4673	52
97.4674	52
97.4679	52
97.4684	52
97.557	52
97.5571	52
97.5571	52
97.5571	52
97.5572	52
97.5572	52
97.5577	52
97.5581	52
97.9723	52
97.9724	52
97.9724	52
97.9724	52
97.9724	52
97.9725	52
97.9731	52
97.9733	52
98.6493	52
98.6493	52
98.6493	52
98.6493	52
98.6493	52
98.6494	52
98.6495	52
98.6497	52
98.6498	52
