2.29858e-10	0
3.56044e-10	1
3.99776e-10	2
4.79862e-10	3
4.99584e-10	4
5.57344e-10	5
5.76153e-10	6
6.03549e-10	7
6.12064e-10	8
6.94934e-10	9
7.12106e-10	10
7.34759e-10	11
7.696e-10	11
7.80745e-10	12
7.85388e-10	13
8.23552e-10	14
9.33043e-10	15
9.74466e-10	16
9.85691e-10	17
1.07437e-09	18
1.16554e-09	19
1.41054e-09	20
1.46037e-09	21
1.55026e-09	22
1.55038e-09	23
1.55326e-09	24
1.60062e-09	25
1.6996e-09	26
1.78009e-09	27
1.80689e-09	28
1.83098e-09	29
2.17734e-09	30
2.27736e-09	31
2.28463e-09	32
2.32919e-09	33
2.33351e-09	34
2.43956e-09	35
2.49273e-09	36
2.50646e-09	37
2.75232e-09	38
3.05139e-09	39
3.69883e-09	39
3.7693e-09	40
4.28769e-09	41
4.58077e-09	42
4.60748e-09	43
4.98864e-09	43
6.49841e-09	44
6.60067e-09	45
6.84854e-09	46
7.91945e-09	47
8.08195e-09	48
8.31636e-09	49
8.80664e-09	50
1.00303e-08	51
1.33659e-08	52
1.44783e-08	52
1.77954e-08	53
1.94259e-08	54
2.14793e-08	54
2.16152e-08	54
2.34608e-08	54
3.6385e-08	54
3.69241e-08	54
3.86922e-08	54
4.1984e-08	54
5.00826e-08	54
5.18512e-08	54
6.10139e-08	54
6.11739e-08	54
6.14943e-08	54
7.02182e-08	54
7.80105e-08	54
7.88021e-08	54
8.16824e-08	54
8.41338e-08	54
9.67657e-08	54
9.95667e-08	54
1.03027e-07	54
1.0925e-07	54
1.17725e-07	54
1.21059e-07	54
1.27511e-07	54
1.29485e-07	54
1.31319e-07	54
1.5341e-07	54
1.59119e-07	54
1.60297e-07	54
1.61341e-07	54
1.63526e-07	54
1.6517e-07	54
1.7301e-07	54
1.78059e-07	54
1.81715e-07	54
1.86468e-07	54
1.89483e-07	54
1.9434e-07	54
1.97499e-07	54
1.99207e-07	54
2.13098e-07	54
2.21134e-07	54
2.22561e-07	54
2.24393e-07	54
2.27963e-07	54
2.3857e-07	54
2.41449e-07	54
2.49156e-07	54
2.5081e-07	54
2.5495e-07	54
2.63488e-07	54
2.65609e-07	54
2.68283e-07	54
2.85835e-07	54
2.92843e-07	54
2.94873e-07	54
2.96967e-07	54
3.02021e-07	54
3.04391e-07	54
3.06745e-07	54
3.15989e-07	54
3.16769e-07	54
3.22681e-07	54
3.31923e-07	54
3.32041e-07	54
3.33474e-07	54
3.34457e-07	54
3.35483e-07	54
3.35969e-07	54
3.44855e-07	54
3.45133e-07	54
3.61505e-07	54
3.6463e-07	54
3.68035e-07	54
3.77007e-07	54
3.78654e-07	54
3.78972e-07	54
3.79077e-07	54
3.84379e-07	54
4.01879e-07	54
4.044e-07	54
4.06781e-07	55
4.08882e-07	55
4.12605e-07	55
4.16628e-07	55
4.19574e-07	55
4.30555e-07	55
4.32012e-07	55
4.32487e-07	55
4.3594e-07	55
4.37151e-07	55
4.42779e-07	55
4.4326e-07	55
4.43747e-07	55
4.47374e-07	55
4.49702e-07	55
4.53032e-07	55
4.57626e-07	55
4.59666e-07	55
4.65596e-07	55
4.71122e-07	55
4.77995e-07	55
4.81254e-07	55
4.84882e-07	55
4.88684e-07	55
4.89084e-07	55
4.90981e-07	55
4.91146e-07	55
5.0631e-07	55
5.10114e-07	55
5.10193e-07	55
5.40298e-07	55
5.50764e-07	55
5.5946e-07	55
5.61851e-07	55
5.62278e-07	55
5.68683e-07	55
5.70222e-07	55
5.73706e-07	55
5.76654e-07	55
5.83188e-07	55
5.85266e-07	55
5.89557e-07	55
5.91423e-07	55
5.91918e-07	55
6.05682e-07	55
6.13122e-07	55
6.16646e-07	55
6.2047e-07	55
6.21015e-07	55
6.24209e-07	55
6.29753e-07	55
6.35e-07	55
6.35867e-07	55
6.46964e-07	55
6.71076e-07	55
6.81986e-07	55
6.99621e-07	55
7.27741e-07	55
7.2794e-07	55
7.38731e-07	55
7.4348e-07	55
7.45864e-07	55
7.49142e-07	55
7.57184e-07	55
7.60242e-07	55
7.74781e-07	55
7.76521e-07	55
7.84973e-07	55
8.10699e-07	55
8.21482e-07	55
8.28599e-07	55
8.31717e-07	55
8.33578e-07	55
8.35771e-07	55
8.36102e-07	55
8.38318e-07	55
8.4112e-07	55
8.42191e-07	55
8.46186e-07	55
8.58653e-07	55
8.64826e-07	55
8.66156e-07	55
8.69604e-07	55
8.7032e-07	55
8.71309e-07	55
8.75037e-07	55
8.86094e-07	55
8.93524e-07	55
8.98785e-07	55
9.15103e-07	55
9.22499e-07	55
9.24416e-07	55
9.26119e-07	55
9.31491e-07	55
9.33854e-07	55
9.366e-07	55
9.43451e-07	55
9.60954e-07	55
9.67388e-07	55
9.73203e-07	55
9.78512e-07	55
9.86392e-07	55
9.93277e-07	55
1.00066e-06	55
1.00158e-06	55
1.00374e-06	55
1.0093e-06	55
1.01838e-06	55
1.02044e-06	55
1.02454e-06	55
1.02573e-06	55
1.03781e-06	55
1.03874e-06	55
1.04329e-06	55
1.04456e-06	55
1.05193e-06	55
1.05489e-06	55
1.06218e-06	55
1.08174e-06	55
1.08224e-06	55
1.08346e-06	55
1.08776e-06	55
1.09067e-06	55
1.10706e-06	55
1.11747e-06	55
1.13822e-06	55
1.15295e-06	55
1.15607e-06	55
1.15695e-06	55
1.17599e-06	55
1.18228e-06	55
1.18783e-06	55
1.18951e-06	55
1.19008e-06	55
1.19345e-06	55
1.20302e-06	55
1.20975e-06	55
1.21373e-06	55
1.21692e-06	55
1.2409e-06	55
1.24456e-06	55
1.24461e-06	55
1.25841e-06	55
1.26098e-06	55
1.26516e-06	55
1.26984e-06	55
1.27383e-06	55
1.28048e-06	55
1.28336e-06	55
1.28695e-06	55
1.28868e-06	55
1.29819e-06	55
1.32159e-06	55
1.32272e-06	55
1.32339e-06	55
1.32585e-06	55
1.32636e-06	55
1.32672e-06	55
1.35167e-06	55
1.35735e-06	55
1.36665e-06	55
1.40298e-06	55
1.40686e-06	55
1.42735e-06	55
1.44272e-06	55
1.44579e-06	55
1.47978e-06	55
1.48313e-06	55
1.49924e-06	55
1.50165e-06	55
1.50309e-06	55
1.50476e-06	55
1.50614e-06	55
1.51419e-06	55
1.52099e-06	55
1.52123e-06	55
1.53013e-06	55
1.5391e-06	55
1.55555e-06	55
1.56838e-06	55
1.57426e-06	55
1.58724e-06	55
1.59763e-06	55
1.65075e-06	55
1.65834e-06	55
1.66012e-06	55
1.66858e-06	55
1.67713e-06	55
1.69808e-06	55
1.70728e-06	55
1.719e-06	55
1.73589e-06	55
1.75313e-06	55
1.7958e-06	55
1.80285e-06	55
1.80644e-06	55
1.80712e-06	55
1.87443e-06	55
1.87949e-06	55
1.89003e-06	55
1.89396e-06	55
1.90654e-06	55
1.92661e-06	55
1.93534e-06	55
1.94839e-06	55
1.95655e-06	55
1.97636e-06	55
2.01849e-06	55
2.02503e-06	55
2.0277e-06	55
2.03992e-06	55
2.0499e-06	55
2.05521e-06	55
2.06956e-06	55
2.07277e-06	55
2.08519e-06	55
2.09002e-06	55
2.09608e-06	55
2.09917e-06	55
2.11938e-06	55
2.11975e-06	55
2.13008e-06	55
2.13869e-06	55
2.15068e-06	55
2.16658e-06	55
2.21088e-06	55
2.24988e-06	55
2.25131e-06	55
2.2549e-06	55
2.28174e-06	55
2.33567e-06	55
2.35996e-06	55
2.37108e-06	55
2.39709e-06	55
2.42627e-06	55
2.43635e-06	55
2.47297e-06	55
2.47488e-06	55
2.49237e-06	55
2.51949e-06	55
2.57475e-06	55
2.61006e-06	55
2.62047e-06	55
2.65549e-06	55
2.69427e-06	55
2.76881e-06	55
2.79705e-06	55
2.81835e-06	55
2.82188e-06	55
2.84151e-06	55
2.8653e-06	55
2.90619e-06	55
2.90806e-06	55
3.03213e-06	55
3.08529e-06	55
3.1228e-06	55
3.1327e-06	55
3.16619e-06	55
3.22163e-06	55
3.23276e-06	55
3.28233e-06	55
3.28541e-06	55
3.29456e-06	55
3.43208e-06	55
3.51489e-06	55
3.52376e-06	55
3.5334e-06	55
3.58014e-06	55
3.72333e-06	55
3.72717e-06	55
3.78665e-06	55
3.81618e-06	55
4.04832e-06	55
4.06924e-06	55
4.08619e-06	55
4.11017e-06	55
4.16573e-06	55
4.28168e-06	55
4.29218e-06	55
4.37148e-06	55
4.42071e-06	55
4.45462e-06	55
4.58003e-06	55
4.6206e-06	55
4.83188e-06	55
4.83689e-06	55
4.85663e-06	55
4.96541e-06	55
5.03682e-06	55
5.14885e-06	55
5.23365e-06	55
5.25093e-06	55
5.25455e-06	55
5.37216e-06	55
5.51271e-06	55
5.63817e-06	55
5.72356e-06	55
5.86618e-06	55
5.99279e-06	55
6.0892e-06	55
6.20904e-06	55
6.31082e-06	55
6.3401e-06	55
6.35828e-06	55
6.3697e-06	55
6.41169e-06	55
6.64995e-06	55
6.80783e-06	55
6.86235e-06	55
7.0347e-06	55
7.0783e-06	55
7.10281e-06	55
7.11356e-06	55
7.14539e-06	55
7.17456e-06	55
7.23241e-06	55
7.23935e-06	55
7.42945e-06	55
7.4766e-06	55
7.60499e-06	55
7.71622e-06	55
7.87384e-06	55
7.99769e-06	55
8.00411e-06	55
8.03236e-06	55
8.06604e-06	55
8.25364e-06	55
8.47551e-06	55
8.77938e-06	55
8.85296e-06	55
8.85472e-06	55
8.93967e-06	55
8.99463e-06	55
9.27857e-06	55
9.30064e-06	55
9.33767e-06	55
9.54984e-06	55
9.58026e-06	55
9.6339e-06	55
9.63844e-06	55
9.78029e-06	55
9.95191e-06	55
1.0105e-05	55
1.02075e-05	55
1.02224e-05	55
1.02451e-05	55
1.02794e-05	55
1.05651e-05	55
1.06601e-05	55
1.0697e-05	55
1.08137e-05	55
1.08681e-05	55
1.0901e-05	55
1.12442e-05	55
1.13162e-05	55
1.13615e-05	55
1.14518e-05	55
1.14987e-05	55
1.15051e-05	55
1.16229e-05	55
1.19153e-05	55
1.19383e-05	55
1.2051e-05	55
1.20804e-05	55
1.22467e-05	55
1.2261e-05	55
1.24546e-05	55
1.2456e-05	55
1.24736e-05	55
1.26486e-05	55
1.30089e-05	55
1.3094e-05	55
1.30983e-05	55
1.31013e-05	55
1.32262e-05	55
1.32963e-05	55
1.33981e-05	55
1.34176e-05	55
1.3474e-05	55
1.35116e-05	55
1.35168e-05	55
1.35597e-05	55
1.36737e-05	55
1.37243e-05	55
1.37256e-05	55
1.37958e-05	55
1.39362e-05	55
1.40941e-05	55
1.41187e-05	55
1.41257e-05	55
1.41575e-05	55
1.43823e-05	55
1.45707e-05	55
1.4797e-05	55
1.48027e-05	55
1.48173e-05	55
1.49754e-05	55
1.50213e-05	55
1.50697e-05	55
1.51529e-05	55
1.51669e-05	55
1.52422e-05	55
1.52693e-05	55
1.54254e-05	55
1.56307e-05	55
1.57057e-05	55
1.5828e-05	55
1.58357e-05	55
1.5875e-05	55
1.59122e-05	55
1.59358e-05	55
1.60766e-05	55
1.61602e-05	55
1.64095e-05	55
1.64637e-05	55
1.66484e-05	55
1.67045e-05	55
1.67702e-05	55
1.70047e-05	55
1.70344e-05	55
1.72212e-05	55
1.74278e-05	55
1.75326e-05	55
1.75366e-05	55
1.76453e-05	55
1.7683e-05	55
1.8138e-05	55
1.81451e-05	55
1.82078e-05	55
1.84025e-05	55
1.861e-05	55
1.86894e-05	55
1.88043e-05	55
1.88336e-05	55
1.88384e-05	55
1.89768e-05	55
1.8985e-05	55
1.90171e-05	55
1.91445e-05	55
1.91658e-05	55
1.96367e-05	55
1.96394e-05	55
1.9661e-05	55
1.97235e-05	55
1.98856e-05	55
1.99417e-05	55
2.00306e-05	55
2.01069e-05	55
2.03499e-05	55
2.03709e-05	55
2.05829e-05	55
2.06773e-05	55
2.07047e-05	55
2.07891e-05	55
2.09339e-05	55
2.1168e-05	55
2.16955e-05	55
2.19026e-05	55
2.2109e-05	55
2.21257e-05	55
2.23129e-05	55
2.23474e-05	55
2.2472e-05	55
2.27853e-05	55
2.28614e-05	55
2.32256e-05	55
2.32676e-05	55
2.32735e-05	55
2.3349e-05	55
2.34658e-05	55
2.37318e-05	55
2.37542e-05	55
2.39023e-05	55
2.39491e-05	55
2.39617e-05	55
2.40507e-05	55
2.43684e-05	55
2.44189e-05	55
2.45815e-05	55
2.47378e-05	55
2.49254e-05	55
2.54815e-05	55
2.55202e-05	55
2.55313e-05	55
2.55409e-05	55
2.56451e-05	55
2.5722e-05	55
2.57475e-05	55
2.57609e-05	55
2.57681e-05	55
2.57782e-05	55
2.58895e-05	55
2.59185e-05	55
2.60405e-05	55
2.62132e-05	55
2.63134e-05	55
2.64418e-05	55
2.6463e-05	55
2.68094e-05	55
2.6825e-05	55
2.69865e-05	55
2.69943e-05	55
2.71795e-05	55
2.73325e-05	55
2.75397e-05	55
2.76263e-05	55
2.77573e-05	55
2.77727e-05	55
2.80485e-05	55
2.80995e-05	55
2.81251e-05	55
2.81967e-05	55
2.82548e-05	55
2.85133e-05	55
2.8658e-05	55
2.88093e-05	55
2.89382e-05	55
2.91449e-05	55
2.95077e-05	55
2.95657e-05	55
2.98263e-05	55
3.01697e-05	55
3.02463e-05	55
3.03199e-05	55
3.0381e-05	55
3.03811e-05	55
3.0551e-05	55
3.06164e-05	55
3.08245e-05	55
3.08505e-05	55
3.08775e-05	55
3.09633e-05	55
3.13084e-05	55
3.14137e-05	55
3.14681e-05	55
3.14993e-05	55
3.1504e-05	55
3.15727e-05	55
3.1688e-05	55
3.17885e-05	55
3.18095e-05	55
3.19932e-05	55
3.20113e-05	55
3.20271e-05	55
3.21252e-05	55
3.22e-05	55
3.22854e-05	55
3.24171e-05	55
3.24326e-05	55
3.26328e-05	55
3.27752e-05	55
3.28188e-05	55
3.28995e-05	55
3.2994e-05	55
3.30023e-05	55
3.3197e-05	55
3.33095e-05	55
3.34255e-05	55
3.34513e-05	55
3.34818e-05	55
3.38505e-05	55
3.40319e-05	55
3.41205e-05	55
3.46258e-05	55
3.46772e-05	55
3.46911e-05	55
3.47019e-05	55
3.48636e-05	55
3.48827e-05	55
3.4943e-05	55
3.49623e-05	55
3.49923e-05	55
3.50715e-05	55
3.5242e-05	55
3.5244e-05	55
3.52489e-05	55
3.53976e-05	55
3.55254e-05	55
3.55699e-05	55
3.5617e-05	55
3.58624e-05	55
3.60704e-05	55
3.60966e-05	55
3.63627e-05	55
3.64024e-05	55
3.6599e-05	55
3.66862e-05	55
3.69099e-05	55
3.69685e-05	55
3.69861e-05	55
3.71282e-05	55
3.71472e-05	55
3.71577e-05	55
3.7221e-05	55
3.74097e-05	55
3.74791e-05	55
3.75346e-05	55
3.8324e-05	55
3.83519e-05	55
3.83665e-05	55
3.84529e-05	55
3.8684e-05	55
3.872e-05	55
3.87491e-05	55
3.89075e-05	55
3.89408e-05	55
3.90663e-05	55
3.90736e-05	55
3.9403e-05	55
3.96495e-05	55
3.96636e-05	55
3.97041e-05	55
3.9785e-05	55
4.01693e-05	55
4.03768e-05	55
4.04802e-05	55
4.04985e-05	55
4.0587e-05	55
4.07724e-05	55
4.07881e-05	55
4.09414e-05	55
4.10583e-05	55
4.13384e-05	55
4.19349e-05	55
4.19494e-05	55
4.21201e-05	55
4.2265e-05	55
4.25534e-05	55
4.25685e-05	55
4.2822e-05	55
4.28505e-05	55
4.29097e-05	55
4.29464e-05	55
4.31029e-05	55
4.31656e-05	55
4.32722e-05	55
4.35547e-05	55
4.38484e-05	55
4.43952e-05	55
4.45629e-05	55
4.47835e-05	55
4.48227e-05	55
4.49294e-05	55
4.49955e-05	55
4.50199e-05	55
4.53554e-05	55
4.59626e-05	55
4.60024e-05	55
4.61238e-05	55
4.61981e-05	55
4.64997e-05	55
4.66319e-05	55
4.68376e-05	55
4.71129e-05	55
4.72027e-05	55
4.7241e-05	55
4.73014e-05	55
4.74503e-05	55
4.76158e-05	55
4.77947e-05	55
4.80046e-05	55
4.87537e-05	55
4.87748e-05	55
4.88417e-05	55
4.89297e-05	55
4.89838e-05	55
4.95518e-05	55
4.95544e-05	55
4.98294e-05	55
4.99303e-05	55
4.99743e-05	55
4.99781e-05	55
5.01789e-05	55
5.03554e-05	55
5.05334e-05	55
5.06715e-05	55
5.06764e-05	55
5.07414e-05	55
5.0911e-05	55
5.09696e-05	55
5.11129e-05	55
5.11554e-05	55
5.12199e-05	55
5.12918e-05	55
5.14952e-05	55
5.15296e-05	55
5.16818e-05	55
5.18709e-05	55
5.21997e-05	55
5.22286e-05	55
5.22305e-05	55
5.22552e-05	55
5.23651e-05	55
5.29271e-05	55
5.31106e-05	55
5.33292e-05	55
5.35728e-05	55
5.36473e-05	55
5.39068e-05	55
5.42833e-05	55
5.45588e-05	55
5.46103e-05	55
5.46673e-05	55
5.47225e-05	55
5.48294e-05	55
5.52996e-05	55
5.54536e-05	55
5.5783e-05	55
5.58065e-05	55
5.64513e-05	55
5.71377e-05	55
5.72337e-05	55
5.72833e-05	55
5.73065e-05	55
5.73443e-05	55
5.78643e-05	55
5.79262e-05	55
5.80292e-05	55
5.80538e-05	55
5.82393e-05	55
5.9023e-05	55
5.90262e-05	55
5.93415e-05	55
5.94269e-05	55
5.95346e-05	55
5.99167e-05	55
5.9952e-05	55
5.9961e-05	55
6.00359e-05	55
6.03326e-05	55
6.03933e-05	55
6.05505e-05	55
6.08971e-05	55
6.10818e-05	55
6.11307e-05	55
6.17186e-05	55
6.19718e-05	55
6.20204e-05	55
6.20275e-05	55
6.23339e-05	55
6.23797e-05	55
6.29107e-05	55
6.30975e-05	55
6.33515e-05	55
6.35465e-05	55
6.37135e-05	55
6.39791e-05	55
6.39977e-05	55
6.403e-05	55
6.47451e-05	55
6.48208e-05	55
6.48774e-05	55
6.5197e-05	55
6.53567e-05	55
6.5358e-05	55
6.56935e-05	55
6.57248e-05	55
6.59167e-05	55
6.60786e-05	55
6.63537e-05	55
6.69454e-05	55
6.69979e-05	55
6.71163e-05	55
6.71225e-05	55
6.71405e-05	55
6.7206e-05	55
6.72214e-05	55
6.76141e-05	55
6.77158e-05	55
6.79537e-05	55
6.84765e-05	55
6.85919e-05	55
6.92161e-05	55
7.01423e-05	55
7.1264e-05	55
7.16356e-05	55
7.16762e-05	55
7.19588e-05	55
7.19725e-05	55
7.2248e-05	55
7.22683e-05	55
7.23315e-05	55
7.24907e-05	55
7.26558e-05	55
7.26939e-05	55
7.28135e-05	55
7.36741e-05	55
7.37565e-05	55
7.37721e-05	55
7.37889e-05	55
7.39315e-05	55
7.40043e-05	55
7.42361e-05	55
7.4486e-05	55
7.44948e-05	55
7.45609e-05	55
7.48557e-05	55
7.49407e-05	55
7.49612e-05	55
7.50078e-05	55
7.50113e-05	55
7.50905e-05	55
7.51352e-05	55
7.55423e-05	55
7.59492e-05	55
7.60128e-05	55
7.62758e-05	55
7.64705e-05	55
7.66624e-05	55
7.67672e-05	55
7.67892e-05	55
7.70796e-05	55
7.76508e-05	55
7.76661e-05	55
7.79137e-05	55
7.79709e-05	55
7.82506e-05	55
7.82937e-05	55
7.84544e-05	55
7.87157e-05	55
7.87361e-05	55
7.8937e-05	55
7.89864e-05	55
7.90339e-05	55
7.93482e-05	55
7.93497e-05	55
7.99981e-05	55
8.01355e-05	55
8.06711e-05	55
8.06716e-05	55
8.06996e-05	55
8.07351e-05	55
8.09196e-05	55
8.0921e-05	55
8.1435e-05	55
8.15224e-05	55
8.16468e-05	55
8.16473e-05	55
8.17851e-05	55
8.22986e-05	55
8.24525e-05	55
8.28445e-05	55
8.28476e-05	55
8.32464e-05	55
8.33879e-05	55
8.38078e-05	55
8.42629e-05	55
8.42891e-05	55
8.4401e-05	55
8.48046e-05	55
8.48637e-05	55
8.5124e-05	55
8.53808e-05	55
8.56342e-05	55
8.57749e-05	55
8.57967e-05	55
8.64128e-05	55
8.66458e-05	55
8.74649e-05	55
8.74935e-05	55
8.77884e-05	55
8.82286e-05	55
8.84739e-05	55
8.85606e-05	55
8.87167e-05	55
8.91981e-05	55
8.92884e-05	55
8.98839e-05	55
9.01075e-05	55
9.02519e-05	55
9.0297e-05	55
9.08481e-05	55
9.14908e-05	55
9.15401e-05	55
9.19296e-05	55
9.20013e-05	55
9.22766e-05	55
9.23436e-05	55
9.27894e-05	55
9.32602e-05	55
9.34237e-05	55
9.34671e-05	55
9.34822e-05	55
9.38825e-05	55
9.4125e-05	55
9.42159e-05	55
9.4685e-05	55
9.53327e-05	55
9.61922e-05	55
9.62205e-05	55
9.62987e-05	55
9.64887e-05	55
9.68401e-05	55
9.71839e-05	55
9.73881e-05	55
9.78733e-05	55
9.80472e-05	55
9.81929e-05	55
9.86629e-05	55
9.91114e-05	55
9.91811e-05	55
9.92018e-05	55
9.94888e-05	55
9.9603e-05	55
9.96665e-05	55
9.99456e-05	55
0.000100747	55
0.000100855	55
0.000100895	55
0.000101313	55
0.000102363	55
0.000102364	55
0.000102875	55
0.000103085	55
0.000103415	55
0.000103493	55
0.000103618	55
0.00010414	55
0.000104179	55
0.000105326	55
0.000106469	55
0.000106547	55
0.000107026	55
0.000107123	55
0.000107761	55
0.000108073	55
0.000108173	55
0.000108288	55
0.000108748	55
0.000108753	55
0.000109009	55
0.000109489	55
0.000111489	55
0.000111621	55
0.00011177	55
0.000112107	55
0.000112288	55
0.000112621	55
0.000113353	55
0.000113895	55
0.00011465	55
0.000115393	55
0.000115858	55
0.000116467	55
0.000116719	55
0.000116838	55
0.000116851	55
0.000116983	55
0.000116991	55
0.000117555	55
0.00011766	55
0.00011786	55
0.000118145	55
0.000119293	55
0.00011941	55
0.00011952	55
0.000119668	55
0.000120378	55
0.000120744	55
0.000121418	55
0.000122306	55
0.000123703	55
0.000123762	55
0.000124892	55
0.000125521	55
0.000125811	55
0.000125893	55
0.000126359	55
0.000126698	55
0.000126855	55
0.000126936	55
0.000127582	55
0.000128139	55
0.000128602	55
0.000129281	55
0.000129736	55
0.000130261	55
0.000130291	55
0.000130345	55
0.000130566	55
0.000130589	55
0.000130929	55
0.000131027	55
0.000131836	55
0.000132849	55
0.000133053	55
0.000133175	55
0.000133933	55
0.00013424	55
0.000134309	55
0.000134344	55
0.000134494	55
0.000134813	55
0.000135314	55
0.000135398	55
0.000135735	55
0.000136472	55
0.000136481	55
0.000136992	55
0.000139372	55
0.000139792	55
0.000139877	55
0.000140356	55
0.000141786	55
0.000141869	55
0.000142873	55
0.000143462	55
0.000143664	55
0.000145737	55
0.000145931	55
0.000146054	55
0.000146928	55
0.000147018	55
0.000147027	55
0.000147438	55
0.000147528	55
0.000148263	55
0.000148624	55
0.000149129	55
0.000149467	55
0.000149612	55
0.000150008	55
0.000150262	55
0.000150527	55
0.000150828	55
0.000151253	55
0.000151404	55
0.000152367	55
0.000152792	55
0.000152967	55
0.0001533	55
0.000153374	55
0.000153495	55
0.0001535	55
0.000154504	55
0.00015515	55
0.000156862	55
0.000157442	55
0.000159083	55
0.000159209	55
0.000159324	55
0.000159494	55
0.000160215	55
0.000160866	55
0.000161219	55
0.000161979	55
0.000163827	55
0.000164711	55
0.000168027	55
0.000169081	55
0.0001701	55
0.000170482	55
0.00017252	55
0.000172541	55
0.000173042	55
0.000174664	55
0.000174883	55
0.000174996	55
0.000175322	55
0.000175472	55
0.000175826	55
0.000176145	55
0.000176178	55
0.000176901	55
0.000177532	55
0.000177748	55
0.000177972	55
0.000179522	55
0.000179914	55
0.000180239	55
0.00018054	55
0.000181443	55
0.00018211	55
0.000185171	55
0.000185254	55
0.000185269	55
0.000185627	55
0.000186752	55
0.000186947	55
0.000187003	55
0.000187061	55
0.000188048	55
0.000188149	55
0.000188924	55
0.000190034	55
0.000190223	55
0.000190849	55
0.000190955	55
0.000192131	55
0.000192971	55
0.000193099	55
0.000193361	55
0.000193937	55
0.000194875	55
0.000195039	55
0.000195567	55
0.000202196	55
0.000203373	55
0.000203698	55
0.000203813	55
0.000204354	55
0.000204705	55
0.00020479	55
0.000205792	55
0.000207667	55
0.000207727	55
0.000209887	55
0.000212618	55
0.000212686	55
0.000216017	55
0.000218012	55
0.000218426	55
0.000218433	55
0.000219057	55
0.000219304	55
0.000221554	55
0.000221916	55
0.000222086	55
0.000223002	55
0.000223973	55
0.000225241	55
0.000230289	55
0.000230985	55
0.000231071	55
0.000233087	55
0.000233231	55
0.000234083	55
0.000235337	55
0.000235706	55
0.000238754	55
0.000239078	55
0.000239669	55
0.000240478	55
0.000241332	55
0.000242126	55
0.000242269	55
0.000243552	55
0.000243691	55
0.000244333	55
0.000245571	55
0.000246892	55
0.000247134	55
0.000248112	55
0.000250095	55
0.000251388	55
0.000252212	55
0.000252936	55
0.000258041	55
0.000258536	55
0.000260047	55
0.000261074	55
0.000261738	55
0.000263153	55
0.000267904	55
0.000270701	55
0.000271839	55
0.000273548	55
0.000274308	55
0.000275865	55
0.00027927	55
0.0002798	55
0.000280258	55
0.000280845	55
0.000281148	55
0.000281362	55
0.000282839	55
0.000285121	55
0.000288041	55
0.000290103	55
0.000290767	55
0.000290859	55
0.000293005	55
0.000294192	55
0.000295673	55
0.000296723	55
0.000296847	55
0.000297124	55
0.000298296	55
0.000300062	55
0.000300131	55
0.00030034	55
0.000303684	55
0.000303941	55
0.00030566	55
0.000312473	55
0.000317696	55
0.000317883	55
0.000318732	55
0.000318855	55
0.000322303	55
0.000322502	55
0.000326382	55
0.000330392	55
0.000330433	55
0.000331556	55
0.000331699	55
0.000333014	55
0.000334317	55
0.000334658	55
0.000335437	55
0.000337359	55
0.000337365	55
0.00033792	55
0.000339658	55
0.000339712	55
0.000339846	55
0.000343307	55
0.000345459	55
0.000348194	55
0.00034904	55
0.00035568	55
0.000356387	55
0.000357296	55
0.000360133	55
0.000360977	55
0.000361614	55
0.000362955	55
0.000364206	55
0.000364333	55
0.000366648	55
0.000366972	55
0.000369149	55
0.000369602	55
0.000374547	55
0.000376441	55
0.000379531	55
0.000380919	55
0.000383291	55
0.000384202	55
0.00038694	55
0.000392349	55
0.000393276	55
0.000394884	55
0.000400813	55
0.000404905	55
0.000408113	55
0.000411118	55
0.000418767	55
0.000422229	55
0.000422646	55
0.000423442	55
0.000431223	55
0.000432823	55
0.000447483	55
0.000448426	55
0.000449101	55
0.000450513	55
0.000450527	55
0.000453449	55
0.000456404	55
0.000457848	55
0.000459824	55
0.000461402	55
0.000464457	55
0.000465404	55
0.000465496	55
0.000465737	55
0.000469254	55
0.000473173	55
0.000474748	55
0.000475733	55
0.000480748	55
0.000488322	55
0.000489229	55
0.000489256	55
0.000493698	55
0.000494254	55
0.000497242	55
0.000511751	55
0.000513191	55
0.000517118	55
0.0005243	55
0.000525127	55
0.000525492	55
0.00052817	55
0.000530425	55
0.000532927	55
0.000533727	55
0.000545223	55
0.000549973	55
0.000551232	55
0.000553029	55
0.000557034	55
0.000559209	55
0.000565395	55
0.000570336	55
0.000575796	55
0.0005792	55
0.000581687	55
0.000609382	55
0.000610229	55
0.000612273	55
0.000616986	55
0.000628353	55
0.000635099	55
0.00064244	55
0.000657358	55
0.000671717	55
0.000676597	55
0.000679512	55
0.000682853	55
0.000685266	55
0.000700672	55
0.00072214	55
0.000732529	55
0.000746444	55
0.000758758	55
0.000761772	55
0.000813512	55
0.000817708	55
0.00084393	55
0.00085706	55
0.000883893	55
0.000903354	55
0.000909295	55
0.000917972	55
0.000925638	55
0.000947527	55
0.000950662	55
0.000960703	55
0.000970707	55
0.00102054	55
0.00103454	55
0.0010782	55
0.00116125	55
0.0011641	55
0.00122625	55
0.00125062	55
0.00139339	55
0.00158556	55
0.00158584	55
0.00172086	55
0.00179331	55
0.00200509	55
0.00218535	55
0.00235011	55
0.00832122	55
0.00832134	55
0.0083215	55
0.00832168	55
0.00832169	55
0.00832179	55
0.00832183	55
0.00832185	55
0.00832188	55
0.00832216	55
0.00832254	55
0.00832263	55
0.00832295	55
0.00832297	55
0.00832332	55
0.00832334	55
0.00832355	55
0.00832377	55
0.008324	55
0.00832446	55
0.00832469	55
0.00832475	55
0.00832477	55
0.00832479	55
0.00832525	55
0.00832534	55
0.00832559	55
0.00832562	55
0.00832598	55
0.00832746	55
0.0083277	55
0.00832855	55
0.00832929	55
0.00833066	55
0.00833142	55
0.00833153	55
0.00833382	55
0.00833486	55
0.00833959	55
0.00837693	55
0.0131168	55
0.0131176	55
0.0131181	55
0.0131236	55
0.0131272	55
0.0131298	55
0.0131357	55
0.0131616	55
0.0131619	55
0.0131714	55
0.013176	55
0.0132053	55
0.0132081	55
0.0132088	55
0.0132452	55
0.0132472	55
0.0132644	55
0.0132692	55
0.0132752	55
0.013284	55
0.0132926	55
0.013293	55
0.0133225	55
0.0133423	55
0.0133594	55
0.013371	55
0.013439	55
0.0134456	55
0.0135826	55
0.0138121	55
0.0138979	55
0.0139222	55
0.0139825	55
0.0141145	55
0.0156689	55
0.0156779	55
0.0160188	55
0.0315175	55
0.0315177	55
0.0315177	55
0.0315177	55
0.0315178	55
0.0315178	55
0.0315178	55
0.0315178	55
0.0315179	55
0.031518	55
0.031518	55
0.0315183	55
0.0315186	55
0.0315186	55
0.0315187	55
0.0315188	55
0.0315194	55
0.0315197	55
0.0315199	55
0.0315201	55
0.0315202	55
0.0315205	55
0.0315207	55
0.0315209	55
0.0315209	55
0.0315211	55
0.0315212	55
0.0315215	55
0.0315218	55
0.0315232	55
0.0315233	55
0.0315235	55
0.0315236	55
0.0315239	55
0.0315244	55
0.031525	55
0.0315261	55
0.0315261	55
0.0315278	55
0.0315289	55
0.031529	55
0.0315298	55
0.03153	55
0.03153	55
0.031531	55
0.0315313	55
0.0315344	55
0.031538	55
0.0315385	55
0.0315386	55
0.0315413	55
0.0315414	55
0.0315425	55
0.0315431	55
0.0315436	55
0.0315445	55
0.0315455	55
0.031548	55
0.0315485	55
0.0315491	55
0.0315495	55
0.0315496	55
0.0315502	55
0.0315528	55
0.0315534	55
0.0315537	55
0.0315541	55
0.0315552	55
0.0315554	55
0.0315572	55
0.0315573	55
0.0315588	55
0.0315601	55
0.0315614	55
0.0315622	55
0.0315626	55
0.0315644	55
0.0315646	55
0.0315649	55
0.031565	55
0.0315653	55
0.0315656	55
0.031567	55
0.0315678	55
0.0315701	55
0.0315725	55
0.0315738	55
0.0315738	55
0.0315781	55
0.0315803	55
0.031582	55
0.0315833	55
0.0315843	55
0.0315852	55
0.0315859	55
0.0315864	55
0.0315921	55
0.0315931	55
0.0315979	55
0.0316024	55
0.0316046	55
0.0316087	55
0.0316095	55
0.0316117	55
0.0316172	55
0.0316175	55
0.0316248	55
0.0316326	55
0.0316454	55
0.0316495	55
0.0316504	55
0.0316526	55
0.031653	55
0.031655	55
0.03166	55
0.0316604	55
0.0316621	55
0.0316672	55
0.0316697	55
0.0316698	55
0.0316766	55
0.0316803	55
0.0316814	55
0.0316922	55
0.0316952	55
0.0316957	55
0.0317094	55
0.0317106	55
0.0317246	55
0.0317322	55
0.0317324	55
0.0317371	55
0.0317394	55
0.0317434	55
0.0317449	55
0.0317454	55
0.0317471	55
0.0317512	55
0.0317532	55
0.0317561	55
0.0317592	55
0.0317623	55
0.0317665	55
0.0317724	55
0.031776	55
0.031787	55
0.0317933	55
0.0318003	55
0.0318247	55
0.0318365	55
0.0318455	55
0.0318486	55
0.0318504	55
0.0318514	55
0.0318547	55
0.0318583	55
0.0318684	55
0.0318845	55
0.0318917	55
0.0319023	55
0.031909	55
0.0319459	55
0.0319474	55
0.0319476	55
0.0319598	55
0.0319749	55
0.0319762	55
0.0320312	55
0.0320463	55
0.0320805	55
0.0320912	55
0.0321108	55
0.0321358	55
0.0321494	55
0.0321574	55
0.0324052	55
0.032951	55
0.032952	55
0.032954	55
0.0329569	55
0.0329579	55
0.0329596	55
0.0329653	55
0.0329705	55
0.0329729	55
0.0329811	55
0.0329815	55
0.0329825	55
0.0329963	55
0.0329984	55
0.0330103	55
0.033012	55
0.0330191	55
0.0330238	55
0.0330348	55
0.033052	55
0.0330526	55
0.0330565	55
0.0330672	55
0.0330848	55
0.0330886	55
0.0331187	55
0.0331208	55
0.0331272	55
0.0331338	55
0.0331379	55
0.0331414	55
0.0331845	55
0.0332533	55
0.0332904	55
0.0332913	55
0.0333194	55
0.0333297	55
0.0333452	55
0.0333609	55
0.0333692	55
0.0333706	55
0.0333789	55
0.0333929	55
0.0334085	55
0.0334752	55
0.0335557	55
0.0336125	55
0.0337002	55
0.0337603	55
0.033767	55
0.0341124	55
0.0341511	55
0.0460057	55
0.0460057	55
0.0460057	55
0.0460058	55
0.0460059	55
0.0460059	55
0.0460061	55
0.0460062	55
0.0460069	55
0.0460071	55
0.0460075	55
0.0460088	55
0.0460089	55
0.0460154	55
0.0460165	55
0.0460176	55
0.0460181	55
0.0460184	55
0.0460185	55
0.0460213	55
0.0460214	55
0.0460231	55
0.0460301	55
0.0460303	55
0.0460324	55
0.0460332	55
0.0460339	55
0.0460358	55
0.0460374	55
0.0460378	55
0.0460406	55
0.046041	55
0.0460442	55
0.0460514	55
0.0460519	55
0.0460527	55
0.0460528	55
0.0460532	55
0.0460543	55
0.0460565	55
0.0460631	55
0.0460688	55
0.0460694	55
0.0460811	55
0.0460853	55
0.0460854	55
0.0460902	55
0.046095	55
0.0460998	55
0.0461004	55
0.046102	55
0.0461085	55
0.0461087	55
0.046114	55
0.0461275	55
0.0461401	55
0.0461404	55
0.0461439	55
0.0461478	55
0.0461486	55
0.0461499	55
0.0461606	55
0.0461625	55
0.046164	55
0.0461724	55
0.046174	55
0.0461801	55
0.0462058	55
0.0462063	55
0.0462144	55
0.0462479	55
0.0462631	55
0.0462654	55
0.0462754	55
0.046296	55
0.046316	55
0.0463286	55
0.046341	55
0.0463425	55
0.0463492	55
0.0463514	55
0.0463578	55
0.0463639	55
0.0463926	55
0.0464265	55
0.0464284	55
0.0464593	55
0.0464968	55
0.046511	55
0.0465312	55
0.0465524	55
0.0466007	55
0.0466084	55
0.0466489	55
0.046681	55
0.0467276	55
0.0467372	55
0.0468671	55
0.0468812	55
0.0470601	55
0.04726	55
0.0478806	55
0.0478959	55
0.0478962	55
0.0479121	55
0.0479537	55
0.0479935	55
0.0480946	55
0.0481304	55
0.0481501	55
0.0482017	55
0.0482506	55
0.0482651	55
0.0485142	55
0.0489029	55
0.0489413	55
0.0494696	55
0.05224	55
0.0529015	55
0.0529021	55
0.0529023	55
0.0529028	55
0.0529039	55
0.052905	55
0.0529052	55
0.0529081	55
0.0529105	55
0.052913	55
0.0529134	55
0.052915	55
0.052921	55
0.052928	55
0.0529384	55
0.0541176	55
0.0541179	55
0.0541183	55
0.0541183	55
0.0541229	55
0.0541315	55
0.0631896	55
0.06319	55
0.0631931	55
0.063195	55
0.0631951	55
0.0632603	55
0.0632779	55
0.0633137	55
0.0638201	55
0.0638734	55
0.0642976	55
0.0733913	55
0.0733915	55
0.0733916	55
0.0733919	55
0.0733924	55
0.0733926	55
0.0733935	55
0.0733945	55
0.0733946	55
0.0733958	55
0.0733961	55
0.0733964	55
0.0733987	55
0.0734	55
0.0734052	55
0.0734086	55
0.0734092	55
0.0734452	55
0.0734511	55
0.0736403	55
0.0736991	55
0.0737697	55
0.0737917	55
0.0745846	55
0.0795768	55
0.0795782	55
0.0795782	55
0.0795783	55
0.0795823	55
0.0796161	55
0.0797523	55
0.0797615	55
0.0865685	55
0.0865761	55
0.0865794	55
0.0865803	55
0.086581	55
0.0866491	55
0.0866789	55
0.0866863	55
0.0867006	55
0.0867455	55
0.0867464	55
0.086747	55
0.0867501	55
0.0867519	55
0.0867531	55
0.086754	55
0.0867553	55
0.0867565	55
0.086758	55
0.086759	55
0.0867623	55
0.086806	55
0.0868824	55
0.086894	55
0.0870988	55
0.0871637	55
0.0871756	55
0.0872464	55
0.0875793	55
0.0876091	55
0.0878957	55
0.0878968	55
0.0879052	55
0.0880722	55
0.088113	55
0.0921819	55
0.0921848	55
0.0922319	55
0.0953533	55
0.095355	55
0.0953605	55
0.095364	55
0.0954639	55
0.1013	55
0.101306	55
0.101332	55
0.102086	55
0.103804	55
0.103805	55
0.103823	55
0.103844	55
0.10386	55
0.106885	55
0.106885	55
0.106888	55
0.106893	55
0.106895	55
0.106918	55
0.107753	55
0.107825	55
0.107831	55
0.111533	55
0.111535	55
0.11162	55
0.113615	55
0.11362	55
0.113625	55
0.113648	55
0.113658	55
0.113695	55
0.113738	55
0.113887	55
0.114069	55
0.114566	55
0.11932	55
0.119324	55
0.119327	55
0.119331	55
0.119333	55
0.119438	55
0.120184	55
0.149129	55
0.14913	55
0.14913	55
0.14913	55
0.149131	55
0.149134	55
0.149137	55
0.149138	55
0.149141	55
0.149144	55
0.149144	55
0.14915	55
0.149158	55
0.149159	55
0.149161	55
0.149247	55
0.149255	55
0.149312	55
0.149342	55
0.149349	55
0.15038	55
0.161558	55
0.161559	55
0.164325	55
0.164603	55
0.167399	55
0.167791	55
0.169134	55
0.169805	55
0.172504	55
0.188474	55
0.188477	55
0.188486	55
0.188527	55
0.188531	55
0.188697	55
0.189022	55
0.191616	55
0.191866	55
0.19262	55
0.192644	55
0.192646	55
0.193163	55
0.193205	55
0.193338	55
0.195986	55
0.196	55
0.205378	55
0.20538	55
0.205395	55
0.205395	55
0.205401	55
0.220814	55
0.220815	55
0.220815	55
0.220816	55
0.220821	55
0.220822	55
0.220824	55
0.220825	55
0.220842	55
0.220867	55
0.221264	55
0.234294	55
0.234295	55
0.234304	55
0.266192	55
0.266193	55
0.266193	55
0.266193	55
0.266194	55
0.266195	55
0.266196	55
0.266198	55
0.266199	55
0.2662	55
0.266212	55
0.268161	55
0.268161	55
0.268177	55
0.268179	55
0.274171	55
0.274172	55
0.274179	55
0.274186	55
0.2742	55
0.274217	55
0.278055	55
0.278056	55
0.278059	55
0.27813	55
0.278213	55
0.279859	55
0.288685	55
0.288685	55
0.288695	55
0.288695	55
0.288726	55
0.2906	55
0.290601	55
0.290616	55
0.291402	55
0.291403	55
0.291403	55
0.291407	55
0.29141	55
0.291411	55
0.291416	55
0.291418	55
0.291526	55
0.304201	55
0.304205	55
0.304209	55
0.304211	55
0.304219	55
0.304263	55
0.315859	55
0.315862	55
0.315864	55
0.315866	55
0.315871	55
0.315893	55
0.327209	55
0.32724	55
0.328228	55
0.328238	55
0.328293	55
0.328518	55
0.328525	55
0.328533	55
0.328543	55
0.328543	55
0.329733	55
0.329747	55
0.33033	55
0.336287	55
0.336288	55
0.33629	55
0.336302	55
0.336338	55
0.345531	55
0.345537	55
0.345541	55
0.345545	55
0.345551	55
0.346244	55
0.349031	55
0.349035	55
0.349037	55
0.34905	55
0.349052	55
0.355719	55
0.355719	55
0.355729	55
0.359218	55
0.359222	55
0.359222	55
0.359222	55
0.359233	55
0.359256	55
0.366716	55
0.366716	55
0.366717	55
0.366718	55
0.36672	55
0.366721	55
0.36678	55
0.368186	55
0.368188	55
0.368188	55
0.37722	55
0.377223	55
0.377226	55
0.37723	55
0.377232	55
0.37732	55
0.379011	55
0.379657	55
0.380191	55
0.380208	55
0.380224	55
0.380684	55
0.391136	55
0.391137	55
0.391142	55
0.391145	55
0.391207	55
0.395161	55
0.395162	55
0.39517	55
0.395188	55
0.39521	55
0.395244	55
0.398392	55
0.398393	55
0.398408	55
0.407983	55
0.408009	55
0.408022	55
0.40803	55
0.414998	55
0.414998	55
0.415002	55
0.415002	55
0.415006	55
0.415041	55
0.416129	55
0.416133	55
0.416137	55
0.416146	55
0.416147	55
0.417288	55
0.417295	55
0.417357	55
0.419594	55
0.419603	55
0.419609	55
0.419711	55
0.426288	55
0.42629	55
0.426297	55
0.42631	55
0.426319	55
0.426321	55
0.433451	55
0.433454	55
0.433455	55
0.433483	55
0.433512	55
0.43615	55
0.436154	55
0.436207	55
0.444946	55
0.44495	55
0.444959	55
0.449865	55
0.461262	55
0.461263	55
0.461265	55
0.461267	55
0.46128	55
0.461296	55
0.462722	55
0.462737	55
0.462738	55
0.462759	55
0.462781	55
0.496593	55
0.496593	55
0.496595	55
0.496595	55
0.496596	55
0.4966	55
0.496602	55
0.496638	55
0.510202	55
0.510213	55
0.510221	55
0.510267	55
0.531771	55
0.531771	55
0.531772	55
0.531781	55
0.531786	55
0.531791	55
0.531796	55
0.531796	55
0.531818	55
0.53185	55
0.537996	55
0.537998	55
0.537999	55
0.538006	55
0.53801	55
0.538012	55
0.53802	55
0.539958	55
0.543595	55
0.543598	55
0.543607	55
0.543614	55
0.549212	55
0.549233	55
0.549252	55
0.54927	55
0.554902	55
0.568202	55
0.568204	55
0.568212	55
0.568217	55
0.568249	55
0.568304	55
0.568304	55
0.56831	55
0.568318	55
0.568639	55
0.569129	55
0.569145	55
0.569423	55
0.571763	55
0.571774	55
0.573075	55
0.573081	55
0.573086	55
0.573093	55
0.57331	55
0.584243	55
0.584245	55
0.58425	55
0.58429	55
0.586986	55
0.586994	55
0.587003	55
0.587013	55
0.587071	55
0.600704	55
0.605134	55
0.605144	55
0.615812	55
0.615813	55
0.615814	55
0.615819	55
0.615827	55
0.615861	55
0.617727	55
0.617727	55
0.617732	55
0.617741	55
0.617749	55
0.622905	55
0.622905	55
0.622907	55
0.622939	55
0.622975	55
0.628905	55
0.628908	55
0.628909	55
0.628914	55
0.628928	55
0.633814	55
0.633817	55
0.633823	55
0.633825	55
0.633832	55
0.63385	55
0.63386	55
0.684332	55
0.684332	55
0.684332	55
0.684333	55
0.684338	55
0.684339	55
0.684345	55
0.68435	55
0.684352	55
0.684359	55
0.684361	55
0.684493	55
0.697412	55
0.70073	55
0.700749	55
0.700769	55
0.70079	55
0.70083	55
0.701056	55
0.705303	55
0.705344	55
0.705352	55
0.706585	55
0.706603	55
0.706757	55
0.712727	55
0.71274	55
0.71278	55
0.712794	55
0.714781	55
0.714782	55
0.714786	55
0.71479	55
0.714792	55
0.719969	55
0.719976	55
0.719976	55
0.719986	55
0.719994	55
0.729368	55
0.729372	55
0.729375	55
0.729419	55
0.73793	55
0.737936	55
0.737936	55
0.737944	55
0.737952	55
0.738012	55
0.775252	55
0.775253	55
0.775253	55
0.775254	55
0.775255	55
0.775259	55
0.77526	55
0.775266	55
0.775277	55
0.775277	55
0.775372	55
0.789042	55
0.789073	55
0.789091	55
0.789306	55
0.789388	55
0.790289	55
0.790298	55
0.790329	55
0.794007	55
0.794071	55
0.794955	55
0.794966	55
0.800413	55
0.800415	55
0.800445	55
0.806016	55
0.806018	55
0.80602	55
0.806029	55
0.809926	55
0.809934	55
0.80999	55
0.81267	55
0.812675	55
0.812735	55
0.821619	55
0.82162	55
0.821625	55
0.821631	55
0.821643	55
0.821661	55
0.822851	55
0.822852	55
0.822855	55
0.822855	55
0.822877	55
0.864171	55
0.864172	55
0.864174	55
0.864177	55
0.864177	55
0.864177	55
0.864179	55
0.86418	55
0.864181	55
0.864187	55
0.8642	55
0.864207	55
0.864217	55
0.864257	55
0.875069	55
0.875072	55
0.875095	55
0.875615	55
0.882791	55
0.888161	55
0.888161	55
0.888162	55
0.888167	55
0.888175	55
0.888186	55
0.888189	55
0.89075	55
0.890766	55
0.890771	55
0.895573	55
0.895574	55
0.895577	55
0.895581	55
0.90378	55
0.903781	55
0.910258	55
0.910528	55
0.914765	55
0.914769	55
0.914775	55
0.914784	55
0.914786	55
0.914788	55
0.914797	55
0.914801	55
0.918149	55
0.918151	55
0.918152	55
0.918172	55
0.918174	55
0.918181	55
0.918219	55
0.918412	55
0.918423	55
0.920613	55
0.920623	55
0.920658	55
0.924128	55
0.924134	55
0.924261	55
0.92669	55
0.926708	55
0.926737	55
0.926756	55
0.926796	55
0.927902	55
0.927909	55
0.928018	55
0.929895	55
0.92991	55
0.929995	55
0.932403	55
0.932404	55
0.932404	55
0.932444	55
0.937331	55
0.937332	55
0.937345	55
0.942507	55
0.94252	55
0.942642	55
0.966813	55
0.966814	55
0.966814	55
0.966815	55
0.966815	55
0.966818	55
0.966841	55
0.966867	55
0.986713	55
0.986714	55
0.986716	55
0.986717	55
0.986723	55
0.986726	55
0.987153	55
0.990373	55
0.990383	55
0.990385	55
0.990387	55
0.99705	55
0.997051	55
0.997058	55
0.997063	55
0.997331	55
1.0021	55
1.00212	55
1.00253	55
1.0044	55
1.00442	55
1.00443	55
1.00456	55
1.00468	55
1.0236	55
1.0236	55
1.0236	55
1.0236	55
1.02362	55
1.02362	55
1.02363	55
1.02365	55
1.02377	55
1.03371	55
1.03372	55
1.03372	55
1.03373	55
1.03376	55
1.03627	55
1.03739	55
1.03975	55
1.04001	55
1.04278	55
1.0451	55
1.04793	55
1.04794	55
1.04816	55
1.05031	55
1.05032	55
1.05487	55
1.05487	55
1.05487	55
1.05487	55
1.05487	55
1.05487	55
1.05488	55
1.05489	55
1.05494	55
1.05549	55
1.05551	55
1.05569	55
1.07271	55
1.07271	55
1.07271	55
1.07273	55
1.07275	55
1.08428	55
1.08429	55
1.08429	55
1.08429	55
1.0843	55
1.08431	55
1.08442	55
1.10773	55
1.10773	55
1.10774	55
1.10775	55
1.10775	55
1.11057	55
1.11057	55
1.11061	55
1.12248	55
1.12248	55
1.12248	55
1.12249	55
1.12252	55
1.123	55
1.123	55
1.12301	55
1.12301	55
1.12332	55
1.12333	55
1.13839	55
1.13839	55
1.1384	55
1.1384	55
1.1384	55
1.13841	55
1.13843	55
1.15026	55
1.15026	55
1.15027	55
1.15027	55
1.15033	55
1.15779	55
1.15779	55
1.15779	55
1.1578	55
1.16115	55
1.16116	55
1.16116	55
1.16119	55
1.16364	55
1.16732	55
1.16732	55
1.16883	55
1.16885	55
1.20313	55
1.20313	55
1.20314	55
1.20314	55
1.20314	55
1.20314	55
1.20314	55
1.20314	55
1.20317	55
1.20323	55
1.22773	55
1.22773	55
1.22773	55
1.22773	55
1.22774	55
1.22774	55
1.22775	55
1.22776	55
1.23497	55
1.23497	55
1.23497	55
1.23498	55
1.23499	55
1.26794	55
1.26794	55
1.26794	55
1.26794	55
1.26794	55
1.26794	55
1.26794	55
1.26798	55
1.268	55
1.27949	55
1.27949	55
1.2795	55
1.28078	55
1.2808	55
1.29152	55
1.29153	55
1.29154	55
1.29155	55
1.31049	55
1.3105	55
1.3105	55
1.3105	55
1.3105	55
1.31051	55
1.31051	55
1.31051	55
1.31053	55
1.31055	55
1.31059	55
1.32215	55
1.32215	55
1.32215	55
1.32215	55
1.32219	55
1.32222	55
1.32285	55
1.32303	55
1.32341	55
1.32962	55
1.32962	55
1.32964	55
1.32971	55
1.33504	55
1.33656	55
1.3437	55
1.3437	55
1.34371	55
1.34371	55
1.34371	55
1.34374	55
1.34395	55
1.35931	55
1.35931	55
1.35932	55
1.35934	55
1.36111	55
1.36113	55
1.36237	55
1.36238	55
1.36238	55
1.3624	55
1.36626	55
1.36628	55
1.36735	55
1.36735	55
1.36736	55
1.36737	55
1.36907	55
1.37063	55
1.37063	55
1.38256	55
1.38256	55
1.38257	55
1.38258	55
1.38258	55
1.38258	55
1.38258	55
1.3826	55
1.39626	55
1.39626	55
1.39627	55
1.39627	55
1.39655	55
1.40225	55
1.40226	55
1.40226	55
1.40226	55
1.40226	55
1.40227	55
1.40229	55
1.40247	55
1.40593	55
1.40593	55
1.40598	55
1.4219	55
1.42193	55
1.42209	55
1.42937	55
1.42938	55
1.42938	55
1.42938	55
1.42939	55
1.42947	55
1.4334	55
1.4334	55
1.43341	55
1.43341	55
1.43386	55
1.43772	55
1.43773	55
1.43776	55
1.43796	55
1.47687	55
1.47687	55
1.47687	55
1.47687	55
1.47688	55
1.47688	55
1.47689	55
1.47689	55
1.4769	55
1.4769	55
1.47695	55
1.48315	55
1.48315	55
1.48318	55
1.48324	55
1.48523	55
1.48523	55
1.48533	55
1.49585	55
1.49585	55
1.49585	55
1.49586	55
1.49589	55
1.4959	55
1.49624	55
1.49624	55
1.49625	55
1.50035	55
1.50036	55
1.52056	55
1.52056	55
1.52056	55
1.52056	55
1.52056	55
1.52056	55
1.52056	55
1.52056	55
1.52058	55
1.52062	55
1.52334	55
1.52337	55
1.52346	55
1.5364	55
1.53644	55
1.55244	55
1.55244	55
1.55244	55
1.55245	55
1.55246	55
1.55247	55
1.55253	55
1.55483	55
1.5549	55
1.55525	55
1.58137	55
1.58137	55
1.58137	55
1.58137	55
1.58138	55
1.58138	55
1.58138	55
1.58786	55
1.58788	55
1.59024	55
1.59025	55
1.59031	55
1.59038	55
1.59046	55
1.59544	55
1.59545	55
1.59545	55
1.59547	55
1.61698	55
1.61698	55
1.61698	55
1.61699	55
1.617	55
1.61702	55
1.61757	55
1.61757	55
1.61757	55
1.62575	55
1.62576	55
1.62576	55
1.62576	55
1.62579	55
1.63076	55
1.63076	55
1.63076	55
1.63077	55
1.63077	55
1.63078	55
1.6308	55
1.63087	55
1.65318	55
1.65318	55
1.65318	55
1.65319	55
1.65319	55
1.65325	55
1.65502	55
1.65504	55
1.65504	55
1.65505	55
1.65542	55
1.65548	55
1.66407	55
1.66407	55
1.66408	55
1.66428	55
1.6643	55
1.6644	55
1.67157	55
1.67158	55
1.6718	55
1.67549	55
1.67678	55
1.67682	55
1.67686	55
1.7196	55
1.7196	55
1.7196	55
1.7196	55
1.71961	55
1.71961	55
1.71961	55
1.71961	55
1.71963	55
1.71968	55
1.73201	55
1.73201	55
1.73201	55
1.73208	55
1.73875	55
1.73875	55
1.73876	55
1.7388	55
1.7388	55
1.73919	55
1.73988	55
1.74987	55
1.74988	55
1.74988	55
1.74991	55
1.75017	55
1.7502	55
1.75021	55
1.75078	55
1.75081	55
1.75082	55
1.76821	55
1.76822	55
1.76822	55
1.76826	55
1.76827	55
1.77597	55
1.77598	55
1.8065	55
1.8065	55
1.8065	55
1.80651	55
1.80651	55
1.80651	55
1.80651	55
1.80651	55
1.80654	55
1.80658	55
1.80743	55
1.80743	55
1.80748	55
1.81153	55
1.81153	55
1.81157	55
1.81187	55
1.82168	55
1.82169	55
1.8406	55
1.84061	55
1.84061	55
1.84061	55
1.84063	55
1.8407	55
1.84442	55
1.84442	55
1.84442	55
1.85567	55
1.85569	55
1.85569	55
1.8557	55
1.85573	55
1.85576	55
1.85889	55
1.8589	55
1.8589	55
1.8589	55
1.85891	55
1.859	55
1.88748	55
1.88748	55
1.88748	55
1.88748	55
1.88748	55
1.88749	55
1.88754	55
1.89562	55
1.89562	55
1.89563	55
1.89563	55
1.89563	55
1.89564	55
1.89565	55
1.89577	55
1.9042	55
1.9042	55
1.9042	55
1.9042	55
1.9042	55
1.90425	55
1.90898	55
1.90922	55
1.91073	55
1.91073	55
1.91073	55
1.91074	55
1.91075	55
1.9121	55
1.91254	55
1.92382	55
1.92382	55
1.93427	55
1.93427	55
1.93427	55
1.93427	55
1.93427	55
1.93427	55
1.9343	55
1.9345	55
1.94064	55
1.94065	55
1.94065	55
1.94065	55
1.94065	55
1.94067	55
1.94106	55
1.95057	55
1.95059	55
1.95059	55
1.95062	55
1.95063	55
1.96636	55
1.96637	55
1.96638	55
1.9664	55
1.96758	55
1.96758	55
1.96764	55
1.97249	55
1.97249	55
1.97251	55
1.98151	55
1.98151	55
1.98151	55
1.98154	55
1.98162	55
1.99066	55
1.99066	55
1.99067	55
1.9907	55
1.99077	55
1.99117	55
1.99119	55
1.9912	55
1.99361	55
1.99361	55
1.99362	55
1.99907	55
1.99909	55
1.99913	55
2.01567	55
2.01567	55
2.01569	55
2.0157	55
2.01646	55
2.01646	55
2.01647	55
2.04395	55
2.04395	55
2.04395	55
2.04395	55
2.04396	55
2.04398	55
2.04399	55
2.04408	55
2.04934	55
2.04934	55
2.04936	55
2.04937	55
2.04937	55
2.04951	55
2.0585	55
2.05956	55
2.05962	55
2.0608	55
2.0608	55
2.06081	55
2.06081	55
2.06139	55
2.06682	55
2.06683	55
2.06683	55
2.06684	55
2.06685	55
2.09607	55
2.09607	55
2.09607	55
2.09608	55
2.09608	55
2.09609	55
2.09611	55
2.09613	55
2.09616	55
2.10556	55
2.10556	55
2.10559	55
2.10571	55
2.11469	55
2.11471	55
2.11471	55
2.11475	55
2.13233	55
2.13234	55
2.13234	55
2.13234	55
2.13235	55
2.13237	55
2.13237	55
2.16318	55
2.16318	55
2.16318	55
2.16318	55
2.16319	55
2.16321	55
2.16323	55
2.16327	55
2.1652	55
2.16521	55
2.1654	55
2.18211	55
2.18211	55
2.18212	55
2.18212	55
2.18213	55
2.18214	55
2.18216	55
2.23186	55
2.23186	55
2.23186	55
2.23186	55
2.23187	55
2.23187	55
2.23188	55
2.23188	55
2.23189	55
2.23197	55
2.23397	55
2.23397	55
2.23397	55
2.23401	55
2.24355	55
2.25214	55
2.25214	55
2.25215	55
2.25219	55
2.2522	55
2.2702	55
2.2702	55
2.27022	55
2.27022	55
2.27023	55
2.27023	55
2.27025	55
2.2781	55
2.27811	55
2.27812	55
2.27814	55
2.28229	55
2.28229	55
2.2823	55
2.2823	55
2.2823	55
2.28237	55
2.28574	55
2.28575	55
2.28576	55
2.28576	55
2.28578	55
2.29199	55
2.292	55
2.29202	55
2.29203	55
2.29206	55
2.29487	55
2.29488	55
2.30065	55
2.30067	55
2.3007	55
2.30146	55
2.30146	55
2.30156	55
2.30468	55
2.30471	55
2.30495	55
2.33265	55
2.33265	55
2.33265	55
2.33266	55
2.33266	55
2.33267	55
2.33267	55
2.33268	55
2.33274	55
2.33275	55
2.34314	55
2.34315	55
2.34315	55
2.34316	55
2.34318	55
2.3432	55
2.34482	55
2.37342	55
2.37343	55
2.37343	55
2.37343	55
2.37344	55
2.37371	55
2.37373	55
2.38003	55
2.38004	55
2.38004	55
2.38004	55
2.38096	55
2.38097	55
2.38184	55
2.38185	55
2.38205	55
2.38706	55
2.38707	55
2.38707	55
2.38707	55
2.38708	55
2.3871	55
2.38714	55
2.40719	55
2.40719	55
2.40719	55
2.4072	55
2.4072	55
2.40723	55
2.40726	55
2.4155	55
2.41552	55
2.41554	55
2.41558	55
2.42622	55
2.42622	55
2.42622	55
2.42622	55
2.43547	55
2.4355	55
2.43552	55
2.43563	55
2.4435	55
2.4435	55
2.4435	55
2.44351	55
2.46795	55
2.46795	55
2.46795	55
2.46796	55
2.46797	55
2.46797	55
2.46799	55
2.47357	55
2.47359	55
2.4736	55
2.47445	55
2.47673	55
2.47673	55
2.47674	55
2.47674	55
2.47753	55
2.47754	55
2.47754	55
2.47755	55
2.49457	55
2.49457	55
2.49458	55
2.49459	55
2.49459	55
2.4946	55
2.49465	55
2.49466	55
2.49924	55
2.49929	55
2.49931	55
2.50456	55
2.50458	55
2.50475	55
2.50994	55
2.50995	55
2.51001	55
2.51104	55
2.51105	55
2.51107	55
2.51373	55
2.51374	55
2.51375	55
2.51378	55
2.51487	55
2.51491	55
2.51658	55
2.51716	55
2.53595	55
2.53595	55
2.53595	55
2.53595	55
2.53596	55
2.53597	55
2.53599	55
2.536	55
2.56224	55
2.56224	55
2.56224	55
2.56224	55
2.56224	55
2.56225	55
2.56226	55
2.56232	55
2.56235	55
2.56646	55
2.56813	55
2.56813	55
2.56862	55
2.59355	55
2.59356	55
2.59357	55
2.59358	55
2.59358	55
2.5936	55
2.59402	55
2.5967	55
2.59671	55
2.59676	55
2.59676	55
2.61421	55
2.61421	55
2.61422	55
2.61422	55
2.61422	55
2.61422	55
2.61422	55
2.61423	55
2.61427	55
2.61497	55
2.63688	55
2.63689	55
2.63693	55
2.63976	55
2.6398	55
2.6409	55
2.64093	55
2.64094	55
2.64623	55
2.64624	55
2.64626	55
2.64705	55
2.65232	55
2.65232	55
2.65233	55
2.65233	55
2.65245	55
2.65335	55
2.65335	55
2.65336	55
2.65336	55
2.65339	55
2.65344	55
2.65827	55
2.65827	55
2.65828	55
2.65829	55
2.70234	55
2.70234	55
2.70234	55
2.70234	55
2.70234	55
2.70234	55
2.70236	55
2.70236	55
2.70237	55
2.7024	55
2.72081	55
2.72082	55
2.72085	55
2.74422	55
2.74422	55
2.74422	55
2.74422	55
2.74423	55
2.74429	55
2.77434	55
2.77434	55
2.77434	55
2.77435	55
2.77435	55
2.77436	55
2.7855	55
2.7855	55
2.78551	55
2.78551	55
2.78552	55
2.78555	55
2.78783	55
2.78784	55
2.78794	55
2.7973	55
2.7973	55
2.7973	55
2.79732	55
2.79739	55
2.81085	55
2.81085	55
2.81088	55
2.8109	55
2.81197	55
2.81197	55
2.81199	55
2.83069	55
2.83069	55
2.8307	55
2.8307	55
2.83071	55
2.83078	55
2.83488	55
2.83488	55
2.83489	55
2.84315	55
2.84315	55
2.84315	55
2.84315	55
2.8432	55
2.84326	55
2.84404	55
2.86577	55
2.86578	55
2.86578	55
2.86578	55
2.86579	55
2.86579	55
2.8658	55
2.86581	55
2.86582	55
2.87318	55
2.87318	55
2.87319	55
2.87319	55
2.8732	55
2.87321	55
2.90354	55
2.90355	55
2.90355	55
2.90355	55
2.90355	55
2.90356	55
2.90357	55
2.9036	55
2.90731	55
2.90732	55
2.90733	55
2.90734	55
2.90779	55
2.91506	55
2.91506	55
2.91507	55
2.91511	55
2.9152	55
2.9216	55
2.92161	55
2.92164	55
2.93908	55
2.93909	55
2.93909	55
2.93909	55
2.93911	55
2.93912	55
2.94306	55
2.94306	55
2.94307	55
2.94311	55
2.94907	55
2.94907	55
2.94908	55
2.94908	55
2.94909	55
2.94921	55
2.9517	55
2.95172	55
2.95173	55
2.95175	55
2.9788	55
2.9788	55
2.9788	55
2.9788	55
2.97882	55
2.97884	55
3.013	55
3.013	55
3.013	55
3.01301	55
3.01301	55
3.01305	55
3.01306	55
3.01315	55
3.01448	55
3.01448	55
3.01453	55
3.02106	55
3.02106	55
3.02106	55
3.02107	55
3.02108	55
3.02114	55
3.0212	55
3.02811	55
3.02815	55
3.02818	55
3.02843	55
3.041	55
3.04102	55
3.04106	55
3.05876	55
3.05877	55
3.05877	55
3.05877	55
3.05878	55
3.05878	55
3.05879	55
3.05879	55
3.06305	55
3.06307	55
3.06308	55
3.08273	55
3.08273	55
3.08273	55
3.08275	55
3.08275	55
3.08282	55
3.0973	55
3.0973	55
3.09731	55
3.09834	55
3.09834	55
3.09835	55
3.09838	55
3.09839	55
3.10264	55
3.10264	55
3.10265	55
3.10266	55
3.12295	55
3.12295	55
3.12297	55
3.12298	55
3.12558	55
3.12558	55
3.1256	55
3.1256	55
3.1256	55
3.14943	55
3.14943	55
3.14943	55
3.14943	55
3.14944	55
3.14945	55
3.14945	55
3.14952	55
3.16072	55
3.16072	55
3.16072	55
3.16072	55
3.16073	55
3.16073	55
3.16073	55
3.1608	55
3.16135	55
3.16139	55
3.16254	55
3.16255	55
3.18158	55
3.18158	55
3.18158	55
3.18158	55
3.1816	55
3.18162	55
3.18167	55
3.21886	55
3.21886	55
3.21886	55
3.21887	55
3.21887	55
3.2189	55
3.21894	55
3.21895	55
3.21968	55
3.2197	55
3.21983	55
3.22558	55
3.22558	55
3.22561	55
3.22561	55
3.2288	55
3.2288	55
3.22885	55
3.22886	55
3.23667	55
3.23669	55
3.26046	55
3.26046	55
3.26046	55
3.26047	55
3.26047	55
3.26047	55
3.2605	55
3.26051	55
3.26064	55
3.26094	55
3.26096	55
3.26096	55
3.26097	55
3.29015	55
3.29015	55
3.29015	55
3.29016	55
3.29016	55
3.29016	55
3.29017	55
3.2979	55
3.2979	55
3.29796	55
3.3059	55
3.30599	55
3.31273	55
3.31273	55
3.31273	55
3.31273	55
3.31274	55
3.31315	55
3.32045	55
3.32045	55
3.32046	55
3.32048	55
3.32049	55
3.32049	55
3.32051	55
3.32753	55
3.32757	55
3.32757	55
3.32818	55
3.32819	55
3.3282	55
3.3282	55
3.35091	55
3.35091	55
3.35091	55
3.35092	55
3.35092	55
3.35092	55
3.35092	55
3.35093	55
3.35099	55
3.35103	55
3.35128	55
3.36611	55
3.36611	55
3.36614	55
3.36655	55
3.3869	55
3.3869	55
3.38691	55
3.38693	55
3.40096	55
3.40097	55
3.40097	55
3.40097	55
3.40097	55
3.40098	55
3.4011	55
3.40976	55
3.40978	55
3.40978	55
3.41422	55
3.41422	55
3.41423	55
3.41423	55
3.4143	55
3.43413	55
3.43413	55
3.43413	55
3.43413	55
3.43414	55
3.43415	55
3.43419	55
3.43654	55
3.43655	55
3.43666	55
3.44537	55
3.44537	55
3.44537	55
3.44538	55
3.44541	55
3.44552	55
3.44729	55
3.44729	55
3.4473	55
3.46663	55
3.46664	55
3.46665	55
3.46666	55
3.46666	55
3.46668	55
3.46668	55
3.46676	55
3.47022	55
3.47037	55
3.48804	55
3.48805	55
3.48805	55
3.48806	55
3.48806	55
3.48815	55
3.49731	55
3.49732	55
3.49732	55
3.49732	55
3.49733	55
3.49733	55
3.49737	55
3.51032	55
3.51032	55
3.51033	55
3.51034	55
3.51035	55
3.51036	55
3.53253	55
3.53254	55
3.53254	55
3.53254	55
3.53255	55
3.53257	55
3.53261	55
3.53264	55
3.53491	55
3.53496	55
3.53499	55
3.53522	55
3.53722	55
3.53724	55
3.53727	55
3.59984	55
3.59984	55
3.59984	55
3.59985	55
3.59985	55
3.59985	55
3.59985	55
3.59986	55
3.59988	55
3.60307	55
3.60308	55
3.60311	55
3.6166	55
3.63068	55
3.63069	55
3.63069	55
3.63072	55
3.63078	55
3.64117	55
3.64117	55
3.64117	55
3.64118	55
3.64119	55
3.64119	55
3.64125	55
3.6544	55
3.65441	55
3.65441	55
3.65453	55
3.65896	55
3.65896	55
3.65902	55
3.65903	55
3.66564	55
3.66565	55
3.66565	55
3.66565	55
3.66566	55
3.66568	55
3.6657	55
3.66571	55
3.67391	55
3.67391	55
3.67391	55
3.67393	55
3.67508	55
3.67508	55
3.67509	55
3.67515	55
3.68007	55
3.68011	55
3.68024	55
3.68064	55
3.68065	55
3.68065	55
3.68067	55
3.68067	55
3.68071	55
3.68341	55
3.68348	55
3.68357	55
3.68573	55
3.688	55
3.68801	55
3.68806	55
3.69503	55
3.69503	55
3.69511	55
3.70153	55
3.70155	55
3.70158	55
3.70162	55
3.70308	55
3.7229	55
3.7229	55
3.7229	55
3.72291	55
3.72292	55
3.72295	55
3.72297	55
3.723	55
3.74218	55
3.74218	55
3.74218	55
3.74219	55
3.74219	55
3.74219	55
3.74219	55
3.78911	55
3.78911	55
3.78911	55
3.78911	55
3.78912	55
3.78912	55
3.78912	55
3.78912	55
3.78913	55
3.78914	55
3.78918	55
3.79022	55
3.79429	55
3.82222	55
3.82222	55
3.82223	55
3.82223	55
3.82223	55
3.82223	55
3.82224	55
3.82224	55
3.82227	55
3.82266	55
3.83943	55
3.83945	55
3.83973	55
3.83982	55
3.83983	55
3.83985	55
3.83991	55
3.8609	55
3.8609	55
3.8609	55
3.8609	55
3.86092	55
3.86094	55
3.86096	55
3.86239	55
3.86241	55
3.86324	55
3.86325	55
3.86332	55
3.88029	55
3.8803	55
3.88032	55
3.88033	55
3.88039	55
3.90301	55
3.90301	55
3.90302	55
3.90302	55
3.90303	55
3.90307	55
3.9031	55
3.90314	55
3.90411	55
3.91444	55
3.91446	55
3.91449	55
3.91686	55
3.91687	55
3.91691	55
3.92632	55
3.92632	55
3.92635	55
3.92638	55
3.92639	55
3.94225	55
3.94227	55
3.94229	55
3.94231	55
3.94231	55
3.9747	55
3.9747	55
3.97471	55
3.97472	55
3.97473	55
3.97487	55
3.97502	55
3.97509	55
3.97509	55
3.9751	55
3.97511	55
3.97519	55
4.03118	55
4.03118	55
4.03118	55
4.03118	55
4.03119	55
4.0312	55
4.03123	55
4.03123	55
4.03156	55
4.03212	55
4.03212	55
4.03213	55
4.03217	55
4.04732	55
4.04743	55
4.06819	55
4.0682	55
4.0682	55
4.0682	55
4.06822	55
4.06831	55
4.06834	55
4.0684	55
4.09738	55
4.09738	55
4.09738	55
4.09738	55
4.09738	55
4.09739	55
4.09739	55
4.09739	55
4.09739	55
4.09739	55
4.0974	55
4.09789	55
4.10569	55
4.10844	55
4.10845	55
4.10848	55
4.10853	55
4.12291	55
4.12292	55
4.12292	55
4.12293	55
4.12293	55
4.12521	55
4.12663	55
4.12766	55
4.17467	55
4.17467	55
4.17467	55
4.17467	55
4.17468	55
4.17469	55
4.17469	55
4.17479	55
4.18672	55
4.18673	55
4.18673	55
4.18673	55
4.18683	55
4.19043	55
4.19043	55
4.19046	55
4.19082	55
4.19084	55
4.19084	55
4.20379	55
4.20379	55
4.20381	55
4.20381	55
4.20383	55
4.20385	55
4.2065	55
4.20651	55
4.20652	55
4.2067	55
4.2143	55
4.21431	55
4.21432	55
4.21432	55
4.21432	55
4.21437	55
4.21634	55
4.21634	55
4.21637	55
4.2164	55
4.21837	55
4.21838	55
4.2184	55
4.21869	55
4.22678	55
4.22696	55
4.23603	55
4.23603	55
4.23603	55
4.23604	55
4.23604	55
4.23613	55
4.23774	55
4.27048	55
4.27048	55
4.27049	55
4.2705	55
4.2705	55
4.2705	55
4.27052	55
4.27052	55
4.27055	55
4.27056	55
4.2706	55
4.27464	55
4.27466	55
4.28856	55
4.28857	55
4.28857	55
4.28858	55
4.28859	55
4.29607	55
4.29607	55
4.29608	55
4.29608	55
4.2961	55
4.29612	55
4.30003	55
4.30601	55
4.30611	55
4.31594	55
4.31594	55
4.31595	55
4.316	55
4.33673	55
4.33676	55
4.33676	55
4.33682	55
4.33689	55
4.3404	55
4.3404	55
4.34041	55
4.34043	55
4.35295	55
4.35295	55
4.35296	55
4.35297	55
4.35297	55
4.35298	55
4.35861	55
4.35863	55
4.35864	55
4.35866	55
4.45442	55
4.45442	55
4.45443	55
4.45443	55
4.45443	55
4.45444	55
4.45444	55
4.45445	55
4.45445	55
4.45445	55
4.45451	55
4.45452	55
4.46123	55
4.46132	55
4.46456	55
4.49935	55
4.49935	55
4.49936	55
4.49936	55
4.49936	55
4.49936	55
4.49938	55
4.49947	55
4.50848	55
4.50848	55
4.50848	55
4.50849	55
4.5085	55
4.50851	55
4.50852	55
4.50853	55
4.50898	55
4.50898	55
4.50898	55
4.50899	55
4.52109	55
4.52456	55
4.53293	55
4.53294	55
4.53294	55
4.53294	55
4.53299	55
4.53871	55
4.54539	55
4.55678	55
4.55678	55
4.55679	55
4.55679	55
4.55681	55
4.55682	55
4.55682	55
4.55686	55
4.55728	55
4.5598	55
4.55981	55
4.55985	55
4.55987	55
4.55988	55
4.56581	55
4.57669	55
4.57678	55
4.61444	55
4.61444	55
4.61444	55
4.61444	55
4.61444	55
4.61444	55
4.61448	55
4.61448	55
4.61451	55
4.61712	55
4.61713	55
4.61716	55
4.64089	55
4.64089	55
4.64089	55
4.6409	55
4.6409	55
4.6409	55
4.64093	55
4.64098	55
4.65762	55
4.65762	55
4.65762	55
4.65763	55
4.65763	55
4.65764	55
4.65765	55
4.65769	55
4.65772	55
4.68845	55
4.68845	55
4.68845	55
4.68846	55
4.68847	55
4.68849	55
4.68853	55
4.68857	55
4.69363	55
4.69363	55
4.69367	55
4.69453	55
4.69455	55
4.69472	55
4.70239	55
4.70239	55
4.70241	55
4.70241	55
4.71943	55
4.71943	55
4.71943	55
4.71947	55
4.71947	55
4.71958	55
4.72209	55
4.72209	55
4.72209	55
4.72209	55
4.7221	55
4.74031	55
4.74032	55
4.74032	55
4.74037	55
4.74037	55
4.78542	55
4.78542	55
4.78542	55
4.78542	55
4.78544	55
4.78548	55
4.78549	55
4.7855	55
4.78557	55
4.79597	55
4.79597	55
4.79607	55
4.82126	55
4.82126	55
4.82126	55
4.82127	55
4.82129	55
4.8213	55
4.82141	55
4.82165	55
4.85047	55
4.85047	55
4.85048	55
4.85049	55
4.85049	55
4.85049	55
4.85064	55
4.85983	55
4.85984	55
4.85988	55
4.86189	55
4.86206	55
4.90291	55
4.90291	55
4.90291	55
4.90291	55
4.90293	55
4.90293	55
4.90293	55
4.90294	55
4.90297	55
4.90302	55
4.91091	55
4.91091	55
4.91092	55
4.94231	55
4.94231	55
4.94232	55
4.94232	55
4.94233	55
4.94233	55
4.94233	55
4.94234	55
4.94235	55
4.94237	55
4.94348	55
4.94355	55
4.94512	55
4.95499	55
4.955	55
4.95502	55
4.95509	55
4.96113	55
4.96114	55
4.96115	55
4.96117	55
5.02091	55
5.02091	55
5.02092	55
5.02092	55
5.02092	55
5.02092	55
5.02093	55
5.02093	55
5.02094	55
5.02101	55
5.02501	55
5.02502	55
5.02502	55
5.02509	55
5.03778	55
5.03784	55
5.03785	55
5.03789	55
5.03809	55
5.04712	55
5.04713	55
5.04715	55
5.04726	55
5.07229	55
5.07229	55
5.07231	55
5.07232	55
5.07232	55
5.07248	55
5.0725	55
5.08604	55
5.08605	55
5.08606	55
5.08608	55
5.08611	55
5.0865	55
5.09559	55
5.09564	55
5.09567	55
5.09577	55
5.09603	55
5.09604	55
5.09606	55
5.09606	55
5.11718	55
5.11718	55
5.11719	55
5.1172	55
5.1172	55
5.11721	55
5.11723	55
5.11732	55
5.12676	55
5.12679	55
5.1268	55
5.12688	55
5.13098	55
5.131	55
5.13102	55
5.13204	55
5.13205	55
5.13205	55
5.1321	55
5.1322	55
5.13958	55
5.13958	55
5.13958	55
5.13959	55
5.15885	55
5.15887	55
5.15889	55
5.15889	55
5.15889	55
5.15895	55
5.15901	55
5.23327	55
5.23327	55
5.23327	55
5.23328	55
5.23328	55
5.23328	55
5.23328	55
5.23328	55
5.23329	55
5.23336	55
5.23336	55
5.25131	55
5.25133	55
5.25134	55
5.25138	55
5.25141	55
5.25147	55
5.27221	55
5.27222	55
5.27222	55
5.27226	55
5.27228	55
5.2723	55
5.27256	55
5.2758	55
5.2758	55
5.27583	55
5.27594	55
5.27867	55
5.28775	55
5.28777	55
5.28789	55
5.2879	55
5.28801	55
5.29081	55
5.31202	55
5.31202	55
5.31202	55
5.31202	55
5.31202	55
5.31203	55
5.31205	55
5.31205	55
5.31207	55
5.31209	55
5.35651	55
5.35652	55
5.35652	55
5.35653	55
5.35653	55
5.35655	55
5.35657	55
5.35667	55
5.35669	55
5.40383	55
5.40383	55
5.40384	55
5.40386	55
5.40386	55
5.40387	55
5.40388	55
5.40395	55
5.43985	55
5.43986	55
5.43986	55
5.43987	55
5.43987	55
5.43987	55
5.43988	55
5.43989	55
5.44004	55
5.44013	55
5.48881	55
5.48881	55
5.48882	55
5.48883	55
5.48884	55
5.48886	55
5.48886	55
5.48888	55
5.48894	55
5.48906	55
5.52187	55
5.52192	55
5.5221	55
5.52226	55
5.68433	55
5.68434	55
5.68435	55
5.68435	55
5.68438	55
5.68439	55
5.6844	55
5.68441	55
5.68444	55
5.69799	55
5.69799	55
5.69803	55
5.69805	55
5.71256	55
5.71257	55
5.71257	55
5.71258	55
5.71258	55
5.71261	55
5.71263	55
5.71264	55
5.714	55
5.714	55
5.714	55
5.71406	55
5.71624	55
5.71624	55
5.71626	55
5.71631	55
5.71745	55
5.71762	55
5.7636	55
5.76361	55
5.76361	55
5.76363	55
5.76367	55
5.76372	55
5.76373	55
5.76375	55
5.76376	55
5.7669	55
5.7669	55
5.76692	55
5.76696	55
5.7987	55
5.7987	55
5.7987	55
5.79871	55
5.79871	55
5.79871	55
5.79873	55
5.79874	55
5.79874	55
5.79879	55
5.79893	55
5.84306	55
5.84306	55
5.84306	55
5.84306	55
5.84307	55
5.84311	55
5.84312	55
5.84313	55
5.84317	55
5.84328	55
5.85795	55
5.85795	55
5.85797	55
5.85802	55
5.8581	55
5.89414	55
5.89416	55
5.89417	55
5.89417	55
5.89418	55
5.89418	55
5.8942	55
5.8943	55
5.91003	55
5.91004	55
5.91004	55
5.91005	55
5.91008	55
5.95526	55
5.95527	55
5.95528	55
5.9553	55
5.9553	55
5.95534	55
5.95535	55
5.95537	55
6.05461	55
6.05462	55
6.05464	55
6.05466	55
6.05468	55
6.05469	55
6.05469	55
6.05473	55
6.05475	55
6.05476	55
6.07452	55
6.07456	55
6.07457	55
6.09421	55
6.0943	55
6.09477	55
6.10034	55
6.10034	55
6.10035	55
6.10036	55
6.10036	55
6.10036	55
6.10037	55
6.10046	55
6.14284	55
6.14284	55
6.14285	55
6.14287	55
6.14288	55
6.14289	55
6.14291	55
6.14291	55
6.14298	55
6.14335	55
6.14525	55
6.14965	55
6.14966	55
6.14968	55
6.16791	55
6.168	55
6.16829	55
6.16848	55
6.17034	55
6.17042	55
6.1779	55
6.17791	55
6.17791	55
6.17791	55
6.17795	55
6.17804	55
6.19882	55
6.19882	55
6.19886	55
6.19888	55
6.26208	55
6.2621	55
6.2621	55
6.2621	55
6.26212	55
6.26213	55
6.26214	55
6.26217	55
6.2622	55
6.26243	55
6.32785	55
6.32785	55
6.32786	55
6.32786	55
6.32786	55
6.32787	55
6.32792	55
6.32793	55
6.32795	55
6.32799	55
6.38308	55
6.3831	55
6.38311	55
6.38312	55
6.38313	55
6.38314	55
6.38315	55
6.38315	55
6.38323	55
8.09675	55
8.09677	55
8.09677	55
8.0968	55
8.09681	55
8.09686	55
8.09694	55
8.09703	55
8.09733	55
8.13379	55
8.13383	55
8.13383	55
8.13387	55
8.13388	55
8.13448	55
8.14854	55
8.14855	55
8.14859	55
8.14861	55
8.14865	55
8.14873	55
8.14891	55
8.16055	55
8.16056	55
8.16057	55
8.16057	55
8.16074	55
8.16387	55
8.16387	55
8.16387	55
8.16442	55
8.4436	55
8.44362	55
8.44362	55
8.44366	55
8.44368	55
8.4437	55
8.44385	55
8.44404	55
8.44437	55
8.44474	55
8.44667	55
9.39569	55
9.39571	55
9.39572	55
9.39573	55
9.39574	55
9.39591	55
9.39601	55
9.39604	55
9.39615	55
10.0311	55
10.0311	55
10.0311	55
10.0312	55
10.0312	55
10.0313	55
10.0314	55
10.0315	55
10.0315	55
10.0645	55
10.0645	55
10.0645	55
10.0645	55
10.0646	55
10.0649	55
10.5456	55
10.5456	55
10.5456	55
10.5456	55
10.5457	55
10.5458	55
10.5458	55
10.546	55
10.5486	55
10.5492	55
10.6227	55
10.6227	55
10.6227	55
10.6227	55
10.6227	55
10.6228	55
10.623	55
10.6233	55
10.6235	55
10.6888	55
10.6889	55
10.6889	55
10.6889	55
10.6889	55
10.6889	55
10.6889	55
10.689	55
11.3827	55
11.3827	55
11.3827	55
11.3827	55
11.3828	55
11.3828	55
11.383	55
11.3832	55
11.7059	55
11.7059	55
11.7059	55
11.7059	55
11.7059	55
11.7059	55
11.7059	55
11.706	55
11.706	55
11.706	55
11.7061	55
11.7062	55
11.8586	55
11.8586	55
11.8586	55
11.8587	55
11.8587	55
11.8587	55
11.8587	55
11.8587	55
11.8759	55
11.8761	55
11.8762	55
11.8764	55
12.1374	55
12.1374	55
12.1374	55
12.1375	55
12.1375	55
12.1376	55
12.1376	55
12.138	55
12.1392	55
12.2658	55
12.2658	55
12.2658	55
12.2658	55
12.2658	55
12.2659	55
12.266	55
12.266	55
12.2661	55
12.9116	55
12.9117	55
12.9117	55
12.9117	55
12.9117	55
12.9118	55
12.9119	55
12.9134	55
12.9135	55
12.9233	55
12.9233	55
12.9244	55
13.0652	55
13.0652	55
13.0652	55
13.0653	55
13.0653	55
13.0654	55
13.0654	55
13.0656	55
13.0664	55
13.0666	55
13.0677	55
13.0767	55
13.0768	55
13.077	55
13.077	55
13.0783	55
13.0785	55
13.2269	55
13.2269	55
13.227	55
13.227	55
13.227	55
13.227	55
13.2271	55
13.2274	55
13.2276	55
13.3818	55
13.3818	55
13.3819	55
13.3819	55
13.3819	55
13.3819	55
13.3819	55
13.382	55
13.3823	55
13.901	55
13.901	55
13.901	55
13.901	55
13.901	55
13.9011	55
13.9011	55
13.9014	55
13.9022	55
14.0353	55
14.0353	55
14.0353	55
14.0353	55
14.0354	55
14.0355	55
14.0355	55
14.0356	55
14.036	55
14.1414	55
14.1414	55
14.1414	55
14.1414	55
14.1414	55
14.1414	55
14.1415	55
14.1416	55
14.1419	55
14.2287	55
14.2288	55
14.2288	55
14.2288	55
14.2288	55
14.2288	55
14.2289	55
14.2289	55
14.2299	55
14.8749	55
14.8749	55
14.8749	55
14.8749	55
14.8749	55
14.8749	55
14.8749	55
14.8749	55
14.8749	55
14.8844	55
14.8848	55
14.885	55
14.8852	55
14.8869	55
14.8901	55
15.1011	55
15.1011	55
15.1011	55
15.1011	55
15.1011	55
15.1012	55
15.1012	55
15.1012	55
15.1014	55
15.102	55
15.2526	55
15.2526	55
15.2526	55
15.2527	55
15.2527	55
15.2527	55
15.2527	55
15.2527	55
15.2532	55
15.2831	55
15.2831	55
15.2831	55
15.2832	55
15.2832	55
15.2836	55
15.3212	55
15.3212	55
15.3212	55
15.3212	55
15.3212	55
15.3213	55
15.3214	55
15.3214	55
15.3227	55
15.7097	55
15.7097	55
15.7097	55
15.7097	55
15.7097	55
15.7098	55
15.7098	55
15.7101	55
16.0473	55
16.0473	55
16.0473	55
16.0473	55
16.0474	55
16.0474	55
16.0475	55
16.0479	55
16.0481	55
16.0485	55
16.8069	55
16.8069	55
16.8069	55
16.807	55
16.807	55
16.807	55
16.807	55
16.807	55
16.8072	55
17.0132	55
17.0132	55
17.0132	55
17.0132	55
17.0132	55
17.0133	55
17.0133	55
17.0134	55
17.2473	55
17.2473	55
17.2473	55
17.2473	55
17.2473	55
17.2473	55
17.2474	55
17.2482	55
17.2491	55
17.5607	55
17.5607	55
17.5607	55
17.5607	55
17.5608	55
17.5608	55
17.5608	55
17.5616	55
17.5616	55
17.5616	55
17.5622	55
17.9117	55
17.9117	55
17.9117	55
17.9117	55
17.9117	55
17.9118	55
17.9119	55
17.9121	55
17.9766	55
17.9766	55
17.9766	55
17.9766	55
17.9767	55
17.9767	55
17.9767	55
17.9768	55
17.9776	55
18.1273	55
18.1273	55
18.1273	55
18.1273	55
18.1275	55
18.1275	55
18.1275	55
18.1275	55
19.9539	55
19.9539	55
19.9539	55
19.9539	55
19.954	55
19.954	55
19.954	55
19.9541	55
19.9543	55
19.9544	55
19.9551	55
21.7008	55
21.7008	55
21.7008	55
21.7009	55
21.7009	55
21.7009	55
21.7013	55
21.7019	55
21.7339	55
21.7339	55
21.734	55
21.734	55
21.7341	55
21.7341	55
21.7341	55
21.7342	55
22.6392	55
22.6392	55
22.6392	55
22.6392	55
22.6393	55
22.6393	55
22.6393	55
22.6394	55
22.6394	55
22.6395	55
23.7746	55
23.7746	55
23.7746	55
23.7746	55
23.7746	55
23.7746	55
23.7746	55
23.7748	55
23.7748	55
24.5632	55
24.5633	55
24.5633	55
24.5633	55
24.5633	55
24.5633	55
24.5633	55
24.5634	55
24.5635	55
24.5649	55
24.9374	55
24.9374	55
24.9374	55
24.9374	55
24.9375	55
24.9376	55
24.9376	55
24.9377	55
24.9381	55
25.3885	55
25.3885	55
25.3885	55
25.3885	55
25.3886	55
25.3886	55
25.3886	55
25.3886	55
25.3924	55
26.9857	55
26.9857	55
26.9857	55
26.9857	55
26.9858	55
26.9858	55
26.986	55
26.9863	55
26.9869	55
26.9991	55
26.9991	55
26.9994	55
27.3364	55
27.3364	55
27.3364	55
27.3365	55
27.3365	55
27.3366	55
27.3366	55
27.337	55
27.3374	55
27.3383	55
28.3421	55
28.3421	55
28.3421	55
28.3421	55
28.3422	55
28.3422	55
28.3422	55
28.3425	55
28.3436	55
28.3437	55
28.3815	55
28.3815	55
28.3816	55
28.3816	55
28.3816	55
28.3816	55
28.3817	55
28.3817	55
28.3819	55
30.5199	55
30.52	55
30.52	55
30.52	55
30.52	55
30.5201	55
30.5202	55
30.5203	55
30.522	55
30.6434	55
30.6434	55
30.6434	55
30.6435	55
30.6435	55
30.6435	55
30.6435	55
30.6439	55
31.381	55
31.3811	55
31.3811	55
31.3811	55
31.3811	55
31.3811	55
31.3813	55
31.3819	55
31.382	55
31.3824	55
31.3836	55
31.7449	55
31.7449	55
31.7449	55
31.745	55
31.745	55
31.7452	55
31.7452	55
31.7454	55
31.9374	55
31.9374	55
31.9374	55
31.9374	55
31.9375	55
31.9375	55
31.9375	55
31.9376	55
31.9378	55
31.9379	55
31.9381	55
31.9651	55
31.9651	55
31.9651	55
31.9652	55
31.9652	55
31.9655	55
32.1547	55
32.1547	55
32.1547	55
32.1547	55
32.1547	55
32.155	55
32.155	55
32.1552	55
32.1556	55
33.2686	55
33.2686	55
33.2687	55
33.2687	55
33.2687	55
33.2687	55
33.2687	55
33.269	55
33.269	55
33.2691	55
33.2807	55
33.281	55
33.281	55
33.4146	55
33.4147	55
33.4147	55
33.4147	55
33.4147	55
33.4147	55
33.4148	55
33.4148	55
34.2739	55
34.2739	55
34.2739	55
34.2739	55
34.2739	55
34.2739	55
34.274	55
34.2744	55
34.2749	55
34.5384	55
34.5385	55
34.5385	55
34.5386	55
34.5386	55
34.5387	55
34.5388	55
34.5391	55
34.7793	55
34.7793	55
34.7793	55
34.7794	55
34.7794	55
34.7795	55
34.7796	55
34.7796	55
34.7797	55
34.7797	55
34.7806	55
34.7819	55
34.9452	55
34.9453	55
34.9453	55
34.9453	55
34.9454	55
34.9454	55
34.9454	55
34.9454	55
34.9455	55
35.0893	55
35.0893	55
35.0893	55
35.0894	55
35.0894	55
35.0894	55
35.0896	55
35.0897	55
35.0897	55
35.0902	55
35.2064	55
35.2064	55
35.2065	55
35.2065	55
35.2065	55
35.2066	55
35.2067	55
35.2069	55
35.2072	55
35.5418	55
35.5418	55
35.5418	55
35.5418	55
35.5418	55
35.5419	55
35.5419	55
35.542	55
35.5423	55
35.6095	55
35.6095	55
35.6095	55
35.6095	55
35.6095	55
35.6097	55
35.6097	55
35.6098	55
35.61	55
36.0716	55
36.0716	55
36.0716	55
36.0716	55
36.0716	55
36.0716	55
36.0716	55
36.0719	55
37.2902	55
37.2902	55
37.2903	55
37.2903	55
37.2904	55
37.2904	55
37.2905	55
37.2905	55
37.2906	55
37.2909	55
37.2946	55
37.2975	55
37.2979	55
37.2982	55
37.2983	55
37.9873	55
37.9873	55
37.9873	55
37.9873	55
37.9873	55
37.9875	55
37.9875	55
37.9875	55
37.9932	55
38.1568	55
38.1568	55
38.1568	55
38.1568	55
38.1569	55
38.1569	55
38.1569	55
38.1573	55
38.1576	55
38.361	55
38.361	55
38.3611	55
38.3611	55
38.3612	55
38.3612	55
38.3615	55
38.3642	55
38.6535	55
38.6535	55
38.6535	55
38.6535	55
38.6536	55
38.6538	55
38.654	55
38.654	55
38.6541	55
38.6541	55
38.6543	55
39.2791	55
39.2791	55
39.2791	55
39.2792	55
39.2793	55
39.2794	55
39.2794	55
39.2798	55
39.282	55
39.3224	55
39.3224	55
39.3224	55
39.3224	55
39.3229	55
39.3229	55
39.3232	55
39.3314	55
39.3314	55
39.3315	55
39.3315	55
39.3316	55
39.3317	55
39.6729	55
39.6729	55
39.6729	55
39.6729	55
39.6729	55
39.6729	55
39.6731	55
39.6733	55
39.6741	55
40.1588	55
40.1588	55
40.1588	55
40.1588	55
40.1589	55
40.1589	55
40.159	55
40.1591	55
40.1592	55
40.7367	55
40.7367	55
40.7367	55
40.7368	55
40.7368	55
40.7368	55
40.737	55
40.7372	55
41.703	55
41.703	55
41.703	55
41.7031	55
41.7031	55
41.7031	55
41.7032	55
41.7033	55
41.7036	55
41.7041	55
42.167	55
42.167	55
42.167	55
42.167	55
42.167	55
42.167	55
42.1671	55
42.1672	55
42.1675	55
42.4462	55
42.4462	55
42.4463	55
42.4463	55
42.4463	55
42.4463	55
42.4463	55
42.4464	55
42.4485	55
42.582	55
42.582	55
42.582	55
42.5821	55
42.5821	55
42.5821	55
42.5822	55
42.5836	55
42.5839	55
42.6395	55
42.6395	55
42.6395	55
42.6395	55
42.6395	55
42.6396	55
42.6396	55
42.6397	55
42.7446	55
42.7446	55
42.7446	55
42.7446	55
42.7447	55
42.7449	55
42.7449	55
42.7449	55
42.745	55
42.745	55
42.7831	55
42.7831	55
42.7831	55
42.7831	55
42.7831	55
42.7832	55
42.7832	55
42.7832	55
42.7833	55
44.9357	55
44.9357	55
44.9358	55
44.9358	55
44.9358	55
44.9358	55
44.9359	55
44.9359	55
45.5421	55
45.5421	55
45.5421	55
45.5421	55
45.5421	55
45.5422	55
45.5423	55
45.5426	55
45.5447	55
45.6542	55
45.6542	55
45.6542	55
45.6543	55
45.6543	55
45.6544	55
45.6545	55
45.6546	55
45.6547	55
46.4553	55
46.4553	55
46.4553	55
46.4554	55
46.4554	55
46.4555	55
46.4555	55
46.4564	55
46.4567	55
46.4935	55
46.4935	55
46.4935	55
46.4935	55
46.4936	55
46.4937	55
46.4939	55
46.4946	55
46.6652	55
46.6652	55
46.6652	55
46.6652	55
46.6652	55
46.6652	55
46.6653	55
46.6653	55
46.6654	55
47.4804	55
47.4804	55
47.4804	55
47.4804	55
47.4805	55
47.4805	55
47.4806	55
47.4806	55
47.4807	55
47.4808	55
47.4812	55
47.5894	55
47.5895	55
47.5895	55
47.5895	55
47.5895	55
47.5896	55
47.5899	55
47.5899	55
47.5914	55
48.4847	55
48.4847	55
48.4847	55
48.4847	55
48.4848	55
48.4849	55
48.485	55
48.4854	55
48.4878	55
48.6575	55
48.6575	55
48.6575	55
48.6575	55
48.6576	55
48.6576	55
48.6577	55
48.6578	55
50.0723	55
50.0723	55
50.0724	55
50.0724	55
50.0725	55
50.0725	55
50.0726	55
50.0734	55
50.0736	55
50.075	55
50.0767	55
50.4846	55
50.4846	55
50.4846	55
50.4846	55
50.4846	55
50.4847	55
50.4848	55
50.485	55
50.4866	55
52.7235	55
52.7235	55
52.7235	55
52.7235	55
52.7236	55
52.7236	55
52.7237	55
52.7238	55
52.7239	55
53.0352	55
53.0352	55
53.0352	55
53.0352	55
53.0352	55
53.0352	55
53.0353	55
53.0354	55
53.4162	55
53.4162	55
53.4163	55
53.4163	55
53.4163	55
53.4164	55
53.4166	55
53.4172	55
53.7636	55
53.7636	55
53.7636	55
53.7636	55
53.7637	55
53.7638	55
53.7639	55
53.764	55
53.7654	55
53.7694	55
53.8449	55
53.8449	55
53.8449	55
53.8449	55
53.8449	55
53.8449	55
53.8451	55
53.8454	55
53.8462	55
53.8462	55
54.3039	55
54.3039	55
54.3039	55
54.3039	55
54.3039	55
54.304	55
54.3041	55
54.3042	55
54.3052	55
54.3091	55
54.9905	55
54.9905	55
54.9905	55
54.9905	55
54.9906	55
54.9906	55
54.9909	55
54.9911	55
54.9911	55
54.9955	55
54.996	55
54.9977	55
55.2005	55
55.2005	55
55.2005	55
55.2006	55
55.2006	55
55.2006	55
55.2007	55
55.201	55
55.2017	55
55.3597	55
55.3597	55
55.3597	55
55.3597	55
55.3597	55
55.3599	55
55.3599	55
55.3606	55
55.3618	55
55.3635	55
55.5957	55
55.5957	55
55.5957	55
55.5958	55
55.5958	55
55.5959	55
55.5959	55
55.5959	55
55.5959	55
56.0945	55
56.0945	55
56.0945	55
56.0945	55
56.0946	55
56.0947	55
56.0947	55
56.0948	55
56.095	55
56.0954	55
56.4895	55
56.4895	55
56.4896	55
56.4896	55
56.4896	55
56.4896	55
56.4897	55
56.4897	55
56.5112	55
56.5112	55
56.5117	55
56.9848	55
56.9848	55
56.9849	55
56.9849	55
56.9849	55
56.9849	55
56.9851	55
56.9853	55
56.9872	55
56.9875	55
57.4715	55
57.4715	55
57.4715	55
57.4715	55
57.4715	55
57.4717	55
57.4718	55
57.472	55
57.4721	55
57.4725	55
57.954	55
57.954	55
57.954	55
57.9541	55
57.9541	55
57.9541	55
57.9542	55
57.9546	55
58.3817	55
58.3817	55
58.3817	55
58.3818	55
58.3818	55
58.3818	55
58.3818	55
58.382	55
58.3823	55
58.3832	55
58.3845	55
58.4806	55
58.4806	55
58.4806	55
58.4807	55
58.4807	55
58.4808	55
58.4808	55
58.4808	55
58.4809	55
58.7156	55
58.7156	55
58.7156	55
58.7157	55
58.7157	55
58.7157	55
58.7158	55
58.7158	55
58.7186	55
59.4179	55
59.418	55
59.418	55
59.418	55
59.4181	55
59.4181	55
59.4181	55
59.4182	55
59.4182	55
59.4243	55
59.4247	55
59.425	55
59.8298	55
59.8298	55
59.8299	55
59.8299	55
59.8299	55
59.83	55
59.8302	55
59.8311	55
59.8331	55
60.1438	55
60.1438	55
60.1439	55
60.1439	55
60.1439	55
60.144	55
60.1441	55
60.1442	55
60.1445	55
60.2661	55
60.2662	55
60.2662	55
60.2662	55
60.2662	55
60.2662	55
60.2662	55
60.2663	55
60.2663	55
60.2665	55
60.4496	55
60.4496	55
60.4496	55
60.4496	55
60.4497	55
60.4498	55
60.4498	55
60.4499	55
61.3741	55
61.3741	55
61.3741	55
61.3741	55
61.3741	55
61.3742	55
61.3742	55
61.3742	55
61.3743	55
61.3786	55
61.3786	55
61.4021	55
61.4022	55
61.4022	55
61.4023	55
61.4023	55
61.4024	55
61.7304	55
61.7304	55
61.7304	55
61.7304	55
61.7305	55
61.7305	55
61.7306	55
61.7307	55
61.7322	55
62.1055	55
62.1055	55
62.1055	55
62.1055	55
62.1055	55
62.1057	55
62.1057	55
62.1057	55
62.106	55
62.7102	55
62.7102	55
62.7102	55
62.7102	55
62.7102	55
62.7103	55
62.7103	55
62.7103	55
62.7121	55
63.1769	55
63.1769	55
63.1769	55
63.177	55
63.177	55
63.177	55
63.1771	55
63.1773	55
63.1775	55
63.5716	55
63.5716	55
63.5717	55
63.5717	55
63.5718	55
63.5718	55
63.5718	55
63.572	55
64.8236	55
64.8236	55
64.8236	55
64.8236	55
64.8236	55
64.8236	55
64.8238	55
64.8255	55
65.1065	55
65.1065	55
65.1065	55
65.1065	55
65.1066	55
65.1067	55
65.1069	55
65.107	55
65.1074	55
65.1091	55
65.2185	55
65.2185	55
65.2185	55
65.2185	55
65.2185	55
65.2186	55
65.2187	55
65.2189	55
65.219	55
65.2198	55
66.0167	55
66.0167	55
66.0167	55
66.0167	55
66.0167	55
66.0167	55
66.0167	55
66.0169	55
66.0171	55
66.0176	55
66.35	55
66.35	55
66.3501	55
66.3501	55
66.3501	55
66.3501	55
66.3502	55
66.3504	55
66.4863	55
66.4863	55
66.4863	55
66.4863	55
66.4863	55
66.4863	55
66.4866	55
66.4867	55
66.4868	55
66.4869	55
66.4873	55
66.4877	55
67.1229	55
67.1229	55
67.1229	55
67.1229	55
67.123	55
67.123	55
67.123	55
67.1232	55
67.4941	55
67.4942	55
67.4942	55
67.4942	55
67.4943	55
67.4943	55
67.4944	55
67.4948	55
67.4948	55
67.4952	55
67.6667	55
67.6667	55
67.6667	55
67.6668	55
67.6668	55
67.6668	55
67.6669	55
67.6671	55
67.6672	55
67.6674	55
67.6919	55
67.6919	55
67.6923	55
67.6924	55
68.9603	55
68.9603	55
68.9603	55
68.9603	55
68.9604	55
68.9604	55
68.9604	55
68.9604	55
68.9605	55
70.0188	55
70.0189	55
70.0189	55
70.0189	55
70.0189	55
70.0189	55
70.019	55
70.019	55
70.0198	55
70.0213	55
70.0214	55
70.0218	55
70.0227	55
70.4691	55
70.4691	55
70.4692	55
70.4692	55
70.4692	55
70.4692	55
70.4692	55
70.4692	55
70.4727	55
70.5342	55
70.5342	55
70.5343	55
70.5343	55
70.5343	55
70.5344	55
70.5344	55
70.5344	55
70.5345	55
70.5392	55
70.8126	55
70.8126	55
70.8126	55
70.8126	55
70.8127	55
70.8127	55
70.8129	55
70.8129	55
70.8157	55
70.8991	55
70.8991	55
70.8991	55
70.8991	55
70.8991	55
70.8992	55
70.8992	55
70.8992	55
70.8993	55
71.1345	55
71.1345	55
71.1345	55
71.1345	55
71.1345	55
71.1346	55
71.1347	55
71.1349	55
71.3705	55
71.3705	55
71.3705	55
71.3705	55
71.3705	55
71.3705	55
71.3705	55
71.3707	55
71.3711	55
71.4532	55
71.4533	55
71.4533	55
71.4533	55
71.4533	55
71.4534	55
71.4535	55
71.4536	55
71.4538	55
71.8675	55
71.8676	55
71.8676	55
71.8677	55
71.8677	55
71.8678	55
71.8679	55
71.8688	55
71.8694	55
72.6379	55
72.6379	55
72.6379	55
72.6379	55
72.638	55
72.638	55
72.6381	55
72.6381	55
72.6382	55
73.4471	55
73.4471	55
73.4471	55
73.4471	55
73.4472	55
73.4472	55
73.4475	55
73.4477	55
73.6554	55
73.6554	55
73.6555	55
73.6555	55
73.6555	55
73.6555	55
73.6555	55
73.6556	55
73.6558	55
73.6574	55
73.7855	55
73.7855	55
73.7855	55
73.7855	55
73.7856	55
73.7856	55
73.7856	55
73.7859	55
73.786	55
73.7863	55
74.3864	55
74.3864	55
74.3865	55
74.3865	55
74.3865	55
74.3866	55
74.3866	55
74.3866	55
74.3868	55
75.5598	55
75.5598	55
75.5599	55
75.5599	55
75.5599	55
75.56	55
75.56	55
75.5601	55
75.5604	55
75.5931	55
75.5931	55
75.5932	55
75.5932	55
75.5932	55
75.5933	55
75.5933	55
76.0397	55
76.0397	55
76.0397	55
76.0397	55
76.0397	55
76.0397	55
76.0398	55
76.0398	55
76.0404	55
76.2797	55
76.2797	55
76.2797	55
76.2798	55
76.2798	55
76.2798	55
76.2799	55
76.28	55
76.2802	55
76.97	55
76.97	55
76.97	55
76.97	55
76.9701	55
76.9701	55
76.9702	55
76.9704	55
77.4978	55
77.4978	55
77.4978	55
77.4978	55
77.4978	55
77.4978	55
77.4978	55
77.4979	55
77.4983	55
77.6667	55
77.6667	55
77.6667	55
77.6668	55
77.6668	55
77.6668	55
77.6668	55
77.667	55
77.6676	55
77.6703	55
77.6703	55
77.6705	55
77.6708	55
77.671	55
77.6726	55
77.9578	55
77.9578	55
77.9578	55
77.9578	55
77.9579	55
77.9579	55
77.9581	55
77.9581	55
77.9582	55
79.1535	55
79.1535	55
79.1535	55
79.1535	55
79.1535	55
79.1535	55
79.1538	55
79.1547	55
79.4646	55
79.4646	55
79.4646	55
79.4646	55
79.4647	55
79.4647	55
79.4647	55
79.4649	55
79.4649	55
79.6152	55
79.6152	55
79.6152	55
79.6152	55
79.6153	55
79.6153	55
79.6153	55
79.6153	55
79.6154	55
79.8468	55
79.8468	55
79.8469	55
79.8469	55
79.8469	55
79.8469	55
79.847	55
79.847	55
79.8472	55
79.9637	55
79.9637	55
79.9637	55
79.9637	55
79.9638	55
79.9638	55
79.9638	55
79.9638	55
79.9641	55
79.9649	55
80.0869	55
80.0869	55
80.0869	55
80.087	55
80.087	55
80.087	55
80.0872	55
80.0876	55
81.6133	55
81.6133	55
81.6133	55
81.6133	55
81.6133	55
81.6133	55
81.6133	55
81.6135	55
81.6138	55
81.6141	55
81.9081	55
81.9081	55
81.9081	55
81.9081	55
81.9081	55
81.9082	55
81.9083	55
81.9088	55
81.9099	55
81.91	55
81.9104	55
82.1996	55
82.1996	55
82.1996	55
82.1996	55
82.1996	55
82.1997	55
82.1997	55
82.1997	55
82.3237	55
82.3237	55
82.3238	55
82.3238	55
82.3238	55
82.3239	55
82.3239	55
82.324	55
82.3242	55
82.3242	55
82.6838	55
82.6838	55
82.6838	55
82.6838	55
82.6838	55
82.6838	55
82.6838	55
82.6843	55
82.6844	55
82.7019	55
82.702	55
82.702	55
82.7021	55
82.7026	55
82.7027	55
82.7027	55
82.7027	55
83.3122	55
83.3122	55
83.3122	55
83.3122	55
83.3123	55
83.3123	55
83.3123	55
83.3124	55
83.3127	55
83.6851	55
83.6851	55
83.6851	55
83.6851	55
83.6851	55
83.6852	55
83.6852	55
83.6852	55
83.6861	55
83.9172	55
83.9172	55
83.9172	55
83.9173	55
83.9173	55
83.9173	55
83.9173	55
83.9174	55
83.9176	55
83.9194	55
84.1214	55
84.1214	55
84.1214	55
84.1214	55
84.1215	55
84.1215	55
84.1215	55
84.1215	55
84.2602	55
84.2603	55
84.2603	55
84.2603	55
84.2603	55
84.2605	55
84.2605	55
84.2608	55
84.2658	55
84.267	55
84.2677	55
84.7026	55
84.7026	55
84.7026	55
84.7026	55
84.7026	55
84.7027	55
84.7028	55
84.7031	55
84.7039	55
84.7054	55
84.7057	55
84.8822	55
84.8823	55
84.8823	55
84.8823	55
84.8823	55
84.8823	55
84.8823	55
84.8824	55
85.2673	55
85.2673	55
85.2673	55
85.2673	55
85.2673	55
85.2674	55
85.2676	55
85.268	55
85.2682	55
85.4418	55
85.4419	55
85.4419	55
85.442	55
85.4423	55
85.4423	55
85.4424	55
85.4426	55
85.4436	55
85.444	55
85.4443	55
85.9096	55
85.9096	55
85.9096	55
85.9096	55
85.9097	55
85.9097	55
85.9097	55
85.9097	55
85.91	55
85.9103	55
85.9119	55
86.0538	55
86.0538	55
86.0538	55
86.0538	55
86.0538	55
86.0538	55
86.0539	55
86.054	55
86.0699	55
86.07	55
86.0701	55
86.071	55
86.2205	55
86.2205	55
86.2205	55
86.2206	55
86.2207	55
86.2207	55
86.2207	55
86.2209	55
86.2211	55
86.4504	55
86.4504	55
86.4504	55
86.4504	55
86.4505	55
86.4506	55
86.4507	55
86.4507	55
86.4508	55
86.451	55
86.9153	55
86.9153	55
86.9153	55
86.9153	55
86.9153	55
86.9154	55
86.9154	55
86.9154	55
86.9155	55
86.9184	55
86.9184	55
87.2999	55
87.2999	55
87.3	55
87.3	55
87.3	55
87.3	55
87.3	55
87.3001	55
87.3238	55
87.3239	55
87.3239	55
87.3239	55
87.3239	55
87.324	55
87.4093	55
87.4094	55
87.4094	55
87.4094	55
87.4095	55
87.4095	55
87.4096	55
87.4096	55
87.4097	55
87.41	55
87.6537	55
87.6537	55
87.6537	55
87.6537	55
87.6537	55
87.6538	55
87.6538	55
87.654	55
88.0221	55
88.0221	55
88.0221	55
88.0222	55
88.0222	55
88.0222	55
88.0225	55
88.0228	55
88.024	55
88.263	55
88.263	55
88.263	55
88.263	55
88.263	55
88.2631	55
88.2632	55
88.2632	55
88.2636	55
89.0511	55
89.0511	55
89.0511	55
89.0512	55
89.0512	55
89.0512	55
89.0513	55
89.0513	55
89.0521	55
89.0522	55
89.8221	55
89.8221	55
89.8221	55
89.8221	55
89.8221	55
89.8222	55
89.8226	55
89.8228	55
89.8231	55
90.7671	55
90.7671	55
90.7671	55
90.7671	55
90.7671	55
90.7672	55
90.7673	55
90.7674	55
90.7675	55
90.7675	55
91.1258	55
91.1259	55
91.1259	55
91.1259	55
91.1259	55
91.1259	55
91.1259	55
91.1264	55
91.1264	55
91.5318	55
91.5318	55
91.5319	55
91.5319	55
91.5319	55
91.532	55
91.5322	55
91.5329	55
91.5332	55
91.9973	55
91.9973	55
91.9973	55
91.9974	55
91.9974	55
91.9974	55
91.9975	55
91.9989	55
91.9993	55
92.1873	55
92.1873	55
92.1873	55
92.1873	55
92.1874	55
92.1874	55
92.1875	55
92.1881	55
92.1893	55
92.1893	55
92.1895	55
92.2141	55
92.2141	55
92.2141	55
92.2141	55
92.2142	55
92.215	55
92.2609	55
92.2609	55
92.2609	55
92.2609	55
92.261	55
92.261	55
92.2611	55
92.2611	55
92.2611	55
92.2646	55
92.2646	55
92.4836	55
92.4837	55
92.4837	55
92.4837	55
92.4838	55
92.4838	55
92.4841	55
92.4842	55
92.9859	55
92.9859	55
92.9859	55
92.9859	55
92.9859	55
92.9861	55
92.9862	55
92.9863	55
92.9866	55
92.987	55
92.9904	55
93.107	55
93.107	55
93.1071	55
93.1071	55
93.1071	55
93.1071	55
93.1073	55
93.1079	55
93.1089	55
93.4016	55
93.4016	55
93.4016	55
93.4016	55
93.4017	55
93.4017	55
93.4019	55
93.4019	55
93.402	55
93.4629	55
93.463	55
93.463	55
93.463	55
93.4631	55
93.4631	55
93.4633	55
93.4634	55
93.4646	55
93.6686	55
93.6686	55
93.6687	55
93.6687	55
93.6688	55
93.6688	55
93.6688	55
93.6697	55
94.7701	55
94.7701	55
94.7702	55
94.7702	55
94.7703	55
94.7703	55
94.7704	55
94.7705	55
94.7708	55
94.771	55
94.7717	55
94.9541	55
94.9541	55
94.9541	55
94.9541	55
94.9541	55
94.9542	55
94.9542	55
94.9543	55
94.9545	55
95.7241	55
95.7241	55
95.7241	55
95.7241	55
95.7241	55
95.7242	55
95.7243	55
95.7244	55
96.0648	55
96.0648	55
96.0648	55
96.0649	55
96.065	55
96.065	55
96.0653	55
96.0659	55
96.5493	55
96.5494	55
96.5494	55
96.5494	55
96.5494	55
96.5494	55
96.5495	55
96.5495	55
96.5496	55
96.5497	55
96.5498	55
98.2745	55
98.2746	55
98.2746	55
98.2746	55
98.2747	55
98.2747	55
98.2751	55
98.2751	55
98.2752	55
99.3021	55
99.3021	55
99.3022	55
99.3022	55
99.3022	55
99.3022	55
99.3022	55
99.3023	55
99.3023	55
99.3032	55
