1.70817e-10	0
1.74456e-10	1
2.26571e-10	2
2.28636e-10	3
2.63621e-10	4
2.78835e-10	5
3.92681e-10	6
4.07805e-10	7
4.22862e-10	8
4.34435e-10	9
4.38594e-10	10
4.44617e-10	11
5.19931e-10	12
6.56176e-10	13
7.61533e-10	14
7.72249e-10	15
9.50486e-10	16
9.92944e-10	17
1.03825e-09	18
1.10772e-09	19
1.11431e-09	20
1.25661e-09	21
1.25873e-09	22
1.26313e-09	23
1.9429e-09	24
1.96023e-09	25
2.16063e-09	26
2.20882e-09	27
2.33742e-09	28
2.49466e-09	29
2.5394e-09	30
2.87372e-09	31
2.93193e-09	32
3.02747e-09	33
3.18009e-09	34
3.26694e-09	35
3.52963e-09	36
3.64987e-09	37
3.78171e-09	38
4.44883e-09	39
4.92345e-09	40
5.25935e-09	41
5.30807e-09	41
5.49041e-09	42
5.51852e-09	43
6.00639e-09	44
6.51018e-09	45
6.58413e-09	46
7.23823e-09	47
8.24896e-09	48
8.56653e-09	49
8.77029e-09	50
8.87074e-09	51
9.68335e-09	52
1.00982e-08	52
1.35114e-08	53
2.33327e-08	53
3.20288e-08	53
3.36602e-08	53
3.44778e-08	53
3.65269e-08	53
3.72616e-08	53
3.82884e-08	53
4.51628e-08	53
5.46642e-08	53
6.07825e-08	53
7.29668e-08	53
7.55965e-08	53
7.84405e-08	53
8.34535e-08	53
8.85185e-08	53
8.99894e-08	53
9.05278e-08	53
9.55782e-08	53
1.07568e-07	53
1.1566e-07	53
1.1721e-07	53
1.24369e-07	53
1.32621e-07	53
1.41859e-07	53
1.46594e-07	53
1.51221e-07	53
1.53255e-07	53
1.542e-07	53
1.62534e-07	53
1.75383e-07	53
1.78023e-07	53
1.7884e-07	53
1.80722e-07	53
1.83247e-07	53
1.87547e-07	53
1.91309e-07	53
1.91802e-07	53
1.96065e-07	53
1.9887e-07	53
2.01143e-07	53
2.02955e-07	53
2.05164e-07	53
2.0837e-07	53
2.15246e-07	53
2.15273e-07	53
2.16892e-07	53
2.19143e-07	53
2.20907e-07	53
2.29252e-07	53
2.46009e-07	53
2.52655e-07	53
2.5693e-07	53
2.57795e-07	53
2.75132e-07	53
2.77259e-07	53
2.78623e-07	53
2.80353e-07	53
2.83582e-07	53
3.00825e-07	53
3.03391e-07	53
3.039e-07	53
3.04429e-07	53
3.1011e-07	53
3.122e-07	53
3.1417e-07	53
3.15214e-07	53
3.29091e-07	53
3.33103e-07	53
3.37094e-07	53
3.41759e-07	53
3.55975e-07	53
3.64947e-07	53
3.66571e-07	53
3.73189e-07	53
3.73732e-07	53
3.77907e-07	53
3.80237e-07	53
3.81642e-07	53
3.89941e-07	53
3.96389e-07	53
3.98525e-07	53
4.0457e-07	53
4.07721e-07	53
4.08715e-07	53
4.20122e-07	53
4.2223e-07	53
4.24721e-07	53
4.26305e-07	53
4.30701e-07	53
4.34881e-07	53
4.35784e-07	53
4.43582e-07	53
4.5341e-07	53
4.62673e-07	53
4.66776e-07	53
4.68055e-07	53
4.90377e-07	53
4.9285e-07	53
4.98745e-07	53
5.03394e-07	53
5.0507e-07	53
5.0557e-07	53
5.09991e-07	53
5.26128e-07	53
5.27065e-07	53
5.28308e-07	53
5.39844e-07	53
5.52153e-07	53
5.69646e-07	53
5.70797e-07	53
5.72087e-07	53
5.72306e-07	53
5.75441e-07	53
5.82914e-07	53
5.89948e-07	53
5.97712e-07	53
6.06604e-07	53
6.14395e-07	53
6.15224e-07	53
6.23686e-07	53
6.38947e-07	53
6.46788e-07	53
6.5545e-07	53
6.6719e-07	53
6.87331e-07	53
7.02392e-07	53
7.10393e-07	53
7.25763e-07	53
7.3738e-07	53
7.51802e-07	53
7.55501e-07	53
7.75235e-07	53
8.08274e-07	53
8.13903e-07	53
8.32182e-07	53
8.45724e-07	53
8.64144e-07	53
8.67021e-07	53
8.89844e-07	53
9.00763e-07	53
9.05417e-07	53
9.06955e-07	53
9.18901e-07	53
9.53672e-07	53
9.54937e-07	53
9.92046e-07	53
1.00581e-06	53
1.02535e-06	53
1.03151e-06	53
1.04722e-06	53
1.04829e-06	53
1.0823e-06	53
1.09738e-06	53
1.10452e-06	53
1.11953e-06	53
1.12154e-06	53
1.1334e-06	53
1.1403e-06	53
1.14072e-06	53
1.14639e-06	53
1.18554e-06	53
1.18888e-06	53
1.19826e-06	53
1.20539e-06	53
1.20935e-06	53
1.21068e-06	53
1.27241e-06	53
1.29033e-06	53
1.30665e-06	53
1.31353e-06	53
1.33536e-06	53
1.33907e-06	53
1.37671e-06	53
1.39722e-06	53
1.40411e-06	53
1.45918e-06	53
1.48818e-06	53
1.48835e-06	53
1.48882e-06	53
1.5053e-06	53
1.51548e-06	53
1.52405e-06	53
1.52879e-06	53
1.60384e-06	53
1.60453e-06	53
1.61286e-06	53
1.62502e-06	53
1.62669e-06	53
1.63127e-06	53
1.65219e-06	53
1.66438e-06	53
1.71575e-06	53
1.72188e-06	53
1.73826e-06	53
1.76116e-06	53
1.77209e-06	53
1.80585e-06	53
1.81262e-06	53
1.8249e-06	53
1.83679e-06	53
1.84643e-06	53
1.87593e-06	53
1.88602e-06	53
1.90863e-06	53
1.92334e-06	53
1.94102e-06	53
2.02369e-06	53
2.0582e-06	53
2.08395e-06	53
2.10978e-06	53
2.12324e-06	53
2.12629e-06	53
2.12916e-06	53
2.15457e-06	53
2.17812e-06	53
2.20379e-06	53
2.24564e-06	53
2.24918e-06	53
2.27138e-06	53
2.32408e-06	53
2.37436e-06	53
2.38012e-06	53
2.38226e-06	53
2.40475e-06	53
2.40938e-06	53
2.45696e-06	53
2.47121e-06	53
2.49431e-06	53
2.50114e-06	53
2.67605e-06	53
2.67786e-06	53
2.68105e-06	53
2.69569e-06	53
2.7984e-06	53
2.83422e-06	53
2.83551e-06	53
2.85451e-06	53
2.8684e-06	53
2.86949e-06	53
2.87642e-06	53
2.89315e-06	53
2.89698e-06	53
2.91106e-06	53
2.92713e-06	53
2.93943e-06	53
3.01489e-06	53
3.01659e-06	53
3.04792e-06	53
3.0583e-06	53
3.06053e-06	53
3.07045e-06	53
3.1094e-06	53
3.12596e-06	53
3.14556e-06	53
3.15065e-06	53
3.16346e-06	53
3.19196e-06	53
3.22413e-06	53
3.22981e-06	53
3.28769e-06	53
3.31558e-06	53
3.344e-06	53
3.38828e-06	53
3.4606e-06	53
3.46376e-06	53
3.46421e-06	53
3.49382e-06	53
3.4961e-06	53
3.53045e-06	53
3.53159e-06	53
3.60371e-06	53
3.69331e-06	53
3.85743e-06	53
3.89882e-06	53
3.9036e-06	53
3.97955e-06	53
3.98933e-06	53
4.00025e-06	53
4.04643e-06	53
4.12159e-06	53
4.13677e-06	53
4.13762e-06	53
4.15897e-06	53
4.23625e-06	53
4.29322e-06	53
4.31432e-06	53
4.34796e-06	53
4.36741e-06	53
4.37638e-06	53
4.41845e-06	53
4.4244e-06	53
4.49509e-06	53
4.4981e-06	53
4.6253e-06	53
4.64201e-06	53
4.65038e-06	53
4.65973e-06	53
4.69265e-06	53
4.72516e-06	53
4.74651e-06	53
4.80106e-06	53
4.90017e-06	53
4.91752e-06	53
4.91755e-06	53
4.97979e-06	53
5.20677e-06	53
5.21347e-06	53
5.30981e-06	53
5.36221e-06	53
5.37203e-06	53
5.41057e-06	53
5.49384e-06	53
5.52057e-06	53
5.52757e-06	53
5.55185e-06	53
5.69112e-06	53
5.71305e-06	53
5.7375e-06	53
5.76984e-06	53
5.81326e-06	53
5.81362e-06	53
5.81929e-06	53
5.85947e-06	53
5.93815e-06	53
6.02965e-06	53
6.03173e-06	53
6.37523e-06	53
6.49077e-06	53
6.5674e-06	53
6.62037e-06	53
6.63157e-06	53
6.65814e-06	53
6.68749e-06	53
6.7273e-06	53
6.86757e-06	53
6.97095e-06	53
7.00217e-06	53
7.00769e-06	53
7.18979e-06	53
7.2309e-06	53
7.24817e-06	53
7.26665e-06	53
7.31094e-06	53
7.37898e-06	53
7.38997e-06	53
7.39042e-06	53
7.53632e-06	53
7.75632e-06	53
7.7936e-06	53
7.8263e-06	53
7.94041e-06	53
8.07589e-06	53
8.12012e-06	53
8.28069e-06	53
8.28299e-06	53
8.45336e-06	53
8.4717e-06	53
8.49317e-06	53
8.54106e-06	53
8.65303e-06	53
8.74745e-06	53
9.21311e-06	53
9.32833e-06	53
9.54438e-06	53
9.55215e-06	53
9.58898e-06	53
9.64926e-06	53
9.65112e-06	53
9.81713e-06	53
1.01018e-05	53
1.01976e-05	53
1.02504e-05	53
1.02785e-05	53
1.03061e-05	53
1.04055e-05	53
1.04839e-05	53
1.05159e-05	53
1.05867e-05	53
1.06827e-05	53
1.07883e-05	53
1.08458e-05	53
1.09647e-05	53
1.0967e-05	53
1.1048e-05	53
1.11082e-05	53
1.11716e-05	53
1.12505e-05	53
1.14668e-05	53
1.16092e-05	53
1.16578e-05	53
1.17965e-05	53
1.18254e-05	53
1.18428e-05	53
1.18828e-05	53
1.22657e-05	53
1.22905e-05	53
1.23062e-05	53
1.23418e-05	53
1.252e-05	53
1.25642e-05	53
1.2599e-05	53
1.26273e-05	53
1.2631e-05	53
1.27272e-05	53
1.27364e-05	53
1.2825e-05	53
1.28256e-05	53
1.30636e-05	53
1.31722e-05	53
1.31861e-05	53
1.33712e-05	53
1.3444e-05	53
1.35935e-05	53
1.36986e-05	53
1.37296e-05	53
1.38224e-05	53
1.39022e-05	53
1.40128e-05	53
1.40326e-05	53
1.43626e-05	53
1.4381e-05	53
1.44584e-05	53
1.44699e-05	53
1.45516e-05	53
1.46149e-05	53
1.46194e-05	53
1.46299e-05	53
1.4644e-05	53
1.46718e-05	53
1.48113e-05	53
1.48209e-05	53
1.52189e-05	53
1.53911e-05	53
1.53949e-05	53
1.54394e-05	53
1.55543e-05	53
1.55703e-05	53
1.58116e-05	53
1.5857e-05	53
1.63126e-05	53
1.65806e-05	53
1.66233e-05	53
1.67003e-05	53
1.70744e-05	53
1.71489e-05	53
1.72715e-05	53
1.72995e-05	53
1.73078e-05	53
1.74603e-05	53
1.74806e-05	53
1.76756e-05	53
1.76852e-05	53
1.77058e-05	53
1.7737e-05	53
1.77822e-05	53
1.78695e-05	53
1.80779e-05	53
1.81715e-05	53
1.82919e-05	53
1.8307e-05	53
1.83875e-05	53
1.83913e-05	53
1.86054e-05	53
1.87429e-05	53
1.90711e-05	53
1.91474e-05	53
1.93108e-05	53
1.93872e-05	53
1.95094e-05	53
1.95727e-05	53
1.96819e-05	53
1.96912e-05	53
1.97527e-05	53
1.98074e-05	53
1.9948e-05	53
1.9963e-05	53
2.00448e-05	53
2.00718e-05	53
2.0099e-05	53
2.01376e-05	53
2.01713e-05	53
2.03927e-05	53
2.04662e-05	53
2.04801e-05	53
2.05505e-05	53
2.06404e-05	53
2.07977e-05	53
2.07999e-05	53
2.08258e-05	53
2.08389e-05	53
2.10104e-05	53
2.11181e-05	53
2.12105e-05	53
2.13937e-05	53
2.14095e-05	53
2.15738e-05	53
2.17377e-05	53
2.21654e-05	53
2.22621e-05	53
2.22925e-05	53
2.23723e-05	53
2.23942e-05	53
2.24343e-05	53
2.24598e-05	53
2.27708e-05	53
2.29408e-05	53
2.29577e-05	53
2.29716e-05	53
2.29778e-05	53
2.31065e-05	53
2.31427e-05	53
2.33013e-05	53
2.33544e-05	53
2.35034e-05	53
2.35756e-05	53
2.37553e-05	53
2.39347e-05	53
2.40219e-05	53
2.40487e-05	53
2.40503e-05	53
2.40625e-05	53
2.41589e-05	53
2.41931e-05	53
2.44462e-05	53
2.46109e-05	53
2.48151e-05	53
2.48546e-05	53
2.49138e-05	53
2.49338e-05	53
2.49619e-05	53
2.4966e-05	53
2.50787e-05	53
2.51864e-05	53
2.53337e-05	53
2.53344e-05	53
2.56262e-05	53
2.56366e-05	53
2.56818e-05	53
2.57544e-05	53
2.58839e-05	53
2.59803e-05	53
2.6077e-05	53
2.61049e-05	53
2.64584e-05	53
2.64908e-05	53
2.64991e-05	53
2.65823e-05	53
2.66401e-05	53
2.68951e-05	53
2.69379e-05	53
2.71634e-05	53
2.72118e-05	53
2.7222e-05	53
2.72876e-05	53
2.74428e-05	53
2.74786e-05	53
2.76311e-05	53
2.76731e-05	53
2.78037e-05	53
2.80145e-05	53
2.80305e-05	53
2.80417e-05	53
2.82939e-05	53
2.83837e-05	53
2.84199e-05	53
2.84922e-05	53
2.85461e-05	53
2.86513e-05	53
2.8668e-05	53
2.87226e-05	53
2.87885e-05	53
2.8798e-05	53
2.88127e-05	53
2.88446e-05	53
2.89067e-05	53
2.89332e-05	53
2.91212e-05	53
2.91343e-05	53
2.9181e-05	53
2.94277e-05	53
2.95231e-05	53
2.97114e-05	53
2.97175e-05	53
2.972e-05	53
2.99393e-05	53
2.99767e-05	53
3.00413e-05	53
3.00527e-05	53
3.00853e-05	53
3.02135e-05	53
3.02642e-05	53
3.04896e-05	53
3.05593e-05	53
3.06841e-05	53
3.07148e-05	53
3.0737e-05	53
3.10819e-05	53
3.11442e-05	53
3.12109e-05	53
3.12697e-05	53
3.13133e-05	53
3.13363e-05	53
3.13427e-05	53
3.1443e-05	53
3.14462e-05	53
3.14797e-05	53
3.14874e-05	53
3.1606e-05	53
3.18966e-05	53
3.19218e-05	53
3.20158e-05	53
3.20652e-05	53
3.21334e-05	53
3.22875e-05	53
3.23224e-05	53
3.24063e-05	53
3.25156e-05	53
3.25842e-05	53
3.26441e-05	53
3.26584e-05	53
3.27211e-05	53
3.28859e-05	53
3.31253e-05	53
3.31803e-05	53
3.3316e-05	53
3.33196e-05	53
3.3383e-05	53
3.35487e-05	53
3.35793e-05	53
3.36956e-05	53
3.39699e-05	53
3.43378e-05	53
3.44364e-05	53
3.46086e-05	53
3.46916e-05	53
3.47642e-05	53
3.49002e-05	53
3.51725e-05	53
3.52034e-05	53
3.52102e-05	53
3.53783e-05	53
3.55754e-05	53
3.5607e-05	53
3.56099e-05	53
3.56389e-05	53
3.56757e-05	53
3.64217e-05	53
3.64228e-05	53
3.64422e-05	53
3.64919e-05	53
3.67053e-05	53
3.6868e-05	53
3.70138e-05	53
3.71352e-05	53
3.73342e-05	53
3.75004e-05	53
3.78145e-05	53
3.79905e-05	53
3.84435e-05	53
3.88704e-05	53
3.89388e-05	53
3.89736e-05	53
3.90438e-05	53
3.93884e-05	53
3.93908e-05	53
3.95217e-05	53
3.96595e-05	53
3.97422e-05	53
3.99331e-05	53
4.00096e-05	53
4.02095e-05	53
4.03329e-05	53
4.10541e-05	53
4.11219e-05	53
4.11275e-05	53
4.11378e-05	53
4.12767e-05	53
4.13602e-05	53
4.14128e-05	53
4.1445e-05	53
4.16247e-05	53
4.16984e-05	53
4.19606e-05	53
4.2376e-05	53
4.24856e-05	53
4.25267e-05	53
4.25271e-05	53
4.27483e-05	53
4.28154e-05	53
4.28356e-05	53
4.28681e-05	53
4.28801e-05	53
4.35328e-05	53
4.35889e-05	53
4.37035e-05	53
4.37441e-05	53
4.37833e-05	53
4.38573e-05	53
4.39111e-05	53
4.39958e-05	53
4.40273e-05	53
4.40388e-05	53
4.40966e-05	53
4.42957e-05	53
4.43135e-05	53
4.43576e-05	53
4.43746e-05	53
4.44596e-05	53
4.45875e-05	53
4.46259e-05	53
4.46302e-05	53
4.48634e-05	53
4.48811e-05	53
4.49415e-05	53
4.49583e-05	53
4.49605e-05	53
4.53716e-05	53
4.54937e-05	53
4.57039e-05	53
4.59284e-05	53
4.59535e-05	53
4.60798e-05	53
4.63711e-05	53
4.65242e-05	53
4.66268e-05	53
4.67235e-05	53
4.67411e-05	53
4.6791e-05	53
4.74855e-05	53
4.76169e-05	53
4.77402e-05	53
4.77488e-05	53
4.77727e-05	53
4.78002e-05	53
4.78266e-05	53
4.78693e-05	53
4.83498e-05	53
4.84542e-05	53
4.85424e-05	53
4.86765e-05	53
4.89681e-05	53
4.91014e-05	53
4.9356e-05	53
4.93748e-05	53
4.93978e-05	53
4.94154e-05	53
4.94661e-05	53
4.96265e-05	53
4.96797e-05	53
4.98364e-05	53
4.99757e-05	53
5.00091e-05	53
5.00435e-05	53
5.02251e-05	53
5.02599e-05	53
5.03155e-05	53
5.03308e-05	53
5.03786e-05	53
5.05294e-05	53
5.05785e-05	53
5.06373e-05	53
5.09473e-05	53
5.1102e-05	53
5.13211e-05	53
5.14544e-05	53
5.14715e-05	53
5.22751e-05	53
5.23116e-05	53
5.23213e-05	53
5.23463e-05	53
5.23735e-05	53
5.26023e-05	53
5.26554e-05	53
5.26674e-05	53
5.2827e-05	53
5.28384e-05	53
5.28394e-05	53
5.28828e-05	53
5.3022e-05	53
5.32774e-05	53
5.33348e-05	53
5.36609e-05	53
5.37744e-05	53
5.3778e-05	53
5.39132e-05	53
5.3962e-05	53
5.40836e-05	53
5.42532e-05	53
5.43273e-05	53
5.43771e-05	53
5.44772e-05	53
5.44817e-05	53
5.45375e-05	53
5.4576e-05	53
5.46345e-05	53
5.50176e-05	53
5.50764e-05	53
5.52762e-05	53
5.53392e-05	53
5.53512e-05	53
5.54489e-05	53
5.55956e-05	53
5.58876e-05	53
5.59502e-05	53
5.59685e-05	53
5.61486e-05	53
5.61583e-05	53
5.62611e-05	53
5.67358e-05	53
5.72115e-05	53
5.72246e-05	53
5.72411e-05	53
5.75719e-05	53
5.77564e-05	53
5.8157e-05	53
5.82624e-05	53
5.84648e-05	53
5.86309e-05	53
5.9434e-05	53
5.95941e-05	53
5.96589e-05	53
6.02095e-05	53
6.02098e-05	53
6.02567e-05	53
6.02616e-05	53
6.03025e-05	53
6.0317e-05	53
6.03277e-05	53
6.05099e-05	53
6.05601e-05	53
6.07566e-05	53
6.11401e-05	53
6.13483e-05	53
6.13943e-05	53
6.14152e-05	53
6.14172e-05	53
6.18835e-05	53
6.18866e-05	53
6.21308e-05	53
6.21591e-05	53
6.23948e-05	53
6.24335e-05	53
6.2545e-05	53
6.32206e-05	53
6.32587e-05	53
6.33083e-05	53
6.33568e-05	53
6.3726e-05	53
6.37501e-05	53
6.37803e-05	53
6.38903e-05	53
6.39314e-05	53
6.41319e-05	53
6.42086e-05	53
6.43362e-05	53
6.46975e-05	53
6.4719e-05	53
6.47814e-05	53
6.51397e-05	53
6.52006e-05	53
6.55159e-05	53
6.58511e-05	53
6.586e-05	53
6.5917e-05	53
6.59516e-05	53
6.66151e-05	53
6.67758e-05	53
6.70396e-05	53
6.71585e-05	53
6.77386e-05	53
6.78243e-05	53
6.7886e-05	53
6.79254e-05	53
6.81286e-05	53
6.86115e-05	53
6.93384e-05	53
6.9415e-05	53
6.95673e-05	53
6.98304e-05	53
6.98792e-05	53
6.9947e-05	53
7.00492e-05	53
7.02635e-05	53
7.06786e-05	53
7.13156e-05	53
7.13296e-05	53
7.21331e-05	53
7.2193e-05	53
7.23521e-05	53
7.27849e-05	53
7.29509e-05	53
7.31345e-05	53
7.32368e-05	53
7.34566e-05	53
7.36438e-05	53
7.38027e-05	53
7.40211e-05	53
7.42753e-05	53
7.49151e-05	53
7.50943e-05	53
7.55377e-05	53
7.56657e-05	53
7.60545e-05	53
7.63687e-05	53
7.64833e-05	53
7.68516e-05	53
7.69385e-05	53
7.6991e-05	53
7.72259e-05	53
7.75212e-05	53
7.76795e-05	53
7.79167e-05	53
7.8039e-05	53
7.87047e-05	53
7.89282e-05	53
7.94353e-05	53
7.9919e-05	53
8.01918e-05	53
8.09658e-05	53
8.112e-05	53
8.11618e-05	53
8.11845e-05	53
8.1316e-05	53
8.135e-05	53
8.17536e-05	53
8.23296e-05	53
8.25122e-05	53
8.29034e-05	53
8.30146e-05	53
8.3373e-05	53
8.34659e-05	53
8.43053e-05	53
8.43669e-05	53
8.45865e-05	53
8.48844e-05	53
8.55435e-05	53
8.58247e-05	53
8.59997e-05	53
8.60998e-05	53
8.67343e-05	53
8.68336e-05	53
8.71743e-05	53
8.72371e-05	53
8.75487e-05	53
8.77292e-05	53
8.78258e-05	53
8.78519e-05	53
8.7948e-05	53
8.85946e-05	53
8.86174e-05	53
8.86403e-05	53
8.86754e-05	53
8.91026e-05	53
8.93783e-05	53
8.98173e-05	53
8.99683e-05	53
9.0097e-05	53
9.03203e-05	53
9.0645e-05	53
9.10737e-05	53
9.12063e-05	53
9.13076e-05	53
9.20417e-05	53
9.20767e-05	53
9.26479e-05	53
9.32142e-05	53
9.32563e-05	53
9.34953e-05	53
9.38527e-05	53
9.39615e-05	53
9.4021e-05	53
9.41795e-05	53
9.44745e-05	53
9.4554e-05	53
9.48221e-05	53
9.48803e-05	53
9.50292e-05	53
9.53224e-05	53
9.5351e-05	53
9.54473e-05	53
9.56865e-05	53
9.57208e-05	53
9.58022e-05	53
9.58083e-05	53
9.61162e-05	53
9.61618e-05	53
9.69414e-05	53
9.69571e-05	53
9.70282e-05	53
9.70872e-05	53
9.72443e-05	53
9.72673e-05	53
9.7874e-05	53
9.79947e-05	53
9.81628e-05	53
9.89001e-05	53
9.92223e-05	53
9.92844e-05	53
9.94839e-05	53
9.96604e-05	53
9.99183e-05	53
0.000100026	53
0.00010019	53
0.000100525	53
0.00010056	53
0.000100629	53
0.000100812	53
0.000100836	53
0.00010255	53
0.000102725	53
0.000102749	53
0.000102875	53
0.000102894	53
0.000103268	53
0.000103478	53
0.000103591	53
0.000103597	53
0.00010375	53
0.000103902	53
0.000104157	53
0.000104271	53
0.000104466	53
0.000105346	53
0.000106281	53
0.000106481	53
0.000106756	53
0.000107253	53
0.000107285	53
0.000107817	53
0.000107891	53
0.000108413	53
0.000108496	53
0.000108502	53
0.000109274	53
0.000109487	53
0.000109573	53
0.000109603	53
0.000109649	53
0.000110102	53
0.000110887	53
0.000111046	53
0.000111271	53
0.000111286	53
0.000111428	53
0.000111613	53
0.000111729	53
0.000111964	53
0.000112234	53
0.00011271	53
0.000112969	53
0.000113258	53
0.00011345	53
0.000113693	53
0.000114029	53
0.000114519	53
0.00011482	53
0.000114927	53
0.000114981	53
0.00011504	53
0.000115312	53
0.000115409	53
0.000115669	53
0.000115772	53
0.000115988	53
0.000116122	53
0.000116455	53
0.000116798	53
0.000118117	53
0.000118153	53
0.000119074	53
0.00011912	53
0.000119729	53
0.000119753	53
0.000119772	53
0.000119785	53
0.000119923	53
0.000120151	53
0.000120153	53
0.000120191	53
0.000120354	53
0.000121189	53
0.000121349	53
0.000121552	53
0.000121879	53
0.000123175	53
0.000123484	53
0.000124113	53
0.00012444	53
0.000125475	53
0.000126073	53
0.000126079	53
0.000126158	53
0.000127469	53
0.0001285	53
0.000129171	53
0.000129558	53
0.000131275	53
0.000131359	53
0.000131473	53
0.000131896	53
0.000132036	53
0.000132042	53
0.000132393	53
0.000132468	53
0.0001335	53
0.00013378	53
0.000133912	53
0.000135347	53
0.000135354	53
0.000137025	53
0.000137153	53
0.000137157	53
0.000137788	53
0.0001381	53
0.000138188	53
0.000138386	53
0.000139003	53
0.000139096	53
0.000139116	53
0.000139765	53
0.000140039	53
0.000140179	53
0.000140531	53
0.000140597	53
0.000140774	53
0.000140866	53
0.000141078	53
0.000141087	53
0.000141584	53
0.000142205	53
0.000142559	53
0.000142622	53
0.000143031	53
0.000144682	53
0.000144822	53
0.000144925	53
0.000145074	53
0.000146395	53
0.000147488	53
0.0001477	53
0.000148761	53
0.000149196	53
0.000150031	53
0.000150109	53
0.000151733	53
0.000151977	53
0.000152284	53
0.000152855	53
0.000153895	53
0.000154401	53
0.000154658	53
0.000154874	53
0.000154994	53
0.000155128	53
0.000155831	53
0.000155962	53
0.00015626	53
0.000156267	53
0.000158165	53
0.000158258	53
0.000159121	53
0.000159492	53
0.000160571	53
0.000160599	53
0.000160771	53
0.000160916	53
0.000161337	53
0.000162188	53
0.000162889	53
0.000163258	53
0.000164238	53
0.000164522	53
0.00016464	53
0.000164827	53
0.00016487	53
0.000165643	53
0.000166937	53
0.000166978	53
0.00016864	53
0.000168958	53
0.000169077	53
0.000169312	53
0.000169948	53
0.000172001	53
0.000172144	53
0.000172346	53
0.000173241	53
0.000173243	53
0.000174815	53
0.000174914	53
0.000175343	53
0.000176219	53
0.000177489	53
0.000177574	53
0.000177699	53
0.000177911	53
0.000177999	53
0.000178049	53
0.000178514	53
0.000179242	53
0.000180415	53
0.000180803	53
0.000182532	53
0.000182856	53
0.00018286	53
0.000183528	53
0.000184269	53
0.000184626	53
0.000184654	53
0.000184831	53
0.000185078	53
0.000185707	53
0.00018647	53
0.000187028	53
0.000188059	53
0.000188588	53
0.000188994	53
0.000189129	53
0.000189939	53
0.000190448	53
0.000191036	53
0.000191124	53
0.000192026	53
0.000192053	53
0.000192756	53
0.000193159	53
0.000193834	53
0.000193948	53
0.000194553	53
0.000195249	53
0.000196911	53
0.000197173	53
0.000198335	53
0.000198625	53
0.000198851	53
0.000199211	53
0.000201202	53
0.000202111	53
0.000204762	53
0.000205635	53
0.000206387	53
0.000206984	53
0.000207153	53
0.000209284	53
0.000209536	53
0.000210725	53
0.000211079	53
0.000211349	53
0.000213184	53
0.000213222	53
0.000214408	53
0.000214441	53
0.000215768	53
0.000216476	53
0.00021676	53
0.000217613	53
0.000219747	53
0.000219836	53
0.000220596	53
0.000222772	53
0.000224199	53
0.000225043	53
0.000226231	53
0.000230333	53
0.000231727	53
0.000232244	53
0.000233966	53
0.000233988	53
0.000237116	53
0.000238024	53
0.000238256	53
0.000238842	53
0.000242239	53
0.000242805	53
0.000243428	53
0.000244689	53
0.000244852	53
0.000245652	53
0.000248925	53
0.000249235	53
0.000249602	53
0.000250437	53
0.000251452	53
0.000251506	53
0.000252927	53
0.00025406	53
0.00025573	53
0.00025779	53
0.00025792	53
0.000259488	53
0.000260394	53
0.000261175	53
0.000262171	53
0.00026363	53
0.000264049	53
0.000264237	53
0.000264627	53
0.000265589	53
0.000265813	53
0.000266108	53
0.000269026	53
0.000269693	53
0.00027007	53
0.000270697	53
0.000270855	53
0.000270858	53
0.000271994	53
0.000272095	53
0.000272225	53
0.000273006	53
0.000273122	53
0.000273138	53
0.00027554	53
0.000275577	53
0.000275869	53
0.000276816	53
0.000277263	53
0.000280531	53
0.000281592	53
0.000281642	53
0.000282347	53
0.000283039	53
0.0002846	53
0.000286301	53
0.000286373	53
0.000288623	53
0.0002889	53
0.000288956	53
0.000289419	53
0.000290174	53
0.00029239	53
0.000294977	53
0.000295611	53
0.00029669	53
0.000301394	53
0.000303169	53
0.000303279	53
0.000304328	53
0.000304506	53
0.000305331	53
0.00030669	53
0.000306722	53
0.000307782	53
0.000308594	53
0.000309766	53
0.00031004	53
0.000312545	53
0.000313982	53
0.000317496	53
0.000317519	53
0.000321721	53
0.000328537	53
0.000331629	53
0.000331641	53
0.000331727	53
0.000333165	53
0.000334926	53
0.000335652	53
0.000338523	53
0.000339605	53
0.000340988	53
0.000341591	53
0.000345737	53
0.000348088	53
0.000350112	53
0.000353362	53
0.00035374	53
0.000356934	53
0.000357006	53
0.000358762	53
0.000361257	53
0.000363266	53
0.000363802	53
0.000364831	53
0.000366458	53
0.000370024	53
0.000371025	53
0.000373866	53
0.000375621	53
0.00037878	53
0.00037884	53
0.000379815	53
0.000381067	53
0.000382321	53
0.000383776	53
0.00038544	53
0.000388779	53
0.000389056	53
0.000391711	53
0.000393675	53
0.000400601	53
0.000401783	53
0.00040199	53
0.000402717	53
0.000412724	53
0.000413752	53
0.000421606	53
0.000422976	53
0.000426272	53
0.000433767	53
0.000434559	53
0.000434992	53
0.000439661	53
0.000441629	53
0.000443472	53
0.00044358	53
0.000443799	53
0.000445314	53
0.000455622	53
0.000457254	53
0.00046175	53
0.000462939	53
0.000463622	53
0.000464386	53
0.000468249	53
0.000477079	53
0.000478909	53
0.000484996	53
0.000485018	53
0.000488322	53
0.000494483	53
0.000496782	53
0.000497059	53
0.000500646	53
0.000502144	53
0.000504529	53
0.000504609	53
0.000504846	53
0.000506065	53
0.000507169	53
0.000514708	53
0.000515126	53
0.0005157	53
0.000516541	53
0.000517338	53
0.000519731	53
0.000529052	53
0.00053428	53
0.000542233	53
0.000545208	53
0.000548663	53
0.00056086	53
0.000570496	53
0.000575887	53
0.000578189	53
0.000588816	53
0.000596728	53
0.000597047	53
0.000616262	53
0.000616372	53
0.000616814	53
0.000619983	53
0.000626563	53
0.000641117	53
0.00064131	53
0.000643865	53
0.000655808	53
0.00065797	53
0.000669543	53
0.000701241	53
0.000720407	53
0.000728502	53
0.00075221	53
0.000773549	53
0.000835132	53
0.000839618	53
0.000864742	53
0.000866752	53
0.000895649	53
0.000898211	53
0.000946703	53
0.00103954	53
0.00104132	53
0.00105803	53
0.00106302	53
0.00111134	53
0.00112609	53
0.00114859	53
0.001155	53
0.001199	53
0.00124751	53
0.00126112	53
0.001266	53
0.00136409	53
0.00155322	53
0.00180621	53
0.00191866	53
0.00201571	53
0.00209839	53
0.00213244	53
0.00215579	53
0.00259269	53
0.00523694	53
0.011109	53
0.0111107	53
0.0111113	53
0.0111114	53
0.0111121	53
0.0111126	53
0.0111126	53
0.0111127	53
0.0111162	53
0.0111165	53
0.0111178	53
0.0111184	53
0.0111208	53
0.0111256	53
0.0111289	53
0.0111398	53
0.0221171	53
0.0221172	53
0.0221179	53
0.022118	53
0.0221192	53
0.02212	53
0.0221202	53
0.022122	53
0.0221268	53
0.0221291	53
0.0221295	53
0.0221297	53
0.0221417	53
0.0221448	53
0.0221471	53
0.022148	53
0.0221493	53
0.0221509	53
0.0221548	53
0.0221568	53
0.0221621	53
0.0221623	53
0.0221654	53
0.0221673	53
0.0221677	53
0.0221731	53
0.02218	53
0.0221826	53
0.0221896	53
0.0221914	53
0.0221964	53
0.0222018	53
0.0222043	53
0.0222092	53
0.0222109	53
0.0222356	53
0.0222455	53
0.0222515	53
0.0222563	53
0.0222806	53
0.0222842	53
0.022294	53
0.0223021	53
0.0223064	53
0.0223321	53
0.0223344	53
0.0223568	53
0.0223652	53
0.0223752	53
0.0223861	53
0.0224	53
0.0224001	53
0.0224008	53
0.0224111	53
0.0224239	53
0.022442	53
0.0224825	53
0.0224954	53
0.0225826	53
0.0226869	53
0.0230882	53
0.0230915	53
0.023093	53
0.0231036	53
0.0231165	53
0.023136	53
0.023193	53
0.0232143	53
0.0232559	53
0.0232823	53
0.0232867	53
0.023317	53
0.0233181	53
0.0233342	53
0.0233392	53
0.0233451	53
0.0233484	53
0.0233932	53
0.0234027	53
0.0234249	53
0.0234331	53
0.0234671	53
0.023509	53
0.0235275	53
0.023539	53
0.0235651	53
0.0236612	53
0.0237009	53
0.0237541	53
0.0240664	53
0.0241944	53
0.0242156	53
0.0242794	53
0.0260716	53
0.0376751	53
0.0376751	53
0.0376751	53
0.0376752	53
0.0376752	53
0.0376752	53
0.0376753	53
0.0376753	53
0.0376754	53
0.0376754	53
0.0376755	53
0.0376755	53
0.0376755	53
0.0376757	53
0.0376757	53
0.0376757	53
0.0376759	53
0.0376761	53
0.0376762	53
0.0376763	53
0.0376763	53
0.0376764	53
0.0376765	53
0.0376767	53
0.0376768	53
0.0376769	53
0.037677	53
0.037677	53
0.0376771	53
0.0376772	53
0.0376773	53
0.0376773	53
0.0376773	53
0.0376774	53
0.0376776	53
0.0376779	53
0.0376779	53
0.0376779	53
0.037678	53
0.0376781	53
0.0376782	53
0.0376783	53
0.0376785	53
0.0376794	53
0.0376795	53
0.0376795	53
0.0376796	53
0.0376797	53
0.0376801	53
0.0376803	53
0.0376805	53
0.0376805	53
0.0376808	53
0.0376814	53
0.0376825	53
0.0376827	53
0.0376827	53
0.0376828	53
0.0376828	53
0.037683	53
0.0376841	53
0.0376864	53
0.0376887	53
0.037689	53
0.0376918	53
0.0376929	53
0.0376941	53
0.0376975	53
0.0376981	53
0.0376987	53
0.0377005	53
0.0377006	53
0.037704	53
0.0377047	53
0.0377057	53
0.0377095	53
0.0377125	53
0.0377149	53
0.0377151	53
0.037717	53
0.0377187	53
0.0377202	53
0.0377216	53
0.0377243	53
0.0377257	53
0.0377273	53
0.0377273	53
0.0377275	53
0.0377297	53
0.0377305	53
0.0377318	53
0.0377331	53
0.0377353	53
0.0377382	53
0.0377406	53
0.0377462	53
0.0377533	53
0.0377536	53
0.0377549	53
0.0377695	53
0.0377702	53
0.0377731	53
0.0377737	53
0.0377748	53
0.037775	53
0.0377756	53
0.0377766	53
0.0377833	53
0.0377834	53
0.0377879	53
0.0377952	53
0.0377979	53
0.037798	53
0.0378074	53
0.0378076	53
0.0378103	53
0.037812	53
0.0378141	53
0.037819	53
0.0378317	53
0.0378366	53
0.0378456	53
0.0378473	53
0.0378476	53
0.0378533	53
0.0378539	53
0.0378575	53
0.0378589	53
0.0378637	53
0.0378728	53
0.0378793	53
0.0378864	53
0.0378908	53
0.0378916	53
0.037904	53
0.0379044	53
0.0379049	53
0.0379093	53
0.0379115	53
0.0379228	53
0.0379656	53
0.0379692	53
0.0379908	53
0.0380091	53
0.0380147	53
0.0380174	53
0.0380322	53
0.0380625	53
0.0380676	53
0.038079	53
0.0380827	53
0.038092	53
0.0380921	53
0.0381043	53
0.0381328	53
0.0381369	53
0.0381529	53
0.0382042	53
0.0382568	53
0.0383439	53
0.0383545	53
0.0386346	53
0.0386386	53
0.038688	53
0.0388102	53
0.0388313	53
0.0388584	53
0.0535614	53
0.0535618	53
0.0535622	53
0.0535622	53
0.0535623	53
0.0535684	53
0.05357	53
0.0535704	53
0.0535719	53
0.0535749	53
0.0535754	53
0.0535763	53
0.0535769	53
0.0535786	53
0.0535793	53
0.0535798	53
0.0535823	53
0.0535857	53
0.053592	53
0.0535968	53
0.0536034	53
0.0536049	53
0.0536049	53
0.0536063	53
0.0536078	53
0.0536103	53
0.0536154	53
0.0536233	53
0.0536243	53
0.0536333	53
0.0536344	53
0.0536512	53
0.0536531	53
0.0536531	53
0.0536545	53
0.0536592	53
0.0536746	53
0.0537174	53
0.0537178	53
0.0537188	53
0.0537267	53
0.0537313	53
0.053739	53
0.0537532	53
0.0537981	53
0.0538591	53
0.0538843	53
0.0539656	53
0.0540509	53
0.0540888	53
0.0540914	53
0.0540978	53
0.0541017	53
0.0541488	53
0.054176	53
0.0542377	53
0.0543154	53
0.0543154	53
0.0545332	53
0.0549737	53
0.0568767	53
0.0568839	53
0.0569365	53
0.0569439	53
0.0570029	53
0.0570138	53
0.0570224	53
0.0570376	53
0.0570461	53
0.0570511	53
0.0570546	53
0.0570763	53
0.0570791	53
0.0571206	53
0.0571283	53
0.0571563	53
0.0571842	53
0.0572005	53
0.0572213	53
0.0572396	53
0.0575513	53
0.0575629	53
0.0576022	53
0.0579274	53
0.0602392	53
0.0614123	53
0.0614241	53
0.061425	53
0.0616424	53
0.0674662	53
0.0674704	53
0.0674713	53
0.0674721	53
0.0674793	53
0.0674946	53
0.0675263	53
0.0690984	53
0.0691124	53
0.0754468	53
0.0754469	53
0.075447	53
0.0754473	53
0.0754475	53
0.0754478	53
0.0754479	53
0.0754479	53
0.0754482	53
0.0754482	53
0.0754482	53
0.0754487	53
0.0754489	53
0.0754495	53
0.0754497	53
0.0754498	53
0.0754498	53
0.0754501	53
0.0754501	53
0.0754501	53
0.0754506	53
0.075451	53
0.0754511	53
0.0754511	53
0.0754516	53
0.0754517	53
0.075452	53
0.0754525	53
0.075455	53
0.0754582	53
0.0754882	53
0.0755311	53
0.0755592	53
0.0755867	53
0.0756327	53
0.0756859	53
0.0757148	53
0.075716	53
0.0762804	53
0.0770751	53
0.0983313	53
0.0983313	53
0.0983313	53
0.0983314	53
0.0983314	53
0.0983316	53
0.0983317	53
0.0983317	53
0.0983318	53
0.0983318	53
0.0983319	53
0.098332	53
0.098332	53
0.0983324	53
0.0983326	53
0.0983328	53
0.0983333	53
0.0983336	53
0.0983338	53
0.098334	53
0.0983341	53
0.0983347	53
0.0983352	53
0.0983356	53
0.0983357	53
0.0983358	53
0.098336	53
0.0983372	53
0.0983385	53
0.0983388	53
0.0983388	53
0.0983415	53
0.0983424	53
0.0983452	53
0.0983599	53
0.0983879	53
0.0983894	53
0.0984832	53
0.0986655	53
0.0987232	53
0.098862	53
0.099015	53
0.0994431	53
0.102939	53
0.102959	53
0.1031	53
0.117358	53
0.117362	53
0.117367	53
0.117369	53
0.11742	53
0.117547	53
0.121563	53
0.121564	53
0.121565	53
0.121565	53
0.121571	53
0.121579	53
0.124568	53
0.124578	53
0.124682	53
0.124723	53
0.124743	53
0.125083	53
0.125413	53
0.129397	53
0.12962	53
0.142229	53
0.142229	53
0.142229	53
0.142229	53
0.142229	53
0.14223	53
0.14223	53
0.142231	53
0.142231	53
0.142231	53
0.142232	53
0.142232	53
0.142233	53
0.142233	53
0.142233	53
0.142234	53
0.142234	53
0.142234	53
0.142234	53
0.142235	53
0.142237	53
0.142238	53
0.142238	53
0.142239	53
0.142239	53
0.142261	53
0.142265	53
0.142275	53
0.142383	53
0.14704	53
0.147043	53
0.147063	53
0.147185	53
0.164306	53
0.164307	53
0.164307	53
0.164343	53
0.16435	53
0.164356	53
0.164369	53
0.184577	53
0.184577	53
0.184578	53
0.184578	53
0.184578	53
0.18458	53
0.184582	53
0.184582	53
0.184591	53
0.184602	53
0.18466	53
0.184992	53
0.194262	53
0.194267	53
0.194301	53
0.194514	53
0.202088	53
0.202091	53
0.202091	53
0.202091	53
0.202109	53
0.202114	53
0.202124	53
0.202153	53
0.211363	53
0.211366	53
0.211371	53
0.211371	53
0.211386	53
0.211434	53
0.215187	53
0.215189	53
0.215216	53
0.215222	53
0.215225	53
0.2244	53
0.224403	53
0.22441	53
0.224413	53
0.224427	53
0.224479	53
0.224514	53
0.225227	53
0.225228	53
0.225244	53
0.22525	53
0.226181	53
0.226218	53
0.231475	53
0.231479	53
0.231479	53
0.231481	53
0.231481	53
0.231492	53
0.23152	53
0.231565	53
0.236527	53
0.236537	53
0.253775	53
0.253776	53
0.253776	53
0.253782	53
0.253789	53
0.253793	53
0.253816	53
0.253841	53
0.254919	53
0.25492	53
0.254927	53
0.254928	53
0.25505	53
0.269123	53
0.269125	53
0.269129	53
0.26913	53
0.269185	53
0.269306	53
0.272974	53
0.272975	53
0.272978	53
0.273028	53
0.273659	53
0.27371	53
0.280099	53
0.280103	53
0.280105	53
0.280113	53
0.280122	53
0.280132	53
0.288856	53
0.288857	53
0.288857	53
0.288858	53
0.288858	53
0.288864	53
0.288881	53
0.292966	53
0.292975	53
0.293042	53
0.307487	53
0.307489	53
0.307489	53
0.307514	53
0.307515	53
0.30766	53
0.308192	53
0.308291	53
0.309705	53
0.309708	53
0.309712	53
0.309717	53
0.309732	53
0.312684	53
0.312687	53
0.312696	53
0.312703	53
0.312712	53
0.312712	53
0.312937	53
0.31776	53
0.317768	53
0.317775	53
0.317804	53
0.317895	53
0.324593	53
0.324597	53
0.324601	53
0.324623	53
0.325636	53
0.325637	53
0.333732	53
0.333738	53
0.333746	53
0.333865	53
0.341011	53
0.341012	53
0.341015	53
0.341021	53
0.341044	53
0.341119	53
0.344101	53
0.344104	53
0.344105	53
0.345215	53
0.34524	53
0.345339	53
0.357323	53
0.357323	53
0.357324	53
0.35733	53
0.357332	53
0.357358	53
0.365308	53
0.3656	53
0.387674	53
0.387674	53
0.387676	53
0.387679	53
0.387679	53
0.387682	53
0.387683	53
0.387683	53
0.387718	53
0.387776	53
0.387782	53
0.404973	53
0.404974	53
0.404979	53
0.404983	53
0.405028	53
0.416292	53
0.416293	53
0.416299	53
0.424758	53
0.424758	53
0.424814	53
0.42482	53
0.427198	53
0.427199	53
0.427217	53
0.427217	53
0.435029	53
0.435056	53
0.435058	53
0.435122	53
0.439615	53
0.439624	53
0.439642	53
0.44243	53
0.442438	53
0.44245	53
0.454635	53
0.454636	53
0.454639	53
0.454642	53
0.454645	53
0.45466	53
0.459332	53
0.459421	53
0.475427	53
0.475427	53
0.475429	53
0.475434	53
0.475435	53
0.475438	53
0.475441	53
0.475445	53
0.475451	53
0.482756	53
0.482759	53
0.482762	53
0.482762	53
0.482763	53
0.482766	53
0.482841	53
0.483497	53
0.489125	53
0.489125	53
0.489146	53
0.504137	53
0.504137	53
0.504144	53
0.504152	53
0.504167	53
0.504242	53
0.504243	53
0.510588	53
0.510896	53
0.510907	53
0.510971	53
0.510971	53
0.510972	53
0.51098	53
0.51099	53
0.511236	53
0.525597	53
0.525597	53
0.5256	53
0.525619	53
0.525621	53
0.525822	53
0.527812	53
0.527813	53
0.527815	53
0.528223	53
0.531618	53
0.53162	53
0.545934	53
0.545936	53
0.545936	53
0.545937	53
0.546004	53
0.548238	53
0.548277	53
0.548807	53
0.548993	53
0.549335	53
0.549345	53
0.549347	53
0.549371	53
0.549914	53
0.550829	53
0.607262	53
0.607262	53
0.607262	53
0.607263	53
0.607263	53
0.607268	53
0.607273	53
0.607274	53
0.607282	53
0.607311	53
0.607315	53
0.607664	53
0.624661	53
0.624663	53
0.624666	53
0.63571	53
0.635712	53
0.635716	53
0.635759	53
0.637496	53
0.637497	53
0.637497	53
0.637505	53
0.637505	53
0.637516	53
0.637591	53
0.637592	53
0.637606	53
0.637655	53
0.640731	53
0.640733	53
0.640869	53
0.643541	53
0.643543	53
0.643544	53
0.64359	53
0.644229	53
0.657073	53
0.657075	53
0.672772	53
0.672775	53
0.672775	53
0.672783	53
0.672786	53
0.672787	53
0.67292	53
0.673613	53
0.673699	53
0.682153	53
0.682153	53
0.682154	53
0.68216	53
0.682167	53
0.68219	53
0.682204	53
0.682653	53
0.682654	53
0.682664	53
0.699584	53
0.699584	53
0.699585	53
0.699585	53
0.699587	53
0.699611	53
0.703431	53
0.703445	53
0.703463	53
0.703472	53
0.73972	53
0.73972	53
0.739721	53
0.739721	53
0.739721	53
0.739726	53
0.739728	53
0.739767	53
0.739772	53
0.73982	53
0.743943	53
0.743945	53
0.743947	53
0.755527	53
0.75553	53
0.75553	53
0.755606	53
0.755833	53
0.755845	53
0.755845	53
0.755852	53
0.755953	53
0.761507	53
0.761508	53
0.761538	53
0.761797	53
0.769013	53
0.769085	53
0.777716	53
0.777716	53
0.777718	53
0.777719	53
0.777723	53
0.777724	53
0.77775	53
0.777835	53
0.782544	53
0.782554	53
0.782556	53
0.782696	53
0.804805	53
0.804806	53
0.804806	53
0.804806	53
0.804807	53
0.804809	53
0.804817	53
0.80482	53
0.804823	53
0.804843	53
0.813887	53
0.813888	53
0.813893	53
0.8139	53
0.814492	53
0.814494	53
0.814516	53
0.825443	53
0.825568	53
0.826862	53
0.826868	53
0.826913	53
0.836113	53
0.836116	53
0.847436	53
0.847436	53
0.847436	53
0.847441	53
0.847461	53
0.851789	53
0.8518	53
0.851834	53
0.853179	53
0.853216	53
0.865037	53
0.865045	53
0.865046	53
0.865057	53
0.865098	53
0.877024	53
0.877029	53
0.877031	53
0.877033	53
0.87704	53
0.877041	53
0.877055	53
0.877079	53
0.877415	53
0.877651	53
0.880166	53
0.88112	53
0.881141	53
0.908306	53
0.908307	53
0.908308	53
0.90831	53
0.908313	53
0.908313	53
0.908316	53
0.908319	53
0.910955	53
0.932735	53
0.932735	53
0.932738	53
0.932743	53
0.932747	53
0.932747	53
0.93275	53
0.932753	53
0.932754	53
0.932898	53
0.959766	53
0.959766	53
0.959769	53
0.95977	53
0.959776	53
0.959777	53
0.959785	53
0.959961	53
0.967968	53
0.967969	53
0.967971	53
0.967972	53
0.967973	53
0.967978	53
0.96803	53
0.984193	53
0.984212	53
0.984213	53
0.984372	53
0.987153	53
0.987157	53
0.987166	53
0.987184	53
0.987219	53
0.990481	53
1.01025	53
1.01025	53
1.01025	53
1.01025	53
1.01026	53
1.01026	53
1.01221	53
1.0379	53
1.0379	53
1.03791	53
1.03791	53
1.03791	53
1.03792	53
1.04377	53
1.04377	53
1.04379	53
1.04384	53
1.04501	53
1.04501	53
1.04501	53
1.04503	53
1.04506	53
1.05016	53
1.05746	53
1.05746	53
1.05747	53
1.05749	53
1.06202	53
1.06202	53
1.06202	53
1.06202	53
1.06212	53
1.06689	53
1.0669	53
1.0669	53
1.07315	53
1.07315	53
1.07317	53
1.07317	53
1.0741	53
1.07936	53
1.07937	53
1.07943	53
1.08208	53
1.08209	53
1.08219	53
1.08827	53
1.08828	53
1.08828	53
1.08828	53
1.11999	53
1.11999	53
1.11999	53
1.12	53
1.12	53
1.12002	53
1.12002	53
1.12597	53
1.12598	53
1.14547	53
1.14547	53
1.14547	53
1.14547	53
1.14547	53
1.14547	53
1.14548	53
1.14549	53
1.1455	53
1.16344	53
1.16344	53
1.16345	53
1.16346	53
1.16349	53
1.18269	53
1.18269	53
1.18269	53
1.1827	53
1.19267	53
1.19267	53
1.19268	53
1.19268	53
1.19272	53
1.19884	53
1.19886	53
1.20464	53
1.20464	53
1.20464	53
1.20465	53
1.20465	53
1.20467	53
1.21881	53
1.21881	53
1.21882	53
1.21882	53
1.21882	53
1.21884	53
1.21887	53
1.21915	53
1.23266	53
1.23266	53
1.23267	53
1.23269	53
1.23269	53
1.23271	53
1.23274	53
1.23412	53
1.23412	53
1.23438	53
1.24943	53
1.24943	53
1.24943	53
1.24943	53
1.24943	53
1.24944	53
1.26154	53
1.26155	53
1.26155	53
1.26156	53
1.26157	53
1.26493	53
1.26494	53
1.26498	53
1.26532	53
1.26598	53
1.266	53
1.26601	53
1.26602	53
1.2941	53
1.2941	53
1.2941	53
1.29411	53
1.29411	53
1.29411	53
1.29411	53
1.29412	53
1.29413	53
1.29418	53
1.29649	53
1.29652	53
1.29679	53
1.30105	53
1.30108	53
1.30436	53
1.31381	53
1.31382	53
1.31383	53
1.31385	53
1.31457	53
1.31457	53
1.31457	53
1.33184	53
1.33185	53
1.33185	53
1.33185	53
1.33185	53
1.33186	53
1.33191	53
1.34899	53
1.34899	53
1.34899	53
1.34899	53
1.34901	53
1.34901	53
1.34903	53
1.34911	53
1.34911	53
1.34927	53
1.37491	53
1.37491	53
1.37491	53
1.37491	53
1.37492	53
1.37493	53
1.37493	53
1.3926	53
1.3926	53
1.3926	53
1.3926	53
1.3926	53
1.3934	53
1.3934	53
1.3934	53
1.3964	53
1.3964	53
1.39641	53
1.39641	53
1.39717	53
1.39717	53
1.39718	53
1.41753	53
1.41753	53
1.41753	53
1.41753	53
1.41754	53
1.41754	53
1.41754	53
1.42176	53
1.42176	53
1.42357	53
1.43905	53
1.43905	53
1.43905	53
1.43905	53
1.43905	53
1.43906	53
1.43906	53
1.43906	53
1.43942	53
1.44372	53
1.44373	53
1.44373	53
1.44373	53
1.4438	53
1.49006	53
1.49006	53
1.49006	53
1.49006	53
1.49006	53
1.49007	53
1.49007	53
1.49007	53
1.49007	53
1.49007	53
1.49014	53
1.49586	53
1.49587	53
1.49588	53
1.49588	53
1.49591	53
1.50972	53
1.50972	53
1.50972	53
1.50974	53
1.50994	53
1.52586	53
1.52586	53
1.52587	53
1.52587	53
1.52589	53
1.5259	53
1.52661	53
1.52661	53
1.52662	53
1.52663	53
1.52873	53
1.52873	53
1.52875	53
1.54095	53
1.54095	53
1.54095	53
1.54096	53
1.5411	53
1.55129	53
1.55129	53
1.5513	53
1.55131	53
1.55136	53
1.55407	53
1.55407	53
1.55407	53
1.55409	53
1.55469	53
1.56383	53
1.56384	53
1.56384	53
1.56952	53
1.56952	53
1.56952	53
1.56953	53
1.56953	53
1.56954	53
1.57761	53
1.57761	53
1.57763	53
1.59215	53
1.59215	53
1.59215	53
1.59215	53
1.59215	53
1.59216	53
1.59216	53
1.59216	53
1.59218	53
1.59218	53
1.59249	53
1.60176	53
1.60176	53
1.60176	53
1.60177	53
1.60404	53
1.60404	53
1.60405	53
1.60405	53
1.60405	53
1.6041	53
1.6178	53
1.61781	53
1.61781	53
1.61781	53
1.61788	53
1.61971	53
1.61972	53
1.61994	53
1.62692	53
1.62693	53
1.62693	53
1.63982	53
1.63982	53
1.63992	53
1.64423	53
1.64424	53
1.64431	53
1.64784	53
1.64787	53
1.64803	53
1.6573	53
1.65732	53
1.65756	53
1.65837	53
1.66448	53
1.66448	53
1.66448	53
1.66448	53
1.66449	53
1.6645	53
1.66458	53
1.66969	53
1.66969	53
1.6697	53
1.6697	53
1.6697	53
1.66972	53
1.67951	53
1.67951	53
1.67951	53
1.67952	53
1.67953	53
1.67954	53
1.68198	53
1.68199	53
1.682	53
1.6856	53
1.68561	53
1.68562	53
1.68956	53
1.68957	53
1.6896	53
1.69146	53
1.69147	53
1.69152	53
1.69313	53
1.69317	53
1.69317	53
1.70005	53
1.70005	53
1.70005	53
1.70006	53
1.70423	53
1.70423	53
1.70425	53
1.70426	53
1.70427	53
1.70427	53
1.70428	53
1.7043	53
1.70686	53
1.70686	53
1.70687	53
1.71199	53
1.71199	53
1.71199	53
1.71205	53
1.71525	53
1.73892	53
1.73893	53
1.73893	53
1.73894	53
1.73898	53
1.7391	53
1.73911	53
1.73912	53
1.73917	53
1.74333	53
1.74334	53
1.74335	53
1.74338	53
1.74529	53
1.74529	53
1.74529	53
1.7453	53
1.75612	53
1.75612	53
1.75613	53
1.75616	53
1.81122	53
1.81122	53
1.81122	53
1.81122	53
1.81122	53
1.81123	53
1.81123	53
1.81123	53
1.81129	53
1.81662	53
1.82653	53
1.82653	53
1.82653	53
1.82654	53
1.82658	53
1.82658	53
1.82708	53
1.8334	53
1.83341	53
1.83341	53
1.83342	53
1.83351	53
1.83871	53
1.83871	53
1.83873	53
1.84096	53
1.84098	53
1.84105	53
1.85251	53
1.85251	53
1.85255	53
1.85927	53
1.85927	53
1.85928	53
1.85929	53
1.85944	53
1.86164	53
1.86165	53
1.86167	53
1.86708	53
1.86708	53
1.8671	53
1.86716	53
1.86958	53
1.88166	53
1.88166	53
1.88167	53
1.8817	53
1.88171	53
1.89361	53
1.89361	53
1.89361	53
1.89361	53
1.89361	53
1.89362	53
1.89363	53
1.89367	53
1.89778	53
1.91439	53
1.9144	53
1.9144	53
1.9144	53
1.91441	53
1.91442	53
1.91444	53
1.93148	53
1.93148	53
1.93148	53
1.93148	53
1.9315	53
1.93151	53
1.93361	53
1.93361	53
1.93363	53
1.94281	53
1.94282	53
1.94282	53
1.94284	53
1.94287	53
1.94423	53
1.94423	53
1.94424	53
1.94431	53
1.94946	53
1.94947	53
1.9495	53
1.95723	53
1.95723	53
1.95727	53
1.95728	53
2.00442	53
2.00442	53
2.00442	53
2.00443	53
2.00443	53
2.00444	53
2.00444	53
2.00444	53
2.00446	53
2.00855	53
2.00856	53
2.01195	53
2.01195	53
2.01197	53
2.01197	53
2.04479	53
2.04479	53
2.04479	53
2.0448	53
2.0448	53
2.04482	53
2.05899	53
2.05899	53
2.05899	53
2.059	53
2.05902	53
2.05912	53
2.06827	53
2.06827	53
2.06879	53
2.07349	53
2.0735	53
2.11133	53
2.11133	53
2.11133	53
2.11133	53
2.11133	53
2.11133	53
2.11134	53
2.11134	53
2.11134	53
2.11135	53
2.11144	53
2.11276	53
2.12348	53
2.12348	53
2.12348	53
2.1235	53
2.12352	53
2.14016	53
2.14037	53
2.1405	53
2.14053	53
2.14054	53
2.14056	53
2.14971	53
2.14971	53
2.14971	53
2.14972	53
2.14972	53
2.14972	53
2.15001	53
2.17976	53
2.17977	53
2.17982	53
2.1809	53
2.18109	53
2.18455	53
2.18457	53
2.19048	53
2.19048	53
2.19049	53
2.19049	53
2.19053	53
2.19054	53
2.19054	53
2.19065	53
2.19065	53
2.19065	53
2.19067	53
2.19127	53
2.19128	53
2.19167	53
2.19896	53
2.19896	53
2.19897	53
2.19897	53
2.19897	53
2.19903	53
2.19904	53
2.22093	53
2.22093	53
2.22095	53
2.22776	53
2.22776	53
2.22777	53
2.22777	53
2.23825	53
2.23825	53
2.23825	53
2.23825	53
2.23825	53
2.23825	53
2.23826	53
2.23826	53
2.23827	53
2.25694	53
2.25694	53
2.25694	53
2.25695	53
2.25695	53
2.25699	53
2.26858	53
2.26858	53
2.26859	53
2.26859	53
2.2686	53
2.2923	53
2.2923	53
2.2923	53
2.2923	53
2.29231	53
2.29233	53
2.30945	53
2.30945	53
2.30946	53
2.30946	53
2.30947	53
2.30952	53
2.30954	53
2.31868	53
2.31869	53
2.31869	53
2.3187	53
2.31874	53
2.34575	53
2.34575	53
2.34576	53
2.34576	53
2.34578	53
2.35016	53
2.35016	53
2.35017	53
2.35503	53
2.35503	53
2.35504	53
2.35505	53
2.36334	53
2.36334	53
2.36334	53
2.36335	53
2.36337	53
2.37488	53
2.37489	53
2.37489	53
2.37493	53
2.37498	53
2.38584	53
2.38584	53
2.38584	53
2.38584	53
2.38585	53
2.38586	53
2.38759	53
2.38761	53
2.38761	53
2.39136	53
2.41198	53
2.41198	53
2.41199	53
2.41199	53
2.412	53
2.41204	53
2.42685	53
2.42685	53
2.42685	53
2.42685	53
2.42685	53
2.42685	53
2.42686	53
2.42687	53
2.43521	53
2.43522	53
2.43522	53
2.43523	53
2.43525	53
2.43531	53
2.4701	53
2.4701	53
2.4701	53
2.4701	53
2.4701	53
2.47011	53
2.47011	53
2.47011	53
2.47012	53
2.47012	53
2.47013	53
2.47015	53
2.47373	53
2.47374	53
2.47376	53
2.47377	53
2.47733	53
2.47734	53
2.47736	53
2.47737	53
2.48258	53
2.48259	53
2.48259	53
2.48259	53
2.5007	53
2.50071	53
2.50071	53
2.50073	53
2.50076	53
2.50089	53
2.52134	53
2.52135	53
2.52135	53
2.52136	53
2.52137	53
2.52141	53
2.52621	53
2.52622	53
2.52622	53
2.53021	53
2.5304	53
2.53678	53
2.53678	53
2.53679	53
2.53682	53
2.53698	53
2.54058	53
2.54058	53
2.54059	53
2.54059	53
2.5406	53
2.54062	53
2.54143	53
2.54144	53
2.54145	53
2.54145	53
2.54277	53
2.5572	53
2.5572	53
2.5572	53
2.55722	53
2.55723	53
2.55724	53
2.55726	53
2.55737	53
2.55998	53
2.56003	53
2.56008	53
2.57271	53
2.57272	53
2.57275	53
2.57276	53
2.57279	53
2.57873	53
2.57874	53
2.57887	53
2.57983	53
2.57983	53
2.58021	53
2.58202	53
2.58203	53
2.58203	53
2.58217	53
2.58294	53
2.58391	53
2.58502	53
2.58503	53
2.58505	53
2.58507	53
2.58736	53
2.58736	53
2.58738	53
2.58739	53
2.58739	53
2.58743	53
2.58788	53
2.58822	53
2.58938	53
2.58938	53
2.58939	53
2.6056	53
2.60561	53
2.60562	53
2.60563	53
2.60565	53
2.61714	53
2.61714	53
2.61714	53
2.61714	53
2.61719	53
2.61758	53
2.6382	53
2.63821	53
2.63822	53
2.63825	53
2.63827	53
2.64508	53
2.64509	53
2.6451	53
2.64512	53
2.64512	53
2.65844	53
2.65845	53
2.65845	53
2.6585	53
2.65856	53
2.65902	53
2.67647	53
2.67647	53
2.67648	53
2.67648	53
2.67648	53
2.67648	53
2.67652	53
2.67658	53
2.6819	53
2.6819	53
2.68191	53
2.68192	53
2.68232	53
2.68862	53
2.68862	53
2.68862	53
2.68864	53
2.68865	53
2.69327	53
2.70345	53
2.70346	53
2.70346	53
2.70346	53
2.70349	53
2.71367	53
2.71367	53
2.71367	53
2.71367	53
2.71368	53
2.71368	53
2.71368	53
2.71368	53
2.72389	53
2.7239	53
2.72392	53
2.72392	53
2.7242	53
2.7242	53
2.72422	53
2.72937	53
2.72938	53
2.72944	53
2.74215	53
2.74217	53
2.74218	53
2.74218	53
2.74816	53
2.74818	53
2.74818	53
2.74819	53
2.75605	53
2.75605	53
2.75605	53
2.75605	53
2.75606	53
2.75607	53
2.7561	53
2.75939	53
2.75941	53
2.75949	53
2.76993	53
2.76995	53
2.76996	53
2.77006	53
2.77233	53
2.78288	53
2.78289	53
2.78289	53
2.78293	53
2.783	53
2.78393	53
2.79171	53
2.79171	53
2.79171	53
2.79172	53
2.79172	53
2.79173	53
2.79173	53
2.79244	53
2.79244	53
2.79246	53
2.79247	53
2.79576	53
2.79578	53
2.79578	53
2.79578	53
2.79582	53
2.82729	53
2.8273	53
2.8273	53
2.82731	53
2.82731	53
2.82732	53
2.83574	53
2.83575	53
2.83578	53
2.83578	53
2.83586	53
2.84836	53
2.84836	53
2.84837	53
2.84837	53
2.8526	53
2.8526	53
2.8526	53
2.85265	53
2.87478	53
2.87479	53
2.8748	53
2.8748	53
2.87484	53
2.87495	53
2.88831	53
2.88832	53
2.88835	53
2.88847	53
2.89383	53
2.89383	53
2.89383	53
2.89384	53
2.89385	53
2.89397	53
2.89638	53
2.89639	53
2.89639	53
2.90677	53
2.92143	53
2.92144	53
2.92145	53
2.92146	53
2.92147	53
2.92153	53
2.92268	53
2.9227	53
2.92286	53
2.93141	53
2.93141	53
2.93141	53
2.93163	53
2.94709	53
2.94709	53
2.9471	53
2.9471	53
2.9471	53
2.9471	53
2.94713	53
2.978	53
2.978	53
2.97801	53
2.97801	53
2.97801	53
2.97801	53
2.97805	53
2.98988	53
2.98989	53
2.98989	53
2.9899	53
2.9899	53
2.98995	53
2.99612	53
2.99612	53
2.99616	53
3.01093	53
3.01094	53
3.01094	53
3.01096	53
3.01145	53
3.01196	53
3.01197	53
3.01213	53
3.02384	53
3.02384	53
3.02385	53
3.0239	53
3.02396	53
3.04283	53
3.04284	53
3.04299	53
3.04973	53
3.04973	53
3.04973	53
3.04973	53
3.04974	53
3.04974	53
3.04984	53
3.05679	53
3.0568	53
3.0568	53
3.0568	53
3.0568	53
3.05825	53
3.05828	53
3.05829	53
3.08231	53
3.08231	53
3.08231	53
3.08231	53
3.08233	53
3.08234	53
3.08243	53
3.0861	53
3.0861	53
3.08613	53
3.08824	53
3.08824	53
3.11238	53
3.11239	53
3.11239	53
3.11242	53
3.11448	53
3.11448	53
3.11448	53
3.11448	53
3.11449	53
3.1145	53
3.1145	53
3.13069	53
3.13069	53
3.1307	53
3.13071	53
3.13071	53
3.13072	53
3.13078	53
3.13157	53
3.13159	53
3.1542	53
3.15421	53
3.15421	53
3.15421	53
3.15422	53
3.15424	53
3.15731	53
3.15732	53
3.15732	53
3.15733	53
3.15741	53
3.16653	53
3.16653	53
3.16654	53
3.16657	53
3.18684	53
3.18684	53
3.18684	53
3.18684	53
3.18685	53
3.18685	53
3.18686	53
3.18687	53
3.18692	53
3.18704	53
3.18704	53
3.18705	53
3.18707	53
3.20609	53
3.20609	53
3.20609	53
3.20609	53
3.2061	53
3.2061	53
3.2129	53
3.2129	53
3.21301	53
3.21407	53
3.21407	53
3.2145	53
3.21831	53
3.21831	53
3.21835	53
3.21836	53
3.21838	53
3.24884	53
3.24884	53
3.24884	53
3.24885	53
3.24885	53
3.24885	53
3.24886	53
3.24888	53
3.24937	53
3.2585	53
3.29097	53
3.29097	53
3.29097	53
3.29099	53
3.29099	53
3.29099	53
3.29099	53
3.29099	53
3.29101	53
3.29118	53
3.30743	53
3.30744	53
3.30745	53
3.30746	53
3.30748	53
3.31083	53
3.31083	53
3.31083	53
3.31085	53
3.31098	53
3.31666	53
3.31668	53
3.31672	53
3.32051	53
3.32051	53
3.32878	53
3.32879	53
3.32883	53
3.33135	53
3.33136	53
3.33185	53
3.33187	53
3.33188	53
3.33191	53
3.34722	53
3.34723	53
3.34724	53
3.34726	53
3.34732	53
3.3633	53
3.3633	53
3.3633	53
3.36334	53
3.37903	53
3.37903	53
3.37906	53
3.38207	53
3.38208	53
3.3821	53
3.38618	53
3.38618	53
3.38619	53
3.3862	53
3.38621	53
3.38622	53
3.40437	53
3.40437	53
3.40438	53
3.40438	53
3.40439	53
3.4044	53
3.40444	53
3.4049	53
3.40903	53
3.40903	53
3.40903	53
3.40911	53
3.40945	53
3.41314	53
3.41314	53
3.41316	53
3.41343	53
3.42901	53
3.42901	53
3.42901	53
3.42902	53
3.42903	53
3.42904	53
3.42905	53
3.43383	53
3.4362	53
3.4362	53
3.4362	53
3.44534	53
3.44535	53
3.44535	53
3.44536	53
3.44538	53
3.44548	53
3.4567	53
3.4567	53
3.45673	53
3.45673	53
3.45674	53
3.45684	53
3.45878	53
3.45878	53
3.45916	53
3.47086	53
3.47087	53
3.47087	53
3.47087	53
3.47089	53
3.47091	53
3.47092	53
3.47116	53
3.47117	53
3.47127	53
3.47286	53
3.47287	53
3.47287	53
3.47287	53
3.4729	53
3.47962	53
3.47962	53
3.47962	53
3.47963	53
3.47964	53
3.47965	53
3.48115	53
3.48116	53
3.48119	53
3.48833	53
3.48834	53
3.48834	53
3.48839	53
3.48894	53
3.48894	53
3.48895	53
3.49936	53
3.49936	53
3.4995	53
3.49954	53
3.52338	53
3.52338	53
3.52338	53
3.52338	53
3.52338	53
3.52338	53
3.52342	53
3.52351	53
3.52503	53
3.52506	53
3.52512	53
3.52915	53
3.52919	53
3.53422	53
3.53422	53
3.53423	53
3.53423	53
3.53427	53
3.5397	53
3.53972	53
3.55853	53
3.55854	53
3.55854	53
3.55854	53
3.55855	53
3.55857	53
3.55872	53
3.59536	53
3.59536	53
3.59537	53
3.59537	53
3.59537	53
3.59537	53
3.59538	53
3.59538	53
3.5954	53
3.59841	53
3.59841	53
3.59842	53
3.59843	53
3.60225	53
3.60226	53
3.6023	53
3.62865	53
3.62866	53
3.62866	53
3.62866	53
3.62872	53
3.62876	53
3.62991	53
3.65045	53
3.65045	53
3.65047	53
3.65061	53
3.65824	53
3.65825	53
3.65825	53
3.65826	53
3.65827	53
3.65829	53
3.65837	53
3.66676	53
3.66681	53
3.66694	53
3.66698	53
3.67687	53
3.67687	53
3.67687	53
3.67688	53
3.67692	53
3.71957	53
3.71957	53
3.71957	53
3.71957	53
3.71958	53
3.71959	53
3.71959	53
3.71961	53
3.7242	53
3.7242	53
3.72421	53
3.72439	53
3.72778	53
3.72778	53
3.72781	53
3.7279	53
3.7402	53
3.7404	53
3.7416	53
3.74161	53
3.74166	53
3.74173	53
3.75134	53
3.75134	53
3.76323	53
3.76324	53
3.76324	53
3.76325	53
3.76327	53
3.76328	53
3.76329	53
3.76334	53
3.78022	53
3.78023	53
3.78023	53
3.78024	53
3.78024	53
3.78026	53
3.78028	53
3.78695	53
3.78939	53
3.78939	53
3.80063	53
3.80063	53
3.80064	53
3.81823	53
3.81823	53
3.81824	53
3.81824	53
3.81824	53
3.81826	53
3.81826	53
3.81833	53
3.82016	53
3.82018	53
3.82019	53
3.82525	53
3.82525	53
3.82528	53
3.82607	53
3.84451	53
3.84451	53
3.84452	53
3.84452	53
3.84453	53
3.84453	53
3.84454	53
3.84454	53
3.86067	53
3.86067	53
3.86068	53
3.86068	53
3.86068	53
3.86069	53
3.86084	53
3.87138	53
3.87138	53
3.8714	53
3.87162	53
3.87817	53
3.87817	53
3.8783	53
3.87933	53
3.89692	53
3.89692	53
3.89693	53
3.89694	53
3.89694	53
3.89695	53
3.89697	53
3.92165	53
3.92165	53
3.92165	53
3.92165	53
3.92166	53
3.92166	53
3.92168	53
3.92171	53
3.92186	53
3.92204	53
3.92205	53
3.92273	53
3.92405	53
3.92406	53
3.92461	53
3.95385	53
3.95385	53
3.95385	53
3.95386	53
3.95386	53
3.95387	53
3.954	53
3.95553	53
3.95554	53
3.95554	53
3.9558	53
3.97155	53
3.97155	53
3.97155	53
3.97156	53
3.97157	53
3.97159	53
3.97159	53
3.9716	53
3.97391	53
3.97392	53
3.97411	53
3.99023	53
3.99023	53
3.99025	53
3.99032	53
3.9918	53
4.00957	53
4.00957	53
4.00957	53
4.00958	53
4.0096	53
4.01013	53
4.02545	53
4.02545	53
4.02545	53
4.02547	53
4.02547	53
4.02548	53
4.02565	53
4.03009	53
4.03009	53
4.03012	53
4.03021	53
4.05187	53
4.05187	53
4.05187	53
4.0519	53
4.05197	53
4.052	53
4.05828	53
4.05828	53
4.05828	53
4.05833	53
4.07617	53
4.07617	53
4.07617	53
4.07617	53
4.0762	53
4.08462	53
4.08463	53
4.08463	53
4.08463	53
4.08463	53
4.08463	53
4.08464	53
4.08467	53
4.08469	53
4.10204	53
4.10204	53
4.10205	53
4.10206	53
4.10207	53
4.10211	53
4.10213	53
4.1131	53
4.11312	53
4.11312	53
4.11333	53
4.11433	53
4.11491	53
4.11492	53
4.11511	53
4.11997	53
4.11998	53
4.11998	53
4.11999	53
4.11999	53
4.12003	53
4.12306	53
4.12307	53
4.12307	53
4.12307	53
4.12364	53
4.12365	53
4.12367	53
4.12697	53
4.12697	53
4.12697	53
4.12698	53
4.12708	53
4.13831	53
4.13831	53
4.13833	53
4.1384	53
4.13841	53
4.13849	53
4.14167	53
4.14167	53
4.14177	53
4.14616	53
4.14617	53
4.1463	53
4.1708	53
4.1708	53
4.17082	53
4.17083	53
4.17089	53
4.17106	53
4.17463	53
4.17463	53
4.17493	53
4.18227	53
4.18227	53
4.1823	53
4.18277	53
4.18411	53
4.18412	53
4.18412	53
4.18412	53
4.18413	53
4.18415	53
4.18415	53
4.18418	53
4.20212	53
4.20213	53
4.20214	53
4.20215	53
4.20217	53
4.20221	53
4.21318	53
4.21318	53
4.21321	53
4.21328	53
4.21346	53
4.22686	53
4.22687	53
4.22693	53
4.22706	53
4.22716	53
4.2273	53
4.2371	53
4.23711	53
4.23711	53
4.23719	53
4.23728	53
4.26793	53
4.26793	53
4.26793	53
4.26793	53
4.26794	53
4.26794	53
4.26796	53
4.26797	53
4.26799	53
4.26809	53
4.27521	53
4.27522	53
4.27526	53
4.27532	53
4.28316	53
4.28316	53
4.28316	53
4.28325	53
4.28488	53
4.2849	53
4.28491	53
4.28496	53
4.30411	53
4.30412	53
4.30412	53
4.30413	53
4.30419	53
4.3044	53
4.33397	53
4.33397	53
4.33397	53
4.33397	53
4.33397	53
4.334	53
4.334	53
4.33582	53
4.34379	53
4.34382	53
4.36293	53
4.36294	53
4.36297	53
4.36297	53
4.36301	53
4.36305	53
4.37208	53
4.37208	53
4.37218	53
4.37221	53
4.37395	53
4.37458	53
4.39057	53
4.39057	53
4.39058	53
4.39059	53
4.39062	53
4.39062	53
4.39081	53
4.43862	53
4.43862	53
4.43862	53
4.43863	53
4.43863	53
4.43863	53
4.43864	53
4.43865	53
4.43866	53
4.43867	53
4.44107	53
4.44108	53
4.44112	53
4.44572	53
4.4458	53
4.45772	53
4.45773	53
4.45773	53
4.45774	53
4.45774	53
4.45775	53
4.45781	53
4.49286	53
4.49286	53
4.49286	53
4.49286	53
4.49298	53
4.51061	53
4.51061	53
4.51062	53
4.51064	53
4.51064	53
4.51075	53
4.51197	53
4.51197	53
4.51199	53
4.512	53
4.5173	53
4.51731	53
4.51732	53
4.51735	53
4.51741	53
4.5207	53
4.5207	53
4.52071	53
4.53577	53
4.53577	53
4.53578	53
4.53579	53
4.53587	53
4.53935	53
4.53935	53
4.53935	53
4.53936	53
4.53939	53
4.55741	53
4.55741	53
4.55741	53
4.55742	53
4.55742	53
4.55743	53
4.55745	53
4.55747	53
4.55748	53
4.55849	53
4.55849	53
4.55851	53
4.55852	53
4.5884	53
4.58841	53
4.58841	53
4.58842	53
4.58845	53
4.58846	53
4.59576	53
4.59578	53
4.59579	53
4.59612	53
4.59612	53
4.60393	53
4.60394	53
4.60395	53
4.60417	53
4.60666	53
4.6067	53
4.60672	53
4.60677	53
4.61306	53
4.61306	53
4.61307	53
4.61308	53
4.61312	53
4.63359	53
4.6336	53
4.6336	53
4.63361	53
4.63361	53
4.63363	53
4.63368	53
4.63371	53
4.63389	53
4.6409	53
4.64097	53
4.6555	53
4.6555	53
4.65551	53
4.65551	53
4.65556	53
4.65604	53
4.66205	53
4.66205	53
4.66206	53
4.66207	53
4.66209	53
4.66215	53
4.66216	53
4.67935	53
4.67935	53
4.67937	53
4.6794	53
4.67945	53
4.67945	53
4.67953	53
4.68376	53
4.68378	53
4.6841	53
4.7141	53
4.7141	53
4.71411	53
4.71411	53
4.71411	53
4.71411	53
4.71413	53
4.71414	53
4.71416	53
4.71417	53
4.7615	53
4.7615	53
4.76151	53
4.76152	53
4.76153	53
4.7616	53
4.7616	53
4.76162	53
4.77033	53
4.77034	53
4.77034	53
4.77036	53
4.77038	53
4.77091	53
4.77091	53
4.77101	53
4.78425	53
4.78425	53
4.78427	53
4.78428	53
4.78431	53
4.83518	53
4.83519	53
4.83519	53
4.8352	53
4.8352	53
4.83521	53
4.83521	53
4.83528	53
4.83539	53
4.83957	53
4.83959	53
4.83977	53
4.83981	53
4.83983	53
4.83992	53
4.84312	53
4.84313	53
4.84314	53
4.84314	53
4.84487	53
4.84487	53
4.8449	53
4.84494	53
4.84499	53
4.84499	53
4.845	53
4.84506	53
4.867	53
4.867	53
4.86701	53
4.86701	53
4.86703	53
4.86703	53
4.86705	53
4.8671	53
4.88697	53
4.88698	53
4.88698	53
4.88698	53
4.88701	53
4.88711	53
4.96412	53
4.96413	53
4.96413	53
4.96414	53
4.96414	53
4.96414	53
4.96416	53
4.96416	53
4.96419	53
4.96431	53
4.96629	53
4.96629	53
4.96639	53
4.96662	53
4.96667	53
4.96672	53
4.97117	53
4.97117	53
4.97118	53
4.97118	53
4.97127	53
4.97129	53
4.97136	53
4.97144	53
4.9737	53
4.97371	53
4.97373	53
4.97378	53
4.98814	53
4.98814	53
4.98815	53
4.98816	53
4.98816	53
4.98816	53
4.98826	53
5.01996	53
5.01997	53
5.01999	53
5.02009	53
5.0201	53
5.02011	53
5.02018	53
5.04119	53
5.0412	53
5.0412	53
5.0412	53
5.04121	53
5.04121	53
5.04151	53
5.10042	53
5.10042	53
5.10042	53
5.10043	53
5.10043	53
5.10043	53
5.10044	53
5.10045	53
5.10051	53
5.10051	53
5.10354	53
5.10354	53
5.1036	53
5.11311	53
5.11313	53
5.11317	53
5.11319	53
5.11322	53
5.11653	53
5.11654	53
5.11656	53
5.18898	53
5.18898	53
5.18899	53
5.18899	53
5.18899	53
5.18902	53
5.18903	53
5.18904	53
5.1891	53
5.18916	53
5.19812	53
5.19812	53
5.19814	53
5.24828	53
5.24828	53
5.24829	53
5.24831	53
5.24833	53
5.24833	53
5.24836	53
5.24837	53
5.24842	53
5.27436	53
5.27436	53
5.27436	53
5.27436	53
5.27441	53
5.27443	53
5.27444	53
5.29775	53
5.29775	53
5.29776	53
5.29776	53
5.29777	53
5.29779	53
5.316	53
5.316	53
5.31601	53
5.31602	53
5.31604	53
5.3161	53
5.3161	53
5.31615	53
5.31647	53
5.31679	53
5.34365	53
5.34365	53
5.34366	53
5.3437	53
5.3437	53
5.34374	53
5.34374	53
5.34388	53
5.34393	53
5.35614	53
5.35614	53
5.35615	53
5.3562	53
5.36226	53
5.36226	53
5.36227	53
5.36229	53
5.36237	53
5.36239	53
5.3624	53
5.36242	53
5.37379	53
5.37379	53
5.37379	53
5.37384	53
5.37396	53
5.37408	53
5.37744	53
5.37745	53
5.37745	53
5.37749	53
5.97637	53
5.97637	53
5.97638	53
5.97638	53
5.97642	53
5.97642	53
5.97646	53
5.97651	53
5.97669	53
6.22535	53
6.22535	53
6.22537	53
6.22538	53
6.22542	53
6.22543	53
6.22545	53
6.22547	53
6.22595	53
6.2292	53
6.22952	53
6.22967	53
6.22968	53
6.22969	53
6.22972	53
6.35151	53
6.35151	53
6.35152	53
6.35152	53
6.35152	53
6.35152	53
6.35153	53
6.35153	53
6.3516	53
6.35161	53
6.35208	53
6.35506	53
6.35507	53
6.35508	53
6.3794	53
6.37941	53
6.37944	53
6.37954	53
6.37957	53
6.37973	53
6.41666	53
6.41666	53
6.41666	53
6.41666	53
6.41666	53
6.41668	53
6.41672	53
6.41672	53
6.41675	53
6.41693	53
6.42149	53
6.42156	53
6.42199	53
6.42201	53
6.48928	53
6.48929	53
6.48929	53
6.48932	53
6.48933	53
6.48936	53
6.48936	53
6.48946	53
6.51443	53
6.51443	53
6.51445	53
6.51453	53
6.51455	53
6.51471	53
6.56807	53
6.56807	53
6.56808	53
6.56808	53
6.5681	53
6.56812	53
6.56817	53
6.56817	53
6.56824	53
6.5683	53
6.89128	53
6.89129	53
6.8913	53
6.89133	53
6.89133	53
6.89136	53
6.89157	53
6.89193	53
6.89207	53
6.9085	53
6.90851	53
6.90852	53
6.90856	53
6.90876	53
6.92509	53
6.93093	53
6.93095	53
6.93113	53
6.93117	53
6.93166	53
6.93178	53
6.94617	53
6.94617	53
6.94618	53
6.94622	53
6.94624	53
6.94645	53
6.94902	53
6.94923	53
6.99616	53
6.99616	53
6.99618	53
6.9962	53
6.99623	53
6.99627	53
6.99627	53
6.99628	53
6.99691	53
7.01786	53
7.01787	53
7.01787	53
7.01793	53
7.01793	53
7.01815	53
7.01815	53
7.01815	53
7.01816	53
7.01819	53
7.01827	53
7.11056	53
7.11056	53
7.11056	53
7.11059	53
7.11059	53
7.1106	53
7.11063	53
7.11065	53
7.11067	53
7.11072	53
8.47692	53
8.47692	53
8.47693	53
8.47693	53
8.47699	53
8.47701	53
8.4773	53
8.47749	53
9.32166	53
9.32167	53
9.32168	53
9.32169	53
9.32178	53
9.32179	53
9.3218	53
9.32204	53
9.32223	53
9.32239	53
9.32285	53
10.2154	53
10.2154	53
10.2154	53
10.2155	53
10.2155	53
10.2155	53
10.2155	53
10.2156	53
10.2159	53
10.2978	53
10.2978	53
10.2978	53
10.2979	53
10.2979	53
10.2979	53
10.2979	53
10.2979	53
10.2981	53
10.2982	53
10.3167	53
10.3167	53
10.3167	53
10.3167	53
10.3167	53
10.3172	53
10.7756	53
10.7756	53
10.7756	53
10.7756	53
10.7756	53
10.7756	53
10.7756	53
10.7764	53
11.4445	53
11.4445	53
11.4445	53
11.4445	53
11.4446	53
11.4446	53
11.4447	53
11.4452	53
11.4453	53
12.4296	53
12.4296	53
12.4296	53
12.4297	53
12.4297	53
12.4297	53
12.4298	53
12.4298	53
12.4305	53
12.4311	53
13.5532	53
13.5532	53
13.5532	53
13.5532	53
13.5533	53
13.5533	53
13.5536	53
13.5539	53
13.5544	53
13.5549	53
13.5838	53
13.5838	53
13.5838	53
13.5839	53
13.5839	53
13.5843	53
13.5843	53
13.5844	53
13.5845	53
13.6092	53
13.6093	53
13.6093	53
13.6093	53
13.6095	53
13.6097	53
13.6127	53
13.6127	53
13.6127	53
13.6141	53
13.6142	53
13.6146	53
14.3345	53
14.3345	53
14.3345	53
14.3345	53
14.3345	53
14.3345	53
14.3345	53
14.3345	53
14.3346	53
14.3347	53
14.3348	53
14.3955	53
14.3955	53
14.3955	53
14.3955	53
14.3955	53
14.3956	53
14.3956	53
14.3972	53
14.3986	53
14.4965	53
14.4965	53
14.4965	53
14.4966	53
14.4966	53
14.4966	53
14.4966	53
14.4967	53
14.4967	53
14.4969	53
14.497	53
14.497	53
14.9874	53
14.9874	53
14.9874	53
14.9874	53
14.9875	53
14.9876	53
14.9876	53
14.9876	53
14.9881	53
15.0768	53
15.0768	53
15.0769	53
15.0769	53
15.0769	53
15.077	53
15.077	53
15.0771	53
15.0773	53
15.0776	53
16.9528	53
16.9528	53
16.9529	53
16.9529	53
16.9529	53
16.953	53
16.9531	53
16.9536	53
17.3585	53
17.3585	53
17.3585	53
17.3585	53
17.3586	53
17.3586	53
17.3587	53
17.3588	53
17.3592	53
17.3593	53
17.3594	53
17.6535	53
17.6535	53
17.6535	53
17.6535	53
17.6535	53
17.6537	53
17.6538	53
17.6542	53
18.6407	53
18.6407	53
18.6407	53
18.6407	53
18.6407	53
18.6407	53
18.6408	53
18.6408	53
18.641	53
18.6412	53
18.7193	53
18.7193	53
18.7193	53
18.7194	53
18.7194	53
18.7194	53
18.7194	53
18.7195	53
18.7249	53
18.7252	53
19.2537	53
19.2537	53
19.2538	53
19.2538	53
19.2538	53
19.2538	53
19.2539	53
19.254	53
19.2547	53
19.2553	53
19.8361	53
19.8361	53
19.8361	53
19.8362	53
19.8362	53
19.8362	53
19.8362	53
19.8362	53
19.8365	53
20.2881	53
20.2881	53
20.2881	53
20.2881	53
20.2881	53
20.2882	53
20.2882	53
20.2882	53
20.2885	53
20.2888	53
20.6899	53
20.6899	53
20.69	53
20.69	53
20.69	53
20.69	53
20.6902	53
20.6902	53
20.6907	53
20.8604	53
20.8604	53
20.8604	53
20.8605	53
20.8605	53
20.8605	53
20.8606	53
20.8606	53
20.8608	53
21.3479	53
21.3479	53
21.3479	53
21.3479	53
21.3479	53
21.3479	53
21.348	53
21.3482	53
21.3482	53
21.3961	53
21.3961	53
21.3961	53
21.3962	53
21.3962	53
21.3963	53
21.3964	53
21.3966	53
21.3985	53
21.3986	53
21.4551	53
21.4551	53
21.4551	53
21.4552	53
21.4552	53
21.4552	53
21.4553	53
21.4553	53
21.4554	53
21.4633	53
21.4634	53
21.4642	53
21.4645	53
21.8276	53
21.8276	53
21.8276	53
21.8277	53
21.8277	53
21.8278	53
21.8279	53
21.828	53
21.8284	53
22.1066	53
22.1067	53
22.1067	53
22.1067	53
22.1067	53
22.1067	53
22.1067	53
22.1068	53
22.1069	53
22.4749	53
22.4749	53
22.475	53
22.475	53
22.475	53
22.475	53
22.475	53
22.4751	53
22.4753	53
22.5804	53
22.5804	53
22.5804	53
22.5804	53
22.5805	53
22.5805	53
22.5806	53
22.5807	53
22.5808	53
22.6187	53
22.6187	53
22.6187	53
22.6187	53
22.6187	53
22.6188	53
22.6206	53
22.6831	53
22.6831	53
22.6832	53
22.6832	53
22.6832	53
22.6833	53
22.6833	53
22.6839	53
22.8933	53
22.8933	53
22.8933	53
22.8933	53
22.8933	53
22.8934	53
22.8935	53
22.8938	53
22.895	53
22.8955	53
23.1518	53
23.1518	53
23.1518	53
23.1519	53
23.1519	53
23.1519	53
23.152	53
23.154	53
23.1541	53
23.1541	53
23.157	53
23.1574	53
23.1591	53
23.1668	53
23.428	53
23.428	53
23.4281	53
23.4281	53
23.4282	53
23.4282	53
23.4283	53
23.4293	53
23.4293	53
24.4487	53
24.4487	53
24.4488	53
24.4488	53
24.4489	53
24.4489	53
24.449	53
24.449	53
24.4491	53
24.6104	53
24.6104	53
24.6105	53
24.6105	53
24.6105	53
24.6105	53
24.6106	53
24.6109	53
24.6109	53
24.6115	53
24.9728	53
24.9728	53
24.9728	53
24.9728	53
24.9729	53
24.9729	53
24.973	53
24.9736	53
24.9742	53
25.0061	53
25.0061	53
25.0061	53
25.0061	53
25.0061	53
25.0063	53
25.0067	53
25.0068	53
25.008	53
25.0647	53
25.0647	53
25.0647	53
25.0647	53
25.0647	53
25.0649	53
25.065	53
25.065	53
25.065	53
25.1988	53
25.1988	53
25.1988	53
25.1988	53
25.1989	53
25.1989	53
25.199	53
25.199	53
25.199	53
25.6766	53
25.6766	53
25.6766	53
25.6766	53
25.6767	53
25.6768	53
25.6769	53
25.6772	53
25.6781	53
25.9916	53
25.9916	53
25.9917	53
25.9917	53
25.9917	53
25.9917	53
25.9917	53
25.9918	53
25.9919	53
27.7953	53
27.7954	53
27.7954	53
27.7954	53
27.7954	53
27.7954	53
27.7955	53
27.7957	53
27.7969	53
27.7979	53
27.798	53
28.6854	53
28.6855	53
28.6855	53
28.6855	53
28.6855	53
28.6855	53
28.6855	53
28.6855	53
28.6861	53
28.7577	53
28.7578	53
28.7578	53
28.7578	53
28.7578	53
28.758	53
28.7583	53
28.7584	53
28.7618	53
29.2157	53
29.2157	53
29.2158	53
29.2158	53
29.2158	53
29.2158	53
29.2158	53
29.2161	53
29.6831	53
29.6832	53
29.6832	53
29.6832	53
29.6832	53
29.6833	53
29.6833	53
29.6835	53
29.6846	53
29.6849	53
30.2393	53
30.2393	53
30.2393	53
30.2394	53
30.2394	53
30.2394	53
30.2395	53
30.2589	53
30.259	53
30.2591	53
30.2592	53
30.2595	53
30.582	53
30.582	53
30.582	53
30.5821	53
30.5821	53
30.5821	53
30.5823	53
30.5827	53
30.5831	53
30.5834	53
31.865	53
31.8651	53
31.8651	53
31.8651	53
31.8651	53
31.8651	53
31.8652	53
31.8656	53
31.9093	53
31.9094	53
31.9094	53
31.9094	53
31.9094	53
31.9095	53
31.9096	53
31.9097	53
31.9099	53
31.9101	53
32.4336	53
32.4336	53
32.4337	53
32.4337	53
32.4337	53
32.4337	53
32.434	53
32.434	53
32.4341	53
32.5981	53
32.5981	53
32.5981	53
32.5982	53
32.5982	53
32.5982	53
32.5983	53
32.5985	53
32.5991	53
32.7265	53
32.7265	53
32.7265	53
32.7266	53
32.7266	53
32.7267	53
32.7267	53
32.7269	53
33.7971	53
33.7971	53
33.7971	53
33.7972	53
33.7972	53
33.7973	53
33.7973	53
33.7975	53
33.7978	53
33.7986	53
33.8808	53
33.8808	53
33.8809	53
33.8809	53
33.8809	53
33.881	53
33.881	53
33.8813	53
37.054	53
37.054	53
37.054	53
37.054	53
37.0541	53
37.0541	53
37.0541	53
37.0542	53
37.0548	53
37.0554	53
37.7871	53
37.7872	53
37.7872	53
37.7872	53
37.7872	53
37.7873	53
37.7873	53
37.7878	53
37.7887	53
38.8434	53
38.8435	53
38.8435	53
38.8435	53
38.8435	53
38.8435	53
38.8436	53
38.845	53
38.8824	53
38.8825	53
38.8825	53
38.8826	53
38.8826	53
38.8827	53
38.8828	53
38.8845	53
38.8855	53
39.2561	53
39.2561	53
39.2561	53
39.2561	53
39.2562	53
39.2562	53
39.2563	53
39.5741	53
39.5741	53
39.5742	53
39.5742	53
39.5742	53
39.5742	53
39.5744	53
39.5749	53
39.5766	53
39.5766	53
39.5767	53
39.5812	53
39.7531	53
39.7531	53
39.7531	53
39.7532	53
39.7532	53
39.7532	53
39.7534	53
39.7534	53
39.7539	53
40.7262	53
40.7262	53
40.7262	53
40.7263	53
40.7264	53
40.7265	53
40.7265	53
40.7267	53
41.3412	53
41.3412	53
41.3412	53
41.3412	53
41.3412	53
41.3413	53
41.3413	53
41.3445	53
41.3447	53
41.5661	53
41.5661	53
41.5661	53
41.5661	53
41.5662	53
41.5663	53
41.5663	53
41.5667	53
41.5669	53
41.5675	53
41.7495	53
41.7495	53
41.7496	53
41.7496	53
41.7496	53
41.7496	53
41.7496	53
41.7498	53
41.75	53
45.68	53
45.6801	53
45.6801	53
45.6801	53
45.6801	53
45.6803	53
45.6804	53
45.6806	53
45.6807	53
45.839	53
45.839	53
45.839	53
45.839	53
45.839	53
45.839	53
45.8391	53
45.8392	53
45.8398	53
45.8594	53
45.8594	53
45.8596	53
45.8597	53
46.4844	53
46.4844	53
46.4845	53
46.4845	53
46.4846	53
46.4846	53
46.4847	53
46.4847	53
46.4847	53
46.4855	53
46.5124	53
46.5124	53
46.5125	53
46.5125	53
46.5126	53
46.5127	53
46.6806	53
46.6806	53
46.6806	53
46.6806	53
46.6806	53
46.6807	53
46.6808	53
46.681	53
46.6824	53
46.9201	53
46.9201	53
46.9201	53
46.9201	53
46.9201	53
46.9201	53
46.9203	53
46.921	53
47.3961	53
47.3962	53
47.3962	53
47.3962	53
47.3962	53
47.3962	53
47.3964	53
47.3977	53
47.3978	53
47.4114	53
47.4128	53
47.4133	53
49.2017	53
49.2017	53
49.2018	53
49.2018	53
49.2018	53
49.2018	53
49.2018	53
49.2024	53
49.2024	53
49.2034	53
49.2836	53
49.2836	53
49.2836	53
49.2836	53
49.2837	53
49.2837	53
49.2838	53
49.2842	53
49.3677	53
49.3677	53
49.3677	53
49.3677	53
49.3677	53
49.3677	53
49.3678	53
49.3678	53
49.3682	53
49.3682	53
49.4995	53
49.4995	53
49.4995	53
49.4996	53
49.4998	53
49.4998	53
49.5	53
49.5001	53
50.2356	53
50.2356	53
50.2356	53
50.2356	53
50.2357	53
50.2357	53
50.2357	53
50.2366	53
50.2368	53
50.2378	53
51.6802	53
51.6802	53
51.6802	53
51.6802	53
51.6803	53
51.6803	53
51.6804	53
51.6804	53
51.6804	53
54.0253	53
54.0254	53
54.0254	53
54.0254	53
54.0254	53
54.0254	53
54.0258	53
54.0258	53
54.026	53
54.5526	53
54.5527	53
54.5527	53
54.5527	53
54.5529	53
54.5529	53
54.5529	53
54.5544	53
54.735	53
54.7351	53
54.7351	53
54.7351	53
54.7352	53
54.7352	53
54.7352	53
54.7353	53
54.7361	53
54.9987	53
54.9988	53
54.9988	53
54.9988	53
54.9988	53
54.9989	53
54.9991	53
54.9993	53
54.9994	53
55.5637	53
55.5637	53
55.5638	53
55.5638	53
55.5638	53
55.5638	53
55.5639	53
55.5639	53
55.5639	53
55.5641	53
55.9661	53
55.9661	53
55.9661	53
55.9662	53
55.9662	53
55.9663	53
55.9663	53
55.967	53
56.2213	53
56.2213	53
56.2213	53
56.2214	53
56.2214	53
56.2214	53
56.2215	53
56.2222	53
56.5259	53
56.5259	53
56.5259	53
56.526	53
56.526	53
56.5261	53
56.5262	53
56.5268	53
56.5274	53
57.0916	53
57.0916	53
57.0916	53
57.0917	53
57.0917	53
57.0917	53
57.0918	53
57.0923	53
57.1775	53
57.1775	53
57.1775	53
57.1775	53
57.1775	53
57.1777	53
57.1777	53
57.1781	53
57.1807	53
57.1809	53
57.2198	53
57.2199	53
57.2199	53
57.2199	53
57.2199	53
57.2202	53
57.2203	53
57.2203	53
57.2206	53
57.2208	53
58.0417	53
58.0417	53
58.0417	53
58.0417	53
58.0417	53
58.0418	53
58.0419	53
58.0419	53
58.042	53
59.597	53
59.597	53
59.5971	53
59.5971	53
59.5971	53
59.5971	53
59.5971	53
59.7722	53
59.7722	53
59.7722	53
59.7722	53
59.7722	53
59.7722	53
59.7722	53
59.7724	53
59.7726	53
59.7729	53
59.7733	53
59.7741	53
59.7818	53
59.7819	53
59.7821	53
59.7836	53
59.7838	53
59.7838	53
59.7859	53
59.8234	53
59.8235	53
59.8235	53
59.8235	53
59.8235	53
59.8236	53
59.8237	53
59.8239	53
60.281	53
60.2811	53
60.2811	53
60.2811	53
60.2812	53
60.2812	53
60.2815	53
61.8925	53
61.8925	53
61.8925	53
61.8926	53
61.8926	53
61.8926	53
61.8926	53
61.8927	53
61.893	53
61.893	53
61.893	53
62.386	53
62.386	53
62.386	53
62.3861	53
62.3861	53
62.3861	53
62.3861	53
62.3862	53
62.3869	53
62.3872	53
62.9128	53
62.9128	53
62.9128	53
62.9128	53
62.9129	53
62.9129	53
62.9129	53
62.9129	53
62.9131	53
62.9134	53
63.6701	53
63.6701	53
63.6701	53
63.6702	53
63.6702	53
63.6702	53
63.6705	53
63.6708	53
63.7899	53
63.7899	53
63.79	53
63.79	53
63.79	53
63.7901	53
63.7903	53
63.7905	53
63.7916	53
63.7918	53
63.9197	53
63.9197	53
63.9198	53
63.9198	53
63.9198	53
63.92	53
63.9202	53
63.9203	53
63.9204	53
63.9217	53
64.1456	53
64.1456	53
64.1456	53
64.1456	53
64.1456	53
64.1456	53
64.1459	53
64.1461	53
64.1483	53
64.5716	53
64.5716	53
64.5716	53
64.5716	53
64.5716	53
64.5718	53
64.5719	53
64.572	53
64.5721	53
64.6901	53
64.6901	53
64.6902	53
64.6903	53
64.6903	53
64.6903	53
64.6906	53
64.6908	53
64.6953	53
64.6957	53
64.6958	53
64.6959	53
64.7472	53
64.7472	53
64.7472	53
64.7472	53
64.7472	53
64.7473	53
64.7474	53
64.7474	53
64.7482	53
65.0495	53
65.0495	53
65.0495	53
65.0495	53
65.0496	53
65.0497	53
65.0498	53
65.0501	53
65.0508	53
65.1447	53
65.1447	53
65.1447	53
65.1447	53
65.1447	53
65.1448	53
65.1448	53
65.1449	53
65.1451	53
65.1462	53
65.1469	53
65.147	53
65.4161	53
65.4161	53
65.4161	53
65.4162	53
65.4162	53
65.4163	53
65.4164	53
65.4166	53
65.7075	53
65.7075	53
65.7076	53
65.7076	53
65.7076	53
65.7076	53
65.7077	53
65.7078	53
65.708	53
66.452	53
66.452	53
66.452	53
66.452	53
66.4521	53
66.4521	53
66.4523	53
66.4525	53
66.4526	53
66.454	53
66.4543	53
66.8633	53
66.8633	53
66.8633	53
66.8633	53
66.8634	53
66.8634	53
66.8634	53
66.8644	53
66.8648	53
66.9492	53
66.9492	53
66.9493	53
66.9493	53
66.9493	53
66.9494	53
66.9495	53
66.9497	53
66.9503	53
66.9503	53
66.9559	53
66.9574	53
66.9581	53
66.9583	53
67.2438	53
67.2438	53
67.2439	53
67.2439	53
67.244	53
67.2441	53
67.2442	53
67.2443	53
67.2444	53
67.8926	53
67.8926	53
67.8927	53
67.8927	53
67.8927	53
67.8927	53
67.8928	53
67.8938	53
67.8944	53
67.895	53
67.9383	53
67.9383	53
67.9383	53
67.9384	53
67.9384	53
67.9384	53
67.9384	53
67.9395	53
67.9398	53
67.9407	53
67.9983	53
67.9983	53
67.9984	53
67.9984	53
67.9984	53
67.9984	53
67.9986	53
67.999	53
67.9992	53
67.9994	53
68.311	53
68.3111	53
68.3111	53
68.3111	53
68.3111	53
68.3111	53
68.3114	53
68.3118	53
68.3119	53
68.312	53
69.2631	53
69.2631	53
69.2631	53
69.2631	53
69.2631	53
69.2633	53
69.2633	53
69.2633	53
69.2634	53
69.4658	53
69.4658	53
69.4658	53
69.4659	53
69.4659	53
69.466	53
69.4661	53
69.4661	53
69.4673	53
70.7638	53
70.7638	53
70.7638	53
70.764	53
70.764	53
70.764	53
70.7643	53
70.7646	53
70.7649	53
70.7651	53
70.7782	53
70.7782	53
70.7787	53
70.7794	53
71.094	53
71.0941	53
71.0941	53
71.0941	53
71.0941	53
71.0942	53
71.0943	53
71.095	53
71.095	53
71.8309	53
71.8309	53
71.831	53
71.831	53
71.831	53
71.8311	53
71.8312	53
71.8314	53
71.8316	53
72.5594	53
72.5594	53
72.5594	53
72.5594	53
72.5594	53
72.5595	53
72.5595	53
72.5596	53
73.1192	53
73.1192	53
73.1192	53
73.1193	53
73.1193	53
73.1193	53
73.1193	53
73.1215	53
73.1216	53
73.9462	53
73.9462	53
73.9462	53
73.9462	53
73.9462	53
73.9463	53
73.9463	53
73.9467	53
78.5354	53
78.5354	53
78.5354	53
78.5354	53
78.5355	53
78.5355	53
78.5355	53
78.5355	53
78.5355	53
78.5355	53
78.536	53
78.585	53
78.5851	53
78.5851	53
78.5851	53
78.5851	53
78.5851	53
78.5852	53
78.5852	53
78.5855	53
79.0034	53
79.0034	53
79.0034	53
79.0034	53
79.0034	53
79.0035	53
79.0035	53
79.0042	53
79.1344	53
79.1345	53
79.1345	53
79.1345	53
79.1345	53
79.1346	53
79.1347	53
79.1348	53
79.1349	53
79.1356	53
79.3536	53
79.3536	53
79.3537	53
79.3537	53
79.3537	53
79.3537	53
79.3539	53
79.3539	53
79.3539	53
79.8396	53
79.8396	53
79.8396	53
79.8397	53
79.8397	53
79.8397	53
79.8399	53
79.8401	53
79.8402	53
79.8403	53
79.9117	53
79.9117	53
79.9117	53
79.9118	53
79.9118	53
79.9118	53
79.9118	53
79.9119	53
79.9119	53
80.2438	53
80.2438	53
80.2439	53
80.2439	53
80.2439	53
80.2439	53
80.2439	53
80.2445	53
80.2468	53
80.2468	53
80.8914	53
80.8914	53
80.8914	53
80.8914	53
80.8914	53
80.8915	53
80.8915	53
80.8919	53
80.8937	53
81.4634	53
81.4634	53
81.4634	53
81.4635	53
81.4635	53
81.4636	53
81.4637	53
81.4638	53
81.5309	53
81.531	53
81.531	53
81.531	53
81.5311	53
81.5311	53
81.5311	53
81.5312	53
81.5316	53
81.5326	53
81.5328	53
82.434	53
82.434	53
82.4341	53
82.4341	53
82.4341	53
82.4342	53
82.4343	53
82.4359	53
82.4361	53
82.4362	53
82.457	53
82.457	53
82.457	53
82.4571	53
82.4571	53
82.4574	53
82.4585	53
84.8432	53
84.8433	53
84.8433	53
84.8433	53
84.8434	53
84.8434	53
84.8434	53
84.8436	53
84.8437	53
86.2084	53
86.2084	53
86.2084	53
86.2084	53
86.2084	53
86.2085	53
86.2085	53
86.2087	53
86.2099	53
86.6808	53
86.6808	53
86.6808	53
86.6808	53
86.6808	53
86.6809	53
86.6809	53
86.6809	53
86.6813	53
87.2027	53
87.2027	53
87.2028	53
87.2028	53
87.2028	53
87.2029	53
87.2029	53
87.203	53
87.203	53
87.2059	53
87.6597	53
87.6598	53
87.6598	53
87.6598	53
87.6598	53
87.6598	53
87.6599	53
87.66	53
87.6601	53
87.6658	53
87.6662	53
87.7181	53
87.7182	53
87.7182	53
87.7182	53
87.7182	53
87.7182	53
87.7183	53
87.7184	53
87.7193	53
87.7199	53
87.7269	53
87.7272	53
87.7272	53
87.7272	53
88.4352	53
88.4352	53
88.4352	53
88.4352	53
88.4352	53
88.4353	53
88.4355	53
88.4355	53
88.6782	53
88.6782	53
88.6782	53
88.6782	53
88.6782	53
88.6785	53
88.6788	53
88.6789	53
88.6794	53
89.3225	53
89.3225	53
89.3225	53
89.3225	53
89.3226	53
89.3226	53
89.3226	53
89.3226	53
89.3238	53
89.6469	53
89.6469	53
89.6469	53
89.647	53
89.647	53
89.647	53
89.647	53
89.647	53
89.6476	53
90.6049	53
90.6049	53
90.6049	53
90.605	53
90.605	53
90.605	53
90.6053	53
90.6059	53
90.606	53
90.9486	53
90.9487	53
90.9487	53
90.9487	53
90.9487	53
90.9489	53
90.949	53
90.9494	53
90.9502	53
90.9751	53
90.9751	53
90.9753	53
90.9754	53
90.9757	53
90.9765	53
90.9767	53
90.9768	53
92.5782	53
92.5782	53
92.5782	53
92.5783	53
92.5783	53
92.5784	53
92.5784	53
92.5798	53
92.5801	53
93.1141	53
93.1141	53
93.1141	53
93.1141	53
93.1141	53
93.1142	53
93.1142	53
93.1143	53
93.1146	53
95.0056	53
95.0056	53
95.0056	53
95.0056	53
95.0057	53
95.0057	53
95.0059	53
95.006	53
95.0061	53
95.0063	53
95.1336	53
95.1336	53
95.1336	53
95.1336	53
95.1336	53
95.1337	53
95.1337	53
95.1337	53
95.1339	53
95.2435	53
95.2435	53
95.2436	53
95.2436	53
95.2436	53
95.2437	53
95.2438	53
95.2439	53
95.2439	53
95.2441	53
95.3291	53
95.3291	53
95.3292	53
95.3292	53
95.3293	53
95.3293	53
95.3293	53
95.3294	53
95.3294	53
95.3296	53
95.6842	53
95.6842	53
95.6843	53
95.6843	53
95.6844	53
95.6844	53
95.6845	53
95.6848	53
96.7609	53
96.7609	53
96.7609	53
96.7609	53
96.761	53
96.761	53
96.7612	53
96.7613	53
96.7614	53
98.4252	53
98.4252	53
98.4252	53
98.4252	53
98.4252	53
98.4253	53
98.4254	53
98.4255	53
98.4258	53
98.4261	53
98.4546	53
98.4547	53
98.4559	53
98.9674	53
98.9674	53
98.9674	53
98.9675	53
98.9675	53
98.9675	53
98.9677	53
98.9677	53
98.9689	53
98.9708	53
98.9708	53
99.1275	53
99.1275	53
99.1275	53
99.1275	53
99.1275	53
99.1275	53
99.1277	53
99.1277	53
99.1292	53
99.4015	53
99.4016	53
99.4016	53
99.4016	53
99.4016	53
99.4016	53
99.4017	53
99.4019	53
99.4026	53
99.5832	53
99.5832	53
99.5833	53
99.5833	53
99.5833	53
99.5833	53
99.5837	53
99.5844	53
99.585	53
99.9018	53
99.9018	53
99.9019	53
99.9019	53
99.902	53
99.902	53
99.9021	53
99.9022	53
99.9031	53
99.9033	53
99.9627	53
99.9627	53
99.9627	53
99.9627	53
99.9627	53
99.9627	53
99.9628	53
99.9628	53
