5.56501e-11	0
9.36873e-11	1
1.71763e-10	2
2.24823e-10	3
2.30359e-10	4
2.52769e-10	5
3.63761e-10	6
4.40036e-10	7
5.7726e-10	8
6.32503e-10	9
6.50781e-10	10
6.69443e-10	11
6.89183e-10	12
7.66352e-10	13
7.68775e-10	13
8.85984e-10	14
1.12862e-09	15
1.15502e-09	16
1.20587e-09	17
1.29242e-09	18
1.30691e-09	19
1.43275e-09	20
1.51132e-09	21
1.53711e-09	22
1.56754e-09	23
1.75167e-09	24
1.76489e-09	25
1.83754e-09	26
1.94403e-09	27
1.96981e-09	28
2.07839e-09	29
2.45211e-09	29
2.45696e-09	30
2.53366e-09	31
2.57627e-09	32
2.79493e-09	33
2.92307e-09	34
3.21964e-09	35
3.56364e-09	36
3.75829e-09	37
4.18477e-09	38
4.18514e-09	39
4.87089e-09	40
4.99835e-09	40
5.05128e-09	41
5.53839e-09	41
5.67801e-09	42
5.96622e-09	43
7.5654e-09	44
9.3984e-09	44
1.06927e-08	45
1.23984e-08	46
1.25643e-08	46
1.31387e-08	46
1.42893e-08	47
1.89201e-08	47
2.07515e-08	47
2.35577e-08	47
2.78422e-08	47
2.84338e-08	47
3.10672e-08	47
3.26336e-08	47
3.86254e-08	47
4.18485e-08	47
4.81038e-08	47
4.99022e-08	47
5.49886e-08	47
5.52583e-08	47
5.62991e-08	47
6.03633e-08	47
6.33349e-08	47
6.36149e-08	47
6.41962e-08	47
6.63836e-08	47
6.70403e-08	47
6.82694e-08	47
7.45503e-08	47
7.64838e-08	47
8.49408e-08	47
8.72355e-08	47
9.17311e-08	47
9.528e-08	47
1.0155e-07	47
1.05686e-07	47
1.09776e-07	47
1.14052e-07	47
1.16508e-07	47
1.2079e-07	47
1.21759e-07	47
1.36702e-07	47
1.3711e-07	47
1.38826e-07	47
1.45673e-07	47
1.52439e-07	47
1.52467e-07	47
1.55336e-07	47
1.5891e-07	47
1.65475e-07	47
1.69531e-07	47
1.76489e-07	47
1.83335e-07	47
1.85182e-07	47
1.85381e-07	47
1.90341e-07	47
1.94804e-07	47
2.00259e-07	47
2.05465e-07	47
2.06311e-07	47
2.16195e-07	47
2.22101e-07	47
2.36432e-07	47
2.50748e-07	47
2.54583e-07	47
2.5485e-07	47
2.57831e-07	47
2.62305e-07	47
2.63598e-07	47
2.75861e-07	47
2.81668e-07	47
2.93052e-07	47
3.05497e-07	47
3.06641e-07	47
3.18601e-07	47
3.30107e-07	47
3.32024e-07	47
3.35705e-07	47
3.3963e-07	47
3.40956e-07	47
3.43198e-07	47
3.45377e-07	47
3.50741e-07	47
3.53447e-07	47
3.56288e-07	47
3.5785e-07	47
3.66439e-07	47
3.85476e-07	47
3.89107e-07	47
3.92659e-07	47
3.99564e-07	47
4.01822e-07	47
4.0568e-07	47
4.08667e-07	47
4.0912e-07	47
4.09404e-07	47
4.09429e-07	47
4.20845e-07	47
4.21712e-07	47
4.28936e-07	47
4.32786e-07	47
4.38401e-07	47
4.39493e-07	47
4.47398e-07	47
4.47643e-07	47
4.48005e-07	47
4.55975e-07	47
4.63884e-07	47
4.71645e-07	47
4.78052e-07	47
4.89606e-07	47
4.92701e-07	47
4.9632e-07	47
5.01344e-07	47
5.24555e-07	47
5.25801e-07	47
5.28706e-07	47
5.35059e-07	47
5.35735e-07	47
5.36756e-07	47
5.42657e-07	47
5.53604e-07	47
5.57386e-07	47
5.59165e-07	47
5.70776e-07	47
5.75764e-07	47
5.78236e-07	47
5.83653e-07	47
5.88606e-07	47
5.96659e-07	47
6.01324e-07	47
6.16349e-07	47
6.20792e-07	47
6.33465e-07	47
6.60534e-07	47
6.69369e-07	47
6.82082e-07	47
7.18028e-07	47
7.18545e-07	47
7.24507e-07	47
7.28198e-07	47
7.51832e-07	47
7.55425e-07	47
7.64416e-07	47
7.68723e-07	47
7.72278e-07	47
7.91022e-07	47
7.97424e-07	47
8.10398e-07	47
8.24218e-07	47
8.34277e-07	47
8.39691e-07	47
8.52897e-07	47
8.61613e-07	47
9.11227e-07	47
9.29648e-07	47
9.37477e-07	47
9.50709e-07	47
9.53109e-07	47
9.59612e-07	47
9.62949e-07	47
9.64094e-07	47
9.67226e-07	47
9.69341e-07	47
1.00974e-06	47
1.0122e-06	47
1.01531e-06	47
1.02128e-06	47
1.03424e-06	47
1.03499e-06	47
1.04431e-06	47
1.04666e-06	47
1.04684e-06	47
1.05895e-06	47
1.06026e-06	47
1.06062e-06	47
1.07157e-06	47
1.07367e-06	47
1.07837e-06	47
1.08284e-06	47
1.08781e-06	47
1.10753e-06	47
1.11428e-06	47
1.12426e-06	47
1.12948e-06	47
1.17586e-06	47
1.18512e-06	47
1.20139e-06	47
1.20726e-06	47
1.21071e-06	47
1.21966e-06	47
1.22435e-06	47
1.2574e-06	47
1.25825e-06	47
1.25986e-06	47
1.28024e-06	47
1.28547e-06	47
1.29631e-06	47
1.30304e-06	47
1.30465e-06	47
1.31252e-06	47
1.32231e-06	47
1.32885e-06	47
1.33811e-06	47
1.33979e-06	47
1.34072e-06	47
1.34192e-06	47
1.36781e-06	47
1.38611e-06	47
1.39255e-06	47
1.39935e-06	47
1.40711e-06	47
1.4083e-06	47
1.41085e-06	47
1.43284e-06	47
1.44296e-06	47
1.45353e-06	47
1.46996e-06	47
1.51259e-06	47
1.53318e-06	47
1.58213e-06	47
1.5849e-06	47
1.5895e-06	47
1.59108e-06	47
1.60621e-06	47
1.61916e-06	47
1.62662e-06	47
1.71354e-06	47
1.72139e-06	47
1.72291e-06	47
1.74321e-06	47
1.7439e-06	47
1.77471e-06	47
1.78627e-06	47
1.7973e-06	47
1.83483e-06	47
1.88423e-06	47
1.89777e-06	47
1.89958e-06	47
1.91788e-06	47
1.93578e-06	47
1.9811e-06	47
1.98809e-06	47
1.99697e-06	47
2.05883e-06	47
2.06701e-06	47
2.10266e-06	47
2.108e-06	47
2.16467e-06	47
2.18184e-06	47
2.25683e-06	47
2.26794e-06	47
2.27028e-06	47
2.28852e-06	47
2.32177e-06	47
2.35386e-06	47
2.4209e-06	47
2.42683e-06	47
2.43621e-06	47
2.46226e-06	47
2.48884e-06	47
2.5779e-06	47
2.58362e-06	47
2.59778e-06	47
2.61943e-06	47
2.66214e-06	47
2.70598e-06	47
2.73352e-06	47
2.73659e-06	47
2.76957e-06	47
2.84551e-06	47
2.88444e-06	47
2.89666e-06	47
2.91989e-06	47
3.01465e-06	47
3.03521e-06	47
3.0587e-06	47
3.07637e-06	47
3.08186e-06	47
3.11985e-06	47
3.1486e-06	47
3.15996e-06	47
3.16921e-06	47
3.17739e-06	47
3.19494e-06	47
3.25116e-06	47
3.26814e-06	47
3.27883e-06	47
3.29794e-06	47
3.37229e-06	47
3.43792e-06	47
3.45197e-06	47
3.46663e-06	47
3.5209e-06	47
3.59105e-06	47
3.64733e-06	47
3.76731e-06	47
3.83903e-06	47
4.04379e-06	47
4.1185e-06	47
4.13716e-06	47
4.18741e-06	47
4.23288e-06	47
4.26413e-06	47
4.3752e-06	47
4.38096e-06	47
4.51229e-06	47
4.77302e-06	47
4.77736e-06	47
4.84088e-06	47
4.8467e-06	47
4.85954e-06	47
4.97098e-06	47
5.04366e-06	47
5.05836e-06	47
5.0969e-06	47
5.12091e-06	47
5.15464e-06	47
5.42708e-06	47
5.52359e-06	47
5.59523e-06	47
5.66902e-06	47
6.03098e-06	47
6.20697e-06	47
6.26344e-06	47
6.4866e-06	47
6.66242e-06	47
6.79398e-06	47
7.0185e-06	47
7.0538e-06	47
7.2111e-06	47
7.2935e-06	47
7.37211e-06	47
7.37796e-06	47
7.4005e-06	47
7.43895e-06	47
7.53803e-06	47
7.61858e-06	47
7.62696e-06	47
7.6634e-06	47
7.77436e-06	47
7.80143e-06	47
8.1622e-06	47
8.29685e-06	47
8.33814e-06	47
8.40344e-06	47
8.43251e-06	47
8.645e-06	47
8.66634e-06	47
8.80708e-06	47
8.88633e-06	47
8.98799e-06	47
9.06799e-06	47
9.14242e-06	47
9.16497e-06	47
9.24677e-06	47
9.27284e-06	47
9.27771e-06	47
9.29049e-06	47
9.30916e-06	47
9.35095e-06	47
9.39923e-06	47
9.43405e-06	47
9.60957e-06	47
9.68523e-06	47
9.77371e-06	47
9.80925e-06	47
9.93263e-06	47
1.00236e-05	47
1.00823e-05	47
1.00983e-05	47
1.02501e-05	47
1.03729e-05	47
1.03834e-05	47
1.06411e-05	47
1.06545e-05	47
1.06921e-05	47
1.07442e-05	47
1.07784e-05	47
1.08861e-05	47
1.08931e-05	47
1.09453e-05	47
1.11441e-05	47
1.11688e-05	47
1.13096e-05	47
1.13102e-05	47
1.15832e-05	47
1.19263e-05	47
1.21183e-05	47
1.21494e-05	47
1.24609e-05	47
1.25758e-05	47
1.26071e-05	47
1.27705e-05	47
1.28788e-05	47
1.30808e-05	47
1.32133e-05	47
1.34053e-05	47
1.34136e-05	47
1.35145e-05	47
1.35298e-05	47
1.3544e-05	47
1.36903e-05	47
1.37768e-05	47
1.38016e-05	47
1.38136e-05	47
1.38621e-05	47
1.40884e-05	47
1.41909e-05	47
1.42968e-05	47
1.4378e-05	47
1.44073e-05	47
1.45172e-05	47
1.45226e-05	47
1.4636e-05	47
1.46929e-05	47
1.47665e-05	47
1.50112e-05	47
1.51419e-05	47
1.52448e-05	47
1.53348e-05	47
1.56082e-05	47
1.59238e-05	47
1.59524e-05	47
1.59554e-05	47
1.60755e-05	47
1.63485e-05	47
1.63644e-05	47
1.64466e-05	47
1.65053e-05	47
1.68911e-05	47
1.69496e-05	47
1.70458e-05	47
1.71779e-05	47
1.72986e-05	47
1.73289e-05	47
1.73696e-05	47
1.76358e-05	47
1.76867e-05	47
1.77669e-05	47
1.77779e-05	47
1.78457e-05	47
1.79923e-05	47
1.84769e-05	47
1.84946e-05	47
1.85636e-05	47
1.86551e-05	47
1.86927e-05	47
1.87223e-05	47
1.88507e-05	47
1.88719e-05	47
1.89772e-05	47
1.89859e-05	47
1.90853e-05	47
1.91153e-05	47
1.91491e-05	47
1.9258e-05	47
1.93051e-05	47
1.94905e-05	47
1.94925e-05	47
1.9664e-05	47
1.97111e-05	47
1.97844e-05	47
1.98134e-05	47
1.98499e-05	47
1.99636e-05	47
2.00107e-05	47
2.02359e-05	47
2.03247e-05	47
2.03741e-05	47
2.03948e-05	47
2.04048e-05	47
2.05652e-05	47
2.07185e-05	47
2.07788e-05	47
2.08343e-05	47
2.10302e-05	47
2.10966e-05	47
2.11209e-05	47
2.12381e-05	47
2.13561e-05	47
2.13679e-05	47
2.18206e-05	47
2.2028e-05	47
2.2364e-05	47
2.23948e-05	47
2.24708e-05	47
2.28652e-05	47
2.34218e-05	47
2.34685e-05	47
2.36145e-05	47
2.36893e-05	47
2.3698e-05	47
2.37157e-05	47
2.39652e-05	47
2.40026e-05	47
2.43208e-05	47
2.45106e-05	47
2.45739e-05	47
2.45779e-05	47
2.48212e-05	47
2.50404e-05	47
2.51162e-05	47
2.52084e-05	47
2.53168e-05	47
2.53796e-05	47
2.5399e-05	47
2.54595e-05	47
2.5471e-05	47
2.54785e-05	47
2.55003e-05	47
2.59234e-05	47
2.59235e-05	47
2.60431e-05	47
2.62448e-05	47
2.63046e-05	47
2.636e-05	47
2.65056e-05	47
2.66254e-05	47
2.66413e-05	47
2.66839e-05	47
2.67228e-05	47
2.67483e-05	47
2.69485e-05	47
2.71433e-05	47
2.73074e-05	47
2.73789e-05	47
2.73892e-05	47
2.74387e-05	47
2.75549e-05	47
2.757e-05	47
2.76303e-05	47
2.76987e-05	47
2.77712e-05	47
2.79714e-05	47
2.80461e-05	47
2.81229e-05	47
2.82667e-05	47
2.83435e-05	47
2.83592e-05	47
2.85123e-05	47
2.85204e-05	47
2.85286e-05	47
2.86625e-05	47
2.87835e-05	47
2.88362e-05	47
2.88567e-05	47
2.90241e-05	47
2.90568e-05	47
2.91456e-05	47
2.9201e-05	47
2.94373e-05	47
2.94419e-05	47
2.95198e-05	47
2.9551e-05	47
2.96689e-05	47
2.97183e-05	47
2.97727e-05	47
3.00153e-05	47
3.00381e-05	47
3.0138e-05	47
3.03818e-05	47
3.03928e-05	47
3.04532e-05	47
3.04882e-05	47
3.07099e-05	47
3.07261e-05	47
3.08622e-05	47
3.08722e-05	47
3.08839e-05	47
3.1035e-05	47
3.11036e-05	47
3.11618e-05	47
3.11683e-05	47
3.13718e-05	47
3.14904e-05	47
3.14952e-05	47
3.16141e-05	47
3.16704e-05	47
3.17455e-05	47
3.21378e-05	47
3.24105e-05	47
3.24588e-05	47
3.24636e-05	47
3.26674e-05	47
3.27049e-05	47
3.27806e-05	47
3.2784e-05	47
3.28283e-05	47
3.29561e-05	47
3.33858e-05	47
3.35976e-05	47
3.38322e-05	47
3.38449e-05	47
3.38907e-05	47
3.39124e-05	47
3.39727e-05	47
3.41671e-05	47
3.4248e-05	47
3.4286e-05	47
3.43915e-05	47
3.48503e-05	47
3.48908e-05	47
3.49921e-05	47
3.50516e-05	47
3.5072e-05	47
3.50918e-05	47
3.53334e-05	47
3.54748e-05	47
3.55148e-05	47
3.55345e-05	47
3.57211e-05	47
3.57648e-05	47
3.59605e-05	47
3.5982e-05	47
3.603e-05	47
3.62086e-05	47
3.62136e-05	47
3.66031e-05	47
3.66416e-05	47
3.66653e-05	47
3.66771e-05	47
3.67657e-05	47
3.68193e-05	47
3.68774e-05	47
3.68787e-05	47
3.69927e-05	47
3.7111e-05	47
3.71333e-05	47
3.728e-05	47
3.73758e-05	47
3.73831e-05	47
3.74052e-05	47
3.74382e-05	47
3.78572e-05	47
3.78641e-05	47
3.7975e-05	47
3.81047e-05	47
3.81881e-05	47
3.82601e-05	47
3.83567e-05	47
3.83759e-05	47
3.84043e-05	47
3.91415e-05	47
3.93374e-05	47
3.95146e-05	47
3.95442e-05	47
3.95839e-05	47
3.95981e-05	47
3.96185e-05	47
3.978e-05	47
3.9846e-05	47
3.98942e-05	47
4.01058e-05	47
4.02266e-05	47
4.02539e-05	47
4.04163e-05	47
4.04915e-05	47
4.06998e-05	47
4.07244e-05	47
4.09662e-05	47
4.10705e-05	47
4.11567e-05	47
4.14754e-05	47
4.14772e-05	47
4.15359e-05	47
4.18063e-05	47
4.19571e-05	47
4.22144e-05	47
4.22502e-05	47
4.2515e-05	47
4.28306e-05	47
4.2968e-05	47
4.30576e-05	47
4.30609e-05	47
4.31444e-05	47
4.34253e-05	47
4.34685e-05	47
4.34735e-05	47
4.37271e-05	47
4.3905e-05	47
4.39933e-05	47
4.40134e-05	47
4.40886e-05	47
4.44032e-05	47
4.44619e-05	47
4.47214e-05	47
4.49359e-05	47
4.49516e-05	47
4.49774e-05	47
4.5246e-05	47
4.52667e-05	47
4.53171e-05	47
4.57312e-05	47
4.57365e-05	47
4.5963e-05	47
4.60176e-05	47
4.61049e-05	47
4.61299e-05	47
4.61582e-05	47
4.62137e-05	47
4.62335e-05	47
4.6312e-05	47
4.64182e-05	47
4.67088e-05	47
4.67434e-05	47
4.685e-05	47
4.72183e-05	47
4.72412e-05	47
4.7386e-05	47
4.78529e-05	47
4.7979e-05	47
4.82245e-05	47
4.89269e-05	47
4.89896e-05	47
4.91029e-05	47
4.91127e-05	47
4.91595e-05	47
4.92015e-05	47
4.92666e-05	47
4.93418e-05	47
4.94781e-05	47
4.99204e-05	47
4.99737e-05	47
5.01119e-05	47
5.0612e-05	47
5.07447e-05	47
5.13147e-05	47
5.20686e-05	47
5.21619e-05	47
5.2273e-05	47
5.23523e-05	47
5.26282e-05	47
5.28478e-05	47
5.28998e-05	47
5.29318e-05	47
5.31016e-05	47
5.328e-05	47
5.36832e-05	47
5.39381e-05	47
5.40071e-05	47
5.40888e-05	47
5.41974e-05	47
5.43084e-05	47
5.45793e-05	47
5.46327e-05	47
5.49765e-05	47
5.51183e-05	47
5.51621e-05	47
5.57629e-05	47
5.58878e-05	47
5.60293e-05	47
5.60358e-05	47
5.60709e-05	47
5.60835e-05	47
5.61913e-05	47
5.6416e-05	47
5.65259e-05	47
5.66316e-05	47
5.69194e-05	47
5.69379e-05	47
5.69506e-05	47
5.69652e-05	47
5.70739e-05	47
5.72778e-05	47
5.76239e-05	47
5.77427e-05	47
5.79647e-05	47
5.8033e-05	47
5.814e-05	47
5.81969e-05	47
5.8303e-05	47
5.87885e-05	47
5.93211e-05	47
5.94055e-05	47
5.94508e-05	47
5.94575e-05	47
5.98215e-05	47
5.98346e-05	47
5.99214e-05	47
5.9949e-05	47
6.01088e-05	47
6.03847e-05	47
6.06221e-05	47
6.08608e-05	47
6.09746e-05	47
6.12133e-05	47
6.12877e-05	47
6.13514e-05	47
6.14517e-05	47
6.15613e-05	47
6.15688e-05	47
6.15747e-05	47
6.21202e-05	47
6.22606e-05	47
6.23899e-05	47
6.24567e-05	47
6.24759e-05	47
6.26016e-05	47
6.28785e-05	47
6.29345e-05	47
6.30461e-05	47
6.30688e-05	47
6.30799e-05	47
6.31666e-05	47
6.32844e-05	47
6.33214e-05	47
6.35803e-05	47
6.36484e-05	47
6.3915e-05	47
6.40115e-05	47
6.40296e-05	47
6.42018e-05	47
6.43461e-05	47
6.4355e-05	47
6.46342e-05	47
6.48958e-05	47
6.48974e-05	47
6.50079e-05	47
6.52046e-05	47
6.54091e-05	47
6.54157e-05	47
6.54752e-05	47
6.57784e-05	47
6.62242e-05	47
6.63225e-05	47
6.64834e-05	47
6.65339e-05	47
6.66294e-05	47
6.67712e-05	47
6.69838e-05	47
6.70343e-05	47
6.70765e-05	47
6.73291e-05	47
6.74962e-05	47
6.77949e-05	47
6.83282e-05	47
6.8447e-05	47
6.87204e-05	47
6.87925e-05	47
6.88394e-05	47
6.8845e-05	47
6.88905e-05	47
6.90547e-05	47
6.93507e-05	47
6.96569e-05	47
6.9853e-05	47
6.99283e-05	47
7.01375e-05	47
7.01459e-05	47
7.05446e-05	47
7.06534e-05	47
7.07903e-05	47
7.08253e-05	47
7.08716e-05	47
7.10562e-05	47
7.12354e-05	47
7.1262e-05	47
7.12865e-05	47
7.16002e-05	47
7.17275e-05	47
7.18908e-05	47
7.258e-05	47
7.27028e-05	47
7.29727e-05	47
7.30285e-05	47
7.33974e-05	47
7.35598e-05	47
7.40094e-05	47
7.40144e-05	47
7.41351e-05	47
7.4242e-05	47
7.437e-05	47
7.44218e-05	47
7.44459e-05	47
7.44605e-05	47
7.46215e-05	47
7.47521e-05	47
7.52247e-05	47
7.58706e-05	47
7.59574e-05	47
7.61943e-05	47
7.62097e-05	47
7.63884e-05	47
7.65352e-05	47
7.66614e-05	47
7.67728e-05	47
7.67853e-05	47
7.69692e-05	47
7.71359e-05	47
7.71729e-05	47
7.75617e-05	47
7.76299e-05	47
7.77586e-05	47
7.84465e-05	47
7.86375e-05	47
7.86586e-05	47
7.86852e-05	47
7.88408e-05	47
7.90624e-05	47
7.91476e-05	47
7.95358e-05	47
7.97067e-05	47
7.99592e-05	47
8.01037e-05	47
8.0149e-05	47
8.01734e-05	47
8.02778e-05	47
8.06966e-05	47
8.08416e-05	47
8.09572e-05	47
8.11649e-05	47
8.12072e-05	47
8.14366e-05	47
8.209e-05	47
8.24805e-05	47
8.2534e-05	47
8.30175e-05	47
8.30181e-05	47
8.32222e-05	47
8.33725e-05	47
8.35856e-05	47
8.37163e-05	47
8.415e-05	47
8.42469e-05	47
8.42611e-05	47
8.43029e-05	47
8.47107e-05	47
8.48221e-05	47
8.4825e-05	47
8.50868e-05	47
8.53103e-05	47
8.53485e-05	47
8.55901e-05	47
8.58823e-05	47
8.60264e-05	47
8.60774e-05	47
8.61167e-05	47
8.62055e-05	47
8.64177e-05	47
8.66403e-05	47
8.66606e-05	47
8.67739e-05	47
8.68699e-05	47
8.7038e-05	47
8.73161e-05	47
8.73846e-05	47
8.74912e-05	47
8.7535e-05	47
8.7759e-05	47
8.81592e-05	47
8.86344e-05	47
8.86551e-05	47
8.86667e-05	47
8.87514e-05	47
8.87711e-05	47
8.89894e-05	47
8.92126e-05	47
8.92311e-05	47
8.92844e-05	47
8.94326e-05	47
8.94909e-05	47
8.97046e-05	47
8.97321e-05	47
8.98605e-05	47
9.0009e-05	47
9.05201e-05	47
9.07633e-05	47
9.09819e-05	47
9.11261e-05	47
9.12175e-05	47
9.12367e-05	47
9.14391e-05	47
9.22278e-05	47
9.23591e-05	47
9.28133e-05	47
9.31244e-05	47
9.32038e-05	47
9.32415e-05	47
9.34051e-05	47
9.39704e-05	47
9.49168e-05	47
9.5142e-05	47
9.53277e-05	47
9.54075e-05	47
9.6143e-05	47
9.62576e-05	47
9.64532e-05	47
9.67951e-05	47
9.72424e-05	47
9.73829e-05	47
9.76124e-05	47
9.76334e-05	47
9.78585e-05	47
9.85548e-05	47
9.87179e-05	47
9.89841e-05	47
9.90479e-05	47
9.94129e-05	47
9.96179e-05	47
9.96765e-05	47
9.98522e-05	47
0.000100129	47
0.000100781	47
0.000101038	47
0.000101089	47
0.000101486	47
0.000101796	47
0.000101984	47
0.000102064	47
0.000102945	47
0.000103032	47
0.000103064	47
0.000103214	47
0.00010358	47
0.000103675	47
0.000104311	47
0.000104416	47
0.000104645	47
0.000104772	47
0.000105155	47
0.000105338	47
0.000105547	47
0.000105651	47
0.000105784	47
0.000105978	47
0.00010652	47
0.000106862	47
0.000107364	47
0.000108376	47
0.000108923	47
0.000109048	47
0.000109754	47
0.000109793	47
0.000109964	47
0.000110461	47
0.000110612	47
0.000111331	47
0.000111677	47
0.000111694	47
0.000112138	47
0.00011234	47
0.000112406	47
0.000112696	47
0.000112748	47
0.000113312	47
0.000113437	47
0.000113767	47
0.000114374	47
0.000114511	47
0.000114535	47
0.000114934	47
0.000114953	47
0.000115173	47
0.000115306	47
0.000115377	47
0.000115495	47
0.000115525	47
0.000115949	47
0.000115954	47
0.000115994	47
0.00011607	47
0.000116496	47
0.000116713	47
0.000117216	47
0.00011748	47
0.000117722	47
0.00011812	47
0.000119138	47
0.000119318	47
0.000119478	47
0.00011983	47
0.000119853	47
0.000120179	47
0.000120349	47
0.000121035	47
0.000121858	47
0.000122736	47
0.000123424	47
0.000123699	47
0.000124282	47
0.000124412	47
0.000124698	47
0.000125266	47
0.000125634	47
0.000125703	47
0.000125926	47
0.000126029	47
0.000126376	47
0.000126579	47
0.000126725	47
0.00012676	47
0.000126815	47
0.00012686	47
0.000126993	47
0.00012702	47
0.00012718	47
0.000127329	47
0.000127531	47
0.000127637	47
0.000127694	47
0.000128249	47
0.000128506	47
0.000128867	47
0.000129171	47
0.000129805	47
0.000130659	47
0.0001309	47
0.000131056	47
0.000131069	47
0.000131185	47
0.000131587	47
0.000132299	47
0.00013233	47
0.000132969	47
0.000133471	47
0.000134325	47
0.000134711	47
0.000134788	47
0.000136136	47
0.000137463	47
0.000137541	47
0.000137666	47
0.000138458	47
0.000138469	47
0.000139231	47
0.000139914	47
0.000140161	47
0.000140575	47
0.000140655	47
0.000140846	47
0.000141828	47
0.000142045	47
0.000142214	47
0.000142364	47
0.000142747	47
0.00014276	47
0.000142812	47
0.00014293	47
0.000142995	47
0.000143212	47
0.000143723	47
0.000143733	47
0.000143749	47
0.000143965	47
0.000144423	47
0.000144501	47
0.000144858	47
0.000144897	47
0.000145054	47
0.000145097	47
0.000145468	47
0.000145592	47
0.000145839	47
0.000146275	47
0.000146761	47
0.000146909	47
0.000147146	47
0.000147265	47
0.00014881	47
0.000149296	47
0.000149392	47
0.000149642	47
0.00015064	47
0.000150883	47
0.000151405	47
0.000151853	47
0.000152625	47
0.000153083	47
0.000154026	47
0.000154627	47
0.000154637	47
0.000155861	47
0.000155913	47
0.000156317	47
0.00015643	47
0.000156437	47
0.000157561	47
0.000157632	47
0.000157808	47
0.000157858	47
0.000157886	47
0.00015792	47
0.000158193	47
0.000158457	47
0.000158541	47
0.000158992	47
0.000159028	47
0.000159201	47
0.000159535	47
0.000160234	47
0.000161547	47
0.000162281	47
0.000163037	47
0.000163207	47
0.000163678	47
0.000163784	47
0.000164457	47
0.000164641	47
0.000164674	47
0.000165376	47
0.000165583	47
0.00016645	47
0.000167334	47
0.000168683	47
0.000168856	47
0.000170014	47
0.000170575	47
0.000170763	47
0.000171723	47
0.000171839	47
0.000171871	47
0.000173214	47
0.000173801	47
0.000174537	47
0.000176274	47
0.000176469	47
0.000177486	47
0.000177842	47
0.000178506	47
0.000182519	47
0.000185356	47
0.00018583	47
0.000187956	47
0.000188517	47
0.000189256	47
0.000189852	47
0.000190383	47
0.000190507	47
0.000192442	47
0.000193405	47
0.000194058	47
0.000194201	47
0.000194775	47
0.000195171	47
0.000195179	47
0.000195194	47
0.000196094	47
0.000196163	47
0.000197113	47
0.000197505	47
0.000198933	47
0.000199374	47
0.000200247	47
0.000201927	47
0.000202015	47
0.000202455	47
0.0002026	47
0.000204104	47
0.000205583	47
0.000205689	47
0.000205802	47
0.000207187	47
0.000207565	47
0.000209539	47
0.000209617	47
0.000209788	47
0.000211211	47
0.000215311	47
0.000216313	47
0.00021785	47
0.000218112	47
0.000218126	47
0.00021835	47
0.00021948	47
0.000219487	47
0.000224093	47
0.000224456	47
0.000226256	47
0.000228369	47
0.000228881	47
0.000230652	47
0.000231208	47
0.000232183	47
0.000232332	47
0.000233001	47
0.000233602	47
0.000233834	47
0.000235849	47
0.000236415	47
0.000238299	47
0.000239812	47
0.000240878	47
0.000244087	47
0.00024616	47
0.000247328	47
0.000249293	47
0.000249361	47
0.000249684	47
0.000252094	47
0.000253528	47
0.000253674	47
0.000254783	47
0.000255145	47
0.000255925	47
0.000256268	47
0.000257263	47
0.000257883	47
0.000261436	47
0.000261594	47
0.000261643	47
0.000262318	47
0.000262435	47
0.000265333	47
0.000266986	47
0.000267761	47
0.000269315	47
0.000269651	47
0.000272312	47
0.000273281	47
0.000276466	47
0.000276747	47
0.00027699	47
0.000278694	47
0.000279554	47
0.000280383	47
0.000281551	47
0.00028203	47
0.000283519	47
0.000285995	47
0.000286159	47
0.000286268	47
0.000287189	47
0.000288294	47
0.000289414	47
0.000289459	47
0.000289742	47
0.000291365	47
0.000292047	47
0.000292426	47
0.00029338	47
0.000293506	47
0.000294684	47
0.000294864	47
0.000296224	47
0.000299188	47
0.000301272	47
0.000301413	47
0.000302312	47
0.000303784	47
0.000304615	47
0.00030486	47
0.000306481	47
0.000309513	47
0.00031508	47
0.000316775	47
0.000319214	47
0.000322524	47
0.000322807	47
0.000324625	47
0.000326264	47
0.000332507	47
0.000334642	47
0.000335234	47
0.000335693	47
0.000337427	47
0.00033759	47
0.000339765	47
0.000340205	47
0.000341969	47
0.00034612	47
0.000351638	47
0.000352471	47
0.00035359	47
0.000354764	47
0.000355809	47
0.000359972	47
0.000364289	47
0.000367642	47
0.000367827	47
0.000374607	47
0.000377731	47
0.000381257	47
0.000385056	47
0.000385247	47
0.000392313	47
0.0003938	47
0.000394913	47
0.000396109	47
0.000400526	47
0.000400755	47
0.000400945	47
0.000404444	47
0.000411	47
0.000417296	47
0.000417357	47
0.000426167	47
0.000427604	47
0.00042998	47
0.000430251	47
0.000430411	47
0.000431169	47
0.000431765	47
0.000434803	47
0.000438141	47
0.000441663	47
0.000448192	47
0.000449029	47
0.000450944	47
0.000458241	47
0.000465232	47
0.000475996	47
0.000478892	47
0.000486124	47
0.000488372	47
0.000491465	47
0.00049179	47
0.000492892	47
0.000494138	47
0.000500415	47
0.000509244	47
0.000513909	47
0.000523732	47
0.000527803	47
0.000530333	47
0.00053076	47
0.000533184	47
0.000543567	47
0.000551072	47
0.000555235	47
0.000559478	47
0.00055955	47
0.00056024	47
0.000562825	47
0.000571882	47
0.000573698	47
0.000574209	47
0.000587366	47
0.000588344	47
0.000589215	47
0.000601659	47
0.000632255	47
0.000639036	47
0.00064672	47
0.000652639	47
0.000652945	47
0.000662454	47
0.00066504	47
0.000670832	47
0.000671592	47
0.000679797	47
0.000692619	47
0.00071622	47
0.000720077	47
0.000729305	47
0.000730295	47
0.000735808	47
0.000737757	47
0.000759905	47
0.000768055	47
0.000785331	47
0.00079467	47
0.00082022	47
0.000820221	47
0.000820863	47
0.000841989	47
0.000847771	47
0.000865469	47
0.00090573	47
0.00091539	47
0.000920001	47
0.000926583	47
0.000938375	47
0.000954064	47
0.000954554	47
0.000976477	47
0.00100725	47
0.00103414	47
0.00104691	47
0.00105778	47
0.00105977	47
0.00111014	47
0.0011498	47
0.00118207	47
0.00124709	47
0.00128283	47
0.00128984	47
0.00140875	47
0.00154336	47
0.00311835	47
0.00665584	47
0.00665666	47
0.0066575	47
0.00666077	47
0.00666097	47
0.0066624	47
0.00668203	47
0.016053	47
0.0160532	47
0.0160533	47
0.0160535	47
0.0160536	47
0.0160538	47
0.0160538	47
0.0160547	47
0.0160547	47
0.0160548	47
0.0160549	47
0.0160551	47
0.0160551	47
0.0160552	47
0.0160557	47
0.0160566	47
0.0160569	47
0.016057	47
0.0160577	47
0.0160596	47
0.0160601	47
0.0160602	47
0.0160608	47
0.0160627	47
0.0160636	47
0.0160643	47
0.0160645	47
0.0160655	47
0.0160703	47
0.0160716	47
0.0160758	47
0.0160765	47
0.016084	47
0.0160849	47
0.0160893	47
0.0160904	47
0.0160991	47
0.0161156	47
0.0161211	47
0.0161285	47
0.0161304	47
0.0161428	47
0.0161488	47
0.0161638	47
0.0161677	47
0.0161688	47
0.016186	47
0.0161903	47
0.0161934	47
0.0161947	47
0.016204	47
0.0162044	47
0.01621	47
0.0162274	47
0.0162338	47
0.0162642	47
0.0162854	47
0.0163041	47
0.0163087	47
0.0163151	47
0.016332	47
0.0163484	47
0.0163665	47
0.0163985	47
0.0164177	47
0.0164387	47
0.0164502	47
0.0164682	47
0.0164782	47
0.0164853	47
0.0165782	47
0.0165862	47
0.0165884	47
0.0166605	47
0.0167321	47
0.0167577	47
0.0167932	47
0.0169191	47
0.0169592	47
0.0170238	47
0.0313983	47
0.0313984	47
0.0313985	47
0.0313985	47
0.0313985	47
0.0313986	47
0.0313986	47
0.0313987	47
0.0313987	47
0.0313987	47
0.0313988	47
0.0313989	47
0.0313989	47
0.0313991	47
0.0313991	47
0.0313991	47
0.0313991	47
0.0313991	47
0.0313992	47
0.0313992	47
0.0313993	47
0.0313993	47
0.0313994	47
0.0313994	47
0.0313995	47
0.0313997	47
0.0313998	47
0.0314001	47
0.0314003	47
0.0314006	47
0.031401	47
0.0314013	47
0.0314013	47
0.0314014	47
0.0314018	47
0.0314024	47
0.0314026	47
0.0314028	47
0.0314028	47
0.0314028	47
0.0314031	47
0.0314031	47
0.0314032	47
0.0314039	47
0.0314041	47
0.0314052	47
0.0314071	47
0.0314071	47
0.0314074	47
0.0314083	47
0.0314094	47
0.0314096	47
0.0314104	47
0.0314108	47
0.0314111	47
0.0314145	47
0.0314162	47
0.0314164	47
0.0314175	47
0.031418	47
0.0314203	47
0.0314233	47
0.0314242	47
0.0314252	47
0.0314271	47
0.0314309	47
0.0314334	47
0.0314353	47
0.0314354	47
0.0314469	47
0.0314482	47
0.0314496	47
0.0314499	47
0.031451	47
0.031454	47
0.0314558	47
0.0314562	47
0.0314567	47
0.0314569	47
0.0314583	47
0.0314616	47
0.0314624	47
0.0314626	47
0.0314683	47
0.0314695	47
0.0314712	47
0.0314731	47
0.0314743	47
0.0314759	47
0.0314786	47
0.0314794	47
0.0314815	47
0.0314819	47
0.0314841	47
0.0314843	47
0.0314878	47
0.0314902	47
0.0314925	47
0.0314947	47
0.0314958	47
0.0314959	47
0.0314994	47
0.0315001	47
0.0315101	47
0.031511	47
0.0315153	47
0.0315246	47
0.0315271	47
0.0315332	47
0.0315345	47
0.0315361	47
0.0315363	47
0.0315368	47
0.0315418	47
0.0315443	47
0.0315497	47
0.0315549	47
0.0315551	47
0.0315669	47
0.031568	47
0.0315745	47
0.0315756	47
0.0315792	47
0.0315823	47
0.0315825	47
0.0315866	47
0.0315953	47
0.0316018	47
0.0316121	47
0.0316198	47
0.0316219	47
0.0316242	47
0.0316332	47
0.0316449	47
0.0316552	47
0.0316681	47
0.0316785	47
0.0316842	47
0.03169	47
0.0317037	47
0.0317053	47
0.0317298	47
0.0317329	47
0.0317389	47
0.0317451	47
0.0317497	47
0.0317545	47
0.0317643	47
0.0317861	47
0.0318175	47
0.0318269	47
0.0318271	47
0.0318324	47
0.0318328	47
0.0318492	47
0.0318637	47
0.0318638	47
0.031893	47
0.0319185	47
0.0319314	47
0.0319541	47
0.0319803	47
0.0320237	47
0.0320386	47
0.0321216	47
0.0321944	47
0.0322246	47
0.0322302	47
0.0322561	47
0.0322651	47
0.0322824	47
0.0323542	47
0.0323915	47
0.032397	47
0.0325617	47
0.0326038	47
0.0326123	47
0.0326129	47
0.0326166	47
0.0326212	47
0.0326244	47
0.0326274	47
0.0326312	47
0.032636	47
0.0326455	47
0.0326463	47
0.0326472	47
0.0326505	47
0.0327441	47
0.032762	47
0.0328823	47
0.0329032	47
0.0330037	47
0.033212	47
0.0629066	47
0.0629066	47
0.0629066	47
0.0629067	47
0.0629067	47
0.0629067	47
0.0629068	47
0.0629068	47
0.0629068	47
0.0629068	47
0.0629069	47
0.062907	47
0.062907	47
0.0629071	47
0.0629072	47
0.0629072	47
0.0629073	47
0.0629073	47
0.0629073	47
0.0629074	47
0.0629074	47
0.0629075	47
0.0629075	47
0.0629075	47
0.0629075	47
0.0629076	47
0.0629076	47
0.0629076	47
0.0629076	47
0.0629077	47
0.0629078	47
0.0629078	47
0.0629078	47
0.0629079	47
0.0629079	47
0.062908	47
0.0629081	47
0.0629081	47
0.0629081	47
0.0629082	47
0.0629082	47
0.0629083	47
0.0629083	47
0.0629085	47
0.0629085	47
0.0629085	47
0.0629086	47
0.0629086	47
0.0629086	47
0.0629088	47
0.0629089	47
0.0629089	47
0.0629091	47
0.0629091	47
0.0629095	47
0.0629095	47
0.0629096	47
0.0629096	47
0.0629097	47
0.06291	47
0.06291	47
0.06291	47
0.0629104	47
0.0629104	47
0.0629104	47
0.0629105	47
0.0629109	47
0.0629113	47
0.0629116	47
0.0629125	47
0.0629126	47
0.0629145	47
0.0629187	47
0.0629191	47
0.0629199	47
0.0629238	47
0.0629323	47
0.0629346	47
0.0629355	47
0.0629371	47
0.0629381	47
0.0629397	47
0.0629428	47
0.0629435	47
0.0629446	47
0.0629453	47
0.0629547	47
0.0629649	47
0.0629724	47
0.0629926	47
0.0629985	47
0.0630047	47
0.0630074	47
0.0630111	47
0.0630162	47
0.0630213	47
0.0630302	47
0.0630496	47
0.0630726	47
0.0630824	47
0.0630854	47
0.0630925	47
0.0631268	47
0.063153	47
0.0631594	47
0.063199	47
0.0632132	47
0.0632329	47
0.0632712	47
0.0632872	47
0.0633089	47
0.063333	47
0.0634143	47
0.0634804	47
0.0634997	47
0.0635197	47
0.0635459	47
0.0636534	47
0.0637193	47
0.0639997	47
0.0640398	47
0.0641537	47
0.0662592	47
0.0740686	47
0.0740687	47
0.0740689	47
0.0740746	47
0.0740753	47
0.0740768	47
0.0741147	47
0.0741363	47
0.0741466	47
0.074218	47
0.0743868	47
0.0747613	47
0.0767509	47
0.0767583	47
0.0768409	47
0.0867341	47
0.0867354	47
0.0867356	47
0.0867389	47
0.0867391	47
0.0867437	47
0.0867507	47
0.0867513	47
0.0867611	47
0.0867776	47
0.086808	47
0.086847	47
0.0868559	47
0.0869152	47
0.0871869	47
0.0875546	47
0.111759	47
0.111759	47
0.11176	47
0.11176	47
0.11176	47
0.11176	47
0.11176	47
0.11176	47
0.11176	47
0.11176	47
0.111761	47
0.111761	47
0.111761	47
0.111761	47
0.111762	47
0.111762	47
0.111762	47
0.111764	47
0.111764	47
0.111765	47
0.111769	47
0.111788	47
0.111824	47
0.111876	47
0.111881	47
0.111881	47
0.111899	47
0.111909	47
0.112134	47
0.112219	47
0.112508	47
0.112714	47
0.123034	47
0.123034	47
0.123036	47
0.123037	47
0.12304	47
0.123065	47
0.123066	47
0.123101	47
0.123128	47
0.123135	47
0.123165	47
0.123172	47
0.123263	47
0.123265	47
0.123285	47
0.123329	47
0.123394	47
0.12356	47
0.123911	47
0.134898	47
0.134898	47
0.1349	47
0.134902	47
0.134902	47
0.134909	47
0.135018	47
0.13601	47
0.136013	47
0.136017	47
0.136029	47
0.13603	47
0.136184	47
0.141315	47
0.141319	47
0.141351	47
0.158203	47
0.158203	47
0.158203	47
0.158204	47
0.158204	47
0.158205	47
0.158205	47
0.158209	47
0.15821	47
0.158213	47
0.158219	47
0.158454	47
0.159002	47
0.159283	47
0.186323	47
0.186323	47
0.186323	47
0.186324	47
0.186324	47
0.186325	47
0.186325	47
0.186325	47
0.186327	47
0.186327	47
0.186327	47
0.186328	47
0.186328	47
0.186329	47
0.186359	47
0.186362	47
0.186434	47
0.18655	47
0.187196	47
0.187197	47
0.187198	47
0.187202	47
0.187202	47
0.187206	47
0.187239	47
0.187651	47
0.187665	47
0.187666	47
0.193587	47
0.193588	47
0.193594	47
0.193602	47
0.193613	47
0.193638	47
0.193919	47
0.193946	47
0.193949	47
0.193949	47
0.193965	47
0.195442	47
0.197678	47
0.19768	47
0.197686	47
0.222921	47
0.222922	47
0.222922	47
0.222922	47
0.222923	47
0.222925	47
0.222926	47
0.222927	47
0.222934	47
0.222954	47
0.222962	47
0.223094	47
0.226248	47
0.226249	47
0.226264	47
0.226268	47
0.226749	47
0.231138	47
0.231139	47
0.231141	47
0.251208	47
0.251209	47
0.251209	47
0.25121	47
0.251217	47
0.251219	47
0.25122	47
0.255415	47
0.255426	47
0.255428	47
0.255477	47
0.260861	47
0.260864	47
0.26087	47
0.260877	47
0.260892	47
0.264537	47
0.264545	47
0.264567	47
0.270008	47
0.270095	47
0.280799	47
0.2808	47
0.28082	47
0.280915	47
0.281013	47
0.281015	47
0.281016	47
0.281018	47
0.312039	47
0.312041	47
0.312041	47
0.312042	47
0.312044	47
0.312046	47
0.312051	47
0.312053	47
0.312057	47
0.312107	47
0.312726	47
0.315672	47
0.32956	47
0.329568	47
0.33225	47
0.33225	47
0.332256	47
0.332258	47
0.335372	47
0.335381	47
0.335388	47
0.335389	47
0.335394	47
0.335421	47
0.336886	47
0.33713	47
0.337142	47
0.337173	47
0.3399	47
0.3399	47
0.339907	47
0.339929	47
0.341415	47
0.34142	47
0.341421	47
0.341425	47
0.341443	47
0.341443	47
0.381672	47
0.381672	47
0.381673	47
0.381673	47
0.381673	47
0.381676	47
0.381677	47
0.381678	47
0.381678	47
0.381679	47
0.38168	47
0.390881	47
0.39089	47
0.39089	47
0.390906	47
0.404056	47
0.404064	47
0.404074	47
0.404185	47
0.406912	47
0.406925	47
0.406933	47
0.406941	47
0.410419	47
0.410421	47
0.410451	47
0.41232	47
0.412406	47
0.412662	47
0.412663	47
0.412676	47
0.412758	47
0.413861	47
0.413862	47
0.413869	47
0.414107	47
0.418613	47
0.455973	47
0.455973	47
0.455973	47
0.455974	47
0.455974	47
0.455974	47
0.455975	47
0.456052	47
0.469799	47
0.469799	47
0.469803	47
0.469807	47
0.469813	47
0.469828	47
0.475734	47
0.475735	47
0.475809	47
0.478088	47
0.478092	47
0.478113	47
0.479989	47
0.479994	47
0.479997	47
0.486172	47
0.486172	47
0.486173	47
0.486174	47
0.486176	47
0.48619	47
0.486199	47
0.486202	47
0.495867	47
0.495872	47
0.495873	47
0.495875	47
0.495879	47
0.49591	47
0.499349	47
0.499363	47
0.499367	47
0.506028	47
0.506028	47
0.506038	47
0.506127	47
0.506337	47
0.506338	47
0.506339	47
0.50634	47
0.506356	47
0.506365	47
0.507242	47
0.507244	47
0.507248	47
0.507276	47
0.51307	47
0.515562	47
0.515568	47
0.515573	47
0.515582	47
0.516587	47
0.516591	47
0.516593	47
0.516596	47
0.516613	47
0.516641	47
0.519391	47
0.519394	47
0.531489	47
0.53149	47
0.531491	47
0.531492	47
0.531497	47
0.531516	47
0.531549	47
0.531564	47
0.532178	47
0.532186	47
0.532187	47
0.532271	47
0.540997	47
0.541001	47
0.541012	47
0.552591	47
0.552593	47
0.552598	47
0.552606	47
0.552608	47
0.553652	47
0.55606	47
0.575122	47
0.575123	47
0.575123	47
0.575125	47
0.575126	47
0.575139	47
0.575206	47
0.576108	47
0.57645	47
0.580701	47
0.580703	47
0.585975	47
0.585976	47
0.585978	47
0.585981	47
0.60288	47
0.60288	47
0.602881	47
0.602883	47
0.602886	47
0.602886	47
0.602903	47
0.603014	47
0.606425	47
0.606666	47
0.607157	47
0.622299	47
0.6223	47
0.622304	47
0.622307	47
0.622472	47
0.622998	47
0.623002	47
0.623005	47
0.623196	47
0.62844	47
0.628441	47
0.628443	47
0.628465	47
0.637775	47
0.637777	47
0.637779	47
0.637794	47
0.637797	47
0.642643	47
0.642645	47
0.642652	47
0.642713	47
0.667394	47
0.667395	47
0.667395	47
0.667397	47
0.667397	47
0.667397	47
0.667398	47
0.6674	47
0.667421	47
0.678382	47
0.678388	47
0.678401	47
0.682122	47
0.682123	47
0.682137	47
0.682141	47
0.682239	47
0.682244	47
0.68227	47
0.694774	47
0.694776	47
0.694776	47
0.694777	47
0.694809	47
0.696447	47
0.696447	47
0.696452	47
0.696452	47
0.696454	47
0.696462	47
0.697172	47
0.697172	47
0.697183	47
0.701806	47
0.701808	47
0.701811	47
0.746851	47
0.746852	47
0.746852	47
0.746852	47
0.746859	47
0.74686	47
0.746861	47
0.7469	47
0.746919	47
0.751887	47
0.751888	47
0.795504	47
0.795504	47
0.795504	47
0.795505	47
0.795507	47
0.795507	47
0.795509	47
0.795522	47
0.795547	47
0.80555	47
0.81808	47
0.81808	47
0.818081	47
0.818085	47
0.818176	47
0.825343	47
0.825347	47
0.825785	47
0.832343	47
0.832345	47
0.832349	47
0.832481	47
0.837434	47
0.889877	47
0.889877	47
0.889877	47
0.889878	47
0.889878	47
0.889878	47
0.88988	47
0.889881	47
0.889882	47
0.889883	47
0.889894	47
0.889998	47
0.921372	47
0.921374	47
0.921375	47
0.921375	47
0.921377	47
0.921378	47
0.921381	47
0.92139	47
0.940902	47
0.940903	47
0.940905	47
0.940906	47
0.940906	47
0.940952	47
0.948229	47
0.948229	47
0.948234	47
0.948253	47
0.948272	47
0.948278	47
0.956844	47
0.956845	47
0.956847	47
0.95685	47
0.956951	47
0.958609	47
0.969124	47
0.969126	47
0.969143	47
0.969172	47
0.976722	47
0.976722	47
0.976728	47
0.976748	47
0.976755	47
0.983602	47
0.983607	47
0.983609	47
0.983683	47
0.987643	47
0.987668	47
0.98774	47
0.994308	47
0.994315	47
0.994316	47
0.994318	47
0.994325	47
1.00118	47
1.00136	47
1.01446	47
1.01446	47
1.01447	47
1.01447	47
1.01447	47
1.01447	47
1.01447	47
1.02083	47
1.02083	47
1.02083	47
1.02084	47
1.02863	47
1.02864	47
1.02876	47
1.03048	47
1.03049	47
1.03049	47
1.03049	47
1.03572	47
1.03572	47
1.03573	47
1.04428	47
1.06333	47
1.06333	47
1.06333	47
1.06333	47
1.06333	47
1.06333	47
1.06333	47
1.06334	47
1.06335	47
1.07209	47
1.07209	47
1.07209	47
1.0721	47
1.07269	47
1.0727	47
1.0727	47
1.0727	47
1.08374	47
1.08374	47
1.08374	47
1.08375	47
1.08415	47
1.08415	47
1.08417	47
1.08795	47
1.08795	47
1.08795	47
1.08796	47
1.10163	47
1.10163	47
1.10163	47
1.10163	47
1.10163	47
1.10164	47
1.10166	47
1.10182	47
1.11774	47
1.11774	47
1.11774	47
1.11777	47
1.12022	47
1.12022	47
1.12023	47
1.12023	47
1.12025	47
1.12027	47
1.13144	47
1.13145	47
1.13145	47
1.13145	47
1.13147	47
1.13183	47
1.13297	47
1.18504	47
1.18504	47
1.18504	47
1.18504	47
1.18504	47
1.18505	47
1.18506	47
1.18507	47
1.22082	47
1.22082	47
1.22082	47
1.22082	47
1.22082	47
1.22084	47
1.22084	47
1.22085	47
1.24364	47
1.24364	47
1.24364	47
1.24364	47
1.24364	47
1.24364	47
1.24365	47
1.24365	47
1.24368	47
1.2514	47
1.2514	47
1.25141	47
1.25142	47
1.25144	47
1.25793	47
1.25794	47
1.25801	47
1.26354	47
1.26354	47
1.26355	47
1.26355	47
1.26357	47
1.26424	47
1.30051	47
1.30051	47
1.30051	47
1.30051	47
1.30051	47
1.30051	47
1.30052	47
1.30052	47
1.30575	47
1.30575	47
1.30576	47
1.30985	47
1.30985	47
1.30986	47
1.30986	47
1.30989	47
1.31378	47
1.3138	47
1.31382	47
1.32224	47
1.32224	47
1.32226	47
1.32488	47
1.32489	47
1.32489	47
1.32491	47
1.33036	47
1.33036	47
1.33037	47
1.37434	47
1.37435	47
1.37435	47
1.37435	47
1.37435	47
1.37436	47
1.37437	47
1.37439	47
1.39972	47
1.39972	47
1.39973	47
1.39974	47
1.4213	47
1.4213	47
1.4213	47
1.4213	47
1.4213	47
1.42132	47
1.42133	47
1.42135	47
1.42144	47
1.42901	47
1.42902	47
1.42903	47
1.43731	47
1.43732	47
1.43736	47
1.44095	47
1.44095	47
1.44096	47
1.48813	47
1.48813	47
1.48813	47
1.48813	47
1.48813	47
1.48813	47
1.48813	47
1.48814	47
1.48814	47
1.48843	47
1.48859	47
1.50681	47
1.50682	47
1.50706	47
1.50993	47
1.50993	47
1.50994	47
1.51009	47
1.5128	47
1.51285	47
1.53186	47
1.53186	47
1.53186	47
1.53187	47
1.53188	47
1.53189	47
1.53189	47
1.53673	47
1.55846	47
1.55846	47
1.55846	47
1.55846	47
1.55846	47
1.55852	47
1.55891	47
1.56907	47
1.56908	47
1.56908	47
1.56908	47
1.59601	47
1.59601	47
1.59601	47
1.59601	47
1.59601	47
1.59601	47
1.59602	47
1.59603	47
1.59621	47
1.59988	47
1.59989	47
1.5999	47
1.60223	47
1.60225	47
1.60996	47
1.60996	47
1.61001	47
1.64591	47
1.64591	47
1.64591	47
1.64592	47
1.64592	47
1.64592	47
1.64592	47
1.64592	47
1.64593	47
1.64602	47
1.65333	47
1.65333	47
1.65334	47
1.65339	47
1.65379	47
1.6538	47
1.65386	47
1.6546	47
1.65461	47
1.65466	47
1.65565	47
1.65566	47
1.6575	47
1.65752	47
1.65763	47
1.65843	47
1.65843	47
1.65855	47
1.72045	47
1.72045	47
1.72045	47
1.72045	47
1.72045	47
1.72046	47
1.72046	47
1.72046	47
1.72047	47
1.72051	47
1.72804	47
1.72817	47
1.72825	47
1.72912	47
1.72934	47
1.76285	47
1.76285	47
1.76286	47
1.76286	47
1.76286	47
1.76286	47
1.76287	47
1.76287	47
1.7629	47
1.76311	47
1.76653	47
1.76653	47
1.76655	47
1.77685	47
1.77687	47
1.77687	47
1.79655	47
1.79655	47
1.79655	47
1.79655	47
1.79656	47
1.79656	47
1.79656	47
1.79657	47
1.79657	47
1.80822	47
1.81346	47
1.81347	47
1.81347	47
1.81347	47
1.81347	47
1.81353	47
1.81364	47
1.81636	47
1.81636	47
1.81639	47
1.81639	47
1.82511	47
1.82511	47
1.82512	47
1.82514	47
1.83129	47
1.83129	47
1.83129	47
1.83142	47
1.83393	47
1.8341	47
1.83452	47
1.83453	47
1.83596	47
1.83599	47
1.86537	47
1.86537	47
1.86537	47
1.86538	47
1.86538	47
1.86538	47
1.86538	47
1.86539	47
1.86539	47
1.8654	47
1.86541	47
1.86546	47
1.875	47
1.875	47
1.87504	47
1.87538	47
1.87539	47
1.8754	47
1.87557	47
1.87558	47
1.87564	47
1.87565	47
1.87717	47
1.87984	47
1.87985	47
1.88002	47
1.8848	47
1.88481	47
1.88489	47
1.88776	47
1.93073	47
1.93073	47
1.93073	47
1.93073	47
1.93073	47
1.93074	47
1.93075	47
1.93084	47
1.93425	47
1.93426	47
1.94613	47
1.94613	47
1.94613	47
1.94614	47
1.95086	47
1.95087	47
1.95087	47
1.95087	47
1.95868	47
1.95868	47
1.95868	47
1.95868	47
1.9587	47
1.95872	47
1.95884	47
1.95885	47
1.95885	47
1.95891	47
1.96069	47
1.96231	47
1.96231	47
1.96231	47
1.96232	47
1.96233	47
1.96239	47
1.97864	47
1.97864	47
1.97864	47
1.97865	47
1.99236	47
1.99236	47
1.99236	47
1.99236	47
1.99237	47
1.99238	47
1.99249	47
2.00289	47
2.00289	47
2.0029	47
2.0029	47
2.00295	47
2.00345	47
2.00346	47
2.00348	47
2.00766	47
2.00767	47
2.00767	47
2.00767	47
2.01082	47
2.01083	47
2.01096	47
2.01406	47
2.01407	47
2.0143	47
2.01435	47
2.02447	47
2.02447	47
2.03324	47
2.03324	47
2.03324	47
2.03327	47
2.04119	47
2.04119	47
2.04119	47
2.0412	47
2.0412	47
2.04121	47
2.04121	47
2.04125	47
2.04129	47
2.04718	47
2.04718	47
2.04718	47
2.04719	47
2.04721	47
2.04802	47
2.04802	47
2.04807	47
2.06288	47
2.06289	47
2.06289	47
2.0629	47
2.06291	47
2.06292	47
2.08718	47
2.08718	47
2.08719	47
2.0872	47
2.0872	47
2.1004	47
2.1004	47
2.10041	47
2.10193	47
2.10193	47
2.10197	47
2.12795	47
2.12795	47
2.12795	47
2.12796	47
2.12796	47
2.12796	47
2.12797	47
2.1552	47
2.1552	47
2.1552	47
2.1552	47
2.15521	47
2.17558	47
2.17558	47
2.17558	47
2.17558	47
2.17558	47
2.17559	47
2.17559	47
2.17562	47
2.17566	47
2.20368	47
2.20369	47
2.20369	47
2.2037	47
2.2037	47
2.2037	47
2.20377	47
2.20473	47
2.20868	47
2.20868	47
2.20869	47
2.23191	47
2.23191	47
2.23192	47
2.23195	47
2.23197	47
2.23198	47
2.23454	47
2.23454	47
2.23458	47
2.24654	47
2.24654	47
2.24655	47
2.24664	47
2.25185	47
2.25186	47
2.25186	47
2.25187	47
2.25187	47
2.2687	47
2.26871	47
2.26871	47
2.26872	47
2.27321	47
2.27321	47
2.27323	47
2.27368	47
2.28038	47
2.28112	47
2.28329	47
2.28329	47
2.2833	47
2.28337	47
2.28652	47
2.28652	47
2.28652	47
2.28653	47
2.28653	47
2.28653	47
2.28653	47
2.28654	47
2.29239	47
2.29239	47
2.2924	47
2.29244	47
2.30608	47
2.30609	47
2.30609	47
2.31778	47
2.31778	47
2.31778	47
2.31778	47
2.31779	47
2.31779	47
2.31779	47
2.3178	47
2.3312	47
2.33121	47
2.33121	47
2.33121	47
2.33125	47
2.3313	47
2.3352	47
2.33521	47
2.33818	47
2.33821	47
2.34004	47
2.34004	47
2.34004	47
2.34004	47
2.34007	47
2.34143	47
2.34144	47
2.34144	47
2.34144	47
2.34146	47
2.3418	47
2.35432	47
2.35432	47
2.35433	47
2.35433	47
2.35433	47
2.35434	47
2.37225	47
2.37225	47
2.37226	47
2.37226	47
2.37226	47
2.37231	47
2.38197	47
2.38197	47
2.38197	47
2.38201	47
2.40057	47
2.40057	47
2.40057	47
2.40058	47
2.40058	47
2.40059	47
2.405	47
2.40502	47
2.4059	47
2.42474	47
2.42474	47
2.42474	47
2.42474	47
2.42474	47
2.42474	47
2.42475	47
2.42475	47
2.42477	47
2.43259	47
2.43259	47
2.43259	47
2.43262	47
2.4375	47
2.4375	47
2.44685	47
2.44685	47
2.46984	47
2.46984	47
2.46984	47
2.46985	47
2.46985	47
2.46987	47
2.47782	47
2.47783	47
2.47783	47
2.47783	47
2.47783	47
2.47783	47
2.47796	47
2.49016	47
2.49016	47
2.49016	47
2.49017	47
2.4902	47
2.49157	47
2.49157	47
2.49158	47
2.49696	47
2.49697	47
2.50038	47
2.50038	47
2.50038	47
2.5004	47
2.5041	47
2.50411	47
2.50411	47
2.50412	47
2.5162	47
2.51622	47
2.51675	47
2.51675	47
2.51681	47
2.51917	47
2.51917	47
2.51918	47
2.51918	47
2.51918	47
2.52209	47
2.52606	47
2.52619	47
2.54016	47
2.54016	47
2.54016	47
2.54016	47
2.54016	47
2.54018	47
2.54027	47
2.54108	47
2.54492	47
2.54492	47
2.54493	47
2.54493	47
2.54493	47
2.54493	47
2.54494	47
2.54494	47
2.54495	47
2.56	47
2.56001	47
2.56001	47
2.56002	47
2.56003	47
2.5717	47
2.5717	47
2.57171	47
2.57171	47
2.57172	47
2.57172	47
2.57333	47
2.57333	47
2.57334	47
2.57672	47
2.57672	47
2.57672	47
2.57672	47
2.57771	47
2.57771	47
2.57772	47
2.57774	47
2.60856	47
2.60857	47
2.60858	47
2.60859	47
2.61014	47
2.61021	47
2.62051	47
2.62051	47
2.62051	47
2.62052	47
2.62054	47
2.63732	47
2.63734	47
2.63734	47
2.63735	47
2.63988	47
2.63988	47
2.63989	47
2.63989	47
2.64006	47
2.64672	47
2.64683	47
2.64927	47
2.64927	47
2.64927	47
2.64928	47
2.64934	47
2.65199	47
2.65199	47
2.65208	47
2.66971	47
2.66971	47
2.66971	47
2.66972	47
2.66982	47
2.67015	47
2.67015	47
2.6702	47
2.67022	47
2.67022	47
2.67023	47
2.67026	47
2.67074	47
2.67074	47
2.67075	47
2.67107	47
2.67111	47
2.67333	47
2.67772	47
2.67772	47
2.67773	47
2.67775	47
2.68045	47
2.68045	47
2.68045	47
2.68045	47
2.68046	47
2.68883	47
2.6932	47
2.69321	47
2.69324	47
2.70181	47
2.70181	47
2.70181	47
2.70182	47
2.70184	47
2.71286	47
2.71286	47
2.71286	47
2.71288	47
2.71291	47
2.73283	47
2.73283	47
2.73283	47
2.73284	47
2.73284	47
2.73285	47
2.73285	47
2.73469	47
2.73473	47
2.73912	47
2.73912	47
2.73912	47
2.73978	47
2.7582	47
2.75821	47
2.75821	47
2.75821	47
2.75822	47
2.75823	47
2.75841	47
2.76872	47
2.76872	47
2.76877	47
2.76883	47
2.77258	47
2.77263	47
2.77596	47
2.77596	47
2.78538	47
2.78538	47
2.78538	47
2.78539	47
2.7854	47
2.78866	47
2.78891	47
2.79022	47
2.79022	47
2.79023	47
2.79023	47
2.79023	47
2.79031	47
2.79246	47
2.79246	47
2.79246	47
2.79247	47
2.79248	47
2.79248	47
2.79304	47
2.80307	47
2.80308	47
2.80309	47
2.80645	47
2.81484	47
2.81485	47
2.81494	47
2.81504	47
2.83722	47
2.83724	47
2.83725	47
2.83726	47
2.83726	47
2.83932	47
2.83933	47
2.83935	47
2.85135	47
2.85135	47
2.85136	47
2.85136	47
2.85142	47
2.85293	47
2.85294	47
2.85294	47
2.85295	47
2.8567	47
2.8567	47
2.8567	47
2.85924	47
2.85925	47
2.85925	47
2.91216	47
2.91216	47
2.91216	47
2.91216	47
2.91216	47
2.91216	47
2.91217	47
2.9122	47
2.91224	47
2.91225	47
2.91225	47
2.91536	47
2.91552	47
2.92469	47
2.92469	47
2.92469	47
2.9247	47
2.92471	47
2.9359	47
2.9359	47
2.9359	47
2.93591	47
2.93591	47
2.93592	47
2.93596	47
2.94553	47
2.94557	47
2.97163	47
2.97163	47
2.97163	47
2.97163	47
2.97167	47
2.97168	47
2.98796	47
2.98797	47
2.98797	47
2.988	47
2.98803	47
2.98803	47
2.99552	47
2.99552	47
2.99553	47
2.99554	47
2.99554	47
2.9956	47
2.9998	47
2.99985	47
3.0066	47
3.0066	47
3.00661	47
3.00661	47
3.00661	47
3.00662	47
3.08247	47
3.08247	47
3.08248	47
3.08248	47
3.08248	47
3.08249	47
3.08249	47
3.08252	47
3.08312	47
3.11219	47
3.11219	47
3.11219	47
3.1122	47
3.1122	47
3.1122	47
3.1122	47
3.1337	47
3.1337	47
3.1337	47
3.13371	47
3.13379	47
3.13602	47
3.13603	47
3.13605	47
3.15257	47
3.15257	47
3.15257	47
3.15257	47
3.15263	47
3.1611	47
3.1611	47
3.1611	47
3.16112	47
3.16115	47
3.16115	47
3.16243	47
3.16243	47
3.16243	47
3.16246	47
3.17417	47
3.17417	47
3.17419	47
3.17422	47
3.18514	47
3.18515	47
3.18517	47
3.1854	47
3.18774	47
3.18775	47
3.18775	47
3.18776	47
3.20765	47
3.20765	47
3.20766	47
3.20767	47
3.20767	47
3.20768	47
3.21591	47
3.21592	47
3.21592	47
3.21592	47
3.21593	47
3.21594	47
3.21597	47
3.21637	47
3.21638	47
3.21639	47
3.21932	47
3.22851	47
3.22851	47
3.22852	47
3.22856	47
3.23294	47
3.23294	47
3.23294	47
3.23325	47
3.24265	47
3.24266	47
3.24267	47
3.24268	47
3.25043	47
3.25043	47
3.25043	47
3.25043	47
3.25043	47
3.25043	47
3.25044	47
3.26479	47
3.26479	47
3.26479	47
3.2648	47
3.26482	47
3.26484	47
3.26731	47
3.26734	47
3.26735	47
3.26806	47
3.26807	47
3.26807	47
3.3098	47
3.3098	47
3.3098	47
3.3098	47
3.3098	47
3.30981	47
3.30981	47
3.30981	47
3.33083	47
3.33084	47
3.33084	47
3.33084	47
3.33086	47
3.33087	47
3.33719	47
3.3372	47
3.33721	47
3.34496	47
3.34496	47
3.34496	47
3.34497	47
3.34503	47
3.35027	47
3.35029	47
3.3503	47
3.35031	47
3.36406	47
3.36406	47
3.36406	47
3.36408	47
3.3641	47
3.36957	47
3.36957	47
3.3696	47
3.3714	47
3.37144	47
3.37494	47
3.37494	47
3.37495	47
3.37495	47
3.37495	47
3.37624	47
3.37624	47
3.37625	47
3.37627	47
3.42815	47
3.42815	47
3.42815	47
3.42815	47
3.42815	47
3.42816	47
3.42817	47
3.42818	47
3.42823	47
3.4318	47
3.43189	47
3.43237	47
3.47838	47
3.47838	47
3.47838	47
3.47838	47
3.47839	47
3.4784	47
3.47845	47
3.4796	47
3.4796	47
3.47961	47
3.47961	47
3.50349	47
3.5035	47
3.50351	47
3.50352	47
3.50353	47
3.54068	47
3.54069	47
3.54069	47
3.54069	47
3.54069	47
3.54071	47
3.54073	47
3.54073	47
3.54937	47
3.54938	47
3.54939	47
3.54941	47
3.54943	47
3.56188	47
3.56189	47
3.56189	47
3.56198	47
3.56772	47
3.56773	47
3.56773	47
3.56778	47
3.57705	47
3.57712	47
3.58568	47
3.58569	47
3.58569	47
3.5857	47
3.5857	47
3.58591	47
3.5929	47
3.59291	47
3.59615	47
3.59615	47
3.59616	47
3.59616	47
3.60194	47
3.60194	47
3.60194	47
3.60196	47
3.6137	47
3.6137	47
3.6137	47
3.61371	47
3.61372	47
3.61372	47
3.61374	47
3.6227	47
3.62277	47
3.63805	47
3.63805	47
3.63805	47
3.63814	47
3.64894	47
3.64895	47
3.64895	47
3.64895	47
3.64895	47
3.64896	47
3.64898	47
3.64911	47
3.64911	47
3.6496	47
3.65775	47
3.65776	47
3.65776	47
3.6578	47
3.65839	47
3.68155	47
3.68155	47
3.68155	47
3.68155	47
3.68156	47
3.68157	47
3.68159	47
3.68199	47
3.68199	47
3.68205	47
3.68219	47
3.68221	47
3.68221	47
3.68221	47
3.68314	47
3.68315	47
3.68316	47
3.69047	47
3.69047	47
3.69048	47
3.69527	47
3.69527	47
3.69528	47
3.69536	47
3.72373	47
3.72373	47
3.72374	47
3.72374	47
3.72374	47
3.72375	47
3.72376	47
3.72377	47
3.72385	47
3.72981	47
3.72989	47
3.73544	47
3.73545	47
3.73545	47
3.73546	47
3.73547	47
3.73549	47
3.75643	47
3.75644	47
3.75644	47
3.75644	47
3.75646	47
3.75661	47
3.75662	47
3.75662	47
3.77258	47
3.77258	47
3.7726	47
3.77261	47
3.77262	47
3.78169	47
3.78169	47
3.78169	47
3.78169	47
3.78169	47
3.7817	47
3.78172	47
3.78656	47
3.78656	47
3.78659	47
3.79192	47
3.79193	47
3.79195	47
3.79195	47
3.81419	47
3.8142	47
3.8142	47
3.81421	47
3.81421	47
3.81422	47
3.84484	47
3.84484	47
3.84484	47
3.84485	47
3.84485	47
3.84486	47
3.84487	47
3.84488	47
3.84525	47
3.84526	47
3.84534	47
3.84887	47
3.84888	47
3.84888	47
3.84888	47
3.84891	47
3.86653	47
3.86653	47
3.86654	47
3.86654	47
3.86659	47
3.8765	47
3.87651	47
3.87651	47
3.87651	47
3.8766	47
3.88307	47
3.88308	47
3.88308	47
3.88316	47
3.89365	47
3.89365	47
3.89366	47
3.89371	47
3.91442	47
3.91442	47
3.91442	47
3.91445	47
3.91445	47
3.91446	47
3.91447	47
3.9185	47
3.91851	47
3.91851	47
3.91852	47
3.91856	47
3.91859	47
3.93188	47
3.93189	47
3.93189	47
3.93192	47
3.94901	47
3.94901	47
3.94902	47
3.94903	47
3.94903	47
3.94904	47
3.95043	47
3.96525	47
3.96525	47
3.96526	47
3.96527	47
3.96527	47
3.96527	47
3.96533	47
3.98746	47
3.98746	47
3.98746	47
3.98746	47
3.98748	47
3.98756	47
4.01837	47
4.01837	47
4.01837	47
4.01837	47
4.01838	47
4.0184	47
4.01847	47
4.02621	47
4.02622	47
4.02623	47
4.03462	47
4.03462	47
4.03462	47
4.03463	47
4.03463	47
4.03469	47
4.04094	47
4.04095	47
4.04095	47
4.04282	47
4.04283	47
4.04284	47
4.06306	47
4.06306	47
4.06308	47
4.06311	47
4.078	47
4.078	47
4.078	47
4.078	47
4.07804	47
4.07809	47
4.09542	47
4.09544	47
4.09545	47
4.09545	47
4.09546	47
4.0955	47
4.10122	47
4.10122	47
4.10122	47
4.11936	47
4.11937	47
4.11937	47
4.11937	47
4.11937	47
4.11941	47
4.12981	47
4.12982	47
4.12982	47
4.12982	47
4.12983	47
4.13132	47
4.13132	47
4.13138	47
4.13144	47
4.15158	47
4.15158	47
4.15159	47
4.15168	47
4.17048	47
4.17048	47
4.17049	47
4.17049	47
4.17049	47
4.1705	47
4.17051	47
4.17054	47
4.20958	47
4.20958	47
4.20958	47
4.20959	47
4.20959	47
4.2096	47
4.20965	47
4.20966	47
4.21574	47
4.21576	47
4.21576	47
4.2158	47
4.22105	47
4.22105	47
4.22105	47
4.22107	47
4.23025	47
4.23025	47
4.23025	47
4.23904	47
4.23904	47
4.23906	47
4.24135	47
4.24135	47
4.24136	47
4.24141	47
4.25408	47
4.25408	47
4.25411	47
4.25412	47
4.25414	47
4.25415	47
4.25416	47
4.27197	47
4.27197	47
4.27197	47
4.27198	47
4.27199	47
4.27199	47
4.2749	47
4.27828	47
4.27829	47
4.27831	47
4.28882	47
4.28882	47
4.28882	47
4.28883	47
4.28886	47
4.28893	47
4.29403	47
4.29403	47
4.29404	47
4.29405	47
4.29408	47
4.29601	47
4.29601	47
4.29602	47
4.30023	47
4.32535	47
4.32535	47
4.32536	47
4.32536	47
4.32536	47
4.32536	47
4.32536	47
4.32537	47
4.32538	47
4.32538	47
4.32543	47
4.33193	47
4.33194	47
4.33194	47
4.33195	47
4.34176	47
4.34176	47
4.34176	47
4.34176	47
4.34177	47
4.37643	47
4.37643	47
4.37643	47
4.37644	47
4.37644	47
4.37645	47
4.37645	47
4.37667	47
4.37812	47
4.38515	47
4.38515	47
4.38516	47
4.3852	47
4.38524	47
4.39974	47
4.39974	47
4.39974	47
4.39974	47
4.39975	47
4.3998	47
4.4032	47
4.40321	47
4.40321	47
4.42136	47
4.42137	47
4.42137	47
4.42138	47
4.42142	47
4.42174	47
4.42175	47
4.42177	47
4.42236	47
4.42236	47
4.42236	47
4.42241	47
4.43345	47
4.43346	47
4.43346	47
4.43347	47
4.4335	47
4.43352	47
4.46669	47
4.46669	47
4.46672	47
4.46675	47
4.46679	47
4.46685	47
4.46932	47
4.46932	47
4.46933	47
4.4694	47
4.47592	47
4.47604	47
4.47637	47
4.47637	47
4.47642	47
4.48172	47
4.48172	47
4.48174	47
4.48222	47
4.48934	47
4.49831	47
4.49831	47
4.49833	47
4.49833	47
4.49838	47
4.4984	47
4.52295	47
4.52295	47
4.52296	47
4.52297	47
4.52297	47
4.52298	47
4.52299	47
4.523	47
4.52302	47
4.53971	47
4.53971	47
4.53971	47
4.53971	47
4.53972	47
4.53986	47
4.55141	47
4.55141	47
4.55141	47
4.55141	47
4.55142	47
4.55142	47
4.55143	47
4.55678	47
4.56746	47
4.56747	47
4.56777	47
4.56777	47
4.56778	47
4.56778	47
4.56782	47
4.57613	47
4.57613	47
4.57613	47
4.57614	47
4.57625	47
4.57993	47
4.57995	47
4.58002	47
4.58462	47
4.58463	47
4.58463	47
4.58464	47
4.6052	47
4.6052	47
4.60521	47
4.60521	47
4.60521	47
4.60524	47
4.60527	47
4.61008	47
4.61009	47
4.6101	47
4.61012	47
4.61012	47
4.65039	47
4.65039	47
4.6504	47
4.6504	47
4.65041	47
4.65046	47
4.66296	47
4.66296	47
4.66296	47
4.66297	47
4.66301	47
4.67015	47
4.67017	47
4.67018	47
4.67021	47
4.73453	47
4.73453	47
4.73453	47
4.73454	47
4.73455	47
4.73455	47
4.73456	47
4.7346	47
4.73469	47
4.73645	47
4.73645	47
4.73645	47
4.73645	47
4.73913	47
4.73913	47
4.73916	47
4.73922	47
4.74846	47
4.74846	47
4.74846	47
4.74853	47
4.74853	47
4.74865	47
4.74872	47
4.74872	47
4.75077	47
4.75079	47
4.75082	47
4.75761	47
4.75761	47
4.75767	47
4.75768	47
4.78805	47
4.78806	47
4.78806	47
4.78809	47
4.78809	47
4.78809	47
4.7881	47
4.79547	47
4.79548	47
4.79549	47
4.79972	47
4.79972	47
4.79972	47
4.79977	47
4.79987	47
4.82266	47
4.82266	47
4.82267	47
4.82268	47
4.82301	47
4.83401	47
4.83401	47
4.83401	47
4.83404	47
4.83405	47
4.83457	47
4.86095	47
4.86096	47
4.86096	47
4.86096	47
4.86096	47
4.86097	47
4.86099	47
4.86103	47
4.86104	47
4.86151	47
4.86152	47
4.86152	47
4.86162	47
4.87716	47
4.87717	47
4.87721	47
4.90722	47
4.90722	47
4.90724	47
4.90724	47
4.90725	47
4.90725	47
4.90727	47
4.926	47
4.926	47
4.926	47
4.92606	47
4.93334	47
4.93334	47
4.93338	47
4.93365	47
4.93445	47
4.93445	47
4.93446	47
4.93446	47
4.9496	47
4.94961	47
4.94961	47
4.94962	47
4.94963	47
4.94967	47
4.94977	47
4.9532	47
4.95321	47
4.95321	47
4.95335	47
4.95477	47
4.95478	47
4.95483	47
4.95984	47
4.95985	47
4.95992	47
4.98099	47
4.981	47
4.981	47
4.98101	47
4.98105	47
5.02902	47
5.02902	47
5.02903	47
5.02903	47
5.02903	47
5.02903	47
5.02904	47
5.02904	47
5.02906	47
5.03027	47
5.03027	47
5.03031	47
5.04717	47
5.04718	47
5.04718	47
5.04724	47
5.04915	47
5.04916	47
5.04916	47
5.04918	47
5.04926	47
5.06545	47
5.06545	47
5.06545	47
5.06545	47
5.06545	47
5.06546	47
5.06548	47
5.0655	47
5.06561	47
5.08792	47
5.08792	47
5.08797	47
5.08797	47
5.08798	47
5.08806	47
5.10271	47
5.10272	47
5.10273	47
5.11478	47
5.11478	47
5.11479	47
5.11479	47
5.11481	47
5.1149	47
5.1157	47
5.11577	47
5.11626	47
5.12783	47
5.12784	47
5.12784	47
5.12784	47
5.12785	47
5.12785	47
5.15269	47
5.15273	47
5.15273	47
5.15274	47
5.15277	47
5.15282	47
5.1533	47
5.2277	47
5.2277	47
5.22771	47
5.22771	47
5.22772	47
5.22774	47
5.22776	47
5.22779	47
5.2299	47
5.2299	47
5.22997	47
5.23305	47
5.23305	47
5.23309	47
5.24073	47
5.24101	47
5.24116	47
5.24168	47
5.24361	47
5.2437	47
5.24804	47
5.24804	47
5.24805	47
5.24828	47
5.24841	47
5.26288	47
5.26288	47
5.26288	47
5.26288	47
5.2629	47
5.2629	47
5.26291	47
5.26306	47
5.27794	47
5.27796	47
5.27796	47
5.278	47
5.32806	47
5.32806	47
5.32807	47
5.32808	47
5.32809	47
5.3281	47
5.32817	47
5.32818	47
5.33566	47
5.33566	47
5.33574	47
5.35234	47
5.35235	47
5.3524	47
5.35241	47
5.35243	47
5.36636	47
5.36636	47
5.36636	47
5.36636	47
5.36637	47
5.36638	47
5.36643	47
5.36647	47
5.3665	47
5.38003	47
5.38004	47
5.38004	47
5.38006	47
5.38015	47
5.38016	47
5.4346	47
5.43461	47
5.43461	47
5.43461	47
5.43461	47
5.43462	47
5.43462	47
5.43468	47
5.43484	47
5.45206	47
5.45207	47
5.45208	47
5.45212	47
5.45232	47
5.48011	47
5.48012	47
5.48012	47
5.48012	47
5.48012	47
5.48013	47
5.48018	47
5.48031	47
5.48039	47
5.49545	47
5.49545	47
5.49546	47
5.49546	47
5.49549	47
5.49571	47
5.54279	47
5.5428	47
5.54281	47
5.54281	47
5.54282	47
5.54285	47
5.54286	47
5.5441	47
5.54411	47
5.54418	47
5.55117	47
5.55118	47
5.55118	47
5.5512	47
5.55137	47
5.62188	47
5.62188	47
5.62189	47
5.62189	47
5.6219	47
5.6219	47
5.6219	47
5.62194	47
5.62201	47
5.74995	47
5.74996	47
5.74997	47
5.74997	47
5.74999	47
5.75003	47
5.75004	47
5.75006	47
5.76966	47
5.76967	47
5.76969	47
5.7697	47
5.81315	47
5.81315	47
5.81317	47
5.81318	47
5.81323	47
5.81325	47
5.81329	47
5.81338	47
5.81343	47
5.81733	47
5.81733	47
5.81733	47
5.81734	47
5.82	47
5.82002	47
5.84888	47
5.84889	47
5.84889	47
5.84894	47
5.84897	47
5.84905	47
5.84905	47
5.85081	47
5.85081	47
5.85082	47
5.85082	47
5.85088	47
5.85494	47
5.85494	47
5.85499	47
5.85503	47
5.8611	47
5.86808	47
5.86808	47
5.86809	47
5.8681	47
5.86818	47
5.88069	47
5.88069	47
5.88069	47
5.8807	47
5.88078	47
5.8853	47
5.88531	47
5.88531	47
5.88536	47
5.88537	47
5.91257	47
5.91257	47
5.91258	47
5.91258	47
5.91259	47
5.91262	47
5.91269	47
5.91274	47
5.93153	47
5.93153	47
5.93153	47
5.93158	47
5.93164	47
5.93166	47
5.93675	47
5.93675	47
5.93693	47
5.96554	47
5.96554	47
5.96554	47
5.96554	47
5.96558	47
5.96564	47
5.96564	47
6.12266	47
6.12269	47
6.12271	47
6.12271	47
6.12274	47
6.12275	47
6.1228	47
6.12306	47
6.61172	47
6.61172	47
6.61176	47
6.61177	47
6.61177	47
6.61177	47
6.61182	47
6.61215	47
6.66311	47
6.66313	47
6.66316	47
6.66318	47
6.6632	47
6.66323	47
6.66325	47
6.66334	47
6.69366	47
6.69366	47
6.69369	47
6.69375	47
6.69375	47
6.69391	47
7.94864	47
7.94865	47
7.94865	47
7.94867	47
7.94867	47
7.94869	47
7.94869	47
7.94874	47
8.31692	47
8.31693	47
8.31694	47
8.31696	47
8.31698	47
8.31698	47
8.31727	47
8.31788	47
8.31963	47
8.33118	47
8.33118	47
8.33119	47
8.33126	47
8.34891	47
8.34896	47
8.349	47
8.34904	47
8.34935	47
8.35422	47
8.35422	47
8.35423	47
8.35423	47
8.35427	47
8.35593	47
8.35593	47
8.35593	47
8.35601	47
9.19724	47
9.19727	47
9.19728	47
9.1973	47
9.19731	47
9.19734	47
9.19765	47
9.19816	47
9.20567	47
9.20569	47
9.20575	47
9.20629	47
9.2071	47
9.21377	47
9.21377	47
9.21379	47
9.21381	47
9.54407	47
9.54407	47
9.5441	47
9.54414	47
9.54417	47
9.54423	47
9.54431	47
9.54576	47
10.2152	47
10.2152	47
10.2152	47
10.2152	47
10.2152	47
10.2152	47
10.2152	47
10.2556	47
10.2556	47
10.2556	47
10.2556	47
10.2556	47
10.2557	47
10.2557	47
10.2557	47
10.2558	47
10.2559	47
11.0271	47
11.0271	47
11.0272	47
11.0272	47
11.0272	47
11.0273	47
11.0273	47
11.0276	47
11.0276	47
11.0277	47
11.1629	47
11.1629	47
11.1629	47
11.1629	47
11.163	47
11.163	47
11.1633	47
12.3059	47
12.3059	47
12.3059	47
12.306	47
12.306	47
12.306	47
12.3061	47
12.3061	47
12.3062	47
12.3063	47
12.3143	47
12.3143	47
12.3143	47
12.3144	47
12.3487	47
12.3487	47
12.3488	47
12.3488	47
12.3488	47
12.3489	47
12.3489	47
12.3494	47
12.4869	47
12.4869	47
12.4869	47
12.4869	47
12.4869	47
12.4869	47
12.4869	47
12.4871	47
12.5149	47
12.5149	47
12.5149	47
12.6707	47
12.6707	47
12.6707	47
12.6707	47
12.6707	47
12.6707	47
12.6707	47
12.6707	47
12.6713	47
12.6871	47
12.6876	47
12.6881	47
12.6883	47
12.7143	47
12.7143	47
12.7144	47
12.7144	47
12.7145	47
12.7147	47
14.1656	47
14.1656	47
14.1656	47
14.1656	47
14.1656	47
14.1656	47
14.1657	47
14.1657	47
14.1658	47
14.1767	47
14.1767	47
14.1767	47
14.1767	47
14.2818	47
14.2818	47
14.2818	47
14.2818	47
14.2818	47
14.2818	47
14.2819	47
14.282	47
14.3263	47
14.3263	47
14.3264	47
14.3264	47
14.3264	47
14.3264	47
14.3264	47
14.3264	47
14.559	47
14.559	47
14.559	47
14.559	47
14.559	47
14.5591	47
14.5592	47
14.5593	47
15.0509	47
15.0509	47
15.051	47
15.051	47
15.051	47
15.051	47
15.0511	47
15.8008	47
15.8008	47
15.8008	47
15.8008	47
15.8008	47
15.8009	47
15.8009	47
15.8012	47
15.8015	47
15.8084	47
15.8085	47
15.8085	47
15.9424	47
15.9424	47
15.9424	47
15.9425	47
15.9425	47
15.9425	47
15.9425	47
15.9427	47
15.9944	47
15.9944	47
15.9944	47
15.9945	47
15.9945	47
15.9946	47
15.9946	47
16.0551	47
16.0551	47
16.0551	47
16.0551	47
16.0551	47
16.0551	47
16.0552	47
16.0553	47
16.0558	47
16.3564	47
16.3565	47
16.3565	47
16.3565	47
16.3565	47
16.3566	47
16.3566	47
16.3566	47
16.8123	47
16.8123	47
16.8123	47
16.8123	47
16.8124	47
16.8124	47
16.8124	47
16.8126	47
17.4273	47
17.4273	47
17.4273	47
17.4273	47
17.4273	47
17.4273	47
17.4273	47
17.4274	47
17.4274	47
17.4275	47
17.8821	47
17.8821	47
17.8821	47
17.8821	47
17.8821	47
17.8822	47
17.8824	47
17.8834	47
18.0301	47
18.0301	47
18.0302	47
18.0302	47
18.0302	47
18.0302	47
18.0303	47
18.0304	47
18.07	47
18.07	47
18.07	47
18.07	47
18.0701	47
18.0703	47
18.0708	47
18.3054	47
18.3054	47
18.3055	47
18.3055	47
18.3055	47
18.3056	47
18.3063	47
18.3064	47
18.3925	47
18.3925	47
18.3926	47
18.3926	47
18.3926	47
18.3926	47
18.3928	47
18.5681	47
18.5681	47
18.5681	47
18.5682	47
18.5682	47
18.5682	47
18.5683	47
18.5685	47
18.5686	47
18.5686	47
19.0789	47
19.0789	47
19.0789	47
19.079	47
19.079	47
19.079	47
19.0792	47
19.0794	47
19.9629	47
19.9629	47
19.9629	47
19.963	47
19.9631	47
19.9632	47
19.9633	47
19.9635	47
20.0407	47
20.0407	47
20.0407	47
20.0407	47
20.0408	47
20.0408	47
20.041	47
20.0411	47
20.5903	47
20.5903	47
20.5904	47
20.5904	47
20.5904	47
20.5907	47
20.5907	47
20.5907	47
21.7248	47
21.7248	47
21.7249	47
21.7249	47
21.7249	47
21.7249	47
21.7249	47
21.7251	47
21.8097	47
21.8097	47
21.8097	47
21.8098	47
21.8098	47
21.8098	47
21.81	47
21.9388	47
21.9388	47
21.9389	47
21.9389	47
21.939	47
21.9393	47
21.9393	47
21.9399	47
22.3343	47
22.3343	47
22.3344	47
22.3344	47
22.3344	47
22.3345	47
22.3345	47
22.335	47
22.3365	47
22.3749	47
22.3749	47
22.3749	47
22.3749	47
22.3749	47
22.3749	47
22.3751	47
22.3755	47
24.0294	47
24.0294	47
24.0294	47
24.0294	47
24.0294	47
24.0295	47
24.0297	47
24.0297	47
24.0298	47
24.1184	47
24.1185	47
24.1185	47
24.1185	47
24.1185	47
24.1185	47
24.1186	47
24.1186	47
24.7825	47
24.7826	47
24.7826	47
24.7826	47
24.7827	47
24.7827	47
24.7829	47
24.783	47
25.0533	47
25.0533	47
25.0533	47
25.0533	47
25.0533	47
25.0533	47
25.0537	47
26.0421	47
26.0421	47
26.0421	47
26.0421	47
26.0421	47
26.0422	47
26.0422	47
26.0422	47
26.0424	47
26.0431	47
26.5984	47
26.5984	47
26.5984	47
26.5984	47
26.5985	47
26.5985	47
26.5987	47
26.5988	47
27.4043	47
27.4043	47
27.4043	47
27.4043	47
27.4043	47
27.4044	47
27.4044	47
27.4046	47
27.9742	47
27.9742	47
27.9742	47
27.9743	47
27.9743	47
27.9743	47
27.9744	47
27.9746	47
29.0042	47
29.0042	47
29.0042	47
29.0042	47
29.0042	47
29.0042	47
29.0045	47
29.0982	47
29.0982	47
29.0982	47
29.0982	47
29.0982	47
29.0983	47
29.0985	47
29.0985	47
29.0986	47
29.0992	47
30.063	47
30.063	47
30.063	47
30.0631	47
30.0631	47
30.0631	47
30.0632	47
30.0637	47
30.339	47
30.339	47
30.339	47
30.3391	47
30.3391	47
30.3392	47
30.3392	47
30.3395	47
30.3404	47
30.8178	47
30.8178	47
30.8178	47
30.8179	47
30.8179	47
30.8179	47
30.819	47
30.8191	47
30.821	47
32.7687	47
32.7687	47
32.7687	47
32.7688	47
32.7688	47
32.7689	47
32.7689	47
32.7689	47
32.7746	47
32.7746	47
32.7748	47
32.9123	47
32.9123	47
32.9123	47
32.9124	47
32.9124	47
32.9126	47
32.9131	47
32.9132	47
33.3334	47
33.3334	47
33.3334	47
33.3334	47
33.3334	47
33.3334	47
33.3335	47
33.3337	47
33.3355	47
33.3363	47
33.3546	47
33.3546	47
33.3546	47
33.3546	47
33.3548	47
34.5184	47
34.5184	47
34.5184	47
34.5185	47
34.5185	47
34.5185	47
34.5189	47
34.9572	47
34.9572	47
34.9572	47
34.9572	47
34.9572	47
34.9572	47
34.9572	47
34.9573	47
34.9575	47
35.9454	47
35.9454	47
35.9454	47
35.9455	47
35.9456	47
35.9456	47
35.9457	47
35.9457	47
36.082	47
36.082	47
36.082	47
36.0821	47
36.0821	47
36.0822	47
36.0823	47
36.0824	47
37.1663	47
37.1663	47
37.1663	47
37.1663	47
37.1663	47
37.1663	47
37.1664	47
37.1665	47
37.9441	47
37.9441	47
37.9441	47
37.9441	47
37.9442	47
37.9442	47
37.9443	47
38.4527	47
38.4527	47
38.4527	47
38.4527	47
38.4527	47
38.4528	47
38.4528	47
38.4529	47
38.726	47
38.726	47
38.726	47
38.726	47
38.726	47
38.726	47
38.7261	47
38.7261	47
38.7265	47
38.8035	47
38.8035	47
38.8035	47
38.8036	47
38.8036	47
38.8036	47
38.8036	47
38.8045	47
39.6503	47
39.6503	47
39.6503	47
39.6503	47
39.6503	47
39.6504	47
39.6506	47
39.6507	47
40.9245	47
40.9245	47
40.9245	47
40.9245	47
40.9245	47
40.9245	47
40.9246	47
40.9413	47
40.9413	47
40.9414	47
40.9415	47
41.0786	47
41.0786	47
41.0786	47
41.0786	47
41.0786	47
41.0787	47
41.0787	47
41.0814	47
41.1844	47
41.1844	47
41.1844	47
41.1845	47
41.1845	47
41.1845	47
41.1846	47
41.1847	47
41.1848	47
42.2243	47
42.2243	47
42.2243	47
42.2243	47
42.2243	47
42.2243	47
42.2244	47
42.2244	47
42.2539	47
42.2539	47
42.254	47
42.2541	47
42.2541	47
42.2544	47
42.2545	47
42.2546	47
42.2547	47
42.2549	47
42.2552	47
42.2558	47
42.5259	47
42.5259	47
42.5259	47
42.5259	47
42.5259	47
42.526	47
42.5261	47
43.0165	47
43.0166	47
43.0167	47
43.0167	47
43.0167	47
43.0168	47
43.017	47
43.3984	47
43.3984	47
43.3984	47
43.3984	47
43.3985	47
43.3986	47
43.3993	47
43.3994	47
43.4	47
43.6644	47
43.6644	47
43.6644	47
43.6645	47
43.6645	47
43.6647	47
43.6647	47
43.6655	47
43.7087	47
43.7087	47
43.7087	47
43.7088	47
43.7088	47
43.7089	47
43.7089	47
43.7092	47
43.7768	47
43.7768	47
43.7768	47
43.7769	47
43.777	47
43.7771	47
43.7773	47
43.7773	47
43.7775	47
43.9379	47
43.9379	47
43.938	47
43.9381	47
43.9381	47
43.9382	47
43.9383	47
43.9384	47
44.0798	47
44.0798	47
44.0798	47
44.0798	47
44.0799	47
44.0799	47
44.0803	47
44.0805	47
45.2461	47
45.2461	47
45.2461	47
45.2461	47
45.2461	47
45.2462	47
45.2464	47
45.7444	47
45.7444	47
45.7444	47
45.7444	47
45.7445	47
45.7447	47
45.7448	47
45.7451	47
45.7456	47
46.2231	47
46.2231	47
46.2231	47
46.2232	47
46.2232	47
46.2233	47
46.2233	47
46.2238	47
46.4567	47
46.4567	47
46.4567	47
46.4568	47
46.4568	47
46.4568	47
46.4569	47
47.1776	47
47.1776	47
47.1776	47
47.1776	47
47.1776	47
47.1776	47
47.178	47
47.1801	47
48.2438	47
48.2438	47
48.2438	47
48.2438	47
48.2438	47
48.2438	47
48.2439	47
48.2439	47
48.2551	47
48.2551	47
48.2553	47
48.2554	47
48.2556	47
48.4141	47
48.4142	47
48.4142	47
48.4143	47
48.4143	47
48.4143	47
48.4144	47
48.4147	47
48.4149	47
48.415	47
48.4209	47
48.421	47
48.4212	47
49.2025	47
49.2025	47
49.2025	47
49.2025	47
49.2026	47
49.2027	47
49.2031	47
49.2033	47
49.2485	47
49.2485	47
49.2486	47
49.2486	47
49.2486	47
49.2486	47
49.2486	47
49.2487	47
49.2487	47
49.5599	47
49.5599	47
49.5599	47
49.56	47
49.5601	47
49.5601	47
49.5601	47
49.5604	47
51.0476	47
51.0476	47
51.0476	47
51.0476	47
51.0477	47
51.0477	47
51.0485	47
51.7728	47
51.7728	47
51.7728	47
51.7728	47
51.7728	47
51.773	47
51.7735	47
51.7736	47
52.3619	47
52.3619	47
52.3619	47
52.362	47
52.362	47
52.3622	47
52.3622	47
52.3624	47
52.3624	47
52.3625	47
52.3764	47
52.3764	47
52.3764	47
52.3768	47
52.3865	47
52.3865	47
52.3867	47
52.3869	47
52.4031	47
52.4031	47
52.4031	47
52.4033	47
52.4033	47
52.4035	47
52.8875	47
52.8875	47
52.8875	47
52.8875	47
52.8876	47
52.8876	47
52.8876	47
52.8877	47
52.8878	47
53.3066	47
53.3066	47
53.3066	47
53.3066	47
53.3067	47
53.3069	47
53.307	47
53.308	47
53.8953	47
53.8953	47
53.8954	47
53.8954	47
53.8954	47
53.8955	47
53.8957	47
53.8958	47
54.7884	47
54.7884	47
54.7884	47
54.7884	47
54.7885	47
54.7886	47
54.7886	47
54.7887	47
54.7888	47
56.044	47
56.044	47
56.044	47
56.0441	47
56.0441	47
56.0441	47
56.0442	47
56.9536	47
56.9536	47
56.9537	47
56.9537	47
56.9537	47
56.9537	47
56.9538	47
56.954	47
56.954	47
58.2349	47
58.2349	47
58.235	47
58.235	47
58.235	47
58.235	47
58.2352	47
59.5513	47
59.5513	47
59.5513	47
59.5514	47
59.5514	47
59.5517	47
59.5519	47
60.8964	47
60.8964	47
60.8964	47
60.8966	47
60.8966	47
60.8967	47
60.8971	47
60.8972	47
60.8977	47
60.8978	47
60.8982	47
61.1927	47
61.1927	47
61.1928	47
61.1929	47
61.1931	47
61.1931	47
61.1931	47
61.1933	47
62.2481	47
62.2481	47
62.2481	47
62.2481	47
62.2481	47
62.2482	47
62.2483	47
62.2488	47
62.6719	47
62.6719	47
62.6719	47
62.6719	47
62.6719	47
62.672	47
62.672	47
62.6722	47
62.6729	47
62.8347	47
62.8347	47
62.8348	47
62.8348	47
62.8348	47
62.8349	47
62.8349	47
62.8349	47
63.0421	47
63.0421	47
63.0422	47
63.0422	47
63.0422	47
63.0424	47
63.0437	47
63.0438	47
63.0439	47
63.4404	47
63.4404	47
63.4404	47
63.4405	47
63.4405	47
63.4405	47
63.4405	47
63.4405	47
63.4408	47
65.1628	47
65.1629	47
65.1629	47
65.1629	47
65.1629	47
65.1629	47
65.1632	47
65.4308	47
65.4308	47
65.4309	47
65.4309	47
65.4309	47
65.4309	47
65.4311	47
65.4311	47
65.4318	47
65.4321	47
65.8441	47
65.8441	47
65.8441	47
65.8441	47
65.8441	47
65.8442	47
65.8447	47
65.8447	47
65.9917	47
65.9917	47
65.9917	47
65.9918	47
65.9918	47
65.9918	47
65.992	47
65.9922	47
67.4931	47
67.4932	47
67.4932	47
67.4932	47
67.4933	47
67.4933	47
67.4935	47
67.494	47
67.8415	47
67.8416	47
67.8416	47
67.8416	47
67.8417	47
67.8419	47
67.8421	47
67.8425	47
67.9718	47
67.9718	47
67.9718	47
67.9718	47
67.9719	47
67.972	47
67.972	47
68.853	47
68.853	47
68.853	47
68.853	47
68.8531	47
68.8531	47
68.8533	47
68.8537	47
68.8804	47
68.8805	47
68.8806	47
68.8807	47
68.8808	47
68.8822	47
68.8836	47
68.9409	47
68.9409	47
68.9409	47
68.9409	47
68.941	47
68.941	47
68.941	47
68.9411	47
68.9416	47
69.0616	47
69.0616	47
69.0617	47
69.0617	47
69.0617	47
69.0617	47
69.0618	47
69.0619	47
69.062	47
69.062	47
69.3538	47
69.3538	47
69.3539	47
69.3539	47
69.3539	47
69.354	47
69.3543	47
69.3543	47
69.6736	47
69.6737	47
69.6737	47
69.6737	47
69.6737	47
69.6738	47
69.6739	47
69.674	47
70.2484	47
70.2484	47
70.2484	47
70.2485	47
70.2485	47
70.2485	47
70.2487	47
70.2488	47
71.3147	47
71.3147	47
71.3147	47
71.3147	47
71.3147	47
71.3148	47
71.315	47
71.9311	47
71.9312	47
71.9312	47
71.9312	47
71.9312	47
71.9312	47
71.9313	47
71.9314	47
71.9314	47
72.5527	47
72.5527	47
72.5528	47
72.5528	47
72.5528	47
72.5528	47
72.553	47
72.5531	47
73.0418	47
73.0418	47
73.0418	47
73.0419	47
73.0419	47
73.042	47
73.0421	47
73.0425	47
73.1697	47
73.1698	47
73.1698	47
73.1698	47
73.1698	47
73.1698	47
73.1699	47
73.17	47
73.3198	47
73.3198	47
73.3198	47
73.3198	47
73.3199	47
73.3201	47
73.3202	47
73.5287	47
73.5287	47
73.5287	47
73.5287	47
73.5288	47
73.5288	47
73.5289	47
73.5291	47
73.6868	47
73.6868	47
73.6869	47
73.6869	47
73.6869	47
73.687	47
73.687	47
73.6875	47
73.6878	47
73.7401	47
73.7401	47
73.7401	47
73.7401	47
73.7401	47
73.7401	47
73.7401	47
73.7401	47
74.2217	47
74.2217	47
74.2217	47
74.2217	47
74.2218	47
74.222	47
74.2221	47
74.2222	47
74.9367	47
74.9367	47
74.9367	47
74.9367	47
74.9368	47
74.9368	47
74.9368	47
74.9371	47
77.0501	47
77.0501	47
77.0501	47
77.0501	47
77.0503	47
77.0504	47
77.0506	47
77.0507	47
77.1871	47
77.1871	47
77.1871	47
77.1872	47
77.1872	47
77.1873	47
77.1874	47
78.3536	47
78.3536	47
78.3537	47
78.3537	47
78.3538	47
78.3538	47
78.354	47
78.354	47
78.3542	47
78.693	47
78.693	47
78.693	47
78.693	47
78.693	47
78.6932	47
78.6933	47
78.6935	47
78.7828	47
78.7828	47
78.7829	47
78.7829	47
78.7829	47
78.783	47
78.7832	47
78.7833	47
79.0395	47
79.0395	47
79.0395	47
79.0395	47
79.0396	47
79.0396	47
79.0398	47
79.0403	47
80.0792	47
80.0792	47
80.0792	47
80.0792	47
80.0792	47
80.0793	47
80.0796	47
80.0798	47
80.1763	47
80.1763	47
80.1763	47
80.1763	47
80.1763	47
80.1764	47
80.1764	47
80.1765	47
80.4434	47
80.4434	47
80.4434	47
80.4434	47
80.4434	47
80.4436	47
80.4438	47
80.4445	47
80.622	47
80.622	47
80.622	47
80.6221	47
80.6221	47
80.6222	47
80.6227	47
81.8909	47
81.8909	47
81.8909	47
81.8909	47
81.8909	47
81.891	47
81.8913	47
81.8914	47
82.0723	47
82.0723	47
82.0723	47
82.0724	47
82.0724	47
82.0724	47
82.0725	47
82.0728	47
82.0733	47
82.6378	47
82.6378	47
82.6378	47
82.6378	47
82.6378	47
82.6379	47
82.6379	47
82.6383	47
82.7982	47
82.7982	47
82.7982	47
82.7983	47
82.7983	47
82.7983	47
82.7985	47
82.7988	47
82.9901	47
82.9901	47
82.9901	47
82.9902	47
82.9902	47
82.9902	47
82.991	47
83.5269	47
83.5269	47
83.5269	47
83.5269	47
83.527	47
83.5271	47
83.5277	47
83.5278	47
84.7078	47
84.7078	47
84.7079	47
84.7079	47
84.7079	47
84.7079	47
84.7079	47
84.708	47
84.708	47
85.1684	47
85.1684	47
85.1684	47
85.1684	47
85.1685	47
85.1685	47
85.1685	47
85.1689	47
86.2589	47
86.2589	47
86.2589	47
86.2591	47
86.2591	47
86.2591	47
86.2591	47
86.2592	47
86.7594	47
86.7594	47
86.7594	47
86.7595	47
86.7595	47
86.7595	47
86.7595	47
86.7596	47
86.7597	47
88.0143	47
88.0143	47
88.0143	47
88.0144	47
88.0144	47
88.0145	47
88.0147	47
88.0147	47
88.4115	47
88.4115	47
88.4115	47
88.4115	47
88.4115	47
88.4116	47
88.4121	47
89.346	47
89.346	47
89.346	47
89.3461	47
89.3461	47
89.3462	47
89.3465	47
89.3466	47
89.3467	47
89.3468	47
89.6844	47
89.6844	47
89.6844	47
89.6844	47
89.6844	47
89.6845	47
89.6845	47
89.9245	47
89.9245	47
89.9245	47
89.9246	47
89.9246	47
89.9247	47
89.9247	47
89.9248	47
89.926	47
90.2736	47
90.2736	47
90.2736	47
90.2736	47
90.2736	47
90.2737	47
90.2738	47
90.2747	47
90.2873	47
90.2873	47
90.2884	47
90.533	47
90.533	47
90.533	47
90.533	47
90.5331	47
90.5331	47
90.5335	47
90.534	47
92.6081	47
92.6081	47
92.6082	47
92.6082	47
92.6083	47
92.6083	47
92.6092	47
93.2801	47
93.2801	47
93.2801	47
93.2802	47
93.2802	47
93.2802	47
93.2802	47
93.2803	47
93.2803	47
93.7321	47
93.7322	47
93.7322	47
93.7323	47
93.7323	47
93.7325	47
93.7326	47
93.7329	47
93.7371	47
93.7376	47
93.7381	47
93.7787	47
93.7787	47
93.7787	47
93.7788	47
93.7789	47
93.7792	47
93.7792	47
93.7813	47
93.7814	47
94.2939	47
94.2939	47
94.2939	47
94.2941	47
94.2941	47
94.2941	47
94.2942	47
94.2944	47
95.7345	47
95.7345	47
95.7345	47
95.7345	47
95.7346	47
95.7347	47
95.7348	47
95.7348	47
96.0854	47
96.0854	47
96.0854	47
96.0855	47
96.0856	47
96.0856	47
96.0857	47
96.1068	47
96.1068	47
96.1069	47
96.107	47
96.108	47
96.1087	47
96.1087	47
96.1088	47
96.4386	47
96.4386	47
96.4386	47
96.4387	47
96.4387	47
96.4387	47
96.4387	47
96.7966	47
96.7966	47
96.7966	47
96.7966	47
96.7967	47
96.7967	47
96.7968	47
96.7968	47
96.7968	47
96.8697	47
96.8697	47
96.8697	47
96.8697	47
96.8698	47
96.8698	47
96.8704	47
96.9316	47
96.9316	47
96.9316	47
96.9316	47
96.9317	47
96.9317	47
96.932	47
96.9324	47
97.1952	47
97.1952	47
97.1952	47
97.1952	47
97.1952	47
97.1952	47
97.1952	47
97.1956	47
97.1959	47
99.2686	47
99.2686	47
99.2687	47
99.2687	47
99.2688	47
99.2689	47
99.2691	47
99.2691	47
99.4824	47
99.4824	47
99.4824	47
99.4825	47
99.4826	47
99.4826	47
99.4827	47
99.4837	47
99.4846	47
