2.82976e-11	0
5.04618e-11	1
1.85908e-10	2
2.24899e-10	3
3.18305e-10	4
3.30054e-10	5
6.73087e-10	6
7.1645e-10	7
8.39049e-10	8
8.5502e-10	9
9.8255e-10	10
9.93099e-10	11
1.02309e-09	12
1.23548e-09	13
1.29882e-09	14
1.35515e-09	15
1.39275e-09	16
1.41031e-09	17
1.46807e-09	18
1.48033e-09	19
1.61396e-09	20
1.64987e-09	21
1.78277e-09	22
2.13025e-09	23
2.17319e-09	24
2.31485e-09	25
2.35587e-09	26
3.05948e-09	27
3.13442e-09	28
3.37847e-09	29
3.60369e-09	30
3.71379e-09	31
3.88292e-09	32
3.94464e-09	33
3.9997e-09	34
4.17848e-09	35
4.24846e-09	36
4.36972e-09	37
4.60069e-09	37
4.60996e-09	38
5.0506e-09	39
5.16025e-09	40
5.86863e-09	41
6.86527e-09	42
6.92316e-09	43
7.06321e-09	44
7.32356e-09	45
7.48083e-09	46
7.49697e-09	47
7.65391e-09	47
7.79137e-09	48
8.37982e-09	49
8.75519e-09	50
9.77077e-09	50
1.02693e-08	51
1.03522e-08	51
1.06071e-08	51
1.2839e-08	52
1.31228e-08	52
1.37655e-08	52
1.40358e-08	53
1.45487e-08	53
1.47339e-08	53
2.04439e-08	53
2.23365e-08	54
2.32343e-08	54
2.58156e-08	54
3.11625e-08	54
3.25791e-08	54
3.39513e-08	54
3.56267e-08	54
3.68626e-08	54
4.0481e-08	54
4.10684e-08	54
4.18866e-08	54
4.73346e-08	54
4.82746e-08	54
5.20172e-08	54
5.91348e-08	54
6.00394e-08	54
6.36473e-08	54
6.4997e-08	54
7.21931e-08	54
7.34991e-08	54
7.39873e-08	54
7.85929e-08	54
8.37253e-08	54
8.49949e-08	54
8.62566e-08	54
9.16536e-08	54
9.3657e-08	54
9.40723e-08	54
9.43547e-08	54
9.6435e-08	54
1.0024e-07	54
1.00886e-07	54
1.03294e-07	54
1.05511e-07	54
1.14468e-07	54
1.16902e-07	54
1.19049e-07	54
1.23991e-07	54
1.26718e-07	54
1.26995e-07	54
1.29565e-07	54
1.35112e-07	54
1.38604e-07	54
1.38723e-07	54
1.38823e-07	54
1.40573e-07	54
1.45348e-07	54
1.46018e-07	54
1.46573e-07	54
1.46913e-07	54
1.47094e-07	54
1.48504e-07	54
1.48764e-07	54
1.64842e-07	54
1.67268e-07	54
1.69983e-07	54
1.72135e-07	54
1.88832e-07	54
1.95754e-07	54
1.96408e-07	54
1.97284e-07	54
2.01586e-07	54
2.14612e-07	54
2.16747e-07	54
2.27214e-07	54
2.30094e-07	54
2.30564e-07	54
2.37137e-07	54
2.48429e-07	54
2.53121e-07	54
2.5624e-07	54
2.57317e-07	54
2.57383e-07	54
2.64106e-07	54
2.64429e-07	54
2.64724e-07	54
2.65309e-07	54
2.76128e-07	54
2.78107e-07	54
2.81098e-07	54
2.84476e-07	54
2.88524e-07	54
2.96587e-07	54
2.97745e-07	54
3.01723e-07	54
3.03208e-07	54
3.10264e-07	54
3.12598e-07	54
3.12813e-07	54
3.24528e-07	54
3.30097e-07	54
3.33281e-07	54
3.50036e-07	54
3.51087e-07	54
3.51587e-07	54
3.56463e-07	54
3.66171e-07	54
3.68756e-07	54
3.71048e-07	54
3.71666e-07	54
3.72149e-07	54
3.80265e-07	54
3.82466e-07	54
3.84395e-07	54
3.88175e-07	54
3.93764e-07	54
4.04571e-07	54
4.05789e-07	54
4.18802e-07	54
4.23667e-07	54
4.23923e-07	54
4.27001e-07	54
4.35815e-07	54
4.37115e-07	54
4.38501e-07	54
4.43507e-07	54
4.49291e-07	54
4.54291e-07	54
4.60099e-07	54
4.61109e-07	54
4.61946e-07	54
4.68567e-07	54
4.68619e-07	54
4.7559e-07	54
4.78157e-07	54
4.78882e-07	54
4.85203e-07	54
4.90639e-07	54
5.0359e-07	54
5.06758e-07	54
5.08504e-07	54
5.08529e-07	54
5.10938e-07	54
5.23079e-07	54
5.29946e-07	54
5.34102e-07	54
5.37355e-07	54
5.38351e-07	54
5.3865e-07	54
5.39187e-07	54
5.41165e-07	54
5.44524e-07	54
5.51356e-07	54
5.53116e-07	54
5.59663e-07	54
5.6108e-07	54
5.63493e-07	54
5.75509e-07	54
5.90121e-07	54
5.92743e-07	54
5.97821e-07	54
6.00127e-07	54
6.0744e-07	54
6.07808e-07	54
6.10104e-07	54
6.1152e-07	54
6.12659e-07	54
6.21699e-07	54
6.24057e-07	54
6.44561e-07	54
6.45424e-07	54
6.50034e-07	54
6.60362e-07	54
6.62138e-07	54
6.70827e-07	54
6.71926e-07	54
6.72502e-07	54
6.73816e-07	54
6.77783e-07	54
6.82541e-07	54
6.94223e-07	54
6.98263e-07	54
7.01264e-07	54
7.03551e-07	54
7.13041e-07	54
7.1918e-07	54
7.24973e-07	54
7.26963e-07	54
7.34443e-07	54
7.34851e-07	54
7.42102e-07	54
7.46514e-07	54
7.50433e-07	54
7.53011e-07	54
7.54505e-07	54
7.56548e-07	54
7.74711e-07	54
7.74737e-07	54
7.76662e-07	54
7.78507e-07	54
7.86618e-07	54
7.89039e-07	54
7.89448e-07	54
7.96284e-07	54
8.05815e-07	54
8.05898e-07	54
8.23163e-07	54
8.30536e-07	54
8.35006e-07	54
8.35898e-07	54
8.37569e-07	54
8.3884e-07	54
8.46843e-07	54
8.50876e-07	54
8.51811e-07	54
8.54172e-07	54
8.55817e-07	54
8.57134e-07	54
8.64447e-07	54
8.66463e-07	54
8.78496e-07	54
8.81304e-07	54
9.00416e-07	54
9.05061e-07	54
9.15538e-07	54
9.21982e-07	54
9.34139e-07	54
9.50899e-07	54
9.57912e-07	54
9.6149e-07	54
9.63023e-07	54
9.6344e-07	54
9.81519e-07	54
9.83817e-07	54
9.94878e-07	54
9.98833e-07	54
9.99396e-07	54
1.01737e-06	54
1.02049e-06	54
1.0235e-06	54
1.03768e-06	54
1.0382e-06	54
1.03931e-06	54
1.04122e-06	54
1.04984e-06	54
1.05542e-06	54
1.06405e-06	54
1.07091e-06	54
1.07395e-06	54
1.08086e-06	54
1.09929e-06	54
1.1202e-06	54
1.13343e-06	54
1.13961e-06	54
1.1403e-06	54
1.14337e-06	54
1.14492e-06	54
1.14832e-06	54
1.15777e-06	54
1.16108e-06	54
1.16598e-06	54
1.16627e-06	54
1.17804e-06	54
1.18945e-06	54
1.19057e-06	54
1.20144e-06	54
1.20869e-06	54
1.20921e-06	54
1.21595e-06	54
1.23059e-06	54
1.2354e-06	54
1.23873e-06	54
1.24155e-06	54
1.24219e-06	54
1.24324e-06	54
1.24615e-06	54
1.25846e-06	54
1.2669e-06	54
1.27129e-06	54
1.28585e-06	54
1.28715e-06	54
1.30409e-06	54
1.32063e-06	54
1.32572e-06	54
1.326e-06	54
1.32751e-06	54
1.34577e-06	54
1.35651e-06	54
1.35719e-06	54
1.36001e-06	54
1.36372e-06	54
1.36877e-06	54
1.40595e-06	54
1.41557e-06	54
1.41734e-06	54
1.41867e-06	54
1.42386e-06	54
1.45419e-06	54
1.45581e-06	54
1.4686e-06	54
1.48479e-06	54
1.48706e-06	54
1.49161e-06	54
1.51963e-06	54
1.52718e-06	54
1.55046e-06	54
1.5853e-06	54
1.59314e-06	54
1.59981e-06	54
1.61567e-06	54
1.63307e-06	54
1.67175e-06	54
1.7018e-06	54
1.71448e-06	54
1.71692e-06	54
1.73514e-06	54
1.79017e-06	54
1.79362e-06	54
1.81492e-06	54
1.84146e-06	54
1.88693e-06	54
1.9077e-06	54
1.94034e-06	54
1.94072e-06	54
1.98115e-06	54
1.99182e-06	54
2.03585e-06	54
2.03897e-06	54
2.06949e-06	54
2.08e-06	54
2.08199e-06	54
2.10687e-06	54
2.10773e-06	54
2.10853e-06	54
2.11607e-06	54
2.12271e-06	54
2.17328e-06	54
2.18701e-06	54
2.19555e-06	54
2.20329e-06	54
2.21528e-06	54
2.2304e-06	54
2.23786e-06	54
2.24103e-06	54
2.25376e-06	54
2.26728e-06	54
2.26811e-06	54
2.33941e-06	54
2.34326e-06	54
2.37939e-06	54
2.38214e-06	54
2.38331e-06	54
2.42812e-06	54
2.49388e-06	54
2.5058e-06	54
2.51267e-06	54
2.51905e-06	54
2.54644e-06	54
2.56941e-06	54
2.62085e-06	54
2.63485e-06	54
2.63696e-06	54
2.69659e-06	54
2.71667e-06	54
2.73385e-06	54
2.79132e-06	54
2.85059e-06	54
2.87727e-06	54
2.94607e-06	54
2.97285e-06	54
2.98168e-06	54
2.98898e-06	54
2.99917e-06	54
3.00499e-06	54
3.05034e-06	54
3.05881e-06	54
3.06149e-06	54
3.09805e-06	54
3.12318e-06	54
3.12965e-06	54
3.17438e-06	54
3.19151e-06	54
3.20857e-06	54
3.22591e-06	54
3.22644e-06	54
3.32874e-06	54
3.33433e-06	54
3.36742e-06	54
3.44106e-06	54
3.44142e-06	54
3.48883e-06	54
3.50521e-06	54
3.65658e-06	54
3.70773e-06	54
3.7509e-06	54
3.78634e-06	54
3.79112e-06	54
3.79363e-06	54
3.83696e-06	54
3.84024e-06	54
3.96612e-06	54
3.99437e-06	54
3.99916e-06	54
4.06593e-06	54
4.07929e-06	54
4.08224e-06	54
4.09924e-06	54
4.11535e-06	54
4.19654e-06	54
4.25893e-06	54
4.26138e-06	54
4.41169e-06	54
4.42115e-06	54
4.45948e-06	54
4.57434e-06	54
4.62772e-06	54
4.74256e-06	54
4.7835e-06	54
4.81883e-06	54
4.91205e-06	54
4.9645e-06	54
5.17411e-06	54
5.38161e-06	54
5.40081e-06	54
5.48868e-06	54
5.52333e-06	54
5.74037e-06	54
5.76864e-06	54
5.83827e-06	54
5.94054e-06	54
5.97254e-06	54
5.98629e-06	54
6.05649e-06	54
6.08337e-06	54
6.15932e-06	54
6.19237e-06	54
6.19759e-06	54
6.20195e-06	54
6.29907e-06	54
6.37356e-06	54
6.40689e-06	54
6.41993e-06	54
6.5756e-06	54
6.57764e-06	54
6.61564e-06	54
6.6599e-06	54
6.7864e-06	54
6.80939e-06	54
6.84541e-06	54
6.91153e-06	54
7.07219e-06	54
7.0818e-06	54
7.13942e-06	54
7.17134e-06	54
7.19424e-06	54
7.22522e-06	54
7.41261e-06	54
7.4505e-06	54
7.45892e-06	54
7.5788e-06	54
7.58127e-06	54
7.59391e-06	54
7.92489e-06	54
7.9459e-06	54
7.94695e-06	54
7.98731e-06	54
8.14374e-06	54
8.2626e-06	54
8.34351e-06	54
8.35189e-06	54
8.41043e-06	54
8.43522e-06	54
8.51385e-06	54
8.63114e-06	54
8.71507e-06	54
8.83702e-06	54
8.98637e-06	54
9.08001e-06	54
9.1718e-06	54
9.18837e-06	54
9.36489e-06	54
9.40476e-06	54
9.42579e-06	54
9.49053e-06	54
9.574e-06	54
9.60245e-06	54
9.65659e-06	54
9.78128e-06	54
9.97833e-06	54
1.00602e-05	54
1.02871e-05	54
1.04496e-05	54
1.04732e-05	54
1.05007e-05	54
1.0511e-05	54
1.05423e-05	54
1.05454e-05	54
1.05683e-05	54
1.07696e-05	54
1.08171e-05	54
1.08392e-05	54
1.09344e-05	54
1.09398e-05	54
1.09799e-05	54
1.09986e-05	54
1.11577e-05	54
1.11831e-05	54
1.12976e-05	54
1.14764e-05	54
1.15257e-05	54
1.16047e-05	54
1.17144e-05	54
1.20377e-05	54
1.21021e-05	54
1.21576e-05	54
1.22507e-05	54
1.22579e-05	54
1.22793e-05	54
1.23161e-05	54
1.23169e-05	54
1.24092e-05	54
1.24624e-05	54
1.24973e-05	54
1.25249e-05	54
1.27535e-05	54
1.29408e-05	54
1.31728e-05	54
1.3201e-05	54
1.33457e-05	54
1.33758e-05	54
1.34163e-05	54
1.34874e-05	54
1.35245e-05	54
1.38853e-05	54
1.39459e-05	54
1.39872e-05	54
1.41716e-05	54
1.45396e-05	54
1.47715e-05	54
1.48721e-05	54
1.48728e-05	54
1.49902e-05	54
1.49919e-05	54
1.50125e-05	54
1.51743e-05	54
1.5259e-05	54
1.54397e-05	54
1.54757e-05	54
1.585e-05	54
1.59851e-05	54
1.60057e-05	54
1.60502e-05	54
1.64169e-05	54
1.65227e-05	54
1.67385e-05	54
1.68254e-05	54
1.69372e-05	54
1.69491e-05	54
1.69758e-05	54
1.69905e-05	54
1.70852e-05	54
1.71079e-05	54
1.71221e-05	54
1.73317e-05	54
1.74325e-05	54
1.74651e-05	54
1.74952e-05	54
1.75047e-05	54
1.7752e-05	54
1.77544e-05	54
1.78896e-05	54
1.79854e-05	54
1.81286e-05	54
1.82362e-05	54
1.85212e-05	54
1.86786e-05	54
1.87399e-05	54
1.87576e-05	54
1.89625e-05	54
1.9019e-05	54
1.92333e-05	54
1.93943e-05	54
1.94952e-05	54
1.95528e-05	54
1.9591e-05	54
1.96677e-05	54
1.97441e-05	54
1.98575e-05	54
1.9881e-05	54
1.99121e-05	54
1.99238e-05	54
1.99245e-05	54
2.00213e-05	54
2.01662e-05	54
2.02197e-05	54
2.02864e-05	54
2.04852e-05	54
2.04946e-05	54
2.05522e-05	54
2.05732e-05	54
2.0608e-05	54
2.08842e-05	54
2.12534e-05	54
2.13716e-05	54
2.14318e-05	54
2.14859e-05	54
2.15353e-05	54
2.17397e-05	54
2.17671e-05	54
2.18933e-05	54
2.19746e-05	54
2.2022e-05	54
2.21045e-05	54
2.21812e-05	54
2.23208e-05	54
2.2377e-05	54
2.23985e-05	54
2.26257e-05	54
2.27854e-05	54
2.29671e-05	54
2.30372e-05	54
2.31571e-05	54
2.31965e-05	54
2.35198e-05	54
2.37917e-05	54
2.39478e-05	54
2.39772e-05	54
2.39974e-05	54
2.41129e-05	54
2.41348e-05	54
2.41681e-05	54
2.44624e-05	54
2.46252e-05	54
2.47026e-05	54
2.48247e-05	54
2.5265e-05	54
2.53332e-05	54
2.54347e-05	54
2.55022e-05	54
2.55168e-05	54
2.55701e-05	54
2.56223e-05	54
2.56275e-05	54
2.57284e-05	54
2.58154e-05	54
2.58421e-05	54
2.59413e-05	54
2.61137e-05	54
2.61529e-05	54
2.63751e-05	54
2.6746e-05	54
2.70445e-05	54
2.72362e-05	54
2.72436e-05	54
2.73364e-05	54
2.74089e-05	54
2.75817e-05	54
2.77258e-05	54
2.78055e-05	54
2.78311e-05	54
2.79384e-05	54
2.79637e-05	54
2.79929e-05	54
2.8219e-05	54
2.86229e-05	54
2.87301e-05	54
2.89286e-05	54
2.90239e-05	54
2.92055e-05	54
2.94003e-05	54
2.94751e-05	54
2.95599e-05	54
2.95917e-05	54
2.98024e-05	54
2.98235e-05	54
2.99616e-05	54
3.01331e-05	54
3.01755e-05	54
3.02465e-05	54
3.0302e-05	54
3.03623e-05	54
3.06276e-05	54
3.1016e-05	54
3.11698e-05	54
3.12786e-05	54
3.13311e-05	54
3.17082e-05	54
3.21816e-05	54
3.22158e-05	54
3.24074e-05	54
3.24997e-05	54
3.25683e-05	54
3.27052e-05	54
3.27168e-05	54
3.2722e-05	54
3.27501e-05	54
3.28556e-05	54
3.30754e-05	54
3.31837e-05	54
3.32972e-05	54
3.3373e-05	54
3.34592e-05	54
3.35282e-05	54
3.36511e-05	54
3.37448e-05	54
3.37488e-05	54
3.38536e-05	54
3.39427e-05	54
3.41425e-05	54
3.4153e-05	54
3.45286e-05	54
3.45294e-05	54
3.46329e-05	54
3.46485e-05	54
3.46643e-05	54
3.47304e-05	54
3.48548e-05	54
3.4934e-05	54
3.51721e-05	54
3.51945e-05	54
3.52648e-05	54
3.52971e-05	54
3.5302e-05	54
3.57145e-05	54
3.59181e-05	54
3.63237e-05	54
3.6359e-05	54
3.63913e-05	54
3.64802e-05	54
3.66349e-05	54
3.67314e-05	54
3.68928e-05	54
3.69841e-05	54
3.72088e-05	54
3.74244e-05	54
3.74255e-05	54
3.77409e-05	54
3.79702e-05	54
3.8067e-05	54
3.81197e-05	54
3.82663e-05	54
3.82783e-05	54
3.83624e-05	54
3.83947e-05	54
3.85413e-05	54
3.85467e-05	54
3.87729e-05	54
3.87853e-05	54
3.88389e-05	54
3.88716e-05	54
3.89782e-05	54
3.91994e-05	54
3.94154e-05	54
3.97143e-05	54
3.97767e-05	54
4.00599e-05	54
4.03703e-05	54
4.07611e-05	54
4.09499e-05	54
4.10921e-05	54
4.11129e-05	54
4.14727e-05	54
4.18777e-05	54
4.20656e-05	54
4.23958e-05	54
4.2406e-05	54
4.28438e-05	54
4.29001e-05	54
4.2954e-05	54
4.29756e-05	54
4.29757e-05	54
4.31253e-05	54
4.32307e-05	54
4.32338e-05	54
4.33564e-05	54
4.35747e-05	54
4.35957e-05	54
4.37628e-05	54
4.38391e-05	54
4.38437e-05	54
4.38448e-05	54
4.38676e-05	54
4.38741e-05	54
4.39077e-05	54
4.39332e-05	54
4.40901e-05	54
4.41269e-05	54
4.43282e-05	54
4.44967e-05	54
4.45053e-05	54
4.45415e-05	54
4.47265e-05	54
4.47693e-05	54
4.47866e-05	54
4.47986e-05	54
4.50591e-05	54
4.50819e-05	54
4.5093e-05	54
4.53095e-05	54
4.54941e-05	54
4.55104e-05	54
4.55276e-05	54
4.55594e-05	54
4.55779e-05	54
4.5676e-05	54
4.58915e-05	54
4.59634e-05	54
4.59747e-05	54
4.60457e-05	54
4.62189e-05	54
4.62871e-05	54
4.63082e-05	54
4.64915e-05	54
4.67159e-05	54
4.67313e-05	54
4.67744e-05	54
4.69217e-05	54
4.71781e-05	54
4.73097e-05	54
4.74107e-05	54
4.75123e-05	54
4.75332e-05	54
4.75886e-05	54
4.75904e-05	54
4.76436e-05	54
4.77398e-05	54
4.78542e-05	54
4.81543e-05	54
4.82822e-05	54
4.87268e-05	54
4.91657e-05	54
4.92044e-05	54
4.95898e-05	54
4.9985e-05	54
5.00831e-05	54
5.00838e-05	54
5.02052e-05	54
5.02502e-05	54
5.04081e-05	54
5.06781e-05	54
5.106e-05	54
5.12014e-05	54
5.12355e-05	54
5.16002e-05	54
5.18979e-05	54
5.20565e-05	54
5.22299e-05	54
5.25488e-05	54
5.27972e-05	54
5.28109e-05	54
5.29119e-05	54
5.29885e-05	54
5.31445e-05	54
5.32463e-05	54
5.32667e-05	54
5.33612e-05	54
5.36862e-05	54
5.37871e-05	54
5.37969e-05	54
5.38599e-05	54
5.38648e-05	54
5.39092e-05	54
5.39198e-05	54
5.39225e-05	54
5.40154e-05	54
5.40234e-05	54
5.41619e-05	54
5.41636e-05	54
5.43063e-05	54
5.4779e-05	54
5.47892e-05	54
5.48678e-05	54
5.58342e-05	54
5.62007e-05	54
5.6251e-05	54
5.63684e-05	54
5.688e-05	54
5.70625e-05	54
5.71141e-05	54
5.76914e-05	54
5.77693e-05	54
5.78067e-05	54
5.80137e-05	54
5.82619e-05	54
5.84378e-05	54
5.8499e-05	54
5.86291e-05	54
5.87372e-05	54
5.8767e-05	54
5.89594e-05	54
5.93093e-05	54
5.93389e-05	54
5.93936e-05	54
5.94361e-05	54
5.95635e-05	54
5.9665e-05	54
5.98638e-05	54
6.01537e-05	54
6.02236e-05	54
6.03228e-05	54
6.04943e-05	54
6.074e-05	54
6.10572e-05	54
6.10866e-05	54
6.11336e-05	54
6.12008e-05	54
6.12136e-05	54
6.13934e-05	54
6.15042e-05	54
6.1881e-05	54
6.21975e-05	54
6.2669e-05	54
6.2692e-05	54
6.27228e-05	54
6.32215e-05	54
6.335e-05	54
6.34055e-05	54
6.36175e-05	54
6.37651e-05	54
6.37751e-05	54
6.39491e-05	54
6.42185e-05	54
6.43148e-05	54
6.44902e-05	54
6.45205e-05	54
6.45553e-05	54
6.45653e-05	54
6.50278e-05	54
6.54453e-05	54
6.60005e-05	54
6.6116e-05	54
6.65691e-05	54
6.71123e-05	54
6.72366e-05	54
6.75857e-05	54
6.76353e-05	54
6.76438e-05	54
6.76982e-05	54
6.77462e-05	54
6.79086e-05	54
6.83501e-05	54
6.8574e-05	54
6.90733e-05	54
6.9327e-05	54
6.93373e-05	54
6.96247e-05	54
6.96793e-05	54
7.0152e-05	54
7.04238e-05	54
7.11005e-05	54
7.16384e-05	54
7.1707e-05	54
7.17747e-05	54
7.22991e-05	54
7.32735e-05	54
7.33242e-05	54
7.35707e-05	54
7.40774e-05	54
7.42934e-05	54
7.44221e-05	54
7.44746e-05	54
7.45277e-05	54
7.48824e-05	54
7.50259e-05	54
7.50812e-05	54
7.51046e-05	54
7.52062e-05	54
7.5214e-05	54
7.57968e-05	54
7.61565e-05	54
7.71065e-05	54
7.71097e-05	54
7.7585e-05	54
7.7813e-05	54
7.79212e-05	54
7.79339e-05	54
7.79898e-05	54
7.80022e-05	54
7.80246e-05	54
7.80933e-05	54
7.81338e-05	54
7.82754e-05	54
7.82881e-05	54
7.84417e-05	54
7.88721e-05	54
7.91979e-05	54
7.93607e-05	54
7.94855e-05	54
7.97524e-05	54
8.00216e-05	54
8.00377e-05	54
8.00773e-05	54
8.01593e-05	54
8.05286e-05	54
8.0706e-05	54
8.07499e-05	54
8.10919e-05	54
8.13005e-05	54
8.16493e-05	54
8.17574e-05	54
8.21218e-05	54
8.2135e-05	54
8.22299e-05	54
8.2546e-05	54
8.26266e-05	54
8.28258e-05	54
8.29025e-05	54
8.3005e-05	54
8.31925e-05	54
8.38838e-05	54
8.42056e-05	54
8.43429e-05	54
8.45478e-05	54
8.47923e-05	54
8.48986e-05	54
8.49349e-05	54
8.51391e-05	54
8.51724e-05	54
8.59274e-05	54
8.59767e-05	54
8.60642e-05	54
8.68056e-05	54
8.71172e-05	54
8.72921e-05	54
8.74494e-05	54
8.74979e-05	54
8.85818e-05	54
8.86776e-05	54
8.87361e-05	54
8.90062e-05	54
8.91575e-05	54
8.93401e-05	54
9.00411e-05	54
9.04376e-05	54
9.11228e-05	54
9.1248e-05	54
9.15504e-05	54
9.19217e-05	54
9.24983e-05	54
9.26691e-05	54
9.26997e-05	54
9.2994e-05	54
9.31975e-05	54
9.32998e-05	54
9.35175e-05	54
9.35716e-05	54
9.41483e-05	54
9.41683e-05	54
9.45747e-05	54
9.48919e-05	54
9.56533e-05	54
9.61899e-05	54
9.69487e-05	54
9.69616e-05	54
9.70688e-05	54
9.74431e-05	54
9.74921e-05	54
9.76459e-05	54
9.77171e-05	54
9.77215e-05	54
9.80639e-05	54
9.83178e-05	54
9.85344e-05	54
9.91085e-05	54
9.9995e-05	54
0.000100161	54
0.000100206	54
0.000100284	54
0.00010096	54
0.000101277	54
0.000101704	54
0.000101861	54
0.000102086	54
0.000103164	54
0.000103312	54
0.00010343	54
0.000103609	54
0.000103864	54
0.000104569	54
0.000105085	54
0.000105385	54
0.000105771	54
0.000105835	54
0.000105994	54
0.000106349	54
0.000106632	54
0.000106675	54
0.000106785	54
0.00010681	54
0.000107642	54
0.000108621	54
0.000108827	54
0.000109156	54
0.0001094	54
0.000109462	54
0.000109506	54
0.000109562	54
0.000109595	54
0.00010979	54
0.000109885	54
0.000110003	54
0.000110045	54
0.000110231	54
0.000110344	54
0.000110833	54
0.000111498	54
0.000111818	54
0.000111999	54
0.000112861	54
0.000112912	54
0.000114465	54
0.000114852	54
0.000115051	54
0.000115992	54
0.000115996	54
0.000116226	54
0.000116414	54
0.000116791	54
0.000116947	54
0.000117428	54
0.000118431	54
0.000118486	54
0.000118723	54
0.000119583	54
0.000119729	54
0.000120036	54
0.000120367	54
0.000120455	54
0.000121406	54
0.000122511	54
0.000123035	54
0.000123039	54
0.000123577	54
0.000123767	54
0.000124693	54
0.000124828	54
0.000126691	54
0.000126718	54
0.000127125	54
0.000127131	54
0.000127352	54
0.000127424	54
0.000128696	54
0.000129061	54
0.000130049	54
0.000130775	54
0.000130976	54
0.000131096	54
0.000131589	54
0.000132034	54
0.000132428	54
0.000132757	54
0.000132833	54
0.000133694	54
0.000133835	54
0.00013398	54
0.000134091	54
0.000134457	54
0.000135577	54
0.000135581	54
0.000136106	54
0.000136513	54
0.00013675	54
0.000136925	54
0.000137198	54
0.000137218	54
0.000138853	54
0.000139033	54
0.000140273	54
0.000140406	54
0.000140778	54
0.0001411	54
0.000141467	54
0.000141881	54
0.000142595	54
0.000142614	54
0.000142626	54
0.000142659	54
0.000143983	54
0.000144316	54
0.000144381	54
0.000144443	54
0.000145008	54
0.000145134	54
0.000145479	54
0.000145678	54
0.000147128	54
0.000147184	54
0.000148359	54
0.000148955	54
0.000149603	54
0.000151574	54
0.000151784	54
0.000151838	54
0.000153038	54
0.000153335	54
0.000153487	54
0.000153536	54
0.000153845	54
0.000154031	54
0.000154163	54
0.000154343	54
0.000155678	54
0.000156092	54
0.00015629	54
0.000156335	54
0.000157446	54
0.000158034	54
0.000159291	54
0.000160322	54
0.000160348	54
0.00016062	54
0.000161648	54
0.000161833	54
0.000162582	54
0.000163221	54
0.000164089	54
0.00016419	54
0.000164664	54
0.000165366	54
0.000165754	54
0.000165912	54
0.000166136	54
0.000166462	54
0.000166914	54
0.000166952	54
0.000167062	54
0.000167742	54
0.000168027	54
0.000168177	54
0.000169399	54
0.000169888	54
0.000170163	54
0.000170492	54
0.000170949	54
0.000171625	54
0.00017253	54
0.000172597	54
0.000172744	54
0.000172871	54
0.000173566	54
0.000173902	54
0.000174337	54
0.000175768	54
0.000176064	54
0.000176846	54
0.000176929	54
0.000177064	54
0.000177536	54
0.000178393	54
0.000178844	54
0.000179465	54
0.000179702	54
0.000180393	54
0.000180578	54
0.00018141	54
0.000182172	54
0.000183	54
0.000183421	54
0.000183753	54
0.000184968	54
0.000185257	54
0.000185288	54
0.000185462	54
0.000185676	54
0.000185788	54
0.000186489	54
0.000188359	54
0.000188988	54
0.000189338	54
0.00019006	54
0.000190257	54
0.000190832	54
0.000191051	54
0.000192017	54
0.000192349	54
0.000193151	54
0.00019502	54
0.000197769	54
0.000197883	54
0.000198124	54
0.000198418	54
0.000200321	54
0.000201402	54
0.000201622	54
0.000201789	54
0.000202217	54
0.000202944	54
0.000203919	54
0.00020456	54
0.000206412	54
0.00020731	54
0.000207441	54
0.000207727	54
0.000208902	54
0.000210215	54
0.000211987	54
0.000212455	54
0.00021305	54
0.000215997	54
0.000217436	54
0.000218156	54
0.000218428	54
0.000218926	54
0.000218958	54
0.000219048	54
0.000219114	54
0.000219954	54
0.000220265	54
0.000220311	54
0.000222008	54
0.000223004	54
0.000223088	54
0.000223466	54
0.00022367	54
0.000224197	54
0.00022571	54
0.000226906	54
0.000227879	54
0.000227894	54
0.00022884	54
0.000229536	54
0.000229793	54
0.000230623	54
0.000231543	54
0.000231993	54
0.000232034	54
0.000233168	54
0.0002337	54
0.000234826	54
0.000235196	54
0.000235377	54
0.000235658	54
0.000236243	54
0.00023749	54
0.000240768	54
0.000242843	54
0.000243058	54
0.000243569	54
0.000243896	54
0.000246027	54
0.000246688	54
0.000247023	54
0.000247291	54
0.000247549	54
0.000249122	54
0.000249397	54
0.000250052	54
0.000250759	54
0.000251553	54
0.000252849	54
0.00025315	54
0.000253656	54
0.000254062	54
0.000254969	54
0.000255344	54
0.00025799	54
0.000258547	54
0.000258631	54
0.000259158	54
0.000261311	54
0.000266388	54
0.000268392	54
0.000268797	54
0.000269325	54
0.000271345	54
0.000271893	54
0.00027259	54
0.000275168	54
0.000276371	54
0.000277128	54
0.000277187	54
0.000278199	54
0.000285105	54
0.000292276	54
0.000294826	54
0.000297377	54
0.000299957	54
0.000300049	54
0.000300927	54
0.000303386	54
0.000304935	54
0.000308801	54
0.000309568	54
0.00031104	54
0.000311274	54
0.000311886	54
0.000311922	54
0.000313216	54
0.000314604	54
0.000316568	54
0.000323299	54
0.000326714	54
0.000326944	54
0.000327018	54
0.000327266	54
0.000328893	54
0.000329984	54
0.000332612	54
0.000333542	54
0.000334052	54
0.000335249	54
0.000335254	54
0.000335537	54
0.000336643	54
0.000336871	54
0.000339658	54
0.000341295	54
0.000345159	54
0.00034573	54
0.00034646	54
0.000350133	54
0.000352713	54
0.000356555	54
0.0003605	54
0.000364314	54
0.000365339	54
0.000366654	54
0.000370315	54
0.000372731	54
0.000374582	54
0.000375133	54
0.000377766	54
0.000378917	54
0.00037936	54
0.000379751	54
0.000382125	54
0.000383429	54
0.000383761	54
0.000384304	54
0.000385661	54
0.000388081	54
0.000389282	54
0.000394547	54
0.000395535	54
0.000396375	54
0.000398513	54
0.000400055	54
0.000401338	54
0.000402334	54
0.000404224	54
0.0004066	54
0.000410933	54
0.000413021	54
0.000413128	54
0.00041339	54
0.000415414	54
0.000419326	54
0.000419588	54
0.000423426	54
0.000429532	54
0.00043073	54
0.00043081	54
0.000440328	54
0.000446817	54
0.000447364	54
0.000447641	54
0.000456853	54
0.000459678	54
0.000459752	54
0.000461808	54
0.000467891	54
0.000470389	54
0.000473885	54
0.00047462	54
0.000475703	54
0.000480506	54
0.000485464	54
0.000485912	54
0.000485944	54
0.000486852	54
0.000497488	54
0.000498507	54
0.000502931	54
0.000503893	54
0.000512922	54
0.000513484	54
0.000517096	54
0.000524666	54
0.000524721	54
0.0005282	54
0.000535735	54
0.000537061	54
0.000543415	54
0.000560206	54
0.000565254	54
0.000578091	54
0.00057907	54
0.000588288	54
0.000591025	54
0.000593971	54
0.000598546	54
0.000599297	54
0.00060537	54
0.000606918	54
0.000609217	54
0.000609271	54
0.00061016	54
0.000616006	54
0.00062207	54
0.00063175	54
0.000640891	54
0.00064335	54
0.000665688	54
0.000667286	54
0.000667324	54
0.000686663	54
0.000694356	54
0.000711052	54
0.000716399	54
0.000748445	54
0.000765074	54
0.00078148	54
0.000789936	54
0.000801551	54
0.000816389	54
0.000818884	54
0.000857966	54
0.000908693	54
0.000919434	54
0.000926727	54
0.000941312	54
0.000947746	54
0.000972652	54
0.000972905	54
0.00099499	54
0.000997505	54
0.00101436	54
0.00108604	54
0.00112899	54
0.00119928	54
0.00122608	54
0.00132294	54
0.00136315	54
0.00144658	54
0.00147956	54
0.00153474	54
0.00161202	54
0.00186609	54
0.00187533	54
0.00201292	54
0.00558136	54
0.0055821	54
0.00558635	54
0.00558708	54
0.00559209	54
0.00559425	54
0.00560727	54
0.00565373	54
0.00566488	54
0.00577045	54
0.0058297	54
0.00818498	54
0.0146096	54
0.0146097	54
0.0146099	54
0.0146105	54
0.0146109	54
0.0146118	54
0.014615	54
0.0146248	54
0.0146269	54
0.0146333	54
0.0146371	54
0.0146446	54
0.0146601	54
0.0146644	54
0.014703	54
0.0147083	54
0.014718	54
0.0147696	54
0.0147951	54
0.0148111	54
0.0148135	54
0.0148678	54
0.0148914	54
0.0149177	54
0.0149891	54
0.0149893	54
0.0149894	54
0.0149895	54
0.0149896	54
0.0149897	54
0.0149898	54
0.0149899	54
0.01499	54
0.01499	54
0.0149901	54
0.0149902	54
0.0149907	54
0.0149908	54
0.0149909	54
0.0149909	54
0.0149915	54
0.014992	54
0.0149921	54
0.0149922	54
0.0149931	54
0.0149932	54
0.0149941	54
0.0149943	54
0.0149949	54
0.0149953	54
0.0149955	54
0.0149958	54
0.0149958	54
0.0150011	54
0.015007	54
0.0150875	54
0.0151916	54
0.0152799	54
0.0152858	54
0.0247635	54
0.0247642	54
0.0247652	54
0.0247656	54
0.0247656	54
0.0247658	54
0.0247663	54
0.0247668	54
0.0247668	54
0.0247678	54
0.0247703	54
0.0247712	54
0.0247718	54
0.0247719	54
0.0247732	54
0.0247738	54
0.0247761	54
0.0247773	54
0.0247817	54
0.0247843	54
0.0247847	54
0.0247858	54
0.0247895	54
0.0247903	54
0.0247922	54
0.0247923	54
0.0247935	54
0.0247969	54
0.0248014	54
0.0248016	54
0.0248023	54
0.0248029	54
0.0248032	54
0.0248059	54
0.0248066	54
0.0248073	54
0.0248081	54
0.0248097	54
0.0248122	54
0.024813	54
0.0248135	54
0.0248159	54
0.0248188	54
0.0248193	54
0.0248258	54
0.024829	54
0.0248451	54
0.0248504	54
0.0248514	54
0.0248533	54
0.0248558	54
0.0248569	54
0.0248592	54
0.0248632	54
0.024865	54
0.0248655	54
0.0248689	54
0.024873	54
0.0248808	54
0.0248819	54
0.0248839	54
0.0248884	54
0.02489	54
0.0248912	54
0.0248919	54
0.0248944	54
0.0248956	54
0.0248985	54
0.0249037	54
0.0249057	54
0.0249131	54
0.0249177	54
0.0249256	54
0.0249262	54
0.0249282	54
0.0249342	54
0.0249346	54
0.0249461	54
0.0249495	54
0.0249497	54
0.0249731	54
0.0249746	54
0.0249753	54
0.0249795	54
0.024981	54
0.0249886	54
0.0249983	54
0.0250024	54
0.0250326	54
0.0250333	54
0.0250342	54
0.0250345	54
0.0250362	54
0.0250483	54
0.0250617	54
0.0250666	54
0.0250668	54
0.0250826	54
0.0250865	54
0.0250934	54
0.0251173	54
0.0251248	54
0.0251271	54
0.0251414	54
0.0251515	54
0.0251757	54
0.0251758	54
0.02519	54
0.0251936	54
0.0252044	54
0.025224	54
0.0252296	54
0.0252531	54
0.0252849	54
0.0252853	54
0.0253428	54
0.0253604	54
0.0254339	54
0.0254728	54
0.0255143	54
0.0255708	54
0.0255917	54
0.0256681	54
0.0257056	54
0.0258979	54
0.0261136	54
0.0274534	54
0.0436211	54
0.0436216	54
0.0436217	54
0.0436219	54
0.0436221	54
0.0436223	54
0.0436223	54
0.0436223	54
0.0436223	54
0.0436226	54
0.0436228	54
0.0436228	54
0.0436238	54
0.0436239	54
0.0436246	54
0.0436248	54
0.043625	54
0.0436254	54
0.0436257	54
0.0436264	54
0.043627	54
0.0436278	54
0.0436292	54
0.0436317	54
0.0436363	54
0.0436367	54
0.0436391	54
0.0436396	54
0.0436414	54
0.0436419	54
0.0436438	54
0.043654	54
0.0436575	54
0.0436626	54
0.0436642	54
0.0436743	54
0.0436792	54
0.0436832	54
0.0436939	54
0.0436986	54
0.0437164	54
0.0437169	54
0.0437182	54
0.0437211	54
0.0437296	54
0.0437335	54
0.043735	54
0.0437393	54
0.0437435	54
0.0437675	54
0.0437749	54
0.0437835	54
0.0437953	54
0.04381	54
0.0438206	54
0.0438276	54
0.043875	54
0.0438861	54
0.0438991	54
0.0439097	54
0.0439123	54
0.0439545	54
0.0439617	54
0.0439712	54
0.0439747	54
0.0440271	54
0.0440472	54
0.0441683	54
0.044243	54
0.0442539	54
0.0442542	54
0.0442585	54
0.0442711	54
0.0442826	54
0.0442996	54
0.0444208	54
0.0444713	54
0.0446036	54
0.0451067	54
0.045961	54
0.0459613	54
0.0459616	54
0.0459617	54
0.0459619	54
0.0459624	54
0.0459625	54
0.0459639	54
0.0459641	54
0.0459645	54
0.0459649	54
0.0459662	54
0.0459665	54
0.0459669	54
0.0459695	54
0.0459703	54
0.0459762	54
0.0460039	54
0.0464033	54
0.0599032	54
0.0599033	54
0.0599034	54
0.0599036	54
0.0599036	54
0.0599039	54
0.059904	54
0.0599042	54
0.0599042	54
0.0599047	54
0.0599047	54
0.0599049	54
0.0599052	54
0.0599053	54
0.0599054	54
0.0599066	54
0.0599088	54
0.059911	54
0.0599126	54
0.0599135	54
0.0599149	54
0.0599202	54
0.0599254	54
0.0599271	54
0.059932	54
0.0599463	54
0.0599575	54
0.0599774	54
0.0599838	54
0.0599867	54
0.0600064	54
0.0600081	54
0.0600139	54
0.0600227	54
0.0600454	54
0.0600463	54
0.060053	54
0.0600652	54
0.0600728	54
0.060116	54
0.0601269	54
0.0601833	54
0.0601973	54
0.0601992	54
0.0602487	54
0.0603629	54
0.060374	54
0.0603768	54
0.0603823	54
0.060573	54
0.0605959	54
0.0607785	54
0.0611321	54
0.0611482	54
0.0611621	54
0.0612196	54
0.0632955	54
0.0632972	54
0.0632976	54
0.0633087	54
0.0643196	54
0.0654182	54
0.0654187	54
0.0654191	54
0.0654193	54
0.0654202	54
0.0654203	54
0.0654206	54
0.0654211	54
0.0654283	54
0.0692152	54
0.0692162	54
0.0692174	54
0.0692196	54
0.0692213	54
0.0692215	54
0.0692332	54
0.0692396	54
0.0714391	54
0.0714395	54
0.0714399	54
0.0714408	54
0.0714458	54
0.0714553	54
0.0716593	54
0.0719122	54
0.0730559	54
0.0812527	54
0.0812691	54
0.0813073	54
0.0881346	54
0.0881348	54
0.0881352	54
0.0881361	54
0.0881365	54
0.0881366	54
0.0881367	54
0.0881395	54
0.0881401	54
0.0881403	54
0.0881458	54
0.0881469	54
0.0881471	54
0.0882577	54
0.088263	54
0.0882755	54
0.0937128	54
0.0937147	54
0.0937161	54
0.0937244	54
0.0940212	54
0.0990985	54
0.099117	54
0.0994378	54
0.101198	54
0.101228	54
0.106067	54
0.106072	54
0.106404	54
0.112297	54
0.112297	54
0.112297	54
0.112298	54
0.112298	54
0.112299	54
0.112299	54
0.112303	54
0.112304	54
0.112306	54
0.112306	54
0.112309	54
0.11231	54
0.112406	54
0.112485	54
0.115927	54
0.115936	54
0.115941	54
0.116502	54
0.116504	54
0.116629	54
0.121404	54
0.121406	54
0.12141	54
0.12145	54
0.121502	54
0.129367	54
0.129367	54
0.129368	54
0.129369	54
0.129369	54
0.12937	54
0.129371	54
0.129371	54
0.129371	54
0.129372	54
0.129379	54
0.12938	54
0.129387	54
0.12983	54
0.142536	54
0.142538	54
0.142538	54
0.142542	54
0.142544	54
0.142548	54
0.158689	54
0.158691	54
0.158692	54
0.158692	54
0.158719	54
0.161904	54
0.161915	54
0.161917	54
0.166262	54
0.166269	54
0.166269	54
0.166283	54
0.1675	54
0.167501	54
0.167507	54
0.167512	54
0.179273	54
0.179274	54
0.179275	54
0.179277	54
0.179278	54
0.179285	54
0.179292	54
0.181018	54
0.181029	54
0.19073	54
0.190732	54
0.19074	54
0.190743	54
0.190748	54
0.190749	54
0.206933	54
0.206949	54
0.206952	54
0.207226	54
0.213435	54
0.213435	54
0.213435	54
0.213436	54
0.213436	54
0.213438	54
0.21344	54
0.213451	54
0.213452	54
0.243629	54
0.24363	54
0.243635	54
0.243638	54
0.243645	54
0.243648	54
0.246646	54
0.246648	54
0.246648	54
0.246657	54
0.246664	54
0.246668	54
0.246885	54
0.248129	54
0.256645	54
0.256648	54
0.256654	54
0.256654	54
0.256654	54
0.256666	54
0.256668	54
0.261293	54
0.261294	54
0.261297	54
0.261297	54
0.261325	54
0.261334	54
0.264763	54
0.264767	54
0.26477	54
0.264778	54
0.266325	54
0.266505	54
0.269447	54
0.269447	54
0.269448	54
0.269456	54
0.269463	54
0.269508	54
0.289837	54
0.289837	54
0.289838	54
0.28984	54
0.289846	54
0.289864	54
0.323026	54
0.323026	54
0.323027	54
0.323027	54
0.323027	54
0.323034	54
0.323036	54
0.323037	54
0.323049	54
0.343567	54
0.34357	54
0.343576	54
0.343584	54
0.343598	54
0.348981	54
0.348982	54
0.34904	54
0.375603	54
0.375603	54
0.375604	54
0.375604	54
0.375604	54
0.375607	54
0.375612	54
0.375616	54
0.375617	54
0.375629	54
0.375823	54
0.377809	54
0.377813	54
0.377819	54
0.381332	54
0.381333	54
0.381335	54
0.381346	54
0.381358	54
0.390641	54
0.390647	54
0.39065	54
0.390768	54
0.391882	54
0.391907	54
0.391927	54
0.397616	54
0.397617	54
0.397633	54
0.397641	54
0.401896	54
0.401913	54
0.401915	54
0.404451	54
0.404453	54
0.404474	54
0.410454	54
0.41046	54
0.410474	54
0.410479	54
0.410547	54
0.410981	54
0.41099	54
0.411001	54
0.41394	54
0.415378	54
0.415384	54
0.415427	54
0.426982	54
0.426983	54
0.426985	54
0.426999	54
0.428913	54
0.428915	54
0.454103	54
0.454104	54
0.454104	54
0.454104	54
0.454105	54
0.454106	54
0.454107	54
0.454109	54
0.454114	54
0.454122	54
0.454146	54
0.460108	54
0.460198	54
0.46059	54
0.460597	54
0.460616	54
0.464766	54
0.464778	54
0.46479	54
0.469476	54
0.469476	54
0.469478	54
0.469493	54
0.47203	54
0.480927	54
0.480928	54
0.480929	54
0.480936	54
0.480938	54
0.480985	54
0.486144	54
0.486145	54
0.486152	54
0.486157	54
0.486159	54
0.486161	54
0.486161	54
0.486167	54
0.514446	54
0.514447	54
0.514447	54
0.51445	54
0.514453	54
0.514458	54
0.514467	54
0.520804	54
0.520812	54
0.521633	54
0.521639	54
0.521644	54
0.530679	54
0.53068	54
0.530695	54
0.531594	54
0.531599	54
0.531601	54
0.531604	54
0.533715	54
0.533717	54
0.533724	54
0.534794	54
0.534799	54
0.53481	54
0.546049	54
0.54605	54
0.546051	54
0.546055	54
0.546126	54
0.549936	54
0.549937	54
0.54994	54
0.54994	54
0.550152	54
0.55271	54
0.552713	54
0.552713	54
0.552718	54
0.552727	54
0.552921	54
0.581246	54
0.581246	54
0.58125	54
0.581257	54
0.581314	54
0.584946	54
0.584949	54
0.599908	54
0.599911	54
0.599913	54
0.599918	54
0.599921	54
0.59994	54
0.604664	54
0.604733	54
0.611487	54
0.611496	54
0.611517	54
0.613015	54
0.613015	54
0.613029	54
0.613128	54
0.627359	54
0.627366	54
0.627368	54
0.627388	54
0.63691	54
0.636915	54
0.636918	54
0.636919	54
0.636919	54
0.636919	54
0.636924	54
0.652717	54
0.652718	54
0.652721	54
0.652729	54
0.652733	54
0.652744	54
0.652745	54
0.661925	54
0.661936	54
0.671511	54
0.671516	54
0.671524	54
0.671587	54
0.674769	54
0.67477	54
0.674783	54
0.676062	54
0.676065	54
0.67608	54
0.680436	54
0.680442	54
0.680447	54
0.680496	54
0.686456	54
0.686456	54
0.686457	54
0.686458	54
0.68646	54
0.687827	54
0.687828	54
0.704797	54
0.7048	54
0.704811	54
0.707231	54
0.707237	54
0.707246	54
0.707261	54
0.710091	54
0.710094	54
0.710108	54
0.722562	54
0.722562	54
0.722565	54
0.722576	54
0.72261	54
0.757644	54
0.757644	54
0.757645	54
0.757648	54
0.75765	54
0.757651	54
0.757656	54
0.757723	54
0.758657	54
0.758658	54
0.758658	54
0.758664	54
0.758672	54
0.759068	54
0.759085	54
0.761456	54
0.761458	54
0.761481	54
0.761488	54
0.776558	54
0.776559	54
0.776561	54
0.776563	54
0.776563	54
0.776564	54
0.776588	54
0.783066	54
0.783067	54
0.783067	54
0.783086	54
0.793089	54
0.793093	54
0.793103	54
0.794244	54
0.828301	54
0.828301	54
0.828302	54
0.828305	54
0.828308	54
0.828309	54
0.828315	54
0.835974	54
0.836006	54
0.836009	54
0.836015	54
0.840936	54
0.840936	54
0.840961	54
0.854254	54
0.854259	54
0.854289	54
0.854424	54
0.857107	54
0.857113	54
0.85713	54
0.858431	54
0.871775	54
0.871777	54
0.871777	54
0.871778	54
0.871782	54
0.871948	54
0.89874	54
0.898741	54
0.898744	54
0.898754	54
0.898762	54
0.898788	54
0.899444	54
0.899549	54
0.900649	54
0.900651	54
0.90068	54
0.900692	54
0.910366	54
0.910367	54
0.910371	54
0.910375	54
0.910408	54
0.917245	54
0.917249	54
0.917259	54
0.917291	54
0.92188	54
0.921887	54
0.921889	54
0.921893	54
0.921896	54
0.921915	54
0.929578	54
0.929584	54
0.929585	54
0.929627	54
0.932093	54
0.932116	54
0.932118	54
0.932643	54
0.93785	54
0.937851	54
0.937855	54
0.937873	54
0.937877	54
0.954941	54
0.954947	54
0.95495	54
0.954959	54
0.965337	54
0.965343	54
0.965348	54
0.965349	54
0.965404	54
0.971949	54
0.97195	54
0.971952	54
0.971969	54
0.971978	54
0.972103	54
0.972845	54
0.97286	54
0.972919	54
0.982691	54
0.982695	54
0.982698	54
0.982707	54
0.982758	54
0.9828	54
0.982819	54
0.982862	54
0.999728	54
0.999731	54
0.999732	54
0.999736	54
0.999817	54
1.00045	54
1.00049	54
1.00113	54
1.00285	54
1.00287	54
1.00289	54
1.00751	54
1.00751	54
1.00753	54
1.01859	54
1.0186	54
1.01861	54
1.03156	54
1.03156	54
1.03156	54
1.03157	54
1.0316	54
1.03161	54
1.04872	54
1.04872	54
1.04873	54
1.05554	54
1.05554	54
1.05554	54
1.0666	54
1.0666	54
1.0666	54
1.06661	54
1.06661	54
1.06661	54
1.06661	54
1.06662	54
1.06662	54
1.0668	54
1.07128	54
1.07128	54
1.07128	54
1.07128	54
1.07129	54
1.07518	54
1.07519	54
1.0752	54
1.08203	54
1.08203	54
1.08207	54
1.08434	54
1.08434	54
1.08434	54
1.08435	54
1.08435	54
1.08714	54
1.08714	54
1.08715	54
1.08716	54
1.08908	54
1.09148	54
1.09148	54
1.09149	54
1.09152	54
1.09438	54
1.09443	54
1.09447	54
1.09495	54
1.10742	54
1.10742	54
1.10744	54
1.10751	54
1.1088	54
1.1088	54
1.1088	54
1.10882	54
1.11093	54
1.11424	54
1.11427	54
1.12087	54
1.12087	54
1.12088	54
1.12088	54
1.12088	54
1.12089	54
1.12091	54
1.14129	54
1.1413	54
1.1413	54
1.14135	54
1.14189	54
1.1419	54
1.14191	54
1.14194	54
1.14294	54
1.14294	54
1.14296	54
1.143	54
1.15596	54
1.15596	54
1.15597	54
1.15598	54
1.17756	54
1.17757	54
1.17757	54
1.17757	54
1.17757	54
1.17758	54
1.18048	54
1.18301	54
1.18307	54
1.18368	54
1.18613	54
1.18613	54
1.18614	54
1.19362	54
1.19363	54
1.19364	54
1.19364	54
1.24708	54
1.24708	54
1.24708	54
1.24708	54
1.24708	54
1.24708	54
1.24708	54
1.24709	54
1.24892	54
1.26347	54
1.26348	54
1.26349	54
1.27247	54
1.27247	54
1.27248	54
1.27248	54
1.27606	54
1.2761	54
1.28794	54
1.28795	54
1.28795	54
1.28795	54
1.28804	54
1.28823	54
1.29627	54
1.29627	54
1.29627	54
1.29628	54
1.2963	54
1.29637	54
1.30814	54
1.30814	54
1.30815	54
1.31607	54
1.31609	54
1.3161	54
1.34367	54
1.34367	54
1.34367	54
1.34367	54
1.34369	54
1.3437	54
1.3443	54
1.34441	54
1.3484	54
1.3484	54
1.3484	54
1.3484	54
1.34841	54
1.34843	54
1.34865	54
1.34865	54
1.34865	54
1.34866	54
1.34868	54
1.35195	54
1.35195	54
1.35196	54
1.35977	54
1.35977	54
1.35978	54
1.35978	54
1.35979	54
1.36008	54
1.38041	54
1.38041	54
1.38041	54
1.38041	54
1.38041	54
1.38041	54
1.38043	54
1.3805	54
1.39231	54
1.39232	54
1.42377	54
1.42377	54
1.42377	54
1.42377	54
1.42377	54
1.42377	54
1.42379	54
1.42383	54
1.42384	54
1.43862	54
1.43862	54
1.43862	54
1.43867	54
1.44936	54
1.44937	54
1.44938	54
1.44939	54
1.4494	54
1.45738	54
1.45738	54
1.45738	54
1.45756	54
1.46178	54
1.47294	54
1.47294	54
1.47295	54
1.47389	54
1.47394	54
1.47516	54
1.47517	54
1.47517	54
1.47517	54
1.52325	54
1.52325	54
1.52325	54
1.52325	54
1.52325	54
1.52326	54
1.52326	54
1.52328	54
1.55565	54
1.55565	54
1.55565	54
1.55566	54
1.55566	54
1.55566	54
1.55567	54
1.55567	54
1.55567	54
1.55568	54
1.55571	54
1.57481	54
1.57481	54
1.57481	54
1.57482	54
1.57486	54
1.575	54
1.58022	54
1.58024	54
1.59533	54
1.59533	54
1.59533	54
1.59533	54
1.59539	54
1.60949	54
1.60949	54
1.6095	54
1.6095	54
1.6095	54
1.61318	54
1.6132	54
1.6273	54
1.6273	54
1.6273	54
1.62731	54
1.62731	54
1.62731	54
1.62758	54
1.62761	54
1.62763	54
1.63394	54
1.63394	54
1.63394	54
1.63395	54
1.63395	54
1.63409	54
1.64417	54
1.64417	54
1.64417	54
1.64418	54
1.6443	54
1.64847	54
1.64848	54
1.64864	54
1.66845	54
1.66845	54
1.66846	54
1.66846	54
1.6687	54
1.67434	54
1.67434	54
1.67434	54
1.67435	54
1.67499	54
1.67635	54
1.67636	54
1.67637	54
1.68989	54
1.68989	54
1.6899	54
1.69336	54
1.69337	54
1.73197	54
1.73197	54
1.73197	54
1.73197	54
1.73197	54
1.73197	54
1.73198	54
1.73198	54
1.73198	54
1.732	54
1.73802	54
1.73804	54
1.73807	54
1.74181	54
1.74925	54
1.74925	54
1.74926	54
1.74927	54
1.75376	54
1.75376	54
1.75376	54
1.75376	54
1.75378	54
1.76569	54
1.76569	54
1.77764	54
1.77764	54
1.77765	54
1.77765	54
1.77767	54
1.77884	54
1.77979	54
1.77979	54
1.77979	54
1.77981	54
1.77982	54
1.80643	54
1.80643	54
1.80643	54
1.80643	54
1.80644	54
1.80644	54
1.80644	54
1.80644	54
1.80644	54
1.80644	54
1.80645	54
1.80681	54
1.81325	54
1.81325	54
1.82419	54
1.82419	54
1.82419	54
1.8342	54
1.83421	54
1.83421	54
1.83421	54
1.83422	54
1.83551	54
1.83552	54
1.83552	54
1.83611	54
1.83612	54
1.83612	54
1.84323	54
1.84323	54
1.84323	54
1.84326	54
1.86074	54
1.86074	54
1.86074	54
1.86075	54
1.86078	54
1.87256	54
1.87257	54
1.87257	54
1.87257	54
1.87257	54
1.87548	54
1.8887	54
1.8887	54
1.8887	54
1.88871	54
1.88871	54
1.88871	54
1.88871	54
1.88873	54
1.89292	54
1.89293	54
1.89295	54
1.93154	54
1.93154	54
1.93154	54
1.93154	54
1.93154	54
1.93155	54
1.93155	54
1.93156	54
1.93156	54
1.93157	54
1.93306	54
1.93306	54
1.93306	54
1.93307	54
1.93933	54
1.93933	54
1.94069	54
1.9407	54
1.94071	54
1.96169	54
1.96169	54
1.96169	54
1.9617	54
1.9617	54
1.96175	54
1.97796	54
1.97796	54
1.97797	54
1.97797	54
1.98005	54
1.98006	54
1.98007	54
1.98232	54
1.98233	54
1.9947	54
1.9947	54
1.9947	54
1.99478	54
2.01459	54
2.0146	54
2.0146	54
2.0146	54
2.0146	54
2.01461	54
2.01461	54
2.01461	54
2.01462	54
2.01464	54
2.03232	54
2.03233	54
2.03233	54
2.03234	54
2.03569	54
2.03569	54
2.03571	54
2.04948	54
2.04949	54
2.04949	54
2.04949	54
2.05714	54
2.05714	54
2.05714	54
2.05715	54
2.05715	54
2.05716	54
2.09099	54
2.09099	54
2.09099	54
2.09099	54
2.09099	54
2.091	54
2.091	54
2.09101	54
2.09102	54
2.09107	54
2.09215	54
2.09217	54
2.09217	54
2.09927	54
2.09927	54
2.09928	54
2.09928	54
2.09933	54
2.10151	54
2.10426	54
2.10427	54
2.11084	54
2.11085	54
2.11085	54
2.11085	54
2.11086	54
2.11096	54
2.11231	54
2.11231	54
2.11231	54
2.11233	54
2.11237	54
2.1214	54
2.12142	54
2.12164	54
2.12628	54
2.12629	54
2.12643	54
2.1265	54
2.13323	54
2.13324	54
2.13324	54
2.13354	54
2.14164	54
2.14164	54
2.16501	54
2.16501	54
2.16501	54
2.16501	54
2.16502	54
2.16503	54
2.16689	54
2.16691	54
2.16692	54
2.17078	54
2.17078	54
2.17078	54
2.18352	54
2.18352	54
2.18352	54
2.18356	54
2.19639	54
2.19639	54
2.1964	54
2.1964	54
2.19641	54
2.19641	54
2.19718	54
2.19719	54
2.19719	54
2.22891	54
2.22892	54
2.22892	54
2.22892	54
2.22892	54
2.22892	54
2.22892	54
2.23191	54
2.23192	54
2.23193	54
2.23196	54
2.2322	54
2.24648	54
2.24648	54
2.24649	54
2.24649	54
2.24649	54
2.2465	54
2.24689	54
2.25131	54
2.25132	54
2.25132	54
2.25175	54
2.25411	54
2.26062	54
2.26062	54
2.26062	54
2.26063	54
2.26063	54
2.26064	54
2.27398	54
2.27398	54
2.27398	54
2.27399	54
2.27399	54
2.27408	54
2.27517	54
2.27518	54
2.27924	54
2.27924	54
2.27924	54
2.28895	54
2.28895	54
2.28895	54
2.28896	54
2.28896	54
2.30755	54
2.30755	54
2.30755	54
2.30756	54
2.30756	54
2.30756	54
2.3076	54
2.30912	54
2.32111	54
2.32111	54
2.32111	54
2.32111	54
2.32112	54
2.32112	54
2.32112	54
2.3212	54
2.32228	54
2.32229	54
2.32229	54
2.3226	54
2.32852	54
2.32852	54
2.3286	54
2.3381	54
2.3381	54
2.33812	54
2.33824	54
2.33824	54
2.33836	54
2.36755	54
2.36755	54
2.36755	54
2.36756	54
2.36756	54
2.36757	54
2.36757	54
2.36833	54
2.3837	54
2.3837	54
2.3837	54
2.3837	54
2.3837	54
2.41301	54
2.41301	54
2.41301	54
2.41301	54
2.41301	54
2.41302	54
2.41303	54
2.41306	54
2.41329	54
2.41357	54
2.41359	54
2.41372	54
2.41485	54
2.41486	54
2.41488	54
2.41507	54
2.41571	54
2.41571	54
2.41575	54
2.42817	54
2.42818	54
2.42818	54
2.42819	54
2.42827	54
2.43481	54
2.43481	54
2.43481	54
2.43481	54
2.435	54
2.43993	54
2.43993	54
2.44014	54
2.45071	54
2.45071	54
2.45071	54
2.45072	54
2.45072	54
2.45072	54
2.45094	54
2.4532	54
2.4532	54
2.45321	54
2.45375	54
2.46663	54
2.46663	54
2.46665	54
2.46665	54
2.46689	54
2.47662	54
2.47662	54
2.47662	54
2.47932	54
2.47933	54
2.47934	54
2.47934	54
2.4902	54
2.49021	54
2.51117	54
2.5112	54
2.51122	54
2.51141	54
2.51141	54
2.51144	54
2.54021	54
2.54021	54
2.54021	54
2.54021	54
2.54022	54
2.54022	54
2.54024	54
2.54024	54
2.54325	54
2.54331	54
2.5446	54
2.56017	54
2.56017	54
2.56017	54
2.56018	54
2.56022	54
2.56026	54
2.56058	54
2.57612	54
2.57612	54
2.57612	54
2.57612	54
2.57612	54
2.57613	54
2.57615	54
2.58072	54
2.58072	54
2.58072	54
2.61459	54
2.61459	54
2.61459	54
2.61459	54
2.61459	54
2.61459	54
2.61459	54
2.61459	54
2.61459	54
2.6146	54
2.61612	54
2.61616	54
2.62413	54
2.62414	54
2.62415	54
2.62487	54
2.62665	54
2.65294	54
2.65295	54
2.65295	54
2.65295	54
2.65295	54
2.65295	54
2.653	54
2.65343	54
2.65389	54
2.65394	54
2.66709	54
2.6671	54
2.6671	54
2.66717	54
2.67153	54
2.67153	54
2.67153	54
2.67153	54
2.67153	54
2.67156	54
2.68816	54
2.68817	54
2.68817	54
2.68817	54
2.68817	54
2.69621	54
2.69621	54
2.69622	54
2.69622	54
2.69629	54
2.69978	54
2.69978	54
2.69987	54
2.72646	54
2.72646	54
2.72646	54
2.72646	54
2.72646	54
2.72646	54
2.72647	54
2.72648	54
2.72662	54
2.73578	54
2.73581	54
2.74114	54
2.74115	54
2.74115	54
2.74115	54
2.74115	54
2.74116	54
2.74117	54
2.7504	54
2.7517	54
2.77072	54
2.77072	54
2.77073	54
2.77074	54
2.77075	54
2.78298	54
2.78298	54
2.78298	54
2.78298	54
2.78298	54
2.78299	54
2.783	54
2.783	54
2.78301	54
2.78309	54
2.79504	54
2.79505	54
2.79506	54
2.80814	54
2.80814	54
2.80814	54
2.80821	54
2.81606	54
2.81606	54
2.81606	54
2.81606	54
2.81607	54
2.81607	54
2.81608	54
2.81609	54
2.82072	54
2.82073	54
2.82073	54
2.82073	54
2.82073	54
2.84532	54
2.84532	54
2.84532	54
2.84532	54
2.84537	54
2.85627	54
2.85627	54
2.85627	54
2.85628	54
2.85629	54
2.85629	54
2.86518	54
2.86518	54
2.8652	54
2.86523	54
2.87326	54
2.87326	54
2.87326	54
2.87326	54
2.87326	54
2.87327	54
2.87327	54
2.88215	54
2.88215	54
2.88215	54
2.88217	54
2.88689	54
2.88689	54
2.88775	54
2.88776	54
2.88936	54
2.88939	54
2.88942	54
2.88942	54
2.89201	54
2.89201	54
2.89203	54
2.89637	54
2.89637	54
2.89638	54
2.89638	54
2.92344	54
2.92344	54
2.92344	54
2.92344	54
2.92344	54
2.92344	54
2.92345	54
2.92346	54
2.95677	54
2.95677	54
2.95677	54
2.95677	54
2.95678	54
2.95678	54
2.9577	54
2.9577	54
2.95786	54
2.96643	54
2.96643	54
2.96696	54
2.96697	54
2.96698	54
2.97585	54
2.97585	54
2.97585	54
2.97586	54
2.97587	54
2.97589	54
2.98213	54
2.98214	54
2.98215	54
2.98216	54
2.98506	54
2.98507	54
2.98507	54
2.98509	54
2.98509	54
2.98657	54
2.98657	54
2.98659	54
2.98659	54
2.98951	54
2.98953	54
2.98953	54
2.98954	54
3.00149	54
3.0015	54
3.0015	54
3.00151	54
3.00151	54
3.00155	54
3.00363	54
3.00372	54
3.02152	54
3.02152	54
3.02152	54
3.02153	54
3.02154	54
3.02158	54
3.02466	54
3.02467	54
3.02467	54
3.02467	54
3.02737	54
3.0274	54
3.03292	54
3.03293	54
3.03295	54
3.03299	54
3.03933	54
3.03949	54
3.03953	54
3.03954	54
3.03979	54
3.04254	54
3.04254	54
3.04254	54
3.04255	54
3.04256	54
3.04266	54
3.04476	54
3.04476	54
3.04478	54
3.04478	54
3.06523	54
3.06524	54
3.06524	54
3.06525	54
3.0653	54
3.07143	54
3.07143	54
3.07143	54
3.13282	54
3.13282	54
3.13282	54
3.13282	54
3.13282	54
3.13282	54
3.13283	54
3.13283	54
3.13287	54
3.16799	54
3.168	54
3.168	54
3.168	54
3.168	54
3.168	54
3.16802	54
3.17589	54
3.1759	54
3.17591	54
3.17594	54
3.17684	54
3.18151	54
3.18152	54
3.18153	54
3.18578	54
3.18579	54
3.18583	54
3.22059	54
3.22059	54
3.22059	54
3.22059	54
3.22059	54
3.2206	54
3.22061	54
3.22061	54
3.22063	54
3.22081	54
3.22081	54
3.22346	54
3.23163	54
3.23163	54
3.23163	54
3.23163	54
3.23163	54
3.23164	54
3.23285	54
3.2361	54
3.23611	54
3.23611	54
3.2448	54
3.2448	54
3.2448	54
3.24481	54
3.24481	54
3.24482	54
3.24488	54
3.24889	54
3.2489	54
3.24893	54
3.25824	54
3.25825	54
3.25826	54
3.25826	54
3.29606	54
3.29606	54
3.29606	54
3.29607	54
3.29607	54
3.29607	54
3.29608	54
3.29608	54
3.29611	54
3.31071	54
3.31072	54
3.3116	54
3.33619	54
3.33619	54
3.33619	54
3.33619	54
3.33619	54
3.33621	54
3.33624	54
3.34021	54
3.34022	54
3.34022	54
3.34026	54
3.3417	54
3.34723	54
3.34723	54
3.34723	54
3.34724	54
3.34725	54
3.34728	54
3.35579	54
3.35579	54
3.3558	54
3.3558	54
3.36242	54
3.36243	54
3.36244	54
3.36256	54
3.37035	54
3.37035	54
3.37503	54
3.37504	54
3.37504	54
3.37504	54
3.37504	54
3.38533	54
3.38533	54
3.38533	54
3.38534	54
3.38542	54
3.3866	54
3.38663	54
3.38672	54
3.38966	54
3.40595	54
3.40596	54
3.40605	54
3.40695	54
3.41458	54
3.41458	54
3.41459	54
3.41459	54
3.41461	54
3.42266	54
3.42267	54
3.42268	54
3.42269	54
3.42637	54
3.42637	54
3.42638	54
3.42639	54
3.4264	54
3.4264	54
3.441	54
3.441	54
3.441	54
3.44101	54
3.44101	54
3.44102	54
3.44104	54
3.44255	54
3.44299	54
3.45491	54
3.45492	54
3.45492	54
3.45492	54
3.45596	54
3.45597	54
3.45598	54
3.456	54
3.46552	54
3.46553	54
3.46553	54
3.46554	54
3.46554	54
3.47724	54
3.47725	54
3.47726	54
3.4773	54
3.4822	54
3.48221	54
3.48228	54
3.49761	54
3.49761	54
3.49762	54
3.49763	54
3.49765	54
3.49935	54
3.50925	54
3.50925	54
3.50925	54
3.50925	54
3.50925	54
3.50926	54
3.50926	54
3.50927	54
3.51084	54
3.51086	54
3.51086	54
3.5187	54
3.51871	54
3.51873	54
3.51887	54
3.51888	54
3.51888	54
3.51965	54
3.51966	54
3.51968	54
3.51977	54
3.51978	54
3.5198	54
3.55643	54
3.55644	54
3.55645	54
3.55645	54
3.55645	54
3.55645	54
3.55645	54
3.55645	54
3.55645	54
3.57408	54
3.57409	54
3.5741	54
3.60056	54
3.60056	54
3.60057	54
3.60057	54
3.60058	54
3.60058	54
3.60061	54
3.60061	54
3.60231	54
3.60232	54
3.60238	54
3.60532	54
3.60532	54
3.60532	54
3.60533	54
3.63964	54
3.63964	54
3.63964	54
3.63965	54
3.63965	54
3.63971	54
3.67148	54
3.67148	54
3.67148	54
3.67148	54
3.67148	54
3.67148	54
3.67149	54
3.67152	54
3.68871	54
3.68876	54
3.68916	54
3.68917	54
3.68917	54
3.68918	54
3.69045	54
3.69047	54
3.69048	54
3.7014	54
3.70141	54
3.70141	54
3.70554	54
3.70554	54
3.70555	54
3.70555	54
3.70555	54
3.71606	54
3.71607	54
3.7161	54
3.73188	54
3.73189	54
3.73189	54
3.7319	54
3.7319	54
3.73191	54
3.74147	54
3.74147	54
3.74148	54
3.74148	54
3.74149	54
3.74399	54
3.744	54
3.74401	54
3.74404	54
3.74495	54
3.76159	54
3.76159	54
3.7616	54
3.76162	54
3.76168	54
3.76847	54
3.76848	54
3.7685	54
3.76851	54
3.78926	54
3.78926	54
3.78927	54
3.78927	54
3.78927	54
3.78929	54
3.78929	54
3.78929	54
3.78929	54
3.78932	54
3.79534	54
3.79535	54
3.79542	54
3.7978	54
3.79781	54
3.79782	54
3.79782	54
3.8188	54
3.81881	54
3.81881	54
3.81881	54
3.81881	54
3.81882	54
3.81883	54
3.84308	54
3.84309	54
3.84309	54
3.84309	54
3.86208	54
3.86208	54
3.86208	54
3.86208	54
3.86209	54
3.86209	54
3.87812	54
3.87813	54
3.87815	54
3.88283	54
3.88284	54
3.88289	54
3.89704	54
3.89704	54
3.89705	54
3.89705	54
3.89705	54
3.89707	54
3.89713	54
3.90016	54
3.90017	54
3.90033	54
3.9192	54
3.91921	54
3.91926	54
3.92642	54
3.92643	54
3.92643	54
3.92643	54
3.92643	54
3.92643	54
3.92644	54
3.92645	54
3.92771	54
3.92772	54
3.92776	54
3.93083	54
3.93084	54
3.93094	54
3.93448	54
3.93448	54
3.93449	54
3.93453	54
3.95995	54
3.95996	54
3.95996	54
3.95997	54
3.95997	54
3.95998	54
3.98032	54
3.98032	54
3.98033	54
3.98034	54
3.98034	54
3.98035	54
3.98047	54
3.9853	54
3.98552	54
3.9932	54
3.99321	54
3.99326	54
4.00408	54
4.00408	54
4.00408	54
4.00408	54
4.00409	54
4.00426	54
4.0168	54
4.01681	54
4.01681	54
4.01681	54
4.01686	54
4.01686	54
4.01825	54
4.01825	54
4.01826	54
4.02645	54
4.02645	54
4.02647	54
4.02647	54
4.0265	54
4.03325	54
4.03325	54
4.03325	54
4.03325	54
4.03326	54
4.03328	54
4.0589	54
4.05891	54
4.05891	54
4.05892	54
4.05893	54
4.059	54
4.08511	54
4.08511	54
4.08511	54
4.08511	54
4.08515	54
4.09582	54
4.09582	54
4.09582	54
4.09582	54
4.09583	54
4.09584	54
4.09584	54
4.09594	54
4.10196	54
4.10196	54
4.10197	54
4.10197	54
4.10203	54
4.10808	54
4.10809	54
4.1081	54
4.10814	54
4.11943	54
4.11943	54
4.11943	54
4.11943	54
4.11943	54
4.11943	54
4.11944	54
4.11947	54
4.1227	54
4.12904	54
4.12904	54
4.12906	54
4.12912	54
4.15559	54
4.15559	54
4.15559	54
4.15559	54
4.1556	54
4.1556	54
4.16771	54
4.16771	54
4.16772	54
4.16772	54
4.16773	54
4.16774	54
4.16913	54
4.16913	54
4.16916	54
4.16981	54
4.16982	54
4.16982	54
4.16985	54
4.18041	54
4.18041	54
4.18042	54
4.18042	54
4.18044	54
4.18126	54
4.18126	54
4.18126	54
4.18127	54
4.18128	54
4.18129	54
4.18183	54
4.18183	54
4.18183	54
4.18183	54
4.1908	54
4.1908	54
4.1908	54
4.19081	54
4.1998	54
4.1998	54
4.1998	54
4.1998	54
4.1998	54
4.19989	54
4.20131	54
4.20131	54
4.20132	54
4.20422	54
4.20422	54
4.20425	54
4.22653	54
4.22653	54
4.22653	54
4.22654	54
4.22656	54
4.23924	54
4.23924	54
4.23924	54
4.23924	54
4.23924	54
4.25032	54
4.25032	54
4.25032	54
4.25032	54
4.25032	54
4.25033	54
4.25033	54
4.25034	54
4.25034	54
4.25386	54
4.25386	54
4.25389	54
4.32541	54
4.32541	54
4.32541	54
4.32542	54
4.32543	54
4.32543	54
4.32543	54
4.32543	54
4.32548	54
4.33036	54
4.33036	54
4.33039	54
4.34422	54
4.34422	54
4.34425	54
4.3482	54
4.3482	54
4.34821	54
4.34821	54
4.35335	54
4.35337	54
4.35338	54
4.36088	54
4.36088	54
4.38932	54
4.38932	54
4.38932	54
4.38932	54
4.38933	54
4.38933	54
4.38934	54
4.38935	54
4.40788	54
4.40789	54
4.40792	54
4.408	54
4.40806	54
4.40849	54
4.4085	54
4.40851	54
4.40929	54
4.41035	54
4.41036	54
4.41041	54
4.41802	54
4.41803	54
4.41804	54
4.41806	54
4.41809	54
4.41957	54
4.41958	54
4.41959	54
4.41969	54
4.42586	54
4.42587	54
4.42588	54
4.42591	54
4.43955	54
4.43955	54
4.43955	54
4.43956	54
4.43958	54
4.43967	54
4.44541	54
4.44542	54
4.4487	54
4.4487	54
4.4487	54
4.44871	54
4.44872	54
4.45984	54
4.45984	54
4.45985	54
4.45987	54
4.4788	54
4.4788	54
4.4788	54
4.47881	54
4.47883	54
4.47883	54
4.4961	54
4.49612	54
4.49614	54
4.52308	54
4.52308	54
4.52308	54
4.5231	54
4.52312	54
4.52312	54
4.53088	54
4.53088	54
4.53089	54
4.5309	54
4.53091	54
4.53108	54
4.5318	54
4.53182	54
4.53193	54
4.53303	54
4.53303	54
4.53304	54
4.53304	54
4.53304	54
4.53305	54
4.53881	54
4.53882	54
4.53883	54
4.53899	54
4.56061	54
4.56061	54
4.56062	54
4.56062	54
4.56062	54
4.56063	54
4.56063	54
4.5812	54
4.5812	54
4.5812	54
4.5812	54
4.58122	54
4.58122	54
4.58123	54
4.59096	54
4.59096	54
4.59096	54
4.59097	54
4.59097	54
4.61481	54
4.61481	54
4.61483	54
4.61483	54
4.61547	54
4.61691	54
4.61691	54
4.61718	54
4.61727	54
4.61762	54
4.64612	54
4.64613	54
4.64614	54
4.64614	54
4.64614	54
4.64616	54
4.64617	54
4.66806	54
4.66806	54
4.66806	54
4.66807	54
4.66812	54
4.68473	54
4.68473	54
4.68473	54
4.68477	54
4.69552	54
4.69552	54
4.69552	54
4.69554	54
4.69555	54
4.69555	54
4.70004	54
4.70004	54
4.70004	54
4.70006	54
4.70006	54
4.71509	54
4.71509	54
4.80475	54
4.80475	54
4.80475	54
4.80476	54
4.80476	54
4.80477	54
4.80477	54
4.80478	54
4.80484	54
4.82141	54
4.82142	54
4.82143	54
4.82143	54
4.82146	54
4.8537	54
4.8537	54
4.8537	54
4.85371	54
4.85373	54
4.85374	54
4.85376	54
4.87119	54
4.87119	54
4.87119	54
4.87119	54
4.8712	54
4.87121	54
4.87131	54
4.8834	54
4.8834	54
4.88343	54
4.88777	54
4.88778	54
4.89039	54
4.89047	54
4.89047	54
4.90149	54
4.90149	54
4.90149	54
4.90152	54
4.90155	54
4.93191	54
4.93191	54
4.93192	54
4.93192	54
4.93192	54
4.93193	54
4.93193	54
4.93195	54
4.93198	54
4.93199	54
4.95283	54
4.95284	54
4.95284	54
4.95284	54
4.95286	54
4.9547	54
4.9547	54
4.95471	54
4.95471	54
4.95471	54
4.95476	54
4.96745	54
4.96745	54
4.96745	54
4.97306	54
4.97306	54
4.97307	54
4.97308	54
4.9731	54
4.97571	54
4.97571	54
4.97572	54
4.97577	54
5.0044	54
5.0044	54
5.0044	54
5.0044	54
5.00441	54
5.00441	54
5.00443	54
5.00445	54
5.00446	54
5.01653	54
5.01654	54
5.01654	54
5.01655	54
5.04754	54
5.04754	54
5.04754	54
5.04754	54
5.04754	54
5.04755	54
5.04755	54
5.04757	54
5.0476	54
5.05168	54
5.05168	54
5.05168	54
5.05173	54
5.05209	54
5.05209	54
5.05211	54
5.05802	54
5.05802	54
5.05803	54
5.05803	54
5.05803	54
5.06422	54
5.06422	54
5.06423	54
5.06424	54
5.06424	54
5.06424	54
5.08644	54
5.08644	54
5.08645	54
5.08645	54
5.08653	54
5.10027	54
5.10028	54
5.10028	54
5.10029	54
5.10029	54
5.1223	54
5.1223	54
5.12231	54
5.12236	54
5.12262	54
5.13613	54
5.13613	54
5.13614	54
5.13614	54
5.13615	54
5.13624	54
5.14163	54
5.14165	54
5.14165	54
5.14172	54
5.20108	54
5.20109	54
5.20109	54
5.20109	54
5.2011	54
5.2011	54
5.2011	54
5.20118	54
5.20857	54
5.20858	54
5.20858	54
5.20871	54
5.21946	54
5.21946	54
5.21948	54
5.21948	54
5.24469	54
5.24469	54
5.2447	54
5.2447	54
5.24471	54
5.24471	54
5.24472	54
5.24477	54
5.24493	54
5.25281	54
5.25283	54
5.25283	54
5.25885	54
5.25885	54
5.25886	54
5.25886	54
5.25886	54
5.25886	54
5.3134	54
5.3134	54
5.3134	54
5.31341	54
5.31341	54
5.31341	54
5.31342	54
5.31356	54
5.3149	54
5.3149	54
5.31495	54
5.3317	54
5.33171	54
5.33171	54
5.33171	54
5.33173	54
5.33177	54
5.33293	54
5.33298	54
5.33299	54
5.3338	54
5.33381	54
5.33381	54
5.33728	54
5.33729	54
5.33729	54
5.3373	54
5.33863	54
5.36256	54
5.36256	54
5.36256	54
5.36257	54
5.36258	54
5.36261	54
5.41028	54
5.41029	54
5.4103	54
5.4103	54
5.41031	54
5.41032	54
5.41032	54
5.41034	54
5.42898	54
5.42899	54
5.42899	54
5.43266	54
5.43269	54
5.4327	54
5.43273	54
5.43293	54
5.43298	54
5.43301	54
5.43329	54
5.43398	54
5.43399	54
5.434	54
5.45298	54
5.45298	54
5.45299	54
5.45299	54
5.453	54
5.45301	54
5.45317	54
5.46165	54
5.46165	54
5.46166	54
5.46167	54
5.46761	54
5.46761	54
5.46761	54
5.46769	54
5.51343	54
5.51344	54
5.51344	54
5.51344	54
5.51344	54
5.51345	54
5.51347	54
5.51348	54
5.53961	54
5.53961	54
5.53961	54
5.53962	54
5.53962	54
5.53972	54
5.54256	54
5.56524	54
5.56524	54
5.56524	54
5.56524	54
5.56524	54
5.56526	54
5.56527	54
5.56539	54
5.56545	54
5.56545	54
5.56546	54
5.56548	54
5.56951	54
5.56969	54
5.57638	54
5.57638	54
5.5764	54
5.57647	54
5.58638	54
5.58638	54
5.58639	54
5.5864	54
5.5864	54
5.58649	54
5.59669	54
5.59669	54
5.59669	54
5.5967	54
5.59672	54
5.60841	54
5.60842	54
5.60842	54
5.60842	54
5.60842	54
5.60842	54
5.60924	54
5.60924	54
5.60926	54
5.60927	54
5.61179	54
5.61179	54
5.61179	54
5.63557	54
5.63558	54
5.6356	54
5.63561	54
5.63613	54
5.63613	54
5.63613	54
5.63615	54
5.64638	54
5.64639	54
5.64639	54
5.6464	54
5.64643	54
5.64647	54
5.6506	54
5.65061	54
5.65063	54
5.65063	54
5.66191	54
5.66192	54
5.66194	54
5.66198	54
5.66279	54
5.66904	54
5.66907	54
5.66943	54
5.67109	54
5.67112	54
5.67112	54
5.68144	54
5.68144	54
5.68145	54
5.68147	54
5.68148	54
5.68157	54
5.70186	54
5.70187	54
5.70188	54
5.7019	54
5.70196	54
5.70557	54
5.70557	54
5.70558	54
5.70558	54
5.70558	54
5.70559	54
5.70578	54
5.71158	54
5.71159	54
5.71159	54
5.71165	54
5.71829	54
5.71829	54
5.7184	54
5.72303	54
5.72303	54
5.72303	54
5.72304	54
5.72307	54
5.74793	54
5.74794	54
5.74794	54
5.74795	54
5.74795	54
5.74795	54
5.74799	54
5.74803	54
5.75231	54
5.75232	54
5.75235	54
5.77267	54
5.77267	54
5.77269	54
5.77271	54
5.7819	54
5.7819	54
5.7819	54
5.78191	54
5.78191	54
5.78193	54
5.79666	54
5.79667	54
5.79667	54
5.79668	54
5.7967	54
5.79671	54
5.79672	54
5.82569	54
5.8257	54
5.8257	54
5.8257	54
5.8257	54
5.82572	54
5.82574	54
5.82584	54
5.84243	54
5.84243	54
5.84245	54
5.84248	54
5.88194	54
5.88194	54
5.88194	54
5.88194	54
5.88194	54
5.88195	54
5.88195	54
5.88196	54
5.882	54
5.90194	54
5.90194	54
5.90197	54
5.90198	54
5.902	54
5.94172	54
5.94173	54
5.94173	54
5.94173	54
5.94173	54
5.94173	54
5.94174	54
5.94176	54
5.94178	54
5.95861	54
5.95863	54
5.95865	54
5.98806	54
5.98808	54
5.98808	54
5.98808	54
5.9881	54
5.98816	54
5.98818	54
5.99773	54
5.99773	54
5.99773	54
5.99778	54
5.99779	54
6.00493	54
6.00496	54
6.00501	54
6.02726	54
6.02726	54
6.02726	54
6.02727	54
6.02727	54
6.02728	54
6.02729	54
6.02744	54
6.10078	54
6.10079	54
6.10079	54
6.1008	54
6.1008	54
6.1008	54
6.10083	54
6.10087	54
6.14445	54
6.14445	54
6.14446	54
6.14446	54
6.14446	54
6.14448	54
6.14449	54
6.14458	54
6.35809	54
6.35809	54
6.35809	54
6.35811	54
6.35812	54
6.35813	54
6.35816	54
6.3584	54
6.36499	54
6.365	54
6.36506	54
6.36513	54
6.37279	54
6.37279	54
6.37282	54
6.37292	54
6.40966	54
6.40967	54
6.40968	54
6.40969	54
6.40971	54
6.40979	54
6.40986	54
6.41283	54
6.41285	54
6.41302	54
6.42585	54
6.43226	54
6.43227	54
6.43227	54
6.43229	54
6.43233	54
6.43269	54
6.46079	54
6.46079	54
6.4608	54
6.4608	54
6.46081	54
6.46081	54
6.46094	54
6.46336	54
6.46336	54
6.46343	54
6.51063	54
6.51063	54
6.51064	54
6.51065	54
6.51069	54
6.51072	54
6.51129	54
6.54511	54
6.54511	54
6.54511	54
6.54511	54
6.54512	54
6.54512	54
6.54512	54
6.54514	54
6.54578	54
6.55962	54
6.55963	54
6.55965	54
6.55977	54
6.56009	54
6.56009	54
6.56013	54
6.56035	54
6.56036	54
6.56036	54
6.56047	54
6.56055	54
6.5625	54
6.56251	54
6.56262	54
6.65286	54
6.65287	54
6.65287	54
6.65287	54
6.65288	54
6.65288	54
6.65289	54
6.65294	54
6.65592	54
6.66044	54
6.66483	54
6.66483	54
6.66484	54
6.66484	54
6.66508	54
6.6694	54
6.66941	54
6.66941	54
6.66946	54
6.67595	54
6.67596	54
6.67598	54
6.67606	54
6.69386	54
6.69386	54
6.69386	54
6.69386	54
6.69386	54
6.69396	54
6.69411	54
6.70444	54
6.70444	54
6.70445	54
6.70445	54
6.70445	54
6.70446	54
6.70454	54
6.70456	54
6.72385	54
6.72386	54
6.72386	54
6.72387	54
6.72391	54
6.72395	54
6.72406	54
6.74221	54
6.74223	54
6.76646	54
6.76647	54
6.76647	54
6.76647	54
6.76648	54
6.76648	54
6.76655	54
6.77763	54
6.77764	54
6.77764	54
6.77764	54
6.77765	54
6.77766	54
6.79112	54
6.79113	54
6.79115	54
6.79115	54
6.80824	54
6.80824	54
6.80825	54
6.80825	54
6.80827	54
6.80828	54
6.80833	54
6.80835	54
6.83021	54
6.83022	54
6.83023	54
6.83026	54
6.83029	54
6.83036	54
6.83542	54
6.83542	54
6.83544	54
6.83544	54
6.83559	54
6.83757	54
6.83758	54
6.83758	54
6.83762	54
6.8452	54
6.8452	54
6.84523	54
6.84524	54
6.85021	54
6.85021	54
6.85021	54
6.85024	54
6.85037	54
6.96885	54
6.96885	54
6.96885	54
6.96886	54
6.96886	54
6.96886	54
6.96893	54
7.00543	54
7.00543	54
7.00543	54
7.00543	54
7.00544	54
7.00544	54
7.00545	54
7.00546	54
7.0055	54
7.00566	54
7.00592	54
7.00592	54
7.00592	54
7.00594	54
7.01885	54
7.01885	54
7.01885	54
7.01885	54
7.01885	54
7.01889	54
7.01892	54
7.01895	54
7.0632	54
7.06321	54
7.06321	54
7.06321	54
7.06321	54
7.06322	54
7.06322	54
7.06323	54
7.06337	54
7.06416	54
7.06457	54
7.06458	54
7.06482	54
7.08099	54
7.08101	54
7.08101	54
7.08105	54
7.09256	54
7.09256	54
7.09257	54
7.09257	54
7.09258	54
7.0926	54
7.09263	54
7.09294	54
7.11266	54
7.11267	54
7.11267	54
7.11276	54
7.11642	54
7.11642	54
7.11646	54
7.11653	54
7.11671	54
7.11672	54
7.11673	54
7.12385	54
7.12386	54
7.12386	54
7.12391	54
7.12393	54
7.15485	54
7.15485	54
7.15485	54
7.15485	54
7.15487	54
7.15489	54
7.15495	54
7.16121	54
7.16121	54
7.16126	54
7.16128	54
7.16145	54
7.16268	54
7.17264	54
7.17264	54
7.17267	54
7.18639	54
7.18639	54
7.1864	54
7.1864	54
7.18641	54
7.18642	54
7.18643	54
7.18643	54
7.18945	54
7.18945	54
7.18945	54
7.18974	54
7.29985	54
7.29985	54
7.29987	54
7.29987	54
7.29987	54
7.29987	54
7.2999	54
7.29997	54
7.3001	54
7.30909	54
7.30912	54
7.30926	54
7.35965	54
7.35965	54
7.35973	54
7.35975	54
7.35982	54
7.35987	54
7.35992	54
7.35995	54
7.38209	54
7.38209	54
7.38209	54
7.38285	54
7.43394	54
7.43394	54
7.43394	54
7.43394	54
7.43395	54
7.43396	54
7.434	54
7.43402	54
7.43403	54
7.43409	54
7.43412	54
7.4355	54
7.43968	54
7.44143	54
7.44143	54
7.44144	54
7.44145	54
7.44177	54
7.44381	54
7.44382	54
7.4628	54
7.46281	54
7.46282	54
7.46284	54
7.46286	54
7.4629	54
7.46291	54
8.45158	54
8.45158	54
8.45159	54
8.4516	54
8.45162	54
8.45165	54
8.45172	54
8.45189	54
8.51271	54
8.51272	54
8.51272	54
8.51274	54
8.51279	54
8.5128	54
8.51285	54
8.51289	54
8.51309	54
8.59192	54
8.59193	54
8.59196	54
8.592	54
8.59203	54
8.5921	54
8.59211	54
8.59223	54
8.61709	54
8.61709	54
8.61711	54
8.61711	54
8.61714	54
8.61714	54
8.61721	54
8.793	54
8.79301	54
8.79305	54
8.79309	54
8.79309	54
8.79315	54
8.79318	54
8.79341	54
8.79346	54
8.85936	54
8.85937	54
8.85938	54
8.85941	54
8.85951	54
8.85954	54
8.85986	54
8.86293	54
8.86294	54
8.86297	54
9.42152	54
9.42153	54
9.42155	54
9.42156	54
9.42158	54
9.42168	54
9.4217	54
9.42219	54
9.45275	54
9.45277	54
9.45277	54
9.4528	54
9.45282	54
9.45289	54
9.45292	54
9.45302	54
9.45493	54
9.47114	54
9.47142	54
9.47153	54
9.75502	54
9.75502	54
9.75502	54
9.75503	54
9.75503	54
9.75503	54
9.75509	54
9.75517	54
9.75522	54
9.75537	54
10.2656	54
10.2657	54
10.2657	54
10.2657	54
10.2657	54
10.2658	54
10.2659	54
10.2669	54
10.3091	54
10.3091	54
10.3091	54
10.3091	54
10.3092	54
10.3092	54
10.3093	54
10.3094	54
11.0336	54
11.0336	54
11.0337	54
11.0337	54
11.0338	54
11.0338	54
11.0339	54
11.0655	54
11.0655	54
11.0655	54
11.0655	54
11.0655	54
11.0657	54
11.0658	54
11.0984	54
11.0985	54
11.0985	54
11.0985	54
11.0986	54
11.0987	54
11.0988	54
11.2212	54
11.2212	54
11.2212	54
11.2212	54
11.2212	54
11.2213	54
11.2214	54
11.2214	54
11.2215	54
11.222	54
11.5215	54
11.5215	54
11.5215	54
11.5215	54
11.5217	54
11.5217	54
11.5218	54
11.5219	54
11.5285	54
11.5285	54
11.529	54
11.5292	54
11.5671	54
11.5671	54
11.5671	54
11.5672	54
11.5672	54
11.5672	54
11.5673	54
12.1653	54
12.1653	54
12.1654	54
12.1654	54
12.1654	54
12.1654	54
12.1655	54
12.1659	54
12.166	54
12.1662	54
12.584	54
12.584	54
12.584	54
12.5841	54
12.5841	54
12.5843	54
12.5843	54
12.5846	54
12.5856	54
14.1819	54
14.182	54
14.182	54
14.182	54
14.1821	54
14.1821	54
14.1823	54
14.77	54
14.77	54
14.7701	54
14.7701	54
14.7701	54
14.7702	54
14.7704	54
14.7705	54
14.7717	54
15.0333	54
15.0333	54
15.0333	54
15.0333	54
15.0334	54
15.0335	54
15.0336	54
15.0342	54
15.0693	54
15.0693	54
15.0693	54
15.0693	54
15.0693	54
15.0694	54
15.0694	54
15.0694	54
15.0697	54
15.1303	54
15.1303	54
15.1303	54
15.1305	54
15.1305	54
15.1305	54
15.1309	54
15.1309	54
15.1846	54
15.1846	54
15.1846	54
15.1846	54
15.1846	54
15.1846	54
15.1847	54
15.1847	54
15.1848	54
15.2337	54
15.2337	54
15.2338	54
15.2338	54
15.2338	54
15.2339	54
15.2342	54
15.4649	54
15.4649	54
15.4649	54
15.4649	54
15.465	54
15.465	54
15.4652	54
15.4654	54
15.4657	54
15.4689	54
16.6279	54
16.6279	54
16.6279	54
16.628	54
16.6281	54
16.6282	54
16.6291	54
16.6291	54
17.1579	54
17.1579	54
17.158	54
17.158	54
17.158	54
17.158	54
17.158	54
17.1582	54
17.5442	54
17.5442	54
17.5442	54
17.5442	54
17.5443	54
17.5443	54
17.5443	54
17.5444	54
17.6327	54
17.6327	54
17.6327	54
17.6327	54
17.6327	54
17.6327	54
17.6328	54
17.6328	54
18.2517	54
18.2517	54
18.2517	54
18.2517	54
18.2518	54
18.2519	54
18.2519	54
18.2519	54
18.3968	54
18.3968	54
18.3968	54
18.3968	54
18.3968	54
18.3968	54
18.3968	54
18.3968	54
18.3969	54
18.5037	54
18.5037	54
18.5037	54
18.5038	54
18.5038	54
18.5039	54
18.5041	54
18.5043	54
18.5703	54
18.5703	54
18.5703	54
18.5703	54
18.5704	54
18.5705	54
18.5707	54
18.5712	54
19.1847	54
19.1847	54
19.1847	54
19.1848	54
19.1848	54
19.1849	54
19.185	54
19.4447	54
19.4448	54
19.4448	54
19.4448	54
19.4449	54
19.4449	54
19.4449	54
19.4451	54
19.5373	54
19.5373	54
19.5373	54
19.5374	54
19.5374	54
19.5374	54
19.5374	54
19.5375	54
19.5379	54
20.4322	54
20.4322	54
20.4322	54
20.4323	54
20.4323	54
20.4325	54
20.4327	54
21.3837	54
21.3837	54
21.3838	54
21.3839	54
21.3839	54
21.384	54
21.3841	54
21.3846	54
21.3848	54
22.4933	54
22.4933	54
22.4933	54
22.4933	54
22.4934	54
22.4934	54
22.4935	54
23.2686	54
23.2687	54
23.2687	54
23.2687	54
23.2687	54
23.2687	54
23.2689	54
23.2694	54
23.2702	54
23.2705	54
24.0849	54
24.0849	54
24.085	54
24.085	54
24.085	54
24.0852	54
24.0858	54
24.086	54
24.0861	54
24.0865	54
25.0836	54
25.0836	54
25.0837	54
25.0837	54
25.0837	54
25.0838	54
25.0839	54
25.0844	54
26.9332	54
26.9332	54
26.9333	54
26.9333	54
26.9334	54
26.9334	54
26.9335	54
26.9491	54
26.9492	54
26.9493	54
26.9494	54
27.1168	54
27.1168	54
27.1168	54
27.1168	54
27.1169	54
27.117	54
27.1171	54
27.1171	54
27.1171	54
27.1173	54
28.9225	54
28.9225	54
28.9225	54
28.9225	54
28.9225	54
28.9226	54
28.9237	54
29.274	54
29.274	54
29.274	54
29.274	54
29.274	54
29.2741	54
29.2745	54
29.2751	54
29.2753	54
29.6168	54
29.6168	54
29.6168	54
29.6168	54
29.6168	54
29.6168	54
29.6171	54
30.2152	54
30.2152	54
30.2153	54
30.2153	54
30.2155	54
30.2156	54
30.2158	54
30.2167	54
30.8525	54
30.8525	54
30.8526	54
30.8526	54
30.8526	54
30.8526	54
30.8526	54
30.8527	54
31.0019	54
31.0019	54
31.002	54
31.002	54
31.002	54
31.002	54
31.0022	54
31.0026	54
32.1405	54
32.1405	54
32.1405	54
32.1405	54
32.1405	54
32.1406	54
32.1407	54
32.1408	54
32.1409	54
33.5589	54
33.5589	54
33.5589	54
33.5589	54
33.559	54
33.559	54
33.5591	54
33.5591	54
35.0448	54
35.0448	54
35.0448	54
35.0449	54
35.0451	54
35.0452	54
35.0453	54
35.1463	54
35.1463	54
35.1463	54
35.1464	54
35.1464	54
35.1465	54
35.1468	54
35.1469	54
36.9869	54
36.9869	54
36.987	54
36.987	54
36.9871	54
36.9872	54
36.9876	54
36.9876	54
36.9876	54
36.9877	54
37.2107	54
37.2108	54
37.2108	54
37.2108	54
37.2109	54
37.211	54
37.2111	54
37.2129	54
37.5858	54
37.5858	54
37.5858	54
37.5858	54
37.5858	54
37.5858	54
37.5862	54
37.808	54
37.808	54
37.808	54
37.8081	54
37.8081	54
37.8081	54
37.8082	54
37.8085	54
37.8554	54
37.8554	54
37.8554	54
37.8554	54
37.8554	54
37.8554	54
37.8555	54
37.856	54
37.8564	54
38.578	54
38.5781	54
38.5781	54
38.5781	54
38.5781	54
38.5782	54
38.5782	54
38.5783	54
38.8337	54
38.8337	54
38.8338	54
38.8338	54
38.8338	54
38.8338	54
38.834	54
38.8341	54
39.4942	54
39.4942	54
39.4943	54
39.4944	54
39.4944	54
39.4947	54
39.4947	54
39.4947	54
39.4949	54
40.1619	54
40.1619	54
40.162	54
40.1621	54
40.1621	54
40.1623	54
40.1623	54
40.1628	54
40.1631	54
40.3247	54
40.3247	54
40.3247	54
40.3247	54
40.3247	54
40.3248	54
40.3248	54
40.3258	54
40.3265	54
40.366	54
40.366	54
40.3661	54
40.3661	54
40.3662	54
40.3662	54
40.3663	54
40.3663	54
40.5643	54
40.5643	54
40.5643	54
40.5643	54
40.5644	54
40.5644	54
40.5645	54
40.5645	54
41.4695	54
41.4696	54
41.4696	54
41.4696	54
41.4696	54
41.4697	54
41.4703	54
41.4708	54
41.4709	54
42.0335	54
42.0335	54
42.0335	54
42.0335	54
42.0336	54
42.0336	54
42.0337	54
42.0337	54
42.4698	54
42.4699	54
42.4699	54
42.47	54
42.47	54
42.4701	54
42.4704	54
42.4715	54
42.7331	54
42.7331	54
42.7332	54
42.7332	54
42.7334	54
42.7334	54
42.7337	54
42.7347	54
43.2853	54
43.2853	54
43.2853	54
43.2853	54
43.2853	54
43.2853	54
43.2856	54
43.2858	54
43.3876	54
43.3876	54
43.3876	54
43.3876	54
43.3876	54
43.3877	54
43.3891	54
43.4614	54
43.4614	54
43.4614	54
43.4614	54
43.4615	54
43.4615	54
43.4618	54
43.4618	54
43.4621	54
44.0739	54
44.0739	54
44.0739	54
44.0739	54
44.0739	54
44.074	54
44.0751	54
44.2371	54
44.2372	54
44.2372	54
44.2372	54
44.2372	54
44.2372	54
44.2379	54
44.238	54
44.2382	54
44.8496	54
44.8496	54
44.8496	54
44.8497	54
44.8497	54
44.8499	54
44.8501	54
44.8501	54
44.8504	54
45.1928	54
45.1929	54
45.1929	54
45.1929	54
45.1929	54
45.193	54
45.1931	54
46.0119	54
46.0119	54
46.0119	54
46.0119	54
46.0119	54
46.0119	54
46.0122	54
46.0128	54
46.0152	54
46.2054	54
46.2054	54
46.2054	54
46.2055	54
46.2055	54
46.2056	54
46.2057	54
46.2061	54
46.8013	54
46.8013	54
46.8013	54
46.8014	54
46.8017	54
46.802	54
46.802	54
46.802	54
46.8021	54
46.8382	54
46.8383	54
46.8384	54
46.8385	54
46.8386	54
46.8389	54
47.3655	54
47.3656	54
47.3657	54
47.3657	54
47.3658	54
47.3658	54
47.3658	54
47.3677	54
47.7206	54
47.7206	54
47.7207	54
47.7207	54
47.7207	54
47.721	54
47.7223	54
48.6266	54
48.6266	54
48.6266	54
48.6267	54
48.6267	54
48.6267	54
48.6273	54
48.6275	54
48.6276	54
48.6951	54
48.6952	54
48.6952	54
48.6952	54
48.6953	54
48.6954	54
48.6969	54
49.0522	54
49.0522	54
49.0523	54
49.0523	54
49.0524	54
49.0524	54
49.0524	54
49.0525	54
49.0534	54
49.0538	54
49.5062	54
49.5062	54
49.5062	54
49.5062	54
49.5063	54
49.5063	54
49.5063	54
49.5068	54
49.5762	54
49.5762	54
49.5762	54
49.5762	54
49.5763	54
49.5763	54
49.5764	54
49.5768	54
50.1591	54
50.1591	54
50.1591	54
50.1591	54
50.1592	54
50.1595	54
50.1595	54
50.1598	54
50.4128	54
50.4128	54
50.4128	54
50.4129	54
50.4131	54
50.4131	54
50.4132	54
50.4132	54
50.7324	54
50.7324	54
50.7324	54
50.7324	54
50.7325	54
50.7325	54
50.7326	54
50.7326	54
50.7329	54
50.7336	54
51.1226	54
51.1227	54
51.1227	54
51.1227	54
51.1228	54
51.1228	54
51.123	54
51.1231	54
51.1238	54
51.3613	54
51.3613	54
51.3614	54
51.3614	54
51.3614	54
51.3617	54
51.3622	54
52.7273	54
52.7273	54
52.7273	54
52.7273	54
52.7273	54
52.7273	54
52.7273	54
52.7274	54
52.7276	54
52.7301	54
53.4819	54
53.482	54
53.482	54
53.482	54
53.482	54
53.4821	54
53.4822	54
53.4823	54
53.4832	54
53.9523	54
53.9523	54
53.9523	54
53.9523	54
53.9524	54
53.9524	54
53.9525	54
53.9527	54
54.5144	54
54.5144	54
54.5144	54
54.5144	54
54.5145	54
54.5145	54
54.515	54
54.5152	54
54.5576	54
54.5576	54
54.5576	54
54.5576	54
54.5576	54
54.5577	54
54.5579	54
54.558	54
55.4297	54
55.4297	54
55.4297	54
55.4297	54
55.4299	54
55.4299	54
55.4299	54
56.4633	54
56.4634	54
56.4634	54
56.4634	54
56.4634	54
56.4637	54
56.464	54
56.7949	54
56.795	54
56.795	54
56.795	54
56.795	54
56.795	54
56.7951	54
56.7952	54
56.7953	54
56.7955	54
57.5163	54
57.5163	54
57.5163	54
57.5164	54
57.5165	54
57.5165	54
57.5168	54
57.5169	54
57.6132	54
57.6132	54
57.6133	54
57.6133	54
57.6134	54
57.6135	54
57.6136	54
57.6142	54
58.3029	54
58.3029	54
58.3029	54
58.3029	54
58.303	54
58.3031	54
58.3031	54
58.3034	54
59.7701	54
59.7701	54
59.7701	54
59.7701	54
59.7701	54
59.7702	54
59.7702	54
59.7704	54
59.7705	54
59.7746	54
60.2717	54
60.2718	54
60.2719	54
60.2719	54
60.2721	54
60.2721	54
60.2721	54
60.2725	54
61.0489	54
61.049	54
61.049	54
61.049	54
61.049	54
61.049	54
61.049	54
61.0492	54
61.7534	54
61.7534	54
61.7535	54
61.7535	54
61.7535	54
61.7536	54
61.7536	54
61.7539	54
63.0965	54
63.0966	54
63.0966	54
63.0966	54
63.0967	54
63.0967	54
63.0967	54
63.097	54
64.5272	54
64.5272	54
64.5272	54
64.5272	54
64.5272	54
64.5274	54
64.5275	54
64.5275	54
64.5278	54
65.7437	54
65.7437	54
65.7438	54
65.7438	54
65.7438	54
65.7439	54
65.7439	54
65.7442	54
65.7498	54
65.7499	54
65.7499	54
65.7501	54
65.7507	54
67.0902	54
67.0902	54
67.0902	54
67.0903	54
67.0903	54
67.0904	54
67.0908	54
67.0911	54
67.0912	54
67.0913	54
67.9293	54
67.9293	54
67.9294	54
67.9294	54
67.9295	54
67.9295	54
67.9296	54
67.9296	54
68.753	54
68.753	54
68.753	54
68.7531	54
68.7531	54
68.7531	54
68.7536	54
69.1538	54
69.1538	54
69.1538	54
69.1538	54
69.1539	54
69.154	54
69.1542	54
69.1546	54
69.3487	54
69.3487	54
69.3488	54
69.3488	54
69.3488	54
69.3488	54
69.3488	54
69.3491	54
69.3493	54
69.3495	54
69.7011	54
69.7011	54
69.7011	54
69.7011	54
69.7011	54
69.7012	54
69.7012	54
69.7013	54
69.7016	54
69.7623	54
69.7624	54
69.7624	54
69.7624	54
69.7625	54
69.7627	54
69.7627	54
69.7628	54
71.1873	54
71.1874	54
71.1874	54
71.1874	54
71.1874	54
71.1874	54
71.1875	54
71.1876	54
71.5387	54
71.5387	54
71.5387	54
71.5387	54
71.5387	54
71.5387	54
71.5391	54
72.0492	54
72.0493	54
72.0493	54
72.0494	54
72.0494	54
72.0495	54
72.0503	54
72.7483	54
72.7483	54
72.7483	54
72.7483	54
72.7484	54
72.7484	54
72.749	54
72.7497	54
72.7502	54
72.972	54
72.972	54
72.972	54
72.9721	54
72.9721	54
72.9721	54
72.9722	54
72.9724	54
72.9726	54
74.2212	54
74.2212	54
74.2213	54
74.2213	54
74.2213	54
74.2214	54
74.222	54
75.1682	54
75.1682	54
75.1682	54
75.1682	54
75.1685	54
75.1685	54
75.1688	54
75.1691	54
75.5543	54
75.5543	54
75.5543	54
75.5543	54
75.5544	54
75.5546	54
75.5547	54
75.5555	54
75.7329	54
75.7329	54
75.7329	54
75.7329	54
75.733	54
75.7331	54
75.7331	54
75.7332	54
75.7333	54
75.7343	54
76.0627	54
76.0628	54
76.0628	54
76.0628	54
76.0628	54
76.0629	54
76.0632	54
76.3977	54
76.3978	54
76.3978	54
76.3978	54
76.3979	54
76.3979	54
76.398	54
76.3982	54
76.4398	54
76.4399	54
76.4399	54
76.4399	54
76.44	54
76.44	54
76.4408	54
76.4408	54
76.4409	54
76.7091	54
76.7091	54
76.7091	54
76.7091	54
76.7092	54
76.7096	54
76.7097	54
76.7107	54
76.9992	54
76.9992	54
76.9993	54
76.9993	54
76.9993	54
76.9993	54
76.9993	54
76.9997	54
78.1409	54
78.1409	54
78.141	54
78.141	54
78.1411	54
78.1412	54
78.1414	54
78.142	54
78.4392	54
78.4392	54
78.4392	54
78.4392	54
78.4394	54
78.4395	54
78.4397	54
78.44	54
78.4401	54
79.1608	54
79.1609	54
79.1609	54
79.1609	54
79.161	54
79.161	54
79.1612	54
79.1613	54
79.5891	54
79.5891	54
79.5892	54
79.5892	54
79.5892	54
79.5892	54
79.5893	54
79.5893	54
79.5894	54
79.5896	54
80.042	54
80.042	54
80.042	54
80.042	54
80.0421	54
80.0421	54
80.0422	54
80.0424	54
80.1663	54
80.1663	54
80.1663	54
80.1663	54
80.1664	54
80.1665	54
80.1666	54
80.1667	54
80.2942	54
80.2942	54
80.2943	54
80.2943	54
80.2943	54
80.2944	54
80.2944	54
80.9401	54
80.9401	54
80.9402	54
80.9402	54
80.9402	54
80.9403	54
80.9403	54
80.9404	54
80.9405	54
81.6702	54
81.6702	54
81.6702	54
81.6703	54
81.6703	54
81.6704	54
81.6704	54
81.6707	54
82.1066	54
82.1066	54
82.1066	54
82.1066	54
82.1067	54
82.1069	54
82.1071	54
82.1073	54
82.1074	54
82.8407	54
82.8407	54
82.8408	54
82.8408	54
82.8408	54
82.8409	54
82.8413	54
82.8422	54
83.9839	54
83.9839	54
83.984	54
83.984	54
83.9841	54
83.9841	54
83.9856	54
84.0956	54
84.0956	54
84.0956	54
84.0957	54
84.0958	54
84.0958	54
84.0961	54
84.0962	54
84.0962	54
84.0989	54
85.3719	54
85.3719	54
85.3719	54
85.3719	54
85.372	54
85.372	54
85.3723	54
86.8017	54
86.8018	54
86.8018	54
86.8018	54
86.8019	54
86.802	54
86.8022	54
86.8025	54
86.8706	54
86.8706	54
86.8706	54
86.8706	54
86.8707	54
86.8708	54
86.8708	54
86.8709	54
87.2093	54
87.2093	54
87.2093	54
87.2093	54
87.2095	54
87.2095	54
87.2096	54
87.2104	54
87.2121	54
87.2122	54
88.3368	54
88.3368	54
88.3368	54
88.3368	54
88.3369	54
88.3369	54
88.3371	54
88.509	54
88.509	54
88.509	54
88.5091	54
88.5092	54
88.5092	54
88.5092	54
88.5094	54
89.4961	54
89.4962	54
89.4962	54
89.4963	54
89.4964	54
89.4965	54
89.4972	54
89.4974	54
89.667	54
89.667	54
89.667	54
89.667	54
89.6672	54
89.6673	54
89.6675	54
89.6677	54
89.965	54
89.965	54
89.9651	54
89.9651	54
89.9651	54
89.9651	54
89.9657	54
90.7525	54
90.7525	54
90.7525	54
90.7525	54
90.7526	54
90.7526	54
90.7532	54
90.7533	54
90.7534	54
91.3891	54
91.3891	54
91.3891	54
91.3891	54
91.3892	54
91.3892	54
91.3894	54
91.3898	54
91.6299	54
91.6299	54
91.6299	54
91.6299	54
91.63	54
91.6301	54
91.6305	54
91.6306	54
91.6307	54
91.6317	54
91.8998	54
91.8998	54
91.8998	54
91.8999	54
91.8999	54
91.8999	54
91.9004	54
91.9008	54
93.2096	54
93.2096	54
93.2096	54
93.2096	54
93.2096	54
93.2096	54
93.2098	54
93.2107	54
94.097	54
94.097	54
94.097	54
94.0971	54
94.0971	54
94.0971	54
94.0973	54
94.0974	54
95.0044	54
95.0044	54
95.0045	54
95.0045	54
95.0045	54
95.0045	54
95.0047	54
95.0917	54
95.0917	54
95.0917	54
95.0918	54
95.0918	54
95.0918	54
95.0919	54
95.0921	54
95.0922	54
95.0924	54
95.5546	54
95.5546	54
95.5547	54
95.5547	54
95.5548	54
95.5549	54
95.5555	54
95.5556	54
95.556	54
95.7961	54
95.7961	54
95.7961	54
95.7962	54
95.7962	54
95.7962	54
95.7963	54
95.7965	54
95.7966	54
95.9004	54
95.9004	54
95.9004	54
95.9005	54
95.9005	54
95.9006	54
95.9006	54
97.0629	54
97.0629	54
97.063	54
97.063	54
97.063	54
97.0631	54
97.0632	54
97.0633	54
97.0635	54
97.8325	54
97.8325	54
97.8325	54
97.8325	54
97.8326	54
97.8329	54
97.8331	54
98.3743	54
98.3744	54
98.3744	54
98.3744	54
98.3745	54
98.3745	54
98.3746	54
98.3748	54
98.3749	54
