2.44197e-12	0
8.69047e-11	1
1.37492e-10	2
1.74843e-10	3
1.80824e-10	4
1.98923e-10	5
2.94637e-10	6
4.2099e-10	7
5.42857e-10	8
6.23366e-10	9
6.54984e-10	10
9.17624e-10	11
1.34102e-09	12
1.39643e-09	13
1.40697e-09	14
1.43181e-09	15
1.73588e-09	16
1.83134e-09	17
1.89906e-09	18
2.08537e-09	19
2.24218e-09	20
2.50259e-09	21
2.5798e-09	22
2.65132e-09	23
2.65834e-09	24
2.73462e-09	25
2.74444e-09	26
3.02965e-09	27
3.2279e-09	28
3.39155e-09	28
3.42576e-09	29
3.46675e-09	30
3.94953e-09	31
4.06289e-09	32
4.11386e-09	33
4.25946e-09	34
4.35902e-09	35
4.50226e-09	36
4.53662e-09	37
5.54959e-09	38
5.56733e-09	39
5.63774e-09	40
5.781e-09	41
7.21984e-09	42
7.39698e-09	43
7.78066e-09	44
8.67058e-09	44
8.98212e-09	45
1.04351e-08	46
1.09409e-08	47
1.19046e-08	48
1.40511e-08	48
1.63095e-08	48
1.68754e-08	49
1.96323e-08	49
1.98547e-08	49
2.27834e-08	49
2.44855e-08	49
2.45988e-08	49
2.90841e-08	50
2.92701e-08	51
4.17589e-08	51
4.20815e-08	51
4.671e-08	51
4.67542e-08	51
5.00308e-08	51
5.52264e-08	51
5.5513e-08	51
5.92652e-08	51
6.08198e-08	51
6.9376e-08	51
7.58851e-08	51
8.39586e-08	51
8.71939e-08	51
8.72451e-08	51
9.0442e-08	51
9.15131e-08	51
9.342e-08	51
9.38947e-08	51
9.76357e-08	51
1.02568e-07	51
1.02802e-07	51
1.05316e-07	51
1.06859e-07	51
1.06886e-07	51
1.0864e-07	51
1.10349e-07	51
1.21592e-07	51
1.21723e-07	51
1.22142e-07	51
1.27489e-07	51
1.29968e-07	51
1.31225e-07	51
1.34026e-07	51
1.37221e-07	51
1.41469e-07	51
1.41635e-07	51
1.4255e-07	51
1.44223e-07	51
1.53776e-07	51
1.56633e-07	51
1.61659e-07	51
1.64125e-07	51
1.68961e-07	51
1.80136e-07	51
1.81629e-07	51
1.87178e-07	51
1.88908e-07	51
1.89164e-07	51
1.89875e-07	51
1.93514e-07	51
1.93542e-07	51
1.95611e-07	51
1.95948e-07	51
1.96044e-07	51
1.99293e-07	51
1.9951e-07	51
2.09276e-07	51
2.11731e-07	51
2.12254e-07	51
2.12461e-07	51
2.13578e-07	51
2.15602e-07	51
2.27376e-07	51
2.28455e-07	51
2.35693e-07	51
2.40975e-07	51
2.59902e-07	51
2.62815e-07	51
2.77674e-07	51
2.83894e-07	51
2.85438e-07	51
2.97416e-07	51
2.98673e-07	51
3.21992e-07	51
3.23648e-07	51
3.36594e-07	51
3.38652e-07	51
3.38986e-07	51
3.40154e-07	51
3.40917e-07	51
3.42641e-07	51
3.43827e-07	51
3.48124e-07	51
3.48282e-07	51
3.62099e-07	51
3.66083e-07	51
3.67131e-07	51
3.68639e-07	51
3.71544e-07	51
3.82187e-07	51
3.82554e-07	51
3.9036e-07	51
4.01867e-07	51
4.03086e-07	51
4.04967e-07	51
4.17237e-07	51
4.1766e-07	51
4.19419e-07	51
4.2183e-07	51
4.25686e-07	51
4.27139e-07	51
4.38665e-07	51
4.43545e-07	51
4.46965e-07	51
4.50169e-07	51
4.54243e-07	51
4.55869e-07	51
4.59835e-07	51
4.73567e-07	51
4.91294e-07	51
4.94686e-07	51
4.97372e-07	51
4.98643e-07	51
4.99245e-07	51
4.99737e-07	51
5.03285e-07	51
5.03646e-07	51
5.07008e-07	51
5.11226e-07	51
5.12609e-07	51
5.13581e-07	51
5.17615e-07	51
5.32569e-07	51
5.38082e-07	51
5.44533e-07	51
5.51009e-07	51
5.52046e-07	51
5.53828e-07	51
5.54724e-07	51
5.54773e-07	51
5.6071e-07	51
5.61882e-07	51
5.68302e-07	51
5.73291e-07	51
5.77024e-07	51
5.77943e-07	51
5.90703e-07	51
5.94265e-07	51
5.97433e-07	51
6.00411e-07	51
6.13895e-07	51
6.16985e-07	51
6.19145e-07	51
6.23911e-07	51
6.26434e-07	51
6.34623e-07	51
6.38175e-07	51
6.39628e-07	51
6.47244e-07	51
6.50546e-07	51
6.6264e-07	51
6.6344e-07	51
6.80565e-07	51
6.8468e-07	51
6.97315e-07	51
7.03678e-07	51
7.04083e-07	51
7.11742e-07	51
7.21195e-07	51
7.23801e-07	51
7.30726e-07	51
7.42636e-07	51
7.42859e-07	51
7.43079e-07	51
7.45676e-07	51
7.47839e-07	51
7.5586e-07	51
7.6026e-07	51
7.71482e-07	51
7.77209e-07	51
7.90189e-07	51
7.91192e-07	51
7.92551e-07	51
7.94624e-07	51
8.23938e-07	51
8.27696e-07	51
8.28713e-07	51
8.41821e-07	51
8.47561e-07	51
8.50628e-07	51
8.54471e-07	51
8.58892e-07	51
8.7136e-07	51
8.80277e-07	51
8.84122e-07	51
8.86948e-07	51
8.91272e-07	51
8.99023e-07	51
9.03077e-07	51
9.19798e-07	51
9.33739e-07	51
9.33827e-07	51
9.4215e-07	51
9.48383e-07	51
9.51117e-07	51
9.55187e-07	51
9.62712e-07	51
9.63762e-07	51
9.67054e-07	51
9.68957e-07	51
9.89108e-07	51
9.93119e-07	51
1.00035e-06	51
1.00388e-06	51
1.00611e-06	51
1.01137e-06	51
1.01538e-06	51
1.03302e-06	51
1.03357e-06	51
1.03722e-06	51
1.03826e-06	51
1.04581e-06	51
1.06244e-06	51
1.07392e-06	51
1.08136e-06	51
1.09459e-06	51
1.09591e-06	51
1.10579e-06	51
1.10646e-06	51
1.13191e-06	51
1.14575e-06	51
1.15006e-06	51
1.15489e-06	51
1.17555e-06	51
1.19819e-06	51
1.19884e-06	51
1.19951e-06	51
1.21146e-06	51
1.24134e-06	51
1.26385e-06	51
1.27143e-06	51
1.31371e-06	51
1.32528e-06	51
1.32874e-06	51
1.33173e-06	51
1.33615e-06	51
1.35118e-06	51
1.36597e-06	51
1.37065e-06	51
1.38012e-06	51
1.40561e-06	51
1.4349e-06	51
1.44092e-06	51
1.44976e-06	51
1.47195e-06	51
1.47714e-06	51
1.47777e-06	51
1.47921e-06	51
1.48572e-06	51
1.49444e-06	51
1.49912e-06	51
1.5036e-06	51
1.50978e-06	51
1.52211e-06	51
1.53225e-06	51
1.53793e-06	51
1.53868e-06	51
1.55595e-06	51
1.56752e-06	51
1.56793e-06	51
1.56908e-06	51
1.59592e-06	51
1.59883e-06	51
1.6007e-06	51
1.60177e-06	51
1.60233e-06	51
1.60801e-06	51
1.63776e-06	51
1.65085e-06	51
1.68449e-06	51
1.68565e-06	51
1.69507e-06	51
1.72907e-06	51
1.73288e-06	51
1.78086e-06	51
1.80254e-06	51
1.80443e-06	51
1.81268e-06	51
1.88579e-06	51
1.91755e-06	51
1.94766e-06	51
1.95086e-06	51
1.95838e-06	51
1.96553e-06	51
2.00295e-06	51
2.01538e-06	51
2.06928e-06	51
2.08609e-06	51
2.14892e-06	51
2.19718e-06	51
2.23878e-06	51
2.26331e-06	51
2.28001e-06	51
2.29358e-06	51
2.29745e-06	51
2.36079e-06	51
2.38485e-06	51
2.38648e-06	51
2.40842e-06	51
2.42174e-06	51
2.42311e-06	51
2.43611e-06	51
2.44425e-06	51
2.47246e-06	51
2.50057e-06	51
2.51444e-06	51
2.51815e-06	51
2.54827e-06	51
2.55006e-06	51
2.58361e-06	51
2.58459e-06	51
2.59628e-06	51
2.7483e-06	51
2.76988e-06	51
2.84209e-06	51
2.86344e-06	51
2.88255e-06	51
2.89545e-06	51
2.9059e-06	51
2.91087e-06	51
2.91611e-06	51
3.07966e-06	51
3.11444e-06	51
3.12766e-06	51
3.13976e-06	51
3.14485e-06	51
3.18444e-06	51
3.2239e-06	51
3.26528e-06	51
3.28051e-06	51
3.36394e-06	51
3.51946e-06	51
3.52328e-06	51
3.58052e-06	51
3.58568e-06	51
3.59091e-06	51
3.59221e-06	51
3.64013e-06	51
3.67797e-06	51
3.6795e-06	51
3.67997e-06	51
3.75728e-06	51
3.7811e-06	51
3.84028e-06	51
3.85729e-06	51
3.86395e-06	51
3.91308e-06	51
3.91835e-06	51
3.96287e-06	51
3.97818e-06	51
3.98776e-06	51
3.9938e-06	51
4.09408e-06	51
4.09689e-06	51
4.19442e-06	51
4.23849e-06	51
4.25293e-06	51
4.28847e-06	51
4.29983e-06	51
4.31294e-06	51
4.38776e-06	51
4.38811e-06	51
4.41299e-06	51
4.48604e-06	51
4.49947e-06	51
4.51486e-06	51
4.56115e-06	51
4.56801e-06	51
4.64477e-06	51
4.66026e-06	51
4.6963e-06	51
4.70354e-06	51
4.73593e-06	51
4.73897e-06	51
4.76326e-06	51
4.81555e-06	51
4.85919e-06	51
5.15421e-06	51
5.26669e-06	51
5.32384e-06	51
5.41147e-06	51
5.49325e-06	51
5.50548e-06	51
5.56932e-06	51
5.57588e-06	51
5.75123e-06	51
5.7617e-06	51
5.77135e-06	51
5.943e-06	51
5.96673e-06	51
5.97039e-06	51
5.97993e-06	51
6.00688e-06	51
6.01561e-06	51
6.02379e-06	51
6.0756e-06	51
6.10656e-06	51
6.13427e-06	51
6.32581e-06	51
6.39795e-06	51
6.59494e-06	51
6.62915e-06	51
6.70851e-06	51
6.73832e-06	51
6.79191e-06	51
6.88261e-06	51
6.99863e-06	51
7.0107e-06	51
7.06439e-06	51
7.08854e-06	51
7.09213e-06	51
7.12619e-06	51
7.17077e-06	51
7.25111e-06	51
7.33461e-06	51
7.34448e-06	51
7.47825e-06	51
7.49851e-06	51
7.59227e-06	51
7.61586e-06	51
7.6717e-06	51
7.95039e-06	51
8.11818e-06	51
8.22911e-06	51
8.3476e-06	51
8.37259e-06	51
8.48441e-06	51
8.52933e-06	51
8.53728e-06	51
8.56478e-06	51
8.61198e-06	51
8.77748e-06	51
8.77804e-06	51
8.79228e-06	51
8.8453e-06	51
8.86035e-06	51
8.96691e-06	51
9.03501e-06	51
9.04606e-06	51
9.13536e-06	51
9.20702e-06	51
9.41416e-06	51
9.4244e-06	51
9.63717e-06	51
9.93765e-06	51
1.01295e-05	51
1.04552e-05	51
1.06011e-05	51
1.06026e-05	51
1.06181e-05	51
1.09499e-05	51
1.0957e-05	51
1.1213e-05	51
1.13293e-05	51
1.14351e-05	51
1.14428e-05	51
1.14586e-05	51
1.16092e-05	51
1.18103e-05	51
1.18456e-05	51
1.18764e-05	51
1.19931e-05	51
1.21135e-05	51
1.21769e-05	51
1.23083e-05	51
1.2379e-05	51
1.23917e-05	51
1.23988e-05	51
1.24994e-05	51
1.25775e-05	51
1.31799e-05	51
1.31988e-05	51
1.32207e-05	51
1.3252e-05	51
1.32936e-05	51
1.32979e-05	51
1.34355e-05	51
1.34802e-05	51
1.35004e-05	51
1.35464e-05	51
1.35637e-05	51
1.35994e-05	51
1.36439e-05	51
1.37297e-05	51
1.37602e-05	51
1.37837e-05	51
1.39784e-05	51
1.40239e-05	51
1.41381e-05	51
1.44077e-05	51
1.44397e-05	51
1.44525e-05	51
1.46514e-05	51
1.47049e-05	51
1.47539e-05	51
1.48108e-05	51
1.49372e-05	51
1.49439e-05	51
1.50464e-05	51
1.51196e-05	51
1.53511e-05	51
1.53877e-05	51
1.55215e-05	51
1.55565e-05	51
1.5594e-05	51
1.55973e-05	51
1.58119e-05	51
1.59125e-05	51
1.5926e-05	51
1.59744e-05	51
1.60901e-05	51
1.61932e-05	51
1.63925e-05	51
1.6393e-05	51
1.64193e-05	51
1.64448e-05	51
1.65561e-05	51
1.65672e-05	51
1.66093e-05	51
1.66277e-05	51
1.67599e-05	51
1.70257e-05	51
1.70377e-05	51
1.70826e-05	51
1.72151e-05	51
1.75158e-05	51
1.76577e-05	51
1.77246e-05	51
1.77977e-05	51
1.79183e-05	51
1.79537e-05	51
1.80729e-05	51
1.81627e-05	51
1.84182e-05	51
1.87692e-05	51
1.90254e-05	51
1.9079e-05	51
1.91854e-05	51
1.92528e-05	51
1.93625e-05	51
1.93633e-05	51
1.93681e-05	51
1.93955e-05	51
1.94124e-05	51
1.94473e-05	51
1.98244e-05	51
1.99004e-05	51
1.99567e-05	51
1.99773e-05	51
2.02687e-05	51
2.03611e-05	51
2.04506e-05	51
2.05968e-05	51
2.07809e-05	51
2.08145e-05	51
2.14812e-05	51
2.15766e-05	51
2.1598e-05	51
2.16581e-05	51
2.16842e-05	51
2.1809e-05	51
2.18905e-05	51
2.20538e-05	51
2.20563e-05	51
2.20848e-05	51
2.24187e-05	51
2.26228e-05	51
2.29507e-05	51
2.30185e-05	51
2.30505e-05	51
2.30752e-05	51
2.31186e-05	51
2.32572e-05	51
2.32921e-05	51
2.33037e-05	51
2.33256e-05	51
2.34029e-05	51
2.3479e-05	51
2.35295e-05	51
2.3676e-05	51
2.40471e-05	51
2.40919e-05	51
2.43158e-05	51
2.46922e-05	51
2.48077e-05	51
2.48287e-05	51
2.52495e-05	51
2.52593e-05	51
2.52599e-05	51
2.55225e-05	51
2.55907e-05	51
2.61301e-05	51
2.61374e-05	51
2.61638e-05	51
2.62205e-05	51
2.63898e-05	51
2.6741e-05	51
2.70115e-05	51
2.71035e-05	51
2.72828e-05	51
2.74158e-05	51
2.74631e-05	51
2.75143e-05	51
2.77016e-05	51
2.77954e-05	51
2.81161e-05	51
2.81267e-05	51
2.81858e-05	51
2.82136e-05	51
2.84444e-05	51
2.89468e-05	51
2.90985e-05	51
2.91709e-05	51
2.92317e-05	51
2.95103e-05	51
2.99804e-05	51
3.05142e-05	51
3.05509e-05	51
3.06381e-05	51
3.18489e-05	51
3.22833e-05	51
3.2335e-05	51
3.24309e-05	51
3.25404e-05	51
3.25809e-05	51
3.33422e-05	51
3.33513e-05	51
3.34068e-05	51
3.34091e-05	51
3.34847e-05	51
3.36027e-05	51
3.36482e-05	51
3.39738e-05	51
3.404e-05	51
3.42039e-05	51
3.43078e-05	51
3.45008e-05	51
3.45837e-05	51
3.46874e-05	51
3.47487e-05	51
3.48523e-05	51
3.48653e-05	51
3.49713e-05	51
3.52461e-05	51
3.52754e-05	51
3.52926e-05	51
3.56961e-05	51
3.57884e-05	51
3.60639e-05	51
3.60944e-05	51
3.61661e-05	51
3.62208e-05	51
3.64936e-05	51
3.66067e-05	51
3.68136e-05	51
3.69128e-05	51
3.70476e-05	51
3.70991e-05	51
3.71006e-05	51
3.71441e-05	51
3.73984e-05	51
3.74433e-05	51
3.75172e-05	51
3.75259e-05	51
3.75319e-05	51
3.75592e-05	51
3.76168e-05	51
3.76577e-05	51
3.76581e-05	51
3.78801e-05	51
3.81568e-05	51
3.81696e-05	51
3.85358e-05	51
3.85891e-05	51
3.86861e-05	51
3.89043e-05	51
3.90871e-05	51
3.90911e-05	51
3.91577e-05	51
3.92674e-05	51
3.94003e-05	51
3.98307e-05	51
3.98717e-05	51
3.98892e-05	51
3.99442e-05	51
4.00067e-05	51
4.00092e-05	51
4.01535e-05	51
4.02286e-05	51
4.04734e-05	51
4.08159e-05	51
4.09669e-05	51
4.09935e-05	51
4.10965e-05	51
4.12112e-05	51
4.14779e-05	51
4.16753e-05	51
4.17064e-05	51
4.19153e-05	51
4.19196e-05	51
4.21342e-05	51
4.21719e-05	51
4.24485e-05	51
4.28174e-05	51
4.28412e-05	51
4.29766e-05	51
4.35473e-05	51
4.37878e-05	51
4.38993e-05	51
4.39681e-05	51
4.41494e-05	51
4.44443e-05	51
4.46797e-05	51
4.48632e-05	51
4.49936e-05	51
4.50587e-05	51
4.51356e-05	51
4.56838e-05	51
4.56864e-05	51
4.59187e-05	51
4.60384e-05	51
4.61522e-05	51
4.61616e-05	51
4.6726e-05	51
4.68832e-05	51
4.71086e-05	51
4.73588e-05	51
4.7757e-05	51
4.77759e-05	51
4.77966e-05	51
4.84882e-05	51
4.86692e-05	51
4.87483e-05	51
4.87728e-05	51
4.89421e-05	51
4.90324e-05	51
4.94427e-05	51
5.02569e-05	51
5.05746e-05	51
5.07978e-05	51
5.08863e-05	51
5.09116e-05	51
5.11146e-05	51
5.11592e-05	51
5.1463e-05	51
5.14904e-05	51
5.18309e-05	51
5.20824e-05	51
5.22496e-05	51
5.24803e-05	51
5.25392e-05	51
5.27476e-05	51
5.2762e-05	51
5.2874e-05	51
5.29792e-05	51
5.32241e-05	51
5.33254e-05	51
5.33734e-05	51
5.33925e-05	51
5.3526e-05	51
5.363e-05	51
5.36384e-05	51
5.37636e-05	51
5.38521e-05	51
5.39062e-05	51
5.39732e-05	51
5.41274e-05	51
5.4148e-05	51
5.41979e-05	51
5.42409e-05	51
5.42973e-05	51
5.43408e-05	51
5.44096e-05	51
5.44364e-05	51
5.44623e-05	51
5.45934e-05	51
5.48242e-05	51
5.4905e-05	51
5.5236e-05	51
5.55719e-05	51
5.56035e-05	51
5.58934e-05	51
5.60234e-05	51
5.61834e-05	51
5.62397e-05	51
5.62671e-05	51
5.63879e-05	51
5.64626e-05	51
5.65501e-05	51
5.65744e-05	51
5.67399e-05	51
5.67578e-05	51
5.68243e-05	51
5.69934e-05	51
5.72005e-05	51
5.72714e-05	51
5.72772e-05	51
5.747e-05	51
5.77161e-05	51
5.78916e-05	51
5.81485e-05	51
5.822e-05	51
5.84317e-05	51
5.8776e-05	51
5.88383e-05	51
5.88598e-05	51
5.8944e-05	51
5.94305e-05	51
5.94481e-05	51
5.95183e-05	51
5.95351e-05	51
5.97448e-05	51
5.97492e-05	51
5.98316e-05	51
6.01814e-05	51
6.06457e-05	51
6.06731e-05	51
6.09372e-05	51
6.11771e-05	51
6.15966e-05	51
6.16381e-05	51
6.17676e-05	51
6.1868e-05	51
6.20414e-05	51
6.20631e-05	51
6.23549e-05	51
6.24779e-05	51
6.25874e-05	51
6.36349e-05	51
6.39065e-05	51
6.3985e-05	51
6.42874e-05	51
6.43011e-05	51
6.43346e-05	51
6.4376e-05	51
6.45623e-05	51
6.45631e-05	51
6.46412e-05	51
6.49954e-05	51
6.51019e-05	51
6.55547e-05	51
6.56092e-05	51
6.57386e-05	51
6.60554e-05	51
6.60785e-05	51
6.63597e-05	51
6.68076e-05	51
6.68424e-05	51
6.68469e-05	51
6.69898e-05	51
6.7258e-05	51
6.7606e-05	51
6.77823e-05	51
6.83247e-05	51
6.83465e-05	51
6.84052e-05	51
6.84121e-05	51
6.87635e-05	51
6.88865e-05	51
6.90951e-05	51
6.96698e-05	51
6.99932e-05	51
7.00351e-05	51
7.01939e-05	51
7.03548e-05	51
7.03731e-05	51
7.03994e-05	51
7.051e-05	51
7.06098e-05	51
7.06146e-05	51
7.08599e-05	51
7.08745e-05	51
7.14148e-05	51
7.186e-05	51
7.19484e-05	51
7.19608e-05	51
7.22115e-05	51
7.2453e-05	51
7.24895e-05	51
7.25095e-05	51
7.25837e-05	51
7.26249e-05	51
7.26264e-05	51
7.32296e-05	51
7.32648e-05	51
7.33039e-05	51
7.37106e-05	51
7.39804e-05	51
7.4164e-05	51
7.45909e-05	51
7.45926e-05	51
7.53453e-05	51
7.54543e-05	51
7.55628e-05	51
7.61614e-05	51
7.658e-05	51
7.66427e-05	51
7.67528e-05	51
7.67559e-05	51
7.71116e-05	51
7.74492e-05	51
7.74814e-05	51
7.75306e-05	51
7.79455e-05	51
7.80083e-05	51
7.80809e-05	51
7.84352e-05	51
7.85343e-05	51
7.91388e-05	51
7.92769e-05	51
7.93085e-05	51
7.95883e-05	51
7.97465e-05	51
8.03632e-05	51
8.03711e-05	51
8.05148e-05	51
8.07914e-05	51
8.28913e-05	51
8.33444e-05	51
8.35065e-05	51
8.35462e-05	51
8.3687e-05	51
8.40596e-05	51
8.42144e-05	51
8.42631e-05	51
8.44895e-05	51
8.46797e-05	51
8.47063e-05	51
8.4919e-05	51
8.54239e-05	51
8.57047e-05	51
8.61412e-05	51
8.61462e-05	51
8.65206e-05	51
8.68345e-05	51
8.75296e-05	51
8.76526e-05	51
8.78879e-05	51
8.79067e-05	51
8.84399e-05	51
8.85848e-05	51
8.90002e-05	51
8.94916e-05	51
8.96022e-05	51
8.96853e-05	51
9.00078e-05	51
9.00784e-05	51
9.05201e-05	51
9.05718e-05	51
9.08854e-05	51
9.11181e-05	51
9.1743e-05	51
9.18856e-05	51
9.22948e-05	51
9.24109e-05	51
9.25467e-05	51
9.25698e-05	51
9.26953e-05	51
9.32632e-05	51
9.36379e-05	51
9.39425e-05	51
9.40053e-05	51
9.42649e-05	51
9.43743e-05	51
9.46927e-05	51
9.53357e-05	51
9.61402e-05	51
9.64163e-05	51
9.72091e-05	51
9.83803e-05	51
9.90886e-05	51
9.92837e-05	51
9.99961e-05	51
0.000100453	51
0.00010051	51
0.000100901	51
0.000101331	51
0.000101832	51
0.000101952	51
0.000101966	51
0.000102059	51
0.000102151	51
0.000102222	51
0.000102392	51
0.000102511	51
0.000103038	51
0.0001031	51
0.000103631	51
0.000103702	51
0.000104626	51
0.000105083	51
0.000105615	51
0.000105829	51
0.00010614	51
0.000106321	51
0.000106824	51
0.000107546	51
0.00010766	51
0.000107995	51
0.000108028	51
0.000108131	51
0.000108373	51
0.000108542	51
0.00010872	51
0.000108802	51
0.00011114	51
0.000111516	51
0.000111783	51
0.000111793	51
0.00011236	51
0.000112954	51
0.000112993	51
0.000113785	51
0.00011397	51
0.000114233	51
0.000114584	51
0.000114836	51
0.00011517	51
0.000115224	51
0.000115668	51
0.00011584	51
0.000115859	51
0.000115888	51
0.000116112	51
0.000117	51
0.000117573	51
0.000118167	51
0.00011827	51
0.000118737	51
0.000119523	51
0.000120178	51
0.000120721	51
0.000121196	51
0.000121338	51
0.000121521	51
0.000121532	51
0.000122352	51
0.000123625	51
0.000123768	51
0.000123855	51
0.000124136	51
0.00012427	51
0.000124541	51
0.000127009	51
0.000127148	51
0.000127764	51
0.000128253	51
0.000128844	51
0.00012911	51
0.000129273	51
0.00012976	51
0.000129845	51
0.000130191	51
0.000130571	51
0.000130741	51
0.000132086	51
0.000132194	51
0.000132297	51
0.000132337	51
0.000132639	51
0.000133058	51
0.000133063	51
0.000133726	51
0.000133756	51
0.000133915	51
0.000134227	51
0.000136878	51
0.000137153	51
0.000137234	51
0.000138178	51
0.00013819	51
0.000138483	51
0.000138593	51
0.000138704	51
0.000139064	51
0.000139211	51
0.000139655	51
0.000139754	51
0.000140032	51
0.000140495	51
0.000140725	51
0.000140947	51
0.000141062	51
0.000142618	51
0.000143619	51
0.000143841	51
0.000144027	51
0.000145577	51
0.000146307	51
0.000146714	51
0.000146955	51
0.000149177	51
0.000151173	51
0.000151663	51
0.000151803	51
0.000152194	51
0.000152252	51
0.000152985	51
0.000153219	51
0.00015379	51
0.00015468	51
0.000156292	51
0.000156681	51
0.000156852	51
0.000157538	51
0.000158509	51
0.000160598	51
0.000161754	51
0.000161884	51
0.000161952	51
0.000162981	51
0.000163504	51
0.000163733	51
0.000164321	51
0.000164446	51
0.000165054	51
0.000166411	51
0.000167762	51
0.000168129	51
0.000168831	51
0.000169492	51
0.000169579	51
0.000171218	51
0.000172183	51
0.000172966	51
0.000173585	51
0.000173933	51
0.000174933	51
0.000176471	51
0.00017967	51
0.000179935	51
0.000181969	51
0.000182131	51
0.000183092	51
0.000185224	51
0.000188312	51
0.000188501	51
0.000188771	51
0.000189469	51
0.000189695	51
0.000190073	51
0.000190458	51
0.000190707	51
0.0001912	51
0.000191998	51
0.000192631	51
0.000192778	51
0.000193408	51
0.00019363	51
0.000194087	51
0.000194184	51
0.000195899	51
0.000196039	51
0.000196088	51
0.000196979	51
0.000197716	51
0.000198732	51
0.000199448	51
0.000200714	51
0.000202265	51
0.000202734	51
0.000202843	51
0.000203307	51
0.000203707	51
0.000204307	51
0.000205021	51
0.000206553	51
0.000206644	51
0.00020705	51
0.000207322	51
0.000207566	51
0.000208316	51
0.000208976	51
0.000209309	51
0.000209618	51
0.000210596	51
0.000210806	51
0.000212079	51
0.000212391	51
0.00021353	51
0.000215302	51
0.00021619	51
0.000216317	51
0.00021831	51
0.000221267	51
0.000221551	51
0.000221602	51
0.000222334	51
0.000223851	51
0.000225648	51
0.000226675	51
0.000227184	51
0.000228129	51
0.000229885	51
0.000230024	51
0.000231463	51
0.000231697	51
0.000232834	51
0.000233908	51
0.000234502	51
0.000234703	51
0.000234864	51
0.000235768	51
0.000235919	51
0.000236191	51
0.000237688	51
0.000239051	51
0.000240865	51
0.000241526	51
0.000243302	51
0.00024332	51
0.000244135	51
0.000244206	51
0.000248599	51
0.000253189	51
0.000254255	51
0.000254609	51
0.000254717	51
0.000256481	51
0.000256938	51
0.000257786	51
0.000259265	51
0.00025964	51
0.000260678	51
0.00026165	51
0.000262971	51
0.00026417	51
0.00026553	51
0.000265989	51
0.000269315	51
0.000269596	51
0.000270239	51
0.000270728	51
0.000272741	51
0.000279438	51
0.000283885	51
0.000284963	51
0.000284983	51
0.000286456	51
0.000287885	51
0.000288524	51
0.00029213	51
0.000295476	51
0.00029783	51
0.000300883	51
0.000300991	51
0.000304192	51
0.000308107	51
0.000309966	51
0.000311095	51
0.000313747	51
0.000314418	51
0.000316136	51
0.000316195	51
0.000317337	51
0.000319965	51
0.000320822	51
0.000321288	51
0.00032185	51
0.0003228	51
0.000324839	51
0.0003291	51
0.000334747	51
0.00033654	51
0.000336575	51
0.000343243	51
0.000346506	51
0.000346804	51
0.000347352	51
0.000347925	51
0.000349251	51
0.000351793	51
0.000357733	51
0.000361279	51
0.000361615	51
0.000363513	51
0.000365077	51
0.000365391	51
0.000365463	51
0.000372032	51
0.00037233	51
0.00037774	51
0.000378441	51
0.000386042	51
0.000386777	51
0.000388789	51
0.000391341	51
0.000392495	51
0.000393821	51
0.000396041	51
0.000398184	51
0.000399617	51
0.000400121	51
0.000400178	51
0.000401115	51
0.000402724	51
0.000404564	51
0.000408928	51
0.000418465	51
0.000421347	51
0.000423703	51
0.000424718	51
0.000429273	51
0.000458081	51
0.000461272	51
0.000463767	51
0.000463802	51
0.000465811	51
0.000469058	51
0.000496697	51
0.000499357	51
0.000500893	51
0.000507609	51
0.000509153	51
0.000509799	51
0.000511363	51
0.000514939	51
0.000516414	51
0.000516985	51
0.000531204	51
0.000532094	51
0.000543765	51
0.000557122	51
0.000560914	51
0.000563749	51
0.000567771	51
0.000578607	51
0.000580157	51
0.000581943	51
0.00058422	51
0.000585162	51
0.000590193	51
0.00059599	51
0.000603789	51
0.000608813	51
0.000615984	51
0.000630844	51
0.000643723	51
0.000645832	51
0.000656245	51
0.000660533	51
0.000668183	51
0.000669121	51
0.000674322	51
0.00069235	51
0.000694814	51
0.000695661	51
0.000695972	51
0.000700511	51
0.000704469	51
0.00071562	51
0.000720979	51
0.000729914	51
0.000748749	51
0.000771876	51
0.000778693	51
0.000806679	51
0.000806975	51
0.000830484	51
0.000846788	51
0.00085731	51
0.000870115	51
0.000884929	51
0.00090897	51
0.00091103	51
0.000929684	51
0.000936931	51
0.000984741	51
0.00102287	51
0.00107469	51
0.00110823	51
0.00112112	51
0.00118699	51
0.00123729	51
0.00127779	51
0.00130419	51
0.00132552	51
0.0013643	51
0.00137646	51
0.00138379	51
0.00160044	51
0.00181348	51
0.00181453	51
0.00187884	51
0.00189864	51
0.00191851	51
0.00249843	51
0.00820218	51
0.00820297	51
0.0082034	51
0.00820342	51
0.00820401	51
0.00820433	51
0.00820503	51
0.00820606	51
0.00820672	51
0.0082078	51
0.00820889	51
0.0082139	51
0.00821673	51
0.00822799	51
0.00823594	51
0.00823782	51
0.00824161	51
0.00824602	51
0.00825639	51
0.00826401	51
0.00827969	51
0.00829006	51
0.008295	51
0.00829939	51
0.00831172	51
0.00832272	51
0.0083249	51
0.00832794	51
0.00833598	51
0.00834736	51
0.00834944	51
0.00835289	51
0.00835789	51
0.00836053	51
0.0083731	51
0.00854824	51
0.00856086	51
0.00856193	51
0.00858421	51
0.00860472	51
0.0086371	51
0.00870031	51
0.0089358	51
0.0115174	51
0.0115174	51
0.0115175	51
0.0115175	51
0.0115175	51
0.0115175	51
0.0115176	51
0.0115176	51
0.0115176	51
0.0115177	51
0.0115178	51
0.0115178	51
0.011518	51
0.0115181	51
0.0115181	51
0.0115181	51
0.0115183	51
0.0115183	51
0.0115185	51
0.0115185	51
0.0115186	51
0.0115189	51
0.0115189	51
0.011519	51
0.0115192	51
0.0115194	51
0.0115195	51
0.0115197	51
0.0115199	51
0.01152	51
0.01152	51
0.0115203	51
0.0115204	51
0.011521	51
0.0115213	51
0.0115214	51
0.0115215	51
0.0115216	51
0.0115217	51
0.0115219	51
0.0115226	51
0.011523	51
0.0115236	51
0.0115242	51
0.0115244	51
0.0115278	51
0.0115287	51
0.0265066	51
0.0265066	51
0.0265068	51
0.026507	51
0.0265073	51
0.0265075	51
0.026508	51
0.0265082	51
0.0265084	51
0.0265091	51
0.0265099	51
0.0265104	51
0.0265109	51
0.0265115	51
0.0265124	51
0.0265125	51
0.0265128	51
0.026513	51
0.0265133	51
0.0265143	51
0.0265165	51
0.0265209	51
0.026521	51
0.0265273	51
0.0265278	51
0.0265289	51
0.026531	51
0.026534	51
0.0265388	51
0.026543	51
0.0265444	51
0.0265448	51
0.0265477	51
0.0265533	51
0.0265534	51
0.0265573	51
0.026561	51
0.0265646	51
0.0265733	51
0.0265761	51
0.0265806	51
0.0265823	51
0.0265864	51
0.0265881	51
0.0265884	51
0.0265901	51
0.0266028	51
0.0266069	51
0.0266098	51
0.0266131	51
0.0266151	51
0.0266252	51
0.0266262	51
0.0266301	51
0.0266353	51
0.0266358	51
0.0266458	51
0.0266578	51
0.0266582	51
0.0266618	51
0.0266677	51
0.0266687	51
0.0266788	51
0.0266924	51
0.0267033	51
0.0267104	51
0.0267171	51
0.0267296	51
0.0267353	51
0.0267393	51
0.026747	51
0.0267507	51
0.0267551	51
0.0267562	51
0.0267587	51
0.0267665	51
0.0267773	51
0.0267781	51
0.026782	51
0.0267839	51
0.0267866	51
0.0267876	51
0.0267917	51
0.0267937	51
0.0267946	51
0.0267964	51
0.0267992	51
0.0268011	51
0.0268054	51
0.026813	51
0.0268138	51
0.0268172	51
0.0268292	51
0.0268384	51
0.0268397	51
0.0268451	51
0.0268518	51
0.0268541	51
0.0268635	51
0.0268925	51
0.0268935	51
0.026905	51
0.0269133	51
0.0269257	51
0.0269259	51
0.0269379	51
0.026941	51
0.0269478	51
0.0269553	51
0.0269583	51
0.0269686	51
0.0269688	51
0.026973	51
0.0269837	51
0.0269946	51
0.0270067	51
0.0270099	51
0.0270206	51
0.027031	51
0.0270647	51
0.0270676	51
0.0270717	51
0.027084	51
0.0270919	51
0.0270923	51
0.0271003	51
0.0271043	51
0.0271271	51
0.0271334	51
0.0271669	51
0.0271861	51
0.0271993	51
0.0272293	51
0.0272877	51
0.0272962	51
0.0273101	51
0.0273632	51
0.027376	51
0.0274422	51
0.0279156	51
0.0279159	51
0.0279235	51
0.0279236	51
0.0279254	51
0.0279761	51
0.0280247	51
0.0280691	51
0.0281715	51
0.0282921	51
0.028297	51
0.028297	51
0.0282984	51
0.0282984	51
0.028304	51
0.0283097	51
0.0283154	51
0.0283792	51
0.0284212	51
0.0284381	51
0.028478	51
0.0284882	51
0.0285194	51
0.0285213	51
0.028559	51
0.0285894	51
0.0286912	51
0.0287828	51
0.0288889	51
0.0302805	51
0.0547047	51
0.0547047	51
0.0547047	51
0.0547047	51
0.0547047	51
0.0547047	51
0.0547047	51
0.0547048	51
0.0547048	51
0.0547048	51
0.0547048	51
0.0547049	51
0.0547049	51
0.0547049	51
0.0547049	51
0.054705	51
0.054705	51
0.054705	51
0.0547051	51
0.0547051	51
0.0547051	51
0.0547051	51
0.0547051	51
0.0547052	51
0.0547052	51
0.0547052	51
0.0547052	51
0.0547053	51
0.0547053	51
0.0547054	51
0.0547054	51
0.0547054	51
0.0547054	51
0.0547054	51
0.0547055	51
0.0547055	51
0.0547055	51
0.0547055	51
0.0547056	51
0.0547056	51
0.0547056	51
0.0547056	51
0.0547057	51
0.0547058	51
0.0547059	51
0.054706	51
0.054706	51
0.0547061	51
0.0547061	51
0.0547061	51
0.0547062	51
0.0547062	51
0.0547063	51
0.0547064	51
0.0547065	51
0.0547066	51
0.0547066	51
0.0547067	51
0.0547068	51
0.0547068	51
0.0547068	51
0.0547074	51
0.0547079	51
0.0547081	51
0.0547087	51
0.0547088	51
0.0547089	51
0.0547098	51
0.0547109	51
0.0547109	51
0.0547116	51
0.0547122	51
0.0547145	51
0.0547156	51
0.0547161	51
0.0547174	51
0.0547174	51
0.0547185	51
0.0547187	51
0.0547191	51
0.0547193	51
0.0547195	51
0.0547196	51
0.0547214	51
0.0547215	51
0.0547219	51
0.0547219	51
0.0547222	51
0.0547223	51
0.0547251	51
0.0547254	51
0.0547268	51
0.054728	51
0.0547287	51
0.0547306	51
0.0547312	51
0.0547324	51
0.0547328	51
0.0547328	51
0.0547346	51
0.054735	51
0.0547356	51
0.054738	51
0.0547381	51
0.0547387	51
0.054739	51
0.0547393	51
0.0547394	51
0.0547415	51
0.0547417	51
0.0547424	51
0.0547434	51
0.0547439	51
0.0547459	51
0.0547472	51
0.0547484	51
0.0547539	51
0.0547544	51
0.0547562	51
0.0547566	51
0.0547588	51
0.0547589	51
0.0547624	51
0.0547634	51
0.0547692	51
0.0547695	51
0.0547721	51
0.05478	51
0.0547802	51
0.0547843	51
0.0547856	51
0.0547856	51
0.054786	51
0.0547863	51
0.0547902	51
0.0547903	51
0.054794	51
0.0547961	51
0.054797	51
0.0547979	51
0.054802	51
0.0548037	51
0.0548041	51
0.0548045	51
0.0548105	51
0.0548118	51
0.0548124	51
0.0548166	51
0.0548168	51
0.0548182	51
0.0548241	51
0.0548255	51
0.0548266	51
0.0548322	51
0.0548345	51
0.0548361	51
0.0548362	51
0.0548374	51
0.054839	51
0.0548392	51
0.0548451	51
0.0548493	51
0.0548527	51
0.054857	51
0.0548587	51
0.05486	51
0.0548717	51
0.054876	51
0.0548771	51
0.0548879	51
0.0548914	51
0.0548935	51
0.054895	51
0.0548973	51
0.0548979	51
0.0549026	51
0.0549027	51
0.0549145	51
0.054917	51
0.0549183	51
0.0549227	51
0.0549327	51
0.0549365	51
0.0549543	51
0.0549561	51
0.0549687	51
0.0549839	51
0.054984	51
0.0549898	51
0.05499	51
0.0550284	51
0.0550306	51
0.0550355	51
0.0550386	51
0.0550477	51
0.055058	51
0.0550645	51
0.0550682	51
0.0550733	51
0.0550762	51
0.0551142	51
0.0551209	51
0.0551351	51
0.0551366	51
0.0551403	51
0.0551483	51
0.0551608	51
0.0551636	51
0.0551645	51
0.0551678	51
0.0551816	51
0.0552334	51
0.0552734	51
0.0552832	51
0.0553065	51
0.0553252	51
0.055336	51
0.0553535	51
0.055544	51
0.0555637	51
0.0555799	51
0.0555802	51
0.0555927	51
0.0556577	51
0.0557603	51
0.056066	51
0.0566302	51
0.0566303	51
0.0566309	51
0.056632	51
0.0566321	51
0.0566328	51
0.0566332	51
0.0566351	51
0.0566397	51
0.0566465	51
0.0769469	51
0.076947	51
0.0769471	51
0.0769472	51
0.0769474	51
0.0769474	51
0.0769479	51
0.076948	51
0.0769486	51
0.0769489	51
0.0769493	51
0.0769504	51
0.0769508	51
0.0769667	51
0.0769722	51
0.0769832	51
0.0769839	51
0.0772975	51
0.077299	51
0.0773006	51
0.0773012	51
0.0773014	51
0.0773018	51
0.0773025	51
0.0773036	51
0.0773058	51
0.0773084	51
0.0773177	51
0.0773583	51
0.0774726	51
0.0777574	51
0.079636	51
0.079636	51
0.0796396	51
0.0810268	51
0.0810529	51
0.0810552	51
0.0880338	51
0.0880339	51
0.0880354	51
0.0880354	51
0.0880451	51
0.0880823	51
0.0880891	51
0.0880918	51
0.0881069	51
0.0881174	51
0.0881185	51
0.0881372	51
0.0881399	51
0.0881554	51
0.0881666	51
0.0881754	51
0.0882078	51
0.0882283	51
0.0882315	51
0.0882504	51
0.0882849	51
0.088316	51
0.0884726	51
0.0884748	51
0.0885759	51
0.0886367	51
0.0891508	51
0.0993517	51
0.0993519	51
0.0993521	51
0.0993523	51
0.0993524	51
0.0993527	51
0.099353	51
0.0993541	51
0.0993554	51
0.0993563	51
0.0993592	51
0.099369	51
0.099385	51
0.0993856	51
0.0994054	51
0.0994082	51
0.099443	51
0.0994919	51
0.0996468	51
0.0996722	51
0.0997792	51
0.0998619	51
0.100407	51
0.100435	51
0.120704	51
0.120704	51
0.120705	51
0.120705	51
0.120705	51
0.120705	51
0.120705	51
0.120706	51
0.120706	51
0.120706	51
0.120707	51
0.120707	51
0.120707	51
0.120708	51
0.12071	51
0.120714	51
0.120718	51
0.120739	51
0.120887	51
0.128251	51
0.128252	51
0.128252	51
0.128252	51
0.128253	51
0.128254	51
0.128258	51
0.128264	51
0.132922	51
0.132928	51
0.133314	51
0.135142	51
0.135145	51
0.135154	51
0.136777	51
0.136786	51
0.136886	51
0.137485	51
0.137492	51
0.137503	51
0.142003	51
0.142007	51
0.142007	51
0.142012	51
0.142029	51
0.142032	51
0.142287	51
0.142458	51
0.143162	51
0.143283	51
0.144194	51
0.144219	51
0.144228	51
0.144512	51
0.145578	51
0.145581	51
0.153924	51
0.153924	51
0.153925	51
0.153925	51
0.153926	51
0.153932	51
0.153936	51
0.153939	51
0.153945	51
0.154429	51
0.154567	51
0.154568	51
0.156215	51
0.156993	51
0.161703	51
0.161704	51
0.161704	51
0.161705	51
0.161705	51
0.161705	51
0.161706	51
0.161707	51
0.161708	51
0.161708	51
0.161709	51
0.161717	51
0.168161	51
0.168161	51
0.168161	51
0.168162	51
0.168168	51
0.168186	51
0.168304	51
0.168311	51
0.168366	51
0.191416	51
0.191416	51
0.191416	51
0.191417	51
0.191418	51
0.191418	51
0.191419	51
0.19142	51
0.191424	51
0.19143	51
0.191434	51
0.191472	51
0.191484	51
0.191486	51
0.191489	51
0.191521	51
0.191524	51
0.191566	51
0.191647	51
0.192918	51
0.192937	51
0.193729	51
0.196348	51
0.201099	51
0.20111	51
0.201883	51
0.201885	51
0.206392	51
0.206418	51
0.206426	51
0.209847	51
0.212374	51
0.212378	51
0.212623	51
0.21451	51
0.214514	51
0.214569	51
0.214718	51
0.215392	51
0.215396	51
0.215397	51
0.21593	51
0.228801	51
0.228802	51
0.228802	51
0.228806	51
0.228812	51
0.228853	51
0.238217	51
0.238218	51
0.238219	51
0.238225	51
0.238227	51
0.238228	51
0.23828	51
0.251459	51
0.251462	51
0.251476	51
0.251483	51
0.252018	51
0.260297	51
0.260301	51
0.260305	51
0.260306	51
0.26031	51
0.260338	51
0.269423	51
0.26943	51
0.269435	51
0.270479	51
0.270521	51
0.272595	51
0.276034	51
0.276034	51
0.276037	51
0.276051	51
0.276226	51
0.278586	51
0.278603	51
0.294694	51
0.294695	51
0.294697	51
0.294699	51
0.295061	51
0.296157	51
0.29626	51
0.301768	51
0.301795	51
0.30181	51
0.303956	51
0.304326	51
0.308738	51
0.308739	51
0.308741	51
0.308746	51
0.308748	51
0.308751	51
0.308751	51
0.313513	51
0.313513	51
0.313513	51
0.31352	51
0.313525	51
0.313538	51
0.313546	51
0.32044	51
0.320448	51
0.320463	51
0.337652	51
0.337652	51
0.337652	51
0.337655	51
0.337665	51
0.337666	51
0.33767	51
0.337797	51
0.348561	51
0.348561	51
0.348561	51
0.34857	51
0.348843	51
0.355351	51
0.355353	51
0.355356	51
0.355357	51
0.355389	51
0.355408	51
0.363487	51
0.363487	51
0.363488	51
0.363491	51
0.363491	51
0.363496	51
0.363507	51
0.363537	51
0.387327	51
0.387329	51
0.387332	51
0.387335	51
0.387338	51
0.387389	51
0.390525	51
0.390527	51
0.390528	51
0.390634	51
0.394082	51
0.394088	51
0.394091	51
0.394583	51
0.41468	51
0.41468	51
0.414681	51
0.414685	51
0.414686	51
0.414686	51
0.414689	51
0.414692	51
0.414697	51
0.414707	51
0.414904	51
0.417865	51
0.423667	51
0.423671	51
0.423675	51
0.423708	51
0.423709	51
0.42522	51
0.425221	51
0.425224	51
0.425237	51
0.42718	51
0.430909	51
0.430915	51
0.430916	51
0.430923	51
0.433704	51
0.433704	51
0.433705	51
0.433709	51
0.43371	51
0.433715	51
0.433724	51
0.44026	51
0.440263	51
0.440264	51
0.440278	51
0.440939	51
0.440941	51
0.440943	51
0.440944	51
0.456211	51
0.456211	51
0.456218	51
0.456219	51
0.456221	51
0.456222	51
0.468371	51
0.468371	51
0.468372	51
0.468374	51
0.468383	51
0.468388	51
0.468589	51
0.475594	51
0.475595	51
0.475754	51
0.485261	51
0.485264	51
0.485267	51
0.48528	51
0.485409	51
0.495468	51
0.495474	51
0.495476	51
0.49548	51
0.49549	51
0.495503	51
0.50325	51
0.503258	51
0.503265	51
0.50333	51
0.505566	51
0.506329	51
0.510635	51
0.510648	51
0.5185	51
0.5185	51
0.518503	51
0.518522	51
0.518598	51
0.525652	51
0.527609	51
0.527611	51
0.527746	51
0.532867	51
0.532867	51
0.532867	51
0.53287	51
0.532871	51
0.533345	51
0.53761	51
0.537611	51
0.537615	51
0.537808	51
0.541658	51
0.541669	51
0.54167	51
0.541674	51
0.541684	51
0.545462	51
0.545465	51
0.545508	51
0.547623	51
0.550278	51
0.550278	51
0.550283	51
0.550284	51
0.550284	51
0.550284	51
0.550292	51
0.55909	51
0.559092	51
0.559093	51
0.559094	51
0.559104	51
0.559123	51
0.559274	51
0.563651	51
0.563661	51
0.563705	51
0.565786	51
0.565804	51
0.567044	51
0.568168	51
0.568171	51
0.568172	51
0.56826	51
0.573879	51
0.57388	51
0.573884	51
0.573884	51
0.573896	51
0.573909	51
0.573967	51
0.576918	51
0.576918	51
0.576949	51
0.576957	51
0.576958	51
0.577237	51
0.577253	51
0.57727	51
0.578693	51
0.579919	51
0.579942	51
0.579942	51
0.579951	51
0.588413	51
0.588414	51
0.588417	51
0.588418	51
0.588422	51
0.588436	51
0.598165	51
0.598166	51
0.598169	51
0.598172	51
0.598175	51
0.598176	51
0.598195	51
0.607844	51
0.60787	51
0.60912	51
0.609123	51
0.609149	51
0.609172	51
0.609227	51
0.609237	51
0.609262	51
0.621121	51
0.621121	51
0.621124	51
0.621126	51
0.621144	51
0.621394	51
0.621398	51
0.621435	51
0.633974	51
0.633976	51
0.63398	51
0.63398	51
0.633981	51
0.645469	51
0.645526	51
0.646073	51
0.65595	51
0.655951	51
0.655951	51
0.655952	51
0.655958	51
0.655969	51
0.656166	51
0.658725	51
0.658729	51
0.658742	51
0.658743	51
0.666187	51
0.666187	51
0.666189	51
0.666194	51
0.668581	51
0.668585	51
0.6686	51
0.674336	51
0.674338	51
0.674341	51
0.674351	51
0.674416	51
0.674434	51
0.674437	51
0.675188	51
0.682064	51
0.682072	51
0.682098	51
0.683173	51
0.68318	51
0.685208	51
0.685209	51
0.685218	51
0.701322	51
0.701322	51
0.701323	51
0.701323	51
0.701325	51
0.701329	51
0.701332	51
0.701338	51
0.701341	51
0.702535	51
0.703833	51
0.704429	51
0.70443	51
0.704434	51
0.704439	51
0.704456	51
0.718932	51
0.718933	51
0.718961	51
0.728037	51
0.72805	51
0.742871	51
0.742873	51
0.742875	51
0.742875	51
0.742876	51
0.74288	51
0.742883	51
0.742884	51
0.743157	51
0.749959	51
0.74996	51
0.749961	51
0.74997	51
0.750005	51
0.750029	51
0.757316	51
0.757322	51
0.757323	51
0.757324	51
0.757339	51
0.757339	51
0.757346	51
0.757361	51
0.757421	51
0.75746	51
0.76779	51
0.767792	51
0.7678	51
0.768912	51
0.770539	51
0.773731	51
0.773735	51
0.773744	51
0.773749	51
0.773977	51
0.773983	51
0.773985	51
0.777122	51
0.777123	51
0.77715	51
0.777174	51
0.781934	51
0.781936	51
0.781947	51
0.781951	51
0.781953	51
0.793809	51
0.793816	51
0.793828	51
0.793857	51
0.807329	51
0.80733	51
0.807335	51
0.807336	51
0.807338	51
0.807341	51
0.826893	51
0.826895	51
0.826901	51
0.826903	51
0.826906	51
0.857587	51
0.857591	51
0.857592	51
0.857593	51
0.857596	51
0.857599	51
0.857614	51
0.857674	51
0.866308	51
0.866332	51
0.866673	51
0.867801	51
0.867801	51
0.867803	51
0.867864	51
0.883108	51
0.883109	51
0.88311	51
0.88311	51
0.88311	51
0.88312	51
0.883126	51
0.883253	51
0.894722	51
0.894722	51
0.894724	51
0.894728	51
0.900039	51
0.924267	51
0.924267	51
0.924267	51
0.924269	51
0.92427	51
0.92427	51
0.924273	51
0.924274	51
0.924275	51
0.934666	51
0.934668	51
0.93467	51
0.934672	51
0.934672	51
0.93571	51
0.935712	51
0.935746	51
0.935814	51
0.943436	51
0.943446	51
0.943447	51
0.948217	51
0.948217	51
0.948218	51
0.948219	51
0.948219	51
0.94822	51
0.94822	51
0.948221	51
0.948222	51
0.948222	51
0.948222	51
0.948227	51
0.948237	51
0.954155	51
0.954159	51
0.954173	51
0.954221	51
0.955243	51
0.955246	51
0.955255	51
0.955383	51
0.955391	51
0.964111	51
0.964114	51
0.964117	51
0.968894	51
0.968896	51
0.968929	51
0.968929	51
0.96893	51
0.96893	51
0.968946	51
0.984472	51
0.984473	51
0.984474	51
0.984479	51
0.984493	51
0.9845	51
0.993187	51
0.993192	51
0.993194	51
0.993399	51
1.01258	51
1.01258	51
1.01258	51
1.01258	51
1.01259	51
1.01262	51
1.01265	51
1.02609	51
1.02609	51
1.02609	51
1.0261	51
1.0261	51
1.0261	51
1.03064	51
1.03064	51
1.03064	51
1.03064	51
1.03064	51
1.03069	51
1.03241	51
1.03242	51
1.03244	51
1.04386	51
1.04394	51
1.05875	51
1.05876	51
1.05878	51
1.05878	51
1.0588	51
1.07812	51
1.07812	51
1.07812	51
1.07812	51
1.07812	51
1.07813	51
1.07814	51
1.07814	51
1.07821	51
1.0945	51
1.0945	51
1.09451	51
1.09452	51
1.09458	51
1.09812	51
1.09812	51
1.09813	51
1.09814	51
1.09916	51
1.09916	51
1.09916	51
1.09916	51
1.10593	51
1.10593	51
1.10594	51
1.10597	51
1.10601	51
1.1087	51
1.10871	51
1.10872	51
1.10876	51
1.11209	51
1.11209	51
1.1121	51
1.11212	51
1.11394	51
1.11394	51
1.11394	51
1.11395	51
1.11397	51
1.12604	51
1.12605	51
1.12605	51
1.12606	51
1.13268	51
1.13268	51
1.13269	51
1.13271	51
1.13271	51
1.13271	51
1.14942	51
1.14942	51
1.14942	51
1.14942	51
1.14942	51
1.14943	51
1.14943	51
1.14989	51
1.15424	51
1.15424	51
1.1543	51
1.16423	51
1.16423	51
1.16423	51
1.16434	51
1.17135	51
1.17136	51
1.17138	51
1.19893	51
1.19893	51
1.19893	51
1.19893	51
1.19893	51
1.19894	51
1.19894	51
1.19896	51
1.19908	51
1.20158	51
1.22196	51
1.22196	51
1.22196	51
1.22197	51
1.22197	51
1.22198	51
1.22204	51
1.22311	51
1.22311	51
1.22312	51
1.22933	51
1.22933	51
1.22933	51
1.22933	51
1.22934	51
1.23189	51
1.23189	51
1.23191	51
1.23627	51
1.23629	51
1.23629	51
1.2363	51
1.24028	51
1.24029	51
1.24031	51
1.26388	51
1.26388	51
1.26388	51
1.26388	51
1.26388	51
1.26389	51
1.26389	51
1.2639	51
1.26391	51
1.26411	51
1.26925	51
1.27371	51
1.27372	51
1.27373	51
1.27373	51
1.27373	51
1.2738	51
1.2799	51
1.28026	51
1.28026	51
1.28026	51
1.2803	51
1.28605	51
1.28606	51
1.32882	51
1.32882	51
1.32882	51
1.32882	51
1.32882	51
1.32882	51
1.32883	51
1.32883	51
1.32883	51
1.32884	51
1.33804	51
1.33804	51
1.33805	51
1.33805	51
1.33806	51
1.34777	51
1.34778	51
1.34778	51
1.34779	51
1.35142	51
1.35144	51
1.35148	51
1.35488	51
1.35488	51
1.35488	51
1.3549	51
1.35491	51
1.35492	51
1.35575	51
1.35575	51
1.35576	51
1.36883	51
1.36883	51
1.36883	51
1.36884	51
1.37109	51
1.3711	51
1.37111	51
1.38976	51
1.38976	51
1.38976	51
1.38977	51
1.38977	51
1.38977	51
1.38977	51
1.38979	51
1.39115	51
1.39501	51
1.41199	51
1.41199	51
1.41199	51
1.41199	51
1.41199	51
1.41199	51
1.412	51
1.41282	51
1.41283	51
1.41283	51
1.41286	51
1.41286	51
1.41287	51
1.43417	51
1.43417	51
1.43418	51
1.43418	51
1.43418	51
1.43418	51
1.43418	51
1.43419	51
1.43421	51
1.43422	51
1.43882	51
1.43883	51
1.43884	51
1.46632	51
1.46632	51
1.46633	51
1.46634	51
1.46636	51
1.4666	51
1.46661	51
1.46661	51
1.46662	51
1.46663	51
1.47675	51
1.47676	51
1.47676	51
1.47677	51
1.50603	51
1.50603	51
1.50603	51
1.50603	51
1.50603	51
1.50603	51
1.50604	51
1.50604	51
1.50604	51
1.50607	51
1.50888	51
1.50889	51
1.51008	51
1.51008	51
1.51207	51
1.51208	51
1.51208	51
1.51836	51
1.51836	51
1.51836	51
1.51839	51
1.5203	51
1.52031	51
1.52031	51
1.52034	51
1.53264	51
1.53264	51
1.53266	51
1.55014	51
1.55014	51
1.55014	51
1.55014	51
1.55015	51
1.55015	51
1.55016	51
1.55019	51
1.55282	51
1.5529	51
1.55841	51
1.55842	51
1.55847	51
1.55953	51
1.55953	51
1.55953	51
1.55953	51
1.55954	51
1.55954	51
1.56292	51
1.56292	51
1.56293	51
1.56294	51
1.57297	51
1.57297	51
1.57381	51
1.57381	51
1.57382	51
1.57383	51
1.58226	51
1.58226	51
1.58226	51
1.58226	51
1.58228	51
1.58314	51
1.58314	51
1.58315	51
1.58416	51
1.58416	51
1.58487	51
1.58501	51
1.59037	51
1.59037	51
1.59038	51
1.59038	51
1.59039	51
1.60435	51
1.60435	51
1.60435	51
1.60436	51
1.60436	51
1.61993	51
1.61993	51
1.61993	51
1.61994	51
1.61994	51
1.61994	51
1.62553	51
1.62554	51
1.62667	51
1.62711	51
1.62822	51
1.63659	51
1.63659	51
1.63659	51
1.6366	51
1.6366	51
1.63663	51
1.63673	51
1.64062	51
1.64062	51
1.64063	51
1.64079	51
1.66521	51
1.66521	51
1.66521	51
1.66521	51
1.66521	51
1.66522	51
1.66522	51
1.66522	51
1.66522	51
1.66523	51
1.66524	51
1.66526	51
1.66539	51
1.66867	51
1.66868	51
1.66891	51
1.67377	51
1.67377	51
1.67525	51
1.67527	51
1.67528	51
1.67738	51
1.67741	51
1.68796	51
1.68797	51
1.68797	51
1.68797	51
1.68801	51
1.71327	51
1.71327	51
1.71327	51
1.71328	51
1.71328	51
1.71328	51
1.71329	51
1.71329	51
1.71332	51
1.71334	51
1.71566	51
1.71566	51
1.71567	51
1.71568	51
1.71569	51
1.7187	51
1.71871	51
1.71892	51
1.72023	51
1.72799	51
1.72799	51
1.73432	51
1.73432	51
1.73432	51
1.73433	51
1.73433	51
1.73841	51
1.73841	51
1.73841	51
1.73842	51
1.73846	51
1.73849	51
1.75703	51
1.75703	51
1.75703	51
1.75704	51
1.75704	51
1.75704	51
1.75704	51
1.75704	51
1.75709	51
1.75716	51
1.7585	51
1.75851	51
1.75856	51
1.76	51
1.76002	51
1.76276	51
1.76276	51
1.76276	51
1.76276	51
1.76276	51
1.76277	51
1.76277	51
1.76278	51
1.76318	51
1.77744	51
1.77744	51
1.77745	51
1.77745	51
1.77745	51
1.77745	51
1.77746	51
1.77752	51
1.78805	51
1.78806	51
1.78808	51
1.78811	51
1.79038	51
1.79039	51
1.7904	51
1.79055	51
1.79547	51
1.7955	51
1.79555	51
1.79676	51
1.79677	51
1.79679	51
1.79679	51
1.81269	51
1.81269	51
1.81269	51
1.81269	51
1.8127	51
1.81274	51
1.81325	51
1.81326	51
1.81326	51
1.81623	51
1.81667	51
1.82381	51
1.82381	51
1.82382	51
1.82383	51
1.82383	51
1.82386	51
1.83143	51
1.83143	51
1.83158	51
1.83797	51
1.83798	51
1.83799	51
1.83834	51
1.85231	51
1.85232	51
1.85283	51
1.85283	51
1.85283	51
1.85284	51
1.85306	51
1.86848	51
1.86848	51
1.86848	51
1.86849	51
1.86855	51
1.86907	51
1.86911	51
1.87479	51
1.87479	51
1.87479	51
1.87479	51
1.87479	51
1.87479	51
1.87479	51
1.87479	51
1.8748	51
1.87853	51
1.87853	51
1.87867	51
1.90012	51
1.90012	51
1.90012	51
1.90012	51
1.90016	51
1.92711	51
1.92712	51
1.92712	51
1.92712	51
1.92713	51
1.92713	51
1.92713	51
1.92714	51
1.92715	51
1.92752	51
1.93323	51
1.93323	51
1.93323	51
1.93324	51
1.9333	51
1.93955	51
1.93956	51
1.93956	51
1.93959	51
1.94659	51
1.9466	51
1.9466	51
1.94661	51
1.94662	51
1.95453	51
1.95453	51
1.95455	51
1.95561	51
1.95562	51
1.95569	51
1.96117	51
1.96118	51
1.96126	51
1.96235	51
1.96296	51
1.96297	51
1.96297	51
1.96298	51
1.97048	51
1.97049	51
1.97051	51
1.97051	51
1.98174	51
1.98174	51
1.98174	51
1.98176	51
1.98178	51
1.98272	51
1.98274	51
1.98274	51
1.98756	51
1.98758	51
1.98758	51
1.99301	51
1.99302	51
1.99302	51
1.99303	51
1.99365	51
1.99466	51
1.99466	51
1.99467	51
1.99468	51
1.99531	51
1.99531	51
1.99533	51
1.99682	51
2.01468	51
2.01468	51
2.01468	51
2.01469	51
2.01469	51
2.01469	51
2.01545	51
2.01545	51
2.01547	51
2.02129	51
2.0213	51
2.02402	51
2.02404	51
2.02427	51
2.02826	51
2.03457	51
2.0346	51
2.03461	51
2.03638	51
2.03639	51
2.03642	51
2.04764	51
2.04764	51
2.04764	51
2.04765	51
2.04998	51
2.04999	51
2.05004	51
2.05176	51
2.05202	51
2.05204	51
2.05232	51
2.06133	51
2.06133	51
2.06134	51
2.06134	51
2.06136	51
2.06151	51
2.06708	51
2.06708	51
2.06708	51
2.07188	51
2.07206	51
2.07206	51
2.07206	51
2.07206	51
2.07206	51
2.07207	51
2.07207	51
2.07207	51
2.1237	51
2.1237	51
2.1237	51
2.1237	51
2.1237	51
2.12371	51
2.12371	51
2.12371	51
2.12371	51
2.12372	51
2.12373	51
2.12645	51
2.12646	51
2.12646	51
2.14184	51
2.14185	51
2.14185	51
2.14185	51
2.14185	51
2.14186	51
2.14187	51
2.14495	51
2.15408	51
2.15408	51
2.15408	51
2.15408	51
2.1541	51
2.1541	51
2.17455	51
2.17455	51
2.17455	51
2.17457	51
2.17459	51
2.17877	51
2.17877	51
2.17878	51
2.17879	51
2.18351	51
2.18351	51
2.18351	51
2.18365	51
2.18409	51
2.18409	51
2.18409	51
2.18409	51
2.1841	51
2.18411	51
2.18412	51
2.19071	51
2.19071	51
2.19072	51
2.19079	51
2.1941	51
2.1941	51
2.19412	51
2.20085	51
2.20085	51
2.20087	51
2.20287	51
2.20708	51
2.2071	51
2.20713	51
2.20725	51
2.21321	51
2.21321	51
2.21322	51
2.21322	51
2.21322	51
2.21322	51
2.21325	51
2.22052	51
2.22052	51
2.22052	51
2.22054	51
2.22056	51
2.22177	51
2.22177	51
2.22177	51
2.22443	51
2.22446	51
2.24127	51
2.24127	51
2.24127	51
2.24128	51
2.24128	51
2.24135	51
2.25889	51
2.25889	51
2.25889	51
2.25889	51
2.25889	51
2.2589	51
2.2589	51
2.2589	51
2.2653	51
2.2653	51
2.26531	51
2.26531	51
2.26531	51
2.26611	51
2.26611	51
2.26612	51
2.26979	51
2.26979	51
2.26979	51
2.26979	51
2.2698	51
2.26981	51
2.27389	51
2.27389	51
2.27394	51
2.27797	51
2.27798	51
2.28162	51
2.28162	51
2.28162	51
2.28162	51
2.28164	51
2.29799	51
2.29799	51
2.29799	51
2.29799	51
2.298	51
2.298	51
2.298	51
2.298	51
2.29805	51
2.29853	51
2.29855	51
2.30452	51
2.30453	51
2.30454	51
2.30458	51
2.30943	51
2.30943	51
2.30944	51
2.30946	51
2.30951	51
2.31319	51
2.3132	51
2.31409	51
2.31409	51
2.31411	51
2.31417	51
2.31773	51
2.31774	51
2.31774	51
2.3178	51
2.32214	51
2.32216	51
2.32227	51
2.32397	51
2.32398	51
2.32399	51
2.32527	51
2.32528	51
2.32531	51
2.32787	51
2.32788	51
2.32788	51
2.32788	51
2.32788	51
2.32789	51
2.33931	51
2.33931	51
2.33931	51
2.33932	51
2.36367	51
2.36367	51
2.36368	51
2.36368	51
2.36368	51
2.3637	51
2.36371	51
2.3781	51
2.3781	51
2.37811	51
2.37814	51
2.37815	51
2.3854	51
2.3854	51
2.3854	51
2.38541	51
2.38541	51
2.38543	51
2.38544	51
2.38545	51
2.3998	51
2.39981	51
2.39981	51
2.39981	51
2.39982	51
2.39988	51
2.42165	51
2.42166	51
2.42167	51
2.42167	51
2.42167	51
2.42177	51
2.42424	51
2.42425	51
2.42429	51
2.44879	51
2.44879	51
2.44879	51
2.44879	51
2.44879	51
2.44881	51
2.44881	51
2.44958	51
2.44962	51
2.45314	51
2.45314	51
2.45315	51
2.45316	51
2.45463	51
2.45463	51
2.45463	51
2.45463	51
2.4626	51
2.4626	51
2.46261	51
2.46261	51
2.46261	51
2.46263	51
2.46264	51
2.46338	51
2.46338	51
2.46338	51
2.46341	51
2.46601	51
2.46602	51
2.46606	51
2.46775	51
2.46776	51
2.46776	51
2.47215	51
2.47215	51
2.47216	51
2.47217	51
2.48709	51
2.48709	51
2.4871	51
2.48711	51
2.4934	51
2.4934	51
2.4934	51
2.4934	51
2.49341	51
2.49341	51
2.49341	51
2.49341	51
2.49341	51
2.51104	51
2.51105	51
2.51106	51
2.51107	51
2.51107	51
2.51107	51
2.51117	51
2.51117	51
2.51119	51
2.51123	51
2.51949	51
2.51949	51
2.5195	51
2.5196	51
2.52683	51
2.52683	51
2.52684	51
2.52688	51
2.54066	51
2.54067	51
2.54068	51
2.54233	51
2.54235	51
2.55463	51
2.55463	51
2.55464	51
2.55464	51
2.55464	51
2.55466	51
2.55468	51
2.55473	51
2.55659	51
2.55661	51
2.55661	51
2.55666	51
2.5852	51
2.5852	51
2.5852	51
2.5852	51
2.58521	51
2.58521	51
2.58522	51
2.5853	51
2.58534	51
2.59192	51
2.5947	51
2.5947	51
2.59473	51
2.59961	51
2.59961	51
2.59961	51
2.59963	51
2.6066	51
2.62497	51
2.62497	51
2.62497	51
2.62498	51
2.62504	51
2.62515	51
2.62516	51
2.62519	51
2.63298	51
2.63298	51
2.63298	51
2.63299	51
2.633	51
2.633	51
2.63301	51
2.63302	51
2.63382	51
2.63457	51
2.63457	51
2.64104	51
2.64105	51
2.64105	51
2.64107	51
2.65132	51
2.65132	51
2.65135	51
2.65823	51
2.65824	51
2.65824	51
2.65825	51
2.65825	51
2.6653	51
2.6653	51
2.66531	51
2.66531	51
2.66534	51
2.66954	51
2.66954	51
2.66954	51
2.6696	51
2.68065	51
2.68065	51
2.68067	51
2.68098	51
2.68971	51
2.68971	51
2.68971	51
2.68972	51
2.68973	51
2.68973	51
2.68973	51
2.68974	51
2.6914	51
2.6914	51
2.6914	51
2.69142	51
2.6952	51
2.6952	51
2.69526	51
2.69526	51
2.69526	51
2.70224	51
2.70225	51
2.70227	51
2.70598	51
2.70598	51
2.70599	51
2.706	51
2.70671	51
2.70672	51
2.73151	51
2.73152	51
2.73152	51
2.73152	51
2.73152	51
2.73152	51
2.73152	51
2.73152	51
2.73153	51
2.73155	51
2.73513	51
2.73791	51
2.73792	51
2.73793	51
2.73795	51
2.74432	51
2.74432	51
2.74433	51
2.74433	51
2.74434	51
2.74439	51
2.74762	51
2.74763	51
2.74763	51
2.74766	51
2.75225	51
2.75253	51
2.76015	51
2.76015	51
2.76016	51
2.76017	51
2.76018	51
2.76018	51
2.77396	51
2.77396	51
2.77396	51
2.77396	51
2.77397	51
2.77402	51
2.77403	51
2.77888	51
2.77889	51
2.77891	51
2.779	51
2.78436	51
2.78436	51
2.78437	51
2.80026	51
2.80026	51
2.80027	51
2.80027	51
2.80029	51
2.80029	51
2.80523	51
2.80523	51
2.80523	51
2.80523	51
2.80525	51
2.81071	51
2.81071	51
2.81072	51
2.81078	51
2.81121	51
2.82165	51
2.82165	51
2.82166	51
2.82173	51
2.82173	51
2.83787	51
2.83787	51
2.83788	51
2.83788	51
2.83788	51
2.83791	51
2.8402	51
2.84021	51
2.84021	51
2.84022	51
2.84022	51
2.84033	51
2.84304	51
2.84306	51
2.88187	51
2.88187	51
2.88187	51
2.88187	51
2.88187	51
2.88187	51
2.88189	51
2.88189	51
2.88189	51
2.88189	51
2.88196	51
2.88877	51
2.89854	51
2.89855	51
2.89855	51
2.89855	51
2.89855	51
2.89857	51
2.89867	51
2.90279	51
2.9028	51
2.90281	51
2.90301	51
2.90532	51
2.90533	51
2.90535	51
2.92101	51
2.93184	51
2.93184	51
2.93185	51
2.93185	51
2.93185	51
2.93185	51
2.93186	51
2.93189	51
2.94537	51
2.94537	51
2.94538	51
2.94543	51
2.95149	51
2.9515	51
2.9515	51
2.95158	51
2.9517	51
2.95174	51
2.95272	51
2.95425	51
2.95425	51
2.95426	51
2.9543	51
2.96149	51
2.96149	51
2.96151	51
2.96324	51
2.96325	51
2.96325	51
2.96886	51
2.96887	51
2.9689	51
2.96894	51
2.97444	51
2.97444	51
2.97445	51
2.97445	51
2.97445	51
2.97447	51
2.97451	51
2.97737	51
2.97738	51
2.97742	51
2.98872	51
2.98872	51
2.98872	51
2.98872	51
2.98873	51
2.98873	51
2.98874	51
2.98881	51
2.98997	51
2.98998	51
2.99001	51
2.991	51
2.991	51
2.99103	51
2.99194	51
2.99195	51
2.99197	51
2.99392	51
2.99393	51
2.99395	51
2.99398	51
2.99468	51
3.00688	51
3.00695	51
3.01098	51
3.01113	51
3.01113	51
3.01113	51
3.01125	51
3.0119	51
3.0119	51
3.01312	51
3.01663	51
3.01664	51
3.01665	51
3.01755	51
3.01755	51
3.01757	51
3.01758	51
3.01834	51
3.01835	51
3.01844	51
3.02606	51
3.02606	51
3.02606	51
3.02606	51
3.02608	51
3.02615	51
3.02619	51
3.02621	51
3.0292	51
3.03305	51
3.03306	51
3.03306	51
3.03306	51
3.03306	51
3.03311	51
3.03316	51
3.03385	51
3.03393	51
3.0371	51
3.03711	51
3.03723	51
3.03931	51
3.03931	51
3.03931	51
3.03932	51
3.04023	51
3.04023	51
3.04032	51
3.04466	51
3.04466	51
3.04467	51
3.04467	51
3.04468	51
3.04468	51
3.04469	51
3.0447	51
3.05742	51
3.05742	51
3.05742	51
3.05743	51
3.05743	51
3.05743	51
3.05743	51
3.05744	51
3.07275	51
3.07275	51
3.07275	51
3.07275	51
3.07275	51
3.07276	51
3.07278	51
3.07323	51
3.07672	51
3.07673	51
3.07696	51
3.07821	51
3.07821	51
3.07834	51
3.08552	51
3.08554	51
3.08557	51
3.08619	51
3.08689	51
3.08723	51
3.08724	51
3.088	51
3.09291	51
3.09291	51
3.09292	51
3.09371	51
3.09372	51
3.09377	51
3.10353	51
3.10354	51
3.10354	51
3.10354	51
3.10354	51
3.10354	51
3.1044	51
3.10686	51
3.10687	51
3.10793	51
3.1083	51
3.10831	51
3.10831	51
3.10909	51
3.11304	51
3.11304	51
3.11306	51
3.11308	51
3.1133	51
3.11625	51
3.11625	51
3.11626	51
3.11644	51
3.11822	51
3.11822	51
3.11823	51
3.11827	51
3.11957	51
3.11965	51
3.12127	51
3.12128	51
3.1216	51
3.12506	51
3.12507	51
3.12611	51
3.14444	51
3.14444	51
3.14444	51
3.14445	51
3.14445	51
3.14449	51
3.14479	51
3.1519	51
3.1519	51
3.15192	51
3.15192	51
3.15234	51
3.15268	51
3.15553	51
3.15553	51
3.15554	51
3.15555	51
3.15556	51
3.15618	51
3.1569	51
3.15691	51
3.15762	51
3.15985	51
3.15985	51
3.15985	51
3.15985	51
3.16066	51
3.16208	51
3.16334	51
3.16335	51
3.16336	51
3.16458	51
3.17966	51
3.17966	51
3.17968	51
3.17997	51
3.19091	51
3.19092	51
3.19093	51
3.19097	51
3.20624	51
3.20624	51
3.20624	51
3.20625	51
3.20625	51
3.20629	51
3.21255	51
3.21256	51
3.21256	51
3.21257	51
3.21258	51
3.21377	51
3.22788	51
3.22788	51
3.2279	51
3.22792	51
3.22811	51
3.22816	51
3.22816	51
3.22816	51
3.22817	51
3.22866	51
3.23001	51
3.23689	51
3.23693	51
3.24135	51
3.24135	51
3.24136	51
3.24138	51
3.24139	51
3.24237	51
3.24237	51
3.2424	51
3.2424	51
3.24322	51
3.24323	51
3.24323	51
3.24324	51
3.24555	51
3.24555	51
3.24555	51
3.2496	51
3.24968	51
3.25043	51
3.25509	51
3.25509	51
3.2551	51
3.25511	51
3.25513	51
3.25855	51
3.25858	51
3.25858	51
3.25859	51
3.25865	51
3.26055	51
3.2647	51
3.26471	51
3.26508	51
3.27334	51
3.27334	51
3.27334	51
3.27335	51
3.27345	51
3.27369	51
3.27371	51
3.27389	51
3.27526	51
3.2754	51
3.29457	51
3.29457	51
3.29457	51
3.29457	51
3.29458	51
3.29458	51
3.29459	51
3.29463	51
3.29466	51
3.29466	51
3.29473	51
3.32332	51
3.32332	51
3.32332	51
3.32333	51
3.32334	51
3.32334	51
3.32335	51
3.32335	51
3.32336	51
3.32711	51
3.32711	51
3.32712	51
3.3347	51
3.3347	51
3.3347	51
3.33475	51
3.35151	51
3.35151	51
3.35153	51
3.35174	51
3.3764	51
3.3764	51
3.37641	51
3.37641	51
3.37641	51
3.37642	51
3.37642	51
3.37643	51
3.37643	51
3.37645	51
3.39125	51
3.39127	51
3.39127	51
3.39144	51
3.39581	51
3.39591	51
3.43509	51
3.43509	51
3.43509	51
3.43509	51
3.4351	51
3.4351	51
3.43511	51
3.43512	51
3.43516	51
3.43538	51
3.44121	51
3.44121	51
3.44122	51
3.44122	51
3.44122	51
3.44123	51
3.44161	51
3.44161	51
3.44163	51
3.44165	51
3.44494	51
3.4451	51
3.44534	51
3.44586	51
3.44587	51
3.44587	51
3.44711	51
3.44711	51
3.44717	51
3.46488	51
3.46488	51
3.46488	51
3.46489	51
3.46489	51
3.4649	51
3.46495	51
3.46826	51
3.46828	51
3.46828	51
3.46979	51
3.4698	51
3.46981	51
3.46981	51
3.47037	51
3.48234	51
3.48234	51
3.48236	51
3.48237	51
3.48339	51
3.48339	51
3.4834	51
3.48348	51
3.50283	51
3.50283	51
3.50283	51
3.50283	51
3.50284	51
3.50284	51
3.50284	51
3.50285	51
3.5049	51
3.5081	51
3.50811	51
3.50817	51
3.50947	51
3.51279	51
3.5128	51
3.5128	51
3.51284	51
3.51569	51
3.5157	51
3.51571	51
3.51572	51
3.51926	51
3.51926	51
3.5193	51
3.5193	51
3.52262	51
3.52263	51
3.52263	51
3.52263	51
3.52263	51
3.52266	51
3.52266	51
3.52332	51
3.52334	51
3.52334	51
3.52334	51
3.52338	51
3.52484	51
3.52485	51
3.52878	51
3.53008	51
3.53009	51
3.53011	51
3.53235	51
3.53465	51
3.53466	51
3.53765	51
3.54037	51
3.54037	51
3.54375	51
3.54376	51
3.54376	51
3.54378	51
3.54578	51
3.55094	51
3.55094	51
3.55095	51
3.55097	51
3.55097	51
3.56629	51
3.56629	51
3.56629	51
3.56629	51
3.56629	51
3.5663	51
3.5663	51
3.56675	51
3.56675	51
3.56675	51
3.56675	51
3.56938	51
3.56938	51
3.56939	51
3.56943	51
3.57474	51
3.57474	51
3.57484	51
3.57942	51
3.57942	51
3.57943	51
3.58991	51
3.58991	51
3.58991	51
3.58992	51
3.58992	51
3.58995	51
3.60188	51
3.6019	51
3.60197	51
3.60876	51
3.60877	51
3.60877	51
3.60878	51
3.60878	51
3.60891	51
3.61206	51
3.61207	51
3.61208	51
3.61237	51
3.61957	51
3.61957	51
3.61958	51
3.61958	51
3.61961	51
3.62145	51
3.62155	51
3.62311	51
3.62602	51
3.62603	51
3.62603	51
3.62605	51
3.62609	51
3.649	51
3.649	51
3.64901	51
3.64902	51
3.64914	51
3.64922	51
3.65022	51
3.65023	51
3.65023	51
3.65033	51
3.65144	51
3.65144	51
3.65147	51
3.65148	51
3.66848	51
3.66848	51
3.66849	51
3.6685	51
3.66851	51
3.66852	51
3.66852	51
3.6749	51
3.6749	51
3.67491	51
3.67492	51
3.67498	51
3.67502	51
3.67504	51
3.67521	51
3.67521	51
3.67522	51
3.67522	51
3.67526	51
3.67547	51
3.6755	51
3.68382	51
3.68383	51
3.68387	51
3.7043	51
3.7043	51
3.70438	51
3.71211	51
3.71211	51
3.71212	51
3.71212	51
3.71212	51
3.71213	51
3.71213	51
3.71637	51
3.71637	51
3.71637	51
3.71646	51
3.72088	51
3.72091	51
3.72092	51
3.72093	51
3.73073	51
3.73073	51
3.73073	51
3.73073	51
3.73074	51
3.73074	51
3.73152	51
3.73153	51
3.73154	51
3.73154	51
3.73154	51
3.73155	51
3.73157	51
3.73158	51
3.77451	51
3.77451	51
3.77451	51
3.77451	51
3.77451	51
3.77454	51
3.77457	51
3.77458	51
3.77458	51
3.78787	51
3.78787	51
3.78788	51
3.78788	51
3.78795	51
3.81414	51
3.81414	51
3.81415	51
3.81417	51
3.81417	51
3.81421	51
3.82341	51
3.82341	51
3.82342	51
3.82344	51
3.82345	51
3.82347	51
3.82373	51
3.82544	51
3.82544	51
3.82544	51
3.82554	51
3.88566	51
3.88566	51
3.88567	51
3.88567	51
3.88567	51
3.88567	51
3.88568	51
3.88569	51
3.8857	51
3.90247	51
3.90247	51
3.9025	51
3.90251	51
3.90269	51
3.91306	51
3.91306	51
3.91307	51
3.9131	51
3.9131	51
3.92686	51
3.92687	51
3.92687	51
3.92688	51
3.92689	51
3.92689	51
3.92696	51
3.93006	51
3.93006	51
3.93006	51
3.93006	51
3.93011	51
3.93011	51
3.93012	51
3.93015	51
3.93212	51
3.93212	51
3.93213	51
3.93217	51
3.94552	51
3.94552	51
3.94553	51
3.94553	51
3.94558	51
3.9456	51
3.96993	51
3.96993	51
3.96994	51
3.96994	51
3.96995	51
3.96995	51
3.96996	51
3.98639	51
3.9864	51
3.9864	51
3.9864	51
3.98641	51
3.98643	51
3.98644	51
3.99043	51
3.99044	51
3.99046	51
3.99047	51
3.99478	51
3.99478	51
3.9948	51
3.99493	51
4.04183	51
4.04184	51
4.04184	51
4.04184	51
4.04185	51
4.04188	51
4.04189	51
4.04191	51
4.04192	51
4.05856	51
4.05857	51
4.05857	51
4.05857	51
4.05863	51
4.06027	51
4.06027	51
4.06028	51
4.06029	51
4.06325	51
4.06325	51
4.06326	51
4.0723	51
4.07231	51
4.07233	51
4.07244	51
4.08942	51
4.08942	51
4.08942	51
4.08945	51
4.08945	51
4.08949	51
4.13117	51
4.13117	51
4.13117	51
4.13117	51
4.13117	51
4.13117	51
4.13117	51
4.13117	51
4.13119	51
4.13122	51
4.13127	51
4.13163	51
4.13163	51
4.13164	51
4.13168	51
4.13986	51
4.13988	51
4.17372	51
4.17372	51
4.17372	51
4.17372	51
4.17373	51
4.17373	51
4.17374	51
4.17374	51
4.17375	51
4.17385	51
4.17445	51
4.17445	51
4.17754	51
4.17754	51
4.17754	51
4.17756	51
4.17863	51
4.17864	51
4.17864	51
4.17864	51
4.17864	51
4.18631	51
4.21837	51
4.21837	51
4.21837	51
4.21838	51
4.21838	51
4.21839	51
4.21839	51
4.2184	51
4.21847	51
4.21852	51
4.23584	51
4.23584	51
4.23585	51
4.23586	51
4.23588	51
4.2359	51
4.23591	51
4.23601	51
4.24551	51
4.24551	51
4.24557	51
4.24559	51
4.24998	51
4.253	51
4.25304	51
4.25317	51
4.25521	51
4.25523	51
4.25523	51
4.25562	51
4.25565	51
4.25607	51
4.26318	51
4.26318	51
4.26318	51
4.26318	51
4.26328	51
4.26433	51
4.26434	51
4.26434	51
4.26434	51
4.26438	51
4.27184	51
4.27184	51
4.27185	51
4.27186	51
4.27187	51
4.2719	51
4.27199	51
4.29243	51
4.29243	51
4.29243	51
4.29243	51
4.29244	51
4.29244	51
4.30178	51
4.30179	51
4.3253	51
4.3253	51
4.3253	51
4.3253	51
4.32531	51
4.32533	51
4.32535	51
4.32544	51
4.34054	51
4.34054	51
4.34055	51
4.34055	51
4.34058	51
4.34059	51
4.34148	51
4.34148	51
4.34149	51
4.34149	51
4.34347	51
4.34348	51
4.34349	51
4.34354	51
4.39535	51
4.39535	51
4.39535	51
4.39536	51
4.39537	51
4.39539	51
4.39541	51
4.39545	51
4.39549	51
4.39668	51
4.39668	51
4.3967	51
4.4343	51
4.4343	51
4.4343	51
4.43431	51
4.43431	51
4.43431	51
4.43432	51
4.43432	51
4.4347	51
4.43496	51
4.43615	51
4.43619	51
4.437	51
4.43701	51
4.43703	51
4.4399	51
4.43992	51
4.43993	51
4.44724	51
4.44725	51
4.44728	51
4.44734	51
4.44737	51
4.46435	51
4.46435	51
4.46436	51
4.46438	51
4.46442	51
4.65437	51
4.65437	51
4.65438	51
4.65438	51
4.65438	51
4.65439	51
4.65441	51
4.65454	51
4.65496	51
4.66227	51
4.66229	51
4.66236	51
4.67473	51
4.67473	51
4.67474	51
4.67474	51
4.67474	51
4.67476	51
4.67477	51
4.67486	51
4.68483	51
4.68483	51
4.68483	51
4.68483	51
4.68501	51
4.73416	51
4.73416	51
4.73416	51
4.73417	51
4.73417	51
4.73418	51
4.73423	51
4.73426	51
4.73428	51
4.75867	51
4.75868	51
4.75868	51
4.75869	51
4.75869	51
4.75879	51
4.7591	51
4.75945	51
4.76419	51
4.7642	51
4.76421	51
4.76427	51
4.77898	51
4.77898	51
4.77899	51
4.779	51
4.78333	51
4.78333	51
4.78333	51
4.78334	51
4.78336	51
4.78339	51
4.78519	51
4.7852	51
4.78523	51
4.80578	51
4.80578	51
4.80579	51
4.80579	51
4.80579	51
4.8059	51
4.80605	51
4.80606	51
4.80606	51
4.80941	51
4.80941	51
4.80956	51
4.8129	51
4.8129	51
4.8129	51
4.81309	51
4.87198	51
4.87199	51
4.87199	51
4.87199	51
4.87199	51
4.872	51
4.872	51
4.87202	51
4.87203	51
4.87204	51
4.8736	51
4.87361	51
4.87368	51
4.89061	51
4.89062	51
4.89063	51
4.89064	51
4.89087	51
4.89132	51
4.89839	51
4.8984	51
4.8984	51
4.8984	51
4.89847	51
4.89849	51
4.90106	51
4.90107	51
4.90107	51
4.90108	51
4.90112	51
4.94297	51
4.94297	51
4.94297	51
4.94298	51
4.94299	51
4.943	51
4.943	51
4.94305	51
4.94305	51
4.94392	51
4.94392	51
4.94394	51
4.944	51
4.94837	51
4.94837	51
4.94839	51
4.9485	51
4.94865	51
4.9682	51
4.96821	51
4.96824	51
4.96824	51
4.96828	51
4.96829	51
4.97572	51
4.97572	51
4.97573	51
4.97574	51
4.97574	51
4.97576	51
4.9758	51
4.9823	51
4.9823	51
4.98246	51
4.98256	51
4.98689	51
4.98689	51
4.98689	51
4.98689	51
4.98691	51
5.02055	51
5.02057	51
5.02058	51
5.02058	51
5.02059	51
5.02061	51
5.02066	51
5.02067	51
5.0208	51
5.03776	51
5.03776	51
5.03776	51
5.03776	51
5.0378	51
5.04299	51
5.043	51
5.04327	51
5.04622	51
5.04624	51
5.0469	51
5.04691	51
5.04691	51
5.04693	51
5.047	51
5.06245	51
5.06246	51
5.06247	51
5.0625	51
5.06253	51
5.0626	51
5.06271	51
5.07554	51
5.07555	51
5.07555	51
5.07556	51
5.07557	51
5.07565	51
5.08227	51
5.08228	51
5.08228	51
5.0823	51
5.09205	51
5.09206	51
5.09206	51
5.09207	51
5.09207	51
5.09208	51
5.09211	51
5.09212	51
5.1096	51
5.1096	51
5.10961	51
5.10961	51
5.10961	51
5.10963	51
5.10965	51
5.10971	51
5.10973	51
5.15835	51
5.15835	51
5.15835	51
5.15837	51
5.1584	51
5.15855	51
5.15857	51
5.15954	51
5.16651	51
5.16651	51
5.16652	51
5.16652	51
5.16674	51
5.20992	51
5.20992	51
5.20992	51
5.20992	51
5.20992	51
5.20993	51
5.20993	51
5.20997	51
5.21001	51
5.21007	51
5.21465	51
5.21466	51
5.21469	51
5.21477	51
5.25171	51
5.25171	51
5.25171	51
5.25172	51
5.25177	51
5.25178	51
5.25178	51
5.25178	51
5.29686	51
5.29687	51
5.29687	51
5.29687	51
5.29688	51
5.29688	51
5.29689	51
5.2969	51
5.29698	51
5.297	51
5.30922	51
5.30922	51
5.30923	51
5.31304	51
5.31304	51
5.31305	51
5.31316	51
5.31318	51
5.57323	51
5.57323	51
5.57323	51
5.57324	51
5.57324	51
5.57325	51
5.57329	51
5.57329	51
5.5733	51
5.57363	51
5.66137	51
5.66137	51
5.66138	51
5.66138	51
5.66138	51
5.6614	51
5.6614	51
5.66145	51
5.66154	51
5.66154	51
5.67495	51
5.67497	51
5.67497	51
5.67515	51
5.7702	51
5.77021	51
5.77021	51
5.77022	51
5.77023	51
5.77024	51
5.77025	51
5.77027	51
5.77036	51
5.77106	51
5.7711	51
5.77124	51
5.78292	51
5.78292	51
5.78295	51
5.78303	51
5.86258	51
5.86258	51
5.86258	51
5.86259	51
5.86259	51
5.86262	51
5.86265	51
5.86269	51
5.8627	51
5.86279	51
5.94615	51
5.94616	51
5.94619	51
5.94619	51
5.94619	51
5.9462	51
5.94631	51
5.94652	51
5.94782	51
5.97002	51
5.97003	51
5.97003	51
5.97004	51
5.97005	51
5.97012	51
6.02127	51
6.02128	51
6.02133	51
6.02135	51
6.02135	51
6.02135	51
6.02142	51
6.02148	51
6.02148	51
6.04373	51
6.04373	51
6.04374	51
6.04378	51
6.04381	51
6.09067	51
6.09067	51
6.09067	51
6.09071	51
6.09073	51
6.09078	51
6.0908	51
6.09083	51
6.09091	51
6.09122	51
6.09122	51
6.09124	51
6.09124	51
6.11096	51
6.11096	51
6.11097	51
6.11098	51
6.11102	51
6.11128	51
6.11138	51
6.239	51
6.23901	51
6.23906	51
6.23906	51
6.23909	51
6.23916	51
6.2392	51
6.23937	51
6.23945	51
6.41347	51
6.41347	51
6.41349	51
6.41349	51
6.41352	51
6.41356	51
6.41356	51
6.41406	51
6.4142	51
6.65645	51
6.65645	51
6.65646	51
6.65648	51
6.65651	51
6.65652	51
6.65671	51
6.65687	51
6.65715	51
6.70481	51
6.70481	51
6.70482	51
6.70484	51
6.70484	51
6.70485	51
6.70491	51
6.70491	51
6.70493	51
6.70501	51
6.75414	51
6.75415	51
6.75416	51
6.75416	51
6.75419	51
6.7542	51
6.75421	51
6.75427	51
6.75446	51
6.75447	51
6.75504	51
7.21336	51
7.21337	51
7.21341	51
7.21346	51
7.21347	51
7.21349	51
7.21353	51
7.21382	51
8.28646	51
8.28648	51
8.28649	51
8.28649	51
8.2865	51
8.28651	51
8.28653	51
8.2866	51
8.28666	51
8.32707	51
8.32707	51
8.32709	51
8.32714	51
8.32715	51
8.32717	51
8.32723	51
8.32775	51
8.32799	51
8.94184	51
8.94184	51
8.94185	51
8.9419	51
8.94193	51
8.9421	51
8.94217	51
8.9422	51
8.94228	51
9.80062	51
9.80066	51
9.80067	51
9.80067	51
9.80071	51
9.80083	51
9.801	51
9.80115	51
9.80117	51
9.80124	51
9.80125	51
10.4735	51
10.4736	51
10.4736	51
10.4736	51
10.4736	51
10.4736	51
10.4738	51
10.4738	51
10.4739	51
11.8744	51
11.8744	51
11.8745	51
11.8745	51
11.8745	51
11.8745	51
11.8745	51
11.8746	51
11.8747	51
11.8748	51
12.0612	51
12.0612	51
12.0612	51
12.0612	51
12.0612	51
12.0612	51
12.0613	51
12.0616	51
12.0616	51
12.4737	51
12.4737	51
12.4737	51
12.4737	51
12.4738	51
12.4738	51
12.4738	51
12.4739	51
12.4743	51
12.5918	51
12.5918	51
12.5919	51
12.5919	51
12.5919	51
12.592	51
12.592	51
12.5921	51
12.7383	51
12.7383	51
12.7383	51
12.7383	51
12.7384	51
12.7384	51
12.7384	51
12.739	51
12.8304	51
12.8304	51
12.8304	51
12.8304	51
12.8304	51
12.8305	51
12.8306	51
12.8306	51
12.8314	51
15.4066	51
15.4067	51
15.4067	51
15.4067	51
15.4067	51
15.4068	51
15.4068	51
15.4068	51
15.407	51
15.4075	51
15.408	51
15.5534	51
15.5534	51
15.5535	51
15.5535	51
15.5536	51
15.5537	51
15.5537	51
15.5539	51
15.5552	51
17.5114	51
17.5114	51
17.5114	51
17.5114	51
17.5114	51
17.5115	51
17.5116	51
17.5116	51
17.5119	51
17.5474	51
17.5474	51
17.5474	51
17.5474	51
17.5475	51
17.5475	51
17.5475	51
17.5476	51
18.7259	51
18.726	51
18.726	51
18.7261	51
18.7261	51
18.7262	51
18.7263	51
18.7266	51
18.8841	51
18.8841	51
18.8842	51
18.8842	51
18.8844	51
18.8844	51
18.8844	51
18.8846	51
18.8848	51
18.8849	51
18.8855	51
19.3497	51
19.3497	51
19.3497	51
19.3497	51
19.3497	51
19.3497	51
19.3499	51
19.3501	51
19.6895	51
19.6895	51
19.6895	51
19.6895	51
19.6896	51
19.6896	51
19.6897	51
20.1283	51
20.1283	51
20.1283	51
20.1284	51
20.1284	51
20.1284	51
20.1284	51
20.1285	51
20.1285	51
20.1321	51
20.3084	51
20.3084	51
20.3084	51
20.3085	51
20.3085	51
20.3085	51
20.3085	51
20.3087	51
20.3087	51
20.3087	51
20.3088	51
20.309	51
21.0545	51
21.0545	51
21.0545	51
21.0546	51
21.0546	51
21.0546	51
21.0546	51
21.055	51
21.055	51
21.0996	51
21.0996	51
21.0996	51
21.0996	51
21.0996	51
21.0997	51
21.0997	51
21.0998	51
21.0998	51
21.2372	51
21.2372	51
21.2373	51
21.2373	51
21.2373	51
21.2373	51
21.2373	51
21.2373	51
21.4323	51
21.4323	51
21.4323	51
21.4324	51
21.4324	51
21.4324	51
21.4324	51
21.4325	51
21.4327	51
21.4329	51
21.4336	51
22.4323	51
22.4323	51
22.4324	51
22.4324	51
22.4324	51
22.4324	51
22.4325	51
22.4325	51
22.4325	51
22.893	51
22.893	51
22.8931	51
22.8931	51
22.8932	51
22.8932	51
22.8932	51
22.8932	51
22.8933	51
22.8937	51
23.1656	51
23.1656	51
23.1656	51
23.1656	51
23.1656	51
23.1656	51
23.1657	51
23.166	51
23.1665	51
23.9852	51
23.9852	51
23.9853	51
23.9853	51
23.9853	51
23.9854	51
23.9854	51
23.9855	51
23.9855	51
23.9932	51
23.9933	51
23.9933	51
23.9934	51
24.0724	51
24.0724	51
24.0724	51
24.0724	51
24.0724	51
24.0725	51
24.0725	51
24.0726	51
24.0728	51
24.1835	51
24.1835	51
24.1836	51
24.1836	51
24.1836	51
24.1836	51
24.1836	51
24.1838	51
24.1839	51
24.7432	51
24.7432	51
24.7432	51
24.7432	51
24.7432	51
24.7432	51
24.7433	51
24.7433	51
24.7435	51
24.7436	51
25.0903	51
25.0903	51
25.0904	51
25.0904	51
25.0904	51
25.0905	51
25.0905	51
25.0905	51
25.0908	51
25.7294	51
25.7294	51
25.7294	51
25.7294	51
25.7295	51
25.7295	51
25.7295	51
25.7301	51
26.0474	51
26.0474	51
26.0474	51
26.0474	51
26.0475	51
26.0475	51
26.0475	51
26.0476	51
26.0478	51
26.0483	51
26.3108	51
26.3108	51
26.3108	51
26.3108	51
26.3108	51
26.3108	51
26.311	51
26.311	51
26.3114	51
26.677	51
26.677	51
26.677	51
26.6771	51
26.6771	51
26.6772	51
26.6772	51
26.6775	51
27.0403	51
27.0403	51
27.0404	51
27.0404	51
27.0404	51
27.0405	51
27.0406	51
27.0408	51
27.0409	51
27.0668	51
27.0668	51
27.0668	51
27.0668	51
27.0669	51
27.0671	51
27.0671	51
27.0676	51
27.186	51
27.186	51
27.186	51
27.186	51
27.186	51
27.186	51
27.1861	51
27.1861	51
27.1862	51
28.0259	51
28.026	51
28.026	51
28.026	51
28.0261	51
28.0261	51
28.0262	51
28.0263	51
28.4672	51
28.4672	51
28.4672	51
28.4672	51
28.4673	51
28.4673	51
28.4673	51
28.4679	51
28.4683	51
29.2816	51
29.2816	51
29.2816	51
29.2816	51
29.2816	51
29.2817	51
29.2817	51
29.2818	51
29.282	51
29.2821	51
29.3233	51
29.3233	51
29.3233	51
29.3233	51
29.3234	51
29.3234	51
29.3236	51
30.8584	51
30.8585	51
30.8585	51
30.8585	51
30.8585	51
30.8585	51
30.8585	51
30.8586	51
30.8586	51
30.8592	51
30.8608	51
33.8298	51
33.8299	51
33.8299	51
33.8299	51
33.8299	51
33.83	51
33.83	51
33.8306	51
34.0219	51
34.0219	51
34.0219	51
34.0219	51
34.0219	51
34.0221	51
34.0221	51
34.0222	51
34.0223	51
34.0934	51
34.0934	51
34.0934	51
34.0934	51
34.0935	51
34.0935	51
34.0935	51
34.0935	51
34.0938	51
34.0939	51
34.1351	51
34.1351	51
34.1351	51
34.1351	51
34.1351	51
34.1351	51
34.1352	51
34.1353	51
34.1354	51
35.4633	51
35.4633	51
35.4633	51
35.4633	51
35.4634	51
35.4634	51
35.4634	51
35.4638	51
35.4641	51
36.7523	51
36.7523	51
36.7523	51
36.7524	51
36.7524	51
36.7524	51
36.7524	51
36.7526	51
36.7976	51
36.7977	51
36.7977	51
36.7977	51
36.7977	51
36.7978	51
36.7978	51
36.7978	51
36.7978	51
37.7963	51
37.7963	51
37.7963	51
37.7963	51
37.7963	51
37.7966	51
37.7966	51
37.7967	51
39.1379	51
39.1379	51
39.1379	51
39.138	51
39.138	51
39.138	51
39.1381	51
39.1382	51
39.1388	51
39.1388	51
40.3432	51
40.3432	51
40.3432	51
40.3432	51
40.3432	51
40.3433	51
40.3434	51
40.3435	51
40.3435	51
40.3444	51
40.7962	51
40.7962	51
40.7962	51
40.7963	51
40.7963	51
40.7963	51
40.7965	51
40.7965	51
40.7965	51
42.3056	51
42.3056	51
42.3056	51
42.3056	51
42.3057	51
42.3057	51
42.3058	51
42.3062	51
42.3497	51
42.3497	51
42.3497	51
42.3498	51
42.3498	51
42.3498	51
42.3501	51
42.3501	51
42.3502	51
42.3502	51
42.3505	51
42.3508	51
42.3512	51
42.6646	51
42.6646	51
42.6646	51
42.6647	51
42.6647	51
42.6648	51
42.6648	51
42.6651	51
42.6654	51
43.2436	51
43.2436	51
43.2436	51
43.2436	51
43.2437	51
43.2437	51
43.2437	51
43.2437	51
43.2442	51
43.4628	51
43.4629	51
43.4629	51
43.4629	51
43.4629	51
43.463	51
43.463	51
43.4633	51
43.4637	51
44.55	51
44.55	51
44.55	51
44.5501	51
44.5501	51
44.5501	51
44.5502	51
44.5503	51
44.5504	51
44.7883	51
44.7883	51
44.7883	51
44.7883	51
44.7883	51
44.7884	51
44.7885	51
44.7886	51
44.7904	51
45.5624	51
45.5624	51
45.5624	51
45.5624	51
45.5624	51
45.5624	51
45.5625	51
45.5626	51
45.5812	51
45.5812	51
45.5813	51
45.5815	51
45.5816	51
45.5828	51
46.3063	51
46.3063	51
46.3063	51
46.3063	51
46.3063	51
46.3064	51
46.3065	51
46.3066	51
46.3074	51
46.43	51
46.43	51
46.43	51
46.43	51
46.43	51
46.4301	51
46.4302	51
46.4328	51
46.8501	51
46.8501	51
46.8502	51
46.8502	51
46.8502	51
46.8503	51
46.8503	51
46.8504	51
46.8504	51
46.8505	51
46.8509	51
46.8511	51
47.3049	51
47.3049	51
47.3049	51
47.305	51
47.305	51
47.305	51
47.3051	51
47.3054	51
47.3085	51
47.3215	51
47.3216	51
47.3217	51
47.3217	51
48.452	51
48.452	51
48.452	51
48.4521	51
48.4522	51
48.4522	51
48.4522	51
48.4523	51
48.4528	51
49.2612	51
49.2612	51
49.2612	51
49.2613	51
49.2613	51
49.2613	51
49.2616	51
49.2624	51
49.2631	51
49.2891	51
49.2891	51
49.2891	51
49.2892	51
49.2896	51
49.2899	51
49.2909	51
49.291	51
49.76	51
49.76	51
49.76	51
49.76	51
49.76	51
49.7601	51
49.7601	51
49.7601	51
49.7605	51
49.7608	51
50.358	51
50.358	51
50.358	51
50.3581	51
50.3581	51
50.3581	51
50.3582	51
50.3586	51
50.3588	51
50.6783	51
50.6783	51
50.6783	51
50.6783	51
50.6784	51
50.6784	51
50.6784	51
50.6788	51
50.6789	51
50.9959	51
50.9959	51
50.9959	51
50.996	51
50.996	51
50.9963	51
50.9964	51
50.9964	51
50.9965	51
51.2079	51
51.2079	51
51.2079	51
51.2079	51
51.208	51
51.2081	51
51.2081	51
51.2082	51
51.8102	51
51.8102	51
51.8102	51
51.8102	51
51.8102	51
51.8102	51
51.8103	51
51.8103	51
51.8105	51
51.8109	51
52.0598	51
52.0598	51
52.0599	51
52.0599	51
52.0599	51
52.06	51
52.06	51
52.0601	51
52.5297	51
52.5298	51
52.5298	51
52.5298	51
52.5298	51
52.5298	51
52.5299	51
52.53	51
52.53	51
52.5318	51
52.6206	51
52.6206	51
52.6206	51
52.6206	51
52.6206	51
52.6207	51
52.6207	51
52.6207	51
52.6207	51
52.6207	51
52.6212	51
52.6213	51
53.2481	51
53.2481	51
53.2481	51
53.2481	51
53.2481	51
53.2481	51
53.2482	51
53.2488	51
53.5232	51
53.5232	51
53.5232	51
53.5232	51
53.5233	51
53.5233	51
53.5233	51
53.5234	51
54.2627	51
54.2627	51
54.2627	51
54.2628	51
54.2628	51
54.2628	51
54.2628	51
54.2628	51
54.2629	51
54.2637	51
54.264	51
54.2647	51
54.4841	51
54.4841	51
54.4842	51
54.4842	51
54.4843	51
54.4844	51
54.4844	51
54.4846	51
54.4847	51
54.6498	51
54.6498	51
54.6498	51
54.6499	51
54.6499	51
54.65	51
54.6501	51
54.6502	51
54.6503	51
54.652	51
54.9667	51
54.9668	51
54.9668	51
54.9668	51
54.9668	51
54.9669	51
54.9669	51
54.967	51
55.101	51
55.101	51
55.101	51
55.101	51
55.101	51
55.1011	51
55.1011	51
55.1011	51
55.1011	51
55.5294	51
55.5294	51
55.5295	51
55.5295	51
55.5295	51
55.5296	51
55.5296	51
55.5299	51
55.5309	51
55.5311	51
55.5315	51
55.6679	51
55.6679	51
55.6679	51
55.668	51
55.668	51
55.668	51
55.6681	51
55.6681	51
55.7058	51
55.7058	51
55.7058	51
55.7059	51
55.7059	51
55.7059	51
55.7065	51
55.7068	51
55.7068	51
55.7076	51
55.7192	51
55.7193	51
55.7193	51
55.7193	51
56.2208	51
56.2208	51
56.2209	51
56.2209	51
56.2209	51
56.221	51
56.221	51
56.221	51
56.2212	51
56.222	51
56.3732	51
56.3732	51
56.3733	51
56.3733	51
56.3733	51
56.3734	51
56.3735	51
56.3737	51
56.3737	51
56.4347	51
56.4347	51
56.4347	51
56.4348	51
56.4348	51
56.4348	51
56.4349	51
56.435	51
56.666	51
56.666	51
56.666	51
56.666	51
56.666	51
56.6662	51
56.6662	51
56.6663	51
56.6668	51
56.6671	51
57.0726	51
57.0726	51
57.0726	51
57.0726	51
57.0727	51
57.0727	51
57.0727	51
57.0729	51
57.073	51
57.073	51
57.0735	51
57.3004	51
57.3004	51
57.3005	51
57.3005	51
57.3005	51
57.3005	51
57.3006	51
57.3006	51
57.3006	51
57.5776	51
57.5776	51
57.5776	51
57.5776	51
57.5776	51
57.5776	51
57.5777	51
57.5778	51
57.5783	51
57.5811	51
57.5813	51
57.582	51
58.3462	51
58.3463	51
58.3463	51
58.3463	51
58.3464	51
58.3464	51
58.3466	51
58.3478	51
58.5804	51
58.5804	51
58.5804	51
58.5805	51
58.5805	51
58.5806	51
58.5806	51
58.5806	51
58.5806	51
58.5808	51
58.581	51
59.8756	51
59.8757	51
59.8757	51
59.8757	51
59.8757	51
59.8758	51
59.8758	51
59.8759	51
59.8759	51
60.082	51
60.0821	51
60.0821	51
60.0821	51
60.0821	51
60.0822	51
60.0822	51
60.0826	51
60.0826	51
60.0828	51
60.7322	51
60.7323	51
60.7323	51
60.7323	51
60.7323	51
60.7324	51
60.7326	51
60.733	51
61.0537	51
61.0537	51
61.0537	51
61.0537	51
61.0538	51
61.0538	51
61.0538	51
61.0539	51
61.054	51
61.054	51
61.3809	51
61.3809	51
61.3809	51
61.3809	51
61.3809	51
61.381	51
61.381	51
61.3811	51
61.3812	51
61.382	51
61.4927	51
61.4927	51
61.4927	51
61.4927	51
61.4927	51
61.4928	51
61.4929	51
61.4929	51
61.4929	51
61.4931	51
62.5426	51
62.5426	51
62.5426	51
62.5426	51
62.5426	51
62.5426	51
62.5427	51
62.5427	51
62.5427	51
62.5427	51
62.5428	51
62.8263	51
62.8263	51
62.8263	51
62.8263	51
62.8263	51
62.8264	51
62.8264	51
62.8264	51
62.8356	51
62.8356	51
62.8356	51
62.8356	51
62.8358	51
62.8359	51
62.8364	51
62.8364	51
63.3655	51
63.3655	51
63.3655	51
63.3656	51
63.3656	51
63.3656	51
63.3657	51
63.366	51
63.366	51
63.5673	51
63.5673	51
63.5674	51
63.5674	51
63.5674	51
63.5674	51
63.5675	51
63.5675	51
63.5682	51
64.4987	51
64.4988	51
64.4988	51
64.4988	51
64.4988	51
64.4989	51
64.4989	51
64.4992	51
64.524	51
64.524	51
64.524	51
64.5241	51
64.5241	51
64.5243	51
64.5246	51
64.7012	51
64.7012	51
64.7013	51
64.7013	51
64.7013	51
64.7013	51
64.7014	51
64.7014	51
65.4477	51
65.4477	51
65.4477	51
65.4478	51
65.4479	51
65.4479	51
65.448	51
65.448	51
65.4491	51
65.7946	51
65.7946	51
65.7946	51
65.7946	51
65.7947	51
65.7947	51
65.7948	51
65.7948	51
65.795	51
68.0921	51
68.0921	51
68.0921	51
68.0921	51
68.0921	51
68.0921	51
68.0922	51
68.0925	51
68.0926	51
68.0928	51
68.1926	51
68.1926	51
68.1926	51
68.1926	51
68.1926	51
68.1926	51
68.1927	51
68.1927	51
68.1931	51
68.4231	51
68.4231	51
68.4231	51
68.4231	51
68.4231	51
68.4232	51
68.4233	51
68.4234	51
68.4234	51
68.5361	51
68.5361	51
68.5361	51
68.5362	51
68.5362	51
68.5362	51
68.5363	51
68.5364	51
68.5365	51
69.1261	51
69.1261	51
69.1262	51
69.1262	51
69.1262	51
69.1262	51
69.1262	51
69.1262	51
69.1266	51
69.1266	51
69.5765	51
69.5765	51
69.5765	51
69.5765	51
69.5766	51
69.5767	51
69.5767	51
69.5767	51
69.577	51
70.5323	51
70.5323	51
70.5323	51
70.5324	51
70.5324	51
70.5324	51
70.5324	51
70.5326	51
70.5331	51
70.7806	51
70.7806	51
70.7807	51
70.7807	51
70.7808	51
70.7808	51
70.7809	51
70.7809	51
70.781	51
70.781	51
70.9171	51
70.9171	51
70.9171	51
70.9172	51
70.9172	51
70.9172	51
70.9173	51
70.9175	51
71.8647	51
71.8647	51
71.8647	51
71.8647	51
71.8647	51
71.8648	51
71.8649	51
71.8651	51
71.8665	51
72.4819	51
72.4819	51
72.4819	51
72.482	51
72.482	51
72.4821	51
72.4821	51
72.4822	51
72.4824	51
72.5072	51
72.5072	51
72.5073	51
72.5073	51
72.5073	51
72.5073	51
72.8	51
72.8	51
72.8001	51
72.8001	51
72.8001	51
72.8001	51
72.8002	51
72.8003	51
72.8003	51
72.8005	51
73.2395	51
73.2396	51
73.2396	51
73.2396	51
73.2396	51
73.2397	51
73.2397	51
73.2399	51
73.24	51
73.2635	51
73.2635	51
73.2635	51
73.2635	51
73.2636	51
73.2636	51
73.2639	51
73.5703	51
73.5703	51
73.5704	51
73.5704	51
73.5704	51
73.5704	51
73.5705	51
73.5712	51
73.5715	51
73.5718	51
73.9094	51
73.9094	51
73.9094	51
73.9094	51
73.9095	51
73.9096	51
73.9096	51
73.9096	51
73.9097	51
73.9103	51
73.9107	51
74.218	51
74.2181	51
74.2181	51
74.2181	51
74.2181	51
74.2182	51
74.2183	51
74.2187	51
76.0753	51
76.0753	51
76.0754	51
76.0754	51
76.0754	51
76.0754	51
76.0755	51
76.0756	51
76.0759	51
76.5878	51
76.5879	51
76.5879	51
76.5879	51
76.5879	51
76.5879	51
76.588	51
76.5881	51
76.5885	51
76.6367	51
76.6367	51
76.6367	51
76.6368	51
76.6369	51
76.6369	51
76.6373	51
76.6374	51
76.6377	51
78.0474	51
78.0475	51
78.0475	51
78.0475	51
78.0476	51
78.0476	51
78.0476	51
78.0479	51
78.0482	51
78.0483	51
78.4879	51
78.4879	51
78.4879	51
78.4879	51
78.4881	51
78.4881	51
78.4881	51
78.4882	51
78.4886	51
79.3108	51
79.3108	51
79.3108	51
79.3108	51
79.3108	51
79.3109	51
79.3109	51
79.3113	51
79.3113	51
79.3115	51
79.6748	51
79.6748	51
79.675	51
79.675	51
79.675	51
79.675	51
79.6751	51
79.6751	51
79.6753	51
80.3083	51
80.3083	51
80.3083	51
80.3083	51
80.3083	51
80.3085	51
80.3086	51
80.3086	51
80.3088	51
80.4404	51
80.4404	51
80.4404	51
80.4404	51
80.4404	51
80.4405	51
80.4406	51
80.441	51
80.4673	51
80.4673	51
80.4673	51
80.4673	51
80.4673	51
80.4674	51
80.4679	51
80.468	51
80.469	51
84.0829	51
84.0829	51
84.0829	51
84.0829	51
84.0829	51
84.0829	51
84.083	51
84.0831	51
84.5012	51
84.5012	51
84.5012	51
84.5012	51
84.5012	51
84.5013	51
84.5013	51
84.5013	51
84.5026	51
84.7839	51
84.7839	51
84.784	51
84.784	51
84.784	51
84.7841	51
84.7841	51
84.7841	51
84.7841	51
84.7845	51
85.1325	51
85.1325	51
85.1326	51
85.1326	51
85.1326	51
85.1328	51
85.1328	51
85.1332	51
85.1342	51
86.3315	51
86.3316	51
86.3316	51
86.3316	51
86.3316	51
86.3316	51
86.3316	51
86.3318	51
86.3323	51
86.4746	51
86.4746	51
86.4746	51
86.4747	51
86.4748	51
86.4748	51
86.4748	51
86.4749	51
86.4754	51
87.2099	51
87.2099	51
87.2099	51
87.21	51
87.21	51
87.2101	51
87.2101	51
87.2103	51
87.211	51
87.2111	51
87.8423	51
87.8423	51
87.8424	51
87.8424	51
87.8424	51
87.8424	51
87.8425	51
87.8425	51
87.8427	51
88.2923	51
88.2923	51
88.2923	51
88.2924	51
88.2924	51
88.2925	51
88.2925	51
88.2925	51
88.2931	51
88.4654	51
88.4654	51
88.4654	51
88.4654	51
88.4654	51
88.4654	51
88.4654	51
88.4654	51
88.4655	51
89.5791	51
89.5791	51
89.5791	51
89.5792	51
89.5792	51
89.5792	51
89.5793	51
89.5795	51
89.5799	51
90.0132	51
90.0132	51
90.0132	51
90.0133	51
90.0133	51
90.0133	51
90.0134	51
90.0134	51
90.3359	51
90.336	51
90.336	51
90.3361	51
90.3361	51
90.3361	51
90.3362	51
90.3363	51
90.8511	51
90.8511	51
90.8511	51
90.8511	51
90.8512	51
90.8512	51
90.8512	51
90.8515	51
90.8516	51
90.8516	51
90.8524	51
90.8525	51
91.0292	51
91.0292	51
91.0292	51
91.0293	51
91.0293	51
91.0293	51
91.0294	51
91.0297	51
91.3989	51
91.3989	51
91.3989	51
91.399	51
91.399	51
91.3991	51
91.3992	51
91.3993	51
91.7172	51
91.7172	51
91.7172	51
91.7172	51
91.7172	51
91.7172	51
91.7173	51
91.7175	51
91.7178	51
91.7181	51
91.7229	51
91.7229	51
91.7229	51
91.723	51
91.7232	51
91.7241	51
91.8129	51
91.8129	51
91.8129	51
91.8129	51
91.8129	51
91.813	51
91.813	51
91.8131	51
91.8131	51
91.818	51
91.818	51
91.8192	51
93.7498	51
93.7498	51
93.7498	51
93.7498	51
93.7498	51
93.7499	51
93.75	51
93.7503	51
94.4859	51
94.4859	51
94.4859	51
94.486	51
94.486	51
94.4862	51
94.4862	51
94.4862	51
94.4862	51
94.6657	51
94.6658	51
94.6658	51
94.6659	51
94.6659	51
94.6659	51
94.666	51
94.6662	51
94.9947	51
94.9947	51
94.9948	51
94.9948	51
94.9948	51
94.9948	51
94.9949	51
94.9951	51
94.9953	51
94.9958	51
95.553	51
95.553	51
95.5531	51
95.5531	51
95.5531	51
95.5532	51
95.5533	51
95.5534	51
95.5536	51
95.6879	51
95.6879	51
95.688	51
95.688	51
95.688	51
95.6881	51
95.6881	51
95.6884	51
95.6895	51
96.4113	51
96.4113	51
96.4114	51
96.4114	51
96.4115	51
96.4115	51
96.4115	51
96.4116	51
96.4117	51
96.4118	51
96.6314	51
96.6314	51
96.6315	51
96.6315	51
96.6315	51
96.6315	51
96.6316	51
96.6317	51
96.6966	51
96.6966	51
96.6966	51
96.6966	51
96.6966	51
96.6967	51
96.6967	51
96.6985	51
96.6995	51
96.7703	51
96.7703	51
96.7703	51
96.7703	51
96.7704	51
96.7704	51
96.7705	51
96.7708	51
96.7712	51
97.0182	51
97.0183	51
97.0184	51
97.0184	51
97.0185	51
97.0186	51
97.0186	51
97.0188	51
97.019	51
97.0304	51
97.0305	51
97.0306	51
97.0307	51
97.3029	51
97.3029	51
97.303	51
97.303	51
97.3031	51
97.3032	51
97.3032	51
97.3039	51
97.7015	51
97.7015	51
97.7016	51
97.7016	51
97.7016	51
97.7016	51
97.7016	51
97.7016	51
97.7016	51
97.7016	51
97.7017	51
97.7029	51
97.8911	51
97.8911	51
97.8911	51
97.8911	51
97.8911	51
97.8912	51
97.8912	51
97.8919	51
98.735	51
98.735	51
98.735	51
98.735	51
98.735	51
98.735	51
98.735	51
98.7351	51
98.7351	51
99.7237	51
99.7237	51
99.7237	51
99.7237	51
99.7238	51
99.7238	51
99.724	51
99.7241	51
99.7246	51
99.7247	51
99.7248	51
99.8656	51
99.8656	51
99.8656	51
99.8656	51
99.8656	51
99.8657	51
99.8657	51
99.8657	51
99.8663	51
99.9419	51
99.9419	51
99.942	51
99.942	51
99.942	51
99.942	51
99.942	51
99.9424	51
99.9429	51
