5.62722e-11	0
6.0366e-11	1
1.28389e-10	2
2.67798e-10	3
2.78284e-10	4
3.61879e-10	5
4.12499e-10	6
4.19936e-10	7
5.17732e-10	8
5.1994e-10	9
5.61904e-10	10
6.24441e-10	11
6.39796e-10	12
8.14421e-10	13
9.49099e-10	14
9.94792e-10	15
1.03161e-09	16
1.20312e-09	17
1.23947e-09	18
1.33103e-09	19
2.03023e-09	20
2.05719e-09	21
2.13435e-09	22
2.37622e-09	23
2.42717e-09	24
2.52352e-09	25
2.83564e-09	26
2.95777e-09	27
2.97777e-09	28
3.15631e-09	29
3.2235e-09	30
3.46969e-09	31
3.54561e-09	32
3.57137e-09	33
3.68329e-09	34
3.84335e-09	35
4.00594e-09	36
4.42953e-09	36
4.92673e-09	37
5.41864e-09	38
5.47814e-09	39
5.97052e-09	40
6.06409e-09	41
6.08375e-09	42
6.39016e-09	43
7.26838e-09	44
8.12259e-09	45
8.88288e-09	46
9.28517e-09	47
1.00699e-08	47
1.17692e-08	48
1.18127e-08	48
1.18701e-08	49
1.31303e-08	50
1.33204e-08	51
1.56016e-08	51
1.57138e-08	52
1.6609e-08	52
1.75927e-08	52
1.99248e-08	52
2.09321e-08	52
2.52664e-08	52
2.64396e-08	52
3.01376e-08	52
3.36284e-08	52
3.98991e-08	52
4.17703e-08	52
4.40221e-08	52
5.17117e-08	52
5.31978e-08	52
6.0926e-08	52
6.14168e-08	52
6.62598e-08	52
6.87082e-08	52
7.02875e-08	52
7.09382e-08	52
7.41435e-08	52
7.46322e-08	52
7.61735e-08	52
7.62551e-08	52
8.08541e-08	52
8.47359e-08	52
8.86724e-08	52
8.93399e-08	52
8.94113e-08	52
8.96181e-08	52
9.12544e-08	52
1.02143e-07	52
1.04432e-07	52
1.07271e-07	52
1.08741e-07	52
1.1472e-07	52
1.16396e-07	52
1.21791e-07	52
1.31284e-07	52
1.36524e-07	52
1.39757e-07	52
1.40042e-07	52
1.45538e-07	52
1.48155e-07	52
1.49646e-07	52
1.57416e-07	52
1.59795e-07	52
1.60144e-07	52
1.6264e-07	52
1.6835e-07	52
1.72164e-07	52
1.74659e-07	52
1.76962e-07	52
1.83301e-07	52
1.87949e-07	52
1.92707e-07	52
1.97438e-07	52
1.98847e-07	52
2.0454e-07	52
2.18046e-07	52
2.1844e-07	52
2.20395e-07	52
2.26224e-07	52
2.28053e-07	52
2.30185e-07	52
2.327e-07	52
2.36109e-07	52
2.41806e-07	52
2.5367e-07	52
2.55616e-07	52
2.58737e-07	52
2.59094e-07	52
2.68476e-07	52
2.69539e-07	52
2.75076e-07	52
2.75114e-07	52
2.78946e-07	52
2.82527e-07	52
2.83359e-07	52
2.84418e-07	52
2.8749e-07	52
2.9914e-07	52
3.19871e-07	52
3.20995e-07	52
3.2825e-07	52
3.31278e-07	52
3.32132e-07	52
3.32851e-07	52
3.35645e-07	52
3.39843e-07	52
3.4119e-07	52
3.42901e-07	52
3.43478e-07	52
3.46737e-07	52
3.51004e-07	52
3.56543e-07	52
3.57727e-07	52
3.60123e-07	52
3.66793e-07	52
3.75241e-07	52
3.76848e-07	52
3.76935e-07	52
3.78511e-07	52
3.79795e-07	52
3.8289e-07	52
3.83062e-07	52
3.85942e-07	52
3.91987e-07	52
4.00826e-07	52
4.11255e-07	52
4.19674e-07	52
4.2554e-07	52
4.27222e-07	52
4.28024e-07	52
4.45226e-07	52
4.497e-07	52
4.50397e-07	52
4.59087e-07	52
4.6064e-07	52
4.62328e-07	52
4.63768e-07	52
4.65317e-07	52
4.66657e-07	52
4.99835e-07	52
5.00005e-07	52
5.04781e-07	52
5.07748e-07	52
5.09909e-07	52
5.11001e-07	52
5.25286e-07	52
5.27304e-07	52
5.2774e-07	52
5.30841e-07	52
5.35587e-07	52
5.36651e-07	52
5.4208e-07	52
5.51193e-07	52
5.56203e-07	52
5.7285e-07	52
5.74242e-07	52
5.91444e-07	52
5.94913e-07	52
5.9637e-07	52
5.99962e-07	52
6.00404e-07	52
6.00471e-07	52
6.06433e-07	52
6.06965e-07	52
6.16065e-07	52
6.19441e-07	52
6.22837e-07	52
6.28364e-07	52
6.2852e-07	52
6.34465e-07	52
6.37156e-07	52
6.42804e-07	52
6.43815e-07	52
6.5209e-07	52
6.58443e-07	52
6.65413e-07	52
6.65444e-07	52
6.67847e-07	52
6.76186e-07	52
6.80301e-07	52
6.84094e-07	52
6.8438e-07	52
7.07036e-07	52
7.08319e-07	52
7.08778e-07	52
7.136e-07	52
7.15286e-07	52
7.19047e-07	52
7.24122e-07	52
7.34629e-07	52
7.41288e-07	52
7.42031e-07	52
7.4987e-07	52
7.53121e-07	52
7.60073e-07	52
7.61676e-07	52
7.62347e-07	52
7.72972e-07	52
7.76688e-07	52
7.78704e-07	52
7.79102e-07	52
7.81462e-07	52
7.8803e-07	52
7.89809e-07	52
7.97952e-07	52
8.08813e-07	52
8.14196e-07	52
8.19729e-07	52
8.36989e-07	52
8.38626e-07	52
8.39271e-07	52
8.48384e-07	52
8.53424e-07	52
8.65504e-07	52
8.74384e-07	52
8.79571e-07	52
9.01823e-07	52
9.04086e-07	52
9.0846e-07	52
9.13025e-07	52
9.13355e-07	52
9.1569e-07	52
9.1827e-07	52
9.20547e-07	52
9.25809e-07	52
9.32522e-07	52
9.38832e-07	52
9.41478e-07	52
9.45608e-07	52
9.47042e-07	52
9.54625e-07	52
9.57263e-07	52
9.66679e-07	52
9.72932e-07	52
9.82787e-07	52
1.00986e-06	52
1.03269e-06	52
1.05811e-06	52
1.05901e-06	52
1.05905e-06	52
1.06424e-06	52
1.07264e-06	52
1.09075e-06	52
1.10224e-06	52
1.10495e-06	52
1.10968e-06	52
1.11653e-06	52
1.12371e-06	52
1.12966e-06	52
1.13987e-06	52
1.14878e-06	52
1.15058e-06	52
1.15287e-06	52
1.15872e-06	52
1.16355e-06	52
1.17191e-06	52
1.18383e-06	52
1.18409e-06	52
1.18654e-06	52
1.18698e-06	52
1.19308e-06	52
1.1946e-06	52
1.19927e-06	52
1.20069e-06	52
1.20392e-06	52
1.22044e-06	52
1.24062e-06	52
1.26625e-06	52
1.27397e-06	52
1.27922e-06	52
1.28606e-06	52
1.2916e-06	52
1.29432e-06	52
1.29924e-06	52
1.31593e-06	52
1.32696e-06	52
1.34564e-06	52
1.34645e-06	52
1.36621e-06	52
1.37242e-06	52
1.38634e-06	52
1.39475e-06	52
1.44296e-06	52
1.44632e-06	52
1.44705e-06	52
1.45914e-06	52
1.48059e-06	52
1.49502e-06	52
1.53791e-06	52
1.57297e-06	52
1.58305e-06	52
1.59868e-06	52
1.60518e-06	52
1.61063e-06	52
1.68512e-06	52
1.6929e-06	52
1.69649e-06	52
1.7607e-06	52
1.7649e-06	52
1.76799e-06	52
1.77129e-06	52
1.78302e-06	52
1.78495e-06	52
1.78757e-06	52
1.80047e-06	52
1.80149e-06	52
1.81245e-06	52
1.8187e-06	52
1.82842e-06	52
1.83479e-06	52
1.84132e-06	52
1.84978e-06	52
1.88487e-06	52
1.88877e-06	52
1.89912e-06	52
1.94282e-06	52
1.95806e-06	52
1.96179e-06	52
1.97077e-06	52
2.008e-06	52
2.01585e-06	52
2.02994e-06	52
2.04167e-06	52
2.07947e-06	52
2.08507e-06	52
2.08957e-06	52
2.09497e-06	52
2.12409e-06	52
2.12545e-06	52
2.15765e-06	52
2.15778e-06	52
2.21563e-06	52
2.21712e-06	52
2.2286e-06	52
2.23375e-06	52
2.23385e-06	52
2.23917e-06	52
2.24016e-06	52
2.28839e-06	52
2.33615e-06	52
2.34575e-06	52
2.3674e-06	52
2.38175e-06	52
2.41122e-06	52
2.41362e-06	52
2.42796e-06	52
2.48725e-06	52
2.50019e-06	52
2.50525e-06	52
2.57095e-06	52
2.57832e-06	52
2.57995e-06	52
2.59535e-06	52
2.63455e-06	52
2.67125e-06	52
2.73494e-06	52
2.79433e-06	52
2.81142e-06	52
2.82009e-06	52
2.84649e-06	52
2.86789e-06	52
2.92943e-06	52
2.93983e-06	52
2.96238e-06	52
2.97388e-06	52
2.99305e-06	52
3.04612e-06	52
3.0573e-06	52
3.07414e-06	52
3.14858e-06	52
3.27591e-06	52
3.28236e-06	52
3.31514e-06	52
3.36661e-06	52
3.37934e-06	52
3.39977e-06	52
3.43727e-06	52
3.54424e-06	52
3.65196e-06	52
3.65757e-06	52
3.6869e-06	52
3.70604e-06	52
3.71185e-06	52
3.74931e-06	52
3.75619e-06	52
3.75912e-06	52
3.76085e-06	52
3.82252e-06	52
3.92625e-06	52
4.04772e-06	52
4.12086e-06	52
4.25843e-06	52
4.2703e-06	52
4.27284e-06	52
4.57194e-06	52
4.63304e-06	52
4.70776e-06	52
4.76977e-06	52
4.79168e-06	52
4.83054e-06	52
4.93241e-06	52
4.99019e-06	52
5.15832e-06	52
5.24228e-06	52
5.39302e-06	52
5.40543e-06	52
5.45363e-06	52
5.52967e-06	52
5.543e-06	52
5.54805e-06	52
5.64826e-06	52
5.79946e-06	52
5.81209e-06	52
5.88952e-06	52
5.92795e-06	52
6.0989e-06	52
6.18397e-06	52
6.21154e-06	52
6.28414e-06	52
6.34586e-06	52
6.39812e-06	52
6.41859e-06	52
6.45463e-06	52
6.57745e-06	52
6.58763e-06	52
6.60809e-06	52
6.64178e-06	52
6.64581e-06	52
6.86656e-06	52
6.908e-06	52
6.91533e-06	52
6.92043e-06	52
6.93143e-06	52
7.19683e-06	52
7.25406e-06	52
7.27796e-06	52
7.29228e-06	52
7.41966e-06	52
7.51866e-06	52
7.87936e-06	52
7.90997e-06	52
7.91906e-06	52
7.97228e-06	52
8.34326e-06	52
8.38551e-06	52
8.41346e-06	52
8.41649e-06	52
8.44354e-06	52
8.50969e-06	52
8.52311e-06	52
8.53218e-06	52
8.72192e-06	52
8.75579e-06	52
8.95351e-06	52
9.01325e-06	52
9.03277e-06	52
9.09458e-06	52
9.1172e-06	52
9.13096e-06	52
9.31014e-06	52
9.38614e-06	52
9.40235e-06	52
9.43583e-06	52
9.52234e-06	52
9.60121e-06	52
9.60397e-06	52
9.64167e-06	52
9.70643e-06	52
9.77762e-06	52
9.93812e-06	52
1.02098e-05	52
1.02755e-05	52
1.03633e-05	52
1.04733e-05	52
1.04831e-05	52
1.04896e-05	52
1.06244e-05	52
1.08037e-05	52
1.08145e-05	52
1.08798e-05	52
1.09012e-05	52
1.0916e-05	52
1.09244e-05	52
1.09776e-05	52
1.09826e-05	52
1.10322e-05	52
1.10632e-05	52
1.10879e-05	52
1.10967e-05	52
1.11652e-05	52
1.11752e-05	52
1.12505e-05	52
1.12685e-05	52
1.1292e-05	52
1.13422e-05	52
1.13455e-05	52
1.16159e-05	52
1.19351e-05	52
1.19464e-05	52
1.20905e-05	52
1.20926e-05	52
1.21344e-05	52
1.25782e-05	52
1.2627e-05	52
1.27076e-05	52
1.28395e-05	52
1.28642e-05	52
1.29093e-05	52
1.29448e-05	52
1.30128e-05	52
1.31405e-05	52
1.31658e-05	52
1.32056e-05	52
1.32147e-05	52
1.32363e-05	52
1.32759e-05	52
1.32968e-05	52
1.34556e-05	52
1.3542e-05	52
1.35813e-05	52
1.38276e-05	52
1.40152e-05	52
1.43799e-05	52
1.44259e-05	52
1.44664e-05	52
1.46278e-05	52
1.47443e-05	52
1.4827e-05	52
1.49531e-05	52
1.49696e-05	52
1.5117e-05	52
1.51916e-05	52
1.52603e-05	52
1.53294e-05	52
1.53789e-05	52
1.53835e-05	52
1.5487e-05	52
1.56668e-05	52
1.58043e-05	52
1.58837e-05	52
1.60171e-05	52
1.61381e-05	52
1.62405e-05	52
1.63862e-05	52
1.65003e-05	52
1.65522e-05	52
1.65981e-05	52
1.66046e-05	52
1.68477e-05	52
1.68751e-05	52
1.69128e-05	52
1.71663e-05	52
1.72061e-05	52
1.72086e-05	52
1.72752e-05	52
1.7424e-05	52
1.74614e-05	52
1.76158e-05	52
1.79375e-05	52
1.80138e-05	52
1.81496e-05	52
1.84361e-05	52
1.84711e-05	52
1.88593e-05	52
1.90032e-05	52
1.90606e-05	52
1.92379e-05	52
1.94778e-05	52
1.95523e-05	52
1.95684e-05	52
1.95704e-05	52
1.98485e-05	52
1.99755e-05	52
2.02086e-05	52
2.02848e-05	52
2.02923e-05	52
2.04183e-05	52
2.04399e-05	52
2.06272e-05	52
2.09798e-05	52
2.10837e-05	52
2.12662e-05	52
2.15019e-05	52
2.15062e-05	52
2.15254e-05	52
2.18721e-05	52
2.20505e-05	52
2.20979e-05	52
2.21233e-05	52
2.23478e-05	52
2.23736e-05	52
2.25717e-05	52
2.26565e-05	52
2.27815e-05	52
2.3065e-05	52
2.31961e-05	52
2.34211e-05	52
2.37806e-05	52
2.39702e-05	52
2.41336e-05	52
2.41648e-05	52
2.42628e-05	52
2.42758e-05	52
2.44858e-05	52
2.45704e-05	52
2.46718e-05	52
2.46732e-05	52
2.46985e-05	52
2.47376e-05	52
2.50414e-05	52
2.52238e-05	52
2.52259e-05	52
2.53443e-05	52
2.53792e-05	52
2.55189e-05	52
2.56974e-05	52
2.59983e-05	52
2.60554e-05	52
2.6241e-05	52
2.62974e-05	52
2.63001e-05	52
2.63539e-05	52
2.63772e-05	52
2.63833e-05	52
2.6406e-05	52
2.66345e-05	52
2.66534e-05	52
2.6721e-05	52
2.68835e-05	52
2.68935e-05	52
2.71693e-05	52
2.72865e-05	52
2.72887e-05	52
2.73365e-05	52
2.73925e-05	52
2.75989e-05	52
2.76767e-05	52
2.76885e-05	52
2.773e-05	52
2.78786e-05	52
2.79929e-05	52
2.80428e-05	52
2.81031e-05	52
2.81738e-05	52
2.83304e-05	52
2.83678e-05	52
2.86646e-05	52
2.87222e-05	52
2.91084e-05	52
2.91219e-05	52
2.93366e-05	52
2.93549e-05	52
2.97724e-05	52
2.98751e-05	52
2.99392e-05	52
3.0177e-05	52
3.03118e-05	52
3.03673e-05	52
3.04679e-05	52
3.04759e-05	52
3.06429e-05	52
3.08054e-05	52
3.08389e-05	52
3.08478e-05	52
3.08505e-05	52
3.09782e-05	52
3.12051e-05	52
3.13591e-05	52
3.13677e-05	52
3.15023e-05	52
3.19042e-05	52
3.20741e-05	52
3.2118e-05	52
3.21606e-05	52
3.21826e-05	52
3.2214e-05	52
3.23624e-05	52
3.24381e-05	52
3.25739e-05	52
3.26054e-05	52
3.26148e-05	52
3.27157e-05	52
3.29132e-05	52
3.29422e-05	52
3.29774e-05	52
3.30813e-05	52
3.32936e-05	52
3.33731e-05	52
3.33807e-05	52
3.3535e-05	52
3.3683e-05	52
3.37652e-05	52
3.37808e-05	52
3.38593e-05	52
3.39526e-05	52
3.3969e-05	52
3.4066e-05	52
3.4252e-05	52
3.42681e-05	52
3.43303e-05	52
3.44709e-05	52
3.47274e-05	52
3.47402e-05	52
3.48424e-05	52
3.49815e-05	52
3.505e-05	52
3.50818e-05	52
3.51541e-05	52
3.51989e-05	52
3.52517e-05	52
3.53099e-05	52
3.53321e-05	52
3.57579e-05	52
3.57844e-05	52
3.58617e-05	52
3.59791e-05	52
3.59855e-05	52
3.62342e-05	52
3.625e-05	52
3.63417e-05	52
3.67674e-05	52
3.73779e-05	52
3.74673e-05	52
3.75556e-05	52
3.75893e-05	52
3.77323e-05	52
3.7857e-05	52
3.82066e-05	52
3.8377e-05	52
3.84921e-05	52
3.85109e-05	52
3.85392e-05	52
3.90295e-05	52
3.91222e-05	52
3.9135e-05	52
3.93434e-05	52
3.95227e-05	52
3.96068e-05	52
3.96346e-05	52
3.97117e-05	52
3.98985e-05	52
4.04477e-05	52
4.05919e-05	52
4.06734e-05	52
4.0739e-05	52
4.08147e-05	52
4.09123e-05	52
4.10233e-05	52
4.10744e-05	52
4.12581e-05	52
4.12597e-05	52
4.14201e-05	52
4.20214e-05	52
4.21596e-05	52
4.23055e-05	52
4.23471e-05	52
4.24454e-05	52
4.26086e-05	52
4.29167e-05	52
4.29288e-05	52
4.29538e-05	52
4.29583e-05	52
4.30855e-05	52
4.31119e-05	52
4.31218e-05	52
4.31952e-05	52
4.32273e-05	52
4.33591e-05	52
4.39042e-05	52
4.39803e-05	52
4.42241e-05	52
4.44398e-05	52
4.44593e-05	52
4.45523e-05	52
4.45838e-05	52
4.46961e-05	52
4.47062e-05	52
4.4812e-05	52
4.49116e-05	52
4.49388e-05	52
4.49812e-05	52
4.50716e-05	52
4.50928e-05	52
4.51416e-05	52
4.53713e-05	52
4.56707e-05	52
4.58052e-05	52
4.59404e-05	52
4.5967e-05	52
4.61317e-05	52
4.62043e-05	52
4.63931e-05	52
4.64155e-05	52
4.64619e-05	52
4.6502e-05	52
4.65053e-05	52
4.65657e-05	52
4.69966e-05	52
4.72887e-05	52
4.73701e-05	52
4.7559e-05	52
4.76119e-05	52
4.76956e-05	52
4.79523e-05	52
4.80187e-05	52
4.80415e-05	52
4.8061e-05	52
4.81715e-05	52
4.82399e-05	52
4.82466e-05	52
4.83048e-05	52
4.84665e-05	52
4.86057e-05	52
4.86188e-05	52
4.88136e-05	52
4.88571e-05	52
4.97465e-05	52
5.01814e-05	52
5.0238e-05	52
5.02424e-05	52
5.03762e-05	52
5.03885e-05	52
5.05566e-05	52
5.0647e-05	52
5.08288e-05	52
5.09669e-05	52
5.11594e-05	52
5.13839e-05	52
5.14037e-05	52
5.14463e-05	52
5.16419e-05	52
5.17388e-05	52
5.18351e-05	52
5.20831e-05	52
5.20851e-05	52
5.21047e-05	52
5.21859e-05	52
5.22436e-05	52
5.23168e-05	52
5.25231e-05	52
5.25488e-05	52
5.26971e-05	52
5.2811e-05	52
5.29786e-05	52
5.29866e-05	52
5.29976e-05	52
5.30277e-05	52
5.32207e-05	52
5.32315e-05	52
5.3481e-05	52
5.3574e-05	52
5.3721e-05	52
5.43283e-05	52
5.44174e-05	52
5.47445e-05	52
5.48383e-05	52
5.48513e-05	52
5.49338e-05	52
5.49887e-05	52
5.49985e-05	52
5.50384e-05	52
5.51458e-05	52
5.5162e-05	52
5.54297e-05	52
5.55894e-05	52
5.56153e-05	52
5.57612e-05	52
5.58257e-05	52
5.59442e-05	52
5.60091e-05	52
5.63812e-05	52
5.66105e-05	52
5.67906e-05	52
5.70244e-05	52
5.70627e-05	52
5.74576e-05	52
5.76393e-05	52
5.78107e-05	52
5.82258e-05	52
5.85758e-05	52
5.86054e-05	52
5.86733e-05	52
5.88737e-05	52
5.89359e-05	52
5.89695e-05	52
5.92532e-05	52
5.97894e-05	52
6.05431e-05	52
6.10888e-05	52
6.13129e-05	52
6.14e-05	52
6.14505e-05	52
6.15096e-05	52
6.15925e-05	52
6.18883e-05	52
6.19112e-05	52
6.20362e-05	52
6.22276e-05	52
6.23015e-05	52
6.243e-05	52
6.24304e-05	52
6.24814e-05	52
6.26303e-05	52
6.26724e-05	52
6.29598e-05	52
6.33071e-05	52
6.3825e-05	52
6.40858e-05	52
6.41053e-05	52
6.41149e-05	52
6.41308e-05	52
6.42638e-05	52
6.43393e-05	52
6.45269e-05	52
6.49184e-05	52
6.54307e-05	52
6.54317e-05	52
6.56311e-05	52
6.56875e-05	52
6.57942e-05	52
6.6152e-05	52
6.62988e-05	52
6.67866e-05	52
6.68142e-05	52
6.73232e-05	52
6.73461e-05	52
6.7393e-05	52
6.7443e-05	52
6.74481e-05	52
6.75721e-05	52
6.81003e-05	52
6.86305e-05	52
6.86589e-05	52
6.92244e-05	52
6.94893e-05	52
6.98158e-05	52
6.98752e-05	52
7.0324e-05	52
7.05491e-05	52
7.0677e-05	52
7.10506e-05	52
7.11e-05	52
7.12274e-05	52
7.12508e-05	52
7.14131e-05	52
7.15085e-05	52
7.15583e-05	52
7.20473e-05	52
7.21241e-05	52
7.2369e-05	52
7.24271e-05	52
7.26476e-05	52
7.26498e-05	52
7.27607e-05	52
7.27971e-05	52
7.33626e-05	52
7.34472e-05	52
7.47973e-05	52
7.48879e-05	52
7.48947e-05	52
7.50684e-05	52
7.51276e-05	52
7.52038e-05	52
7.54459e-05	52
7.55e-05	52
7.60198e-05	52
7.6035e-05	52
7.6055e-05	52
7.64561e-05	52
7.65146e-05	52
7.65373e-05	52
7.65821e-05	52
7.68504e-05	52
7.70649e-05	52
7.77081e-05	52
7.78077e-05	52
7.79576e-05	52
7.81021e-05	52
7.82678e-05	52
7.85236e-05	52
7.85658e-05	52
7.85854e-05	52
7.86037e-05	52
7.86292e-05	52
7.87155e-05	52
7.88497e-05	52
7.88707e-05	52
7.89573e-05	52
7.90793e-05	52
7.91685e-05	52
7.92682e-05	52
7.92974e-05	52
7.93438e-05	52
7.94819e-05	52
7.96133e-05	52
7.99283e-05	52
8.07459e-05	52
8.10192e-05	52
8.11674e-05	52
8.13015e-05	52
8.13474e-05	52
8.13692e-05	52
8.15095e-05	52
8.17286e-05	52
8.21777e-05	52
8.22088e-05	52
8.22209e-05	52
8.22329e-05	52
8.275e-05	52
8.27667e-05	52
8.33279e-05	52
8.35691e-05	52
8.36187e-05	52
8.39274e-05	52
8.4054e-05	52
8.41735e-05	52
8.41988e-05	52
8.41992e-05	52
8.42632e-05	52
8.43109e-05	52
8.43311e-05	52
8.46779e-05	52
8.47689e-05	52
8.50187e-05	52
8.50956e-05	52
8.51283e-05	52
8.53205e-05	52
8.53679e-05	52
8.57856e-05	52
8.59821e-05	52
8.61097e-05	52
8.63488e-05	52
8.64606e-05	52
8.64681e-05	52
8.65908e-05	52
8.73281e-05	52
8.78273e-05	52
8.8012e-05	52
8.83744e-05	52
8.87335e-05	52
8.87558e-05	52
8.92324e-05	52
8.96059e-05	52
8.97155e-05	52
9.02659e-05	52
9.03398e-05	52
9.06438e-05	52
9.06609e-05	52
9.10448e-05	52
9.11695e-05	52
9.12434e-05	52
9.12895e-05	52
9.13494e-05	52
9.16375e-05	52
9.16436e-05	52
9.18539e-05	52
9.24179e-05	52
9.25201e-05	52
9.26128e-05	52
9.29993e-05	52
9.32377e-05	52
9.33299e-05	52
9.34423e-05	52
9.34433e-05	52
9.3652e-05	52
9.38128e-05	52
9.38794e-05	52
9.39847e-05	52
9.41106e-05	52
9.43773e-05	52
9.4767e-05	52
9.51665e-05	52
9.52262e-05	52
9.53049e-05	52
9.53923e-05	52
9.54767e-05	52
9.55577e-05	52
9.59034e-05	52
9.60969e-05	52
9.61516e-05	52
9.62698e-05	52
9.67219e-05	52
9.7239e-05	52
9.75953e-05	52
9.77013e-05	52
9.79868e-05	52
9.80931e-05	52
9.81847e-05	52
9.95646e-05	52
9.97099e-05	52
0.000100059	52
0.000100773	52
0.000101346	52
0.000101584	52
0.000101636	52
0.000102458	52
0.000102568	52
0.000102819	52
0.00010348	52
0.000103565	52
0.000103784	52
0.000103902	52
0.000103946	52
0.000104004	52
0.000104254	52
0.000104392	52
0.000104683	52
0.000105862	52
0.000106028	52
0.000106031	52
0.000106133	52
0.0001066	52
0.000106694	52
0.000107774	52
0.000107802	52
0.000107811	52
0.000107987	52
0.000108425	52
0.000109046	52
0.000109047	52
0.000109225	52
0.000109305	52
0.000109586	52
0.000109771	52
0.000110445	52
0.00011083	52
0.000110942	52
0.000111229	52
0.000111787	52
0.000111939	52
0.000112343	52
0.000112379	52
0.000112418	52
0.000112497	52
0.000112935	52
0.000113224	52
0.000113239	52
0.000113383	52
0.00011411	52
0.000114259	52
0.000115188	52
0.000115394	52
0.000116299	52
0.000116464	52
0.000117041	52
0.000117164	52
0.000117559	52
0.00011861	52
0.000118974	52
0.00011939	52
0.000119419	52
0.00012005	52
0.000120228	52
0.000120259	52
0.000122039	52
0.000122898	52
0.000123037	52
0.000123376	52
0.000123733	52
0.000124395	52
0.000124679	52
0.000124732	52
0.000125445	52
0.000125547	52
0.000125895	52
0.000127554	52
0.000127602	52
0.000127839	52
0.000127895	52
0.000128409	52
0.00012912	52
0.00012923	52
0.000130727	52
0.000131124	52
0.000131131	52
0.000131196	52
0.000131349	52
0.000131905	52
0.000132314	52
0.000132455	52
0.000132662	52
0.00013293	52
0.000133247	52
0.000133528	52
0.000133531	52
0.000133663	52
0.000134697	52
0.000135384	52
0.000135464	52
0.000135554	52
0.000136353	52
0.000137404	52
0.00013801	52
0.000138545	52
0.000139281	52
0.000139826	52
0.000140302	52
0.000140751	52
0.000141109	52
0.000141536	52
0.000141818	52
0.000141996	52
0.000142087	52
0.000142174	52
0.000142513	52
0.000143586	52
0.000144309	52
0.000144398	52
0.000144908	52
0.000144983	52
0.00014511	52
0.000145522	52
0.000145571	52
0.000145669	52
0.00014574	52
0.000145976	52
0.000146373	52
0.000147123	52
0.000148608	52
0.000148662	52
0.000149018	52
0.000149464	52
0.000149613	52
0.000150151	52
0.000150996	52
0.000151724	52
0.000152041	52
0.000153117	52
0.000153407	52
0.000154334	52
0.000154899	52
0.000154973	52
0.000155444	52
0.000155747	52
0.000156182	52
0.000156303	52
0.000157554	52
0.000157881	52
0.000157984	52
0.000158317	52
0.000158389	52
0.000159164	52
0.00015931	52
0.000159478	52
0.000160092	52
0.000160289	52
0.000160657	52
0.0001611	52
0.00016124	52
0.000161787	52
0.00016188	52
0.000161995	52
0.000164899	52
0.000165007	52
0.00016521	52
0.000166554	52
0.000166923	52
0.000167306	52
0.000167999	52
0.000168385	52
0.000168736	52
0.000170574	52
0.000171022	52
0.000171422	52
0.00017293	52
0.000173407	52
0.000174549	52
0.00017471	52
0.000175864	52
0.000176589	52
0.000177524	52
0.000177681	52
0.00017844	52
0.000179659	52
0.00017993	52
0.000180695	52
0.000180943	52
0.000181023	52
0.000181104	52
0.000181142	52
0.000182478	52
0.000183283	52
0.000185023	52
0.000186482	52
0.00018797	52
0.000188485	52
0.000190857	52
0.000190867	52
0.000191867	52
0.000195821	52
0.000196812	52
0.000196949	52
0.000198883	52
0.000199056	52
0.000199887	52
0.000199982	52
0.000202086	52
0.000202315	52
0.000205165	52
0.000206276	52
0.000208898	52
0.000209559	52
0.000209711	52
0.000210864	52
0.000211645	52
0.000211802	52
0.000211891	52
0.000212626	52
0.000214757	52
0.000215495	52
0.000215513	52
0.000216265	52
0.000218785	52
0.000218791	52
0.000219167	52
0.000221909	52
0.000222002	52
0.000222136	52
0.000223002	52
0.000223458	52
0.0002241	52
0.000224437	52
0.000224742	52
0.000225589	52
0.000227387	52
0.000227651	52
0.000228149	52
0.000228937	52
0.000229299	52
0.00022938	52
0.000229846	52
0.00023008	52
0.000230099	52
0.000230212	52
0.000230337	52
0.000231272	52
0.000232074	52
0.000233082	52
0.000234638	52
0.000235638	52
0.000235881	52
0.000237403	52
0.000238701	52
0.000238818	52
0.00023975	52
0.00024051	52
0.000240947	52
0.000241117	52
0.000246183	52
0.000248592	52
0.000249138	52
0.00024927	52
0.0002513	52
0.00025327	52
0.000255835	52
0.000256966	52
0.000257811	52
0.000259167	52
0.00026019	52
0.000260512	52
0.000263763	52
0.000263774	52
0.000264643	52
0.000264843	52
0.000265052	52
0.000266098	52
0.000266823	52
0.000266844	52
0.000267866	52
0.000268279	52
0.000268385	52
0.000272124	52
0.00027688	52
0.000280075	52
0.000280564	52
0.000280664	52
0.000284661	52
0.000285214	52
0.000285651	52
0.000285731	52
0.00028617	52
0.000288173	52
0.000293384	52
0.000295111	52
0.000296467	52
0.000298639	52
0.000299474	52
0.000303173	52
0.000305386	52
0.000305504	52
0.000308532	52
0.000309955	52
0.00031048	52
0.000311536	52
0.000313246	52
0.000314274	52
0.000317868	52
0.000319047	52
0.000320195	52
0.000321912	52
0.00032223	52
0.000323316	52
0.000326786	52
0.000327317	52
0.000329262	52
0.000330471	52
0.000331897	52
0.000332318	52
0.000337528	52
0.000338122	52
0.000339727	52
0.000341299	52
0.000351352	52
0.000351747	52
0.000356369	52
0.000356773	52
0.00035698	52
0.000358052	52
0.000361855	52
0.000362799	52
0.000368016	52
0.000374525	52
0.000375714	52
0.000377142	52
0.000379428	52
0.000380229	52
0.000381178	52
0.000382424	52
0.000385584	52
0.000387463	52
0.000389617	52
0.000390752	52
0.000390851	52
0.000395539	52
0.000396848	52
0.000401562	52
0.000401583	52
0.000402059	52
0.000405347	52
0.000406066	52
0.000408141	52
0.000420943	52
0.000423546	52
0.000423898	52
0.000432385	52
0.000432676	52
0.000433627	52
0.000435269	52
0.000441552	52
0.000443622	52
0.000444793	52
0.000445365	52
0.000447262	52
0.000452521	52
0.000454235	52
0.00045894	52
0.000459566	52
0.000460876	52
0.000460887	52
0.000465052	52
0.000471717	52
0.000473465	52
0.000475768	52
0.000476272	52
0.000484392	52
0.000487117	52
0.000487813	52
0.000490541	52
0.000491601	52
0.000492396	52
0.000492527	52
0.000496325	52
0.000496886	52
0.000500343	52
0.000504995	52
0.000511539	52
0.000520412	52
0.000522704	52
0.000523095	52
0.000523416	52
0.000531331	52
0.000538344	52
0.000539924	52
0.000540042	52
0.000546609	52
0.000555879	52
0.00055674	52
0.000557172	52
0.000557558	52
0.000561176	52
0.000563593	52
0.0005731	52
0.000587693	52
0.000608182	52
0.000624457	52
0.000644186	52
0.00064932	52
0.000655299	52
0.000656146	52
0.000657085	52
0.000658684	52
0.000667429	52
0.00066927	52
0.000672347	52
0.000681851	52
0.000682854	52
0.000711663	52
0.000719626	52
0.000721826	52
0.000757522	52
0.000761029	52
0.000768452	52
0.000821663	52
0.000832146	52
0.000838272	52
0.000845753	52
0.000909401	52
0.000937434	52
0.000966706	52
0.00097758	52
0.000984046	52
0.00100148	52
0.00101159	52
0.00116407	52
0.00118571	52
0.00119743	52
0.00120369	52
0.00133378	52
0.00137027	52
0.00153447	52
0.00157285	52
0.00161975	52
0.00170472	52
0.00189917	52
0.00216529	52
0.00479976	52
0.00479977	52
0.00480023	52
0.00480047	52
0.00480121	52
0.00480123	52
0.00480131	52
0.00480177	52
0.00480236	52
0.00480314	52
0.00480586	52
0.00480824	52
0.00481045	52
0.00482629	52
0.00483314	52
0.00483534	52
0.00484509	52
0.00486575	52
0.0048664	52
0.00489033	52
0.00490195	52
0.00492886	52
0.00493104	52
0.00494978	52
0.00497093	52
0.00497528	52
0.00498209	52
0.00499456	52
0.00499628	52
0.00501132	52
0.00502095	52
0.00504456	52
0.00534181	52
0.00555276	52
0.00949444	52
0.00949702	52
0.00950031	52
0.00950065	52
0.00950479	52
0.00950665	52
0.00950765	52
0.00950828	52
0.00951184	52
0.00951188	52
0.00951366	52
0.00951521	52
0.00951658	52
0.00951659	52
0.00951998	52
0.00952068	52
0.00952231	52
0.00952867	52
0.00953034	52
0.00953239	52
0.00953569	52
0.00953667	52
0.00953911	52
0.00954496	52
0.00954851	52
0.0095543	52
0.00955494	52
0.00957006	52
0.00957735	52
0.0095976	52
0.00960441	52
0.00960445	52
0.00960447	52
0.00960451	52
0.00960463	52
0.00960463	52
0.00960467	52
0.00960467	52
0.00960475	52
0.00960479	52
0.00960481	52
0.00960489	52
0.00960514	52
0.00960515	52
0.00960522	52
0.0096054	52
0.00960541	52
0.00960547	52
0.00960547	52
0.00960562	52
0.00960569	52
0.0096058	52
0.00960585	52
0.00960587	52
0.00960601	52
0.00960618	52
0.00960626	52
0.00960637	52
0.00960652	52
0.00960654	52
0.00960683	52
0.00960719	52
0.00960741	52
0.00960764	52
0.00960808	52
0.00960808	52
0.00960882	52
0.00960888	52
0.00960967	52
0.00961033	52
0.00961082	52
0.00961266	52
0.00961341	52
0.00961409	52
0.00962812	52
0.00963079	52
0.00963429	52
0.00964177	52
0.00964695	52
0.00968686	52
0.00970775	52
0.00971157	52
0.00974635	52
0.00978206	52
0.00979412	52
0.00979526	52
0.00979695	52
0.0098021	52
0.00982546	52
0.00983739	52
0.00989665	52
0.00991083	52
0.00992402	52
0.00994444	52
0.0100327	52
0.0100334	52
0.0100392	52
0.0100509	52
0.0100646	52
0.0101625	52
0.0102509	52
0.0103482	52
0.010506	52
0.0105592	52
0.0131954	52
0.0131956	52
0.0131964	52
0.0131995	52
0.013206	52
0.0132102	52
0.0133025	52
0.0133171	52
0.0133561	52
0.0134054	52
0.0136368	52
0.0137546	52
0.0138105	52
0.0138208	52
0.0138511	52
0.0138782	52
0.0139032	52
0.0140837	52
0.0148889	52
0.0167837	52
0.0225878	52
0.0225879	52
0.0225879	52
0.0225879	52
0.022588	52
0.0225881	52
0.0225882	52
0.0225883	52
0.0225885	52
0.0225886	52
0.0225887	52
0.0225888	52
0.0225889	52
0.022589	52
0.0225893	52
0.0225895	52
0.0225895	52
0.0225895	52
0.0225898	52
0.0225902	52
0.0225907	52
0.0225907	52
0.0225907	52
0.022591	52
0.0225912	52
0.0225913	52
0.0225917	52
0.0225922	52
0.0225924	52
0.0225925	52
0.0225944	52
0.0225951	52
0.022597	52
0.0225983	52
0.0226028	52
0.0226262	52
0.0226263	52
0.0226856	52
0.0246661	52
0.024667	52
0.0246677	52
0.024668	52
0.0246682	52
0.0246703	52
0.0246728	52
0.0246751	52
0.0246786	52
0.0246806	52
0.0246924	52
0.0320623	52
0.0320626	52
0.0320628	52
0.0320629	52
0.0320632	52
0.0320632	52
0.0320633	52
0.0320634	52
0.0320639	52
0.0320644	52
0.032065	52
0.032065	52
0.0320652	52
0.0320652	52
0.0320656	52
0.0320657	52
0.0320657	52
0.0320658	52
0.0320661	52
0.0320671	52
0.032068	52
0.032068	52
0.0320691	52
0.0320692	52
0.0320695	52
0.0320715	52
0.0320723	52
0.0320736	52
0.0320759	52
0.0320764	52
0.0320774	52
0.0320786	52
0.0320792	52
0.0320809	52
0.0320848	52
0.0320888	52
0.0320888	52
0.0320903	52
0.0320917	52
0.0320956	52
0.0321048	52
0.0321053	52
0.0321066	52
0.0321074	52
0.0321157	52
0.0321168	52
0.0321173	52
0.03212	52
0.0321203	52
0.0321417	52
0.0321424	52
0.0321456	52
0.0321605	52
0.0321623	52
0.0321635	52
0.0321663	52
0.0321722	52
0.0321741	52
0.032176	52
0.0321792	52
0.032181	52
0.0321828	52
0.0321902	52
0.0321976	52
0.0321997	52
0.0322169	52
0.0322199	52
0.0322259	52
0.032227	52
0.0322296	52
0.0322333	52
0.0322363	52
0.0322448	52
0.0322539	52
0.0322589	52
0.0322679	52
0.0322737	52
0.0322746	52
0.0322772	52
0.0322868	52
0.0322905	52
0.0322918	52
0.0322994	52
0.0323017	52
0.0323051	52
0.0323097	52
0.0323272	52
0.032343	52
0.0323491	52
0.0323518	52
0.032364	52
0.032364	52
0.0323775	52
0.0323825	52
0.0323846	52
0.0323889	52
0.0324011	52
0.0324712	52
0.0324726	52
0.0324878	52
0.0324959	52
0.0325089	52
0.03251	52
0.0325647	52
0.0325744	52
0.032585	52
0.0325896	52
0.0327003	52
0.0327086	52
0.0327445	52
0.032795	52
0.0327989	52
0.0328236	52
0.032921	52
0.0329553	52
0.0330617	52
0.0333234	52
0.033361	52
0.035259	52
0.0352624	52
0.0352666	52
0.0483044	52
0.0483044	52
0.0483044	52
0.0483044	52
0.0483045	52
0.0483046	52
0.0483046	52
0.0483049	52
0.0483049	52
0.048305	52
0.0483052	52
0.0483054	52
0.0483054	52
0.0483055	52
0.0483059	52
0.048306	52
0.0483061	52
0.0483063	52
0.0483063	52
0.0483063	52
0.0483064	52
0.0483066	52
0.0483067	52
0.0483069	52
0.0483071	52
0.0483075	52
0.0483075	52
0.0483075	52
0.0483079	52
0.0483081	52
0.0483081	52
0.0483086	52
0.0483087	52
0.0483092	52
0.0483099	52
0.0483111	52
0.0483116	52
0.0483125	52
0.0483131	52
0.0483135	52
0.0483136	52
0.0483156	52
0.048317	52
0.0483177	52
0.0483245	52
0.0483264	52
0.0483271	52
0.0483538	52
0.0483623	52
0.0483806	52
0.0484177	52
0.0484244	52
0.0484373	52
0.0484561	52
0.048497	52
0.0485063	52
0.0485376	52
0.048616	52
0.0487003	52
0.0487096	52
0.0487906	52
0.0490158	52
0.0490548	52
0.051169	52
0.0512082	52
0.0514885	52
0.0534922	52
0.0570778	52
0.0570779	52
0.0570783	52
0.0570814	52
0.0570823	52
0.0570826	52
0.0571051	52
0.0571497	52
0.0594417	52
0.0594422	52
0.0594435	52
0.0594437	52
0.0594447	52
0.0594458	52
0.0594466	52
0.0594496	52
0.0594992	52
0.0647661	52
0.0647697	52
0.06477	52
0.0647712	52
0.0647727	52
0.0647757	52
0.0647877	52
0.0648993	52
0.0712676	52
0.0712716	52
0.0712758	52
0.0746323	52
0.0746556	52
0.0746573	52
0.0976897	52
0.0976899	52
0.09769	52
0.09769	52
0.0976905	52
0.0976944	52
0.0976974	52
0.0976979	52
0.0977024	52
0.0978207	52
0.100093	52
0.100094	52
0.100094	52
0.100094	52
0.100096	52
0.100096	52
0.100097	52
0.100098	52
0.1001	52
0.100132	52
0.101703	52
0.101704	52
0.117422	52
0.117423	52
0.117423	52
0.117429	52
0.117431	52
0.117433	52
0.117461	52
0.118267	52
0.118874	52
0.141274	52
0.141274	52
0.141275	52
0.141276	52
0.141278	52
0.141281	52
0.141285	52
0.141298	52
0.141309	52
0.141739	52
0.141967	52
0.142394	52
0.142441	52
0.14397	52
0.143974	52
0.143975	52
0.143983	52
0.144987	52
0.144991	52
0.145047	52
0.147113	52
0.147118	52
0.147219	52
0.148083	52
0.148092	52
0.148092	52
0.157192	52
0.157193	52
0.157217	52
0.159037	52
0.17287	52
0.172871	52
0.172873	52
0.172875	52
0.172876	52
0.17294	52
0.172981	52
0.173018	52
0.173097	52
0.173136	52
0.173202	52
0.173277	52
0.173463	52
0.176002	52
0.176019	52
0.176106	52
0.186531	52
0.186536	52
0.186536	52
0.186543	52
0.186547	52
0.186554	52
0.196479	52
0.19648	52
0.196481	52
0.196486	52
0.196511	52
0.196618	52
0.199521	52
0.199523	52
0.199538	52
0.199564	52
0.199564	52
0.199573	52
0.19959	52
0.1996	52
0.201718	52
0.20172	52
0.20173	52
0.201802	52
0.203114	52
0.203114	52
0.203219	52
0.203296	52
0.203312	52
0.218364	52
0.218364	52
0.218364	52
0.218365	52
0.218366	52
0.218369	52
0.218376	52
0.218389	52
0.218404	52
0.236011	52
0.236013	52
0.236014	52
0.236015	52
0.236021	52
0.236024	52
0.236042	52
0.236063	52
0.237532	52
0.255853	52
0.255854	52
0.255854	52
0.255858	52
0.255863	52
0.255961	52
0.259559	52
0.259561	52
0.259564	52
0.259567	52
0.259567	52
0.259569	52
0.264022	52
0.264047	52
0.264051	52
0.284655	52
0.284657	52
0.284657	52
0.284661	52
0.284682	52
0.284697	52
0.288222	52
0.288225	52
0.288225	52
0.288236	52
0.293003	52
0.293009	52
0.293009	52
0.293011	52
0.293019	52
0.293072	52
0.299535	52
0.299535	52
0.299535	52
0.299566	52
0.300218	52
0.300231	52
0.300232	52
0.300316	52
0.30058	52
0.300585	52
0.300604	52
0.301551	52
0.301565	52
0.30421	52
0.304271	52
0.326526	52
0.326527	52
0.326528	52
0.326529	52
0.326531	52
0.326533	52
0.326533	52
0.326535	52
0.32654	52
0.326541	52
0.326542	52
0.326546	52
0.342294	52
0.342294	52
0.342296	52
0.342298	52
0.342332	52
0.342332	52
0.344437	52
0.358914	52
0.358915	52
0.358915	52
0.358917	52
0.358918	52
0.358959	52
0.372817	52
0.372819	52
0.372828	52
0.37283	52
0.372833	52
0.372839	52
0.37285	52
0.37559	52
0.375622	52
0.375647	52
0.380933	52
0.380935	52
0.38094	52
0.38095	52
0.380967	52
0.381116	52
0.385039	52
0.38504	52
0.385061	52
0.385093	52
0.385308	52
0.385316	52
0.385317	52
0.385357	52
0.396138	52
0.396143	52
0.396146	52
0.39616	52
0.396424	52
0.398694	52
0.399598	52
0.417467	52
0.417469	52
0.417471	52
0.417473	52
0.417473	52
0.417477	52
0.417493	52
0.434334	52
0.434337	52
0.434339	52
0.434343	52
0.434354	52
0.452421	52
0.452421	52
0.452422	52
0.452428	52
0.452429	52
0.45243	52
0.452434	52
0.456073	52
0.456073	52
0.456074	52
0.456084	52
0.465884	52
0.465887	52
0.465894	52
0.465898	52
0.465913	52
0.465914	52
0.46993	52
0.46995	52
0.470881	52
0.470883	52
0.470906	52
0.476304	52
0.476306	52
0.476306	52
0.476315	52
0.476338	52
0.481805	52
0.481808	52
0.481808	52
0.481816	52
0.481825	52
0.491786	52
0.491787	52
0.491789	52
0.49179	52
0.4918	52
0.491976	52
0.49213	52
0.498501	52
0.498504	52
0.498513	52
0.498529	52
0.498551	52
0.502903	52
0.502915	52
0.503309	52
0.503339	52
0.503351	52
0.506707	52
0.506708	52
0.506712	52
0.506731	52
0.506731	52
0.506735	52
0.509038	52
0.509047	52
0.509134	52
0.520385	52
0.520385	52
0.520386	52
0.520393	52
0.520465	52
0.523958	52
0.523978	52
0.524222	52
0.530239	52
0.555211	52
0.555212	52
0.555213	52
0.555213	52
0.555215	52
0.555221	52
0.555252	52
0.563368	52
0.563369	52
0.563369	52
0.563376	52
0.563386	52
0.563396	52
0.566674	52
0.566674	52
0.566677	52
0.566678	52
0.566678	52
0.590786	52
0.590788	52
0.590791	52
0.590792	52
0.590802	52
0.590834	52
0.60859	52
0.608596	52
0.608598	52
0.608598	52
0.608599	52
0.608602	52
0.608605	52
0.608611	52
0.608619	52
0.608689	52
0.608694	52
0.611031	52
0.611271	52
0.623485	52
0.623488	52
0.623523	52
0.623658	52
0.63403	52
0.634034	52
0.634046	52
0.634112	52
0.634338	52
0.640162	52
0.640168	52
0.640175	52
0.64022	52
0.640436	52
0.650713	52
0.650718	52
0.655321	52
0.655324	52
0.655324	52
0.65533	52
0.655339	52
0.655409	52
0.674423	52
0.674423	52
0.674425	52
0.674425	52
0.674426	52
0.674427	52
0.67443	52
0.67488	52
0.676531	52
0.676561	52
0.676585	52
0.689302	52
0.689304	52
0.689305	52
0.689311	52
0.689311	52
0.689331	52
0.689335	52
0.697969	52
0.698003	52
0.722118	52
0.722119	52
0.722121	52
0.722122	52
0.722128	52
0.722133	52
0.722135	52
0.722136	52
0.729741	52
0.729742	52
0.729742	52
0.729763	52
0.729772	52
0.744248	52
0.744248	52
0.744249	52
0.74425	52
0.744262	52
0.745922	52
0.745923	52
0.745924	52
0.745927	52
0.745932	52
0.76405	52
0.764051	52
0.764051	52
0.764052	52
0.764056	52
0.764109	52
0.767652	52
0.767658	52
0.767672	52
0.767945	52
0.767948	52
0.76795	52
0.767965	52
0.769945	52
0.769947	52
0.769951	52
0.771433	52
0.771434	52
0.771462	52
0.784626	52
0.784632	52
0.784633	52
0.784635	52
0.78464	52
0.785202	52
0.785205	52
0.785225	52
0.788577	52
0.78858	52
0.788581	52
0.788589	52
0.78867	52
0.796609	52
0.796614	52
0.796621	52
0.816223	52
0.816223	52
0.816223	52
0.816226	52
0.816228	52
0.81623	52
0.821731	52
0.82174	52
0.821766	52
0.821801	52
0.830746	52
0.830747	52
0.830748	52
0.830749	52
0.830767	52
0.862764	52
0.862765	52
0.862765	52
0.862765	52
0.862767	52
0.86277	52
0.86277	52
0.862776	52
0.862797	52
0.862824	52
0.871777	52
0.871777	52
0.871777	52
0.871784	52
0.871788	52
0.871796	52
0.871807	52
0.871813	52
0.871815	52
0.875617	52
0.875621	52
0.875626	52
0.875933	52
0.878141	52
0.878143	52
0.878156	52
0.882251	52
0.901055	52
0.901055	52
0.901058	52
0.901059	52
0.901062	52
0.901092	52
0.901109	52
0.923854	52
0.923855	52
0.923856	52
0.923858	52
0.923862	52
0.923866	52
0.923874	52
0.924072	52
0.926633	52
0.926967	52
0.930067	52
0.930074	52
0.930087	52
0.93343	52
0.940125	52
0.940126	52
0.940126	52
0.940127	52
0.940302	52
0.941383	52
0.941398	52
0.941428	52
0.95978	52
0.959785	52
0.959788	52
0.959809	52
0.959814	52
0.959841	52
0.97157	52
0.971572	52
0.971573	52
0.971581	52
0.971707	52
0.973275	52
0.973302	52
0.973314	52
0.973345	52
0.98082	52
0.980821	52
0.980823	52
0.980823	52
0.98083	52
0.980831	52
0.980846	52
0.980867	52
1.01675	52
1.01675	52
1.01675	52
1.01676	52
1.01676	52
1.01676	52
1.01676	52
1.01676	52
1.01677	52
1.02141	52
1.02142	52
1.02146	52
1.03125	52
1.03125	52
1.03125	52
1.03126	52
1.03127	52
1.05077	52
1.05078	52
1.05078	52
1.05078	52
1.05081	52
1.05086	52
1.05401	52
1.05404	52
1.05409	52
1.06114	52
1.06114	52
1.06115	52
1.06115	52
1.06882	52
1.06882	52
1.06882	52
1.06883	52
1.06883	52
1.08313	52
1.08313	52
1.08313	52
1.08313	52
1.08313	52
1.08313	52
1.08954	52
1.08954	52
1.08955	52
1.08956	52
1.10666	52
1.10667	52
1.10667	52
1.10667	52
1.10668	52
1.1158	52
1.1158	52
1.1158	52
1.11581	52
1.11795	52
1.11795	52
1.11798	52
1.12397	52
1.12397	52
1.12397	52
1.12933	52
1.12934	52
1.12934	52
1.12934	52
1.12935	52
1.12935	52
1.12939	52
1.13021	52
1.13021	52
1.13022	52
1.15148	52
1.15148	52
1.15149	52
1.15149	52
1.1515	52
1.1515	52
1.15151	52
1.15225	52
1.15225	52
1.15231	52
1.15652	52
1.15652	52
1.15653	52
1.15659	52
1.16252	52
1.16252	52
1.16255	52
1.16844	52
1.16845	52
1.16845	52
1.17022	52
1.17025	52
1.17025	52
1.1703	52
1.17642	52
1.17642	52
1.17645	52
1.17653	52
1.17704	52
1.17705	52
1.17707	52
1.17715	52
1.17748	52
1.17749	52
1.17753	52
1.18448	52
1.18448	52
1.18448	52
1.18448	52
1.18449	52
1.1908	52
1.19081	52
1.19081	52
1.19081	52
1.19082	52
1.19082	52
1.19082	52
1.20676	52
1.20676	52
1.20678	52
1.20679	52
1.21101	52
1.21102	52
1.21121	52
1.22737	52
1.22738	52
1.22738	52
1.22739	52
1.22807	52
1.23656	52
1.23656	52
1.23656	52
1.23656	52
1.23656	52
1.23657	52
1.23657	52
1.23658	52
1.23792	52
1.23792	52
1.23793	52
1.23793	52
1.23793	52
1.24739	52
1.24739	52
1.24739	52
1.24739	52
1.24739	52
1.24739	52
1.24741	52
1.24765	52
1.24766	52
1.24767	52
1.24767	52
1.26409	52
1.26409	52
1.2641	52
1.2641	52
1.2641	52
1.26412	52
1.26413	52
1.26623	52
1.26623	52
1.26623	52
1.26624	52
1.26626	52
1.27994	52
1.27995	52
1.27995	52
1.27995	52
1.27998	52
1.27998	52
1.29327	52
1.29327	52
1.29327	52
1.29327	52
1.29328	52
1.29331	52
1.29766	52
1.29772	52
1.3126	52
1.3126	52
1.3126	52
1.31262	52
1.31473	52
1.3156	52
1.31561	52
1.31563	52
1.31577	52
1.32871	52
1.32871	52
1.32872	52
1.32874	52
1.3288	52
1.33712	52
1.33712	52
1.33712	52
1.33712	52
1.33717	52
1.33727	52
1.34589	52
1.3523	52
1.3523	52
1.35876	52
1.35877	52
1.36761	52
1.36761	52
1.36761	52
1.36761	52
1.36762	52
1.36763	52
1.36763	52
1.37284	52
1.37284	52
1.3746	52
1.37462	52
1.37462	52
1.37462	52
1.37463	52
1.37975	52
1.37976	52
1.37976	52
1.38012	52
1.41174	52
1.41174	52
1.41174	52
1.41174	52
1.41174	52
1.41174	52
1.41174	52
1.41175	52
1.41175	52
1.41182	52
1.41988	52
1.41991	52
1.41996	52
1.42165	52
1.43199	52
1.43199	52
1.43201	52
1.43201	52
1.43201	52
1.43203	52
1.43203	52
1.44683	52
1.44684	52
1.44684	52
1.44745	52
1.44745	52
1.44747	52
1.45729	52
1.45729	52
1.45729	52
1.4573	52
1.45732	52
1.45822	52
1.45823	52
1.45824	52
1.45826	52
1.45851	52
1.45853	52
1.45854	52
1.45855	52
1.46164	52
1.46165	52
1.46169	52
1.46439	52
1.4644	52
1.46443	52
1.48243	52
1.48243	52
1.48243	52
1.48244	52
1.48246	52
1.48247	52
1.48252	52
1.51029	52
1.5103	52
1.5103	52
1.5103	52
1.5103	52
1.51031	52
1.51032	52
1.51034	52
1.51037	52
1.51405	52
1.51562	52
1.51563	52
1.51563	52
1.51567	52
1.51567	52
1.52689	52
1.5269	52
1.5269	52
1.5269	52
1.52697	52
1.53022	52
1.53022	52
1.53024	52
1.53025	52
1.53079	52
1.53167	52
1.53887	52
1.53888	52
1.53888	52
1.53888	52
1.53888	52
1.53888	52
1.5391	52
1.54734	52
1.54735	52
1.54736	52
1.54738	52
1.55572	52
1.55925	52
1.55925	52
1.56626	52
1.56626	52
1.56627	52
1.56629	52
1.57783	52
1.57783	52
1.57784	52
1.5779	52
1.58344	52
1.58349	52
1.5835	52
1.58909	52
1.58909	52
1.5891	52
1.5891	52
1.60398	52
1.60398	52
1.60398	52
1.60399	52
1.61803	52
1.61803	52
1.61803	52
1.61804	52
1.61807	52
1.61809	52
1.61809	52
1.65091	52
1.65091	52
1.65091	52
1.65092	52
1.65092	52
1.65092	52
1.65093	52
1.65336	52
1.65337	52
1.65338	52
1.65339	52
1.65406	52
1.65406	52
1.65406	52
1.65407	52
1.6607	52
1.66071	52
1.66071	52
1.66074	52
1.68202	52
1.68202	52
1.68202	52
1.68202	52
1.68203	52
1.68203	52
1.68204	52
1.68372	52
1.68372	52
1.68373	52
1.68373	52
1.68376	52
1.73076	52
1.73076	52
1.73076	52
1.73076	52
1.73077	52
1.73078	52
1.74083	52
1.74083	52
1.74089	52
1.7754	52
1.7754	52
1.7754	52
1.7754	52
1.77541	52
1.77541	52
1.77541	52
1.77548	52
1.81728	52
1.81728	52
1.81728	52
1.81728	52
1.81728	52
1.81729	52
1.8173	52
1.81734	52
1.83149	52
1.83149	52
1.83149	52
1.83149	52
1.83149	52
1.83149	52
1.83152	52
1.8367	52
1.8367	52
1.8367	52
1.83672	52
1.83672	52
1.8467	52
1.8467	52
1.8467	52
1.84671	52
1.84671	52
1.84684	52
1.86032	52
1.86032	52
1.86032	52
1.86033	52
1.86034	52
1.86034	52
1.86048	52
1.86087	52
1.8609	52
1.87012	52
1.87012	52
1.87014	52
1.87016	52
1.87017	52
1.90004	52
1.90005	52
1.90005	52
1.90005	52
1.90006	52
1.90006	52
1.90015	52
1.9072	52
1.9072	52
1.90721	52
1.90723	52
1.90743	52
1.93701	52
1.93701	52
1.93701	52
1.93701	52
1.93701	52
1.93701	52
1.93702	52
1.93705	52
1.94834	52
1.94834	52
1.94834	52
1.94834	52
1.94835	52
1.94836	52
1.95297	52
1.95298	52
1.95299	52
1.95311	52
1.95405	52
1.95442	52
1.95443	52
1.95461	52
1.97	52
1.97	52
1.97001	52
1.97001	52
1.97314	52
1.97316	52
1.97319	52
1.97701	52
1.97701	52
1.97702	52
1.97702	52
1.97814	52
1.97814	52
1.97814	52
1.97897	52
1.98249	52
1.9825	52
1.99082	52
1.99083	52
1.99084	52
1.99085	52
1.9909	52
2.00317	52
2.00317	52
2.00471	52
2.00473	52
2.00482	52
2.03386	52
2.03386	52
2.03386	52
2.03386	52
2.03387	52
2.03388	52
2.03388	52
2.03388	52
2.0339	52
2.06832	52
2.06832	52
2.06833	52
2.06833	52
2.06833	52
2.06834	52
2.06834	52
2.06841	52
2.06905	52
2.07188	52
2.07281	52
2.07674	52
2.07973	52
2.07973	52
2.07974	52
2.07974	52
2.07975	52
2.07976	52
2.08198	52
2.08198	52
2.08199	52
2.09269	52
2.0927	52
2.09271	52
2.1026	52
2.10261	52
2.11556	52
2.11556	52
2.11556	52
2.11556	52
2.11556	52
2.11556	52
2.11558	52
2.12413	52
2.12417	52
2.1332	52
2.1332	52
2.13321	52
2.13321	52
2.13321	52
2.13321	52
2.13772	52
2.13774	52
2.13804	52
2.14994	52
2.14994	52
2.14995	52
2.14996	52
2.15321	52
2.15322	52
2.15322	52
2.15324	52
2.1551	52
2.15512	52
2.15514	52
2.16141	52
2.16141	52
2.16141	52
2.16144	52
2.16145	52
2.16146	52
2.17756	52
2.17756	52
2.17758	52
2.18344	52
2.18344	52
2.18344	52
2.18345	52
2.19175	52
2.19175	52
2.19175	52
2.19605	52
2.19606	52
2.19607	52
2.21155	52
2.21155	52
2.21155	52
2.21155	52
2.21156	52
2.21157	52
2.21157	52
2.21157	52
2.21157	52
2.23109	52
2.23109	52
2.23109	52
2.2311	52
2.2311	52
2.23111	52
2.23476	52
2.23476	52
2.23476	52
2.23477	52
2.23692	52
2.25768	52
2.25768	52
2.25768	52
2.25768	52
2.2577	52
2.25771	52
2.25772	52
2.25773	52
2.26233	52
2.26235	52
2.26238	52
2.26242	52
2.26659	52
2.26659	52
2.2666	52
2.26675	52
2.27281	52
2.27282	52
2.28404	52
2.28404	52
2.28405	52
2.28405	52
2.28405	52
2.28405	52
2.28405	52
2.29053	52
2.29053	52
2.29053	52
2.29053	52
2.29053	52
2.29056	52
2.29918	52
2.29924	52
2.32023	52
2.32024	52
2.32024	52
2.32026	52
2.32026	52
2.32028	52
2.32033	52
2.32037	52
2.3212	52
2.3212	52
2.3212	52
2.32121	52
2.32125	52
2.32519	52
2.32522	52
2.32522	52
2.32533	52
2.32905	52
2.33144	52
2.33145	52
2.33145	52
2.33161	52
2.33384	52
2.33385	52
2.35706	52
2.35706	52
2.35707	52
2.35707	52
2.35707	52
2.35712	52
2.36258	52
2.36259	52
2.36261	52
2.36262	52
2.36264	52
2.36278	52
2.37668	52
2.37668	52
2.37668	52
2.37843	52
2.37843	52
2.37843	52
2.37845	52
2.37846	52
2.37848	52
2.38166	52
2.38166	52
2.38632	52
2.38633	52
2.38633	52
2.38634	52
2.38634	52
2.40101	52
2.40101	52
2.40101	52
2.40102	52
2.40103	52
2.40104	52
2.4012	52
2.41915	52
2.41915	52
2.41915	52
2.41915	52
2.41917	52
2.41917	52
2.42609	52
2.42785	52
2.42785	52
2.42852	52
2.42853	52
2.44615	52
2.44615	52
2.44615	52
2.44615	52
2.44616	52
2.44617	52
2.44619	52
2.4711	52
2.4711	52
2.4711	52
2.47111	52
2.47111	52
2.47112	52
2.47394	52
2.47402	52
2.4751	52
2.47512	52
2.47516	52
2.49557	52
2.49558	52
2.49558	52
2.49558	52
2.49558	52
2.49558	52
2.4956	52
2.49567	52
2.51498	52
2.51499	52
2.51499	52
2.51499	52
2.51499	52
2.51499	52
2.51501	52
2.51661	52
2.51665	52
2.56435	52
2.56435	52
2.56435	52
2.56435	52
2.56436	52
2.56436	52
2.56436	52
2.56438	52
2.56457	52
2.57336	52
2.57337	52
2.57338	52
2.57338	52
2.57339	52
2.57703	52
2.57706	52
2.57706	52
2.5772	52
2.59375	52
2.59375	52
2.59376	52
2.59376	52
2.59743	52
2.60509	52
2.6051	52
2.6051	52
2.6051	52
2.60511	52
2.60513	52
2.60532	52
2.60534	52
2.60539	52
2.62013	52
2.62014	52
2.62014	52
2.62014	52
2.62016	52
2.62397	52
2.62399	52
2.624	52
2.62578	52
2.62579	52
2.62579	52
2.62579	52
2.6258	52
2.62591	52
2.62602	52
2.63039	52
2.63042	52
2.63044	52
2.63046	52
2.64101	52
2.64101	52
2.64102	52
2.6411	52
2.67764	52
2.67765	52
2.67765	52
2.67765	52
2.67766	52
2.67766	52
2.67767	52
2.67769	52
2.67772	52
2.68105	52
2.68111	52
2.682	52
2.68407	52
2.68407	52
2.68408	52
2.68411	52
2.70479	52
2.70479	52
2.70483	52
2.70484	52
2.71112	52
2.71113	52
2.71113	52
2.71123	52
2.71758	52
2.71758	52
2.71758	52
2.71759	52
2.71759	52
2.71759	52
2.71759	52
2.71763	52
2.71841	52
2.72396	52
2.72397	52
2.72397	52
2.72402	52
2.75596	52
2.75596	52
2.75596	52
2.75597	52
2.75597	52
2.75603	52
2.75603	52
2.75725	52
2.75725	52
2.75725	52
2.75833	52
2.75833	52
2.75834	52
2.76947	52
2.76947	52
2.76947	52
2.76947	52
2.76948	52
2.76948	52
2.76948	52
2.77487	52
2.77488	52
2.77488	52
2.77489	52
2.77491	52
2.80005	52
2.80005	52
2.80005	52
2.80007	52
2.80007	52
2.80008	52
2.80009	52
2.80554	52
2.80556	52
2.8056	52
2.80937	52
2.80938	52
2.80938	52
2.80944	52
2.81815	52
2.81815	52
2.81815	52
2.81815	52
2.81816	52
2.81835	52
2.83296	52
2.83296	52
2.83296	52
2.83296	52
2.83296	52
2.83296	52
2.83297	52
2.83298	52
2.83325	52
2.8333	52
2.83332	52
2.83703	52
2.83705	52
2.83719	52
2.83969	52
2.83991	52
2.84012	52
2.84083	52
2.84085	52
2.84087	52
2.8486	52
2.8486	52
2.8486	52
2.84861	52
2.84861	52
2.84861	52
2.84861	52
2.84991	52
2.84991	52
2.84992	52
2.84995	52
2.86402	52
2.86403	52
2.86403	52
2.86404	52
2.86405	52
2.86537	52
2.86537	52
2.86539	52
2.86686	52
2.86687	52
2.88797	52
2.88797	52
2.88797	52
2.88797	52
2.88797	52
2.88797	52
2.88798	52
2.88798	52
2.88971	52
2.88971	52
2.88972	52
2.88973	52
2.88989	52
2.89216	52
2.89217	52
2.91005	52
2.91277	52
2.91277	52
2.91278	52
2.94566	52
2.94566	52
2.94566	52
2.94566	52
2.94566	52
2.94566	52
2.94567	52
2.94567	52
2.94571	52
2.94756	52
2.94757	52
2.94758	52
2.9476	52
2.94766	52
2.96448	52
2.96448	52
2.96448	52
2.96449	52
2.96449	52
2.9645	52
2.98258	52
2.98258	52
2.98258	52
2.98258	52
2.98259	52
2.98259	52
2.9826	52
2.9826	52
2.9828	52
2.98592	52
2.98594	52
2.98607	52
2.99307	52
2.99307	52
2.99309	52
2.99309	52
2.99688	52
2.99688	52
2.99689	52
2.99689	52
2.99864	52
3.00964	52
3.00964	52
3.00965	52
3.00965	52
3.00965	52
3.00966	52
3.00966	52
3.00967	52
3.00969	52
3.03724	52
3.03724	52
3.03725	52
3.03726	52
3.0373	52
3.04343	52
3.04344	52
3.04344	52
3.04345	52
3.04346	52
3.0436	52
3.04441	52
3.04843	52
3.04845	52
3.04847	52
3.04946	52
3.04946	52
3.04947	52
3.05379	52
3.0538	52
3.0538	52
3.0538	52
3.05738	52
3.05741	52
3.06141	52
3.06141	52
3.06141	52
3.06141	52
3.06142	52
3.08259	52
3.08259	52
3.0826	52
3.08261	52
3.10844	52
3.10845	52
3.10845	52
3.10845	52
3.10846	52
3.10848	52
3.11192	52
3.11197	52
3.11201	52
3.11337	52
3.11338	52
3.1134	52
3.12248	52
3.12249	52
3.12249	52
3.1225	52
3.1225	52
3.12252	52
3.12329	52
3.12329	52
3.12331	52
3.12711	52
3.14118	52
3.14118	52
3.14119	52
3.1412	52
3.1412	52
3.14121	52
3.14122	52
3.14122	52
3.14286	52
3.14286	52
3.14286	52
3.14445	52
3.14445	52
3.14778	52
3.14778	52
3.14779	52
3.15507	52
3.15508	52
3.15509	52
3.15509	52
3.1551	52
3.1551	52
3.1551	52
3.17448	52
3.17448	52
3.17449	52
3.17449	52
3.17449	52
3.1745	52
3.1745	52
3.17451	52
3.17453	52
3.17463	52
3.17492	52
3.17493	52
3.175	52
3.18263	52
3.18264	52
3.18266	52
3.18301	52
3.185	52
3.185	52
3.185	52
3.18501	52
3.1855	52
3.1865	52
3.18654	52
3.18673	52
3.19156	52
3.19156	52
3.19746	52
3.19747	52
3.19747	52
3.19748	52
3.19748	52
3.1975	52
3.19771	52
3.2091	52
3.2091	52
3.2091	52
3.20911	52
3.21765	52
3.21765	52
3.21765	52
3.21766	52
3.21766	52
3.21767	52
3.22226	52
3.22227	52
3.22228	52
3.22229	52
3.23984	52
3.23985	52
3.23985	52
3.23985	52
3.23985	52
3.23985	52
3.23986	52
3.2399	52
3.23992	52
3.24143	52
3.24143	52
3.24154	52
3.26839	52
3.26839	52
3.26839	52
3.2684	52
3.2684	52
3.2684	52
3.26881	52
3.28289	52
3.28289	52
3.2829	52
3.2829	52
3.2829	52
3.28294	52
3.28299	52
3.28339	52
3.28339	52
3.28339	52
3.28351	52
3.3059	52
3.3059	52
3.3059	52
3.3059	52
3.30593	52
3.30714	52
3.30714	52
3.30714	52
3.30714	52
3.30716	52
3.30716	52
3.30721	52
3.32618	52
3.32618	52
3.32621	52
3.32648	52
3.32657	52
3.32657	52
3.32658	52
3.32658	52
3.33348	52
3.33348	52
3.33349	52
3.3663	52
3.3663	52
3.3663	52
3.3663	52
3.3663	52
3.36634	52
3.36634	52
3.3823	52
3.3823	52
3.38231	52
3.38232	52
3.40966	52
3.40967	52
3.40977	52
3.41121	52
3.41122	52
3.41128	52
3.42248	52
3.42248	52
3.42248	52
3.42248	52
3.42248	52
3.42249	52
3.42249	52
3.42249	52
3.4225	52
3.42699	52
3.427	52
3.42939	52
3.42939	52
3.4294	52
3.42941	52
3.42947	52
3.43711	52
3.44764	52
3.44765	52
3.44766	52
3.44766	52
3.45591	52
3.45591	52
3.45591	52
3.45592	52
3.45593	52
3.46397	52
3.46397	52
3.46397	52
3.46397	52
3.46397	52
3.46398	52
3.46398	52
3.46709	52
3.46976	52
3.46977	52
3.46977	52
3.47113	52
3.47482	52
3.47484	52
3.47486	52
3.47493	52
3.48625	52
3.48625	52
3.48625	52
3.48627	52
3.48755	52
3.48755	52
3.49588	52
3.4959	52
3.5063	52
3.5063	52
3.5063	52
3.50631	52
3.50631	52
3.50632	52
3.50633	52
3.50666	52
3.51126	52
3.51126	52
3.51127	52
3.51127	52
3.51274	52
3.51612	52
3.52002	52
3.52954	52
3.52954	52
3.52954	52
3.52955	52
3.52955	52
3.52957	52
3.55783	52
3.55783	52
3.55784	52
3.55784	52
3.55786	52
3.55786	52
3.56636	52
3.56637	52
3.56639	52
3.57386	52
3.57506	52
3.57507	52
3.57509	52
3.57513	52
3.57901	52
3.57902	52
3.57916	52
3.59907	52
3.59907	52
3.59907	52
3.59907	52
3.5991	52
3.5991	52
3.60457	52
3.60457	52
3.60467	52
3.60582	52
3.62438	52
3.62438	52
3.62438	52
3.6244	52
3.63503	52
3.63504	52
3.63504	52
3.63504	52
3.63505	52
3.63505	52
3.63506	52
3.63506	52
3.65234	52
3.65234	52
3.65234	52
3.65234	52
3.65235	52
3.65236	52
3.65349	52
3.65356	52
3.65425	52
3.65487	52
3.65488	52
3.65977	52
3.65978	52
3.65979	52
3.65982	52
3.66557	52
3.66557	52
3.66561	52
3.68397	52
3.68397	52
3.68398	52
3.68398	52
3.68458	52
3.68459	52
3.6846	52
3.68461	52
3.69411	52
3.69411	52
3.69411	52
3.70648	52
3.70648	52
3.70649	52
3.7065	52
3.7065	52
3.70652	52
3.71231	52
3.71231	52
3.71231	52
3.71232	52
3.71233	52
3.71234	52
3.71252	52
3.71663	52
3.71668	52
3.71674	52
3.72128	52
3.72459	52
3.7246	52
3.7246	52
3.7246	52
3.72462	52
3.72888	52
3.72888	52
3.72977	52
3.72977	52
3.72977	52
3.74531	52
3.74532	52
3.74533	52
3.74535	52
3.74764	52
3.74765	52
3.74768	52
3.75914	52
3.75915	52
3.75915	52
3.75916	52
3.75916	52
3.75917	52
3.75954	52
3.75955	52
3.75957	52
3.75959	52
3.75961	52
3.80524	52
3.80524	52
3.80524	52
3.80524	52
3.80524	52
3.80525	52
3.80526	52
3.80526	52
3.80532	52
3.8077	52
3.80771	52
3.80773	52
3.81336	52
3.81337	52
3.81338	52
3.81409	52
3.81668	52
3.81669	52
3.82605	52
3.82605	52
3.82605	52
3.82606	52
3.84285	52
3.84286	52
3.84286	52
3.84287	52
3.84287	52
3.84287	52
3.84687	52
3.84691	52
3.84692	52
3.89313	52
3.89313	52
3.89313	52
3.89313	52
3.89314	52
3.89314	52
3.89314	52
3.89315	52
3.8932	52
3.8935	52
3.89498	52
3.89499	52
3.89502	52
3.89666	52
3.89668	52
3.89674	52
3.92219	52
3.9222	52
3.9222	52
3.9222	52
3.9222	52
3.92221	52
3.92223	52
3.92224	52
3.92272	52
3.92274	52
3.92275	52
3.92295	52
3.92488	52
3.92488	52
3.92489	52
3.92494	52
3.93551	52
3.93551	52
3.93551	52
3.93555	52
3.96721	52
3.96721	52
3.96722	52
3.96722	52
3.96724	52
3.99032	52
3.99033	52
3.99033	52
3.99034	52
3.99042	52
3.99307	52
3.99308	52
3.99308	52
3.99308	52
3.99309	52
3.9931	52
3.9931	52
4.00558	52
4.00558	52
4.00559	52
4.00559	52
4.0056	52
4.00561	52
4.01901	52
4.01901	52
4.01901	52
4.01902	52
4.01902	52
4.02081	52
4.02081	52
4.02081	52
4.02083	52
4.02453	52
4.02453	52
4.02453	52
4.02454	52
4.02456	52
4.02465	52
4.03464	52
4.03464	52
4.03469	52
4.05403	52
4.05403	52
4.05404	52
4.05405	52
4.05406	52
4.05571	52
4.05572	52
4.05575	52
4.06702	52
4.06702	52
4.06702	52
4.06703	52
4.06704	52
4.06706	52
4.06769	52
4.06769	52
4.0677	52
4.0677	52
4.07634	52
4.07636	52
4.07636	52
4.07639	52
4.09723	52
4.09723	52
4.09724	52
4.09724	52
4.09725	52
4.09727	52
4.0973	52
4.10176	52
4.10177	52
4.10178	52
4.10178	52
4.10179	52
4.11545	52
4.11546	52
4.11547	52
4.11547	52
4.11548	52
4.11551	52
4.11572	52
4.11574	52
4.11575	52
4.11579	52
4.12236	52
4.12297	52
4.12302	52
4.12312	52
4.12597	52
4.12597	52
4.12599	52
4.13882	52
4.13883	52
4.13884	52
4.13889	52
4.1389	52
4.1563	52
4.1563	52
4.1563	52
4.15631	52
4.15631	52
4.15632	52
4.15633	52
4.15636	52
4.15699	52
4.15699	52
4.15699	52
4.157	52
4.18345	52
4.18347	52
4.18348	52
4.18348	52
4.18404	52
4.18545	52
4.18546	52
4.18547	52
4.18557	52
4.19162	52
4.19162	52
4.19163	52
4.19163	52
4.19163	52
4.19164	52
4.19165	52
4.20189	52
4.20189	52
4.20192	52
4.20192	52
4.20199	52
4.20207	52
4.20622	52
4.21208	52
4.21209	52
4.21209	52
4.21222	52
4.21478	52
4.21479	52
4.2148	52
4.21484	52
4.24868	52
4.24868	52
4.24868	52
4.2487	52
4.2487	52
4.24871	52
4.24871	52
4.25437	52
4.25438	52
4.25439	52
4.2544	52
4.25441	52
4.25612	52
4.25613	52
4.25614	52
4.25616	52
4.26919	52
4.26919	52
4.2692	52
4.26921	52
4.27025	52
4.27027	52
4.27027	52
4.27033	52
4.27144	52
4.27145	52
4.27145	52
4.27145	52
4.27145	52
4.27175	52
4.30185	52
4.30185	52
4.30186	52
4.30186	52
4.30187	52
4.30187	52
4.30188	52
4.30228	52
4.30234	52
4.31485	52
4.31489	52
4.31489	52
4.31491	52
4.31795	52
4.31796	52
4.34262	52
4.34263	52
4.34264	52
4.34264	52
4.34264	52
4.34266	52
4.34266	52
4.34844	52
4.34845	52
4.34845	52
4.34846	52
4.34848	52
4.36332	52
4.36333	52
4.36334	52
4.36363	52
4.36762	52
4.36762	52
4.36763	52
4.36781	52
4.37545	52
4.37545	52
4.37545	52
4.37548	52
4.37553	52
4.38219	52
4.38219	52
4.38221	52
4.38221	52
4.38221	52
4.3823	52
4.3889	52
4.39173	52
4.39174	52
4.39174	52
4.39175	52
4.39181	52
4.39184	52
4.40609	52
4.4061	52
4.4061	52
4.40614	52
4.41436	52
4.41437	52
4.41437	52
4.41437	52
4.41439	52
4.41441	52
4.41448	52
4.43718	52
4.43718	52
4.43718	52
4.43719	52
4.4372	52
4.43721	52
4.43723	52
4.43734	52
4.43866	52
4.43867	52
4.4391	52
4.44234	52
4.45352	52
4.45352	52
4.45353	52
4.45354	52
4.45356	52
4.4629	52
4.4629	52
4.4629	52
4.46291	52
4.46291	52
4.46307	52
4.46887	52
4.46888	52
4.46888	52
4.46889	52
4.46898	52
4.47998	52
4.47998	52
4.48	52
4.50269	52
4.50269	52
4.50269	52
4.50269	52
4.5027	52
4.5027	52
4.50271	52
4.50275	52
4.51267	52
4.53164	52
4.53165	52
4.53167	52
4.53168	52
4.53171	52
4.53822	52
4.53822	52
4.53822	52
4.53823	52
4.53824	52
4.53828	52
4.53828	52
4.56491	52
4.56492	52
4.56492	52
4.56493	52
4.56493	52
4.56494	52
4.56724	52
4.56725	52
4.56725	52
4.56732	52
4.56745	52
4.56745	52
4.56749	52
4.57919	52
4.57919	52
4.5792	52
4.57921	52
4.57924	52
4.57924	52
4.60854	52
4.60854	52
4.60854	52
4.60855	52
4.60855	52
4.60856	52
4.60856	52
4.61149	52
4.6115	52
4.61639	52
4.61639	52
4.61642	52
4.61643	52
4.61653	52
4.64067	52
4.64068	52
4.64068	52
4.64069	52
4.64069	52
4.64072	52
4.64075	52
4.64403	52
4.64405	52
4.64407	52
4.64503	52
4.64507	52
4.64798	52
4.64798	52
4.648	52
4.64803	52
4.64804	52
4.68967	52
4.68968	52
4.68968	52
4.68968	52
4.68968	52
4.68968	52
4.68969	52
4.68969	52
4.68973	52
4.68991	52
4.69191	52
4.69194	52
4.70234	52
4.70245	52
4.70349	52
4.70349	52
4.7035	52
4.70352	52
4.70405	52
4.70416	52
4.72472	52
4.72472	52
4.72473	52
4.72474	52
4.72475	52
4.72478	52
4.72485	52
4.75104	52
4.75104	52
4.75105	52
4.75108	52
4.75109	52
4.75111	52
4.75162	52
4.75212	52
4.75259	52
4.7526	52
4.7526	52
4.76381	52
4.76382	52
4.76385	52
4.7655	52
4.76552	52
4.76554	52
4.76555	52
4.76798	52
4.76799	52
4.768	52
4.76803	52
4.81086	52
4.81086	52
4.81088	52
4.81088	52
4.81089	52
4.81089	52
4.81091	52
4.81091	52
4.81094	52
4.81156	52
4.81954	52
4.81954	52
4.81955	52
4.81983	52
4.83255	52
4.83256	52
4.83259	52
4.83263	52
4.83275	52
4.84926	52
4.84927	52
4.84927	52
4.84928	52
4.84928	52
4.84928	52
4.84931	52
4.84936	52
4.84936	52
4.84937	52
4.84949	52
4.85672	52
4.85674	52
4.85674	52
4.8569	52
4.86311	52
4.86311	52
4.86311	52
4.86314	52
4.86317	52
4.8743	52
4.8743	52
4.87431	52
4.87437	52
4.87441	52
4.87915	52
4.87917	52
4.87926	52
4.88144	52
4.89084	52
4.89084	52
4.89085	52
4.91985	52
4.91985	52
4.91985	52
4.91985	52
4.91985	52
4.91985	52
4.91986	52
4.91987	52
4.91998	52
4.9261	52
4.92611	52
4.92611	52
4.92617	52
4.93471	52
4.93474	52
4.93482	52
4.94092	52
4.94093	52
4.94093	52
4.94093	52
4.94094	52
4.94094	52
4.94783	52
4.9479	52
4.9506	52
4.95062	52
4.95279	52
4.95279	52
4.95281	52
4.95282	52
4.96848	52
4.96848	52
4.96849	52
4.96849	52
4.96853	52
4.96855	52
4.97943	52
4.97944	52
4.97946	52
4.99912	52
4.99912	52
4.99913	52
4.99914	52
4.99915	52
4.99916	52
5.00167	52
5.00167	52
5.00168	52
5.00168	52
5.0018	52
5.01723	52
5.01723	52
5.01723	52
5.01727	52
5.01727	52
5.02428	52
5.02429	52
5.02429	52
5.02429	52
5.02468	52
5.03139	52
5.03139	52
5.03147	52
5.03979	52
5.03979	52
5.0398	52
5.0398	52
5.04612	52
5.04612	52
5.04612	52
5.04612	52
5.04618	52
5.04618	52
5.04619	52
5.0462	52
5.07751	52
5.07751	52
5.07752	52
5.07753	52
5.07754	52
5.07755	52
5.07805	52
5.08227	52
5.08228	52
5.08228	52
5.08229	52
5.08231	52
5.1049	52
5.10491	52
5.10494	52
5.10498	52
5.12762	52
5.12762	52
5.12763	52
5.12763	52
5.12763	52
5.12765	52
5.12765	52
5.1397	52
5.13971	52
5.13978	52
5.14657	52
5.14712	52
5.14715	52
5.14715	52
5.15448	52
5.15448	52
5.15448	52
5.15456	52
5.1546	52
5.16584	52
5.16584	52
5.16585	52
5.16585	52
5.16591	52
5.16592	52
5.16595	52
5.21498	52
5.21498	52
5.21498	52
5.21498	52
5.21499	52
5.215	52
5.21503	52
5.21509	52
5.23258	52
5.2335	52
5.23353	52
5.23377	52
5.24398	52
5.244	52
5.24402	52
5.24622	52
5.24859	52
5.26878	52
5.26878	52
5.26878	52
5.26878	52
5.26879	52
5.26879	52
5.26879	52
5.26881	52
5.26881	52
5.2689	52
5.27102	52
5.27102	52
5.27103	52
5.27107	52
5.29666	52
5.29666	52
5.29666	52
5.29667	52
5.29669	52
5.2967	52
5.29677	52
5.29712	52
5.29712	52
5.29713	52
5.29715	52
5.29728	52
5.30987	52
5.30988	52
5.30988	52
5.31015	52
5.31491	52
5.31491	52
5.31492	52
5.31498	52
5.31945	52
5.3195	52
5.31952	52
5.3359	52
5.33591	52
5.33591	52
5.33591	52
5.33591	52
5.33595	52
5.33602	52
5.33966	52
5.33966	52
5.33966	52
5.33967	52
5.33971	52
5.34004	52
5.34243	52
5.34244	52
5.34245	52
5.34254	52
5.36369	52
5.36371	52
5.36374	52
5.3638	52
5.36391	52
5.37183	52
5.37193	52
5.37202	52
5.37299	52
5.37316	52
5.3741	52
5.37411	52
5.37413	52
5.37413	52
5.37416	52
5.37522	52
5.37526	52
5.42133	52
5.42133	52
5.42133	52
5.42133	52
5.42134	52
5.42134	52
5.42134	52
5.42136	52
5.42146	52
5.42171	52
5.42668	52
5.42669	52
5.42675	52
5.4268	52
5.42876	52
5.42877	52
5.4296	52
5.4304	52
5.43041	52
5.43043	52
5.43048	52
5.43119	52
5.4312	52
5.43124	52
5.43161	52
5.43218	52
5.43219	52
5.43226	52
5.44291	52
5.44291	52
5.44292	52
5.44299	52
5.44299	52
5.44323	52
5.45317	52
5.45319	52
5.45325	52
5.45326	52
5.4533	52
5.45369	52
5.45976	52
5.45981	52
5.45987	52
5.47807	52
5.47813	52
5.48893	52
5.48893	52
5.48893	52
5.48894	52
5.48894	52
5.48898	52
5.489	52
5.49833	52
5.49833	52
5.49834	52
5.49835	52
5.49835	52
5.49841	52
5.49843	52
5.49848	52
5.53418	52
5.53419	52
5.53419	52
5.53423	52
5.53423	52
5.53425	52
5.53437	52
5.53476	52
5.53844	52
5.53844	52
5.53846	52
5.53903	52
5.55049	52
5.55049	52
5.5505	52
5.55053	52
5.55085	52
5.63909	52
5.63909	52
5.63912	52
5.63913	52
5.63913	52
5.63915	52
5.63923	52
5.63934	52
5.63958	52
5.6435	52
5.64351	52
5.64424	52
5.664	52
5.66401	52
5.66401	52
5.66401	52
5.66403	52
5.66403	52
5.66435	52
5.66524	52
5.66524	52
5.66525	52
5.6654	52
5.70014	52
5.70014	52
5.70015	52
5.70016	52
5.70016	52
5.70016	52
5.70017	52
5.70023	52
5.70206	52
5.73221	52
5.73221	52
5.73221	52
5.73221	52
5.73221	52
5.73222	52
5.73238	52
5.73259	52
5.74895	52
5.74896	52
5.74896	52
5.74897	52
5.74899	52
5.81672	52
5.81672	52
5.81673	52
5.81674	52
5.81675	52
5.81675	52
5.81677	52
5.81682	52
5.81683	52
5.81733	52
5.86113	52
5.86114	52
5.86114	52
5.86115	52
5.86115	52
5.86118	52
5.86119	52
5.86127	52
5.87161	52
5.87163	52
5.87164	52
5.87165	52
5.8765	52
5.87651	52
5.87653	52
5.88687	52
5.88687	52
5.88687	52
5.88687	52
5.88695	52
5.88698	52
5.88712	52
5.90273	52
5.90273	52
5.90273	52
5.90273	52
5.90274	52
5.90274	52
5.90282	52
5.90282	52
5.90287	52
5.90287	52
5.90289	52
5.9029	52
5.93687	52
5.93687	52
5.93688	52
5.93689	52
5.9369	52
5.93691	52
5.93691	52
5.93692	52
5.93701	52
5.93702	52
5.94029	52
5.94527	52
5.94527	52
5.94529	52
5.94537	52
6.01424	52
6.01424	52
6.01424	52
6.01425	52
6.01429	52
6.01433	52
6.01437	52
6.01536	52
6.01564	52
6.01731	52
6.0204	52
6.02041	52
6.02042	52
6.02046	52
6.02052	52
6.0214	52
6.05319	52
6.05319	52
6.0532	52
6.0532	52
6.05321	52
6.05323	52
6.05324	52
6.05331	52
6.05367	52
6.06348	52
6.06353	52
6.07121	52
6.07121	52
6.07124	52
6.07132	52
6.07135	52
6.07604	52
6.07606	52
6.07613	52
6.11058	52
6.11059	52
6.11059	52
6.11059	52
6.1106	52
6.1106	52
6.11061	52
6.11067	52
6.11209	52
6.11876	52
6.11881	52
6.11894	52
6.11977	52
6.14908	52
6.14908	52
6.14909	52
6.14909	52
6.14909	52
6.14911	52
6.14917	52
6.14983	52
6.17705	52
6.17705	52
6.17705	52
6.17708	52
6.17708	52
6.17708	52
6.17749	52
6.17938	52
6.18145	52
6.18278	52
6.18279	52
6.18282	52
6.18425	52
6.18426	52
6.18454	52
6.21768	52
6.21768	52
6.2177	52
6.2177	52
6.21773	52
6.21774	52
6.21781	52
6.21781	52
6.28178	52
6.28178	52
6.28179	52
6.28179	52
6.28179	52
6.28179	52
6.28179	52
6.28179	52
6.2818	52
6.2818	52
6.28182	52
6.28191	52
6.28241	52
6.28401	52
6.28402	52
6.28402	52
6.28413	52
6.30917	52
6.30918	52
6.30921	52
6.30922	52
6.30923	52
6.30929	52
6.30961	52
6.30984	52
6.32098	52
6.32098	52
6.32101	52
6.32182	52
6.32247	52
6.35105	52
6.35106	52
6.35107	52
6.35107	52
6.35108	52
6.35112	52
6.35114	52
6.35124	52
6.35127	52
6.35367	52
6.35548	52
6.35652	52
6.35653	52
6.35653	52
6.35852	52
6.413	52
6.41301	52
6.41302	52
6.41303	52
6.41305	52
6.41307	52
6.4131	52
6.41436	52
6.41466	52
6.48416	52
6.48417	52
6.48417	52
6.48418	52
6.48418	52
6.48419	52
6.48422	52
6.48422	52
6.48429	52
6.48486	52
6.50644	52
6.50645	52
6.50645	52
6.50654	52
6.50777	52
6.52626	52
6.52627	52
6.52627	52
6.52631	52
6.52631	52
6.52635	52
6.52637	52
6.52696	52
6.52838	52
6.53876	52
6.53876	52
6.53878	52
6.5388	52
6.54033	52
6.56051	52
6.56051	52
6.56052	52
6.56053	52
6.56064	52
6.56107	52
6.56783	52
6.56783	52
6.56784	52
6.56789	52
6.56799	52
6.56911	52
6.57024	52
6.60808	52
6.60809	52
6.60809	52
6.60809	52
6.60809	52
6.60818	52
6.60838	52
6.6084	52
6.60904	52
6.62217	52
6.62218	52
6.62218	52
6.62218	52
6.62223	52
6.62229	52
6.62318	52
6.62557	52
6.62772	52
6.62774	52
6.62777	52
6.6297	52
6.65546	52
6.65546	52
6.65549	52
6.6555	52
6.65557	52
6.65558	52
6.65578	52
6.6558	52
7.23072	52
7.23073	52
7.23078	52
7.23084	52
7.23085	52
7.23086	52
7.23095	52
7.99396	52
7.99396	52
7.99402	52
7.99403	52
7.99414	52
7.99424	52
7.9945	52
8.03485	52
8.03488	52
8.0349	52
8.03495	52
8.03501	52
8.03511	52
8.03511	52
8.03647	52
8.16363	52
8.16364	52
8.16366	52
8.16367	52
8.16367	52
8.16368	52
8.16369	52
8.16397	52
9.025	52
9.02501	52
9.02501	52
9.02502	52
9.02503	52
9.02518	52
9.02521	52
9.02525	52
9.02528	52
9.02657	52
9.02823	52
9.06872	52
9.06873	52
9.06873	52
9.06886	52
9.06887	52
9.0689	52
9.07004	52
9.7606	52
9.7606	52
9.76063	52
9.76064	52
9.76069	52
9.76077	52
9.76126	52
9.93198	52
9.932	52
9.93201	52
9.93204	52
9.93209	52
9.93211	52
9.93216	52
9.93218	52
9.93222	52
9.93263	52
9.93622	52
9.93666	52
9.95684	52
9.95686	52
9.95688	52
9.95691	52
9.95697	52
9.95886	52
10.6459	52
10.6459	52
10.646	52
10.646	52
10.6461	52
10.6461	52
10.6462	52
10.6467	52
10.6486	52
10.6487	52
11.1704	52
11.1704	52
11.1704	52
11.1704	52
11.1704	52
11.1705	52
11.1705	52
11.1791	52
11.1794	52
11.3325	52
11.3325	52
11.3325	52
11.3326	52
11.3326	52
11.3326	52
11.3327	52
11.3327	52
11.3328	52
11.3329	52
12.8097	52
12.8098	52
12.8098	52
12.8098	52
12.8099	52
12.8099	52
12.8103	52
12.8105	52
12.8158	52
12.8169	52
12.9632	52
12.9632	52
12.9632	52
12.9632	52
12.9633	52
12.9633	52
12.9635	52
13.1048	52
13.1048	52
13.1048	52
13.1048	52
13.1048	52
13.1049	52
13.1049	52
13.105	52
13.3882	52
13.3882	52
13.3882	52
13.3882	52
13.3882	52
13.3882	52
13.3882	52
13.3883	52
13.3885	52
13.3886	52
13.4609	52
13.4609	52
13.4609	52
13.4609	52
13.4609	52
13.4609	52
13.461	52
13.4612	52
13.4615	52
13.4644	52
14.1004	52
14.1004	52
14.1004	52
14.1005	52
14.1005	52
14.1006	52
14.1011	52
14.1011	52
14.1018	52
14.6081	52
14.6081	52
14.6081	52
14.6081	52
14.6081	52
14.6081	52
14.6082	52
14.6087	52
14.6088	52
14.7196	52
14.7196	52
14.7197	52
14.7197	52
14.7197	52
14.7198	52
14.7199	52
14.7227	52
14.7233	52
14.7726	52
14.7726	52
14.7726	52
14.7727	52
14.7727	52
14.7727	52
14.7728	52
14.7728	52
14.773	52
14.7743	52
15.3915	52
15.3915	52
15.3915	52
15.3915	52
15.3915	52
15.3916	52
15.3916	52
15.3918	52
15.3937	52
15.3943	52
15.4322	52
15.4322	52
15.4322	52
15.4323	52
15.4323	52
15.4327	52
15.4349	52
15.4967	52
15.4967	52
15.4967	52
15.4967	52
15.4967	52
15.4967	52
15.4967	52
15.4967	52
15.4984	52
17.2253	52
17.2253	52
17.2253	52
17.2253	52
17.2253	52
17.2254	52
17.2255	52
17.2695	52
17.2695	52
17.2695	52
17.2695	52
17.2696	52
17.2696	52
17.2697	52
17.2698	52
17.2698	52
17.27	52
17.8337	52
17.8337	52
17.8338	52
17.8338	52
17.8338	52
17.8338	52
17.834	52
17.9054	52
17.9055	52
17.9055	52
17.9055	52
17.9056	52
17.9056	52
17.9061	52
17.9061	52
17.9103	52
17.9108	52
17.9114	52
18.0669	52
18.0669	52
18.067	52
18.067	52
18.067	52
18.0671	52
18.0671	52
18.0672	52
18.3455	52
18.3456	52
18.3456	52
18.3456	52
18.3456	52
18.3457	52
18.3457	52
18.3465	52
18.3903	52
18.3903	52
18.3903	52
18.3904	52
18.3904	52
18.3904	52
18.3907	52
18.3915	52
18.9081	52
18.9082	52
18.9082	52
18.9082	52
18.9082	52
18.9083	52
18.9084	52
18.9085	52
18.9106	52
18.9108	52
19.0245	52
19.0245	52
19.0245	52
19.0246	52
19.0246	52
19.0246	52
19.0247	52
19.0249	52
19.0265	52
19.1073	52
19.1073	52
19.1073	52
19.1073	52
19.1073	52
19.1074	52
19.1075	52
19.1082	52
19.111	52
19.1117	52
19.5409	52
19.5409	52
19.5409	52
19.5409	52
19.541	52
19.541	52
19.541	52
19.5412	52
19.5414	52
19.8727	52
19.8727	52
19.8727	52
19.8727	52
19.8728	52
19.8728	52
19.8728	52
21.346	52
21.3461	52
21.3461	52
21.3461	52
21.3461	52
21.3462	52
21.3462	52
21.3462	52
21.3464	52
22.2295	52
22.2295	52
22.2295	52
22.2296	52
22.2298	52
22.2298	52
22.23	52
22.2302	52
22.2319	52
22.2329	52
22.9832	52
22.9832	52
22.9832	52
22.9832	52
22.9833	52
22.9833	52
22.9834	52
22.9841	52
22.9869	52
23.1817	52
23.1817	52
23.1818	52
23.1818	52
23.1818	52
23.1819	52
23.182	52
23.1828	52
23.1828	52
23.1877	52
23.1904	52
24.0561	52
24.0561	52
24.0561	52
24.0561	52
24.0562	52
24.0562	52
24.0563	52
24.0567	52
24.0574	52
24.3626	52
24.3626	52
24.3626	52
24.3626	52
24.3626	52
24.3626	52
24.3626	52
24.3627	52
24.3629	52
24.6691	52
24.6691	52
24.6691	52
24.6691	52
24.6692	52
24.6692	52
24.6692	52
25.2773	52
25.2774	52
25.2774	52
25.2774	52
25.2774	52
25.2775	52
25.2776	52
25.2776	52
25.2777	52
25.2789	52
25.279	52
25.2802	52
26.831	52
26.831	52
26.831	52
26.831	52
26.8311	52
26.8311	52
26.8312	52
26.8313	52
26.8336	52
26.8337	52
27.3297	52
27.3298	52
27.3298	52
27.3298	52
27.3298	52
27.3299	52
27.33	52
27.3301	52
27.3302	52
28.6059	52
28.6059	52
28.6059	52
28.6059	52
28.606	52
28.606	52
28.6063	52
29.5731	52
29.5732	52
29.5732	52
29.5732	52
29.5732	52
29.5733	52
29.5734	52
29.576	52
30.7454	52
30.7454	52
30.7455	52
30.7455	52
30.7456	52
30.7456	52
30.7458	52
30.746	52
30.747	52
30.7473	52
30.7483	52
30.9173	52
30.9173	52
30.9173	52
30.9173	52
30.9174	52
30.9175	52
30.9175	52
30.9179	52
30.919	52
30.9207	52
31.6938	52
31.6939	52
31.6939	52
31.6939	52
31.6939	52
31.6939	52
31.694	52
31.694	52
31.6943	52
32.15	52
32.15	52
32.15	52
32.1501	52
32.1501	52
32.1501	52
32.1501	52
32.1502	52
32.6054	52
32.6055	52
32.6055	52
32.6055	52
32.6056	52
32.6056	52
32.6057	52
32.6057	52
32.6071	52
32.6074	52
32.8537	52
32.8537	52
32.8537	52
32.8537	52
32.8538	52
32.8539	52
32.8546	52
33.8311	52
33.8311	52
33.8311	52
33.8311	52
33.8311	52
33.8312	52
33.8314	52
33.8815	52
33.8816	52
33.8816	52
33.8817	52
33.8817	52
33.8817	52
33.8819	52
33.8819	52
33.882	52
33.8832	52
33.8832	52
33.8834	52
33.8909	52
33.8915	52
33.892	52
33.8996	52
33.9037	52
33.9045	52
33.9046	52
34.2739	52
34.2739	52
34.2739	52
34.2739	52
34.2739	52
34.2739	52
34.274	52
34.2742	52
34.2745	52
34.2748	52
34.2766	52
34.3631	52
34.3631	52
34.3631	52
34.3631	52
34.3632	52
34.3633	52
34.3637	52
35.0947	52
35.0948	52
35.0948	52
35.0948	52
35.0948	52
35.0948	52
35.0949	52
35.0951	52
35.0956	52
35.0969	52
35.0998	52
35.1001	52
35.101	52
35.1012	52
35.5723	52
35.5723	52
35.5723	52
35.5724	52
35.5724	52
35.5725	52
35.5726	52
35.5732	52
35.5734	52
35.5735	52
35.5736	52
36.1112	52
36.1113	52
36.1113	52
36.1114	52
36.1114	52
36.1114	52
36.1115	52
36.1118	52
36.1133	52
36.4477	52
36.4477	52
36.4477	52
36.4477	52
36.4477	52
36.4477	52
36.4478	52
37.4438	52
37.4438	52
37.4438	52
37.4438	52
37.4439	52
37.4441	52
37.4441	52
37.4446	52
37.6818	52
37.6818	52
37.6818	52
37.6818	52
37.6819	52
37.6819	52
37.682	52
37.6822	52
37.6822	52
37.6855	52
38.5723	52
38.5723	52
38.5723	52
38.5723	52
38.5723	52
38.5724	52
38.5724	52
38.5725	52
38.5747	52
38.5856	52
38.586	52
38.5892	52
39.1014	52
39.1014	52
39.1014	52
39.1015	52
39.1015	52
39.1015	52
39.1021	52
39.5624	52
39.5625	52
39.5625	52
39.5626	52
39.5627	52
39.5627	52
39.5627	52
39.5628	52
39.5628	52
39.7905	52
39.7905	52
39.7905	52
39.7906	52
39.7907	52
39.7907	52
39.791	52
39.7913	52
40.6577	52
40.6577	52
40.6577	52
40.6578	52
40.6578	52
40.658	52
40.6581	52
40.6581	52
40.6588	52
40.6621	52
41.2544	52
41.2544	52
41.2544	52
41.2545	52
41.2546	52
41.2546	52
41.2546	52
41.2563	52
41.257	52
41.5496	52
41.5496	52
41.5496	52
41.5496	52
41.5496	52
41.5497	52
41.5499	52
41.8717	52
41.8717	52
41.8718	52
41.8718	52
41.8719	52
41.8719	52
41.8721	52
42.4503	52
42.4504	52
42.4504	52
42.4504	52
42.4504	52
42.4504	52
42.4506	52
42.4507	52
42.4508	52
43.9485	52
43.9485	52
43.9486	52
43.9486	52
43.9488	52
43.9488	52
43.949	52
43.9491	52
43.9497	52
43.9501	52
44.049	52
44.049	52
44.0491	52
44.0491	52
44.0491	52
44.0492	52
44.0492	52
44.0496	52
44.0499	52
44.7108	52
44.7108	52
44.7108	52
44.7109	52
44.7109	52
44.7111	52
44.7113	52
44.7113	52
44.713	52
45.3747	52
45.3747	52
45.3747	52
45.3748	52
45.3748	52
45.3748	52
45.3752	52
45.6082	52
45.6082	52
45.6082	52
45.6082	52
45.6083	52
45.6083	52
45.6085	52
45.6089	52
45.6093	52
45.6117	52
46.0958	52
46.0958	52
46.0958	52
46.0959	52
46.0959	52
46.096	52
46.0961	52
46.317	52
46.3171	52
46.3171	52
46.3171	52
46.3172	52
46.3172	52
46.3172	52
46.3174	52
46.5503	52
46.5503	52
46.5504	52
46.5504	52
46.5504	52
46.5505	52
46.5505	52
46.5506	52
46.5511	52
46.5521	52
46.8033	52
46.8033	52
46.8033	52
46.8033	52
46.8034	52
46.8035	52
46.8035	52
46.8036	52
46.8038	52
47.0567	52
47.0567	52
47.0567	52
47.0567	52
47.0568	52
47.0568	52
47.0568	52
47.0587	52
47.061	52
48.4442	52
48.4442	52
48.4443	52
48.4443	52
48.4443	52
48.4444	52
48.4445	52
48.4472	52
48.4547	52
48.4571	52
48.7583	52
48.7583	52
48.7583	52
48.7584	52
48.7584	52
48.7584	52
48.7586	52
50.2204	52
50.2204	52
50.2204	52
50.2204	52
50.2206	52
50.2206	52
50.2207	52
50.2208	52
50.2222	52
50.2225	52
50.6824	52
50.6824	52
50.6824	52
50.6824	52
50.6825	52
50.6825	52
50.6826	52
50.6827	52
50.6836	52
51.4028	52
51.4028	52
51.4029	52
51.4029	52
51.403	52
51.403	52
51.4033	52
52.3099	52
52.3099	52
52.3099	52
52.3099	52
52.3099	52
52.31	52
52.3103	52
52.3106	52
52.4718	52
52.4718	52
52.4718	52
52.4718	52
52.4718	52
52.4719	52
52.4719	52
52.4719	52
52.4739	52
52.475	52
52.6287	52
52.6287	52
52.6287	52
52.6288	52
52.6288	52
52.6288	52
52.6289	52
52.6291	52
52.6317	52
52.8895	52
52.8895	52
52.8895	52
52.8896	52
52.8896	52
52.8897	52
52.8897	52
52.9947	52
52.9947	52
52.9947	52
52.9947	52
52.9947	52
52.9947	52
52.9948	52
52.9954	52
52.9956	52
52.9956	52
52.9962	52
53.3777	52
53.3777	52
53.3778	52
53.3778	52
53.3779	52
53.3779	52
53.3781	52
53.8509	52
53.8509	52
53.851	52
53.851	52
53.851	52
53.851	52
53.851	52
53.8511	52
53.8978	52
53.8978	52
53.8978	52
53.8978	52
53.8978	52
53.8979	52
53.8981	52
53.8982	52
53.8982	52
53.9767	52
53.9767	52
53.9768	52
53.9768	52
53.9768	52
53.977	52
53.977	52
53.9771	52
54.0884	52
54.0884	52
54.0884	52
54.0884	52
54.0884	52
54.0884	52
54.0886	52
54.089	52
54.0891	52
54.0903	52
54.3574	52
54.3574	52
54.3574	52
54.3574	52
54.3574	52
54.3575	52
54.3578	52
54.358	52
54.3581	52
54.3583	52
54.5557	52
54.5557	52
54.5557	52
54.5558	52
54.5558	52
54.5558	52
54.5562	52
54.5573	52
54.5593	52
56.1423	52
56.1423	52
56.1423	52
56.1424	52
56.1424	52
56.1424	52
56.1433	52
56.1436	52
56.1455	52
56.2125	52
56.2125	52
56.2125	52
56.2125	52
56.2126	52
56.2126	52
56.2127	52
56.2189	52
56.2204	52
56.5691	52
56.5691	52
56.5691	52
56.5692	52
56.5693	52
56.5693	52
56.5693	52
56.5697	52
56.5756	52
56.5784	52
56.7239	52
56.7239	52
56.724	52
56.7241	52
56.7241	52
56.7242	52
56.7243	52
56.7244	52
58.3771	52
58.3771	52
58.3771	52
58.3772	52
58.3772	52
58.3773	52
58.3774	52
58.3777	52
58.3798	52
58.3808	52
58.381	52
58.44	52
58.4401	52
58.4401	52
58.4401	52
58.4401	52
58.4402	52
58.4402	52
60.2435	52
60.2436	52
60.2436	52
60.2436	52
60.2438	52
60.2438	52
60.2438	52
60.2439	52
60.7854	52
60.7854	52
60.7855	52
60.7855	52
60.7856	52
60.7856	52
60.7857	52
60.7873	52
61.9174	52
61.9174	52
61.9174	52
61.9174	52
61.9175	52
61.9175	52
61.9182	52
61.9215	52
62.0183	52
62.0183	52
62.0184	52
62.0184	52
62.0184	52
62.0184	52
62.0184	52
62.0185	52
62.0191	52
62.0214	52
62.1914	52
62.1914	52
62.1914	52
62.1914	52
62.1915	52
62.1915	52
62.1916	52
62.1917	52
62.1922	52
63.0111	52
63.0111	52
63.0112	52
63.0112	52
63.0112	52
63.0114	52
63.0116	52
63.0116	52
63.0116	52
63.0116	52
63.014	52
63.3118	52
63.3118	52
63.3118	52
63.3119	52
63.3119	52
63.3119	52
63.3123	52
63.3143	52
63.3144	52
63.8029	52
63.8029	52
63.8029	52
63.8029	52
63.803	52
63.803	52
63.8031	52
63.8037	52
63.8058	52
63.8063	52
64.5131	52
64.5131	52
64.5131	52
64.5131	52
64.5132	52
64.5132	52
64.5134	52
64.5135	52
64.5179	52
64.518	52
64.6051	52
64.6051	52
64.6051	52
64.6052	52
64.6052	52
64.6052	52
64.6053	52
64.6061	52
64.6062	52
64.7473	52
64.7473	52
64.7473	52
64.7473	52
64.7474	52
64.7475	52
64.7476	52
64.7492	52
64.7495	52
64.7527	52
64.9522	52
64.9523	52
64.9523	52
64.9523	52
64.9523	52
64.9524	52
64.9524	52
64.9525	52
64.9537	52
65.1786	52
65.1787	52
65.1787	52
65.1787	52
65.1787	52
65.1788	52
65.1789	52
65.179	52
65.1792	52
65.2366	52
65.2366	52
65.2367	52
65.2367	52
65.2368	52
65.2368	52
65.2369	52
65.578	52
65.578	52
65.578	52
65.578	52
65.5781	52
65.5782	52
65.5783	52
65.5783	52
65.5784	52
65.5803	52
65.5901	52
65.5901	52
66.1218	52
66.1218	52
66.1219	52
66.1219	52
66.1219	52
66.122	52
66.122	52
66.1221	52
66.1242	52
66.1244	52
66.1297	52
66.5495	52
66.5495	52
66.5495	52
66.5495	52
66.5496	52
66.5496	52
66.5499	52
66.5501	52
66.5506	52
66.5521	52
68.1929	52
68.1929	52
68.1929	52
68.193	52
68.193	52
68.1931	52
68.1933	52
68.194	52
68.1953	52
68.5267	52
68.5267	52
68.5267	52
68.5268	52
68.5269	52
68.5271	52
68.5273	52
68.5287	52
68.53	52
68.6038	52
68.6038	52
68.6038	52
68.6038	52
68.6039	52
68.6039	52
68.6039	52
68.6047	52
68.6071	52
69.6694	52
69.6694	52
69.6694	52
69.6695	52
69.6695	52
69.6696	52
69.6697	52
69.6701	52
69.6703	52
70.1467	52
70.1467	52
70.1468	52
70.1468	52
70.1468	52
70.1469	52
70.1471	52
70.1479	52
70.1502	52
70.3774	52
70.3775	52
70.3775	52
70.3775	52
70.3775	52
70.3775	52
70.3779	52
70.8424	52
70.8424	52
70.8425	52
70.8425	52
70.8425	52
70.8425	52
70.8426	52
70.8426	52
70.8431	52
70.8436	52
71.1366	52
71.1366	52
71.1366	52
71.1367	52
71.1367	52
71.1368	52
71.1371	52
71.2832	52
71.2832	52
71.2832	52
71.2833	52
71.2833	52
71.2834	52
71.2836	52
71.284	52
72.1375	52
72.1375	52
72.1376	52
72.1376	52
72.1376	52
72.1376	52
72.1379	52
72.324	52
72.324	52
72.324	52
72.3241	52
72.3241	52
72.3241	52
72.3241	52
72.3247	52
72.3247	52
72.3251	52
72.3256	52
72.7034	52
72.7034	52
72.7034	52
72.7034	52
72.7035	52
72.7036	52
72.7037	52
72.7038	52
72.7039	52
72.7039	52
72.9605	52
72.9605	52
72.9605	52
72.9605	52
72.9606	52
72.9607	52
72.9608	52
72.9612	52
72.9612	52
72.9658	52
73.1753	52
73.1754	52
73.1754	52
73.1754	52
73.1754	52
73.1755	52
73.176	52
73.8254	52
73.8255	52
73.8255	52
73.8255	52
73.8255	52
73.8258	52
73.8259	52
73.826	52
74.1659	52
74.1659	52
74.166	52
74.166	52
74.166	52
74.166	52
74.1661	52
74.1667	52
74.1675	52
74.1712	52
74.3039	52
74.3039	52
74.3039	52
74.3039	52
74.3039	52
74.304	52
74.304	52
74.3044	52
74.3107	52
74.3112	52
74.8068	52
74.8069	52
74.8069	52
74.8069	52
74.8069	52
74.807	52
74.8072	52
74.8072	52
74.8078	52
74.9063	52
74.9064	52
74.9064	52
74.9064	52
74.9064	52
74.9065	52
74.9065	52
76.0388	52
76.0388	52
76.0389	52
76.0389	52
76.0389	52
76.0389	52
76.039	52
76.0391	52
76.4525	52
76.4526	52
76.4526	52
76.4526	52
76.4526	52
76.4527	52
76.4527	52
76.4534	52
77.1331	52
77.1331	52
77.1331	52
77.1332	52
77.1332	52
77.1333	52
77.1334	52
77.1339	52
77.1343	52
77.1343	52
77.1349	52
77.7407	52
77.7407	52
77.7407	52
77.7407	52
77.7408	52
77.7409	52
77.7409	52
77.7438	52
77.7443	52
79.2116	52
79.2116	52
79.2117	52
79.2117	52
79.2117	52
79.2118	52
79.2118	52
79.2137	52
79.2192	52
79.2196	52
80.2771	52
80.2771	52
80.2771	52
80.2771	52
80.2771	52
80.2772	52
80.2773	52
80.2775	52
80.2775	52
80.4969	52
80.4969	52
80.497	52
80.497	52
80.497	52
80.497	52
80.4971	52
80.4989	52
80.5002	52
81.1154	52
81.1154	52
81.1154	52
81.1154	52
81.1154	52
81.1155	52
81.1155	52
81.1155	52
81.1156	52
81.1735	52
81.1735	52
81.1735	52
81.1736	52
81.1736	52
81.1737	52
81.1737	52
81.1756	52
81.1781	52
81.2233	52
81.2234	52
81.2234	52
81.2234	52
81.2236	52
81.2236	52
81.2236	52
81.2251	52
81.2255	52
81.9053	52
81.9053	52
81.9053	52
81.9054	52
81.9055	52
81.9056	52
81.9057	52
81.9062	52
81.9097	52
81.9752	52
81.9752	52
81.9752	52
81.9752	52
81.9753	52
81.9753	52
81.9755	52
82.1726	52
82.1726	52
82.1726	52
82.1727	52
82.1728	52
82.1729	52
82.1731	52
82.345	52
82.345	52
82.3451	52
82.3451	52
82.3451	52
82.3451	52
82.3452	52
82.3452	52
82.3454	52
82.765	52
82.765	52
82.765	52
82.765	52
82.7651	52
82.7651	52
82.7653	52
82.7657	52
82.766	52
82.7669	52
83.514	52
83.514	52
83.514	52
83.5141	52
83.5142	52
83.5142	52
83.5143	52
83.5154	52
83.5155	52
83.5155	52
83.5709	52
83.571	52
83.571	52
83.571	52
83.571	52
83.5711	52
83.5711	52
84.3407	52
84.3407	52
84.3407	52
84.3408	52
84.3408	52
84.3408	52
84.3408	52
84.3409	52
84.3414	52
84.3414	52
84.6641	52
84.6641	52
84.6641	52
84.6642	52
84.6642	52
84.6642	52
84.6643	52
84.6656	52
84.6671	52
84.6676	52
85.2663	52
85.2663	52
85.2663	52
85.2663	52
85.2664	52
85.2664	52
85.2664	52
85.2667	52
85.2691	52
86.0975	52
86.0976	52
86.0976	52
86.0976	52
86.0976	52
86.0977	52
86.0978	52
86.0979	52
86.0994	52
86.3741	52
86.3741	52
86.3741	52
86.3742	52
86.3742	52
86.3743	52
86.3744	52
86.3746	52
86.3751	52
86.558	52
86.558	52
86.558	52
86.558	52
86.5581	52
86.5581	52
86.5583	52
87.6666	52
87.6666	52
87.6666	52
87.6666	52
87.6667	52
87.6667	52
87.6667	52
87.6668	52
87.667	52
88.3508	52
88.3508	52
88.3508	52
88.3509	52
88.351	52
88.351	52
88.3511	52
88.352	52
89.0222	52
89.0222	52
89.0222	52
89.0222	52
89.0223	52
89.0223	52
89.0223	52
89.0225	52
89.0228	52
89.0228	52
89.0275	52
89.0278	52
89.2363	52
89.2363	52
89.2364	52
89.2364	52
89.2365	52
89.2365	52
89.2366	52
89.5787	52
89.5788	52
89.5788	52
89.5788	52
89.5788	52
89.5788	52
89.579	52
89.5793	52
90.1153	52
90.1154	52
90.1154	52
90.1154	52
90.1154	52
90.1155	52
90.1155	52
90.1159	52
90.1179	52
90.1186	52
90.4095	52
90.4096	52
90.4096	52
90.4096	52
90.4096	52
90.4098	52
90.4099	52
90.7644	52
90.7644	52
90.7644	52
90.7644	52
90.7645	52
90.7647	52
90.7651	52
90.7653	52
90.812	52
90.812	52
90.812	52
90.812	52
90.8121	52
90.8121	52
90.8121	52
90.8126	52
90.813	52
90.8138	52
91.3689	52
91.3689	52
91.3689	52
91.3689	52
91.3689	52
91.3689	52
91.3692	52
91.3693	52
91.3743	52
92.9091	52
92.9092	52
92.9092	52
92.9092	52
92.9093	52
92.9095	52
92.9098	52
92.9494	52
92.9494	52
92.9495	52
92.9495	52
92.9495	52
92.9495	52
92.9497	52
92.952	52
93.2446	52
93.2446	52
93.2446	52
93.2447	52
93.2447	52
93.2447	52
93.2453	52
93.2455	52
93.2456	52
93.2495	52
93.2496	52
93.2503	52
93.3799	52
93.38	52
93.38	52
93.38	52
93.38	52
93.38	52
93.38	52
93.7238	52
93.7238	52
93.7239	52
93.7239	52
93.7239	52
93.7239	52
93.7242	52
93.7256	52
93.7882	52
93.7883	52
93.7883	52
93.7883	52
93.7884	52
93.7885	52
93.7885	52
93.7885	52
93.7888	52
93.7907	52
94.3488	52
94.3488	52
94.3488	52
94.3489	52
94.3489	52
94.3489	52
94.3489	52
94.3498	52
94.3504	52
94.3505	52
94.438	52
94.438	52
94.438	52
94.4381	52
94.4381	52
94.4382	52
94.4385	52
94.4399	52
94.4451	52
94.6118	52
94.6118	52
94.6119	52
94.6119	52
94.6119	52
94.612	52
94.6124	52
94.8956	52
94.8956	52
94.8957	52
94.8957	52
94.8957	52
94.8957	52
94.8958	52
94.8959	52
95.4464	52
95.4464	52
95.4464	52
95.4464	52
95.4465	52
95.4465	52
95.4466	52
95.4466	52
95.4467	52
95.4535	52
95.9475	52
95.9475	52
95.9475	52
95.9475	52
95.9475	52
95.9475	52
95.9476	52
95.9504	52
95.9513	52
96.0266	52
96.0266	52
96.0266	52
96.0266	52
96.0266	52
96.0266	52
96.0267	52
96.0273	52
96.0279	52
96.0308	52
96.7336	52
96.7336	52
96.7336	52
96.7336	52
96.7336	52
96.7337	52
96.734	52
96.8927	52
96.8927	52
96.8927	52
96.8928	52
96.8928	52
96.8929	52
96.8931	52
96.8932	52
96.8933	52
96.8934	52
96.8988	52
97.4877	52
97.4877	52
97.4877	52
97.4877	52
97.4878	52
97.4878	52
97.4878	52
97.488	52
97.4958	52
97.7448	52
97.7448	52
97.7449	52
97.7449	52
97.7449	52
97.7449	52
97.745	52
97.7456	52
97.7508	52
97.9511	52
97.9511	52
97.9512	52
97.9512	52
97.9513	52
97.9513	52
97.9517	52
97.9517	52
97.9654	52
97.9654	52
97.9659	52
97.9665	52
98.7165	52
98.7165	52
98.7165	52
98.7165	52
98.7166	52
98.7166	52
98.7167	52
98.7168	52
98.717	52
98.7187	52
98.9061	52
98.9061	52
98.9062	52
98.9062	52
98.9063	52
98.9065	52
98.9066	52
98.9079	52
98.9083	52
98.9476	52
98.9476	52
98.9476	52
98.9476	52
98.9476	52
98.9477	52
98.9477	52
98.9485	52
98.9508	52
99.6748	52
99.6748	52
99.6749	52
99.6749	52
99.6749	52
99.6751	52
99.6753	52
99.6767	52
99.6769	52
