5.2128e-12	0
5.53636e-12	1
8.78167e-11	2
2.36838e-10	3
2.49274e-10	4
2.75231e-10	5
5.15884e-10	6
5.62089e-10	7
6.26818e-10	8
6.40401e-10	9
7.0406e-10	10
7.89251e-10	11
8.30614e-10	12
1.01311e-09	13
1.08204e-09	14
1.09314e-09	15
1.10198e-09	16
1.18982e-09	17
1.21807e-09	18
1.30872e-09	19
1.49229e-09	20
1.51842e-09	21
1.58185e-09	22
1.63602e-09	23
1.65921e-09	24
1.69211e-09	25
1.70395e-09	26
1.81141e-09	27
2.3505e-09	28
2.4946e-09	29
2.52337e-09	30
2.53272e-09	31
2.67623e-09	32
2.86957e-09	33
3.46237e-09	34
3.63151e-09	35
3.71922e-09	36
5.10887e-09	37
5.16106e-09	38
5.31035e-09	39
5.49024e-09	40
5.61715e-09	41
6.43455e-09	42
6.48106e-09	43
6.51605e-09	44
8.73565e-09	44
8.94921e-09	45
9.04976e-09	45
9.15119e-09	46
1.01913e-08	46
1.08296e-08	47
1.08425e-08	47
1.1787e-08	48
1.27207e-08	48
1.54224e-08	49
1.80615e-08	49
1.8947e-08	49
2.36705e-08	50
2.36744e-08	51
2.46456e-08	52
2.55016e-08	52
2.71293e-08	52
2.73595e-08	52
3.22923e-08	52
3.50293e-08	52
3.56901e-08	52
3.79678e-08	52
3.86416e-08	52
4.17176e-08	52
4.66458e-08	52
5.1444e-08	52
5.98152e-08	52
6.10881e-08	52
6.38973e-08	52
6.60396e-08	52
7.25439e-08	52
7.71944e-08	52
7.86483e-08	52
8.16879e-08	52
8.37661e-08	52
9.35998e-08	52
9.95685e-08	52
1.01442e-07	52
1.06754e-07	52
1.07923e-07	52
1.10414e-07	52
1.1088e-07	52
1.12456e-07	52
1.15016e-07	52
1.18622e-07	52
1.21732e-07	52
1.31623e-07	52
1.34624e-07	52
1.35188e-07	52
1.40556e-07	52
1.46006e-07	52
1.47104e-07	52
1.48079e-07	52
1.48821e-07	52
1.49166e-07	52
1.49869e-07	52
1.51727e-07	52
1.55698e-07	52
1.59197e-07	52
1.61288e-07	52
1.61344e-07	52
1.68266e-07	52
1.70966e-07	52
1.76901e-07	52
1.77167e-07	52
1.80636e-07	52
1.89092e-07	52
1.90508e-07	52
1.95524e-07	52
1.96058e-07	52
1.97544e-07	52
2.06808e-07	52
2.13647e-07	52
2.14034e-07	52
2.14308e-07	52
2.17664e-07	52
2.19223e-07	52
2.26161e-07	52
2.28463e-07	52
2.30265e-07	52
2.32019e-07	52
2.38462e-07	52
2.39235e-07	52
2.3969e-07	52
2.40621e-07	52
2.43735e-07	52
2.44477e-07	52
2.63855e-07	52
2.63893e-07	52
2.67891e-07	52
2.78646e-07	52
2.83873e-07	52
2.88897e-07	52
2.93891e-07	52
2.98136e-07	52
3.01165e-07	52
3.13272e-07	52
3.19481e-07	52
3.42255e-07	52
3.47064e-07	52
3.4856e-07	52
3.48646e-07	52
3.77695e-07	52
3.80303e-07	52
3.8581e-07	52
3.9678e-07	52
3.98756e-07	52
4.1402e-07	52
4.1972e-07	52
4.23514e-07	52
4.29465e-07	52
4.30003e-07	52
4.38127e-07	52
4.3941e-07	52
4.44661e-07	52
4.58208e-07	52
4.64691e-07	52
4.74189e-07	52
4.83884e-07	52
4.86523e-07	52
4.86817e-07	52
4.96071e-07	52
4.96139e-07	52
4.97725e-07	52
4.97958e-07	52
5.07208e-07	52
5.09524e-07	52
5.10483e-07	52
5.14062e-07	52
5.18401e-07	52
5.20144e-07	52
5.23965e-07	52
5.24311e-07	52
5.29561e-07	52
5.31311e-07	52
5.34032e-07	52
5.37772e-07	52
5.43177e-07	52
5.45433e-07	52
5.49396e-07	52
5.53543e-07	52
5.63006e-07	52
5.69682e-07	52
5.91814e-07	52
6.01655e-07	52
6.1729e-07	52
6.67387e-07	52
7.05535e-07	52
7.17018e-07	52
7.18982e-07	52
7.22267e-07	52
7.2639e-07	52
7.28131e-07	52
7.34206e-07	52
7.35034e-07	52
7.52401e-07	52
7.61623e-07	52
7.68276e-07	52
7.71777e-07	52
7.73869e-07	52
7.91683e-07	52
7.98238e-07	52
8.01406e-07	52
8.08592e-07	52
8.18042e-07	52
8.20042e-07	52
8.25996e-07	52
8.28335e-07	52
8.30093e-07	52
8.32611e-07	52
8.34502e-07	52
8.42227e-07	52
8.437e-07	52
8.47224e-07	52
8.49366e-07	52
8.62108e-07	52
8.62297e-07	52
8.64337e-07	52
8.69373e-07	52
8.72774e-07	52
8.76143e-07	52
8.91032e-07	52
8.9117e-07	52
8.95655e-07	52
8.97449e-07	52
9.06573e-07	52
9.07176e-07	52
9.15065e-07	52
9.16045e-07	52
9.17946e-07	52
9.18478e-07	52
9.21939e-07	52
9.27327e-07	52
9.32909e-07	52
9.36539e-07	52
9.45065e-07	52
9.46951e-07	52
9.49685e-07	52
9.56716e-07	52
9.65126e-07	52
9.81873e-07	52
9.83974e-07	52
9.8681e-07	52
9.87204e-07	52
9.93673e-07	52
1.00765e-06	52
1.02516e-06	52
1.02933e-06	52
1.03485e-06	52
1.07018e-06	52
1.0799e-06	52
1.08311e-06	52
1.10124e-06	52
1.10448e-06	52
1.13191e-06	52
1.13536e-06	52
1.14259e-06	52
1.14468e-06	52
1.15674e-06	52
1.15926e-06	52
1.16726e-06	52
1.17219e-06	52
1.17361e-06	52
1.18597e-06	52
1.20415e-06	52
1.20717e-06	52
1.22111e-06	52
1.22852e-06	52
1.24021e-06	52
1.24636e-06	52
1.25803e-06	52
1.27127e-06	52
1.27859e-06	52
1.28949e-06	52
1.29262e-06	52
1.293e-06	52
1.2959e-06	52
1.33184e-06	52
1.34153e-06	52
1.34216e-06	52
1.35006e-06	52
1.35353e-06	52
1.35545e-06	52
1.36377e-06	52
1.36531e-06	52
1.41265e-06	52
1.44085e-06	52
1.44191e-06	52
1.46929e-06	52
1.49249e-06	52
1.49967e-06	52
1.52954e-06	52
1.55113e-06	52
1.56178e-06	52
1.58668e-06	52
1.59199e-06	52
1.62171e-06	52
1.62394e-06	52
1.64519e-06	52
1.66347e-06	52
1.70999e-06	52
1.72504e-06	52
1.72511e-06	52
1.72668e-06	52
1.73945e-06	52
1.76819e-06	52
1.77004e-06	52
1.78888e-06	52
1.80161e-06	52
1.82399e-06	52
1.87243e-06	52
1.87293e-06	52
1.93022e-06	52
1.94921e-06	52
1.94939e-06	52
2.00903e-06	52
2.02777e-06	52
2.02997e-06	52
2.03008e-06	52
2.0698e-06	52
2.08967e-06	52
2.09304e-06	52
2.09315e-06	52
2.10721e-06	52
2.18892e-06	52
2.21786e-06	52
2.21802e-06	52
2.22905e-06	52
2.22937e-06	52
2.23096e-06	52
2.36927e-06	52
2.37778e-06	52
2.39597e-06	52
2.45959e-06	52
2.49255e-06	52
2.52155e-06	52
2.5905e-06	52
2.64773e-06	52
2.69422e-06	52
2.70575e-06	52
2.71778e-06	52
2.72574e-06	52
2.74713e-06	52
2.79932e-06	52
2.79972e-06	52
2.84047e-06	52
2.84125e-06	52
2.93219e-06	52
2.95482e-06	52
2.97668e-06	52
3.04358e-06	52
3.0476e-06	52
3.10223e-06	52
3.11847e-06	52
3.15171e-06	52
3.1777e-06	52
3.19847e-06	52
3.21417e-06	52
3.23258e-06	52
3.24668e-06	52
3.25413e-06	52
3.2973e-06	52
3.37193e-06	52
3.44314e-06	52
3.45597e-06	52
3.48992e-06	52
3.51965e-06	52
3.65602e-06	52
3.66771e-06	52
3.6791e-06	52
3.6856e-06	52
3.70713e-06	52
3.75249e-06	52
3.79191e-06	52
3.82768e-06	52
3.85945e-06	52
3.89363e-06	52
3.98316e-06	52
4.01597e-06	52
4.07294e-06	52
4.08854e-06	52
4.4495e-06	52
4.54532e-06	52
4.58828e-06	52
4.60416e-06	52
4.62503e-06	52
4.64065e-06	52
4.65988e-06	52
4.69346e-06	52
4.71456e-06	52
4.7162e-06	52
4.73712e-06	52
4.86044e-06	52
4.87365e-06	52
4.99567e-06	52
5.00059e-06	52
5.17142e-06	52
5.43597e-06	52
5.46499e-06	52
5.61023e-06	52
5.6666e-06	52
5.68454e-06	52
5.79614e-06	52
5.86634e-06	52
5.88546e-06	52
5.90215e-06	52
5.96281e-06	52
6.00123e-06	52
6.05614e-06	52
6.07225e-06	52
6.23964e-06	52
6.28204e-06	52
6.29696e-06	52
6.32439e-06	52
6.35141e-06	52
6.5175e-06	52
6.62469e-06	52
6.67797e-06	52
6.70662e-06	52
6.86544e-06	52
6.99203e-06	52
7.09864e-06	52
7.38322e-06	52
7.70556e-06	52
7.77359e-06	52
7.83243e-06	52
7.85204e-06	52
7.86856e-06	52
7.8871e-06	52
7.90075e-06	52
7.95612e-06	52
8.03548e-06	52
8.08294e-06	52
8.10473e-06	52
8.25442e-06	52
8.28143e-06	52
8.31966e-06	52
8.33159e-06	52
8.3329e-06	52
8.35626e-06	52
8.36518e-06	52
8.44739e-06	52
8.79743e-06	52
8.80913e-06	52
8.94466e-06	52
9.17022e-06	52
9.22885e-06	52
9.26718e-06	52
9.34796e-06	52
9.39341e-06	52
9.43056e-06	52
9.60785e-06	52
9.62534e-06	52
9.71564e-06	52
9.7183e-06	52
9.73667e-06	52
9.8397e-06	52
1.0076e-05	52
1.00795e-05	52
1.01314e-05	52
1.02419e-05	52
1.03049e-05	52
1.04137e-05	52
1.04741e-05	52
1.05934e-05	52
1.05985e-05	52
1.06865e-05	52
1.07604e-05	52
1.1065e-05	52
1.10828e-05	52
1.10998e-05	52
1.12032e-05	52
1.13435e-05	52
1.13444e-05	52
1.13461e-05	52
1.13476e-05	52
1.1624e-05	52
1.17427e-05	52
1.18551e-05	52
1.18972e-05	52
1.19155e-05	52
1.20145e-05	52
1.21489e-05	52
1.22048e-05	52
1.22915e-05	52
1.24155e-05	52
1.27653e-05	52
1.27892e-05	52
1.30091e-05	52
1.30608e-05	52
1.3182e-05	52
1.3199e-05	52
1.33376e-05	52
1.34283e-05	52
1.3476e-05	52
1.35772e-05	52
1.36754e-05	52
1.36841e-05	52
1.37558e-05	52
1.38152e-05	52
1.38196e-05	52
1.40839e-05	52
1.42021e-05	52
1.42244e-05	52
1.42804e-05	52
1.43248e-05	52
1.43365e-05	52
1.43427e-05	52
1.43787e-05	52
1.45743e-05	52
1.46047e-05	52
1.47506e-05	52
1.48182e-05	52
1.49151e-05	52
1.50466e-05	52
1.51617e-05	52
1.52699e-05	52
1.53552e-05	52
1.54116e-05	52
1.54194e-05	52
1.54201e-05	52
1.54449e-05	52
1.557e-05	52
1.56835e-05	52
1.57082e-05	52
1.5807e-05	52
1.58762e-05	52
1.59647e-05	52
1.61343e-05	52
1.62942e-05	52
1.63223e-05	52
1.6355e-05	52
1.67155e-05	52
1.68119e-05	52
1.68254e-05	52
1.68443e-05	52
1.69464e-05	52
1.69677e-05	52
1.71773e-05	52
1.73809e-05	52
1.7545e-05	52
1.76179e-05	52
1.77239e-05	52
1.81231e-05	52
1.82557e-05	52
1.83874e-05	52
1.83914e-05	52
1.85142e-05	52
1.86046e-05	52
1.86323e-05	52
1.86833e-05	52
1.87301e-05	52
1.88808e-05	52
1.89222e-05	52
1.90896e-05	52
1.91691e-05	52
1.94484e-05	52
1.96703e-05	52
1.96822e-05	52
1.9715e-05	52
1.98473e-05	52
1.9908e-05	52
1.99464e-05	52
1.99662e-05	52
2.00439e-05	52
2.0051e-05	52
2.00921e-05	52
2.02696e-05	52
2.04611e-05	52
2.0463e-05	52
2.04919e-05	52
2.05883e-05	52
2.08218e-05	52
2.09387e-05	52
2.11129e-05	52
2.11636e-05	52
2.1212e-05	52
2.12952e-05	52
2.13899e-05	52
2.14349e-05	52
2.14578e-05	52
2.15212e-05	52
2.16672e-05	52
2.17127e-05	52
2.17146e-05	52
2.19584e-05	52
2.19816e-05	52
2.21256e-05	52
2.21531e-05	52
2.21906e-05	52
2.23767e-05	52
2.24653e-05	52
2.26775e-05	52
2.26815e-05	52
2.29902e-05	52
2.30371e-05	52
2.30821e-05	52
2.30831e-05	52
2.31428e-05	52
2.31562e-05	52
2.33538e-05	52
2.3381e-05	52
2.35631e-05	52
2.37319e-05	52
2.38795e-05	52
2.38924e-05	52
2.39329e-05	52
2.39487e-05	52
2.41777e-05	52
2.41857e-05	52
2.42487e-05	52
2.44414e-05	52
2.4493e-05	52
2.45181e-05	52
2.45203e-05	52
2.45881e-05	52
2.46051e-05	52
2.46622e-05	52
2.46744e-05	52
2.47284e-05	52
2.47956e-05	52
2.49827e-05	52
2.52901e-05	52
2.54059e-05	52
2.55366e-05	52
2.56869e-05	52
2.56871e-05	52
2.60409e-05	52
2.60713e-05	52
2.62288e-05	52
2.63029e-05	52
2.65847e-05	52
2.67674e-05	52
2.68125e-05	52
2.68368e-05	52
2.68929e-05	52
2.70773e-05	52
2.71144e-05	52
2.71496e-05	52
2.72411e-05	52
2.74669e-05	52
2.74923e-05	52
2.76528e-05	52
2.76666e-05	52
2.78124e-05	52
2.80071e-05	52
2.80195e-05	52
2.82651e-05	52
2.83153e-05	52
2.83298e-05	52
2.83413e-05	52
2.84122e-05	52
2.88317e-05	52
2.89981e-05	52
2.91979e-05	52
2.92432e-05	52
2.92677e-05	52
2.96135e-05	52
2.96693e-05	52
2.97069e-05	52
2.98598e-05	52
3.01373e-05	52
3.02413e-05	52
3.03917e-05	52
3.07287e-05	52
3.08266e-05	52
3.08439e-05	52
3.08864e-05	52
3.09053e-05	52
3.09695e-05	52
3.10257e-05	52
3.12647e-05	52
3.12931e-05	52
3.13322e-05	52
3.13547e-05	52
3.17054e-05	52
3.17395e-05	52
3.1759e-05	52
3.18346e-05	52
3.18983e-05	52
3.1969e-05	52
3.21105e-05	52
3.29131e-05	52
3.29367e-05	52
3.31767e-05	52
3.32004e-05	52
3.3821e-05	52
3.38245e-05	52
3.40825e-05	52
3.44404e-05	52
3.44808e-05	52
3.44918e-05	52
3.4522e-05	52
3.46006e-05	52
3.46855e-05	52
3.50322e-05	52
3.51134e-05	52
3.51605e-05	52
3.52e-05	52
3.58348e-05	52
3.58717e-05	52
3.58899e-05	52
3.59325e-05	52
3.61542e-05	52
3.64511e-05	52
3.64974e-05	52
3.65139e-05	52
3.6571e-05	52
3.68993e-05	52
3.69026e-05	52
3.70555e-05	52
3.76585e-05	52
3.81722e-05	52
3.83192e-05	52
3.84546e-05	52
3.85977e-05	52
3.87329e-05	52
3.87385e-05	52
3.8771e-05	52
3.88429e-05	52
3.8889e-05	52
3.89491e-05	52
3.90483e-05	52
3.90994e-05	52
3.91877e-05	52
3.93982e-05	52
3.99025e-05	52
3.99848e-05	52
4.01046e-05	52
4.03239e-05	52
4.04745e-05	52
4.04777e-05	52
4.06465e-05	52
4.07409e-05	52
4.08162e-05	52
4.08179e-05	52
4.09026e-05	52
4.09796e-05	52
4.11731e-05	52
4.1195e-05	52
4.14285e-05	52
4.14471e-05	52
4.16483e-05	52
4.16794e-05	52
4.17324e-05	52
4.1768e-05	52
4.17984e-05	52
4.18235e-05	52
4.18415e-05	52
4.23108e-05	52
4.24289e-05	52
4.25332e-05	52
4.26933e-05	52
4.27468e-05	52
4.27784e-05	52
4.29347e-05	52
4.30554e-05	52
4.34727e-05	52
4.36799e-05	52
4.37464e-05	52
4.38124e-05	52
4.38456e-05	52
4.38722e-05	52
4.414e-05	52
4.43447e-05	52
4.44403e-05	52
4.44547e-05	52
4.44992e-05	52
4.45409e-05	52
4.47254e-05	52
4.47296e-05	52
4.47484e-05	52
4.49647e-05	52
4.54335e-05	52
4.54724e-05	52
4.54986e-05	52
4.55294e-05	52
4.56249e-05	52
4.56664e-05	52
4.58671e-05	52
4.62415e-05	52
4.66798e-05	52
4.67022e-05	52
4.67441e-05	52
4.68096e-05	52
4.71381e-05	52
4.72071e-05	52
4.72395e-05	52
4.73186e-05	52
4.73562e-05	52
4.73572e-05	52
4.74195e-05	52
4.75587e-05	52
4.76933e-05	52
4.77796e-05	52
4.84294e-05	52
4.90069e-05	52
4.91991e-05	52
4.9372e-05	52
4.94927e-05	52
4.97717e-05	52
4.99418e-05	52
5.0048e-05	52
5.0396e-05	52
5.04856e-05	52
5.06174e-05	52
5.09097e-05	52
5.0934e-05	52
5.095e-05	52
5.11892e-05	52
5.13112e-05	52
5.15163e-05	52
5.16746e-05	52
5.17143e-05	52
5.17384e-05	52
5.19152e-05	52
5.21464e-05	52
5.24813e-05	52
5.26236e-05	52
5.2696e-05	52
5.27363e-05	52
5.27674e-05	52
5.29695e-05	52
5.31975e-05	52
5.32277e-05	52
5.32536e-05	52
5.34749e-05	52
5.35939e-05	52
5.36635e-05	52
5.41866e-05	52
5.41904e-05	52
5.42156e-05	52
5.43366e-05	52
5.44523e-05	52
5.45584e-05	52
5.46784e-05	52
5.46829e-05	52
5.47644e-05	52
5.53159e-05	52
5.58531e-05	52
5.62756e-05	52
5.64457e-05	52
5.65275e-05	52
5.65376e-05	52
5.68578e-05	52
5.68776e-05	52
5.69846e-05	52
5.70161e-05	52
5.73418e-05	52
5.74437e-05	52
5.75083e-05	52
5.77201e-05	52
5.78022e-05	52
5.78166e-05	52
5.78752e-05	52
5.81125e-05	52
5.82175e-05	52
5.83202e-05	52
5.84184e-05	52
5.861e-05	52
5.86586e-05	52
5.87569e-05	52
5.88767e-05	52
5.88851e-05	52
5.89911e-05	52
5.90759e-05	52
5.93157e-05	52
5.98592e-05	52
6.01846e-05	52
6.06419e-05	52
6.06481e-05	52
6.07237e-05	52
6.08557e-05	52
6.0899e-05	52
6.09281e-05	52
6.09484e-05	52
6.09989e-05	52
6.13387e-05	52
6.13871e-05	52
6.15742e-05	52
6.1712e-05	52
6.17484e-05	52
6.2247e-05	52
6.22702e-05	52
6.24275e-05	52
6.24625e-05	52
6.25156e-05	52
6.25354e-05	52
6.29256e-05	52
6.30774e-05	52
6.31771e-05	52
6.31907e-05	52
6.32012e-05	52
6.32545e-05	52
6.34925e-05	52
6.36747e-05	52
6.40607e-05	52
6.41717e-05	52
6.41864e-05	52
6.44189e-05	52
6.45078e-05	52
6.45933e-05	52
6.46229e-05	52
6.49115e-05	52
6.53735e-05	52
6.55067e-05	52
6.55731e-05	52
6.55874e-05	52
6.56578e-05	52
6.56598e-05	52
6.59693e-05	52
6.62057e-05	52
6.6613e-05	52
6.68197e-05	52
6.71316e-05	52
6.73392e-05	52
6.74631e-05	52
6.76065e-05	52
6.76579e-05	52
6.80083e-05	52
6.80113e-05	52
6.80446e-05	52
6.80846e-05	52
6.80904e-05	52
6.83465e-05	52
6.8585e-05	52
6.87268e-05	52
6.89553e-05	52
6.89877e-05	52
6.90712e-05	52
6.90918e-05	52
6.92738e-05	52
6.95919e-05	52
6.96646e-05	52
7.01227e-05	52
7.06906e-05	52
7.07303e-05	52
7.0798e-05	52
7.08543e-05	52
7.08859e-05	52
7.12162e-05	52
7.14057e-05	52
7.15923e-05	52
7.1747e-05	52
7.17498e-05	52
7.22072e-05	52
7.22122e-05	52
7.22681e-05	52
7.22818e-05	52
7.24768e-05	52
7.27267e-05	52
7.28956e-05	52
7.30012e-05	52
7.30647e-05	52
7.31947e-05	52
7.33793e-05	52
7.34135e-05	52
7.34898e-05	52
7.3656e-05	52
7.37018e-05	52
7.38763e-05	52
7.40024e-05	52
7.5249e-05	52
7.52944e-05	52
7.53453e-05	52
7.53925e-05	52
7.53991e-05	52
7.58239e-05	52
7.58844e-05	52
7.61955e-05	52
7.67768e-05	52
7.68979e-05	52
7.76178e-05	52
7.76384e-05	52
7.78801e-05	52
7.80322e-05	52
7.83369e-05	52
7.84458e-05	52
7.90398e-05	52
7.95522e-05	52
7.99008e-05	52
8.0147e-05	52
8.02931e-05	52
8.0455e-05	52
8.05088e-05	52
8.10077e-05	52
8.13068e-05	52
8.14018e-05	52
8.14327e-05	52
8.1607e-05	52
8.19738e-05	52
8.23358e-05	52
8.28018e-05	52
8.33206e-05	52
8.37692e-05	52
8.37831e-05	52
8.40267e-05	52
8.42222e-05	52
8.45234e-05	52
8.52867e-05	52
8.53833e-05	52
8.54012e-05	52
8.54441e-05	52
8.56723e-05	52
8.57915e-05	52
8.62998e-05	52
8.75062e-05	52
8.77332e-05	52
8.77608e-05	52
8.77849e-05	52
8.79176e-05	52
8.79193e-05	52
8.80888e-05	52
8.84661e-05	52
8.95242e-05	52
8.96653e-05	52
8.98561e-05	52
8.9947e-05	52
9.00785e-05	52
9.08926e-05	52
9.09709e-05	52
9.11116e-05	52
9.14408e-05	52
9.14778e-05	52
9.16779e-05	52
9.17675e-05	52
9.23152e-05	52
9.26532e-05	52
9.32421e-05	52
9.32573e-05	52
9.37476e-05	52
9.40209e-05	52
9.40881e-05	52
9.42044e-05	52
9.45039e-05	52
9.46484e-05	52
9.5174e-05	52
9.58123e-05	52
9.59681e-05	52
9.62194e-05	52
9.63179e-05	52
9.69905e-05	52
9.80366e-05	52
9.80385e-05	52
9.80483e-05	52
9.80864e-05	52
9.83135e-05	52
9.83531e-05	52
9.88111e-05	52
9.89733e-05	52
9.91992e-05	52
9.9668e-05	52
9.97422e-05	52
0.000100151	52
0.000100859	52
0.000100953	52
0.000101027	52
0.00010126	52
0.000101925	52
0.000103065	52
0.000103397	52
0.000104345	52
0.000104403	52
0.000105054	52
0.000105083	52
0.000105462	52
0.000105759	52
0.000106071	52
0.000106575	52
0.000107293	52
0.00010794	52
0.000108019	52
0.00010813	52
0.000108167	52
0.000108363	52
0.000108646	52
0.000108745	52
0.000109097	52
0.000109218	52
0.000109244	52
0.000109799	52
0.000109904	52
0.000110218	52
0.000110342	52
0.000110419	52
0.000110446	52
0.000110905	52
0.000111262	52
0.000111581	52
0.000111593	52
0.000111627	52
0.000112592	52
0.00011291	52
0.000113091	52
0.000113424	52
0.000113661	52
0.000113741	52
0.000113963	52
0.000114423	52
0.000114483	52
0.000114532	52
0.000114575	52
0.000114637	52
0.000115382	52
0.000115422	52
0.000115765	52
0.000116067	52
0.000116107	52
0.000116312	52
0.000116859	52
0.000117017	52
0.000117283	52
0.000117499	52
0.000117558	52
0.000118484	52
0.000118585	52
0.000118881	52
0.000118938	52
0.000119291	52
0.000119292	52
0.000119303	52
0.000119466	52
0.000119487	52
0.000119784	52
0.000120008	52
0.000120956	52
0.000121121	52
0.00012159	52
0.000121852	52
0.000123038	52
0.000123331	52
0.000123356	52
0.000123655	52
0.000124249	52
0.000124323	52
0.000124362	52
0.000124456	52
0.000124684	52
0.000125023	52
0.000125823	52
0.000126002	52
0.000126067	52
0.000126112	52
0.000126131	52
0.000126366	52
0.000126526	52
0.000126536	52
0.000126652	52
0.000126844	52
0.000126994	52
0.000127075	52
0.000128061	52
0.000128881	52
0.000129427	52
0.000130278	52
0.000130717	52
0.000130745	52
0.000131285	52
0.000131298	52
0.000131773	52
0.000131898	52
0.000132254	52
0.000133568	52
0.000133766	52
0.000134654	52
0.000134826	52
0.000134898	52
0.000135077	52
0.000135123	52
0.000135174	52
0.000135615	52
0.000135686	52
0.0001371	52
0.000137182	52
0.000138543	52
0.000139088	52
0.00014099	52
0.000141211	52
0.000141334	52
0.000141412	52
0.000141485	52
0.000142524	52
0.000142613	52
0.000142715	52
0.000142974	52
0.000143454	52
0.000143693	52
0.000143986	52
0.000144038	52
0.000144177	52
0.000144223	52
0.000144391	52
0.000144818	52
0.000145307	52
0.000145826	52
0.000146031	52
0.000146852	52
0.000146876	52
0.000146932	52
0.000147114	52
0.000149013	52
0.000149628	52
0.000150246	52
0.000150282	52
0.000151827	52
0.000151919	52
0.000152472	52
0.000152792	52
0.000153009	52
0.000153604	52
0.000153711	52
0.000154393	52
0.000154852	52
0.000154901	52
0.0001557	52
0.000155722	52
0.000157321	52
0.000157341	52
0.000157401	52
0.000157655	52
0.000158314	52
0.000158689	52
0.000158796	52
0.000160696	52
0.000162134	52
0.000163201	52
0.000163286	52
0.000163836	52
0.000164199	52
0.000164331	52
0.000164677	52
0.000164744	52
0.000164823	52
0.000165068	52
0.00016532	52
0.000166007	52
0.000168161	52
0.000168227	52
0.000168413	52
0.000168876	52
0.000169237	52
0.000170767	52
0.000172322	52
0.000172735	52
0.000173634	52
0.000174851	52
0.000175172	52
0.000175356	52
0.000176841	52
0.000177053	52
0.0001782	52
0.000178985	52
0.000179395	52
0.000179456	52
0.000179601	52
0.00017969	52
0.000180206	52
0.000180764	52
0.000180869	52
0.000181664	52
0.000181846	52
0.000182192	52
0.00018237	52
0.000183826	52
0.000184279	52
0.000184468	52
0.000184751	52
0.000185221	52
0.000185351	52
0.000186054	52
0.000186077	52
0.000188868	52
0.00019127	52
0.000191383	52
0.000191796	52
0.000192536	52
0.000193024	52
0.000193223	52
0.000193227	52
0.000193367	52
0.000194785	52
0.00019684	52
0.000197015	52
0.000197881	52
0.00019805	52
0.000200203	52
0.000201206	52
0.000202405	52
0.000203326	52
0.000203951	52
0.000204042	52
0.000206185	52
0.000206666	52
0.00020677	52
0.000208032	52
0.000208679	52
0.000209531	52
0.00020958	52
0.000210243	52
0.000210458	52
0.000210922	52
0.000211333	52
0.000213422	52
0.000214009	52
0.000214455	52
0.000214726	52
0.000214771	52
0.000216156	52
0.000218009	52
0.000220625	52
0.000220651	52
0.000220816	52
0.000220896	52
0.000222574	52
0.00022332	52
0.00022349	52
0.000223918	52
0.000224739	52
0.000225231	52
0.00022572	52
0.000226078	52
0.000226527	52
0.000226845	52
0.000227487	52
0.000228186	52
0.000228355	52
0.000229448	52
0.000233823	52
0.000233908	52
0.000234396	52
0.000235531	52
0.000235742	52
0.000237065	52
0.000239145	52
0.000240921	52
0.000241044	52
0.000241585	52
0.000242131	52
0.000242313	52
0.000242411	52
0.000243851	52
0.000244193	52
0.000244525	52
0.000244733	52
0.000245186	52
0.000245384	52
0.000246406	52
0.000246635	52
0.00024683	52
0.000246948	52
0.000247076	52
0.000247934	52
0.00024879	52
0.000249602	52
0.000252421	52
0.000253086	52
0.000253122	52
0.000255071	52
0.000256504	52
0.000257384	52
0.000257536	52
0.000258028	52
0.000259506	52
0.00026042	52
0.000262978	52
0.000263411	52
0.000263914	52
0.00026397	52
0.000268572	52
0.000268944	52
0.000269869	52
0.000270687	52
0.000270818	52
0.000270835	52
0.000270965	52
0.000272356	52
0.000273065	52
0.000274012	52
0.000274168	52
0.000275671	52
0.000275784	52
0.000278	52
0.000279619	52
0.000280902	52
0.000282105	52
0.000284236	52
0.000284376	52
0.000284433	52
0.000285869	52
0.000287141	52
0.000289041	52
0.000289632	52
0.000291012	52
0.000291766	52
0.00029234	52
0.000293376	52
0.00029511	52
0.000295912	52
0.000296057	52
0.000298889	52
0.000300638	52
0.000301251	52
0.000302619	52
0.000303049	52
0.000303584	52
0.000303755	52
0.000306094	52
0.00030622	52
0.000307461	52
0.00031125	52
0.000313245	52
0.000315369	52
0.000316074	52
0.000316938	52
0.000321153	52
0.000321554	52
0.000329801	52
0.000330267	52
0.000336612	52
0.000336674	52
0.000337773	52
0.000338002	52
0.000338686	52
0.000339311	52
0.000342043	52
0.000344504	52
0.000346142	52
0.000347133	52
0.000355335	52
0.000355741	52
0.000356439	52
0.000360877	52
0.000361218	52
0.000361267	52
0.000361642	52
0.000363302	52
0.0003641	52
0.000364436	52
0.000368368	52
0.000370831	52
0.00037099	52
0.000374478	52
0.000375849	52
0.000378485	52
0.000379861	52
0.000382546	52
0.000384266	52
0.000387668	52
0.000400151	52
0.000400525	52
0.00040256	52
0.000402642	52
0.000408213	52
0.000408697	52
0.000409731	52
0.000412651	52
0.000416783	52
0.000426916	52
0.000439577	52
0.000440558	52
0.0004426	52
0.000445907	52
0.000451495	52
0.00046186	52
0.000465144	52
0.000468002	52
0.000468007	52
0.000481371	52
0.000482193	52
0.000482448	52
0.000488675	52
0.000489331	52
0.00049884	52
0.000509636	52
0.000510797	52
0.000513408	52
0.000515516	52
0.000516545	52
0.000520631	52
0.000537202	52
0.000537824	52
0.000539417	52
0.000541204	52
0.000545211	52
0.000554308	52
0.000560192	52
0.000568208	52
0.000571745	52
0.000582601	52
0.000584958	52
0.000589287	52
0.000601067	52
0.000602736	52
0.000612363	52
0.000624359	52
0.000626845	52
0.000637902	52
0.00063911	52
0.000684574	52
0.00068539	52
0.000690251	52
0.000699158	52
0.000699499	52
0.000715786	52
0.000717921	52
0.000722637	52
0.00072944	52
0.000750371	52
0.000754299	52
0.000757642	52
0.0007711	52
0.000785475	52
0.000812261	52
0.000838214	52
0.000839232	52
0.000864085	52
0.000911326	52
0.000915842	52
0.00093718	52
0.000945187	52
0.000948757	52
0.000962103	52
0.000966448	52
0.000995102	52
0.00100914	52
0.00102733	52
0.00104006	52
0.00109183	52
0.00109299	52
0.00109344	52
0.00116491	52
0.00131744	52
0.00133965	52
0.00144476	52
0.00190238	52
0.00213711	52
0.00230345	52
0.00391653	52
0.00392535	52
0.00841205	52
0.00847745	52
0.0084808	52
0.00848836	52
0.00851117	52
0.00851169	52
0.00852115	52
0.00852638	52
0.0085373	52
0.0085539	52
0.00856388	52
0.00858062	52
0.00858721	52
0.00862874	52
0.00866348	52
0.00867232	52
0.00867538	52
0.00874096	52
0.00881526	52
0.00882871	52
0.00895885	52
0.00903053	52
0.00924322	52
0.00993598	52
0.0178534	52
0.0178534	52
0.0178535	52
0.0178535	52
0.0178535	52
0.0178536	52
0.0178536	52
0.0178536	52
0.0178536	52
0.0178536	52
0.0178538	52
0.0178538	52
0.0178539	52
0.0178539	52
0.0178539	52
0.0178539	52
0.017854	52
0.017854	52
0.017854	52
0.0178541	52
0.0178541	52
0.0178542	52
0.0178542	52
0.0178542	52
0.0178542	52
0.0178542	52
0.0178547	52
0.0178548	52
0.0178549	52
0.0178549	52
0.0178549	52
0.0178551	52
0.0178551	52
0.0178551	52
0.0178553	52
0.0178553	52
0.0178553	52
0.0178556	52
0.017856	52
0.0178562	52
0.0178562	52
0.0178563	52
0.0178563	52
0.0178565	52
0.0178578	52
0.0178582	52
0.0178584	52
0.0178586	52
0.0178588	52
0.0178589	52
0.0178589	52
0.0178596	52
0.0178598	52
0.0178603	52
0.0178605	52
0.0178608	52
0.0178608	52
0.0178612	52
0.0178623	52
0.0178626	52
0.0178636	52
0.0178751	52
0.017879	52
0.0178791	52
0.0179394	52
0.0179422	52
0.0179575	52
0.0179695	52
0.0179751	52
0.0179771	52
0.0179961	52
0.0180449	52
0.0180781	52
0.0183337	52
0.0186601	52
0.0187285	52
0.0191085	52
0.0194221	52
0.0208421	52
0.0208425	52
0.0208425	52
0.0208426	52
0.0208428	52
0.0208429	52
0.020843	52
0.0208433	52
0.0208436	52
0.0208447	52
0.0208448	52
0.0208451	52
0.0208464	52
0.0208486	52
0.0208493	52
0.0208514	52
0.0208525	52
0.0208548	52
0.0350829	52
0.0350829	52
0.035083	52
0.0350839	52
0.035084	52
0.0350842	52
0.0350844	52
0.0350845	52
0.0350848	52
0.0350849	52
0.0350855	52
0.0350856	52
0.035086	52
0.0350862	52
0.0350863	52
0.0350867	52
0.0350889	52
0.0350892	52
0.0350898	52
0.0350926	52
0.035093	52
0.0350933	52
0.0350939	52
0.0350959	52
0.0350985	52
0.0350986	52
0.0351011	52
0.0351028	52
0.0351045	52
0.035106	52
0.0351084	52
0.0351086	52
0.0351091	52
0.0351175	52
0.035118	52
0.0351181	52
0.0351199	52
0.0351219	52
0.0351222	52
0.035124	52
0.0351254	52
0.0351285	52
0.0351289	52
0.0351328	52
0.0351386	52
0.0351426	52
0.035147	52
0.0351498	52
0.0351539	52
0.0351556	52
0.0351563	52
0.0351564	52
0.0351579	52
0.0351608	52
0.0351625	52
0.035167	52
0.0351683	52
0.0351695	52
0.0351731	52
0.0351736	52
0.0351753	52
0.035177	52
0.0351812	52
0.035182	52
0.0351859	52
0.0351893	52
0.0351922	52
0.0351973	52
0.0351973	52
0.0352014	52
0.0352087	52
0.0352106	52
0.0352114	52
0.0352144	52
0.0352199	52
0.03522	52
0.0352208	52
0.0352219	52
0.0352261	52
0.0352289	52
0.0352296	52
0.0352437	52
0.0352497	52
0.0352575	52
0.0352593	52
0.0352616	52
0.0352637	52
0.0352658	52
0.0352722	52
0.0352743	52
0.0352752	52
0.0352795	52
0.0352811	52
0.0352847	52
0.0352858	52
0.0352886	52
0.0353041	52
0.0353275	52
0.0353512	52
0.0353625	52
0.0353644	52
0.035366	52
0.0353686	52
0.0353839	52
0.0353841	52
0.0353868	52
0.0353899	52
0.0353978	52
0.0354009	52
0.0354013	52
0.0354091	52
0.0354159	52
0.0354175	52
0.0354196	52
0.0354203	52
0.0354288	52
0.0354342	52
0.0354505	52
0.035471	52
0.0354753	52
0.0355278	52
0.0355424	52
0.0355848	52
0.035635	52
0.0356524	52
0.0356632	52
0.0356859	52
0.0356982	52
0.0357159	52
0.0357276	52
0.0357535	52
0.0358427	52
0.0358443	52
0.0358552	52
0.0358696	52
0.0358847	52
0.0358856	52
0.0359092	52
0.0359302	52
0.0359319	52
0.0359712	52
0.0360122	52
0.0360188	52
0.036076	52
0.0360873	52
0.0361675	52
0.0362113	52
0.0362257	52
0.0364989	52
0.0365045	52
0.0365078	52
0.0369287	52
0.036935	52
0.0372681	52
0.050219	52
0.0502191	52
0.0502191	52
0.0502191	52
0.0502192	52
0.0502192	52
0.0502192	52
0.0502193	52
0.0502193	52
0.0502193	52
0.0502193	52
0.0502193	52
0.0502194	52
0.0502194	52
0.0502195	52
0.0502195	52
0.0502195	52
0.0502197	52
0.0502197	52
0.0502198	52
0.0502199	52
0.05022	52
0.05022	52
0.0502201	52
0.0502201	52
0.0502202	52
0.0502203	52
0.0502203	52
0.0502203	52
0.0502203	52
0.0502204	52
0.0502204	52
0.0502206	52
0.0502207	52
0.0502208	52
0.0502209	52
0.0502209	52
0.050221	52
0.050221	52
0.050221	52
0.050221	52
0.0502211	52
0.0502212	52
0.0502212	52
0.0502213	52
0.0502213	52
0.0502213	52
0.0502214	52
0.0502214	52
0.0502216	52
0.0502217	52
0.0502218	52
0.0502218	52
0.050222	52
0.0502223	52
0.0502223	52
0.0502225	52
0.0502226	52
0.0502228	52
0.0502228	52
0.0502228	52
0.050223	52
0.0502232	52
0.0502234	52
0.0502234	52
0.0502235	52
0.0502235	52
0.050224	52
0.0502241	52
0.0502247	52
0.0502252	52
0.0502258	52
0.0502263	52
0.0502266	52
0.0502267	52
0.0502269	52
0.0502269	52
0.0502273	52
0.0502276	52
0.050228	52
0.0502295	52
0.0502295	52
0.0502297	52
0.05023	52
0.0502327	52
0.0502328	52
0.0502332	52
0.0502343	52
0.0502345	52
0.0502369	52
0.0502444	52
0.0502489	52
0.050251	52
0.0502519	52
0.050289	52
0.0503108	52
0.0503167	52
0.050324	52
0.0503557	52
0.0503645	52
0.0503823	52
0.0503881	52
0.0504225	52
0.0504528	52
0.0504749	52
0.0505943	52
0.0505978	52
0.0506368	52
0.0510352	52
0.0510744	52
0.0512697	52
0.051459	52
0.0518549	52
0.0518672	52
0.0629407	52
0.0629409	52
0.062941	52
0.0629414	52
0.0629417	52
0.0629419	52
0.0629423	52
0.0629428	52
0.0629432	52
0.0629432	52
0.0629432	52
0.0629477	52
0.0629653	52
0.0630179	52
0.0632623	52
0.0743895	52
0.0743895	52
0.0743898	52
0.0743899	52
0.07439	52
0.0743902	52
0.0743903	52
0.0743905	52
0.0743908	52
0.0743911	52
0.0743915	52
0.0743916	52
0.074392	52
0.074392	52
0.0743921	52
0.0743926	52
0.0743927	52
0.0743928	52
0.074393	52
0.0743933	52
0.0743934	52
0.0743937	52
0.0743943	52
0.074396	52
0.0743965	52
0.0743976	52
0.0743997	52
0.0744003	52
0.0744203	52
0.0744211	52
0.0744346	52
0.0744923	52
0.0745232	52
0.0745464	52
0.0745884	52
0.0745934	52
0.0746231	52
0.0746359	52
0.0746567	52
0.0746783	52
0.0747048	52
0.0747265	52
0.0749527	52
0.0754468	52
0.0881642	52
0.0881645	52
0.0881646	52
0.0881659	52
0.0881679	52
0.0881682	52
0.0881685	52
0.0881709	52
0.0881753	52
0.0881762	52
0.0881775	52
0.0881807	52
0.0881817	52
0.0881899	52
0.0882068	52
0.0882126	52
0.0882227	52
0.0882363	52
0.0882521	52
0.0882642	52
0.0882838	52
0.089698	52
0.0898038	52
0.0898122	52
0.0900153	52
0.0938684	52
0.0945282	52
0.0950013	52
0.0950034	52
0.108344	52
0.108345	52
0.108345	52
0.108345	52
0.108346	52
0.108346	52
0.108347	52
0.108349	52
0.10835	52
0.10835	52
0.108359	52
0.108366	52
0.113626	52
0.113626	52
0.113627	52
0.113627	52
0.113627	52
0.113628	52
0.113629	52
0.113629	52
0.11363	52
0.113631	52
0.113636	52
0.113639	52
0.113641	52
0.113704	52
0.113804	52
0.113813	52
0.113814	52
0.114927	52
0.11493	52
0.114934	52
0.114939	52
0.11495	52
0.115575	52
0.122385	52
0.122387	52
0.122387	52
0.122387	52
0.122387	52
0.122412	52
0.122444	52
0.122652	52
0.122652	52
0.122653	52
0.122657	52
0.122678	52
0.147281	52
0.147281	52
0.147282	52
0.147283	52
0.147283	52
0.147284	52
0.147284	52
0.147285	52
0.147285	52
0.147285	52
0.147286	52
0.147288	52
0.147288	52
0.147288	52
0.147288	52
0.147289	52
0.14729	52
0.147301	52
0.147352	52
0.147966	52
0.150111	52
0.150125	52
0.150185	52
0.150429	52
0.150431	52
0.150431	52
0.150436	52
0.150453	52
0.153997	52
0.154	52
0.154003	52
0.154016	52
0.15402	52
0.161138	52
0.16114	52
0.161152	52
0.161153	52
0.161153	52
0.161189	52
0.162715	52
0.162736	52
0.162738	52
0.162739	52
0.162801	52
0.178427	52
0.178427	52
0.17843	52
0.178433	52
0.178444	52
0.178449	52
0.17855	52
0.178984	52
0.179017	52
0.179234	52
0.184343	52
0.184343	52
0.184345	52
0.184346	52
0.184347	52
0.184356	52
0.184451	52
0.192763	52
0.192766	52
0.192766	52
0.192767	52
0.192767	52
0.192767	52
0.192793	52
0.192832	52
0.193138	52
0.202804	52
0.202804	52
0.20281	52
0.202898	52
0.206879	52
0.206889	52
0.206897	52
0.206899	52
0.217121	52
0.217132	52
0.217134	52
0.217138	52
0.217147	52
0.217226	52
0.218057	52
0.220946	52
0.22735	52
0.227352	52
0.227355	52
0.227373	52
0.22745	52
0.24022	52
0.240221	52
0.240222	52
0.240228	52
0.240229	52
0.240234	52
0.240245	52
0.240275	52
0.249017	52
0.249017	52
0.249019	52
0.249025	52
0.249028	52
0.249098	52
0.265754	52
0.265756	52
0.26576	52
0.265765	52
0.265769	52
0.265867	52
0.271705	52
0.271706	52
0.271727	52
0.272753	52
0.272765	52
0.272767	52
0.272801	52
0.273531	52
0.295824	52
0.295828	52
0.295828	52
0.29583	52
0.295832	52
0.295835	52
0.295836	52
0.29599	52
0.297556	52
0.297566	52
0.29759	52
0.29822	52
0.298374	52
0.301865	52
0.301866	52
0.302076	52
0.304505	52
0.304506	52
0.304511	52
0.304518	52
0.304567	52
0.309659	52
0.309667	52
0.309669	52
0.309677	52
0.347147	52
0.347147	52
0.347148	52
0.347148	52
0.34715	52
0.34715	52
0.34715	52
0.347153	52
0.347153	52
0.347155	52
0.347173	52
0.347176	52
0.34746	52
0.354214	52
0.354221	52
0.354222	52
0.354223	52
0.354231	52
0.360151	52
0.360185	52
0.370408	52
0.370419	52
0.370421	52
0.370425	52
0.370642	52
0.382476	52
0.382476	52
0.382476	52
0.382481	52
0.382482	52
0.382494	52
0.382537	52
0.387221	52
0.387223	52
0.387231	52
0.387232	52
0.387234	52
0.407787	52
0.407788	52
0.40779	52
0.407791	52
0.407792	52
0.407817	52
0.414106	52
0.414107	52
0.414126	52
0.414137	52
0.427202	52
0.427203	52
0.427205	52
0.427208	52
0.427213	52
0.444808	52
0.444808	52
0.444813	52
0.444818	52
0.444823	52
0.444829	52
0.445833	52
0.445836	52
0.445838	52
0.445839	52
0.445843	52
0.445867	52
0.456782	52
0.456783	52
0.456797	52
0.456801	52
0.456828	52
0.463044	52
0.463045	52
0.46305	52
0.463056	52
0.464847	52
0.46485	52
0.464861	52
0.464867	52
0.464877	52
0.46739	52
0.467392	52
0.467394	52
0.467397	52
0.467397	52
0.467425	52
0.46762	52
0.467625	52
0.467652	52
0.467688	52
0.468638	52
0.468639	52
0.46864	52
0.468904	52
0.472922	52
0.472962	52
0.47297	52
0.493802	52
0.493802	52
0.493803	52
0.493804	52
0.493811	52
0.493843	52
0.49647	52
0.496472	52
0.496497	52
0.503996	52
0.503999	52
0.504006	52
0.504016	52
0.504029	52
0.504052	52
0.508071	52
0.50808	52
0.508086	52
0.509664	52
0.509665	52
0.509696	52
0.510097	52
0.513112	52
0.513112	52
0.513115	52
0.513125	52
0.513127	52
0.519494	52
0.519503	52
0.519504	52
0.519504	52
0.519508	52
0.519509	52
0.529068	52
0.529077	52
0.534849	52
0.534854	52
0.534855	52
0.534866	52
0.53487	52
0.534932	52
0.541301	52
0.541979	52
0.541998	52
0.542057	52
0.565386	52
0.56539	52
0.56539	52
0.56539	52
0.565391	52
0.565391	52
0.565395	52
0.565397	52
0.5654	52
0.565413	52
0.567751	52
0.568048	52
0.568052	52
0.568053	52
0.56811	52
0.569471	52
0.569476	52
0.569478	52
0.572714	52
0.572717	52
0.5728	52
0.576369	52
0.57637	52
0.576371	52
0.576671	52
0.581549	52
0.581554	52
0.581652	52
0.594036	52
0.594039	52
0.594063	52
0.60412	52
0.604121	52
0.604125	52
0.604129	52
0.604699	52
0.604703	52
0.609979	52
0.609983	52
0.609992	52
0.610021	52
0.624696	52
0.624698	52
0.624699	52
0.624699	52
0.624701	52
0.624714	52
0.62472	52
0.630202	52
0.630203	52
0.630204	52
0.630206	52
0.630207	52
0.630264	52
0.634277	52
0.634277	52
0.634281	52
0.634282	52
0.634552	52
0.634558	52
0.63457	52
0.634573	52
0.6347	52
0.644156	52
0.644171	52
0.644185	52
0.644375	52
0.646373	52
0.646384	52
0.646396	52
0.646402	52
0.679146	52
0.679148	52
0.679149	52
0.679149	52
0.67915	52
0.67915	52
0.679154	52
0.679155	52
0.679192	52
0.679492	52
0.67955	52
0.689473	52
0.689475	52
0.689476	52
0.689477	52
0.68948	52
0.689497	52
0.689519	52
0.694208	52
0.694212	52
0.694215	52
0.694223	52
0.698943	52
0.698945	52
0.698961	52
0.698963	52
0.709889	52
0.709889	52
0.709892	52
0.709895	52
0.709896	52
0.7099	52
0.709914	52
0.709922	52
0.712001	52
0.712001	52
0.712007	52
0.712018	52
0.718161	52
0.718165	52
0.71817	52
0.72332	52
0.723323	52
0.72334	52
0.723346	52
0.770141	52
0.770142	52
0.770143	52
0.770151	52
0.770151	52
0.770153	52
0.770153	52
0.770154	52
0.770154	52
0.770155	52
0.7743	52
0.774302	52
0.799054	52
0.799056	52
0.799061	52
0.799066	52
0.84444	52
0.844441	52
0.844442	52
0.844442	52
0.844444	52
0.844446	52
0.844447	52
0.844449	52
0.844453	52
0.86079	52
0.86079	52
0.860803	52
0.860835	52
0.86087	52
0.862152	52
0.862154	52
0.872161	52
0.872162	52
0.87217	52
0.872176	52
0.872246	52
0.882672	52
0.882675	52
0.882691	52
0.882768	52
0.896032	52
0.896039	52
0.896039	52
0.896043	52
0.896048	52
0.896055	52
0.896068	52
0.896092	52
0.89886	52
0.898885	52
0.906268	52
0.906273	52
0.906275	52
0.906275	52
0.906286	52
0.906288	52
0.906307	52
0.909632	52
0.909634	52
0.909646	52
0.909661	52
0.909663	52
0.90976	52
0.911967	52
0.936864	52
0.936866	52
0.936866	52
0.936867	52
0.936868	52
0.936871	52
0.936871	52
0.936884	52
0.937204	52
0.942911	52
0.942915	52
0.942925	52
0.943836	52
0.943841	52
0.943874	52
0.944396	52
0.944416	52
0.944437	52
0.94612	52
0.946122	52
0.946331	52
0.948769	52
0.948795	52
0.948802	52
0.950983	52
0.955897	52
0.955899	52
0.9559	52
0.955907	52
0.956075	52
0.956902	52
0.956904	52
0.956937	52
0.95695	52
0.957727	52
0.964744	52
0.964746	52
0.964747	52
0.964747	52
0.96475	52
0.964751	52
0.964842	52
0.966154	52
0.970583	52
0.970585	52
0.970596	52
0.970599	52
0.971269	52
0.971273	52
0.971274	52
0.971306	52
0.977503	52
0.977507	52
0.977513	52
0.97752	52
0.979257	52
0.979267	52
0.979278	52
0.982845	52
0.982849	52
0.982849	52
0.982851	52
0.982882	52
0.994871	52
0.994872	52
0.994875	52
0.994879	52
0.99488	52
0.994882	52
0.994898	52
0.994944	52
1.00954	52
1.00954	52
1.00954	52
1.00955	52
1.00955	52
1.00956	52
1.00964	52
1.00965	52
1.01435	52
1.01436	52
1.01438	52
1.0144	52
1.0172	52
1.01725	52
1.01725	52
1.02288	52
1.02289	52
1.02291	52
1.02292	52
1.02395	52
1.02395	52
1.02396	52
1.02397	52
1.02817	52
1.02819	52
1.02822	52
1.03173	52
1.03173	52
1.03176	52
1.03238	52
1.03238	52
1.03238	52
1.03553	52
1.03553	52
1.03553	52
1.03554	52
1.0356	52
1.03942	52
1.03943	52
1.03944	52
1.03951	52
1.05661	52
1.05661	52
1.05662	52
1.05662	52
1.05663	52
1.07219	52
1.07219	52
1.0722	52
1.0722	52
1.07221	52
1.08163	52
1.08163	52
1.08164	52
1.08167	52
1.09204	52
1.09205	52
1.09666	52
1.09666	52
1.09667	52
1.09667	52
1.09667	52
1.09667	52
1.09668	52
1.09672	52
1.1067	52
1.10777	52
1.12158	52
1.12158	52
1.12158	52
1.12158	52
1.12159	52
1.12162	52
1.12165	52
1.12209	52
1.12209	52
1.12209	52
1.1221	52
1.1221	52
1.1221	52
1.12385	52
1.12386	52
1.12391	52
1.13192	52
1.13193	52
1.13279	52
1.14305	52
1.14305	52
1.14305	52
1.14306	52
1.14308	52
1.14308	52
1.14585	52
1.14586	52
1.14586	52
1.14586	52
1.14586	52
1.14588	52
1.14687	52
1.14691	52
1.14762	52
1.14765	52
1.15075	52
1.15077	52
1.15078	52
1.16009	52
1.16009	52
1.16009	52
1.16013	52
1.16013	52
1.16176	52
1.16179	52
1.16282	52
1.16354	52
1.16355	52
1.16358	52
1.16946	52
1.16947	52
1.16947	52
1.16947	52
1.16947	52
1.16947	52
1.16947	52
1.16947	52
1.19031	52
1.19031	52
1.19032	52
1.19032	52
1.19032	52
1.19033	52
1.19034	52
1.19703	52
1.19703	52
1.19703	52
1.19705	52
1.19705	52
1.21966	52
1.21966	52
1.21966	52
1.21966	52
1.21966	52
1.21967	52
1.21968	52
1.21969	52
1.21971	52
1.22352	52
1.22352	52
1.22603	52
1.22604	52
1.24523	52
1.24523	52
1.24523	52
1.24523	52
1.24523	52
1.24523	52
1.24523	52
1.24524	52
1.2479	52
1.2479	52
1.24791	52
1.24798	52
1.25204	52
1.25205	52
1.25205	52
1.27251	52
1.27251	52
1.27251	52
1.27252	52
1.27252	52
1.27252	52
1.27257	52
1.27664	52
1.27673	52
1.28473	52
1.28825	52
1.29514	52
1.29514	52
1.29515	52
1.29515	52
1.29516	52
1.29517	52
1.29525	52
1.29525	52
1.29526	52
1.29527	52
1.2963	52
1.2963	52
1.29657	52
1.30537	52
1.30537	52
1.30539	52
1.3054	52
1.30541	52
1.32606	52
1.32606	52
1.32606	52
1.32606	52
1.32606	52
1.32607	52
1.32607	52
1.34153	52
1.34153	52
1.34155	52
1.34223	52
1.34223	52
1.34244	52
1.34291	52
1.34291	52
1.34292	52
1.34298	52
1.34973	52
1.34973	52
1.34976	52
1.3522	52
1.36406	52
1.36406	52
1.36407	52
1.36407	52
1.36407	52
1.36407	52
1.36408	52
1.3641	52
1.36481	52
1.36483	52
1.36484	52
1.36488	52
1.38276	52
1.38276	52
1.38276	52
1.38276	52
1.38277	52
1.38277	52
1.3828	52
1.38368	52
1.38368	52
1.3837	52
1.38372	52
1.38859	52
1.3886	52
1.3886	52
1.38862	52
1.40253	52
1.40254	52
1.40256	52
1.40258	52
1.40626	52
1.40627	52
1.40628	52
1.4063	52
1.40987	52
1.4099	52
1.41103	52
1.41108	52
1.41114	52
1.41829	52
1.41829	52
1.4183	52
1.41832	52
1.41832	52
1.42053	52
1.42054	52
1.42055	52
1.42366	52
1.42368	52
1.42376	52
1.42709	52
1.42709	52
1.42709	52
1.42709	52
1.4271	52
1.42711	52
1.42724	52
1.43164	52
1.43165	52
1.43172	52
1.43468	52
1.43468	52
1.43469	52
1.4347	52
1.4347	52
1.47584	52
1.47584	52
1.47584	52
1.47584	52
1.47584	52
1.47584	52
1.47585	52
1.47585	52
1.47585	52
1.47585	52
1.47586	52
1.47586	52
1.47587	52
1.47589	52
1.4825	52
1.49792	52
1.49792	52
1.49792	52
1.49793	52
1.49793	52
1.51596	52
1.51596	52
1.51596	52
1.51596	52
1.51596	52
1.51597	52
1.51599	52
1.52423	52
1.52424	52
1.52426	52
1.52807	52
1.52807	52
1.52807	52
1.52808	52
1.53121	52
1.53256	52
1.53256	52
1.53256	52
1.53256	52
1.53257	52
1.54191	52
1.54191	52
1.54191	52
1.54192	52
1.55008	52
1.55011	52
1.55544	52
1.55544	52
1.55545	52
1.55561	52
1.55755	52
1.55755	52
1.55756	52
1.55756	52
1.55757	52
1.55759	52
1.56328	52
1.56328	52
1.56328	52
1.56328	52
1.56329	52
1.56373	52
1.56374	52
1.56375	52
1.56376	52
1.56705	52
1.56706	52
1.56711	52
1.56713	52
1.56714	52
1.56716	52
1.56716	52
1.56718	52
1.60486	52
1.60486	52
1.60486	52
1.60486	52
1.60487	52
1.60487	52
1.60487	52
1.60487	52
1.60487	52
1.61013	52
1.61013	52
1.61014	52
1.61014	52
1.61015	52
1.61016	52
1.61446	52
1.61447	52
1.6145	52
1.63672	52
1.63672	52
1.63673	52
1.63673	52
1.63674	52
1.65475	52
1.65475	52
1.65475	52
1.65476	52
1.65476	52
1.65476	52
1.65478	52
1.65487	52
1.65761	52
1.65761	52
1.65763	52
1.67216	52
1.67216	52
1.67216	52
1.67217	52
1.67218	52
1.67219	52
1.68129	52
1.68129	52
1.68129	52
1.6813	52
1.6813	52
1.6813	52
1.68131	52
1.68322	52
1.68322	52
1.68322	52
1.68322	52
1.68323	52
1.68514	52
1.68514	52
1.68637	52
1.68638	52
1.68639	52
1.68643	52
1.68879	52
1.68879	52
1.68883	52
1.70416	52
1.70416	52
1.70416	52
1.70416	52
1.70416	52
1.70417	52
1.70854	52
1.70856	52
1.74072	52
1.74072	52
1.74072	52
1.74073	52
1.74073	52
1.74075	52
1.74165	52
1.74168	52
1.74175	52
1.7444	52
1.7444	52
1.74445	52
1.74445	52
1.77421	52
1.77421	52
1.77421	52
1.77421	52
1.77422	52
1.77423	52
1.77426	52
1.77488	52
1.77488	52
1.77505	52
1.77877	52
1.77879	52
1.78419	52
1.78419	52
1.78419	52
1.7842	52
1.78424	52
1.78424	52
1.81363	52
1.81363	52
1.81363	52
1.81364	52
1.81364	52
1.81366	52
1.81371	52
1.81895	52
1.81895	52
1.81895	52
1.81909	52
1.83488	52
1.83488	52
1.83489	52
1.83489	52
1.83489	52
1.85118	52
1.85118	52
1.85118	52
1.85118	52
1.85119	52
1.85119	52
1.8513	52
1.852	52
1.85202	52
1.85214	52
1.8531	52
1.8531	52
1.85312	52
1.85313	52
1.85622	52
1.85627	52
1.85784	52
1.85785	52
1.85788	52
1.85797	52
1.86699	52
1.867	52
1.867	52
1.86701	52
1.86701	52
1.86704	52
1.87009	52
1.87009	52
1.87009	52
1.8931	52
1.8931	52
1.8931	52
1.8931	52
1.8931	52
1.8931	52
1.89311	52
1.89312	52
1.89653	52
1.90277	52
1.90277	52
1.90277	52
1.90277	52
1.90277	52
1.90286	52
1.9122	52
1.91221	52
1.91252	52
1.92602	52
1.92602	52
1.92603	52
1.92604	52
1.92604	52
1.92604	52
1.92638	52
1.92638	52
1.92642	52
1.92772	52
1.92772	52
1.92774	52
1.92778	52
1.94286	52
1.94286	52
1.94286	52
1.94286	52
1.94287	52
1.94292	52
1.94293	52
1.97206	52
1.97206	52
1.97206	52
1.97206	52
1.97206	52
1.97207	52
1.97211	52
1.97407	52
1.97408	52
1.97409	52
1.9741	52
1.97529	52
1.97531	52
1.97531	52
1.97563	52
1.97722	52
1.97722	52
1.97723	52
1.97723	52
1.98535	52
1.98535	52
1.98535	52
1.98537	52
1.98544	52
1.98979	52
1.9898	52
1.98981	52
1.98991	52
1.99498	52
1.99499	52
1.99499	52
1.995	52
1.99503	52
1.99506	52
2.00199	52
2.00199	52
2.002	52
2.002	52
2.00258	52
2.0026	52
2.00263	52
2.00736	52
2.00736	52
2.00736	52
2.00736	52
2.00737	52
2.00738	52
2.00914	52
2.00929	52
2.02392	52
2.02392	52
2.02393	52
2.02394	52
2.02399	52
2.03966	52
2.03966	52
2.03966	52
2.03966	52
2.03967	52
2.03969	52
2.0397	52
2.06209	52
2.06209	52
2.06212	52
2.06212	52
2.06213	52
2.06629	52
2.06629	52
2.06629	52
2.06629	52
2.06629	52
2.06629	52
2.07865	52
2.07866	52
2.07866	52
2.07868	52
2.07869	52
2.07869	52
2.07876	52
2.09222	52
2.09222	52
2.09224	52
2.09225	52
2.09229	52
2.09262	52
2.09263	52
2.09263	52
2.09448	52
2.09449	52
2.0945	52
2.09455	52
2.09489	52
2.0949	52
2.09491	52
2.09905	52
2.12285	52
2.12285	52
2.12287	52
2.12392	52
2.12393	52
2.12393	52
2.12393	52
2.12507	52
2.12508	52
2.12525	52
2.12526	52
2.12526	52
2.12526	52
2.12528	52
2.12787	52
2.12788	52
2.12792	52
2.14517	52
2.14518	52
2.1452	52
2.15477	52
2.15477	52
2.15477	52
2.15477	52
2.15478	52
2.15479	52
2.15538	52
2.15668	52
2.15958	52
2.15959	52
2.15959	52
2.1596	52
2.15969	52
2.1648	52
2.16481	52
2.16484	52
2.16856	52
2.17308	52
2.17308	52
2.17308	52
2.17309	52
2.17311	52
2.17655	52
2.17655	52
2.17656	52
2.17656	52
2.17656	52
2.17656	52
2.17658	52
2.18461	52
2.18462	52
2.18462	52
2.18464	52
2.19975	52
2.19975	52
2.19975	52
2.19975	52
2.19975	52
2.19975	52
2.19976	52
2.21354	52
2.21354	52
2.21356	52
2.21356	52
2.23473	52
2.23473	52
2.23473	52
2.23474	52
2.23474	52
2.23475	52
2.23476	52
2.23479	52
2.25087	52
2.25088	52
2.25088	52
2.2509	52
2.26757	52
2.26757	52
2.26757	52
2.26757	52
2.26757	52
2.26758	52
2.26759	52
2.2754	52
2.2754	52
2.27541	52
2.27541	52
2.27541	52
2.27542	52
2.27543	52
2.28126	52
2.28126	52
2.28128	52
2.2813	52
2.28769	52
2.28773	52
2.29565	52
2.29575	52
2.2966	52
2.29809	52
2.29809	52
2.29814	52
2.29865	52
2.30366	52
2.30368	52
2.30368	52
2.3563	52
2.3563	52
2.3563	52
2.35631	52
2.35631	52
2.35631	52
2.35631	52
2.35632	52
2.35633	52
2.35643	52
2.36105	52
2.36105	52
2.36107	52
2.3611	52
2.37071	52
2.37072	52
2.37091	52
2.37996	52
2.37996	52
2.37996	52
2.37997	52
2.38024	52
2.38487	52
2.38487	52
2.38488	52
2.38488	52
2.38488	52
2.38494	52
2.39022	52
2.40065	52
2.40065	52
2.40065	52
2.40066	52
2.40068	52
2.4007	52
2.40086	52
2.40573	52
2.40698	52
2.40698	52
2.407	52
2.41158	52
2.41158	52
2.41158	52
2.4116	52
2.4116	52
2.4118	52
2.42465	52
2.42465	52
2.42466	52
2.42466	52
2.42466	52
2.42468	52
2.42476	52
2.44098	52
2.44098	52
2.44098	52
2.441	52
2.44109	52
2.44479	52
2.4448	52
2.44481	52
2.44488	52
2.44496	52
2.44497	52
2.4451	52
2.44601	52
2.44605	52
2.44959	52
2.44959	52
2.4496	52
2.45372	52
2.45372	52
2.45373	52
2.46097	52
2.46178	52
2.46838	52
2.46838	52
2.46839	52
2.46841	52
2.4685	52
2.47305	52
2.47305	52
2.47312	52
2.47393	52
2.47397	52
2.47406	52
2.49448	52
2.49448	52
2.49448	52
2.49449	52
2.49449	52
2.49451	52
2.53388	52
2.53388	52
2.53388	52
2.53388	52
2.53388	52
2.53388	52
2.53389	52
2.53392	52
2.53398	52
2.54068	52
2.56072	52
2.56073	52
2.56073	52
2.56074	52
2.56076	52
2.56081	52
2.57612	52
2.57612	52
2.57613	52
2.57614	52
2.57617	52
2.58839	52
2.5884	52
2.5884	52
2.58841	52
2.58841	52
2.59111	52
2.59112	52
2.59112	52
2.5913	52
2.5971	52
2.59711	52
2.59711	52
2.59739	52
2.60825	52
2.60825	52
2.60827	52
2.60827	52
2.60827	52
2.60828	52
2.61619	52
2.6162	52
2.6162	52
2.6162	52
2.61621	52
2.61625	52
2.61929	52
2.61929	52
2.61931	52
2.61934	52
2.62118	52
2.62125	52
2.62173	52
2.62175	52
2.62264	52
2.62269	52
2.62564	52
2.62683	52
2.62686	52
2.62686	52
2.62689	52
2.62695	52
2.6626	52
2.6626	52
2.6626	52
2.6626	52
2.6626	52
2.66262	52
2.66262	52
2.66265	52
2.67052	52
2.67053	52
2.67055	52
2.67068	52
2.67944	52
2.68011	52
2.68012	52
2.68013	52
2.68031	52
2.6947	52
2.6947	52
2.6947	52
2.69474	52
2.70183	52
2.70183	52
2.70184	52
2.70184	52
2.70185	52
2.70455	52
2.72227	52
2.72228	52
2.72228	52
2.72228	52
2.72228	52
2.72228	52
2.72229	52
2.72568	52
2.72569	52
2.7257	52
2.74626	52
2.74626	52
2.74627	52
2.74627	52
2.74627	52
2.74627	52
2.74634	52
2.77471	52
2.77472	52
2.77472	52
2.77472	52
2.77473	52
2.77476	52
2.77479	52
2.80962	52
2.80963	52
2.80963	52
2.80963	52
2.80964	52
2.80966	52
2.81014	52
2.81015	52
2.81015	52
2.81016	52
2.81033	52
2.81421	52
2.81421	52
2.81721	52
2.81721	52
2.81721	52
2.81722	52
2.81722	52
2.81755	52
2.81852	52
2.8319	52
2.83191	52
2.83192	52
2.83192	52
2.83645	52
2.83701	52
2.85773	52
2.85773	52
2.85773	52
2.85773	52
2.85773	52
2.85774	52
2.85774	52
2.85774	52
2.85776	52
2.86419	52
2.86434	52
2.87783	52
2.87784	52
2.88368	52
2.88368	52
2.88369	52
2.88369	52
2.88369	52
2.88371	52
2.88381	52
2.93852	52
2.93852	52
2.93852	52
2.93852	52
2.93852	52
2.93852	52
2.93853	52
2.93853	52
2.93856	52
2.95312	52
2.95321	52
2.95709	52
2.9571	52
2.95711	52
2.95713	52
2.95793	52
2.95794	52
2.95794	52
2.95796	52
2.958	52
2.9648	52
2.9648	52
2.96482	52
2.96483	52
2.9747	52
2.97472	52
2.97473	52
2.97478	52
2.97495	52
2.99022	52
2.99023	52
2.99023	52
2.99023	52
2.99023	52
2.99024	52
2.99047	52
2.99867	52
3.01716	52
3.01716	52
3.01716	52
3.01717	52
3.01722	52
3.01725	52
3.03393	52
3.03393	52
3.03393	52
3.03394	52
3.03394	52
3.03394	52
3.03396	52
3.04639	52
3.04639	52
3.04639	52
3.04639	52
3.04639	52
3.0464	52
3.04789	52
3.04789	52
3.0479	52
3.04793	52
3.06803	52
3.06803	52
3.06803	52
3.06804	52
3.06805	52
3.06805	52
3.06806	52
3.06807	52
3.07192	52
3.07192	52
3.07194	52
3.07205	52
3.07983	52
3.07985	52
3.07996	52
3.08025	52
3.08028	52
3.0803	52
3.08036	52
3.08469	52
3.08471	52
3.08473	52
3.08477	52
3.0951	52
3.0951	52
3.09511	52
3.10807	52
3.10807	52
3.10807	52
3.10808	52
3.10808	52
3.1081	52
3.10812	52
3.10814	52
3.1203	52
3.12031	52
3.12032	52
3.12038	52
3.12203	52
3.12203	52
3.12205	52
3.1221	52
3.13927	52
3.13927	52
3.13927	52
3.13928	52
3.1393	52
3.13983	52
3.14409	52
3.14409	52
3.14414	52
3.14878	52
3.14879	52
3.14879	52
3.14882	52
3.14883	52
3.14886	52
3.17302	52
3.17302	52
3.17302	52
3.17302	52
3.17303	52
3.17303	52
3.17306	52
3.17309	52
3.17995	52
3.18032	52
3.18321	52
3.18321	52
3.18321	52
3.18325	52
3.18327	52
3.19205	52
3.19205	52
3.19206	52
3.19206	52
3.19208	52
3.19209	52
3.22225	52
3.22225	52
3.22226	52
3.22226	52
3.22227	52
3.22227	52
3.23056	52
3.23056	52
3.23057	52
3.23057	52
3.23057	52
3.23057	52
3.23058	52
3.23058	52
3.2306	52
3.23063	52
3.23342	52
3.23381	52
3.24396	52
3.24923	52
3.25542	52
3.25542	52
3.25543	52
3.29895	52
3.29895	52
3.29895	52
3.29895	52
3.29895	52
3.29895	52
3.29895	52
3.29896	52
3.29896	52
3.29896	52
3.29896	52
3.29897	52
3.29899	52
3.29907	52
3.31378	52
3.3138	52
3.31383	52
3.34038	52
3.34038	52
3.34038	52
3.34038	52
3.34038	52
3.34039	52
3.34042	52
3.34381	52
3.34383	52
3.34388	52
3.34884	52
3.34884	52
3.34885	52
3.34889	52
3.34895	52
3.35137	52
3.35138	52
3.35138	52
3.35138	52
3.35139	52
3.37447	52
3.37448	52
3.37448	52
3.37448	52
3.37448	52
3.37452	52
3.37463	52
3.37763	52
3.37763	52
3.37764	52
3.37785	52
3.4028	52
3.4028	52
3.40281	52
3.40281	52
3.40281	52
3.40282	52
3.40283	52
3.40286	52
3.42138	52
3.42139	52
3.42139	52
3.42146	52
3.43914	52
3.43914	52
3.43914	52
3.43915	52
3.43915	52
3.43916	52
3.43919	52
3.45569	52
3.4557	52
3.45572	52
3.46085	52
3.46086	52
3.46087	52
3.46087	52
3.46092	52
3.46092	52
3.4643	52
3.46431	52
3.46649	52
3.4665	52
3.46654	52
3.46659	52
3.47794	52
3.47794	52
3.47795	52
3.47805	52
3.48605	52
3.48607	52
3.48608	52
3.48614	52
3.4912	52
3.4912	52
3.49121	52
3.49121	52
3.49124	52
3.50261	52
3.50263	52
3.50264	52
3.50264	52
3.50264	52
3.50268	52
3.50656	52
3.50656	52
3.50657	52
3.5237	52
3.52372	52
3.52373	52
3.53618	52
3.53618	52
3.53618	52
3.53619	52
3.53619	52
3.5362	52
3.53622	52
3.53622	52
3.55983	52
3.55983	52
3.55983	52
3.55983	52
3.55983	52
3.55986	52
3.57281	52
3.57281	52
3.57282	52
3.57282	52
3.57282	52
3.57282	52
3.57285	52
3.57844	52
3.58631	52
3.58631	52
3.58631	52
3.58632	52
3.59782	52
3.59782	52
3.59784	52
3.5983	52
3.5983	52
3.5983	52
3.6148	52
3.6148	52
3.6148	52
3.61481	52
3.61481	52
3.61481	52
3.61482	52
3.61483	52
3.61484	52
3.61487	52
3.61859	52
3.61859	52
3.6186	52
3.6186	52
3.61861	52
3.61864	52
3.63453	52
3.63454	52
3.63454	52
3.63456	52
3.64262	52
3.64265	52
3.64286	52
3.64292	52
3.64971	52
3.64971	52
3.64971	52
3.64972	52
3.64972	52
3.65637	52
3.65638	52
3.65638	52
3.65638	52
3.6564	52
3.66116	52
3.66117	52
3.66118	52
3.66118	52
3.66367	52
3.66368	52
3.6637	52
3.67302	52
3.67302	52
3.67302	52
3.67302	52
3.67303	52
3.67305	52
3.68267	52
3.68268	52
3.68268	52
3.6827	52
3.68712	52
3.68713	52
3.68724	52
3.69449	52
3.69449	52
3.69449	52
3.69449	52
3.6945	52
3.69451	52
3.69458	52
3.70408	52
3.70408	52
3.70409	52
3.70409	52
3.70409	52
3.70409	52
3.70411	52
3.70496	52
3.70497	52
3.70504	52
3.71235	52
3.71235	52
3.71243	52
3.72212	52
3.72213	52
3.72213	52
3.72215	52
3.72217	52
3.76789	52
3.76789	52
3.76789	52
3.76789	52
3.76789	52
3.7679	52
3.7679	52
3.76791	52
3.76791	52
3.81228	52
3.81228	52
3.81228	52
3.81229	52
3.81229	52
3.81229	52
3.81229	52
3.81229	52
3.81554	52
3.81554	52
3.81554	52
3.81558	52
3.81835	52
3.81836	52
3.81841	52
3.82223	52
3.82229	52
3.82233	52
3.83487	52
3.83487	52
3.83489	52
3.83502	52
3.83629	52
3.84068	52
3.84068	52
3.8407	52
3.8407	52
3.84127	52
3.84127	52
3.84128	52
3.84131	52
3.85433	52
3.85436	52
3.85474	52
3.88689	52
3.88689	52
3.88689	52
3.88689	52
3.8869	52
3.8869	52
3.8869	52
3.8869	52
3.88693	52
3.88715	52
3.88776	52
3.88776	52
3.88778	52
3.89808	52
3.89808	52
3.89808	52
3.89809	52
3.89812	52
3.90035	52
3.90038	52
3.90346	52
3.90346	52
3.90346	52
3.90347	52
3.90348	52
3.90349	52
3.91042	52
3.91043	52
3.91046	52
3.91063	52
3.91063	52
3.91068	52
3.94061	52
3.94061	52
3.94061	52
3.94061	52
3.94062	52
3.94062	52
3.94064	52
3.94067	52
3.94105	52
3.9586	52
3.9586	52
3.95861	52
3.95862	52
3.95866	52
3.96891	52
3.96891	52
3.96914	52
4.02351	52
4.02351	52
4.02351	52
4.02351	52
4.02352	52
4.02354	52
4.02363	52
4.0244	52
4.0244	52
4.02441	52
4.02441	52
4.02443	52
4.02474	52
4.02776	52
4.02776	52
4.02779	52
4.02837	52
4.03217	52
4.03219	52
4.0322	52
4.03222	52
4.03225	52
4.03293	52
4.03496	52
4.03496	52
4.03497	52
4.03497	52
4.03497	52
4.03959	52
4.0396	52
4.03962	52
4.04781	52
4.04783	52
4.05071	52
4.05072	52
4.05073	52
4.05074	52
4.05079	52
4.05232	52
4.05233	52
4.05234	52
4.05234	52
4.06652	52
4.06652	52
4.06653	52
4.06654	52
4.06655	52
4.0839	52
4.0839	52
4.0839	52
4.08794	52
4.08794	52
4.08794	52
4.08795	52
4.08795	52
4.08795	52
4.08796	52
4.08797	52
4.08797	52
4.11208	52
4.11208	52
4.11209	52
4.1121	52
4.11213	52
4.11319	52
4.11319	52
4.11319	52
4.11328	52
4.11658	52
4.11659	52
4.1166	52
4.1166	52
4.11666	52
4.12156	52
4.12157	52
4.12157	52
4.12193	52
4.12823	52
4.12823	52
4.12826	52
4.12827	52
4.12827	52
4.12882	52
4.12882	52
4.12886	52
4.13094	52
4.13094	52
4.13094	52
4.13101	52
4.13483	52
4.13483	52
4.13483	52
4.1349	52
4.14197	52
4.14197	52
4.14202	52
4.14261	52
4.15374	52
4.15375	52
4.15424	52
4.15872	52
4.15873	52
4.18486	52
4.18487	52
4.18487	52
4.18487	52
4.18487	52
4.18488	52
4.18488	52
4.18488	52
4.1849	52
4.18491	52
4.18491	52
4.19847	52
4.19847	52
4.19847	52
4.19848	52
4.19851	52
4.19877	52
4.2033	52
4.20331	52
4.20331	52
4.21079	52
4.21083	52
4.21484	52
4.21487	52
4.2152	52
4.21661	52
4.21661	52
4.21663	52
4.21685	52
4.23259	52
4.23259	52
4.2326	52
4.23261	52
4.23264	52
4.23553	52
4.23555	52
4.23556	52
4.23558	52
4.23559	52
4.25951	52
4.25951	52
4.25951	52
4.25952	52
4.25953	52
4.25954	52
4.27243	52
4.27243	52
4.27244	52
4.27245	52
4.27248	52
4.2725	52
4.28605	52
4.28606	52
4.28607	52
4.28607	52
4.2861	52
4.30102	52
4.30102	52
4.30102	52
4.30103	52
4.30105	52
4.30113	52
4.30422	52
4.3065	52
4.30651	52
4.30775	52
4.30776	52
4.30779	52
4.3079	52
4.3092	52
4.31433	52
4.31434	52
4.31434	52
4.31434	52
4.31454	52
4.32555	52
4.32555	52
4.32555	52
4.32556	52
4.32556	52
4.32556	52
4.32559	52
4.32568	52
4.35369	52
4.3537	52
4.35371	52
4.35371	52
4.35371	52
4.35371	52
4.35375	52
4.36258	52
4.36258	52
4.36259	52
4.36259	52
4.36261	52
4.36262	52
4.38123	52
4.38123	52
4.38123	52
4.38123	52
4.38124	52
4.38128	52
4.3892	52
4.38921	52
4.38921	52
4.3893	52
4.39149	52
4.40898	52
4.40899	52
4.40901	52
4.40901	52
4.40901	52
4.40902	52
4.4138	52
4.4138	52
4.41381	52
4.41383	52
4.41955	52
4.42043	52
4.42089	52
4.43721	52
4.43721	52
4.43722	52
4.43722	52
4.43722	52
4.43722	52
4.43722	52
4.43722	52
4.43723	52
4.44103	52
4.44104	52
4.44105	52
4.4435	52
4.4435	52
4.44351	52
4.44363	52
4.46305	52
4.46305	52
4.46306	52
4.46307	52
4.4725	52
4.4725	52
4.4725	52
4.4725	52
4.47252	52
4.47254	52
4.47271	52
4.48172	52
4.48173	52
4.48173	52
4.48175	52
4.48183	52
4.49209	52
4.49209	52
4.49209	52
4.49209	52
4.51318	52
4.51318	52
4.51319	52
4.5132	52
4.5132	52
4.51322	52
4.51323	52
4.51329	52
4.51768	52
4.51771	52
4.51775	52
4.5347	52
4.5347	52
4.5347	52
4.53474	52
4.54595	52
4.54595	52
4.54595	52
4.54596	52
4.54596	52
4.56153	52
4.56153	52
4.56154	52
4.56154	52
4.56157	52
4.5616	52
4.56289	52
4.56289	52
4.56293	52
4.56557	52
4.56558	52
4.56559	52
4.56559	52
4.57443	52
4.57443	52
4.57443	52
4.57444	52
4.60888	52
4.60888	52
4.60889	52
4.60889	52
4.60889	52
4.60891	52
4.60894	52
4.60905	52
4.61371	52
4.64192	52
4.64192	52
4.64192	52
4.64193	52
4.64193	52
4.64196	52
4.64197	52
4.64204	52
4.65454	52
4.65454	52
4.65455	52
4.65456	52
4.65458	52
4.66573	52
4.66573	52
4.66575	52
4.6659	52
4.66674	52
4.67291	52
4.68172	52
4.68172	52
4.68173	52
4.68174	52
4.68181	52
4.68229	52
4.69413	52
4.69413	52
4.69414	52
4.69419	52
4.69791	52
4.69791	52
4.69792	52
4.69793	52
4.69797	52
4.69808	52
4.70168	52
4.70168	52
4.70194	52
4.7161	52
4.7161	52
4.7161	52
4.71611	52
4.71612	52
4.71614	52
4.71631	52
4.71889	52
4.71904	52
4.7366	52
4.7366	52
4.7366	52
4.7366	52
4.7366	52
4.73662	52
4.73845	52
4.73847	52
4.73879	52
4.73956	52
4.73959	52
4.73984	52
4.74244	52
4.74244	52
4.74251	52
4.74428	52
4.74428	52
4.74428	52
4.7443	52
4.74433	52
4.7697	52
4.7697	52
4.76971	52
4.76977	52
4.76986	52
4.7942	52
4.7942	52
4.7942	52
4.7942	52
4.79421	52
4.79421	52
4.79422	52
4.79427	52
4.79429	52
4.80443	52
4.80444	52
4.80445	52
4.80445	52
4.80446	52
4.8045	52
4.81155	52
4.81155	52
4.81157	52
4.81675	52
4.81676	52
4.81677	52
4.81677	52
4.81677	52
4.81682	52
4.82047	52
4.8206	52
4.82751	52
4.82753	52
4.82753	52
4.82754	52
4.82903	52
4.82903	52
4.8296	52
4.83867	52
4.83867	52
4.83868	52
4.83874	52
4.83874	52
4.84344	52
4.84345	52
4.84345	52
4.84346	52
4.8438	52
4.85674	52
4.85674	52
4.85675	52
4.85676	52
4.85677	52
4.85935	52
4.85975	52
4.86192	52
4.87315	52
4.87316	52
4.87316	52
4.87316	52
4.87316	52
4.87316	52
4.87316	52
4.87316	52
4.87391	52
4.87391	52
4.87391	52
4.874	52
4.87531	52
4.87531	52
4.87533	52
4.87534	52
4.87542	52
4.87804	52
4.8802	52
4.88116	52
4.88128	52
4.88309	52
4.88309	52
4.88309	52
4.8831	52
4.8832	52
4.91618	52
4.91618	52
4.91618	52
4.91619	52
4.91619	52
4.91622	52
4.91624	52
4.91651	52
4.92751	52
4.92751	52
4.92751	52
4.92753	52
4.92754	52
4.92807	52
4.92955	52
4.92955	52
4.94282	52
4.94282	52
4.94282	52
4.94282	52
4.94283	52
4.94283	52
4.94284	52
4.94284	52
4.94286	52
4.94292	52
4.98187	52
4.98188	52
4.98188	52
4.98189	52
4.98189	52
4.9819	52
4.98199	52
4.98954	52
4.98955	52
4.98955	52
4.98956	52
4.98956	52
4.98968	52
4.99027	52
4.99027	52
4.99029	52
4.99181	52
4.99344	52
4.99344	52
4.99345	52
4.99347	52
5.00393	52
5.00393	52
5.00393	52
5.00423	52
5.00667	52
5.00669	52
5.00669	52
5.00674	52
5.00706	52
5.03012	52
5.03013	52
5.03013	52
5.03013	52
5.03013	52
5.03014	52
5.03015	52
5.03035	52
5.03057	52
5.0306	52
5.03061	52
5.06793	52
5.06793	52
5.06794	52
5.06794	52
5.06794	52
5.06795	52
5.06795	52
5.06797	52
5.06798	52
5.08742	52
5.08742	52
5.08743	52
5.08751	52
5.08783	52
5.10464	52
5.10467	52
5.10469	52
5.10622	52
5.11631	52
5.11632	52
5.11632	52
5.11632	52
5.11636	52
5.11639	52
5.1164	52
5.11774	52
5.11775	52
5.11775	52
5.11776	52
5.11798	52
5.15264	52
5.15264	52
5.15264	52
5.15264	52
5.15267	52
5.1527	52
5.15272	52
5.15808	52
5.15809	52
5.1581	52
5.15817	52
5.19494	52
5.19494	52
5.19494	52
5.19496	52
5.19497	52
5.19497	52
5.19499	52
5.19531	52
5.22318	52
5.22318	52
5.22318	52
5.22319	52
5.22319	52
5.2232	52
5.22347	52
5.23776	52
5.23776	52
5.23778	52
5.23779	52
5.23782	52
5.23796	52
5.24573	52
5.24573	52
5.24576	52
5.24655	52
5.24655	52
5.24656	52
5.24659	52
5.25041	52
5.25041	52
5.25042	52
5.25042	52
5.2623	52
5.2623	52
5.2623	52
5.26231	52
5.26232	52
5.27534	52
5.27535	52
5.27537	52
5.27538	52
5.27542	52
5.27551	52
5.28858	52
5.28858	52
5.28859	52
5.2886	52
5.28862	52
5.28872	52
5.30934	52
5.30934	52
5.30934	52
5.30934	52
5.30934	52
5.30944	52
5.31799	52
5.318	52
5.31814	52
5.32934	52
5.32934	52
5.32934	52
5.32935	52
5.32935	52
5.32945	52
5.32946	52
5.32952	52
5.32957	52
5.33407	52
5.3341	52
5.33435	52
5.35101	52
5.35102	52
5.35102	52
5.35103	52
5.35105	52
5.35108	52
5.35128	52
5.35902	52
5.35902	52
5.35904	52
5.35906	52
5.35908	52
5.35912	52
5.36483	52
5.36484	52
5.36484	52
5.36485	52
5.37099	52
5.371	52
5.371	52
5.37114	52
5.37268	52
5.37271	52
5.37271	52
5.37272	52
5.38248	52
5.38248	52
5.38248	52
5.38249	52
5.38251	52
5.38251	52
5.38255	52
5.3826	52
5.41541	52
5.41542	52
5.41542	52
5.41543	52
5.41543	52
5.41543	52
5.41558	52
5.42074	52
5.42083	52
5.43402	52
5.43402	52
5.43403	52
5.43406	52
5.4341	52
5.43423	52
5.43624	52
5.4469	52
5.4469	52
5.4469	52
5.44693	52
5.44697	52
5.496	52
5.49601	52
5.49601	52
5.49601	52
5.49603	52
5.49603	52
5.49605	52
5.49608	52
5.49608	52
5.50135	52
5.50135	52
5.50135	52
5.5014	52
5.50167	52
5.503	52
5.50301	52
5.50303	52
5.50304	52
5.50707	52
5.52374	52
5.52374	52
5.52374	52
5.52375	52
5.5238	52
5.52443	52
5.53395	52
5.53395	52
5.53397	52
5.53398	52
5.5342	52
5.53436	52
5.55616	52
5.55616	52
5.55617	52
5.55617	52
5.55617	52
5.5562	52
5.55628	52
5.55637	52
5.56437	52
5.56439	52
5.56483	52
5.59635	52
5.59635	52
5.59636	52
5.59636	52
5.59636	52
5.59636	52
5.59638	52
5.5964	52
5.59642	52
5.59692	52
5.60186	52
5.60187	52
5.60198	52
5.603	52
5.60301	52
5.60302	52
5.60312	52
5.61623	52
5.61624	52
5.61629	52
5.61631	52
5.69035	52
5.69035	52
5.69035	52
5.69035	52
5.69036	52
5.69038	52
5.69039	52
5.69047	52
5.69074	52
5.69633	52
5.69646	52
5.73218	52
5.73219	52
5.7322	52
5.7322	52
5.73223	52
5.73223	52
5.73225	52
5.73241	52
5.73693	52
5.73694	52
5.73694	52
5.73716	52
5.7496	52
5.74961	52
5.74961	52
5.74963	52
5.74965	52
5.74973	52
5.76058	52
5.76059	52
5.76059	52
5.76061	52
5.76077	52
5.76664	52
5.76664	52
5.76666	52
5.76669	52
5.76675	52
5.76682	52
5.78663	52
5.78664	52
5.78664	52
5.78664	52
5.78665	52
5.78667	52
5.78667	52
5.78668	52
5.79098	52
5.79099	52
5.79099	52
5.79203	52
5.79225	52
5.80512	52
5.80513	52
5.80517	52
5.80527	52
5.8252	52
5.8252	52
5.8252	52
5.82521	52
5.82521	52
5.82522	52
5.82523	52
5.82523	52
5.82523	52
5.82524	52
5.82532	52
5.83186	52
5.83206	52
5.84321	52
5.84322	52
5.84322	52
5.84325	52
5.84357	52
5.85183	52
5.85184	52
5.85184	52
5.85184	52
5.8519	52
6.5408	52
6.54081	52
6.54083	52
6.54085	52
6.54086	52
6.54091	52
6.54092	52
6.54108	52
6.56298	52
6.56298	52
6.56299	52
6.563	52
6.563	52
6.58744	52
6.58744	52
6.58745	52
6.58747	52
6.58758	52
6.58761	52
6.58773	52
6.58776	52
6.58792	52
6.58977	52
6.58978	52
6.58978	52
6.59	52
6.59836	52
6.59837	52
6.59837	52
6.59859	52
6.59871	52
6.60443	52
6.60444	52
6.60444	52
6.60444	52
6.60446	52
6.60447	52
6.6134	52
6.61342	52
6.61361	52
6.61375	52
6.63749	52
6.63749	52
6.6375	52
6.6375	52
6.63752	52
6.63753	52
6.63755	52
6.63755	52
6.6376	52
6.66569	52
6.6657	52
6.6657	52
6.66573	52
6.66576	52
6.66578	52
6.66608	52
6.66812	52
6.66813	52
6.66821	52
6.68296	52
6.68296	52
6.68296	52
6.68296	52
6.68296	52
6.68301	52
6.68341	52
6.69288	52
6.69299	52
6.69304	52
6.69334	52
6.69342	52
6.69412	52
6.69413	52
6.69416	52
6.69437	52
6.69489	52
6.71937	52
6.71938	52
6.71938	52
6.71938	52
6.71939	52
6.7194	52
6.71941	52
6.71956	52
6.72444	52
6.72448	52
6.72448	52
6.72448	52
6.72449	52
6.72451	52
6.72453	52
6.72456	52
6.72525	52
6.7756	52
6.7756	52
6.7756	52
6.77561	52
6.77562	52
6.77563	52
6.77564	52
6.77569	52
6.77573	52
6.7759	52
6.82243	52
6.82244	52
6.82246	52
6.82246	52
6.82248	52
6.82249	52
6.8225	52
6.82253	52
6.82271	52
6.82988	52
6.82989	52
6.82989	52
6.82992	52
6.83004	52
6.90092	52
6.90093	52
6.90093	52
6.90095	52
6.90095	52
6.90095	52
6.90097	52
6.9011	52
6.90119	52
6.90131	52
6.99907	52
6.99907	52
6.99907	52
6.99908	52
6.99908	52
6.99909	52
6.9991	52
6.99911	52
6.99923	52
6.9996	52
7.16023	52
7.16023	52
7.16024	52
7.16024	52
7.16025	52
7.16026	52
7.16033	52
7.16079	52
7.22661	52
7.22661	52
7.22661	52
7.22662	52
7.22662	52
7.22662	52
7.22663	52
7.22665	52
7.22666	52
7.22668	52
7.2267	52
7.22673	52
7.2374	52
7.23741	52
7.23742	52
7.23748	52
7.23756	52
7.26308	52
7.2631	52
7.2631	52
7.26311	52
7.26315	52
7.26319	52
7.2633	52
7.26333	52
7.26367	52
7.33091	52
7.33091	52
7.33091	52
7.33095	52
7.331	52
7.33104	52
7.33104	52
7.33121	52
7.33131	52
7.3316	52
7.61704	52
7.61704	52
7.61705	52
7.61705	52
7.61709	52
7.6171	52
7.61719	52
7.61724	52
7.61833	52
7.72712	52
7.72713	52
7.72714	52
7.72716	52
7.72718	52
7.7273	52
7.72732	52
7.72799	52
7.93335	52
7.93336	52
7.93337	52
7.93342	52
7.93343	52
7.93353	52
7.93355	52
7.934	52
7.93413	52
8.0542	52
8.0542	52
8.05424	52
8.05424	52
8.05425	52
8.05429	52
8.05437	52
8.05497	52
8.05519	52
8.0554	52
8.0692	52
8.06922	52
8.06922	52
8.06935	52
8.06951	52
8.13404	52
8.13405	52
8.13405	52
8.13406	52
8.13413	52
8.13416	52
8.13423	52
8.13468	52
8.13484	52
8.16188	52
8.16189	52
8.1619	52
8.16191	52
8.16193	52
8.30816	52
8.30816	52
8.30816	52
8.30818	52
8.30819	52
8.3082	52
8.30823	52
8.30855	52
8.30912	52
8.70829	52
8.7083	52
8.70832	52
8.70832	52
8.7084	52
8.70846	52
8.70847	52
8.71052	52
9.03966	52
9.03966	52
9.03968	52
9.0397	52
9.03972	52
9.03972	52
9.03976	52
9.0399	52
9.04055	52
9.04082	52
9.04083	52
9.04103	52
9.05785	52
9.05813	52
9.05817	52
9.05942	52
9.09796	52
9.09797	52
9.09799	52
9.09799	52
9.09801	52
9.09801	52
9.09804	52
9.0981	52
9.09831	52
9.09851	52
9.09856	52
9.14808	52
9.14808	52
9.14812	52
9.14818	52
9.14819	52
9.14825	52
9.14828	52
9.14916	52
9.9621	52
9.96212	52
9.96213	52
9.96215	52
9.96219	52
9.9622	52
9.96223	52
9.96224	52
9.96235	52
9.96238	52
9.96358	52
10.4924	52
10.4925	52
10.4925	52
10.4925	52
10.4926	52
10.4928	52
10.4928	52
10.4928	52
10.4929	52
10.4931	52
10.4932	52
10.5967	52
10.5967	52
10.5967	52
10.5967	52
10.5968	52
10.5969	52
10.5971	52
10.6024	52
10.603	52
10.6196	52
10.6197	52
10.6197	52
11.0976	52
11.0976	52
11.0976	52
11.0976	52
11.0976	52
11.0977	52
11.0977	52
11.0978	52
11.0983	52
11.0984	52
11.0984	52
11.0985	52
11.0987	52
11.1334	52
11.1334	52
11.1334	52
11.1334	52
11.1334	52
11.1335	52
11.1338	52
11.134	52
11.1346	52
11.6374	52
11.6374	52
11.6374	52
11.6374	52
11.6375	52
11.6376	52
11.6377	52
11.6377	52
11.6378	52
12.3135	52
12.3135	52
12.3135	52
12.3135	52
12.3136	52
12.3136	52
12.3137	52
12.3142	52
12.3143	52
12.3533	52
12.3533	52
12.3533	52
12.3533	52
12.3534	52
12.3534	52
12.3534	52
12.3535	52
12.4246	52
12.4246	52
12.4246	52
12.4247	52
12.4247	52
12.4248	52
12.4251	52
12.4273	52
12.5066	52
12.5066	52
12.5067	52
12.5067	52
12.5067	52
12.5068	52
12.5069	52
12.507	52
12.5181	52
12.5181	52
12.5191	52
12.6744	52
12.6744	52
12.6745	52
12.6745	52
12.6745	52
12.6745	52
12.6745	52
12.6748	52
12.6829	52
12.7004	52
12.7004	52
12.7004	52
12.7004	52
12.7016	52
12.7022	52
14.0534	52
14.0534	52
14.0534	52
14.0534	52
14.0534	52
14.0535	52
14.0535	52
14.0535	52
14.0567	52
14.0645	52
14.0647	52
14.0649	52
14.065	52
14.0656	52
14.0657	52
14.0668	52
14.0669	52
15.6274	52
15.6274	52
15.6275	52
15.6275	52
15.6275	52
15.6275	52
15.6276	52
15.6285	52
15.6503	52
15.6503	52
15.6503	52
15.6504	52
15.6506	52
15.6507	52
15.6511	52
15.6932	52
15.6932	52
15.6932	52
15.6932	52
15.6932	52
15.6933	52
15.6933	52
15.6935	52
15.695	52
15.6958	52
15.6966	52
16.0191	52
16.0191	52
16.0191	52
16.0191	52
16.0191	52
16.0192	52
16.0192	52
16.0193	52
16.0196	52
16.9237	52
16.9237	52
16.9237	52
16.9238	52
16.9238	52
16.9238	52
16.9238	52
16.9239	52
16.9245	52
17.0328	52
17.0328	52
17.0328	52
17.0329	52
17.0329	52
17.033	52
17.033	52
17.0336	52
17.0345	52
17.0703	52
17.0703	52
17.0703	52
17.0704	52
17.0704	52
17.0704	52
17.0704	52
19.3576	52
19.3576	52
19.3576	52
19.3577	52
19.3577	52
19.3578	52
19.3578	52
19.3579	52
19.3582	52
19.3595	52
19.6693	52
19.6693	52
19.6694	52
19.6694	52
19.6694	52
19.6694	52
19.6695	52
19.6695	52
19.6695	52
19.7018	52
19.7018	52
19.7018	52
19.7019	52
19.702	52
19.7022	52
19.7025	52
19.9984	52
19.9984	52
19.9984	52
19.9985	52
19.9985	52
19.9986	52
19.9988	52
20.0112	52
20.0114	52
20.0118	52
20.0118	52
20.1765	52
20.1765	52
20.1765	52
20.1765	52
20.1765	52
20.1766	52
20.1771	52
20.1773	52
20.1774	52
22.5442	52
22.5442	52
22.5442	52
22.5443	52
22.5443	52
22.5443	52
22.5444	52
22.5451	52
23.141	52
23.141	52
23.141	52
23.1411	52
23.1412	52
23.1413	52
23.1414	52
23.1414	52
23.1417	52
23.45	52
23.45	52
23.4501	52
23.4501	52
23.4501	52
23.4503	52
23.4503	52
23.4503	52
23.4505	52
23.6521	52
23.6522	52
23.6522	52
23.6522	52
23.6522	52
23.6522	52
23.6523	52
23.6524	52
23.6529	52
23.6549	52
23.7341	52
23.7341	52
23.7341	52
23.7341	52
23.7342	52
23.7342	52
23.7344	52
23.742	52
23.7464	52
23.8693	52
23.8693	52
23.8693	52
23.8693	52
23.8694	52
23.8695	52
23.8695	52
23.8695	52
23.8698	52
23.8713	52
23.8728	52
23.9211	52
23.9212	52
23.9212	52
23.9212	52
23.9212	52
23.9213	52
23.9213	52
24.5735	52
24.5735	52
24.5736	52
24.5736	52
24.5736	52
24.5737	52
24.5739	52
24.6676	52
24.6676	52
24.6676	52
24.6676	52
24.6676	52
24.6676	52
24.6676	52
24.6676	52
24.6678	52
24.6692	52
24.785	52
24.785	52
24.785	52
24.785	52
24.7851	52
24.7852	52
24.7853	52
24.7854	52
24.7855	52
24.7876	52
24.7901	52
24.7919	52
25.8479	52
25.8479	52
25.8479	52
25.8479	52
25.8479	52
25.848	52
25.8481	52
25.8482	52
25.8484	52
25.8485	52
25.8487	52
25.8671	52
25.8672	52
25.8672	52
25.8673	52
25.8771	52
25.8772	52
25.8883	52
25.8883	52
25.8884	52
25.8886	52
25.8892	52
26.0315	52
26.0316	52
26.0316	52
26.0316	52
26.0316	52
26.0318	52
26.0319	52
26.0324	52
26.0336	52
26.0337	52
26.2032	52
26.2032	52
26.2032	52
26.2032	52
26.2033	52
26.2033	52
26.2033	52
26.2048	52
26.2051	52
26.3183	52
26.3183	52
26.3183	52
26.3184	52
26.3184	52
26.3184	52
26.3185	52
26.3186	52
27.1221	52
27.1221	52
27.1221	52
27.1221	52
27.1222	52
27.1222	52
27.1225	52
27.1568	52
27.157	52
27.157	52
27.1573	52
27.1573	52
27.1578	52
27.6772	52
27.6773	52
27.6773	52
27.6774	52
27.6774	52
27.6775	52
27.6775	52
27.6778	52
27.6788	52
27.884	52
27.884	52
27.884	52
27.884	52
27.8841	52
27.8841	52
27.8842	52
27.8846	52
27.8852	52
27.8859	52
27.9463	52
27.9463	52
27.9463	52
27.9463	52
27.9464	52
27.9464	52
27.9464	52
27.9489	52
28.8868	52
28.8868	52
28.8868	52
28.8868	52
28.8868	52
28.8869	52
28.8869	52
28.887	52
28.887	52
28.887	52
29.7013	52
29.7014	52
29.7014	52
29.7014	52
29.7014	52
29.7015	52
29.7016	52
29.7017	52
30.0944	52
30.0945	52
30.0945	52
30.0945	52
30.0945	52
30.0948	52
30.0948	52
30.0948	52
30.0951	52
30.0955	52
30.1178	52
30.1178	52
30.118	52
30.1211	52
30.1217	52
32.8743	52
32.8743	52
32.8743	52
32.8743	52
32.8743	52
32.8743	52
32.8744	52
32.8761	52
32.8764	52
32.8766	52
33.2433	52
33.2433	52
33.2433	52
33.2433	52
33.2435	52
33.2436	52
33.2436	52
33.2442	52
33.2443	52
33.2443	52
34.8609	52
34.8609	52
34.8609	52
34.8609	52
34.8609	52
34.8609	52
34.8611	52
34.8613	52
34.9317	52
34.9317	52
34.9317	52
34.9317	52
34.9318	52
34.9318	52
34.9319	52
34.932	52
34.9322	52
34.9325	52
35.0313	52
35.0313	52
35.0313	52
35.0314	52
35.0314	52
35.0315	52
35.0316	52
35.0318	52
35.0325	52
35.723	52
35.723	52
35.723	52
35.723	52
35.7231	52
35.7231	52
35.7232	52
35.7232	52
35.7236	52
37.7547	52
37.7547	52
37.7547	52
37.7547	52
37.7548	52
37.7548	52
37.7548	52
37.7557	52
38.2784	52
38.2784	52
38.2785	52
38.2785	52
38.2785	52
38.2785	52
38.2786	52
38.2794	52
38.2802	52
38.3615	52
38.3615	52
38.3615	52
38.3615	52
38.3616	52
38.3616	52
38.3617	52
38.3637	52
38.3642	52
38.7966	52
38.7966	52
38.7966	52
38.7966	52
38.7967	52
38.7967	52
38.7967	52
38.7968	52
38.7974	52
39.1355	52
39.1355	52
39.1356	52
39.1356	52
39.1356	52
39.1356	52
39.1356	52
39.1356	52
39.1357	52
39.1363	52
40.0492	52
40.0492	52
40.0493	52
40.0494	52
40.0494	52
40.0495	52
40.0495	52
40.0497	52
40.0497	52
40.0498	52
40.0515	52
40.0518	52
40.0518	52
40.277	52
40.277	52
40.277	52
40.277	52
40.277	52
40.2771	52
40.2771	52
40.2771	52
40.2773	52
41.4278	52
41.4278	52
41.4278	52
41.4279	52
41.428	52
41.428	52
41.4281	52
41.4283	52
41.4286	52
42.2708	52
42.2708	52
42.2708	52
42.2709	52
42.271	52
42.2711	52
42.2711	52
42.2713	52
42.6296	52
42.6296	52
42.6296	52
42.6296	52
42.6296	52
42.6297	52
42.6298	52
42.6299	52
42.6307	52
42.6309	52
42.6316	52
43.2087	52
43.2087	52
43.2087	52
43.2087	52
43.2087	52
43.209	52
43.2093	52
43.2121	52
43.2205	52
43.2206	52
43.2707	52
43.2707	52
43.2708	52
43.2708	52
43.2709	52
43.2712	52
43.2718	52
43.2721	52
43.2727	52
43.4403	52
43.4403	52
43.4403	52
43.4403	52
43.4403	52
43.4403	52
43.4403	52
43.4408	52
43.4409	52
44.1164	52
44.1164	52
44.1164	52
44.1164	52
44.1165	52
44.1166	52
44.1166	52
44.1169	52
44.1177	52
44.3597	52
44.3598	52
44.3598	52
44.3598	52
44.3598	52
44.3599	52
44.3599	52
44.3599	52
44.3603	52
44.4109	52
44.4109	52
44.4109	52
44.411	52
44.411	52
44.4111	52
44.4111	52
44.4113	52
44.4126	52
44.4135	52
44.7712	52
44.7712	52
44.7713	52
44.7713	52
44.7713	52
44.7714	52
44.7715	52
44.7724	52
44.9423	52
44.9423	52
44.9423	52
44.9424	52
44.9425	52
44.9425	52
44.9425	52
44.9436	52
44.9442	52
44.9447	52
45.5204	52
45.5204	52
45.5204	52
45.5204	52
45.5205	52
45.5205	52
45.5205	52
45.5205	52
45.521	52
45.8334	52
45.8334	52
45.8335	52
45.8335	52
45.8335	52
45.8335	52
45.8337	52
45.835	52
45.8356	52
45.8358	52
45.8543	52
45.8543	52
45.8543	52
45.8543	52
45.8544	52
45.8544	52
45.8545	52
45.8546	52
46.4025	52
46.4025	52
46.4025	52
46.4026	52
46.4026	52
46.4027	52
46.4027	52
46.4029	52
46.4031	52
46.4031	52
46.4969	52
46.4969	52
46.497	52
46.497	52
46.497	52
46.497	52
46.497	52
46.4975	52
46.4983	52
47.1021	52
47.1021	52
47.1021	52
47.1021	52
47.1021	52
47.1022	52
47.1024	52
47.1024	52
47.1025	52
47.1026	52
50.0782	52
50.0782	52
50.0783	52
50.0783	52
50.0783	52
50.0784	52
50.0784	52
50.079	52
51.0073	52
51.0073	52
51.0073	52
51.0073	52
51.0073	52
51.0074	52
51.0074	52
51.0076	52
51.0078	52
51.008	52
52.5536	52
52.5536	52
52.5536	52
52.5536	52
52.5536	52
52.5536	52
52.5537	52
52.5539	52
52.554	52
52.6092	52
52.6092	52
52.6092	52
52.6093	52
52.6093	52
52.6093	52
52.6095	52
52.6095	52
52.6096	52
52.6096	52
52.6099	52
53.971	52
53.9711	52
53.9711	52
53.9711	52
53.9712	52
53.9712	52
53.9712	52
53.9719	52
55.5756	52
55.5757	52
55.5757	52
55.5757	52
55.5757	52
55.5757	52
55.5759	52
55.576	52
55.5761	52
55.5764	52
55.8881	52
55.8881	52
55.8881	52
55.8881	52
55.8882	52
55.8884	52
55.8884	52
55.8884	52
55.8885	52
56.3035	52
56.3035	52
56.3036	52
56.3036	52
56.3036	52
56.3036	52
56.3038	52
56.3044	52
56.308	52
56.3088	52
57.1229	52
57.1229	52
57.1229	52
57.1229	52
57.1232	52
57.1234	52
57.1234	52
57.1236	52
57.1239	52
57.2033	52
57.2033	52
57.2033	52
57.2034	52
57.2034	52
57.2034	52
57.2036	52
57.2043	52
57.2049	52
57.9497	52
57.9497	52
57.9497	52
57.9497	52
57.9498	52
57.9498	52
57.9499	52
57.9499	52
57.9502	52
59.2162	52
59.2162	52
59.2163	52
59.2163	52
59.2163	52
59.2163	52
59.2164	52
59.2166	52
59.2175	52
59.4866	52
59.4866	52
59.4866	52
59.4866	52
59.4867	52
59.4867	52
59.4867	52
59.4869	52
59.4876	52
59.4878	52
59.6388	52
59.6388	52
59.6388	52
59.6388	52
59.6388	52
59.6389	52
59.639	52
59.6406	52
60.0697	52
60.0697	52
60.0697	52
60.0697	52
60.0697	52
60.0698	52
60.0698	52
60.7924	52
60.7924	52
60.7924	52
60.7924	52
60.7924	52
60.7926	52
60.7926	52
60.7928	52
60.7928	52
60.7931	52
60.7936	52
61.025	52
61.0251	52
61.0251	52
61.0251	52
61.0252	52
61.0253	52
61.0259	52
61.026	52
61.0274	52
61.0282	52
61.3455	52
61.3455	52
61.3455	52
61.3455	52
61.3458	52
61.3458	52
61.3459	52
61.3461	52
61.3465	52
61.4899	52
61.4899	52
61.49	52
61.49	52
61.49	52
61.4901	52
61.4902	52
61.4917	52
61.4923	52
61.6847	52
61.6847	52
61.6847	52
61.6847	52
61.6848	52
61.685	52
61.685	52
61.6853	52
61.6862	52
62.4891	52
62.4891	52
62.4891	52
62.4891	52
62.4891	52
62.4892	52
62.4895	52
62.4903	52
62.5107	52
62.5108	52
62.5109	52
62.5118	52
62.5133	52
62.7492	52
62.7493	52
62.7493	52
62.7493	52
62.7493	52
62.7494	52
62.7495	52
62.7497	52
62.7506	52
62.7509	52
62.7516	52
62.7682	52
62.7688	52
62.8121	52
62.8121	52
62.8121	52
62.8122	52
62.8122	52
62.8122	52
62.8125	52
62.8125	52
62.8139	52
62.8141	52
63.0625	52
63.0625	52
63.0625	52
63.0626	52
63.0626	52
63.0626	52
63.0626	52
63.0628	52
63.0629	52
63.0635	52
63.1063	52
63.1063	52
63.1063	52
63.1063	52
63.1064	52
63.1065	52
63.1067	52
63.107	52
63.4614	52
63.4614	52
63.4614	52
63.4615	52
63.4615	52
63.4616	52
63.4616	52
63.4617	52
63.4617	52
63.6696	52
63.6696	52
63.6696	52
63.6696	52
63.6696	52
63.6697	52
63.6697	52
63.6701	52
63.6702	52
64.2256	52
64.2256	52
64.2256	52
64.2256	52
64.2257	52
64.2258	52
64.2258	52
64.2258	52
64.226	52
64.2269	52
64.4299	52
64.4299	52
64.4299	52
64.43	52
64.4301	52
64.4302	52
64.4302	52
64.4302	52
64.4304	52
64.4306	52
64.5709	52
64.571	52
64.571	52
64.571	52
64.571	52
64.571	52
64.5711	52
64.5714	52
64.5719	52
64.5726	52
64.5727	52
64.7081	52
64.7081	52
64.7081	52
64.7082	52
64.7083	52
64.7083	52
64.7086	52
64.7098	52
64.711	52
64.7253	52
64.7254	52
64.7258	52
64.7261	52
64.7268	52
64.7269	52
64.7361	52
64.7362	52
64.7363	52
64.7365	52
64.7366	52
64.9509	52
64.9509	52
64.9509	52
64.9509	52
64.951	52
64.951	52
64.9511	52
64.9518	52
65.0965	52
65.0966	52
65.0966	52
65.0966	52
65.0966	52
65.0966	52
65.0967	52
65.0967	52
65.0967	52
65.0971	52
65.1014	52
65.1015	52
65.1026	52
65.103	52
65.9961	52
65.9961	52
65.9962	52
65.9962	52
65.9963	52
65.9964	52
65.9966	52
65.997	52
65.9974	52
66.1392	52
66.1392	52
66.1392	52
66.1392	52
66.1393	52
66.1393	52
66.1393	52
66.1398	52
66.1399	52
66.8716	52
66.8716	52
66.8716	52
66.8716	52
66.8716	52
66.8717	52
66.8717	52
66.8719	52
66.872	52
67.6459	52
67.6459	52
67.6459	52
67.646	52
67.646	52
67.646	52
67.6461	52
67.6471	52
67.659	52
67.6591	52
67.6592	52
67.6617	52
67.6619	52
67.6621	52
68.3186	52
68.3186	52
68.3186	52
68.3187	52
68.3187	52
68.3187	52
68.3189	52
69.4043	52
69.4043	52
69.4044	52
69.4044	52
69.4044	52
69.4045	52
69.4045	52
69.4046	52
69.405	52
69.4052	52
69.4063	52
69.823	52
69.823	52
69.823	52
69.8231	52
69.8231	52
69.8231	52
69.8231	52
69.8232	52
69.8243	52
69.8249	52
70.205	52
70.205	52
70.205	52
70.205	52
70.205	52
70.2051	52
70.2052	52
70.2061	52
70.2083	52
70.2758	52
70.2759	52
70.2759	52
70.2759	52
70.2759	52
70.2759	52
70.276	52
70.2763	52
70.2776	52
70.8349	52
70.8349	52
70.8349	52
70.8349	52
70.8349	52
70.8349	52
70.835	52
71.2751	52
71.2751	52
71.2751	52
71.2751	52
71.2751	52
71.2751	52
71.2752	52
71.2753	52
71.2754	52
71.2755	52
71.2756	52
71.2758	52
71.7249	52
71.725	52
71.725	52
71.725	52
71.725	52
71.725	52
71.7251	52
71.7254	52
71.726	52
71.7919	52
71.792	52
71.792	52
71.792	52
71.792	52
71.792	52
71.792	52
71.7928	52
71.8221	52
71.8222	52
71.8222	52
71.8222	52
71.8222	52
71.8222	52
71.8223	52
71.8239	52
71.8239	52
71.8243	52
72.9582	52
72.9582	52
72.9582	52
72.9582	52
72.9582	52
72.9583	52
72.9583	52
73.7582	52
73.7582	52
73.7582	52
73.7582	52
73.7583	52
73.7583	52
73.7584	52
73.7586	52
73.7586	52
73.7593	52
73.7596	52
74.3325	52
74.3325	52
74.3325	52
74.3325	52
74.3325	52
74.3326	52
74.3327	52
74.3332	52
74.3622	52
74.3622	52
74.3622	52
74.3623	52
74.3624	52
74.3624	52
74.3625	52
74.3626	52
74.3627	52
74.3628	52
74.677	52
74.677	52
74.677	52
74.6771	52
74.6771	52
74.6771	52
74.6772	52
74.6772	52
74.6779	52
74.7333	52
74.7333	52
74.7333	52
74.7333	52
74.7333	52
74.7334	52
74.7334	52
74.7335	52
74.7366	52
74.8068	52
74.8068	52
74.8068	52
74.8068	52
74.8069	52
74.8071	52
74.8071	52
74.8073	52
75.4613	52
75.4613	52
75.4613	52
75.4613	52
75.4613	52
75.4614	52
75.4617	52
75.4622	52
75.4624	52
75.5521	52
75.5521	52
75.5521	52
75.5521	52
75.5522	52
75.5522	52
75.5523	52
75.911	52
75.911	52
75.911	52
75.911	52
75.9111	52
75.9112	52
75.9114	52
75.9124	52
76.0532	52
76.0533	52
76.0533	52
76.0533	52
76.0533	52
76.0533	52
76.0533	52
76.0535	52
76.054	52
76.0541	52
76.1033	52
76.1033	52
76.1034	52
76.1034	52
76.1034	52
76.1035	52
76.1037	52
76.1038	52
76.1044	52
76.1044	52
76.1045	52
76.1121	52
76.1121	52
76.1121	52
76.1123	52
76.5318	52
76.5318	52
76.5319	52
76.5319	52
76.5319	52
76.5319	52
76.5323	52
76.533	52
76.5334	52
77.0772	52
77.0772	52
77.0772	52
77.0772	52
77.0773	52
77.0773	52
77.0774	52
77.0779	52
77.2108	52
77.2108	52
77.2109	52
77.2109	52
77.2109	52
77.2112	52
77.2113	52
77.4722	52
77.4722	52
77.4722	52
77.4722	52
77.4723	52
77.4723	52
77.4723	52
77.4723	52
77.4725	52
77.4727	52
77.473	52
77.4731	52
77.5134	52
77.5135	52
77.5135	52
77.5135	52
77.5136	52
77.5137	52
77.5138	52
78.2531	52
78.2531	52
78.2531	52
78.2532	52
78.2532	52
78.2532	52
78.2532	52
78.2537	52
78.2546	52
78.4551	52
78.4551	52
78.4552	52
78.4552	52
78.4552	52
78.4553	52
78.4553	52
78.4555	52
78.4556	52
78.5041	52
78.5042	52
78.5042	52
78.5042	52
78.5042	52
78.5042	52
78.5047	52
78.5048	52
80.0651	52
80.0651	52
80.0651	52
80.0651	52
80.0651	52
80.0651	52
80.0652	52
80.0659	52
80.3266	52
80.3266	52
80.3266	52
80.3266	52
80.3267	52
80.3268	52
80.3271	52
80.3284	52
80.3299	52
80.33	52
80.33	52
81.0635	52
81.0635	52
81.0635	52
81.0635	52
81.0636	52
81.0636	52
81.0637	52
81.0642	52
81.0646	52
81.0649	52
81.065	52
81.7425	52
81.7425	52
81.7425	52
81.7426	52
81.7426	52
81.7427	52
81.7427	52
81.7427	52
81.7438	52
82.1724	52
82.1724	52
82.1724	52
82.1724	52
82.1725	52
82.1725	52
82.1725	52
82.1737	52
82.1737	52
83.5626	52
83.5627	52
83.5627	52
83.5627	52
83.5627	52
83.5628	52
83.5628	52
83.5628	52
83.563	52
83.5687	52
83.5687	52
83.569	52
83.7928	52
83.7928	52
83.7928	52
83.7929	52
83.7929	52
83.7929	52
83.7933	52
83.7951	52
83.7953	52
84.4191	52
84.4191	52
84.4191	52
84.4191	52
84.4191	52
84.4191	52
84.4197	52
84.4199	52
84.4208	52
84.7632	52
84.7632	52
84.7633	52
84.7633	52
84.7633	52
84.7633	52
84.7634	52
84.7636	52
84.7652	52
84.8169	52
84.8169	52
84.8169	52
84.8169	52
84.817	52
84.817	52
84.8172	52
84.8173	52
84.8176	52
85.6753	52
85.6754	52
85.6754	52
85.6754	52
85.6754	52
85.6754	52
85.6754	52
85.6756	52
85.6775	52
85.6789	52
85.6792	52
85.6801	52
86.1347	52
86.1347	52
86.1347	52
86.1347	52
86.1348	52
86.1349	52
86.1349	52
86.1359	52
86.9441	52
86.9441	52
86.9441	52
86.9441	52
86.9442	52
86.9442	52
86.9443	52
86.9445	52
86.9446	52
86.9448	52
88.2915	52
88.2915	52
88.2916	52
88.2916	52
88.2916	52
88.2917	52
88.2918	52
88.5587	52
88.5587	52
88.5588	52
88.5588	52
88.5588	52
88.5588	52
88.559	52
88.5593	52
88.5603	52
88.5618	52
88.9072	52
88.9072	52
88.9073	52
88.9073	52
88.9074	52
88.9074	52
88.9074	52
88.9075	52
88.9087	52
89.0743	52
89.0743	52
89.0743	52
89.0744	52
89.0744	52
89.0745	52
89.0745	52
89.0764	52
89.0772	52
89.0789	52
89.7974	52
89.7974	52
89.7975	52
89.7975	52
89.7976	52
89.7976	52
89.7977	52
89.7978	52
91.3739	52
91.3739	52
91.3739	52
91.374	52
91.374	52
91.374	52
91.374	52
91.3759	52
92.6009	52
92.601	52
92.601	52
92.601	52
92.601	52
92.601	52
92.6012	52
92.6014	52
92.6036	52
93.6892	52
93.6892	52
93.6893	52
93.6894	52
93.6894	52
93.6894	52
93.6894	52
93.6896	52
93.6909	52
93.6909	52
93.6912	52
94.0424	52
94.0424	52
94.0425	52
94.0425	52
94.0425	52
94.0425	52
94.0427	52
94.0712	52
94.0712	52
94.0712	52
94.0713	52
94.0713	52
94.0714	52
94.294	52
94.294	52
94.294	52
94.2941	52
94.2942	52
94.2943	52
94.2944	52
94.2946	52
94.2946	52
94.2947	52
94.2958	52
94.6597	52
94.6597	52
94.6597	52
94.6597	52
94.6598	52
94.6598	52
94.6598	52
94.66	52
94.6605	52
95.0434	52
95.0434	52
95.0435	52
95.0436	52
95.0436	52
95.0436	52
95.0437	52
95.0439	52
95.0442	52
95.0451	52
96.0587	52
96.0587	52
96.0587	52
96.0588	52
96.0588	52
96.0588	52
96.059	52
96.06	52
96.0603	52
96.1564	52
96.1564	52
96.1564	52
96.1564	52
96.1565	52
96.1565	52
96.1565	52
96.1566	52
96.1569	52
96.6908	52
96.6908	52
96.6908	52
96.6908	52
96.6908	52
96.6908	52
96.6909	52
96.6909	52
96.6911	52
97.5072	52
97.5072	52
97.5072	52
97.5072	52
97.5073	52
97.5073	52
97.5073	52
98.3119	52
98.3119	52
98.3119	52
98.3119	52
98.3119	52
98.312	52
98.3121	52
98.3122	52
98.5609	52
98.5609	52
98.5609	52
98.5609	52
98.5609	52
98.5609	52
98.5612	52
98.5614	52
98.5625	52
98.8499	52
98.8499	52
98.8499	52
98.8499	52
98.85	52
98.85	52
98.8501	52
98.8501	52
99.6565	52
99.6565	52
99.6565	52
99.6565	52
99.6566	52
99.6566	52
99.6569	52
99.6569	52
99.6573	52
99.6579	52
99.7154	52
99.7154	52
99.7154	52
99.7154	52
99.7154	52
99.7154	52
99.7155	52
99.7155	52
99.7158	52
99.7179	52
