1.69968e-10	0
2.60093e-10	1
3.40248e-10	2
6.65903e-10	3
9.09168e-10	4
1.09819e-09	5
2.71226e-09	6
3.04032e-09	7
3.27307e-09	8
3.29061e-09	9
4.35832e-09	9
4.74013e-09	10
4.79873e-09	11
4.82418e-09	12
5.00821e-09	13
5.51309e-09	14
5.92055e-09	14
8.63094e-09	15
9.46687e-09	16
1.23431e-08	17
2.21763e-08	18
4.12083e-08	19
4.16291e-08	20
5.97564e-08	20
7.77859e-08	20
7.97602e-08	20
9.1111e-08	20
9.70043e-08	20
9.72738e-08	20
1.02623e-07	20
1.06222e-07	20
1.18783e-07	20
1.18783e-07	20
1.45367e-07	20
1.50123e-07	20
1.56461e-07	20
1.67371e-07	20
1.67614e-07	20
1.7456e-07	20
1.75906e-07	20
1.91617e-07	20
1.98033e-07	20
2.07778e-07	20
2.12401e-07	20
2.17291e-07	20
2.32693e-07	20
2.4679e-07	20
2.48082e-07	20
2.48798e-07	20
2.49681e-07	20
2.51687e-07	20
2.74579e-07	20
2.75366e-07	20
2.83739e-07	20
3.01435e-07	20
3.06119e-07	20
3.22343e-07	20
3.3726e-07	20
3.44748e-07	20
3.49743e-07	20
3.51649e-07	20
3.59151e-07	20
3.78078e-07	20
3.98344e-07	20
4.06748e-07	20
4.11896e-07	20
4.20533e-07	20
4.55772e-07	20
4.56719e-07	20
4.64003e-07	20
4.68187e-07	20
4.74919e-07	20
5.03396e-07	20
5.278e-07	20
5.35362e-07	20
5.37901e-07	20
5.41908e-07	20
5.7414e-07	20
5.86554e-07	20
5.89474e-07	20
6.20822e-07	20
6.24316e-07	20
6.469e-07	20
6.61351e-07	20
6.68139e-07	20
6.75199e-07	20
6.81426e-07	20
6.84056e-07	20
6.85026e-07	20
6.9032e-07	20
6.97306e-07	20
7.01814e-07	20
7.08605e-07	20
7.2859e-07	20
7.34543e-07	20
7.45307e-07	20
7.52587e-07	20
7.56078e-07	20
7.85932e-07	20
7.88838e-07	20
7.90114e-07	20
8.11045e-07	20
8.25808e-07	20
8.26169e-07	20
8.35803e-07	20
8.49217e-07	20
8.49607e-07	20
8.53732e-07	20
8.61294e-07	20
8.77451e-07	20
8.77721e-07	20
8.80115e-07	20
8.81168e-07	20
8.8779e-07	20
9.14251e-07	20
9.18033e-07	20
9.20748e-07	20
9.49029e-07	20
9.57334e-07	20
9.68357e-07	20
9.9833e-07	20
1.00041e-06	20
1.0012e-06	20
1.016e-06	20
1.0716e-06	20
1.07391e-06	20
1.08708e-06	20
1.09271e-06	20
1.09398e-06	20
1.16467e-06	20
1.16469e-06	20
1.20722e-06	20
1.24761e-06	20
1.26671e-06	20
1.27844e-06	20
1.2795e-06	20
1.29415e-06	20
1.29906e-06	20
1.30331e-06	20
1.30853e-06	20
1.33809e-06	20
1.36372e-06	20
1.38848e-06	20
1.39892e-06	20
1.39986e-06	20
1.46053e-06	20
1.47508e-06	20
1.52113e-06	20
1.53935e-06	20
1.55481e-06	20
1.56454e-06	20
1.57848e-06	20
1.58013e-06	20
1.60778e-06	20
1.62477e-06	20
1.6371e-06	20
1.64589e-06	20
1.65405e-06	20
1.65427e-06	20
1.65882e-06	20
1.68662e-06	20
1.69913e-06	20
1.77414e-06	20
1.83059e-06	20
1.85397e-06	20
1.92613e-06	20
1.93276e-06	20
1.94229e-06	20
2.00144e-06	20
2.03506e-06	20
2.10643e-06	20
2.12906e-06	20
2.14005e-06	20
2.15455e-06	20
2.19908e-06	20
2.20271e-06	20
2.20385e-06	20
2.2579e-06	20
2.27912e-06	20
2.28689e-06	20
2.29366e-06	20
2.3134e-06	20
2.39779e-06	20
2.40224e-06	20
2.40444e-06	20
2.40978e-06	20
2.46054e-06	20
2.4937e-06	20
2.50143e-06	20
2.53196e-06	20
2.55613e-06	20
2.5979e-06	20
2.66711e-06	20
2.66976e-06	20
2.67863e-06	20
2.68342e-06	20
2.68453e-06	20
2.68594e-06	20
2.70918e-06	20
2.7104e-06	20
2.7201e-06	20
2.75283e-06	20
2.80207e-06	20
2.81192e-06	20
2.82857e-06	20
2.83414e-06	20
2.88486e-06	20
2.88981e-06	20
2.89803e-06	20
2.91894e-06	20
2.93089e-06	20
2.94185e-06	20
2.95109e-06	20
3.00729e-06	20
3.0461e-06	20
3.06779e-06	20
3.12826e-06	20
3.22832e-06	20
3.3674e-06	20
3.37854e-06	20
3.40326e-06	20
3.40591e-06	20
3.42024e-06	20
3.42832e-06	20
3.43231e-06	20
3.45397e-06	20
3.50938e-06	20
3.5305e-06	20
3.53172e-06	20
3.544e-06	20
3.54594e-06	20
3.56567e-06	20
3.70267e-06	20
3.73151e-06	20
3.73638e-06	20
3.79757e-06	20
3.80785e-06	20
3.87431e-06	20
3.9762e-06	20
4.0239e-06	20
4.02635e-06	20
4.11964e-06	20
4.13873e-06	20
4.19254e-06	20
4.22553e-06	20
4.2564e-06	20
4.4784e-06	20
4.50189e-06	20
4.61652e-06	20
4.63746e-06	20
4.64347e-06	20
4.67881e-06	20
4.74546e-06	20
4.91638e-06	20
5.02041e-06	20
5.11991e-06	20
5.18225e-06	20
5.49022e-06	20
5.53992e-06	20
5.61436e-06	20
5.72734e-06	20
6.47428e-06	20
6.60701e-06	20
7.23314e-06	20
7.23508e-06	20
7.29803e-06	20
7.35428e-06	20
7.42804e-06	20
7.75002e-06	20
8.22416e-06	20
8.54168e-06	20
8.82307e-06	20
8.89281e-06	20
8.98511e-06	20
9.14356e-06	20
9.26365e-06	20
9.51172e-06	20
9.78186e-06	20
1.02074e-05	20
1.0368e-05	20
1.12872e-05	20
1.14786e-05	20
1.20348e-05	20
1.2126e-05	20
1.23289e-05	20
1.24076e-05	20
1.28288e-05	20
1.34103e-05	20
1.37164e-05	20
1.43765e-05	20
1.4514e-05	20
1.52299e-05	20
1.5478e-05	20
1.5626e-05	20
1.56342e-05	20
1.58459e-05	20
1.61617e-05	20
1.64731e-05	20
1.69549e-05	20
1.69578e-05	20
1.6999e-05	20
1.7042e-05	20
1.71749e-05	20
1.75872e-05	20
1.75968e-05	20
1.76139e-05	20
1.78998e-05	20
1.79136e-05	20
1.79401e-05	20
1.81085e-05	20
1.82097e-05	20
1.83094e-05	20
1.84316e-05	20
1.86697e-05	20
1.87335e-05	20
1.87561e-05	20
1.89483e-05	20
1.90527e-05	20
1.95856e-05	20
2.03859e-05	20
2.05618e-05	20
2.07462e-05	20
2.09617e-05	20
2.10879e-05	20
2.12321e-05	20
2.19134e-05	20
2.21749e-05	20
2.25198e-05	20
2.28308e-05	20
2.35605e-05	20
2.41012e-05	20
2.48346e-05	20
2.48348e-05	20
2.48893e-05	20
2.50797e-05	20
2.5491e-05	20
2.5601e-05	20
2.59937e-05	20
2.63246e-05	20
2.66103e-05	20
2.75098e-05	20
2.78088e-05	20
2.78209e-05	20
2.78509e-05	20
2.84136e-05	20
2.84351e-05	20
2.89587e-05	20
3.03729e-05	20
3.064e-05	20
3.08628e-05	20
3.12464e-05	20
3.18497e-05	20
3.20369e-05	20
3.20961e-05	20
3.22307e-05	20
3.23089e-05	20
3.24232e-05	20
3.27416e-05	20
3.35769e-05	20
3.39198e-05	20
3.62526e-05	20
3.66908e-05	20
3.68708e-05	20
3.71079e-05	20
4.21606e-05	20
4.22088e-05	20
4.27146e-05	20
4.30681e-05	20
4.32216e-05	20
4.35074e-05	20
4.55718e-05	20
4.5833e-05	20
4.67864e-05	20
4.67926e-05	20
4.68192e-05	20
4.7132e-05	20
4.73379e-05	20
4.74424e-05	20
4.78013e-05	20
4.81891e-05	20
4.83399e-05	20
4.84337e-05	20
4.87223e-05	20
4.95201e-05	20
5.00933e-05	20
5.04866e-05	20
5.0673e-05	20
5.12097e-05	20
5.17552e-05	20
5.22044e-05	20
5.25945e-05	20
5.30677e-05	20
5.38171e-05	20
5.46152e-05	20
5.47074e-05	20
5.48679e-05	20
5.55729e-05	20
5.81329e-05	20
5.83007e-05	20
5.88965e-05	20
6.01635e-05	20
6.06855e-05	20
6.08632e-05	20
6.11926e-05	20
6.14237e-05	20
6.16826e-05	20
6.18193e-05	20
6.18768e-05	20
6.18973e-05	20
6.21466e-05	20
6.2466e-05	20
6.3267e-05	20
6.34839e-05	20
6.37861e-05	20
6.4559e-05	20
6.59991e-05	20
6.60997e-05	20
6.62082e-05	20
6.63217e-05	20
6.92889e-05	20
6.99162e-05	20
7.05689e-05	20
7.08717e-05	20
7.17426e-05	20
7.18964e-05	20
7.29846e-05	20
7.40105e-05	20
7.41422e-05	20
7.45814e-05	20
7.4675e-05	20
7.58074e-05	20
7.97566e-05	20
8.10963e-05	20
8.23047e-05	20
8.38306e-05	20
8.46456e-05	20
8.63563e-05	20
8.63951e-05	20
8.9421e-05	20
8.95309e-05	20
9.16248e-05	20
9.253e-05	20
9.25498e-05	20
9.59793e-05	20
9.76089e-05	20
9.88966e-05	20
9.89867e-05	20
0.00010327	20
0.000104455	20
0.00010622	20
0.000106832	20
0.000107368	20
0.000107939	20
0.000107959	20
0.000109767	20
0.000109891	20
0.000110031	20
0.000110428	20
0.000112619	20
0.000112643	20
0.000113709	20
0.000115339	20
0.000117899	20
0.000119259	20
0.000120743	20
0.000122525	20
0.000124365	20
0.000126266	20
0.000128259	20
0.000132891	20
0.000133045	20
0.000134309	20
0.00013445	20
0.000134921	20
0.000135016	20
0.000141234	20
0.000142414	20
0.000142533	20
0.00014265	20
0.00014315	20
0.000143459	20
0.000147841	20
0.000148835	20
0.000151672	20
0.000157101	20
0.000158165	20
0.000161192	20
0.000162954	20
0.000166315	20
0.000168182	20
0.000171282	20
0.000173775	20
0.000176767	20
0.00017791	20
0.000179596	20
0.000180089	20
0.000186676	20
0.000190005	20
0.00019912	20
0.000201481	20
0.000204828	20
0.000208413	20
0.000222289	20
0.000239128	20
0.000245426	20
0.000252043	20
0.000264471	20
0.000265584	20
0.000277095	20
0.000283612	20
0.000350278	20
0.000352193	20
0.000354314	20
0.00036384	20
0.000375249	20
0.000383246	20
0.000398221	20
0.000466569	20
0.000485528	20
0.00057685	20
0.000592242	20
0.000616773	20
0.000618483	20
0.000665909	20
0.000674607	20
0.000694944	20
0.000859746	20
0.000885471	20
0.000889964	20
0.000920979	20
0.00096722	20
0.00102062	20
0.00106353	20
0.00107442	20
0.00116431	20
0.00125373	20
0.0012574	20
0.00129323	20
0.0013423	20
0.00139801	20
0.00142173	20
0.00161015	20
0.00163968	20
0.0019026	20
0.00217246	20
0.0022637	20
0.00273997	20
0.0027417	20
0.00274289	20
0.00274342	20
0.00274557	20
0.00274605	20
0.00274813	20
0.00274839	20
0.00275188	20
0.0027535	20
0.0027535	20
0.00275358	20
0.00275388	20
0.00275491	20
0.0027553	20
0.00275758	20
0.00276909	20
0.00277082	20
0.00278249	20
0.0027961	20
0.00284272	20
0.00295789	20
0.00299399	20
0.00343931	20
0.00380349	20
0.00436436	20
0.0046495	20
0.00509079	20
0.00703851	20
0.00704028	20
0.00704705	20
0.00708183	20
0.00712105	20
0.00833804	20
0.00833812	20
0.00833861	20
0.00833899	20
0.00833937	20
0.00834109	20
0.00834115	20
0.00834246	20
0.00834393	20
0.00834399	20
0.00834441	20
0.00834446	20
0.00834653	20
0.00835237	20
0.00835493	20
0.00835669	20
0.00836059	20
0.0083612	20
0.00836535	20
0.00836903	20
0.00837628	20
0.00838048	20
0.00839172	20
0.00870122	20
0.00905766	20
0.00905808	20
0.00905827	20
0.0090583	20
0.00905831	20
0.00905842	20
0.00905857	20
0.00905926	20
0.00905932	20
0.00905936	20
0.00905994	20
0.00906011	20
0.0090603	20
0.00906039	20
0.00906061	20
0.00906078	20
0.00906083	20
0.00906123	20
0.00906171	20
0.00906195	20
0.00906274	20
0.00906313	20
0.0090635	20
0.00906353	20
0.00906368	20
0.00906431	20
0.00906455	20
0.00906529	20
0.00906548	20
0.00906586	20
0.00906589	20
0.00906601	20
0.00906644	20
0.00906665	20
0.00906738	20
0.00906769	20
0.00906806	20
0.00908245	20
0.0105251	20
0.0105279	20
0.0105298	20
0.0105406	20
0.0105559	20
0.010594	20
0.0106092	20
0.0106424	20
0.0106522	20
0.0106928	20
0.0107344	20
0.0107551	20
0.0107727	20
0.0107892	20
0.0108218	20
0.0108359	20
0.0108549	20
0.0108769	20
0.0109198	20
0.0109701	20
0.0110073	20
0.0110624	20
0.0111269	20
0.0111288	20
0.0111294	20
0.0111873	20
0.0112069	20
0.0112706	20
0.0112787	20
0.0112791	20
0.0112811	20
0.0112815	20
0.0112836	20
0.011285	20
0.0112891	20
0.0112919	20
0.011292	20
0.0112931	20
0.0112942	20
0.0112981	20
0.0113009	20
0.0113054	20
0.0113105	20
0.0113162	20
0.0113216	20
0.0113333	20
0.0113388	20
0.0113443	20
0.0113914	20
0.0114313	20
0.0115075	20
0.0115187	20
0.0115216	20
0.0115738	20
0.0116553	20
0.0117656	20
0.0117685	20
0.0119969	20
0.0124546	20
0.0124554	20
0.0124622	20
0.0124636	20
0.0124664	20
0.0124691	20
0.0124696	20
0.0124728	20
0.0124787	20
0.0124849	20
0.0125029	20
0.0125064	20
0.0125299	20
0.0126185	20
0.0130491	20
0.0133681	20
0.0135726	20
0.0135727	20
0.0135738	20
0.0135741	20
0.0135745	20
0.0135747	20
0.0135747	20
0.013575	20
0.0135751	20
0.0135751	20
0.0135754	20
0.0135756	20
0.0135758	20
0.0135763	20
0.0135764	20
0.0135767	20
0.0135777	20
0.0135779	20
0.0135784	20
0.0135784	20
0.0135785	20
0.0135815	20
0.0135816	20
0.013582	20
0.013582	20
0.013583	20
0.0135853	20
0.0135863	20
0.0135899	20
0.0135917	20
0.0135918	20
0.0135927	20
0.0135927	20
0.013596	20
0.0135969	20
0.0136001	20
0.0136024	20
0.0136112	20
0.0136113	20
0.0136185	20
0.0136207	20
0.0136325	20
0.0136342	20
0.0136525	20
0.0136583	20
0.0137542	20
0.0155091	20
0.0155184	20
0.01558	20
0.0156192	20
0.0156815	20
0.0157049	20
0.0157756	20
0.015782	20
0.0157838	20
0.0158106	20
0.0158333	20
0.0158634	20
0.0160314	20
0.0160967	20
0.0161991	20
0.0163568	20
0.0165514	20
0.0165919	20
0.0165941	20
0.0166021	20
0.0168627	20
0.0171913	20
0.0177541	20
0.0178867	20
0.0178874	20
0.017888	20
0.017891	20
0.0178919	20
0.0179056	20
0.0179094	20
0.0179146	20
0.017916	20
0.0179166	20
0.0179176	20
0.0179236	20
0.0179244	20
0.0179438	20
0.0179446	20
0.0182515	20
0.018332	20
0.0186284	20
0.0186546	20
0.0196306	20
0.0196308	20
0.0196315	20
0.0196317	20
0.0196319	20
0.0196322	20
0.0196325	20
0.0196328	20
0.0196337	20
0.0196343	20
0.0196349	20
0.0196349	20
0.019635	20
0.0196354	20
0.0196355	20
0.0196363	20
0.0196365	20
0.0196366	20
0.0196367	20
0.0196376	20
0.0196382	20
0.0196385	20
0.0196389	20
0.0196389	20
0.0196393	20
0.0196396	20
0.0196404	20
0.0196405	20
0.0196412	20
0.0196423	20
0.0196426	20
0.0196437	20
0.0196448	20
0.0196466	20
0.0196467	20
0.0196478	20
0.0196483	20
0.0196512	20
0.0196525	20
0.019653	20
0.0196532	20
0.0196533	20
0.0196541	20
0.0196559	20
0.0196561	20
0.0196579	20
0.019659	20
0.0196624	20
0.019665	20
0.0196661	20
0.0196702	20
0.0196732	20
0.0196736	20
0.0196765	20
0.0196809	20
0.0196848	20
0.0196854	20
0.0196962	20
0.0196968	20
0.0197021	20
0.0197074	20
0.0197134	20
0.0197153	20
0.0197349	20
0.0197355	20
0.0197665	20
0.0197738	20
0.0198054	20
0.0198322	20
0.0198511	20
0.0198536	20
0.0199835	20
0.0199859	20
0.0200174	20
0.0200516	20
0.0200537	20
0.0200925	20
0.0200955	20
0.0200961	20
0.0200994	20
0.0200995	20
0.0201013	20
0.0201042	20
0.0201043	20
0.0201087	20
0.0201092	20
0.0201104	20
0.0201113	20
0.020115	20
0.0201151	20
0.0201189	20
0.020121	20
0.0201289	20
0.0201369	20
0.0201785	20
0.0202863	20
0.0203356	20
0.0203361	20
0.0203381	20
0.0203393	20
0.0203396	20
0.0203401	20
0.0203414	20
0.0203416	20
0.0203425	20
0.0203426	20
0.020344	20
0.0203441	20
0.0203475	20
0.0203482	20
0.0203508	20
0.0203508	20
0.0203571	20
0.020361	20
0.0203728	20
0.0203751	20
0.0203758	20
0.0203768	20
0.0203817	20
0.0203832	20
0.0203876	20
0.0203959	20
0.0204533	20
0.0206622	20
0.0212031	20
0.021205	20
0.0212079	20
0.0212089	20
0.0212117	20
0.0212121	20
0.0212163	20
0.0212186	20
0.0212189	20
0.0212211	20
0.0212217	20
0.0212238	20
0.0212305	20
0.0212404	20
0.0212412	20
0.0212437	20
0.0212447	20
0.0212575	20
0.0213684	20
0.0215385	20
0.0216849	20
0.0217775	20
0.0217788	20
0.0217805	20
0.0217832	20
0.0217926	20
0.021794	20
0.021803	20
0.021812	20
0.0218138	20
0.0218256	20
0.0218292	20
0.021982	20
0.0225776	20
0.0225776	20
0.0225777	20
0.022578	20
0.0225782	20
0.0225782	20
0.0225787	20
0.0225789	20
0.0225793	20
0.02258	20
0.0225803	20
0.0225805	20
0.022581	20
0.022581	20
0.0225811	20
0.0225812	20
0.0225812	20
0.0225816	20
0.0225816	20
0.0225818	20
0.022583	20
0.0225831	20
0.0225835	20
0.0225836	20
0.022584	20
0.0225841	20
0.0225845	20
0.022585	20
0.0225862	20
0.0225865	20
0.0225867	20
0.0225875	20
0.022588	20
0.0225884	20
0.0225885	20
0.0225887	20
0.0225893	20
0.0225896	20
0.0225897	20
0.0225924	20
0.0225926	20
0.0225935	20
0.0225939	20
0.0225941	20
0.0225963	20
0.0225969	20
0.0225974	20
0.0225983	20
0.0225992	20
0.0226007	20
0.0226067	20
0.0226085	20
0.0226085	20
0.0226115	20
0.0226117	20
0.0226203	20
0.0226223	20
0.0226258	20
0.0226375	20
0.0226579	20
0.0226639	20
0.0226804	20
0.0226811	20
0.0234658	20
0.0234757	20
0.023477	20
0.0234901	20
0.0234934	20
0.0234969	20
0.0234988	20
0.0235107	20
0.0235266	20
0.0235822	20
0.0235971	20
0.0236587	20
0.0236598	20
0.0236858	20
0.023707	20
0.0238188	20
0.023821	20
0.0238276	20
0.023849	20
0.0238501	20
0.0238568	20
0.0238669	20
0.0238856	20
0.0239084	20
0.0239198	20
0.0242304	20
0.0242316	20
0.0242352	20
0.0242416	20
0.0242432	20
0.0242464	20
0.0242482	20
0.0242564	20
0.0242607	20
0.024266	20
0.02431	20
0.0243279	20
0.0243525	20
0.0244571	20
0.0246276	20
0.0246801	20
0.0246891	20
0.02472	20
0.0247254	20
0.0250863	20
0.0251635	20
0.0251664	20
0.0255813	20
0.0255869	20
0.0257787	20
0.0261125	20
0.0266155	20
0.0266162	20
0.0266173	20
0.0266176	20
0.0266185	20
0.0266192	20
0.0266197	20
0.0266199	20
0.0266207	20
0.0266209	20
0.0266229	20
0.0266244	20
0.0266246	20
0.0266249	20
0.0266379	20
0.0266453	20
0.0266641	20
0.0266655	20
0.0272341	20
0.0272388	20
0.0272458	20
0.0272474	20
0.0272622	20
0.0272678	20
0.0280377	20
0.0280689	20
0.0280691	20
0.0280702	20
0.0280714	20
0.0280726	20
0.0280736	20
0.0280739	20
0.0280758	20
0.0280786	20
0.0280794	20
0.0280814	20
0.0280836	20
0.0280838	20
0.0280847	20
0.028086	20
0.0280863	20
0.0280876	20
0.0280897	20
0.0280913	20
0.0280926	20
0.0280954	20
0.0280962	20
0.0280972	20
0.0281006	20
0.0281013	20
0.0281173	20
0.0281173	20
0.0281193	20
0.0281311	20
0.0281338	20
0.0288369	20
0.0288536	20
0.0304329	20
0.030433	20
0.0304331	20
0.0304333	20
0.0304335	20
0.0304336	20
0.0304336	20
0.0304338	20
0.030434	20
0.0304344	20
0.0304345	20
0.0304347	20
0.0304348	20
0.030435	20
0.0304356	20
0.0304358	20
0.0304362	20
0.0304365	20
0.0304367	20
0.0304369	20
0.0304369	20
0.030437	20
0.030437	20
0.0304372	20
0.0304373	20
0.0304378	20
0.030438	20
0.0304382	20
0.0304387	20
0.0304391	20
0.0304393	20
0.0304397	20
0.0304398	20
0.0304399	20
0.03044	20
0.0304401	20
0.0304412	20
0.0304415	20
0.0304423	20
0.0304439	20
0.0304441	20
0.0304444	20
0.0304444	20
0.0304449	20
0.0304456	20
0.0304456	20
0.0304457	20
0.0304459	20
0.0304465	20
0.0304471	20
0.0304477	20
0.0304478	20
0.0304507	20
0.0304519	20
0.030452	20
0.0304527	20
0.0304539	20
0.0304545	20
0.030455	20
0.0304554	20
0.0304557	20
0.030456	20
0.030456	20
0.0304573	20
0.0304577	20
0.0304585	20
0.0304591	20
0.0304598	20
0.0304598	20
0.0304607	20
0.0304619	20
0.030462	20
0.0304624	20
0.0304632	20
0.0304646	20
0.030465	20
0.0304661	20
0.0304662	20
0.0304662	20
0.0304672	20
0.0304681	20
0.0304683	20
0.0304684	20
0.0304692	20
0.0304699	20
0.0304708	20
0.0304715	20
0.0304723	20
0.0304732	20
0.0304737	20
0.0304743	20
0.0304757	20
0.0304763	20
0.0304766	20
0.0304767	20
0.0304769	20
0.030479	20
0.0304792	20
0.0304792	20
0.0304795	20
0.0304814	20
0.0304853	20
0.0304854	20
0.0304858	20
0.0304876	20
0.0304889	20
0.0304913	20
0.030492	20
0.0304955	20
0.0304978	20
0.0304982	20
0.0304983	20
0.0305071	20
0.0305095	20
0.0305193	20
0.0305211	20
0.0305626	20
0.0305652	20
0.0305784	20
0.0305959	20
0.030633	20
0.03064	20
0.0306459	20
0.0306669	20
0.030676	20
0.0306835	20
0.0306888	20
0.0307294	20
0.0307326	20
0.0307733	20
0.0307745	20
0.0307973	20
0.0307984	20
0.0308493	20
0.0308507	20
0.0308513	20
0.0308536	20
0.0308545	20
0.0308573	20
0.0308582	20
0.0308616	20
0.0308622	20
0.030869	20
0.0308694	20
0.0308763	20
0.0309283	20
0.0309476	20
0.0309727	20
0.0310067	20
0.0310109	20
0.0311367	20
0.0312846	20
0.0313377	20
0.0313775	20
0.0313807	20
0.0314534	20
0.0315623	20
0.0316268	20
0.0316462	20
0.0316491	20
0.031682	20
0.0322339	20
0.0322341	20
0.0322342	20
0.0322343	20
0.0322346	20
0.0322349	20
0.0322352	20
0.0322353	20
0.0322354	20
0.0322355	20
0.0322356	20
0.0322367	20
0.0322368	20
0.0322369	20
0.0322373	20
0.0322375	20
0.0322379	20
0.0322381	20
0.0322382	20
0.0322389	20
0.0322392	20
0.0322394	20
0.0322397	20
0.0322399	20
0.0322402	20
0.0322411	20
0.0322411	20
0.0322416	20
0.0322416	20
0.0322419	20
0.032242	20
0.0322423	20
0.0322428	20
0.032243	20
0.0322434	20
0.0322437	20
0.0322449	20
0.0322452	20
0.0322467	20
0.0322471	20
0.0322478	20
0.0322484	20
0.0322494	20
0.0322497	20
0.03225	20
0.0322505	20
0.0322507	20
0.0322516	20
0.0322529	20
0.0322532	20
0.0322608	20
0.0322611	20
0.0322618	20
0.032266	20
0.0322743	20
0.0322743	20
0.0322832	20
0.0322864	20
0.032334	20
0.0323553	20
0.0323766	20
0.0324042	20
0.0325642	20
0.032579	20
0.033613	20
0.033613	20
0.0336131	20
0.0336136	20
0.0336138	20
0.0336152	20
0.0336153	20
0.0336154	20
0.0336155	20
0.0336155	20
0.0336159	20
0.0336164	20
0.0336165	20
0.0336169	20
0.033617	20
0.0336173	20
0.0336174	20
0.0336178	20
0.0336183	20
0.0336183	20
0.0336184	20
0.0336187	20
0.0336192	20
0.0336193	20
0.0336193	20
0.0336195	20
0.0336197	20
0.0336197	20
0.0336199	20
0.0336205	20
0.0336207	20
0.0336216	20
0.0336223	20
0.0336224	20
0.0336228	20
0.0336237	20
0.0336242	20
0.0336245	20
0.0336248	20
0.033626	20
0.0336262	20
0.0336268	20
0.0336269	20
0.0336272	20
0.0336278	20
0.0336284	20
0.0336295	20
0.0336299	20
0.033631	20
0.0336342	20
0.0336345	20
0.0336355	20
0.0336366	20
0.033638	20
0.0336381	20
0.0336401	20
0.0336403	20
0.033641	20
0.0336449	20
0.0336465	20
0.0336485	20
0.0336504	20
0.033655	20
0.0336558	20
0.033656	20
0.0336769	20
0.0336777	20
0.0336784	20
0.0336832	20
0.0336917	20
0.0337009	20
0.0337097	20
0.0337098	20
0.0337139	20
0.0337278	20
0.0337325	20
0.0338048	20
0.0339059	20
0.0339136	20
0.0339491	20
0.0339869	20
0.0341733	20
0.0342245	20
0.0342594	20
0.0342669	20
0.0342697	20
0.0342698	20
0.0342833	20
0.0342853	20
0.0342858	20
0.0342859	20
0.0342906	20
0.034293	20
0.034294	20
0.0342949	20
0.0343012	20
0.0343031	20
0.0343139	20
0.0343243	20
0.0343253	20
0.0343428	20
0.0343526	20
0.0343703	20
0.0343706	20
0.0343709	20
0.0343891	20
0.0343964	20
0.034417	20
0.0344405	20
0.0344567	20
0.0344632	20
0.0344693	20
0.0344709	20
0.034473	20
0.0344753	20
0.0344857	20
0.0345015	20
0.0345433	20
0.0345565	20
0.0345815	20
0.0345836	20
0.0345984	20
0.0346054	20
0.0346137	20
0.0346165	20
0.0346632	20
0.0346743	20
0.034695	20
0.0347032	20
0.03471	20
0.0347107	20
0.0347252	20
0.0347258	20
0.0347641	20
0.0347773	20
0.0348022	20
0.0348243	20
0.0348424	20
0.0348522	20
0.0348558	20
0.0348688	20
0.0349203	20
0.0349374	20
0.0349965	20
0.0349981	20
0.035001	20
0.0350156	20
0.035028	20
0.0351274	20
0.0351285	20
0.0352077	20
0.0352583	20
0.0353333	20
0.0353335	20
0.0353574	20
0.035358	20
0.0353589	20
0.0353859	20
0.0354048	20
0.0354254	20
0.0354274	20
0.0354292	20
0.0354307	20
0.0354335	20
0.0354426	20
0.0354602	20
0.0354603	20
0.0354606	20
0.0354607	20
0.0354608	20
0.035461	20
0.035461	20
0.0354611	20
0.0354612	20
0.0354614	20
0.0354617	20
0.0354618	20
0.0354621	20
0.0354623	20
0.0354628	20
0.0354631	20
0.0354633	20
0.0354639	20
0.0354646	20
0.0354648	20
0.0354654	20
0.0354655	20
0.0354664	20
0.0354665	20
0.0354674	20
0.0354681	20
0.0354683	20
0.0354687	20
0.035469	20
0.0354694	20
0.0354695	20
0.0354696	20
0.0354698	20
0.0354707	20
0.0354711	20
0.0354712	20
0.0354743	20
0.0354749	20
0.035475	20
0.0354757	20
0.0354763	20
0.0354771	20
0.0354779	20
0.0354785	20
0.0354803	20
0.0354809	20
0.0354811	20
0.0354815	20
0.0354832	20
0.0354853	20
0.0354895	20
0.0354918	20
0.0354931	20
0.0354947	20
0.0355153	20
0.0355164	20
0.0355186	20
0.0355233	20
0.0355285	20
0.0355299	20
0.03553	20
0.0355314	20
0.0355342	20
0.0355419	20
0.0355446	20
0.0355486	20
0.0355615	20
0.0355727	20
0.035582	20
0.0356073	20
0.035619	20
0.0356933	20
0.0357051	20
0.0357068	20
0.0357153	20
0.0357162	20
0.0357166	20
0.0357203	20
0.0357219	20
0.0357236	20
0.0357265	20
0.0357355	20
0.0357359	20
0.0357419	20
0.0357458	20
0.0357467	20
0.0357474	20
0.0357496	20
0.0357695	20
0.0358132	20
0.0358808	20
0.035946	20
0.0359797	20
0.0360094	20
0.0360899	20
0.0361166	20
0.0361267	20
0.0361448	20
0.0361777	20
0.0362233	20
0.0362238	20
0.0362318	20
0.0362335	20
0.0362436	20
0.0362604	20
0.0362889	20
0.036295	20
0.0363179	20
0.0363721	20
0.0363798	20
0.0363817	20
0.0363824	20
0.0363874	20
0.0364271	20
0.0364418	20
0.0364711	20
0.0364759	20
0.0364805	20
0.0364839	20
0.036499	20
0.0365048	20
0.0365115	20
0.0365184	20
0.0365462	20
0.0365562	20
0.0365923	20
0.0366013	20
0.0366146	20
0.0366286	20
0.0366706	20
0.036671	20
0.0367249	20
0.0367483	20
0.0368012	20
0.0368407	20
0.036864	20
0.0368946	20
0.0368979	20
0.0369323	20
0.0370068	20
0.0370472	20
0.0370691	20
0.0371059	20
0.0371114	20
0.0371521	20
0.0372112	20
0.0373505	20
0.0374345	20
0.0376152	20
0.0377652	20
0.0377669	20
0.0380216	20
0.0383099	20
0.0384953	20
0.0386963	20
0.0388358	20
0.0389834	20
0.0399333	20
0.0399335	20
0.0399338	20
0.039934	20
0.0399343	20
0.0399343	20
0.0399345	20
0.0399346	20
0.0399347	20
0.0399357	20
0.0399364	20
0.0399373	20
0.0399385	20
0.0399389	20
0.0399392	20
0.0399394	20
0.0399402	20
0.0399407	20
0.0399414	20
0.039943	20
0.0399448	20
0.0399455	20
0.0399474	20
0.0399476	20
0.0399481	20
0.03995	20
0.0399505	20
0.0399531	20
0.0399576	20
0.0399577	20
0.0399625	20
0.0399654	20
0.0399679	20
0.039968	20
0.0399686	20
0.0399695	20
0.0399792	20
0.0400003	20
0.0400017	20
0.0400192	20
0.040032	20
0.0400398	20
0.0400501	20
0.0400865	20
0.0400879	20
0.0401553	20
0.0403365	20
0.0403369	20
0.0403389	20
0.0403431	20
0.0403461	20
0.0403594	20
0.0403617	20
0.0403844	20
0.0403876	20
0.0404041	20
0.040412	20
0.0404172	20
0.0404364	20
0.0404844	20
0.0405006	20
0.0405131	20
0.0405255	20
0.0405382	20
0.0405408	20
0.040558	20
0.0405589	20
0.040596	20
0.0406016	20
0.0406373	20
0.0406392	20
0.0406583	20
0.0406648	20
0.0406705	20
0.0406871	20
0.0407383	20
0.0407383	20
0.0407385	20
0.0407388	20
0.0407391	20
0.0407392	20
0.0407393	20
0.0407393	20
0.0407396	20
0.0407399	20
0.04074	20
0.0407414	20
0.0407415	20
0.0407425	20
0.0407429	20
0.0407429	20
0.0407429	20
0.040743	20
0.0407434	20
0.0407435	20
0.0407441	20
0.0407442	20
0.0407443	20
0.0407449	20
0.0407454	20
0.0407458	20
0.0407464	20
0.0407466	20
0.0407468	20
0.0407477	20
0.040748	20
0.0407481	20
0.0407483	20
0.0407499	20
0.0407505	20
0.0407506	20
0.040753	20
0.040753	20
0.0407534	20
0.0407545	20
0.0407549	20
0.0407578	20
0.0407584	20
0.0407605	20
0.0407611	20
0.0407619	20
0.0407634	20
0.0407665	20
0.0407679	20
0.0407744	20
0.0407764	20
0.0407807	20
0.0407897	20
0.0407909	20
0.0407957	20
0.0407961	20
0.0407965	20
0.0407968	20
0.040797	20
0.040797	20
0.0407971	20
0.0407975	20
0.0407977	20
0.0407988	20
0.0408	20
0.0408001	20
0.0408007	20
0.0408009	20
0.0408021	20
0.0408033	20
0.0408042	20
0.0408051	20
0.0408055	20
0.040809	20
0.0408152	20
0.0408158	20
0.0408165	20
0.0408174	20
0.0408211	20
0.0408212	20
0.0408227	20
0.0408276	20
0.0408289	20
0.040835	20
0.040843	20
0.0408452	20
0.0408606	20
0.0408721	20
0.0408741	20
0.040907	20
0.040941	20
0.0410173	20
0.0410595	20
0.0410842	20
0.0411179	20
0.0413532	20
0.0413535	20
0.0413538	20
0.0413545	20
0.0413547	20
0.0413548	20
0.0413552	20
0.0413554	20
0.0413559	20
0.0413562	20
0.0413567	20
0.0413568	20
0.0413583	20
0.0413597	20
0.0413602	20
0.0413612	20
0.0413615	20
0.0413647	20
0.0413647	20
0.0413653	20
0.0413682	20
0.0413707	20
0.0413772	20
0.04139	20
0.0413906	20
0.0413953	20
0.0414445	20
0.0414772	20
0.0414781	20
0.0414795	20
0.0414796	20
0.041483	20
0.0414842	20
0.0414883	20
0.0414914	20
0.0414938	20
0.0414944	20
0.0414958	20
0.0414978	20
0.0415109	20
0.0415137	20
0.0415265	20
0.0415304	20
0.0415551	20
0.0415569	20
0.0415599	20
0.0415689	20
0.0415817	20
0.0415817	20
0.041616	20
0.0416366	20
0.0416407	20
0.0416458	20
0.0416545	20
0.0416643	20
0.0416677	20
0.0416687	20
0.0416692	20
0.0416895	20
0.0416978	20
0.0416999	20
0.0417009	20
0.041707	20
0.0417079	20
0.0417182	20
0.0417199	20
0.0417362	20
0.041739	20
0.0417398	20
0.0417416	20
0.0417463	20
0.0417831	20
0.0417886	20
0.0418059	20
0.0418477	20
0.0418577	20
0.0418586	20
0.041869	20
0.0419698	20
0.0419771	20
0.0420201	20
0.042028	20
0.0420362	20
0.0420895	20
0.0421091	20
0.0423254	20
0.0423311	20
0.042339	20
0.0423657	20
0.0424003	20
0.0424577	20
0.0425011	20
0.0425363	20
0.042589	20
0.0426606	20
0.0426999	20
0.0427006	20
0.0427024	20
0.0427028	20
0.0427251	20
0.0427294	20
0.0427368	20
0.0427676	20
0.0427762	20
0.0427844	20
0.0427938	20
0.0428006	20
0.0428168	20
0.0428219	20
0.0428297	20
0.0428325	20
0.0428365	20
0.042841	20
0.0428433	20
0.0428492	20
0.0428549	20
0.0428769	20
0.0428993	20
0.0429145	20
0.0429184	20
0.0429399	20
0.0429488	20
0.0429521	20
0.0429874	20
0.0429979	20
0.0430146	20
0.0430217	20
0.0430652	20
0.0430916	20
0.0430961	20
0.0431046	20
0.0431298	20
0.0431314	20
0.0431399	20
0.0431525	20
0.043175	20
0.0431751	20
0.0431822	20
0.0431955	20
0.0431962	20
0.0432315	20
0.0432909	20
0.0432999	20
0.0433031	20
0.0433044	20
0.0433543	20
0.0434434	20
0.0435637	20
0.043593	20
0.043702	20
0.0437271	20
0.0437858	20
0.0438365	20
0.0440345	20
0.0440674	20
0.0440925	20
0.0441222	20
0.0442162	20
0.0442559	20
0.0444162	20
0.0444331	20
0.0449497	20
0.0450926	20
0.0451328	20
0.0451517	20
0.0451553	20
0.0451651	20
0.0451652	20
0.0451654	20
0.0451672	20
0.045168	20
0.0451724	20
0.0451742	20
0.0451747	20
0.0451761	20
0.0451798	20
0.0451805	20
0.0451819	20
0.0451869	20
0.0451934	20
0.0452018	20
0.0452304	20
0.0452524	20
0.0453693	20
0.0463265	20
0.0493089	20
0.0493104	20
0.0493107	20
0.0493139	20
0.049314	20
0.0493152	20
0.0493169	20
0.0493199	20
0.0493234	20
0.0493404	20
0.0493495	20
0.04935	20
0.0493785	20
0.0493812	20
0.0493969	20
0.0494775	20
0.0494911	20
0.0494953	20
0.051718	20
0.0518254	20
0.0518352	20
0.0544644	20
0.0579531	20
0.057957	20
0.0579887	20
0.0609214	20
0.0609218	20
0.0609389	20
0.0609406	20
0.0609521	20
0.0609998	20
0.0610181	20
0.0611104	20
0.0612323	20
0.0616278	20
0.0618473	20
0.0619678	20
0.0619861	20
0.0619931	20
0.0626957	20
0.0629712	20
0.0630172	20
0.0630275	20
0.0664196	20
0.0664197	20
0.0664198	20
0.0664203	20
0.0664205	20
0.0664593	20
0.0664685	20
0.0664805	20
0.0686081	20
0.0686157	20
0.0686353	20
0.0714235	20
0.0714286	20
0.071451	20
0.0719013	20
0.0751239	20
0.075192	20
0.0751926	20
0.0752873	20
0.0757291	20
0.0757394	20
0.075748	20
0.0767591	20
0.0767601	20
0.0767625	20
0.076979	20
0.0769792	20
0.0769888	20
0.0772322	20
0.0777515	20
0.0777596	20
0.0797306	20
0.079738	20
0.0797415	20
0.0797424	20
0.0797529	20
0.0797531	20
0.0797646	20
0.0797661	20
0.0798998	20
0.079904	20
0.0807346	20
0.0807363	20
0.0807381	20
0.0813245	20
0.0813433	20
0.0813519	20
0.0820269	20
0.0820283	20
0.0820285	20
0.0820286	20
0.0820295	20
0.0820297	20
0.0830148	20
0.083019	20
0.083033	20
0.0831049	20
0.0831111	20
0.0835278	20
0.0835334	20
0.0854468	20
0.0854477	20
0.086016	20
0.0860654	20
0.086071	20
0.0880102	20
0.0880179	20
0.0880369	20
0.088053	20
0.088069	20
0.0888696	20
0.0889175	20
0.0895991	20
0.0896005	20
0.0896061	20
0.0896076	20
0.089608	20
0.0896083	20
0.0896085	20
0.089609	20
0.08961	20
0.0896109	20
0.0896114	20
0.0896166	20
0.0896205	20
0.0896228	20
0.0896411	20
0.0896666	20
0.0896678	20
0.0896711	20
0.089741	20
0.0897922	20
0.0897931	20
0.0910172	20
0.0910637	20
0.091064	20
0.0911762	20
0.0911976	20
0.0912247	20
0.0912387	20
0.0924776	20
0.0924776	20
0.0924844	20
0.0925855	20
0.0927322	20
0.0930419	20
0.0930465	20
0.093051	20
0.0930687	20
0.0944603	20
0.0944768	20
0.0945229	20
0.0953865	20
0.0953866	20
0.0958372	20
0.0958557	20
0.09855	20
0.0985517	20
0.0985933	20
0.100844	20
0.100853	20
0.10087	20
0.100886	20
0.101327	20
0.101353	20
0.10136	20
0.10395	20
0.103951	20
0.103961	20
0.1053	20
0.105302	20
0.105325	20
0.105457	20
0.105458	20
0.107176	20
0.107178	20
0.107178	20
0.107178	20
0.107182	20
0.107204	20
0.107204	20
0.107211	20
0.108441	20
0.108443	20
0.108478	20
0.108503	20
0.108653	20
0.109444	20
0.109452	20
0.109501	20
0.109502	20
0.109512	20
0.109533	20
0.11047	20
0.112473	20
0.11251	20
0.112609	20
0.115074	20
0.115081	20
0.124333	20
0.124335	20
0.124339	20
0.124339	20
0.125231	20
0.125264	20
0.125265	20
0.125281	20
0.125294	20
0.125294	20
0.125319	20
0.125459	20
0.125461	20
0.126147	20
0.126157	20
0.126158	20
0.126213	20
0.126366	20
0.126376	20
0.126404	20
0.133258	20
0.133269	20
0.137036	20
0.137038	20
0.13704	20
0.139629	20
0.139642	20
0.139643	20
0.13967	20
0.139687	20
0.13979	20
0.14015	20
0.140155	20
0.140162	20
0.141273	20
0.141308	20
0.141309	20
0.141541	20
0.14155	20
0.14155	20
0.141559	20
0.14156	20
0.141579	20
0.141584	20
0.141625	20
0.141626	20
0.1436	20
0.143635	20
0.143644	20
0.146149	20
0.146205	20
0.146208	20
0.146608	20
0.14666	20
0.146669	20
0.149898	20
0.15474	20
0.154745	20
0.154754	20
0.157311	20
0.157411	20
0.157412	20
0.157447	20
0.158628	20
0.158629	20
0.158946	20
0.158986	20
0.158988	20
0.159848	20
0.159898	20
0.15991	20
0.160792	20
0.160854	20
0.160861	20
0.161918	20
0.161922	20
0.16202	20
0.162834	20
0.162907	20
0.165548	20
0.165548	20
0.165553	20
0.165554	20
0.165679	20
0.165679	20
0.169039	20
0.169098	20
0.1691	20
0.169244	20
0.169294	20
0.169296	20
0.174311	20
0.174312	20
0.174352	20
0.174353	20
0.175353	20
0.17538	20
0.175381	20
0.177656	20
0.177656	20
0.177717	20
0.177726	20
0.17854	20
0.178562	20
0.178564	20
0.180533	20
0.185002	20
0.185036	20
0.185037	20
0.185579	20
0.185582	20
0.186298	20
0.186318	20
0.186318	20
0.186334	20
0.186364	20
0.186364	20
0.191567	20
0.191568	20
0.191583	20
0.19172	20
0.191721	20
0.199438	20
0.199514	20
0.199655	20
0.199655	20
0.200332	20
0.205309	20
0.205312	20
0.205327	20
0.205368	20
0.205426	20
0.205427	20
0.209798	20
0.209891	20
0.209893	20
0.21431	20
0.216283	20
0.216352	20
0.216352	20
0.216376	20
0.216376	20
0.220076	20
0.220078	20
0.221236	20
0.221263	20
0.221417	20
0.221419	20
0.231573	20
0.231573	20
0.231591	20
0.231592	20
0.231679	20
0.23168	20
0.233142	20
0.23317	20
0.23317	20
0.246015	20
0.246017	20
0.246042	20
0.246042	20
0.252485	20
0.252485	20
0.252489	20
0.252494	20
0.252517	20
0.252523	20
0.252565	20
0.252887	20
0.252887	20
0.252895	20
0.252899	20
0.252978	20
0.253136	20
0.253139	20
0.259372	20
0.259372	20
0.259448	20
0.259454	20
0.260261	20
0.260265	20
0.260313	20
0.260314	20
0.265788	20
0.265837	20
0.265839	20
0.267159	20
0.269968	20
0.273485	20
0.273486	20
0.273488	20
0.273525	20
0.273567	20
0.273574	20
0.279528	20
0.279529	20
0.279529	20
0.279543	20
0.279599	20
0.279599	20
0.279611	20
0.279614	20
0.279692	20
0.279713	20
0.279716	20
0.280326	20
0.28034	20
0.280346	20
0.284291	20
0.284293	20
0.284605	20
0.284622	20
0.284623	20
0.297289	20
0.297289	20
0.297289	20
0.29729	20
0.29729	20
0.297311	20
0.297311	20
0.297319	20
0.297326	20
0.297842	20
0.297881	20
0.297899	20
0.2979	20
0.299061	20
0.299088	20
0.299088	20
0.300991	20
0.300992	20
0.301055	20
0.301089	20
0.310113	20
0.310175	20
0.310206	20
0.310419	20
0.310542	20
0.310568	20
0.310985	20
0.311055	20
0.311087	20
0.311589	20
0.31159	20
0.3116	20
0.313285	20
0.313294	20
0.313383	20
0.313533	20
0.313535	20
0.313619	20
0.314094	20
0.314097	20
0.314115	20
0.322032	20
0.322032	20
0.322046	20
0.322089	20
0.325178	20
0.325178	20
0.325179	20
0.32522	20
0.32635	20
0.326357	20
0.326458	20
0.331549	20
0.331551	20
0.331553	20
0.331554	20
0.331573	20
0.332302	20
0.332336	20
0.332338	20
0.340407	20
0.340418	20
0.340419	20
0.340516	20
0.340522	20
0.344258	20
0.346696	20
0.346779	20
0.34678	20
0.348022	20
0.348022	20
0.348026	20
0.348027	20
0.348057	20
0.348089	20
0.34809	20
0.350502	20
0.350649	20
0.35065	20
0.351367	20
0.351367	20
0.351368	20
0.35141	20
0.351413	20
0.353308	20
0.353308	20
0.353327	20
0.353358	20
0.35336	20
0.355184	20
0.355195	20
0.355196	20
0.357292	20
0.357387	20
0.357388	20
0.361535	20
0.361535	20
0.36161	20
0.362566	20
0.362567	20
0.362568	20
0.36259	20
0.362591	20
0.36564	20
0.365674	20
0.365675	20
0.368354	20
0.36843	20
0.36843	20
0.369681	20
0.369693	20
0.369694	20
0.370341	20
0.370468	20
0.370471	20
0.374622	20
0.378642	20
0.384482	20
0.384536	20
0.38459	20
0.387604	20
0.387605	20
0.387606	20
0.387752	20
0.387787	20
0.38986	20
0.389861	20
0.394417	20
0.397382	20
0.399544	20
0.399545	20
0.399545	20
0.401982	20
0.401983	20
0.411114	20
0.411123	20
0.411125	20
0.411316	20
0.411318	20
0.413018	20
0.41306	20
0.413069	20
0.413969	20
0.414015	20
0.414017	20
0.41403	20
0.422326	20
0.422327	20
0.422337	20
0.422337	20
0.422337	20
0.422339	20
0.423931	20
0.423946	20
0.423946	20
0.425327	20
0.425395	20
0.425408	20
0.425411	20
0.42623	20
0.426237	20
0.426241	20
0.427156	20
0.427221	20
0.427222	20
0.435595	20
0.435595	20
0.435671	20
0.435674	20
0.437455	20
0.43749	20
0.437503	20
0.444968	20
0.444994	20
0.445019	20
0.445633	20
0.448001	20
0.448044	20
0.451183	20
0.45134	20
0.451342	20
0.451373	20
0.451419	20
0.451419	20
0.455215	20
0.456331	20
0.456331	20
0.456332	20
0.4622	20
0.462201	20
0.462202	20
0.486979	20
0.486979	20
0.487074	20
0.487076	20
0.491273	20
0.491274	20
0.491303	20
0.49131	20
0.493435	20
0.493476	20
0.493486	20
0.498525	20
0.498527	20
0.498533	20
0.498669	20
0.498672	20
0.498678	20
0.498679	20
0.49868	20
0.498695	20
0.498698	20
0.498754	20
0.502841	20
0.502841	20
0.502842	20
0.502862	20
0.504663	20
0.50467	20
0.506242	20
0.506256	20
0.506272	20
0.508131	20
0.514537	20
0.51454	20
0.514622	20
0.516598	20
0.516603	20
0.516604	20
0.516647	20
0.517452	20
0.517464	20
0.517494	20
0.518855	20
0.518861	20
0.51889	20
0.519787	20
0.519793	20
0.519912	20
0.520083	20
0.520108	20
0.520108	20
0.523056	20
0.523061	20
0.523063	20
0.527079	20
0.527108	20
0.527108	20
0.53609	20
0.53609	20
0.53614	20
0.537564	20
0.537624	20
0.540054	20
0.540056	20
0.540105	20
0.541305	20
0.54131	20
0.54137	20
0.542613	20
0.542614	20
0.542682	20
0.543946	20
0.543948	20
0.543981	20
0.545213	20
0.545214	20
0.545223	20
0.560385	20
0.560386	20
0.560386	20
0.560419	20
0.560484	20
0.560487	20
0.561363	20
0.561464	20
0.561468	20
0.561469	20
0.561499	20
0.5615	20
0.564625	20
0.564627	20
0.564628	20
0.577638	20
0.585321	20
0.585322	20
0.585323	20
0.58534	20
0.585528	20
0.585529	20
0.587943	20
0.588005	20
0.588006	20
0.589578	20
0.589609	20
0.58961	20
0.591752	20
0.591787	20
0.591821	20
0.591822	20
0.592195	20
0.592362	20
0.592364	20
0.592475	20
0.592568	20
0.59257	20
0.595192	20
0.595212	20
0.595212	20
0.603608	20
0.603659	20
0.60366	20
0.604391	20
0.606203	20
0.606204	20
0.607233	20
0.607244	20
0.607248	20
0.607253	20
0.607254	20
0.608178	20
0.611488	20
0.611497	20
0.611502	20
0.611508	20
0.61152	20
0.61575	20
0.615755	20
0.615755	20
0.615875	20
0.615877	20
0.61826	20
0.618356	20
0.618382	20
0.618385	20
0.622052	20
0.622052	20
0.622053	20
0.622204	20
0.622215	20
0.627883	20
0.627888	20
0.627891	20
0.633775	20
0.633792	20
0.633844	20
0.633849	20
0.635513	20
0.635518	20
0.63552	20
0.647649	20
0.647658	20
0.647705	20
0.647705	20
0.649248	20
0.649262	20
0.649321	20
0.649322	20
0.652354	20
0.660852	20
0.660939	20
0.66283	20
0.664474	20
0.664533	20
0.664637	20
0.664638	20
0.667572	20
0.667618	20
0.667622	20
0.673426	20
0.673593	20
0.673595	20
0.679944	20
0.679947	20
0.679977	20
0.679977	20
0.682421	20
0.682427	20
0.682428	20
0.686071	20
0.686072	20
0.686096	20
0.686096	20
0.686196	20
0.68621	20
0.688482	20
0.688486	20
0.688492	20
0.692212	20
0.692243	20
0.692244	20
0.693723	20
0.693837	20
0.693838	20
0.694084	20
0.694088	20
0.6941	20
0.695719	20
0.70394	20
0.704015	20
0.70402	20
0.704097	20
0.704104	20
0.708345	20
0.708704	20
0.708746	20
0.708749	20
0.711712	20
0.711725	20
0.711727	20
0.717833	20
0.717835	20
0.717907	20
0.717909	20
0.725626	20
0.725626	20
0.725639	20
0.725643	20
0.725776	20
0.725779	20
0.731138	20
0.731872	20
0.733083	20
0.733252	20
0.734104	20
0.734118	20
0.734142	20
0.734166	20
0.734166	20
0.73517	20
0.735217	20
0.735219	20
0.735501	20
0.735596	20
0.735597	20
0.742926	20
0.742927	20
0.742952	20
0.742954	20
0.743028	20
0.743057	20
0.744231	20
0.744248	20
0.745448	20
0.745639	20
0.748244	20
0.748327	20
0.74942	20
0.749422	20
0.749455	20
0.75318	20
0.753182	20
0.753291	20
0.753882	20
0.753888	20
0.753922	20
0.758106	20
0.758106	20
0.758143	20
0.773863	20
0.773866	20
0.773885	20
0.779167	20
0.779167	20
0.779168	20
0.779177	20
0.802839	20
0.802839	20
0.802841	20
0.802842	20
0.802908	20
0.805997	20
0.806	20
0.806002	20
0.80889	20
0.80889	20
0.809089	20
0.811977	20
0.811982	20
0.811985	20
0.825319	20
0.825322	20
0.825328	20
0.825345	20
0.82573	20
0.825735	20
0.825838	20
0.829087	20
0.8291	20
0.829104	20
0.829139	20
0.829698	20
0.835791	20
0.835812	20
0.835813	20
0.842459	20
0.842694	20
0.842695	20
0.842696	20
0.842748	20
0.842756	20
0.847643	20
0.847662	20
0.847693	20
0.847699	20
0.854661	20
0.85583	20
0.855838	20
0.855861	20
0.860959	20
0.860966	20
0.860972	20
0.860984	20
0.860996	20
0.863007	20
0.863138	20
0.863196	20
0.863201	20
0.865506	20
0.86555	20
0.865551	20
0.867069	20
0.867117	20
0.867123	20
0.867123	20
0.870626	20
0.881539	20
0.88161	20
0.88165	20
0.881668	20
0.890088	20
0.890089	20
0.890183	20
0.890197	20
0.890207	20
0.892839	20
0.892864	20
0.892871	20
0.892873	20
0.89987	20
0.899889	20
0.8999	20
0.903782	20
0.903878	20
0.903878	20
0.903939	20
0.90511	20
0.905127	20
0.905133	20
0.905178	20
0.918227	20
0.918234	20
0.91825	20
0.920411	20
0.920415	20
0.920614	20
0.935497	20
0.935503	20
0.938772	20
0.938772	20
0.938825	20
0.938893	20
0.938928	20
0.938969	20
0.938974	20
0.939619	20
0.939647	20
0.939703	20
0.943488	20
0.943595	20
0.9436	20
0.943602	20
0.950338	20
0.950338	20
0.950391	20
0.950396	20
0.956115	20
0.956167	20
0.95619	20
0.956192	20
0.958686	20
0.958703	20
0.958703	20
0.961122	20
0.961173	20
0.961175	20
0.964348	20
0.96439	20
0.964392	20
0.965438	20
0.967966	20
0.96797	20
0.971921	20
0.971929	20
0.97196	20
0.976164	20
0.976164	20
0.976164	20
0.976174	20
0.976177	20
0.978826	20
0.978861	20
0.978861	20
0.983051	20
0.983897	20
0.998246	20
0.998274	20
0.998274	20
0.998325	20
1.01261	20
1.01261	20
1.01261	20
1.01265	20
1.048	20
1.048	20
1.048	20
1.04801	20
1.04803	20
1.04803	20
1.04864	20
1.05201	20
1.05205	20
1.05348	20
1.05348	20
1.05348	20
1.057	20
1.05707	20
1.07207	20
1.07208	20
1.07209	20
1.07209	20
1.07211	20
1.07211	20
1.0722	20
1.07227	20
1.07227	20
1.08573	20
1.08573	20
1.08574	20
1.08575	20
1.0978	20
1.09946	20
1.1003	20
1.10031	20
1.1004	20
1.10681	20
1.10681	20
1.10682	20
1.11526	20
1.11532	20
1.11532	20
1.11534	20
1.12191	20
1.12193	20
1.12193	20
1.12197	20
1.12254	20
1.12255	20
1.1227	20
1.12288	20
1.12288	20
1.12458	20
1.12459	20
1.12464	20
1.12464	20
1.13896	20
1.13904	20
1.13904	20
1.14148	20
1.14148	20
1.14148	20
1.15431	20
1.15431	20
1.15435	20
1.15436	20
1.16426	20
1.16737	20
1.16737	20
1.16737	20
1.16871	20
1.1783	20
1.1783	20
1.1783	20
1.17844	20
1.17844	20
1.18191	20
1.18195	20
1.18198	20
1.18198	20
1.18503	20
1.19088	20
1.19094	20
1.19102	20
1.19156	20
1.19157	20
1.19158	20
1.19165	20
1.20744	20
1.20744	20
1.20747	20
1.20752	20
1.20752	20
1.22746	20
1.22746	20
1.22746	20
1.22753	20
1.22754	20
1.23135	20
1.2315	20
1.2315	20
1.23488	20
1.23489	20
1.23493	20
1.23493	20
1.23493	20
1.23582	20
1.23587	20
1.23587	20
1.23874	20
1.23892	20
1.23892	20
1.24135	20
1.24243	20
1.24243	20
1.24245	20
1.24924	20
1.26805	20
1.26807	20
1.26807	20
1.26809	20
1.26888	20
1.26892	20
1.26892	20
1.26892	20
1.27966	20
1.27967	20
1.27975	20
1.28683	20
1.28684	20
1.28885	20
1.28911	20
1.28912	20
1.28913	20
1.28915	20
1.28916	20
1.29146	20
1.29149	20
1.2953	20
1.29536	20
1.29537	20
1.29537	20
1.29541	20
1.29541	20
1.29831	20
1.29832	20
1.29832	20
1.31226	20
1.31229	20
1.3123	20
1.31807	20
1.31808	20
1.31814	20
1.31814	20
1.31997	20
1.32005	20
1.32005	20
1.32548	20
1.32549	20
1.32549	20
1.32592	20
1.3275	20
1.32763	20
1.33313	20
1.33315	20
1.33315	20
1.335	20
1.34	20
1.34155	20
1.34156	20
1.34534	20
1.34535	20
1.34535	20
1.34535	20
1.34541	20
1.34541	20
1.34541	20
1.34542	20
1.35079	20
1.35079	20
1.35116	20
1.35117	20
1.36078	20
1.36774	20
1.36774	20
1.36782	20
1.36783	20
1.3688	20
1.36883	20
1.3689	20
1.3689	20
1.36892	20
1.36893	20
1.36894	20
1.36895	20
1.37352	20
1.37355	20
1.37356	20
1.37433	20
1.37433	20
1.37444	20
1.37445	20
1.3769	20
1.37705	20
1.37705	20
1.3813	20
1.3859	20
1.38596	20
1.38901	20
1.38902	20
1.38902	20
1.39356	20
1.3936	20
1.3936	20
1.39496	20
1.39496	20
1.395	20
1.395	20
1.39507	20
1.39507	20
1.39833	20
1.39837	20
1.39837	20
1.39862	20
1.40075	20
1.40281	20
1.40292	20
1.4043	20
1.40437	20
1.40437	20
1.40437	20
1.41174	20
1.41177	20
1.41177	20
1.41178	20
1.41178	20
1.41257	20
1.41258	20
1.41368	20
1.41372	20
1.41373	20
1.41467	20
1.41468	20
1.41494	20
1.41506	20
1.41506	20
1.41906	20
1.4191	20
1.41921	20
1.41921	20
1.42494	20
1.42496	20
1.42496	20
1.44849	20
1.44852	20
1.44852	20
1.44853	20
1.44853	20
1.44928	20
1.44941	20
1.44941	20
1.46393	20
1.46394	20
1.46394	20
1.46403	20
1.46403	20
1.46546	20
1.46551	20
1.46553	20
1.47099	20
1.47765	20
1.47766	20
1.47766	20
1.47769	20
1.4777	20
1.47864	20
1.47868	20
1.47868	20
1.48752	20
1.49072	20
1.49358	20
1.49358	20
1.49358	20
1.49358	20
1.49366	20
1.49367	20
1.49495	20
1.49502	20
1.49503	20
1.50483	20
1.50483	20
1.50497	20
1.50497	20
1.50976	20
1.5098	20
1.50981	20
1.51427	20
1.51435	20
1.51435	20
1.51457	20
1.51459	20
1.5146	20
1.52241	20
1.52252	20
1.52253	20
1.5532	20
1.55321	20
1.55321	20
1.55323	20
1.55323	20
1.55328	20
1.55328	20
1.55334	20
1.55814	20
1.55814	20
1.55816	20
1.56354	20
1.56358	20
1.5636	20
1.57258	20
1.57259	20
1.57259	20
1.57568	20
1.57568	20
1.57585	20
1.57585	20
1.57936	20
1.57937	20
1.57937	20
1.57937	20
1.58506	20
1.58509	20
1.58511	20
1.59231	20
1.59232	20
1.59232	20
1.59241	20
1.59241	20
1.5927	20
1.60101	20
1.60113	20
1.60113	20
1.61374	20
1.61379	20
1.61379	20
1.61384	20
1.61384	20
1.61478	20
1.6148	20
1.61494	20
1.61496	20
1.61764	20
1.61769	20
1.61775	20
1.61792	20
1.62212	20
1.62215	20
1.62215	20
1.62223	20
1.62226	20
1.62579	20
1.6258	20
1.62585	20
1.62586	20
1.62626	20
1.62629	20
1.62635	20
1.62637	20
1.62783	20
1.63337	20
1.63345	20
1.63351	20
1.63351	20
1.63446	20
1.63449	20
1.63449	20
1.63726	20
1.63727	20
1.63727	20
1.63731	20
1.63744	20
1.64058	20
1.64058	20
1.64104	20
1.64916	20
1.64919	20
1.65063	20
1.65063	20
1.66314	20
1.66322	20
1.66322	20
1.66439	20
1.66439	20
1.66447	20
1.66447	20
1.67143	20
1.67147	20
1.67148	20
1.67149	20
1.68197	20
1.68206	20
1.68206	20
1.68212	20
1.68542	20
1.68543	20
1.68546	20
1.68811	20
1.68813	20
1.68813	20
1.68814	20
1.68971	20
1.68971	20
1.68973	20
1.69047	20
1.69048	20
1.69048	20
1.69833	20
1.70168	20
1.70168	20
1.70173	20
1.70174	20
1.70176	20
1.70687	20
1.7084	20
1.70843	20
1.70843	20
1.70846	20
1.7233	20
1.7233	20
1.72333	20
1.72333	20
1.72343	20
1.73062	20
1.73062	20
1.73062	20
1.74126	20
1.74128	20
1.74129	20
1.74153	20
1.74413	20
1.74414	20
1.74428	20
1.7467	20
1.7467	20
1.7467	20
1.74682	20
1.74685	20
1.74685	20
1.74701	20
1.74842	20
1.74842	20
1.74844	20
1.75682	20
1.75682	20
1.75683	20
1.75691	20
1.78704	20
1.78704	20
1.79055	20
1.79058	20
1.79058	20
1.79257	20
1.79257	20
1.79264	20
1.79264	20
1.7927	20
1.79349	20
1.79349	20
1.79349	20
1.79546	20
1.79869	20
1.79872	20
1.79872	20
1.81789	20
1.81792	20
1.81793	20
1.82578	20
1.82579	20
1.82583	20
1.82583	20
1.82583	20
1.83053	20
1.83053	20
1.83054	20
1.83076	20
1.83132	20
1.83142	20
1.83142	20
1.84111	20
1.84111	20
1.84115	20
1.84115	20
1.85191	20
1.85192	20
1.85192	20
1.85454	20
1.85464	20
1.85464	20
1.85466	20
1.85987	20
1.85988	20
1.86004	20
1.8661	20
1.8661	20
1.88269	20
1.88269	20
1.8827	20
1.8827	20
1.88277	20
1.89055	20
1.89055	20
1.89058	20
1.89195	20
1.89196	20
1.89196	20
1.8921	20
1.89743	20
1.89743	20
1.89754	20
1.89835	20
1.89835	20
1.89841	20
1.91202	20
1.91202	20
1.91206	20
1.91263	20
1.91263	20
1.91278	20
1.91447	20
1.91461	20
1.91468	20
1.91468	20
1.915	20
1.91965	20
1.91965	20
1.91967	20
1.9215	20
1.9215	20
1.9215	20
1.92564	20
1.92565	20
1.92566	20
1.92568	20
1.93197	20
1.93197	20
1.93463	20
1.93463	20
1.93464	20
1.93465	20
1.95262	20
1.95263	20
1.95263	20
1.95267	20
1.95353	20
1.95358	20
1.95359	20
1.95367	20
1.95664	20
1.96234	20
1.96238	20
1.9624	20
1.97084	20
1.9709	20
1.97096	20
1.97105	20
1.97105	20
1.97397	20
1.97799	20
1.97799	20
2.00329	20
2.00329	20
2.00336	20
2.00336	20
2.00342	20
2.01703	20
2.01703	20
2.01704	20
2.0265	20
2.03898	20
2.03901	20
2.03901	20
2.03901	20
2.03909	20
2.05285	20
2.05286	20
2.05315	20
2.0541	20
2.0541	20
2.05411	20
2.05902	20
2.05903	20
2.08165	20
2.08165	20
2.08165	20
2.08167	20
2.08173	20
2.08703	20
2.08703	20
2.08704	20
2.0938	20
2.09382	20
2.09382	20
2.10507	20
2.10507	20
2.10513	20
2.14517	20
2.14517	20
2.14517	20
2.14517	20
2.14536	20
2.14537	20
2.14538	20
2.14538	20
2.15627	20
2.15627	20
2.15629	20
2.15633	20
2.16062	20
2.16062	20
2.16062	20
2.16325	20
2.16328	20
2.16341	20
2.16779	20
2.16782	20
2.16784	20
2.17527	20
2.17529	20
2.17531	20
2.17531	20
2.1812	20
2.18265	20
2.18279	20
2.1828	20
2.19213	20
2.19219	20
2.19219	20
2.19226	20
2.19825	20
2.20163	20
2.20705	20
2.20705	20
2.20981	20
2.20987	20
2.23655	20
2.23655	20
2.23656	20
2.23657	20
2.23659	20
2.2366	20
2.2366	20
2.24327	20
2.24333	20
2.24335	20
2.24338	20
2.25704	20
2.25704	20
2.25716	20
2.27759	20
2.2776	20
2.27763	20
2.27763	20
2.27919	20
2.28014	20
2.28017	20
2.28017	20
2.28591	20
2.28593	20
2.29064	20
2.2907	20
2.29074	20
2.29074	20
2.30028	20
2.30618	20
2.30618	20
2.3062	20
2.3062	20
2.30622	20
2.30714	20
2.30718	20
2.30726	20
2.30726	20
2.30876	20
2.30876	20
2.30877	20
2.32276	20
2.32276	20
2.32279	20
2.32525	20
2.32525	20
2.32526	20
2.3253	20
2.33297	20
2.33298	20
2.333	20
2.33306	20
2.34042	20
2.34047	20
2.34056	20
2.36311	20
2.36312	20
2.36312	20
2.36356	20
2.36361	20
2.36369	20
2.39044	20
2.39044	20
2.39049	20
2.39423	20
2.39426	20
2.39427	20
2.3994	20
2.39943	20
2.39948	20
2.39953	20
2.39953	20
2.39969	20
2.4054	20
2.40548	20
2.40553	20
2.40879	20
2.4088	20
2.40881	20
2.40881	20
2.42017	20
2.42017	20
2.42028	20
2.42028	20
2.43252	20
2.43266	20
2.43273	20
2.43567	20
2.4357	20
2.4357	20
2.4357	20
2.4809	20
2.4809	20
2.4809	20
2.4809	20
2.48126	20
2.48137	20
2.48137	20
2.48381	20
2.48389	20
2.48389	20
2.49196	20
2.492	20
2.492	20
2.49264	20
2.49264	20
2.49265	20
2.49968	20
2.49971	20
2.49971	20
2.50008	20
2.5001	20
2.5001	20
2.50027	20
2.52713	20
2.52713	20
2.52714	20
2.52717	20
2.52717	20
2.53253	20
2.53255	20
2.53255	20
2.53314	20
2.53315	20
2.53316	20
2.53426	20
2.53428	20
2.53428	20
2.5372	20
2.53721	20
2.53723	20
2.53723	20
2.54096	20
2.541	20
2.541	20
2.55054	20
2.55839	20
2.55846	20
2.55847	20
2.58456	20
2.58456	20
2.58457	20
2.58458	20
2.58458	20
2.60713	20
2.60713	20
2.60716	20
2.60716	20
2.61331	20
2.61332	20
2.61332	20
2.61848	20
2.61853	20
2.61853	20
2.62881	20
2.62886	20
2.62887	20
2.63376	20
2.63575	20
2.63576	20
2.63578	20
2.63588	20
2.63588	20
2.64406	20
2.64411	20
2.64411	20
2.66132	20
2.66132	20
2.66134	20
2.66134	20
2.66624	20
2.66625	20
2.66625	20
2.68057	20
2.6806	20
2.6806	20
2.68867	20
2.68869	20
2.6887	20
2.68974	20
2.68975	20
2.68981	20
2.68982	20
2.6922	20
2.70841	20
2.70842	20
2.72613	20
2.72613	20
2.72615	20
2.72615	20
2.72615	20
2.73269	20
2.73277	20
2.73295	20
2.73295	20
2.7363	20
2.73631	20
2.73631	20
2.73691	20
2.73696	20
2.73697	20
2.75155	20
2.75162	20
2.75162	20
2.76379	20
2.76382	20
2.76388	20
2.76388	20
2.77716	20
2.77716	20
2.7772	20
2.7772	20
2.77721	20
2.78008	20
2.78009	20
2.7801	20
2.7801	20
2.78013	20
2.7802	20
2.7802	20
2.783	20
2.78301	20
2.78302	20
2.80727	20
2.80727	20
2.80729	20
2.80729	20
2.81492	20
2.81493	20
2.81493	20
2.81931	20
2.81932	20
2.81932	20
2.82864	20
2.82876	20
2.82876	20
2.82898	20
2.82901	20
2.82914	20
2.82915	20
2.84886	20
2.84888	20
2.84896	20
2.84896	20
2.8606	20
2.8606	20
2.86061	20
2.86061	20
2.86061	20
2.8682	20
2.86825	20
2.86825	20
2.87141	20
2.87147	20
2.87147	20
2.87314	20
2.87327	20
2.87327	20
2.88313	20
2.88318	20
2.88318	20
2.88564	20
2.88567	20
2.88567	20
2.89445	20
2.9024	20
2.9024	20
2.90241	20
2.90244	20
2.90245	20
2.90752	20
2.90752	20
2.90753	20
2.91037	20
2.91045	20
2.91046	20
2.92965	20
2.92965	20
2.92976	20
2.92976	20
2.9424	20
2.94243	20
2.94243	20
2.94753	20
2.94754	20
2.94754	20
2.94828	20
2.94837	20
2.94838	20
2.95669	20
2.95677	20
2.9568	20
2.97159	20
2.97159	20
2.9716	20
2.97171	20
2.97171	20
2.97181	20
2.97185	20
2.97187	20
2.97187	20
2.97777	20
2.97778	20
2.97778	20
3.01559	20
3.0156	20
3.01562	20
3.01568	20
3.01568	20
3.02104	20
3.02106	20
3.02107	20
3.03797	20
3.038	20
3.038	20
3.04261	20
3.04262	20
3.0427	20
3.0427	20
3.05701	20
3.05701	20
3.05705	20
3.05709	20
3.05709	20
3.06913	20
3.06913	20
3.06913	20
3.0818	20
3.08184	20
3.08184	20
3.11354	20
3.11355	20
3.11356	20
3.11356	20
3.11356	20
3.12441	20
3.12469	20
3.12479	20
3.12489	20
3.12489	20
3.13342	20
3.14635	20
3.14639	20
3.14654	20
3.14654	20
3.15471	20
3.15471	20
3.1548	20
3.1548	20
3.17194	20
3.17196	20
3.17196	20
3.17866	20
3.1798	20
3.1798	20
3.1798	20
3.17986	20
3.17986	20
3.19166	20
3.19287	20
3.19288	20
3.19288	20
3.19288	20
3.1929	20
3.1929	20
3.1929	20
3.19435	20
3.19438	20
3.19439	20
3.20472	20
3.20476	20
3.20476	20
3.20938	20
3.20941	20
3.20941	20
3.22246	20
3.22891	20
3.22892	20
3.22894	20
3.22894	20
3.23076	20
3.23078	20
3.23078	20
3.25837	20
3.25837	20
3.25838	20
3.25839	20
3.25841	20
3.28777	20
3.28777	20
3.28781	20
3.28781	20
3.29364	20
3.29365	20
3.29367	20
3.29368	20
3.30553	20
3.30557	20
3.30557	20
3.30747	20
3.30866	20
3.30868	20
3.31823	20
3.31824	20
3.31825	20
3.3184	20
3.3184	20
3.32056	20
3.32059	20
3.32059	20
3.3254	20
3.32543	20
3.32543	20
3.33005	20
3.33104	20
3.33104	20
3.33105	20
3.33105	20
3.33815	20
3.33821	20
3.33821	20
3.34143	20
3.34291	20
3.35603	20
3.35603	20
3.35603	20
3.35607	20
3.35615	20
3.35615	20
3.37477	20
3.37479	20
3.37479	20
3.37826	20
3.37827	20
3.37827	20
3.37846	20
3.37848	20
3.37848	20
3.38013	20
3.38016	20
3.38016	20
3.39357	20
3.39357	20
3.39357	20
3.39488	20
3.39491	20
3.39491	20
3.40909	20
3.40917	20
3.40917	20
3.41885	20
3.41885	20
3.41885	20
3.42507	20
3.42507	20
3.42507	20
3.42507	20
3.42595	20
3.44255	20
3.44255	20
3.44257	20
3.49557	20
3.49557	20
3.49576	20
3.49582	20
3.49583	20
3.49587	20
3.4959	20
3.4959	20
3.50017	20
3.50019	20
3.50024	20
3.50024	20
3.50062	20
3.50062	20
3.50075	20
3.50075	20
3.50342	20
3.5035	20
3.50351	20
3.50854	20
3.50854	20
3.50856	20
3.50856	20
3.51285	20
3.51288	20
3.51288	20
3.51632	20
3.51636	20
3.51636	20
3.51925	20
3.51927	20
3.51927	20
3.52237	20
3.52241	20
3.52241	20
3.53143	20
3.53157	20
3.53157	20
3.53666	20
3.53666	20
3.53669	20
3.53669	20
3.53915	20
3.53916	20
3.53936	20
3.53936	20
3.54415	20
3.54424	20
3.54424	20
3.54425	20
3.55062	20
3.55063	20
3.55063	20
3.55392	20
3.5647	20
3.56473	20
3.56476	20
3.56477	20
3.56525	20
3.56646	20
3.56647	20
3.56658	20
3.56665	20
3.56665	20
3.58386	20
3.58396	20
3.58407	20
3.58408	20
3.58417	20
3.58421	20
3.58422	20
3.58423	20
3.58707	20
3.58712	20
3.58712	20
3.59064	20
3.59582	20
3.59582	20
3.59582	20
3.59586	20
3.59586	20
3.59796	20
3.59797	20
3.59797	20
3.59797	20
3.60961	20
3.60966	20
3.60966	20
3.61447	20
3.61448	20
3.61454	20
3.61454	20
3.62909	20
3.62913	20
3.62913	20
3.62973	20
3.62974	20
3.62974	20
3.63193	20
3.63196	20
3.63197	20
3.65246	20
3.65246	20
3.65254	20
3.65254	20
3.66381	20
3.66385	20
3.66385	20
3.66435	20
3.66439	20
3.6644	20
3.66857	20
3.66862	20
3.66862	20
3.67472	20
3.67474	20
3.67474	20
3.67474	20
3.67481	20
3.67485	20
3.67486	20
3.67551	20
3.67552	20
3.67555	20
3.67555	20
3.6847	20
3.68471	20
3.68471	20
3.68471	20
3.68511	20
3.68512	20
3.68521	20
3.68521	20
3.68615	20
3.68623	20
3.68624	20
3.70236	20
3.70238	20
3.70238	20
3.70429	20
3.70429	20
3.70433	20
3.70433	20
3.71637	20
3.71643	20
3.71643	20
3.71874	20
3.71879	20
3.71879	20
3.73128	20
3.73132	20
3.73132	20
3.73141	20
3.73144	20
3.73144	20
3.74738	20
3.78996	20
3.78996	20
3.78996	20
3.78998	20
3.78999	20
3.80198	20
3.81305	20
3.81307	20
3.81308	20
3.81308	20
3.8353	20
3.8353	20
3.83532	20
3.83533	20
3.84892	20
3.84892	20
3.84898	20
3.84898	20
3.86568	20
3.86573	20
3.86574	20
3.86678	20
3.89227	20
3.89227	20
3.8923	20
3.8924	20
3.8924	20
3.89491	20
3.89495	20
3.89496	20
3.90887	20
3.90887	20
3.90888	20
3.90889	20
3.91946	20
3.91949	20
3.91949	20
3.92021	20
3.9298	20
3.92982	20
3.92987	20
3.92991	20
3.92992	20
3.94005	20
3.94005	20
3.94018	20
3.94018	20
3.94256	20
3.94256	20
3.94257	20
3.94731	20
3.94735	20
3.94735	20
3.95408	20
3.95413	20
3.95413	20
3.95458	20
3.95458	20
3.95462	20
3.95462	20
3.96445	20
3.96457	20
3.96457	20
3.96459	20
3.96459	20
3.96463	20
3.96464	20
3.96771	20
3.96773	20
3.96775	20
3.96775	20
3.97081	20
3.97082	20
3.97085	20
3.97085	20
3.9769	20
3.98221	20
3.98221	20
3.98221	20
3.98222	20
3.98636	20
3.98637	20
3.98642	20
3.98642	20
3.99059	20
3.99062	20
3.99095	20
3.99096	20
3.99096	20
3.9922	20
3.99223	20
3.99223	20
3.99225	20
3.99225	20
3.99521	20
3.99526	20
3.99526	20
3.99531	20
3.99533	20
3.99534	20
4.00239	20
4.00247	20
4.00247	20
4.01571	20
4.01576	20
4.01576	20
4.02753	20
4.02753	20
4.02753	20
4.02754	20
4.04193	20
4.05379	20
4.05385	20
4.05387	20
4.05387	20
4.05943	20
4.05943	20
4.05962	20
4.05962	20
4.06043	20
4.06043	20
4.06054	20
4.06055	20
4.07181	20
4.07186	20
4.07186	20
4.08117	20
4.0813	20
4.0813	20
4.08224	20
4.08229	20
4.0823	20
4.0872	20
4.08723	20
4.08723	20
4.09043	20
4.09043	20
4.09044	20
4.09888	20
4.09889	20
4.09889	20
4.09968	20
4.09968	20
4.09969	20
4.10465	20
4.1136	20
4.11362	20
4.11362	20
4.11364	20
4.11364	20
4.13765	20
4.13769	20
4.13769	20
4.14115	20
4.14119	20
4.1412	20
4.14219	20
4.14221	20
4.14221	20
4.15414	20
4.18166	20
4.18167	20
4.18167	20
4.18504	20
4.18507	20
4.18507	20
4.18512	20
4.18513	20
4.18967	20
4.18971	20
4.18971	20
4.20075	20
4.20079	20
4.2008	20
4.2008	20
4.2018	20
4.21566	20
4.21572	20
4.2181	20
4.21812	20
4.21812	20
4.21815	20
4.21816	20
4.22086	20
4.22086	20
4.22086	20
4.22086	20
4.22634	20
4.22638	20
4.22638	20
4.23043	20
4.23047	20
4.23049	20
4.23463	20
4.23465	20
4.23465	20
4.2363	20
4.2364	20
4.2364	20
4.24914	20
4.24914	20
4.24919	20
4.2492	20
4.26896	20
4.26896	20
4.26906	20
4.26906	20
4.27313	20
4.27865	20
4.27865	20
4.27875	20
4.27875	20
4.279	20
4.27902	20
4.27902	20
4.28808	20
4.29007	20
4.29009	20
4.29014	20
4.29015	20
4.2935	20
4.29627	20
4.29634	20
4.29635	20
4.29636	20
4.29702	20
4.29703	20
4.29703	20
4.30831	20
4.30831	20
4.30836	20
4.30837	20
4.31128	20
4.31842	20
4.31844	20
4.31848	20
4.31849	20
4.33122	20
4.33127	20
4.33127	20
4.33402	20
4.33404	20
4.33405	20
4.34179	20
4.34179	20
4.34181	20
4.34182	20
4.35224	20
4.35224	20
4.35225	20
4.35226	20
4.3649	20
4.36496	20
4.36496	20
4.36496	20
4.36496	20
4.37515	20
4.37518	20
4.3752	20
4.38767	20
4.38777	20
4.38796	20
4.38797	20
4.39779	20
4.39794	20
4.39794	20
4.40768	20
4.40771	20
4.40771	20
4.40771	20
4.40773	20
4.41334	20
4.41339	20
4.4134	20
4.41342	20
4.4136	20
4.4136	20
4.41477	20
4.41478	20
4.41478	20
4.42087	20
4.42089	20
4.42094	20
4.42099	20
4.43293	20
4.43301	20
4.43302	20
4.44679	20
4.4468	20
4.44685	20
4.44686	20
4.44694	20
4.44698	20
4.44698	20
4.4528	20
4.4528	20
4.4528	20
4.46157	20
4.46162	20
4.46163	20
4.47713	20
4.4772	20
4.4773	20
4.47731	20
4.47845	20
4.47845	20
4.47845	20
4.48575	20
4.48578	20
4.4858	20
4.4858	20
4.48581	20
4.48588	20
4.48588	20
4.51058	20
4.51065	20
4.51066	20
4.51429	20
4.51438	20
4.51438	20
4.51794	20
4.51797	20
4.51798	20
4.51841	20
4.55176	20
4.55178	20
4.55183	20
4.55183	20
4.55184	20
4.55184	20
4.56134	20
4.56141	20
4.56141	20
4.56568	20
4.56568	20
4.56568	20
4.56569	20
4.57476	20
4.57479	20
4.5748	20
4.57481	20
4.58158	20
4.58164	20
4.58175	20
4.58176	20
4.58965	20
4.5898	20
4.5898	20
4.5898	20
4.58982	20
4.59338	20
4.59444	20
4.59449	20
4.59842	20
4.59846	20
4.59846	20
4.59851	20
4.59851	20
4.61271	20
4.61279	20
4.61279	20
4.61842	20
4.61858	20
4.61858	20
4.62153	20
4.63944	20
4.63946	20
4.63946	20
4.66698	20
4.66699	20
4.667	20
4.667	20
4.667	20
4.66942	20
4.66943	20
4.66944	20
4.66944	20
4.68706	20
4.69133	20
4.69139	20
4.69144	20
4.69144	20
4.70809	20
4.7081	20
4.70829	20
4.7083	20
4.72487	20
4.72499	20
4.72501	20
4.72664	20
4.72673	20
4.72673	20
4.73124	20
4.73126	20
4.73135	20
4.73135	20
4.74456	20
4.74456	20
4.74459	20
4.74459	20
4.75269	20
4.75387	20
4.75388	20
4.75389	20
4.75391	20
4.75411	20
4.75414	20
4.75415	20
4.75416	20
4.75567	20
4.75569	20
4.75569	20
4.76818	20
4.7682	20
4.76821	20
4.76972	20
4.76972	20
4.76973	20
4.77138	20
4.77145	20
4.77147	20
4.78375	20
4.78387	20
4.78389	20
4.82896	20
4.82896	20
4.82896	20
4.82897	20
4.8386	20
4.83864	20
4.83866	20
4.84129	20
4.84136	20
4.84138	20
4.84222	20
4.85592	20
4.85592	20
4.85592	20
4.85595	20
4.85595	20
4.85671	20
4.85671	20
4.85672	20
4.85672	20
4.86122	20
4.86123	20
4.86143	20
4.86144	20
4.86971	20
4.8698	20
4.86981	20
4.87172	20
4.8718	20
4.87181	20
4.87332	20
4.8843	20
4.88431	20
4.88438	20
4.88438	20
4.89631	20
4.89631	20
4.89643	20
4.89643	20
4.89756	20
4.90307	20
4.90316	20
4.9032	20
4.90322	20
4.90658	20
4.92233	20
4.92234	20
4.92687	20
4.9269	20
4.9269	20
4.9269	20
4.92692	20
4.92763	20
4.9307	20
4.93074	20
4.95738	20
4.95741	20
4.95741	20
4.95745	20
4.95745	20
4.96027	20
4.9603	20
4.96032	20
4.96033	20
4.96247	20
4.9625	20
4.96251	20
4.9661	20
4.96613	20
4.96613	20
4.971	20
4.97101	20
4.97101	20
5.02316	20
5.02316	20
5.02322	20
5.02322	20
5.02672	20
5.02679	20
5.0268	20
5.03123	20
5.03126	20
5.03126	20
5.03605	20
5.05693	20
5.05694	20
5.05695	20
5.05712	20
5.05717	20
5.0642	20
5.06421	20
5.06425	20
5.06426	20
5.06857	20
5.06858	20
5.06859	20
5.07638	20
5.07817	20
5.07818	20
5.07826	20
5.07871	20
5.07874	20
5.07875	20
5.08099	20
5.08673	20
5.08675	20
5.08676	20
5.08676	20
5.08684	20
5.08685	20
5.12264	20
5.12267	20
5.12268	20
5.12271	20
5.12272	20
5.12629	20
5.1263	20
5.12634	20
5.14785	20
5.1479	20
5.14796	20
5.14796	20
5.148	20
5.15976	20
5.15977	20
5.15978	20
5.15978	20
5.1609	20
5.1609	20
5.16095	20
5.16095	20
5.16682	20
5.16682	20
5.16684	20
5.16684	20
5.17564	20
5.1795	20
5.17951	20
5.17952	20
5.17955	20
5.17956	20
5.21526	20
5.26385	20
5.26387	20
5.26387	20
5.29293	20
5.29296	20
5.29296	20
5.29298	20
5.29298	20
5.29757	20
5.29758	20
5.29758	20
5.29772	20
5.2978	20
5.29781	20
5.32808	20
5.32816	20
5.32817	20
5.32873	20
5.32974	20
5.33621	20
5.33623	20
5.33633	20
5.33924	20
5.33927	20
5.33927	20
5.33964	20
5.33965	20
5.34242	20
5.34242	20
5.34351	20
5.34352	20
5.34884	20
5.34884	20
5.34885	20
5.36271	20
5.36272	20
5.36276	20
5.36276	20
5.36544	20
5.36544	20
5.36546	20
5.36568	20
5.36581	20
5.36582	20
5.36777	20
5.36802	20
5.36805	20
5.37627	20
5.37693	20
5.37694	20
5.37699	20
5.3827	20
5.38272	20
5.38272	20
5.38273	20
5.38273	20
5.39057	20
5.39061	20
5.39069	20
5.39071	20
5.39293	20
5.39305	20
5.39305	20
5.39419	20
5.39429	20
5.3943	20
5.47264	20
5.47265	20
5.47265	20
5.47265	20
5.47776	20
5.47779	20
5.47781	20
5.4808	20
5.48083	20
5.48084	20
5.48804	20
5.48804	20
5.48804	20
5.48808	20
5.48956	20
5.48956	20
5.48957	20
5.49743	20
5.49968	20
5.49971	20
5.49971	20
5.49973	20
5.49974	20
5.50849	20
5.50854	20
5.50855	20
5.51188	20
5.51192	20
5.51193	20
5.51295	20
5.51298	20
5.51299	20
5.51301	20
5.52862	20
5.52863	20
5.52865	20
5.5351	20
5.53514	20
5.53515	20
5.54143	20
5.54149	20
5.54151	20
5.55772	20
5.55788	20
5.55788	20
5.55969	20
5.55972	20
5.55983	20
5.55984	20
5.56404	20
5.56407	20
5.56407	20
5.56415	20
5.56415	20
5.56416	20
5.56614	20
5.56615	20
5.56616	20
5.58744	20
5.58744	20
5.58753	20
5.5876	20
5.59372	20
5.59373	20
5.59388	20
5.5939	20
5.59627	20
5.5963	20
5.5963	20
5.60367	20
5.60372	20
5.60373	20
5.60952	20
5.60955	20
5.6096	20
5.61989	20
5.61991	20
5.61991	20
5.65632	20
5.65633	20
5.65636	20
5.65636	20
5.65674	20
5.65677	20
5.65694	20
5.65698	20
5.65737	20
5.65765	20
5.65767	20
5.66573	20
5.66574	20
5.66574	20
5.66717	20
5.67078	20
5.6708	20
5.67085	20
5.67085	20
5.67362	20
5.67364	20
5.67364	20
5.67869	20
5.67881	20
5.67883	20
5.68319	20
5.68328	20
5.68333	20
5.68346	20
5.6835	20
5.6835	20
5.69112	20
5.69877	20
5.70693	20
5.70694	20
5.70696	20
5.70702	20
5.70702	20
5.71013	20
5.71014	20
5.71015	20
5.71051	20
5.71057	20
5.71058	20
5.71924	20
5.71935	20
5.71941	20
5.72448	20
5.72451	20
5.72453	20
5.72746	20
5.72746	20
5.72749	20
5.72893	20
5.72902	20
5.72905	20
5.72953	20
5.72954	20
5.72954	20
5.73096	20
5.73098	20
5.731	20
5.74166	20
5.75165	20
5.75171	20
5.75442	20
5.75445	20
5.75445	20
5.75451	20
5.75455	20
5.7623	20
5.76246	20
5.76249	20
5.76911	20
5.76913	20
5.76914	20
5.76918	20
5.77256	20
5.77257	20
5.77261	20
5.78251	20
5.78252	20
5.78258	20
5.79544	20
5.79545	20
5.79548	20
5.86608	20
5.86611	20
5.86611	20
5.8729	20
5.873	20
5.873	20
5.87306	20
5.87307	20
5.87438	20
5.88359	20
5.8836	20
5.8836	20
5.88361	20
5.91715	20
5.91715	20
5.91715	20
5.91716	20
5.97958	20
5.97958	20
5.97961	20
5.97964	20
5.98289	20
5.983	20
5.98309	20
5.98631	20
5.98634	20
5.98634	20
5.99248	20
5.9925	20
5.99265	20
5.99267	20
5.99736	20
5.99736	20
5.99738	20
6.00091	20
6.00094	20
6.00096	20
6.00097	20
6.01926	20
6.01927	20
6.01937	20
6.01938	20
6.03236	20
6.03237	20
6.03237	20
6.03687	20
6.03692	20
6.03694	20
6.03697	20
6.04072	20
6.04082	20
6.04084	20
6.05577	20
6.05578	20
6.05583	20
6.05584	20
6.05658	20
6.05662	20
6.05674	20
6.05679	20
6.05837	20
6.05839	20
6.05842	20
6.10484	20
6.10488	20
6.10488	20
6.10495	20
6.10495	20
6.11395	20
6.11402	20
6.11408	20
6.1199	20
6.1312	20
6.13125	20
6.13127	20
6.13127	20
6.1313	20
6.13205	20
6.13206	20
6.13207	20
6.13212	20
6.1428	20
6.14282	20
6.14284	20
6.14288	20
6.14352	20
6.14365	20
6.14369	20
6.14371	20
6.14408	20
6.14409	20
6.14414	20
6.15164	20
6.15167	20
6.15168	20
6.15179	20
6.1524	20
6.16162	20
6.16165	20
6.16168	20
6.16168	20
6.1617	20
6.16173	20
6.16188	20
6.16194	20
6.16196	20
6.16197	20
6.17967	20
6.17968	20
6.17971	20
6.17971	20
6.17971	20
6.17971	20
6.17974	20
6.1933	20
6.19331	20
6.19332	20
6.20211	20
6.2022	20
6.20228	20
6.2084	20
6.20846	20
6.20848	20
6.21092	20
6.21102	20
6.21109	20
6.21955	20
6.21955	20
6.2196	20
6.21971	20
6.22505	20
6.22507	20
6.22519	20
6.22959	20
6.2296	20
6.22963	20
6.22969	20
6.2366	20
6.276	20
6.27603	20
6.27603	20
6.27605	20
6.27606	20
6.27947	20
6.2796	20
6.2796	20
6.28538	20
6.28539	20
6.28542	20
6.29607	20
6.29609	20
6.29609	20
6.29615	20
6.31164	20
6.31166	20
6.31169	20
6.3117	20
6.31173	20
6.32502	20
6.32507	20
6.32511	20
6.33147	20
6.33147	20
6.33149	20
6.33154	20
6.33171	20
6.33173	20
6.33181	20
6.33229	20
6.33356	20
6.33361	20
6.33365	20
6.33503	20
6.33506	20
6.33509	20
6.34326	20
6.34336	20
6.34344	20
6.34345	20
6.34634	20
6.34634	20
6.34635	20
6.34646	20
6.36065	20
6.36075	20
6.36075	20
6.36081	20
6.3614	20
6.3614	20
6.36143	20
6.37475	20
6.3748	20
6.37482	20
6.40816	20
6.40822	20
6.40822	20
6.40852	20
6.40857	20
6.40895	20
6.42823	20
6.42826	20
6.42831	20
6.42842	20
6.44163	20
6.44166	20
6.44166	20
6.44497	20
6.445	20
6.44515	20
6.45149	20
6.45152	20
6.45176	20
6.45536	20
6.4556	20
6.45588	20
6.47449	20
6.47761	20
6.47762	20
6.47763	20
6.47767	20
6.47768	20
6.48362	20
6.48365	20
6.48367	20
6.48369	20
6.4969	20
6.4969	20
6.49711	20
6.51431	20
6.51631	20
6.51631	20
6.51633	20
6.51634	20
6.51656	20
6.51753	20
6.51756	20
6.51759	20
6.51766	20
6.53028	20
6.53029	20
6.5303	20
6.53034	20
6.54656	20
6.54665	20
6.54666	20
6.54678	20
6.54679	20
6.54685	20
6.55364	20
6.55366	20
6.55377	20
6.55378	20
6.56003	20
6.56007	20
6.56007	20
6.56023	20
6.57178	20
6.57179	20
6.57195	20
6.57197	20
6.58613	20
6.61619	20
6.61619	20
6.61622	20
6.61626	20
6.61627	20
6.61627	20
6.61632	20
6.6164	20
6.62668	20
6.63919	20
6.63919	20
6.63922	20
6.63922	20
6.66231	20
6.67943	20
6.67943	20
6.67943	20
6.67944	20
6.68037	20
6.68749	20
6.6875	20
6.68751	20
6.68753	20
6.70572	20
6.70572	20
6.70578	20
6.70623	20
6.7152	20
6.71527	20
6.71561	20
6.71673	20
6.71678	20
6.71844	20
6.72507	20
6.72516	20
6.72627	20
6.72627	20
6.72629	20
6.72844	20
6.7286	20
6.72864	20
6.72928	20
6.7376	20
6.73762	20
6.73785	20
6.73998	20
6.74001	20
6.74002	20
6.7484	20
6.7484	20
6.74867	20
6.76001	20
6.76002	20
6.76002	20
6.76233	20
6.76233	20
6.76241	20
6.78829	20
6.79941	20
6.79947	20
6.79947	20
6.79955	20
6.83295	20
6.83295	20
6.83296	20
6.87843	20
6.87843	20
6.87844	20
6.91081	20
6.91083	20
6.91083	20
6.92852	20
6.92852	20
6.92857	20
7.00594	20
7.00596	20
7.00596	20
7.00598	20
7.00624	20
7.00624	20
7.00626	20
7.0063	20
7.04562	20
7.04564	20
7.04572	20
7.04846	20
7.04846	20
7.0485	20
7.06166	20
7.06166	20
7.06171	20
7.06604	20
7.07211	20
7.07211	20
7.07212	20
7.07215	20
7.0834	20
7.08341	20
7.08346	20
7.08763	20
7.08763	20
7.08775	20
7.0879	20
7.08791	20
7.08794	20
7.14319	20
7.14321	20
7.14321	20
7.15046	20
7.17384	20
7.17387	20
7.17387	20
7.17391	20
7.18517	20
7.1852	20
7.1852	20
7.18521	20
7.55766	20
7.55767	20
7.56232	20
7.56549	20
7.56549	20
7.56558	20
7.56765	20
7.56768	20
7.56769	20
7.56773	20
7.57094	20
7.60204	20
7.60211	20
7.60211	20
7.60212	20
7.60766	20
7.60767	20
7.63971	20
7.63973	20
7.63973	20
7.63978	20
8.33667	20
8.33668	20
8.33904	20
8.34789	20
8.34792	20
8.34794	20
8.34811	20
8.36191	20
8.36191	20
8.36192	20
8.37661	20
8.37663	20
8.37663	20
8.37665	20
8.39429	20
8.39431	20
8.39431	20
8.39431	20
8.41303	20
8.41314	20
8.41315	20
8.44881	20
8.44881	20
8.44883	20
8.44885	20
8.45536	20
8.45536	20
8.45539	20
8.46947	20
8.46948	20
8.46949	20
8.46949	20
8.4907	20
8.4907	20
8.49072	20
8.49215	20
8.49215	20
8.51229	20
8.51232	20
8.51233	20
8.51233	20
8.5246	20
8.52464	20
8.52464	20
8.52465	20
8.52809	20
8.52811	20
8.52811	20
8.52815	20
8.52851	20
8.52852	20
8.52854	20
8.52965	20
8.52965	20
8.52965	20
8.53192	20
8.532	20
8.53547	20
8.53547	20
8.53547	20
8.53552	20
8.54337	20
8.5434	20
8.5434	20
8.54497	20
8.54501	20
8.54501	20
8.54501	20
8.55528	20
8.55529	20
8.55539	20
8.55674	20
8.56936	20
8.5695	20
8.56952	20
8.56952	20
8.56994	20
8.56998	20
8.56998	20
8.57001	20
8.59518	20
8.59519	20
8.59522	20
8.63123	20
8.63125	20
8.63125	20
8.63132	20
8.63829	20
8.63829	20
8.63832	20
8.64967	20
8.64968	20
8.64969	20
8.65725	20
8.65726	20
8.65736	20
8.94968	20
8.9497	20
8.95155	20
8.95637	20
8.95638	20
8.95638	20
8.95653	20
8.95765	20
8.95767	20
8.95767	20
8.95767	20
8.96358	20
8.96359	20
8.9636	20
9.01082	20
9.01083	20
9.01084	20
9.03585	20
9.03585	20
9.05846	20
9.05847	20
9.05852	20
9.05852	20
9.05853	20
9.05923	20
9.05924	20
9.05924	20
9.06074	20
9.0608	20
9.0608	20
9.0609	20
9.06333	20
9.06338	20
9.06338	20
9.06918	20
9.06918	20
9.06925	20
9.07195	20
9.07354	20
9.07355	20
9.07355	20
9.07365	20
9.08488	20
9.08488	20
9.08488	20
9.10671	20
9.10672	20
9.10693	20
9.10772	20
9.10775	20
9.10775	20
9.10927	20
9.11378	20
9.11382	20
9.11382	20
9.11382	20
9.11461	20
9.11462	20
9.1147	20
9.12817	20
9.12817	20
9.1406	20
9.14062	20
9.14067	20
9.14072	20
9.14075	20
9.15855	20
9.16948	20
9.16949	20
9.16951	20
9.23404	20
9.23407	20
9.23409	20
9.23409	20
9.24337	20
9.24337	20
9.2435	20
9.27667	20
9.27668	20
9.27669	20
9.27982	20
9.27984	20
9.27987	20
9.29237	20
9.29242	20
9.29242	20
9.29694	20
9.29696	20
9.29698	20
9.29701	20
9.31133	20
9.31135	20
9.31136	20
9.33501	20
9.34074	20
9.34075	20
9.34075	20
9.34086	20
9.37449	20
9.37451	20
9.37451	20
9.37455	20
10.3435	20
10.3435	20
10.3447	20
10.3988	20
10.3988	20
10.3988	20
10.4082	20
10.4082	20
10.4082	20
10.4198	20
10.4198	20
10.4198	20
10.4199	20
10.43	20
10.4495	20
10.4495	20
10.4496	20
10.4496	20
10.7967	20
10.7967	20
10.7972	20
10.8103	20
10.8103	20
10.8103	20
10.8191	20
10.8191	20
10.8191	20
10.8698	20
10.8698	20
10.8698	20
10.8902	20
10.8902	20
10.8953	20
10.9259	20
10.926	20
10.926	20
10.926	20
10.9715	20
10.9715	20
10.9715	20
11.0136	20
11.0136	20
11.0136	20
11.0137	20
11.0224	20
11.0224	20
11.0224	20
11.0332	20
11.0332	20
11.0332	20
11.0338	20
11.0339	20
11.0339	20
11.0339	20
11.0617	20
11.0617	20
11.0617	20
11.0711	20
11.0711	20
11.0712	20
11.0876	20
11.0876	20
11.0876	20
11.1096	20
11.1096	20
11.1096	20
11.1096	20
11.1238	20
11.1293	20
11.1294	20
11.1294	20
11.1295	20
11.1797	20
11.1797	20
11.1859	20
11.1859	20
11.186	20
11.186	20
11.186	20
11.2209	20
11.2209	20
11.2209	20
11.2209	20
11.2224	20
11.2225	20
11.2225	20
11.2225	20
11.223	20
11.223	20
11.2371	20
11.2371	20
11.2371	20
11.2371	20
11.372	20
11.3721	20
11.3771	20
11.3975	20
11.3975	20
11.3976	20
11.409	20
11.409	20
11.4091	20
11.4101	20
11.4101	20
11.4101	20
11.4101	20
11.4139	20
11.4139	20
11.4139	20
11.4139	20
11.4139	20
11.4139	20
11.414	20
11.4414	20
11.4414	20
11.4415	20
11.4415	20
11.4755	20
11.4756	20
11.4756	20
11.4756	20
11.5194	20
11.5195	20
11.5195	20
11.5195	20
12.8078	20
12.8078	20
12.8081	20
12.8081	20
12.8081	20
12.8084	20
12.8219	20
12.8219	20
12.8219	20
12.8221	20
12.8537	20
12.8537	20
12.8537	20
12.8581	20
12.8581	20
12.8583	20
12.8827	20
12.8827	20
12.8828	20
12.8828	20
12.8957	20
12.8958	20
12.8958	20
12.8958	20
12.9717	20
12.9717	20
12.9728	20
12.9833	20
12.9833	20
12.9833	20
13.1927	20
13.1937	20
13.1937	20
13.1956	20
13.209	20
13.209	20
13.209	20
13.2123	20
13.2123	20
13.2123	20
13.2534	20
13.2534	20
13.2534	20
13.2978	20
13.2978	20
13.2978	20
13.2979	20
13.2981	20
13.9049	20
13.9049	20
13.9054	20
14.0694	20
14.0695	20
14.0701	20
14.0748	20
14.0748	20
14.0748	20
14.0748	20
14.0841	20
14.0841	20
14.0841	20
14.0841	20
14.0949	20
14.0949	20
14.0951	20
14.1205	20
14.1205	20
14.1205	20
14.1217	20
14.1217	20
14.1217	20
14.1251	20
14.1251	20
14.1251	20
14.13	20
14.1301	20
14.1301	20
14.1385	20
14.1386	20
14.1386	20
14.1442	20
14.1443	20
14.1443	20
14.1443	20
14.1557	20
14.1557	20
14.1557	20
14.2301	20
14.2301	20
14.2301	20
14.2301	20
14.2558	20
14.2558	20
14.2558	20
14.8241	20
14.8241	20
14.8258	20
16.147	20
16.1473	20
16.1473	20
16.149	20
16.1491	20
16.1491	20
16.1497	20
16.1497	20
16.1498	20
16.1509	20
16.177	20
16.1771	20
16.1771	20
16.1771	20
16.1787	20
16.1854	20
16.1855	20
16.1855	20
16.1855	20
16.1863	20
16.1864	20
16.1864	20
16.8893	20
16.8893	20
16.8899	20
16.9054	20
16.9055	20
16.9055	20
16.9075	20
16.9075	20
16.9075	20
16.9076	20
16.933	20
16.933	20
16.933	20
16.9331	20
16.9441	20
16.9441	20
16.9441	20
16.9613	20
16.9613	20
16.9614	20
16.9939	20
16.9939	20
16.9939	20
16.994	20
17.0267	20
17.0267	20
17.0269	20
17.0426	20
17.0426	20
17.0426	20
17.0472	20
17.0472	20
17.0473	20
17.0632	20
17.0633	20
17.0633	20
17.0794	20
17.0794	20
17.0794	20
17.3343	20
17.3349	20
17.3349	20
17.3369	20
17.3543	20
17.3543	20
17.3543	20
17.3888	20
17.3888	20
17.3888	20
17.3889	20
17.3889	20
17.4042	20
17.4042	20
17.4042	20
17.4066	20
17.4066	20
17.4066	20
17.4066	20
17.4311	20
17.4311	20
17.4311	20
17.4343	20
17.4343	20
17.4343	20
17.4397	20
17.4437	20
17.4438	20
17.4438	20
17.4439	20
17.4462	20
17.4462	20
17.4462	20
17.914	20
17.914	20
17.9143	20
17.9196	20
17.9197	20
17.9197	20
17.9198	20
17.9274	20
17.9274	20
17.9274	20
17.9274	20
17.9287	20
17.9287	20
17.9287	20
21.6837	20
21.6837	20
21.684	20
21.7087	20
21.7088	20
21.7088	20
21.7088	20
21.7099	20
21.71	20
21.71	20
21.71	20
21.7486	20
21.7487	20
21.7487	20
21.767	20
21.767	20
21.767	20
21.774	20
21.774	20
21.774	20
21.7761	20
21.7761	20
21.7761	20
21.7761	20
21.7819	20
21.782	20
21.782	20
21.7827	20
21.7928	20
21.7928	20
21.7928	20
21.8067	20
21.8067	20
21.8067	20
21.8067	20
21.8102	20
21.8102	20
21.8102	20
21.8102	20
21.83	20
21.83	20
21.8302	20
22.3067	20
22.3068	20
22.3083	20
22.3179	20
22.3179	20
22.318	20
22.3465	20
22.3465	20
22.3465	20
22.3465	20
22.3773	20
22.3773	20
22.3774	20
22.3775	20
22.3881	20
22.3881	20
22.3881	20
22.4044	20
22.4044	20
22.4045	20
22.4045	20
22.4247	20
22.4247	20
22.4247	20
22.4248	20
22.445	20
22.4563	20
22.4563	20
22.4563	20
22.4563	20
22.4593	20
22.4593	20
22.4594	20
22.4594	20
22.4702	20
22.4703	20
22.4703	20
22.4703	20
22.4747	20
22.4747	20
22.4747	20
22.4748	20
22.4862	20
22.4863	20
22.4863	20
22.4863	20
22.5212	20
22.5212	20
22.5212	20
22.5212	20
22.5525	20
22.5534	20
22.5536	20
22.5536	20
22.5608	20
22.5608	20
22.5608	20
22.5702	20
22.5703	20
22.5703	20
22.5842	20
22.5843	20
22.5843	20
23.2212	20
23.2217	20
23.2217	20
23.2254	20
23.2334	20
23.2334	20
23.2334	20
23.2335	20
23.277	20
23.277	20
23.2771	20
23.2771	20
23.2892	20
23.2996	20
23.2996	20
23.2997	20
23.2998	20
23.3013	20
23.3014	20
23.3014	20
23.3017	20
23.3018	20
23.3018	20
23.3018	20
23.3144	20
23.3144	20
23.3221	20
23.3221	20
23.3222	20
23.3222	20
23.3334	20
23.3334	20
23.3335	20
23.3336	20
23.3409	20
23.341	20
23.341	20
23.341	20
23.3443	20
23.3443	20
23.3443	20
23.3443	20
23.3462	20
23.3463	20
23.3463	20
24.5778	20
24.5778	20
24.8734	20
24.8734	20
24.8736	20
24.8754	20
24.8754	20
24.8792	20
25.2763	20
25.2763	20
25.2774	20
25.288	20
25.288	20
25.288	20
25.288	20
25.2963	20
25.2963	20
25.2964	20
25.2999	20
25.2999	20
25.2999	20
25.3	20
25.6419	20
25.642	20
25.6424	20
25.6608	20
25.6608	20
25.6609	20
25.6689	20
25.669	20
25.669	20
25.6692	20
25.7134	20
25.7135	20
25.7135	20
25.7136	20
25.7161	20
25.7161	20
25.7161	20
25.7338	20
25.7338	20
25.7338	20
26.0154	20
26.0154	20
26.0173	20
26.0388	20
26.0388	20
26.0389	20
26.039	20
26.0431	20
26.0431	20
26.0431	20
26.0431	20
26.08	20
26.08	20
26.08	20
26.1031	20
26.1035	20
26.1035	20
26.1042	20
26.1049	20
26.105	20
26.105	20
26.1051	20
26.1195	20
26.1196	20
26.1196	20
26.1196	20
26.1233	20
26.1233	20
26.1234	20
26.1252	20
26.1268	20
26.1268	20
26.1269	20
26.1269	20
26.6337	20
26.6356	20
26.6356	20
26.6364	20
26.6515	20
26.6659	20
26.6659	20
26.6661	20
26.6664	20
26.6777	20
26.6777	20
26.6777	20
26.9018	20
26.9021	20
26.9034	20
26.9113	20
26.9114	20
26.9115	20
27.4961	20
27.4961	20
27.4974	20
28.5238	20
28.5239	20
28.5245	20
28.5425	20
28.5425	20
28.5425	20
28.5427	20
28.5641	20
28.5642	20
28.5642	20
28.5642	20
28.5808	20
28.5808	20
28.5808	20
28.5808	20
28.6107	20
28.6107	20
28.6107	20
29.476	20
29.4761	20
29.4761	20
29.489	20
29.4891	20
29.4891	20
29.503	20
29.503	20
29.503	20
29.5031	20
29.5234	20
29.5234	20
29.5235	20
29.5284	20
29.5284	20
29.5285	20
29.5409	20
29.5409	20
29.541	20
29.541	20
29.541	20
29.5558	20
29.5558	20
29.5559	20
29.5559	20
29.8471	20
29.8488	20
29.8489	20
29.8505	20
29.865	20
29.865	20
29.865	20
29.8705	20
29.8705	20
29.8705	20
29.9128	20
29.9128	20
29.9128	20
29.9202	20
29.9202	20
29.9204	20
29.9204	20
29.931	20
29.931	20
29.931	20
30.0612	20
30.0613	20
30.0627	20
30.0698	20
30.0698	20
30.0723	20
30.0812	20
30.0813	20
30.0813	20
30.0813	20
30.1164	20
30.1164	20
30.1164	20
30.1165	20
30.1747	20
30.1748	20
30.1748	20
30.8566	20
30.8566	20
30.8581	20
30.8582	20
30.8583	20
30.8616	20
30.8653	20
30.8653	20
30.8653	20
30.8653	20
30.9612	20
30.9612	20
30.9623	20
31.0291	20
31.0292	20
31.0294	20
31.0294	20
31.0294	20
31.0304	20
31.0304	20
31.0304	20
31.0305	20
31.4201	20
31.4201	20
31.4211	20
32.206	20
32.206	20
32.2091	20
32.2139	20
32.2139	20
32.214	20
32.214	20
32.2694	20
32.2694	20
32.2724	20
32.2784	20
32.2784	20
32.2785	20
32.2785	20
32.803	20
32.8047	20
32.8047	20
32.8064	20
34.1448	20
34.145	20
34.1451	20
34.1459	20
34.6188	20
34.6188	20
34.6188	20
34.6492	20
34.6492	20
34.6493	20
34.6727	20
34.6728	20
34.6728	20
34.6728	20
34.7668	20
34.7669	20
34.7669	20
34.7739	20
34.7739	20
34.774	20
34.774	20
34.7869	20
34.7869	20
34.7869	20
34.7871	20
34.8235	20
34.8235	20
34.8236	20
34.8236	20
35.7673	20
35.7698	20
35.77	20
35.7714	20
35.7747	20
35.7747	20
35.7748	20
35.7748	20
35.9094	20
35.9097	20
35.9099	20
35.9122	20
35.9122	20
35.9122	20
35.9123	20
35.9302	20
35.9416	20
35.9416	20
35.9416	20
35.9416	20
37.4895	20
37.4896	20
37.4908	20
37.4909	20
37.4909	20
37.4909	20
37.6231	20
37.6231	20
37.6242	20
38.4426	20
38.4426	20
38.4451	20
38.4562	20
38.4562	20
38.4563	20
38.5768	20
38.577	20
38.5819	20
39.0183	20
39.0202	20
39.0202	20
39.6465	20
39.6477	20
39.6482	20
39.6495	20
39.6552	20
39.6552	20
39.6553	20
39.6554	20
40.3341	20
40.3343	20
40.3369	20
40.4583	20
40.4583	20
40.4597	20
40.4654	20
40.4654	20
40.4655	20
40.4655	20
40.4875	20
40.4875	20
40.4876	20
40.4877	20
40.6204	20
40.6206	20
40.6224	20
41.2151	20
41.2151	20
41.2154	20
41.216	20
41.2525	20
41.2525	20
41.2526	20
41.2526	20
41.2757	20
41.2758	20
41.2758	20
41.2758	20
41.2764	20
41.2764	20
41.2765	20
41.2838	20
41.2839	20
41.2839	20
41.284	20
41.6215	20
41.6215	20
41.6254	20
42.4657	20
42.4659	20
42.4663	20
42.4727	20
42.4727	20
42.4727	20
42.4728	20
42.4825	20
42.5	20
42.5	20
42.5001	20
42.5001	20
42.5315	20
42.5316	20
42.5316	20
42.5317	20
42.544	20
42.544	20
42.5443	20
42.5975	20
42.598	20
42.5993	20
42.5993	20
42.5994	20
42.5994	20
42.6002	20
42.9768	20
42.9769	20
42.9774	20
43.1039	20
43.105	20
43.1051	20
43.1057	20
44.6767	20
44.6768	20
44.6785	20
45.9453	20
45.9454	20
45.9463	20
45.9495	20
45.9495	20
45.9496	20
45.9635	20
45.9635	20
45.9636	20
45.9636	20
46.0391	20
46.0393	20
46.0433	20
46.0518	20
46.0518	20
46.0519	20
46.0519	20
46.0636	20
46.0637	20
46.0637	20
46.0755	20
46.0755	20
46.0755	20
46.0755	20
47.752	20
47.7522	20
47.7522	20
49.1631	20
49.1634	20
49.1634	20
49.5996	20
49.6015	20
49.6016	20
49.6058	20
49.6637	20
49.6639	20
49.6664	20
49.6847	20
49.6847	20
49.6847	20
49.6847	20
51.0969	20
51.0986	20
51.0986	20
51.1001	20
51.1001	20
51.1003	20
51.1012	20
51.5282	20
51.5283	20
51.5323	20
52.5404	20
52.5404	20
52.5408	20
53.5737	20
53.5738	20
53.5769	20
53.5961	20
53.5962	20
53.5962	20
53.5963	20
53.739	20
53.7391	20
53.7435	20
53.7762	20
55.9431	20
55.9436	20
55.9437	20
56.0639	20
56.0647	20
56.0648	20
56.065	20
56.0652	20
56.0708	20
56.0709	20
56.0728	20
56.4286	20
56.4292	20
56.4292	20
56.4322	20
57.7158	20
57.716	20
57.7163	20
57.8984	20
57.8984	20
57.8986	20
57.9027	20
57.9027	20
57.9027	20
57.9027	20
58.0952	20
58.0952	20
58.0984	20
58.4088	20
58.4096	20
58.4099	20
58.4115	20
59.0546	20
59.0547	20
59.0554	20
59.0554	20
59.0554	20
59.0554	20
59.056	20
59.056	20
59.0561	20
59.0561	20
59.0574	20
59.0671	20
59.0672	20
59.0673	20
59.1185	20
59.1186	20
59.1191	20
59.5978	20
59.5979	20
59.6021	20
59.6021	20
59.6021	20
59.6022	20
59.605	20
60.0281	20
60.0283	20
60.0307	20
60.3641	20
60.3663	20
60.3663	20
60.3682	20
60.3694	20
60.3694	20
60.3695	20
61.0271	20
61.0287	20
61.0291	20
61.0302	20
61.2855	20
61.2858	20
61.2868	20
61.6086	20
61.6092	20
61.6125	20
61.9551	20
61.9552	20
61.9638	20
61.9639	20
61.964	20
61.966	20
63.7463	20
63.7464	20
63.7514	20
63.7743	20
63.7743	20
63.7743	20
63.7744	20
65.0168	20
65.017	20
65.025	20
65.1977	20
65.1977	20
65.198	20
65.3366	20
65.3369	20
65.3384	20
65.8783	20
65.8785	20
65.8785	20
66.5704	20
66.5717	20
66.5717	20
66.5718	20
66.5784	20
66.579	20
66.5791	20
66.6061	20
66.6062	20
66.6085	20
66.7868	20
66.7893	20
66.7897	20
66.7914	20
66.8147	20
66.8147	20
66.8148	20
66.8149	20
67.2696	20
67.2697	20
67.2725	20
67.9182	20
67.9191	20
67.9206	20
67.9206	20
67.9206	20
67.9207	20
67.9213	20
68.9075	20
68.9076	20
68.908	20
69.0031	20
69.0033	20
69.0034	20
69.1523	20
69.1532	20
69.1532	20
69.1557	20
69.1586	20
69.1586	20
69.1587	20
69.1588	20
69.4024	20
69.4024	20
69.4024	20
69.7502	20
69.7504	20
69.7512	20
70.5105	20
70.5107	20
70.5109	20
70.535	20
70.5353	20
70.5394	20
70.5543	20
70.5546	20
70.5547	20
70.5714	20
70.5714	20
70.5714	20
70.5715	20
75.4886	20
75.4889	20
75.493	20
75.5006	20
75.5008	20
75.5041	20
76.6014	20
76.6019	20
76.6023	20
76.7147	20
76.7151	20
76.7245	20
77.0172	20
77.0175	20
77.0213	20
77.6424	20
77.6426	20
77.6461	20
77.8659	20
77.8662	20
77.8687	20
79.6101	20
79.6102	20
79.6102	20
80.0944	20
80.0945	20
80.0948	20
80.7245	20
80.725	20
80.726	20
81.87	20
81.8704	20
81.871	20
81.8765	20
83.2886	20
83.2886	20
83.289	20
83.2895	20
83.4987	20
83.4987	20
83.499	20
83.5527	20
83.5533	20
83.5534	20
83.6906	20
83.691	20
83.6911	20
84.4836	20
84.4841	20
84.4843	20
84.4915	20
84.4915	20
84.4915	20
84.7808	20
84.7808	20
85.0968	20
85.0991	20
85.0994	20
85.1009	20
85.3637	20
85.3642	20
85.3642	20
85.3672	20
85.4318	20
85.434	20
85.4341	20
85.4379	20
87.5291	20
87.5291	20
87.5301	20
87.7538	20
87.7547	20
87.7548	20
87.7574	20
87.7574	20
88.2586	20
88.2597	20
88.2602	20
88.2603	20
88.3606	20
88.3616	20
88.3617	20
88.4659	20
88.4664	20
88.4666	20
89.1382	20
89.1387	20
89.1389	20
89.1417	20
89.6473	20
89.6474	20
89.6531	20
89.6532	20
90.1457	20
90.1473	20
90.1473	20
90.1494	20
90.7707	20
90.7708	20
90.771	20
91.6443	20
91.6446	20
91.6448	20
91.7643	20
91.765	20
91.7676	20
91.8461	20
91.8481	20
91.849	20
91.8491	20
92.4514	20
92.4516	20
92.4563	20
92.4563	20
92.8783	20
92.8784	20
92.8805	20
93.0017	20
93.0018	20
93.0031	20
93.4129	20
93.4135	20
93.4139	20
93.9157	20
93.916	20
93.9173	20
94.2846	20
94.2849	20
94.2854	20
95.383	20
95.3842	20
95.3844	20
95.386	20
95.3884	20
95.3884	20
95.3884	20
95.3884	20
96.1252	20
96.1256	20
96.1259	20
96.1259	20
96.1355	20
96.1356	20
96.1356	20
96.1357	20
96.8306	20
96.8307	20
96.8307	20
97.307	20
97.3082	20
97.3091	20
97.6995	20
97.7002	20
97.7022	20
98.3374	20
98.3376	20
98.3926	20
98.3939	20
98.3944	20
98.3952	20
98.5281	20
98.5284	20
