6.75659e-10	0
8.59745e-10	1
1.0455e-09	2
1.23736e-09	3
1.34286e-09	4
1.43073e-09	4
1.92013e-09	5
2.25685e-09	6
2.92316e-09	7
4.37813e-09	8
4.52389e-09	9
4.62029e-09	10
5.26753e-09	11
7.1371e-09	11
7.14055e-09	12
7.17846e-09	12
7.35882e-09	13
7.90459e-09	13
9.35959e-09	14
1.12678e-08	15
1.18072e-08	16
1.67874e-08	17
2.65456e-08	18
2.77688e-08	18
2.92888e-08	18
3.04324e-08	18
3.45104e-08	19
4.55191e-08	19
4.72934e-08	19
5.4195e-08	19
6.27882e-08	19
6.85679e-08	19
7.32951e-08	19
7.34359e-08	19
9.26899e-08	19
9.36398e-08	19
1.21158e-07	19
1.30905e-07	19
1.39528e-07	19
1.76439e-07	19
2.08171e-07	19
2.08209e-07	19
2.10366e-07	19
2.13724e-07	19
2.15043e-07	19
2.18082e-07	19
2.22434e-07	19
2.24752e-07	19
2.41963e-07	19
2.42186e-07	19
2.47527e-07	19
2.69094e-07	19
2.77667e-07	19
2.80094e-07	19
2.80386e-07	19
2.87805e-07	19
3.05069e-07	19
3.25773e-07	19
3.34174e-07	19
3.36915e-07	19
3.40475e-07	19
3.42003e-07	19
3.44457e-07	19
3.45793e-07	19
3.46624e-07	19
3.54353e-07	19
3.60177e-07	19
3.61471e-07	19
3.71178e-07	19
3.80085e-07	19
3.85767e-07	19
3.99151e-07	19
4.00283e-07	19
4.02997e-07	19
4.07032e-07	19
4.09753e-07	19
4.16196e-07	19
4.30254e-07	19
4.31656e-07	19
4.32876e-07	19
4.33142e-07	19
4.38135e-07	19
4.47396e-07	19
4.59809e-07	19
4.69156e-07	19
4.76349e-07	19
4.78184e-07	19
4.80528e-07	19
4.8252e-07	19
4.92285e-07	19
4.94179e-07	19
4.94256e-07	19
4.95536e-07	19
4.95669e-07	19
5.04877e-07	19
5.25928e-07	19
5.29677e-07	19
5.3593e-07	19
5.647e-07	19
5.66937e-07	19
5.801e-07	19
6.20435e-07	19
6.32046e-07	19
6.33062e-07	19
6.44168e-07	19
6.45285e-07	19
6.70147e-07	19
6.99967e-07	19
7.13687e-07	19
7.16874e-07	19
7.17922e-07	19
7.18203e-07	19
7.18313e-07	19
7.24952e-07	19
7.36886e-07	19
7.40008e-07	19
7.49739e-07	19
7.52279e-07	19
7.57673e-07	19
7.62664e-07	19
7.64705e-07	19
7.77713e-07	19
7.84414e-07	19
7.85714e-07	19
8.34907e-07	19
8.56358e-07	19
8.61424e-07	19
8.74696e-07	19
8.86546e-07	19
8.94727e-07	19
9.21998e-07	19
9.26296e-07	19
9.39331e-07	19
9.73321e-07	19
9.73807e-07	19
9.81407e-07	19
1.00752e-06	19
1.01141e-06	19
1.0191e-06	19
1.02931e-06	19
1.03731e-06	19
1.049e-06	19
1.05081e-06	19
1.05449e-06	19
1.06344e-06	19
1.06945e-06	19
1.0733e-06	19
1.07977e-06	19
1.07989e-06	19
1.09226e-06	19
1.10639e-06	19
1.11454e-06	19
1.12769e-06	19
1.13331e-06	19
1.15243e-06	19
1.16331e-06	19
1.16883e-06	19
1.17383e-06	19
1.1813e-06	19
1.19532e-06	19
1.23097e-06	19
1.24254e-06	19
1.26137e-06	19
1.2735e-06	19
1.27561e-06	19
1.27828e-06	19
1.28379e-06	19
1.30123e-06	19
1.31096e-06	19
1.32759e-06	19
1.32991e-06	19
1.37482e-06	19
1.39909e-06	19
1.40427e-06	19
1.41358e-06	19
1.41359e-06	19
1.43047e-06	19
1.44694e-06	19
1.44996e-06	19
1.45484e-06	19
1.47232e-06	19
1.48098e-06	19
1.49598e-06	19
1.49646e-06	19
1.52412e-06	19
1.52943e-06	19
1.53535e-06	19
1.5437e-06	19
1.57371e-06	19
1.59518e-06	19
1.6042e-06	19
1.60545e-06	19
1.65004e-06	19
1.67213e-06	19
1.69895e-06	19
1.71168e-06	19
1.72437e-06	19
1.72449e-06	19
1.7303e-06	19
1.73184e-06	19
1.74027e-06	19
1.74166e-06	19
1.7538e-06	19
1.75468e-06	19
1.80645e-06	19
1.88468e-06	19
1.89896e-06	19
1.90341e-06	19
1.93768e-06	19
1.95908e-06	19
1.96197e-06	19
1.97749e-06	19
1.98604e-06	19
1.99097e-06	19
1.99673e-06	19
2.01037e-06	19
2.14565e-06	19
2.19578e-06	19
2.21512e-06	19
2.28999e-06	19
2.30104e-06	19
2.35786e-06	19
2.37711e-06	19
2.39206e-06	19
2.40067e-06	19
2.48525e-06	19
2.48831e-06	19
2.56685e-06	19
2.569e-06	19
2.57132e-06	19
2.60051e-06	19
2.60227e-06	19
3.02512e-06	19
3.05652e-06	19
3.11365e-06	19
3.14505e-06	19
3.23702e-06	19
3.33119e-06	19
3.3767e-06	19
3.45417e-06	19
3.46461e-06	19
3.5027e-06	19
3.56895e-06	19
3.76338e-06	19
3.83637e-06	19
4.06986e-06	19
4.15213e-06	19
4.31883e-06	19
4.48901e-06	19
4.7915e-06	19
4.82614e-06	19
5.168e-06	19
5.30068e-06	19
5.43267e-06	19
6.57385e-06	19
6.61449e-06	19
6.63284e-06	19
6.92855e-06	19
6.99123e-06	19
7.18382e-06	19
7.35947e-06	19
7.48541e-06	19
8.10414e-06	19
8.2808e-06	19
8.52622e-06	19
8.64209e-06	19
8.79942e-06	19
9.51201e-06	19
9.79034e-06	19
1.02034e-05	19
1.02832e-05	19
1.0847e-05	19
1.09016e-05	19
1.1806e-05	19
1.25894e-05	19
1.27328e-05	19
1.35725e-05	19
1.41984e-05	19
1.44853e-05	19
1.49067e-05	19
1.51224e-05	19
1.51406e-05	19
1.52047e-05	19
1.61614e-05	19
1.61721e-05	19
1.68725e-05	19
1.69198e-05	19
1.7075e-05	19
1.70958e-05	19
1.72533e-05	19
1.81418e-05	19
1.81473e-05	19
1.84296e-05	19
1.86617e-05	19
1.90674e-05	19
1.91489e-05	19
1.92979e-05	19
1.93718e-05	19
2.04148e-05	19
2.04824e-05	19
2.10389e-05	19
2.1648e-05	19
2.18827e-05	19
2.21694e-05	19
2.2238e-05	19
2.28378e-05	19
2.35073e-05	19
2.42897e-05	19
2.44654e-05	19
2.48013e-05	19
2.56447e-05	19
2.58138e-05	19
2.65445e-05	19
2.66765e-05	19
2.67132e-05	19
2.82365e-05	19
2.89392e-05	19
2.90021e-05	19
2.90334e-05	19
3.0265e-05	19
3.07097e-05	19
3.07233e-05	19
3.09188e-05	19
3.14393e-05	19
3.16358e-05	19
3.17476e-05	19
3.21595e-05	19
3.22495e-05	19
3.23832e-05	19
3.24816e-05	19
3.30056e-05	19
3.32077e-05	19
3.48388e-05	19
3.50752e-05	19
3.59396e-05	19
3.69459e-05	19
3.70392e-05	19
3.72878e-05	19
3.7482e-05	19
3.80856e-05	19
3.81057e-05	19
3.83611e-05	19
3.901e-05	19
3.90326e-05	19
3.95602e-05	19
4.04824e-05	19
4.21485e-05	19
4.23983e-05	19
4.42006e-05	19
4.59224e-05	19
4.66874e-05	19
4.71055e-05	19
4.83883e-05	19
4.84272e-05	19
4.87186e-05	19
4.90949e-05	19
4.92621e-05	19
5.04897e-05	19
5.10366e-05	19
5.13244e-05	19
5.18007e-05	19
5.23776e-05	19
5.44462e-05	19
5.47568e-05	19
5.49204e-05	19
5.51296e-05	19
5.66036e-05	19
5.70858e-05	19
5.77913e-05	19
5.83524e-05	19
6.0453e-05	19
6.04577e-05	19
6.07482e-05	19
6.20711e-05	19
6.28927e-05	19
6.2937e-05	19
6.46969e-05	19
6.92991e-05	19
6.97418e-05	19
6.99422e-05	19
7.09282e-05	19
7.17225e-05	19
7.22379e-05	19
7.32887e-05	19
7.47757e-05	19
7.5773e-05	19
7.6335e-05	19
7.76956e-05	19
8.21108e-05	19
8.3446e-05	19
8.81469e-05	19
8.87183e-05	19
8.89907e-05	19
9.01693e-05	19
9.19369e-05	19
9.26196e-05	19
9.33798e-05	19
9.91916e-05	19
0.000100027	19
0.000100763	19
0.000104131	19
0.000106394	19
0.000106401	19
0.000106861	19
0.000114122	19
0.000119055	19
0.000120464	19
0.000122036	19
0.000122498	19
0.000125506	19
0.000129787	19
0.000133345	19
0.000140879	19
0.000141179	19
0.00014364	19
0.000147257	19
0.000148016	19
0.000148836	19
0.000151276	19
0.000160387	19
0.000163789	19
0.000163945	19
0.000163965	19
0.000165982	19
0.000172013	19
0.000178512	19
0.000180107	19
0.000182594	19
0.000188949	19
0.000190485	19
0.000193468	19
0.00019506	19
0.000196624	19
0.00020004	19
0.00020363	19
0.000210188	19
0.000212168	19
0.000218225	19
0.000219598	19
0.00022137	19
0.000221417	19
0.000221469	19
0.000222085	19
0.000233123	19
0.000233401	19
0.000239097	19
0.000247056	19
0.000249557	19
0.000251462	19
0.000252367	19
0.000258062	19
0.000271115	19
0.0002742	19
0.000288946	19
0.000290942	19
0.000291166	19
0.000294126	19
0.000300965	19
0.000304543	19
0.000304685	19
0.000310564	19
0.000313714	19
0.000315989	19
0.000319179	19
0.000337482	19
0.000356641	19
0.00039045	19
0.000400127	19
0.000434059	19
0.000494745	19
0.000539213	19
0.000607638	19
0.000658626	19
0.000845975	19
0.000930464	19
0.000934587	19
0.000938406	19
0.000950913	19
0.00100174	19
0.00100695	19
0.00101002	19
0.00101404	19
0.00101443	19
0.00101548	19
0.0010273	19
0.00102941	19
0.00103717	19
0.00141677	19
0.00144532	19
0.00152371	19
0.0016192	19
0.00164629	19
0.00198042	19
0.00235863	19
0.00235864	19
0.0023593	19
0.0023596	19
0.00235962	19
0.00235964	19
0.00235974	19
0.0023599	19
0.0023606	19
0.00236083	19
0.00236084	19
0.00236121	19
0.00236508	19
0.00236642	19
0.00236693	19
0.00236988	19
0.00237133	19
0.00237155	19
0.00250511	19
0.00250629	19
0.00250701	19
0.00250908	19
0.00250918	19
0.00250998	19
0.00251362	19
0.00251451	19
0.0025162	19
0.00251764	19
0.00252908	19
0.0025297	19
0.00253603	19
0.00253927	19
0.00255482	19
0.00256053	19
0.00256213	19
0.00256695	19
0.00256762	19
0.00258066	19
0.00275632	19
0.00375108	19
0.00376672	19
0.00398926	19
0.00426849	19
0.00465008	19
0.00465078	19
0.00465119	19
0.00465175	19
0.00465589	19
0.004656	19
0.00465978	19
0.00536522	19
0.00536552	19
0.00536593	19
0.00536598	19
0.005366	19
0.00536605	19
0.0053662	19
0.00536657	19
0.00536666	19
0.00536683	19
0.0053672	19
0.00536762	19
0.00536765	19
0.00536768	19
0.00536861	19
0.00536868	19
0.00536909	19
0.00536945	19
0.00536976	19
0.00537036	19
0.00537074	19
0.0053712	19
0.00537168	19
0.00537197	19
0.00537207	19
0.00537238	19
0.00537264	19
0.00537294	19
0.00537346	19
0.00537373	19
0.00537392	19
0.00537579	19
0.0053762	19
0.00537631	19
0.00537978	19
0.00537995	19
0.00538207	19
0.0053825	19
0.00538323	19
0.00538433	19
0.00538555	19
0.00538746	19
0.00539381	19
0.00539499	19
0.00542721	19
0.00543487	19
0.00552539	19
0.00552604	19
0.00557411	19
0.00558616	19
0.00558842	19
0.00564553	19
0.00573092	19
0.00587497	19
0.00589755	19
0.00589808	19
0.00589825	19
0.005899	19
0.00589906	19
0.00589908	19
0.00589928	19
0.00589929	19
0.00589944	19
0.00589946	19
0.00589953	19
0.00589957	19
0.00589971	19
0.0059	19
0.00590015	19
0.00590023	19
0.00590056	19
0.00590057	19
0.00590069	19
0.00590081	19
0.00596597	19
0.00596769	19
0.00596845	19
0.00597249	19
0.00598081	19
0.00598838	19
0.0060131	19
0.00641482	19
0.00704092	19
0.00727295	19
0.00804698	19
0.00805314	19
0.00806293	19
0.00809379	19
0.00815717	19
0.00819508	19
0.00822438	19
0.00822982	19
0.00824781	19
0.00831733	19
0.00834566	19
0.00839232	19
0.00841001	19
0.00841525	19
0.00850678	19
0.00853594	19
0.0085519	19
0.00863007	19
0.00885985	19
0.00890907	19
0.00909496	19
0.00925063	19
0.00926027	19
0.00926845	19
0.00926877	19
0.00926947	19
0.0092726	19
0.00928104	19
0.00928622	19
0.0092897	19
0.00929169	19
0.0092922	19
0.00929267	19
0.0092934	19
0.00929526	19
0.00929607	19
0.00929716	19
0.00929817	19
0.00930626	19
0.00946869	19
0.00969862	19
0.00971467	19
0.00975522	19
0.0108795	19
0.0108796	19
0.0108798	19
0.0108801	19
0.0108802	19
0.0108806	19
0.010881	19
0.010881	19
0.010881	19
0.0108811	19
0.0108814	19
0.0108817	19
0.0108818	19
0.0108824	19
0.0108824	19
0.0108824	19
0.0108824	19
0.0108828	19
0.0108829	19
0.0108833	19
0.0108834	19
0.0108834	19
0.0108835	19
0.0108835	19
0.0108837	19
0.0108837	19
0.0108838	19
0.010884	19
0.0108844	19
0.010885	19
0.0108855	19
0.0108856	19
0.0108856	19
0.0108861	19
0.0108864	19
0.0108864	19
0.0108865	19
0.0108865	19
0.0108865	19
0.0108866	19
0.0108868	19
0.010888	19
0.0108883	19
0.0108885	19
0.0108891	19
0.0108893	19
0.0108895	19
0.0108898	19
0.0108903	19
0.0108903	19
0.0108908	19
0.0108912	19
0.0108916	19
0.0108917	19
0.0108924	19
0.0108925	19
0.0108936	19
0.010894	19
0.0108946	19
0.0108952	19
0.0108954	19
0.0108954	19
0.0108955	19
0.0108961	19
0.0108963	19
0.0108965	19
0.0108967	19
0.0108975	19
0.0108984	19
0.0108989	19
0.0108998	19
0.0109002	19
0.0109003	19
0.0109007	19
0.0109012	19
0.0109018	19
0.0109019	19
0.0109031	19
0.0109033	19
0.0109035	19
0.0109047	19
0.010905	19
0.0109076	19
0.0109087	19
0.0109111	19
0.0109122	19
0.0109136	19
0.0109145	19
0.0109149	19
0.0109156	19
0.0109197	19
0.0109229	19
0.0109277	19
0.0109286	19
0.0109401	19
0.0109402	19
0.0109437	19
0.0109513	19
0.0109662	19
0.0109891	19
0.011013	19
0.0110382	19
0.0112001	19
0.0112019	19
0.0112056	19
0.0112097	19
0.0112178	19
0.0118115	19
0.0134663	19
0.0134664	19
0.0134679	19
0.0134681	19
0.0134689	19
0.0134727	19
0.013473	19
0.0134732	19
0.0134765	19
0.0134771	19
0.0134805	19
0.0134842	19
0.0134846	19
0.0134867	19
0.0134888	19
0.0134907	19
0.0134985	19
0.013503	19
0.0135065	19
0.0135099	19
0.01352	19
0.0135266	19
0.0135367	19
0.0135643	19
0.0135755	19
0.0136124	19
0.0136148	19
0.0136775	19
0.0136987	19
0.0137121	19
0.0137521	19
0.0138405	19
0.0138457	19
0.0138764	19
0.0139266	19
0.0139808	19
0.0139982	19
0.0140015	19
0.0140088	19
0.0140145	19
0.0140581	19
0.0140678	19
0.014094	19
0.0140985	19
0.0141041	19
0.0141078	19
0.0141209	19
0.0141833	19
0.014314	19
0.014339	19
0.0146122	19
0.0146137	19
0.0146173	19
0.0146266	19
0.0146284	19
0.0146305	19
0.014632	19
0.0146462	19
0.0146522	19
0.0146524	19
0.0146585	19
0.0146697	19
0.0146795	19
0.0146907	19
0.0147289	19
0.0147467	19
0.014749	19
0.0147518	19
0.0147563	19
0.0147606	19
0.0147622	19
0.0147674	19
0.0147722	19
0.0147723	19
0.0147731	19
0.014774	19
0.014775	19
0.0147858	19
0.0147967	19
0.0148598	19
0.0150182	19
0.0150281	19
0.0153771	19
0.0162079	19
0.0162084	19
0.0162088	19
0.0162092	19
0.0162094	19
0.0162096	19
0.01621	19
0.0162103	19
0.016211	19
0.016211	19
0.0162114	19
0.0162114	19
0.0162129	19
0.0162147	19
0.016215	19
0.0162158	19
0.0162171	19
0.0162174	19
0.0162175	19
0.0162176	19
0.0162194	19
0.0162216	19
0.0162217	19
0.0162222	19
0.0162233	19
0.0162235	19
0.0162258	19
0.0162284	19
0.0162304	19
0.0162322	19
0.0162366	19
0.0162396	19
0.0162407	19
0.0162574	19
0.0162599	19
0.0162918	19
0.0164293	19
0.0164328	19
0.0164381	19
0.0164388	19
0.0164409	19
0.0164428	19
0.0164468	19
0.0164483	19
0.01645	19
0.0164714	19
0.016473	19
0.0164813	19
0.0165087	19
0.01672	19
0.0169776	19
0.0170252	19
0.0170374	19
0.0177482	19
0.0191766	19
0.0191769	19
0.0191771	19
0.0191772	19
0.0191774	19
0.0191774	19
0.0191774	19
0.0191776	19
0.0191776	19
0.0191778	19
0.0191782	19
0.0191782	19
0.0191785	19
0.0191786	19
0.0191788	19
0.0191791	19
0.0191794	19
0.0191796	19
0.0191801	19
0.0191801	19
0.0191802	19
0.0191804	19
0.0191805	19
0.0191806	19
0.0191814	19
0.0191829	19
0.019183	19
0.0191833	19
0.0191835	19
0.019184	19
0.0191848	19
0.0191851	19
0.0191864	19
0.0191864	19
0.0191865	19
0.0191872	19
0.01919	19
0.0191912	19
0.0191933	19
0.0191936	19
0.0191939	19
0.0191945	19
0.0191947	19
0.0191972	19
0.0191974	19
0.0191982	19
0.0191985	19
0.0191988	19
0.0191998	19
0.0192009	19
0.0192026	19
0.0192045	19
0.0192049	19
0.0192162	19
0.0192173	19
0.0192209	19
0.0192306	19
0.0198848	19
0.021156	19
0.0211561	19
0.0211567	19
0.0211572	19
0.0211587	19
0.0211587	19
0.021159	19
0.0211593	19
0.0211598	19
0.0211628	19
0.0211629	19
0.021164	19
0.0211677	19
0.0211681	19
0.0211688	19
0.0211691	19
0.0211695	19
0.0211698	19
0.0211715	19
0.0211729	19
0.0211747	19
0.0211754	19
0.0211755	19
0.021176	19
0.0211799	19
0.0211843	19
0.021185	19
0.0211857	19
0.0211871	19
0.0211877	19
0.0211911	19
0.0211944	19
0.0211945	19
0.0211952	19
0.0211959	19
0.0211965	19
0.0211971	19
0.0211976	19
0.0211977	19
0.0211978	19
0.0211979	19
0.0211979	19
0.0211994	19
0.0211999	19
0.0212002	19
0.021201	19
0.0212014	19
0.0212015	19
0.0212017	19
0.0212019	19
0.021202	19
0.0212029	19
0.0212034	19
0.0212035	19
0.0212037	19
0.0212038	19
0.0212038	19
0.021204	19
0.0212041	19
0.021205	19
0.0212058	19
0.021206	19
0.0212064	19
0.0212064	19
0.0212066	19
0.0212083	19
0.0212088	19
0.021209	19
0.0212091	19
0.0212117	19
0.0212122	19
0.0212123	19
0.0212127	19
0.021213	19
0.0212131	19
0.0212134	19
0.0212138	19
0.0212154	19
0.0212158	19
0.0212164	19
0.0212167	19
0.0212171	19
0.0212175	19
0.0212188	19
0.0212203	19
0.0212233	19
0.0212257	19
0.0212283	19
0.0212312	19
0.0212343	19
0.021236	19
0.0212375	19
0.0212459	19
0.0212513	19
0.0212531	19
0.0212538	19
0.0212592	19
0.0212593	19
0.0212804	19
0.0213157	19
0.0213206	19
0.0213239	19
0.0213262	19
0.0213673	19
0.0213809	19
0.0213923	19
0.0213945	19
0.0214452	19
0.0214837	19
0.0214879	19
0.021546	19
0.0215868	19
0.0216031	19
0.0216166	19
0.021634	19
0.0216937	19
0.0217135	19
0.0217151	19
0.021724	19
0.0217692	19
0.0218718	19
0.0219624	19
0.022006	19
0.0222019	19
0.0222654	19
0.0222676	19
0.0222736	19
0.0222748	19
0.0222906	19
0.0222948	19
0.022295	19
0.0223031	19
0.0223058	19
0.0223176	19
0.0223191	19
0.022321	19
0.0223425	19
0.0223451	19
0.022354	19
0.0223652	19
0.0223659	19
0.0223701	19
0.0223734	19
0.022381	19
0.0223842	19
0.0223912	19
0.0223947	19
0.022396	19
0.0224073	19
0.0224147	19
0.0224186	19
0.0224187	19
0.022423	19
0.022437	19
0.0224475	19
0.0224478	19
0.0224799	19
0.022494	19
0.0225101	19
0.0225164	19
0.0225185	19
0.022523	19
0.0225234	19
0.0225243	19
0.0225344	19
0.0225396	19
0.0225596	19
0.0225643	19
0.0225951	19
0.0225957	19
0.0226007	19
0.022616	19
0.0226254	19
0.0226255	19
0.0226317	19
0.0226318	19
0.0226336	19
0.0226348	19
0.0226427	19
0.0226458	19
0.0226573	19
0.0226671	19
0.022673	19
0.0226873	19
0.022709	19
0.0227145	19
0.0227258	19
0.0227283	19
0.0227585	19
0.0227623	19
0.0227865	19
0.0227882	19
0.0227889	19
0.0227912	19
0.0227924	19
0.022837	19
0.0228507	19
0.0229136	19
0.0229358	19
0.0229393	19
0.0229889	19
0.0230133	19
0.023016	19
0.0230238	19
0.0230249	19
0.0230867	19
0.0230872	19
0.0231173	19
0.0231284	19
0.0231324	19
0.0231879	19
0.0232168	19
0.0232573	19
0.0234173	19
0.0234597	19
0.0234614	19
0.0234655	19
0.0234748	19
0.0234769	19
0.0234804	19
0.0234836	19
0.0234836	19
0.0234851	19
0.0234867	19
0.023496	19
0.0234993	19
0.0235038	19
0.0235051	19
0.0235362	19
0.0235405	19
0.0235514	19
0.0235525	19
0.0235727	19
0.0235843	19
0.0235996	19
0.0236011	19
0.0236186	19
0.0236224	19
0.0236227	19
0.0236261	19
0.0236522	19
0.0236936	19
0.0237144	19
0.0237173	19
0.0237245	19
0.0237504	19
0.0237536	19
0.0237714	19
0.0237814	19
0.0237998	19
0.0238316	19
0.0238408	19
0.0238409	19
0.0238412	19
0.0238414	19
0.0238419	19
0.0238422	19
0.0238423	19
0.0238425	19
0.0238425	19
0.0238427	19
0.0238431	19
0.0238433	19
0.0238434	19
0.0238434	19
0.0238434	19
0.0238437	19
0.0238438	19
0.023844	19
0.0238446	19
0.0238446	19
0.0238456	19
0.0238457	19
0.0238457	19
0.023846	19
0.0238464	19
0.0238471	19
0.0238472	19
0.0238474	19
0.0238475	19
0.0238476	19
0.0238481	19
0.0238482	19
0.0238484	19
0.0238485	19
0.0238487	19
0.0238488	19
0.0238491	19
0.02385	19
0.0238506	19
0.0238514	19
0.0238518	19
0.0238527	19
0.023853	19
0.0238536	19
0.023855	19
0.023855	19
0.0238553	19
0.0238557	19
0.023856	19
0.0238564	19
0.0238575	19
0.0238591	19
0.0238605	19
0.0238627	19
0.0238628	19
0.0238636	19
0.0238653	19
0.0238656	19
0.0238676	19
0.0238683	19
0.0238696	19
0.0238718	19
0.0238735	19
0.0238742	19
0.0238749	19
0.0238757	19
0.0238786	19
0.0238796	19
0.023884	19
0.0238845	19
0.0238855	19
0.0238882	19
0.0238888	19
0.0238894	19
0.0238897	19
0.02389	19
0.0238919	19
0.0239021	19
0.0239043	19
0.0239055	19
0.0239055	19
0.0239245	19
0.0239348	19
0.0239353	19
0.0239362	19
0.0239878	19
0.0239878	19
0.0239879	19
0.023988	19
0.0239892	19
0.0239902	19
0.0239902	19
0.0239907	19
0.0239909	19
0.0239924	19
0.0239937	19
0.0239945	19
0.0239956	19
0.0239968	19
0.0239978	19
0.0239982	19
0.0240007	19
0.0240008	19
0.0240014	19
0.0240018	19
0.0240033	19
0.0240076	19
0.0240088	19
0.024012	19
0.0240125	19
0.0240191	19
0.0240261	19
0.0240277	19
0.0240775	19
0.0240894	19
0.0241415	19
0.0241504	19
0.0241685	19
0.0241807	19
0.0242043	19
0.0242283	19
0.024328	19
0.0243472	19
0.0243762	19
0.0244061	19
0.024441	19
0.0244835	19
0.0244989	19
0.0245064	19
0.0246241	19
0.0246817	19
0.0246943	19
0.0246976	19
0.0247099	19
0.0247185	19
0.0247308	19
0.0247719	19
0.0251055	19
0.0251274	19
0.0251276	19
0.0251285	19
0.0251291	19
0.0251291	19
0.0251292	19
0.0251294	19
0.0251295	19
0.0251297	19
0.0251301	19
0.0251301	19
0.0251305	19
0.0251307	19
0.0251317	19
0.0251321	19
0.0251321	19
0.0251323	19
0.0251324	19
0.0251338	19
0.0251338	19
0.0251339	19
0.0251351	19
0.0251352	19
0.0251356	19
0.025136	19
0.0251367	19
0.0251375	19
0.0251391	19
0.0251409	19
0.025141	19
0.0251412	19
0.0251412	19
0.0251427	19
0.0251443	19
0.0251471	19
0.0251476	19
0.0251494	19
0.0251501	19
0.0251503	19
0.0251513	19
0.0251514	19
0.025152	19
0.0251522	19
0.025155	19
0.0251586	19
0.0251608	19
0.0251692	19
0.0251714	19
0.025172	19
0.0251777	19
0.0251778	19
0.0252365	19
0.0255486	19
0.0259471	19
0.0260411	19
0.0269755	19
0.026997	19
0.0270119	19
0.0270197	19
0.0270208	19
0.0270522	19
0.0270641	19
0.0270645	19
0.027079	19
0.0271822	19
0.0271926	19
0.0272046	19
0.0272109	19
0.0272276	19
0.0273481	19
0.0274256	19
0.0274701	19
0.0274779	19
0.0274933	19
0.0275192	19
0.0275402	19
0.0275581	19
0.0275591	19
0.0276026	19
0.0277966	19
0.027807	19
0.0278104	19
0.0278906	19
0.027897	19
0.027912	19
0.0279694	19
0.0280007	19
0.0280113	19
0.0280193	19
0.0280283	19
0.0280466	19
0.028054	19
0.0280811	19
0.0280995	19
0.0281192	19
0.0281237	19
0.0281256	19
0.028135	19
0.0281616	19
0.0281786	19
0.0281841	19
0.0281915	19
0.0282425	19
0.0282604	19
0.0282636	19
0.0283156	19
0.0283234	19
0.028365	19
0.0284063	19
0.0284103	19
0.0284988	19
0.0285095	19
0.0285863	19
0.0286201	19
0.0286469	19
0.0286849	19
0.0286968	19
0.028706	19
0.0287632	19
0.0287718	19
0.0287876	19
0.0288051	19
0.0288792	19
0.0288813	19
0.0288878	19
0.028919	19
0.0289276	19
0.0291372	19
0.0291385	19
0.029141	19
0.0291562	19
0.0291589	19
0.0291659	19
0.0291736	19
0.0291743	19
0.0291763	19
0.0291959	19
0.0292039	19
0.0292083	19
0.0292144	19
0.0292173	19
0.0292233	19
0.0292302	19
0.0292365	19
0.029275	19
0.0292756	19
0.0292774	19
0.0292789	19
0.0292797	19
0.0292824	19
0.0292865	19
0.0292897	19
0.0292919	19
0.0293095	19
0.0293095	19
0.0293099	19
0.0293109	19
0.0293161	19
0.0293164	19
0.0293183	19
0.0293209	19
0.029322	19
0.0293233	19
0.0293279	19
0.0293294	19
0.0293425	19
0.0293509	19
0.0293683	19
0.0293734	19
0.0293865	19
0.0293941	19
0.0293958	19
0.0294146	19
0.0294191	19
0.0294214	19
0.0294251	19
0.0294303	19
0.0294333	19
0.0294334	19
0.0294446	19
0.0294485	19
0.0294507	19
0.0294549	19
0.0294553	19
0.0294661	19
0.0294673	19
0.0294715	19
0.0294821	19
0.0294854	19
0.0294976	19
0.0295007	19
0.0295007	19
0.029503	19
0.0295049	19
0.0295063	19
0.0295245	19
0.0295253	19
0.0295308	19
0.0295407	19
0.0295617	19
0.029562	19
0.0295925	19
0.0296127	19
0.0296222	19
0.0296263	19
0.0296306	19
0.0296309	19
0.0296315	19
0.029652	19
0.0296617	19
0.0296672	19
0.0296742	19
0.0296993	19
0.0297002	19
0.0297095	19
0.0297115	19
0.0297198	19
0.0297385	19
0.0297485	19
0.02976	19
0.0297646	19
0.0297717	19
0.0297818	19
0.0297894	19
0.0298135	19
0.0298418	19
0.0298536	19
0.0298567	19
0.0299143	19
0.0299329	19
0.0299586	19
0.0300301	19
0.0300407	19
0.0300703	19
0.0300774	19
0.0301557	19
0.030184	19
0.0302138	19
0.0302155	19
0.0302213	19
0.0302302	19
0.0302637	19
0.0302778	19
0.0303185	19
0.0303217	19
0.0303939	19
0.0304125	19
0.0304156	19
0.0304293	19
0.0304523	19
0.0304705	19
0.0304912	19
0.0305018	19
0.0305033	19
0.0305064	19
0.0305156	19
0.0305245	19
0.0305309	19
0.0305338	19
0.030582	19
0.0306053	19
0.0306204	19
0.0306435	19
0.0306465	19
0.0306478	19
0.0306798	19
0.0306868	19
0.0307208	19
0.0307257	19
0.03082	19
0.0308212	19
0.0308212	19
0.0308876	19
0.0308889	19
0.030892	19
0.030907	19
0.0309135	19
0.0309147	19
0.0309621	19
0.0309684	19
0.0309766	19
0.0310272	19
0.0310371	19
0.0310654	19
0.0310679	19
0.0310948	19
0.0311054	19
0.0311161	19
0.031139	19
0.0311732	19
0.0311989	19
0.031267	19
0.0312728	19
0.0313532	19
0.0314074	19
0.0314105	19
0.031416	19
0.0314515	19
0.0316093	19
0.0316351	19
0.0316421	19
0.0320696	19
0.0324453	19
0.032597	19
0.0328278	19
0.0329148	19
0.0329295	19
0.0330781	19
0.0332089	19
0.0347261	19
0.0347267	19
0.0347279	19
0.0347284	19
0.0347291	19
0.0347298	19
0.0347303	19
0.0347306	19
0.0347339	19
0.0347341	19
0.0347353	19
0.0347355	19
0.0347355	19
0.034736	19
0.0347384	19
0.0347394	19
0.0347395	19
0.0347407	19
0.0347447	19
0.034746	19
0.0347507	19
0.0347507	19
0.0347532	19
0.0347567	19
0.0347578	19
0.0347613	19
0.0347806	19
0.034789	19
0.0347897	19
0.0347932	19
0.0347942	19
0.0348125	19
0.0348205	19
0.0348358	19
0.0348359	19
0.0348394	19
0.0348447	19
0.0348507	19
0.0348534	19
0.0348602	19
0.0348792	19
0.0348809	19
0.034881	19
0.0348811	19
0.0348812	19
0.0348814	19
0.0348816	19
0.0348816	19
0.034882	19
0.0348824	19
0.0348827	19
0.0348829	19
0.0348835	19
0.0348837	19
0.0348838	19
0.0348839	19
0.0348839	19
0.034884	19
0.0348843	19
0.0348845	19
0.0348845	19
0.0348848	19
0.0348849	19
0.0348849	19
0.0348855	19
0.0348861	19
0.0348865	19
0.0348866	19
0.0348868	19
0.034887	19
0.0348873	19
0.0348874	19
0.034888	19
0.0348881	19
0.0348881	19
0.0348881	19
0.0348884	19
0.0348899	19
0.0348899	19
0.0348906	19
0.034891	19
0.034891	19
0.0348913	19
0.0348928	19
0.0348933	19
0.0348934	19
0.0348939	19
0.0348951	19
0.0348951	19
0.0348967	19
0.034897	19
0.0348988	19
0.0348998	19
0.0348999	19
0.0349024	19
0.0349036	19
0.0349082	19
0.0349084	19
0.0349087	19
0.0349119	19
0.0349123	19
0.0349156	19
0.0349181	19
0.034931	19
0.0349487	19
0.0349511	19
0.0349538	19
0.0349595	19
0.0349608	19
0.0349664	19
0.0349749	19
0.0349822	19
0.0349863	19
0.034995	19
0.0349998	19
0.0350166	19
0.0350264	19
0.0350392	19
0.0350436	19
0.0350701	19
0.0350799	19
0.0350835	19
0.0351047	19
0.0351286	19
0.0351498	19
0.0351631	19
0.0351776	19
0.0352012	19
0.035212	19
0.0352305	19
0.0352681	19
0.0353241	19
0.0353607	19
0.0353669	19
0.0353811	19
0.0354103	19
0.035441	19
0.0355016	19
0.0355197	19
0.0355204	19
0.0355323	19
0.0355344	19
0.035586	19
0.0355944	19
0.0356429	19
0.0356755	19
0.0357148	19
0.0357472	19
0.0357569	19
0.0357712	19
0.0357825	19
0.035819	19
0.0359507	19
0.036144	19
0.0361915	19
0.0362444	19
0.036416	19
0.0364226	19
0.0364764	19
0.0366256	19
0.0368844	19
0.0368856	19
0.0369403	19
0.0369412	19
0.0369423	19
0.0369464	19
0.036948	19
0.0369493	19
0.0369542	19
0.036955	19
0.0369723	19
0.0369839	19
0.0370462	19
0.03904	19
0.0390433	19
0.0390634	19
0.0391136	19
0.0405118	19
0.0405118	19
0.040512	19
0.0405124	19
0.0405126	19
0.0405126	19
0.0405127	19
0.0405135	19
0.0405141	19
0.0405142	19
0.0405142	19
0.0405145	19
0.0405147	19
0.0405148	19
0.0405148	19
0.0405151	19
0.0405154	19
0.0405157	19
0.0405165	19
0.0405167	19
0.0405183	19
0.0405207	19
0.0405207	19
0.0405209	19
0.0405228	19
0.040524	19
0.0405262	19
0.0405265	19
0.0405278	19
0.0405289	19
0.0405297	19
0.0405353	19
0.0405361	19
0.0405425	19
0.040543	19
0.0405462	19
0.0405515	19
0.0405542	19
0.0405617	19
0.040575	19
0.0405859	19
0.0416668	19
0.0416669	19
0.0416669	19
0.0416673	19
0.0416673	19
0.0416675	19
0.041668	19
0.0416683	19
0.0416688	19
0.0416689	19
0.041669	19
0.0416691	19
0.0416695	19
0.0416696	19
0.0416697	19
0.0416697	19
0.0416702	19
0.0416706	19
0.0416706	19
0.0416706	19
0.0416707	19
0.0416707	19
0.0416709	19
0.0416714	19
0.0416717	19
0.0416722	19
0.0416737	19
0.0416744	19
0.0416753	19
0.0416756	19
0.041676	19
0.0416763	19
0.0416765	19
0.041677	19
0.0416777	19
0.0416779	19
0.0416782	19
0.0416782	19
0.0416786	19
0.0416787	19
0.0416795	19
0.0416806	19
0.0416808	19
0.0416811	19
0.0416834	19
0.0416836	19
0.041684	19
0.0416861	19
0.0416863	19
0.0416882	19
0.0416889	19
0.0416898	19
0.041691	19
0.0416919	19
0.041692	19
0.0416945	19
0.041699	19
0.0417074	19
0.0417076	19
0.0417134	19
0.0417197	19
0.0417223	19
0.0417289	19
0.0417291	19
0.041739	19
0.0418549	19
0.0421372	19
0.0421382	19
0.0421396	19
0.0421398	19
0.0421405	19
0.0421416	19
0.0421451	19
0.0421454	19
0.0421478	19
0.0421489	19
0.0421504	19
0.0421549	19
0.0421565	19
0.042197	19
0.0422005	19
0.0423127	19
0.0423238	19
0.0433816	19
0.0433825	19
0.0433826	19
0.0433827	19
0.0433829	19
0.0433838	19
0.0433845	19
0.0433848	19
0.0433857	19
0.0433859	19
0.043386	19
0.043386	19
0.0433873	19
0.0433874	19
0.0433882	19
0.0433887	19
0.0433894	19
0.0433894	19
0.04339	19
0.0433913	19
0.043393	19
0.0433933	19
0.0433935	19
0.0433956	19
0.0433972	19
0.043398	19
0.0433993	19
0.0433998	19
0.0434013	19
0.0434044	19
0.043408	19
0.0434087	19
0.0434226	19
0.0434253	19
0.0434273	19
0.0441452	19
0.0456784	19
0.04569	19
0.0456962	19
0.0457015	19
0.0457031	19
0.047057	19
0.0470599	19
0.0471119	19
0.0471216	19
0.0482398	19
0.0482398	19
0.0482399	19
0.0482401	19
0.0482401	19
0.0482403	19
0.0482404	19
0.0482409	19
0.0482411	19
0.0482415	19
0.0482415	19
0.0482421	19
0.0482423	19
0.0482426	19
0.0482426	19
0.0482433	19
0.0482442	19
0.0482455	19
0.0482459	19
0.0482463	19
0.0482471	19
0.0482474	19
0.0482478	19
0.0482479	19
0.0482495	19
0.0482495	19
0.0482503	19
0.0482504	19
0.0482506	19
0.0482512	19
0.0482523	19
0.0482567	19
0.0482575	19
0.0482577	19
0.0482585	19
0.0482591	19
0.0482598	19
0.04826	19
0.0482609	19
0.0482609	19
0.0482618	19
0.0482626	19
0.0482629	19
0.0482682	19
0.0482683	19
0.0482685	19
0.0482691	19
0.0482701	19
0.0482798	19
0.0482808	19
0.0482815	19
0.0482913	19
0.0482914	19
0.0483003	19
0.0483098	19
0.0483472	19
0.0483472	19
0.0483601	19
0.0483605	19
0.0483876	19
0.0484194	19
0.0484556	19
0.048489	19
0.0484915	19
0.0485493	19
0.0501616	19
0.050169	19
0.0526389	19
0.0526394	19
0.0526494	19
0.0526494	19
0.052659	19
0.0530021	19
0.0530065	19
0.0530066	19
0.0543067	19
0.0543114	19
0.0543153	19
0.0543219	19
0.0543261	19
0.0543322	19
0.0543451	19
0.0543462	19
0.0548326	19
0.0548704	19
0.0549441	19
0.0582834	19
0.0583179	19
0.0583266	19
0.0601079	19
0.0601091	19
0.060515	19
0.0605163	19
0.0605165	19
0.0605168	19
0.0605182	19
0.0605198	19
0.0605209	19
0.0605216	19
0.0605241	19
0.0605255	19
0.0605278	19
0.0605361	19
0.060541	19
0.0605412	19
0.0605412	19
0.0605454	19
0.0605569	19
0.0605669	19
0.06057	19
0.0605841	19
0.0605858	19
0.0606253	19
0.0607181	19
0.0626982	19
0.0626996	19
0.0630418	19
0.0635153	19
0.0635389	19
0.0635425	19
0.0635587	19
0.063639	19
0.0636407	19
0.0642567	19
0.0642722	19
0.0648479	19
0.0648684	19
0.0652722	19
0.0653136	19
0.0653145	19
0.0653323	19
0.0661611	19
0.0664328	19
0.066459	19
0.0665475	19
0.0667457	19
0.0667484	19
0.0667513	19
0.0667661	19
0.0667676	19
0.067111	19
0.0672874	19
0.0672973	19
0.0683403	19
0.0683437	19
0.068407	19
0.0684192	19
0.0684223	19
0.0689195	19
0.0689247	19
0.0689248	19
0.0689566	19
0.0746907	19
0.0747002	19
0.074787	19
0.0767695	19
0.0767708	19
0.078808	19
0.0788149	19
0.0788232	19
0.0798366	19
0.0798516	19
0.0798705	19
0.0798845	19
0.0800253	19
0.0800469	19
0.0800472	19
0.0803892	19
0.0803894	19
0.0864365	19
0.0864699	19
0.0864765	19
0.0873243	19
0.0873855	19
0.0873889	19
0.0892853	19
0.0892857	19
0.0892862	19
0.0893021	19
0.0893099	19
0.0893765	19
0.094227	19
0.0945703	19
0.0966146	19
0.0966289	19
0.101935	19
0.101935	19
0.101935	19
0.101938	19
0.101938	19
0.101942	19
0.102007	19
0.102011	19
0.102738	19
0.102804	19
0.102805	19
0.104635	19
0.104638	19
0.104649	19
0.105201	19
0.105215	19
0.105235	19
0.10525	19
0.105633	19
0.105655	19
0.105734	19
0.107104	19
0.107516	19
0.107525	19
0.108635	19
0.108637	19
0.108638	19
0.108639	19
0.108639	19
0.108681	19
0.114155	19
0.114155	19
0.114155	19
0.114158	19
0.114278	19
0.114388	19
0.114404	19
0.1159	19
0.115921	19
0.115924	19
0.115924	19
0.11741	19
0.117451	19
0.117456	19
0.11933	19
0.11933	19
0.11934	19
0.119341	19
0.123259	19
0.123356	19
0.123358	19
0.123943	19
0.123983	19
0.123985	19
0.130983	19
0.131125	19
0.13117	19
0.13117	19
0.131326	19
0.131668	19
0.131674	19
0.13409	19
0.134108	19
0.134154	19
0.134164	19
0.134933	19
0.134971	19
0.13498	19
0.135481	19
0.142046	19
0.142049	19
0.142067	19
0.142067	19
0.144554	19
0.144554	19
0.144554	19
0.144808	19
0.14512	19
0.145129	19
0.14826	19
0.148264	19
0.148293	19
0.154202	19
0.154203	19
0.154203	19
0.154781	19
0.154804	19
0.156618	19
0.156619	19
0.15662	19
0.156645	19
0.156645	19
0.156762	19
0.157283	19
0.157284	19
0.170588	19
0.170589	19
0.170696	19
0.170738	19
0.170741	19
0.172136	19
0.172145	19
0.172881	19
0.172882	19
0.175595	19
0.175611	19
0.175613	19
0.178984	19
0.178996	19
0.179005	19
0.179109	19
0.185872	19
0.185872	19
0.185872	19
0.185873	19
0.185874	19
0.185917	19
0.185966	19
0.185967	19
0.186526	19
0.18659	19
0.186592	19
0.187328	19
0.187429	19
0.187445	19
0.191637	19
0.191722	19
0.191723	19
0.192664	19
0.192721	19
0.192736	19
0.203765	19
0.203773	19
0.203784	19
0.207731	19
0.207761	19
0.207771	19
0.207794	19
0.207813	19
0.207817	19
0.207965	19
0.207988	19
0.207991	19
0.208981	19
0.208986	19
0.208986	19
0.209013	19
0.209023	19
0.209024	19
0.212403	19
0.212912	19
0.212953	19
0.21297	19
0.21377	19
0.213771	19
0.213773	19
0.213786	19
0.213803	19
0.215359	19
0.215367	19
0.215375	19
0.215378	19
0.215381	19
0.216222	19
0.216232	19
0.216233	19
0.220437	19
0.220471	19
0.220522	19
0.220543	19
0.220547	19
0.222282	19
0.229058	19
0.229088	19
0.229089	19
0.230194	19
0.230203	19
0.230204	19
0.230206	19
0.230207	19
0.233769	19
0.233829	19
0.233831	19
0.233882	19
0.233888	19
0.239113	19
0.243037	19
0.243037	19
0.243075	19
0.243075	19
0.246832	19
0.246846	19
0.246847	19
0.248414	19
0.248415	19
0.248417	19
0.24853	19
0.24853	19
0.249621	19
0.250977	19
0.251657	19
0.251698	19
0.251714	19
0.253758	19
0.253842	19
0.253844	19
0.254059	19
0.254068	19
0.254256	19
0.254267	19
0.254309	19
0.254311	19
0.254945	19
0.254953	19
0.254966	19
0.254975	19
0.255053	19
0.256517	19
0.256524	19
0.256525	19
0.258586	19
0.258595	19
0.258619	19
0.258622	19
0.258622	19
0.26004	19
0.260045	19
0.260046	19
0.264583	19
0.264722	19
0.271766	19
0.271768	19
0.272029	19
0.272029	19
0.275677	19
0.275688	19
0.275689	19
0.275724	19
0.275777	19
0.275778	19
0.277674	19
0.277674	19
0.277676	19
0.28203	19
0.282119	19
0.28213	19
0.282134	19
0.285021	19
0.285032	19
0.285145	19
0.285148	19
0.295479	19
0.295491	19
0.295494	19
0.3046	19
0.3046	19
0.304607	19
0.304608	19
0.304849	19
0.304855	19
0.305001	19
0.305002	19
0.305649	19
0.305676	19
0.305676	19
0.305702	19
0.305945	19
0.305945	19
0.305945	19
0.305946	19
0.305946	19
0.305947	19
0.306037	19
0.306042	19
0.307355	19
0.307465	19
0.307482	19
0.310795	19
0.310902	19
0.310903	19
0.311582	19
0.311601	19
0.311602	19
0.311788	19
0.311788	19
0.312178	19
0.312185	19
0.312187	19
0.315575	19
0.315575	19
0.315734	19
0.315736	19
0.318354	19
0.319098	19
0.319132	19
0.319376	19
0.320971	19
0.321133	19
0.324963	19
0.324966	19
0.32506	19
0.32866	19
0.328668	19
0.328706	19
0.328814	19
0.328824	19
0.330786	19
0.330787	19
0.330796	19
0.330797	19
0.342503	19
0.342503	19
0.342504	19
0.342509	19
0.343809	19
0.344672	19
0.344673	19
0.3452	19
0.348951	19
0.348966	19
0.349028	19
0.349029	19
0.350139	19
0.350216	19
0.350218	19
0.350234	19
0.350236	19
0.355424	19
0.355476	19
0.355479	19
0.356434	19
0.357689	19
0.357696	19
0.357767	19
0.367024	19
0.367026	19
0.367061	19
0.367084	19
0.367085	19
0.368136	19
0.368137	19
0.368181	19
0.368182	19
0.369064	19
0.369144	19
0.369146	19
0.369329	19
0.376485	19
0.376529	19
0.383256	19
0.383262	19
0.383295	19
0.39049	19
0.390497	19
0.390512	19
0.390541	19
0.390545	19
0.391385	19
0.391386	19
0.391405	19
0.391408	19
0.39142	19
0.397384	19
0.397388	19
0.397417	19
0.3975	19
0.3975	19
0.399419	19
0.399531	19
0.399531	19
0.407117	19
0.407119	19
0.407183	19
0.407186	19
0.409836	19
0.412241	19
0.412249	19
0.414883	19
0.414936	19
0.414941	19
0.415062	19
0.418536	19
0.418536	19
0.418555	19
0.419421	19
0.419428	19
0.419449	19
0.419472	19
0.419477	19
0.422427	19
0.422492	19
0.422493	19
0.424263	19
0.424264	19
0.432285	19
0.432295	19
0.432466	19
0.433245	19
0.43326	19
0.433261	19
0.435556	19
0.435575	19
0.435655	19
0.439793	19
0.439795	19
0.43981	19
0.439811	19
0.439825	19
0.43983	19
0.439848	19
0.439902	19
0.439902	19
0.441095	19
0.441771	19
0.441771	19
0.441902	19
0.446443	19
0.450031	19
0.450101	19
0.450115	19
0.450117	19
0.450247	19
0.451444	19
0.451445	19
0.451481	19
0.451627	19
0.451627	19
0.453691	19
0.454629	19
0.454764	19
0.459087	19
0.459101	19
0.459101	19
0.461276	19
0.461305	19
0.463352	19
0.463352	19
0.46336	19
0.463361	19
0.463362	19
0.463362	19
0.478699	19
0.4806	19
0.480601	19
0.480619	19
0.480655	19
0.480655	19
0.480868	19
0.480928	19
0.480931	19
0.489003	19
0.489004	19
0.489048	19
0.48905	19
0.489057	19
0.489065	19
0.490853	19
0.490962	19
0.490995	19
0.494503	19
0.494518	19
0.494534	19
0.496176	19
0.496413	19
0.500788	19
0.500808	19
0.500819	19
0.50082	19
0.503733	19
0.50503	19
0.505044	19
0.505108	19
0.505111	19
0.507652	19
0.507656	19
0.507656	19
0.515557	19
0.515557	19
0.515557	19
0.515632	19
0.515643	19
0.515912	19
0.516267	19
0.516273	19
0.51637	19
0.520913	19
0.534668	19
0.534668	19
0.534669	19
0.534678	19
0.534686	19
0.534773	19
0.541519	19
0.54152	19
0.541528	19
0.54619	19
0.546193	19
0.546341	19
0.546863	19
0.546866	19
0.546869	19
0.546869	19
0.551036	19
0.551036	19
0.55104	19
0.551041	19
0.555558	19
0.555559	19
0.555562	19
0.555747	19
0.55576	19
0.555763	19
0.556668	19
0.556829	19
0.556832	19
0.557464	19
0.557955	19
0.557966	19
0.561999	19
0.562086	19
0.562088	19
0.566732	19
0.566732	19
0.566733	19
0.566777	19
0.56678	19
0.584374	19
0.584374	19
0.584375	19
0.584405	19
0.584405	19
0.584471	19
0.593366	19
0.593366	19
0.593372	19
0.593372	19
0.59364	19
0.59365	19
0.593651	19
0.594655	19
0.594742	19
0.594743	19
0.594747	19
0.596338	19
0.596376	19
0.596376	19
0.599046	19
0.599115	19
0.599115	19
0.604958	19
0.604989	19
0.604992	19
0.605216	19
0.605225	19
0.605226	19
0.609663	19
0.609748	19
0.609749	19
0.611105	19
0.611147	19
0.611147	19
0.612672	19
0.612751	19
0.612813	19
0.612816	19
0.613098	19
0.613142	19
0.613167	19
0.61317	19
0.613971	19
0.615624	19
0.615629	19
0.61565	19
0.6172	19
0.617202	19
0.617202	19
0.617203	19
0.617407	19
0.617407	19
0.619443	19
0.620336	19
0.62034	19
0.621783	19
0.629002	19
0.629061	19
0.62956	19
0.629561	19
0.629568	19
0.629573	19
0.631766	19
0.631798	19
0.631802	19
0.631881	19
0.634678	19
0.63468	19
0.634757	19
0.635771	19
0.63578	19
0.637319	19
0.637431	19
0.637432	19
0.637438	19
0.637824	19
0.637826	19
0.637832	19
0.639761	19
0.639777	19
0.639918	19
0.639919	19
0.644204	19
0.644309	19
0.644338	19
0.646265	19
0.646273	19
0.646278	19
0.646285	19
0.64629	19
0.659956	19
0.659958	19
0.659981	19
0.659995	19
0.66012	19
0.666561	19
0.666586	19
0.666599	19
0.667398	19
0.667419	19
0.667447	19
0.67103	19
0.671036	19
0.671036	19
0.671036	19
0.671038	19
0.674628	19
0.674629	19
0.674779	19
0.674783	19
0.677438	19
0.677487	19
0.677521	19
0.677529	19
0.681854	19
0.684533	19
0.684535	19
0.684551	19
0.684553	19
0.68659	19
0.700414	19
0.700416	19
0.70042	19
0.700443	19
0.700443	19
0.700443	19
0.700454	19
0.700456	19
0.702511	19
0.702542	19
0.702543	19
0.709241	19
0.709311	19
0.709317	19
0.711376	19
0.711513	19
0.711514	19
0.726289	19
0.726339	19
0.726343	19
0.737151	19
0.737214	19
0.737243	19
0.737252	19
0.750331	19
0.750331	19
0.750333	19
0.750385	19
0.750385	19
0.756058	19
0.756059	19
0.756105	19
0.756106	19
0.756526	19
0.75659	19
0.756594	19
0.760437	19
0.760693	19
0.760702	19
0.762164	19
0.768982	19
0.769072	19
0.769073	19
0.775192	19
0.775256	19
0.775259	19
0.775338	19
0.775399	19
0.775399	19
0.781941	19
0.78196	19
0.781961	19
0.782003	19
0.782006	19
0.78675	19
0.786849	19
0.786853	19
0.796687	19
0.79669	19
0.796702	19
0.796729	19
0.796738	19
0.799256	19
0.799278	19
0.799282	19
0.799299	19
0.801583	19
0.801638	19
0.801662	19
0.803424	19
0.80346	19
0.803462	19
0.80701	19
0.807011	19
0.807101	19
0.807106	19
0.818394	19
0.818397	19
0.818464	19
0.818472	19
0.823431	19
0.82344	19
0.82348	19
0.830077	19
0.830079	19
0.830094	19
0.830099	19
0.830865	19
0.830883	19
0.830885	19
0.830973	19
0.830975	19
0.831252	19
0.831712	19
0.831859	19
0.831884	19
0.837664	19
0.837692	19
0.837692	19
0.851118	19
0.851119	19
0.851178	19
0.851179	19
0.857405	19
0.857462	19
0.857467	19
0.858033	19
0.858071	19
0.858072	19
0.860307	19
0.860307	19
0.860396	19
0.860396	19
0.862546	19
0.862555	19
0.86256	19
0.863011	19
0.863019	19
0.863021	19
0.864328	19
0.864341	19
0.864344	19
0.864408	19
0.87224	19
0.872242	19
0.872332	19
0.879085	19
0.879088	19
0.89321	19
0.893224	19
0.893224	19
0.893291	19
0.899374	19
0.899376	19
0.899412	19
0.899415	19
0.899474	19
0.903802	19
0.903802	19
0.903803	19
0.903842	19
0.90437	19
0.904473	19
0.904474	19
0.904524	19
0.911753	19
0.911771	19
0.911772	19
0.911828	19
0.912543	19
0.918963	19
0.91897	19
0.919057	19
0.919059	19
0.926594	19
0.934161	19
0.93417	19
0.934182	19
0.934191	19
0.934264	19
0.934268	19
0.934285	19
0.943416	19
0.943442	19
0.943447	19
0.943503	19
0.943506	19
0.949737	19
0.949739	19
0.949814	19
0.95433	19
0.955737	19
0.955936	19
0.955948	19
0.956383	19
0.95644	19
0.956445	19
0.95659	19
0.956634	19
0.959854	19
0.959872	19
0.959881	19
0.960012	19
0.966875	19
0.966876	19
0.966877	19
0.971591	19
0.971593	19
0.971594	19
0.972316	19
0.974264	19
0.974267	19
0.974268	19
0.974277	19
0.974278	19
0.975028	19
0.980783	19
0.980825	19
0.980876	19
0.980886	19
0.985271	19
0.985304	19
0.985309	19
0.985651	19
0.985656	19
0.985658	19
0.985765	19
0.993489	19
0.993492	19
0.993531	19
0.99355	19
0.994817	19
0.994818	19
0.994872	19
0.995804	19
0.995807	19
0.995869	19
0.999713	19
0.999722	19
0.999791	19
1.00955	19
1.03285	19
1.03285	19
1.03285	19
1.03292	19
1.03295	19
1.03298	19
1.03586	19
1.03588	19
1.03588	19
1.03651	19
1.03651	19
1.03651	19
1.04464	19
1.04467	19
1.04468	19
1.04469	19
1.04665	19
1.04666	19
1.04666	19
1.05829	19
1.05829	19
1.05832	19
1.05832	19
1.05945	19
1.06418	19
1.06418	19
1.06419	19
1.06421	19
1.06426	19
1.06537	19
1.06545	19
1.06549	19
1.06554	19
1.06554	19
1.07293	19
1.07294	19
1.07294	19
1.0779	19
1.07801	19
1.07801	19
1.08309	19
1.08309	19
1.08319	19
1.08324	19
1.08324	19
1.08334	19
1.08334	19
1.08334	19
1.09736	19
1.09736	19
1.09742	19
1.09742	19
1.10513	19
1.10513	19
1.10513	19
1.10515	19
1.10515	19
1.12111	19
1.12111	19
1.12127	19
1.12127	19
1.12149	19
1.12151	19
1.12152	19
1.12187	19
1.12201	19
1.12201	19
1.12576	19
1.12582	19
1.12582	19
1.13173	19
1.13186	19
1.13186	19
1.13582	19
1.13584	19
1.13584	19
1.14158	19
1.14159	19
1.14171	19
1.14171	19
1.14601	19
1.1461	19
1.1461	19
1.14611	19
1.14661	19
1.1467	19
1.1467	19
1.15007	19
1.15016	19
1.15016	19
1.15029	19
1.15031	19
1.15031	19
1.15754	19
1.15754	19
1.15757	19
1.15757	19
1.1582	19
1.15834	19
1.15835	19
1.15835	19
1.15835	19
1.15918	19
1.16063	19
1.16065	19
1.16066	19
1.16066	19
1.16257	19
1.16264	19
1.16264	19
1.16308	19
1.16313	19
1.16313	19
1.16599	19
1.166	19
1.16601	19
1.16637	19
1.16656	19
1.16657	19
1.17861	19
1.17861	19
1.17861	19
1.17862	19
1.17862	19
1.18115	19
1.18124	19
1.18125	19
1.18383	19
1.18385	19
1.18385	19
1.18933	19
1.18935	19
1.18935	19
1.18948	19
1.18949	19
1.18949	19
1.1924	19
1.19243	19
1.19243	19
1.19555	19
1.19555	19
1.19562	19
1.19565	19
1.19565	19
1.19575	19
1.19576	19
1.19576	19
1.1981	19
1.1981	19
1.1981	19
1.19938	19
1.19944	19
1.19954	19
1.19955	19
1.20245	19
1.20246	19
1.20247	19
1.20672	19
1.20683	19
1.20684	19
1.21287	19
1.2129	19
1.21291	19
1.21578	19
1.21578	19
1.21581	19
1.21581	19
1.22061	19
1.22066	19
1.22071	19
1.22071	19
1.23242	19
1.23242	19
1.2326	19
1.2326	19
1.23461	19
1.24098	19
1.24098	19
1.24345	19
1.24346	19
1.24352	19
1.24804	19
1.24806	19
1.24816	19
1.24827	19
1.24828	19
1.2509	19
1.25435	19
1.25436	19
1.25438	19
1.26609	19
1.26609	19
1.2661	19
1.27625	19
1.27626	19
1.27626	19
1.28386	19
1.28388	19
1.2839	19
1.28455	19
1.28456	19
1.28819	19
1.28823	19
1.28823	19
1.28841	19
1.28844	19
1.28844	19
1.28993	19
1.29002	19
1.29004	19
1.29007	19
1.29015	19
1.29015	19
1.29215	19
1.29216	19
1.29216	19
1.29217	19
1.29218	19
1.29569	19
1.29585	19
1.29586	19
1.29897	19
1.29897	19
1.29897	19
1.29897	19
1.30258	19
1.3028	19
1.30281	19
1.30683	19
1.30686	19
1.30686	19
1.30818	19
1.30826	19
1.30827	19
1.31719	19
1.32094	19
1.32097	19
1.32097	19
1.321	19
1.321	19
1.33271	19
1.33271	19
1.33278	19
1.33278	19
1.33453	19
1.33474	19
1.33474	19
1.34529	19
1.35201	19
1.35208	19
1.35208	19
1.36089	19
1.36096	19
1.36096	19
1.36099	19
1.36099	19
1.3617	19
1.36174	19
1.36174	19
1.36667	19
1.36668	19
1.36668	19
1.36669	19
1.36781	19
1.3679	19
1.3679	19
1.37409	19
1.37409	19
1.37415	19
1.37415	19
1.38097	19
1.38105	19
1.38106	19
1.38621	19
1.38622	19
1.38624	19
1.38626	19
1.39643	19
1.39645	19
1.39645	19
1.3976	19
1.39761	19
1.39762	19
1.3997	19
1.39971	19
1.39976	19
1.39977	19
1.4009	19
1.40096	19
1.40097	19
1.40151	19
1.40165	19
1.40165	19
1.40344	19
1.40344	19
1.40344	19
1.404	19
1.40402	19
1.40403	19
1.40404	19
1.41665	19
1.41665	19
1.41667	19
1.41667	19
1.42985	19
1.42985	19
1.42985	19
1.42987	19
1.42988	19
1.43121	19
1.43446	19
1.43446	19
1.43446	19
1.43446	19
1.43446	19
1.43664	19
1.43665	19
1.43665	19
1.44289	19
1.4429	19
1.44295	19
1.44296	19
1.4477	19
1.46572	19
1.46572	19
1.46572	19
1.46683	19
1.46687	19
1.46687	19
1.46696	19
1.46696	19
1.47369	19
1.47369	19
1.48427	19
1.48429	19
1.4843	19
1.4843	19
1.48491	19
1.48497	19
1.48497	19
1.48515	19
1.48515	19
1.49255	19
1.49259	19
1.49268	19
1.49268	19
1.494	19
1.49402	19
1.49407	19
1.49407	19
1.49919	19
1.49919	19
1.49934	19
1.49934	19
1.50072	19
1.50074	19
1.50074	19
1.50467	19
1.51247	19
1.51247	19
1.5125	19
1.5125	19
1.51258	19
1.51259	19
1.51848	19
1.51858	19
1.51858	19
1.52696	19
1.52704	19
1.52706	19
1.53095	19
1.53098	19
1.53099	19
1.5354	19
1.53546	19
1.53546	19
1.53557	19
1.53563	19
1.53577	19
1.53577	19
1.54922	19
1.54922	19
1.54924	19
1.54925	19
1.55011	19
1.55011	19
1.55019	19
1.5502	19
1.55568	19
1.55575	19
1.55577	19
1.56073	19
1.56076	19
1.56082	19
1.56084	19
1.56174	19
1.56183	19
1.56183	19
1.56543	19
1.56543	19
1.56544	19
1.56544	19
1.5691	19
1.56913	19
1.56922	19
1.56924	19
1.56955	19
1.56957	19
1.56957	19
1.57137	19
1.57141	19
1.57142	19
1.58957	19
1.58957	19
1.58964	19
1.58965	19
1.59559	19
1.5956	19
1.59563	19
1.59563	19
1.59698	19
1.59701	19
1.59701	19
1.60558	19
1.60558	19
1.60562	19
1.60562	19
1.60836	19
1.60836	19
1.60839	19
1.60877	19
1.61229	19
1.6123	19
1.61232	19
1.61235	19
1.6162	19
1.62026	19
1.62027	19
1.62619	19
1.62621	19
1.62621	19
1.6279	19
1.62795	19
1.62795	19
1.63168	19
1.63173	19
1.63173	19
1.64708	19
1.64709	19
1.64709	19
1.6471	19
1.66486	19
1.66496	19
1.66498	19
1.66499	19
1.66566	19
1.67519	19
1.67519	19
1.68131	19
1.68136	19
1.68136	19
1.7003	19
1.70035	19
1.70035	19
1.72343	19
1.72345	19
1.72359	19
1.72359	19
1.74869	19
1.74869	19
1.7487	19
1.7487	19
1.74885	19
1.74897	19
1.759	19
1.75906	19
1.75916	19
1.76995	19
1.76996	19
1.78038	19
1.78038	19
1.78039	19
1.7804	19
1.78041	19
1.78041	19
1.78147	19
1.78156	19
1.78158	19
1.78222	19
1.78224	19
1.78231	19
1.78432	19
1.78436	19
1.78457	19
1.79082	19
1.79084	19
1.79094	19
1.79896	19
1.79971	19
1.79972	19
1.79974	19
1.80334	19
1.80334	19
1.80335	19
1.80341	19
1.81235	19
1.82303	19
1.82304	19
1.82304	19
1.82306	19
1.82603	19
1.82604	19
1.82605	19
1.82618	19
1.82899	19
1.82899	19
1.82901	19
1.84284	19
1.84284	19
1.84284	19
1.84297	19
1.85206	19
1.85206	19
1.85213	19
1.85464	19
1.85464	19
1.85753	19
1.85769	19
1.8577	19
1.85778	19
1.85778	19
1.86408	19
1.8641	19
1.86412	19
1.87263	19
1.87282	19
1.87283	19
1.88966	19
1.88967	19
1.88968	19
1.88969	19
1.88969	19
1.89523	19
1.90028	19
1.90834	19
1.90836	19
1.90837	19
1.9125	19
1.91261	19
3.07467	19
3.0747	19
3.0747	19
3.07472	19
3.07472	19
3.07632	19
3.07633	19
3.07635	19
3.07635	19
3.07762	19
3.09947	19
3.09947	19
3.09947	19
3.09958	19
3.10479	19
3.10479	19
3.10487	19
3.10572	19
3.10572	19
3.10573	19
3.10707	19
3.13069	19
3.13069	19
3.13076	19
3.13076	19
3.13099	19
3.13105	19
3.13105	19
3.13108	19
3.1321	19
3.13219	19
3.13219	19
3.13745	19
3.13746	19
3.13748	19
3.13748	19
3.13755	19
3.14587	19
3.14588	19
3.14593	19
3.14983	19
3.17156	19
3.17156	19
3.17161	19
3.17162	19
3.17167	19
3.17322	19
3.17322	19
3.17327	19
3.17381	19
3.17382	19
3.17384	19
3.18462	19
3.18463	19
3.18463	19
3.19209	19
3.19209	19
3.19211	19
3.19475	19
3.20806	19
3.20808	19
3.20808	19
3.20816	19
3.20851	19
3.20851	19
3.20852	19
3.22377	19
3.22444	19
3.2245	19
3.22852	19
3.22852	19
3.23499	19
3.23505	19
3.23505	19
3.23507	19
3.24381	19
3.24381	19
3.24382	19
3.25822	19
3.25823	19
3.25938	19
3.25948	19
3.25949	19
3.26566	19
3.26568	19
3.26568	19
3.2657	19
3.27261	19
3.27904	19
3.27905	19
3.27905	19
3.27935	19
3.28876	19
3.28877	19
3.2888	19
3.30071	19
3.30071	19
3.30079	19
3.32019	19
3.32019	19
3.32021	19
3.32037	19
3.3283	19
3.32834	19
3.32835	19
3.32848	19
3.35157	19
3.35158	19
3.35158	19
3.35158	19
3.3524	19
3.38681	19
3.38681	19
3.38683	19
3.38685	19
3.38685	19
3.38965	19
3.39625	19
3.39627	19
3.39628	19
3.39628	19
3.40506	19
3.40506	19
3.40508	19
3.43242	19
3.43243	19
3.43244	19
3.43245	19
3.43904	19
3.44796	19
3.44797	19
3.44798	19
3.44798	19
3.44812	19
3.46328	19
3.46328	19
3.46328	19
3.46836	19
3.46837	19
3.46837	19
3.47356	19
3.47357	19
3.47357	19
3.47748	19
3.47748	19
3.47752	19
3.47783	19
3.47784	19
3.47785	19
3.47785	19
3.49982	19
3.49982	19
3.49983	19
3.49989	19
3.50242	19
3.50243	19
3.50255	19
3.50797	19
3.50798	19
3.50798	19
3.51361	19
3.51363	19
3.51372	19
3.51482	19
3.51899	19
3.51899	19
3.51899	19
3.51909	19
3.52312	19
3.52314	19
3.52315	19
3.5233	19
3.53142	19
3.53142	19
3.53143	19
3.53255	19
3.53886	19
3.53886	19
3.53886	19
3.53887	19
3.53937	19
3.5394	19
3.53941	19
3.54596	19
3.54596	19
3.54597	19
3.57579	19
3.57579	19
3.57583	19
3.57584	19
3.57584	19
3.57854	19
3.57855	19
3.57856	19
3.5786	19
3.58148	19
3.58149	19
3.58151	19
3.59229	19
3.59229	19
3.59233	19
3.59345	19
3.59345	19
3.60017	19
3.60456	19
3.60457	19
3.60459	19
3.60459	19
3.6046	19
3.61723	19
3.63156	19
3.63156	19
3.63163	19
3.63164	19
3.63164	19
3.63165	19
3.63749	19
3.63749	19
3.63751	19
3.6396	19
3.64147	19
3.64153	19
3.64154	19
3.64358	19
3.64363	19
3.64363	19
3.64363	19
3.64364	19
3.64473	19
3.64473	19
3.64488	19
3.66775	19
3.66775	19
3.66778	19
3.68285	19
3.68285	19
3.68285	19
3.6829	19
3.68862	19
3.68863	19
3.68864	19
3.69518	19
3.69518	19
3.69521	19
3.73333	19
3.73333	19
3.73336	19
3.7334	19
3.73351	19
3.73399	19
3.74036	19
3.74036	19
3.74037	19
3.74037	19
3.74241	19
3.74241	19
3.74243	19
3.76054	19
3.76056	19
3.76063	19
3.76866	19
3.76872	19
3.76878	19
3.76941	19
3.76941	19
3.76942	19
3.77571	19
3.77573	19
3.77573	19
3.78299	19
3.78299	19
3.78299	19
3.78305	19
3.78716	19
3.79928	19
3.79929	19
3.79932	19
3.79936	19
3.79952	19
3.79996	19
3.79997	19
3.79997	19
3.80543	19
3.80543	19
3.80546	19
3.80547	19
3.80554	19
3.80958	19
3.80961	19
3.80962	19
3.80986	19
3.80988	19
3.80993	19
3.81008	19
3.81031	19
3.81032	19
3.82859	19
3.82861	19
3.82863	19
3.82874	19
3.85773	19
3.85773	19
3.85778	19
3.8578	19
3.85781	19
3.85931	19
3.85932	19
3.85937	19
3.85937	19
3.87416	19
3.87416	19
3.87421	19
3.87428	19
3.87744	19
3.87761	19
3.87761	19
3.90096	19
3.90102	19
3.90102	19
3.91732	19
3.91733	19
3.9175	19
3.91755	19
3.92504	19
3.92511	19
3.92511	19
3.94061	19
3.94061	19
3.94061	19
3.94062	19
3.94062	19
3.94309	19
3.94316	19
3.94316	19
3.95974	19
3.95986	19
3.95987	19
4.02244	19
4.02244	19
4.02245	19
4.02246	19
4.02246	19
4.02378	19
4.02384	19
4.02384	19
4.02724	19
4.02726	19
4.02727	19
4.02727	19
4.03154	19
4.03161	19
4.03161	19
4.04067	19
4.04067	19
4.04073	19
4.04073	19
4.07246	19
4.07247	19
4.07247	19
4.07263	19
4.07263	19
4.0882	19
4.0882	19
4.08821	19
4.08821	19
4.09043	19
4.09043	19
4.09055	19
4.09055	19
4.1025	19
4.10261	19
4.10261	19
4.10394	19
4.10799	19
4.10802	19
4.10806	19
4.10806	19
4.11963	19
4.12325	19
4.12327	19
4.14048	19
4.14049	19
4.14052	19
4.14071	19
4.14072	19
4.14781	19
4.14992	19
4.14996	19
4.15039	19
4.15039	19
4.15043	19
4.15045	19
4.15045	19
4.15878	19
4.15879	19
4.15887	19
4.15887	19
4.16451	19
4.16455	19
4.16455	19
4.17379	19
4.18785	19
4.18785	19
4.18785	19
4.18785	19
4.19197	19
4.20608	19
4.20608	19
4.20608	19
4.20629	19
4.20629	19
4.21983	19
4.21984	19
4.21984	19
4.22236	19
4.22245	19
4.22245	19
4.22886	19
4.2289	19
4.22891	19
4.24382	19
4.2477	19
4.2477	19
4.24775	19
4.24776	19
4.24777	19
4.24845	19
4.26215	19
4.26215	19
4.26216	19
4.26219	19
4.26219	19
4.26418	19
4.27951	19
4.27962	19
4.30431	19
4.30432	19
4.30811	19
4.30811	19
4.30812	19
4.30813	19
4.30823	19
4.30823	19
4.31514	19
4.31515	19
4.31515	19
4.3297	19
4.3297	19
4.32989	19
4.32989	19
4.33316	19
4.33316	19
4.33317	19
4.33317	19
4.34365	19
4.34488	19
4.34496	19
4.35102	19
4.35103	19
4.35108	19
4.35116	19
4.35116	19
4.35856	19
4.35858	19
4.35858	19
4.3664	19
4.36642	19
4.36644	19
4.36645	19
4.3731	19
4.37311	19
4.37312	19
4.37699	19
4.37706	19
4.37706	19
4.37786	19
4.37802	19
4.37802	19
4.39326	19
4.41903	19
4.41904	19
4.41906	19
4.42529	19
4.4253	19
4.42532	19
4.42532	19
4.42532	19
4.42859	19
4.42862	19
4.42862	19
4.43293	19
4.43295	19
4.43295	19
4.43708	19
4.43713	19
4.43718	19
4.43718	19
4.43731	19
4.43738	19
4.43739	19
4.4402	19
4.44024	19
4.44024	19
4.44555	19
4.44556	19
4.44557	19
4.45693	19
4.46096	19
4.46097	19
4.46098	19
4.46098	19
4.46327	19
4.46327	19
4.46331	19
4.46331	19
4.47348	19
4.47352	19
4.47352	19
4.47531	19
4.47792	19
4.47796	19
4.47798	19
4.48478	19
4.48478	19
4.48478	19
4.48479	19
4.4848	19
4.49162	19
4.49788	19
4.49789	19
4.49794	19
4.49794	19
4.5057	19
4.51097	19
4.51322	19
4.51324	19
4.51326	19
4.52139	19
4.52139	19
4.5214	19
4.52142	19
4.52142	19
4.52955	19
4.52961	19
4.52965	19
4.52965	19
4.53222	19
4.53222	19
4.53229	19
4.53229	19
4.54844	19
4.54862	19
4.54862	19
4.55701	19
4.55707	19
4.55707	19
4.56009	19
4.56012	19
4.56012	19
4.56777	19
4.56779	19
4.56784	19
4.56785	19
4.5706	19
4.57061	19
4.57066	19
4.57066	19
4.57693	19
4.57696	19
4.57697	19
4.57748	19
4.58864	19
4.58866	19
4.58866	19
4.58868	19
4.58869	19
4.5936	19
4.59367	19
4.59367	19
4.60698	19
4.60714	19
4.60715	19
4.60881	19
4.60881	19
4.60881	19
4.61466	19
4.61473	19
4.61473	19
4.62176	19
4.62672	19
4.62676	19
4.6771	19
4.6771	19
4.67717	19
4.67721	19
4.67721	19
4.68173	19
4.68542	19
4.68542	19
4.68797	19
4.68798	19
4.68814	19
4.73906	19
4.73906	19
4.73909	19
4.73914	19
4.73915	19
4.74278	19
4.74279	19
4.74282	19
4.74283	19
4.75714	19
4.75715	19
4.7572	19
4.7572	19
4.76167	19
4.76171	19
4.76171	19
4.77389	19
4.7739	19
4.77392	19
4.77392	19
4.77735	19
4.7774	19
4.77756	19
4.77756	19
4.77871	19
4.77875	19
4.77878	19
4.77878	19
4.78263	19
4.78266	19
4.78266	19
4.78296	19
4.78301	19
4.78301	19
4.79254	19
4.79254	19
4.79257	19
4.79257	19
4.79272	19
4.79272	19
4.79282	19
4.79282	19
4.80973	19
4.80974	19
4.80974	19
4.80981	19
4.80981	19
4.82935	19
4.82938	19
4.82938	19
4.82975	19
4.82977	19
4.83474	19
4.83474	19
4.83881	19
4.83888	19
4.83888	19
4.84257	19
4.84262	19
4.84263	19
4.84536	19
4.85446	19
4.85446	19
4.8545	19
4.85468	19
4.85468	19
4.86415	19
4.86425	19
4.86582	19
4.86583	19
4.86586	19
4.86592	19
4.86592	19
4.89989	19
4.89989	19
4.89991	19
4.89992	19
4.9129	19
4.91292	19
4.91301	19
4.91301	19
4.91347	19
4.91358	19
4.91359	19
4.91372	19
4.91372	19
4.91616	19
4.9162	19
4.9162	19
4.928	19
4.93347	19
4.93358	19
4.93379	19
4.93379	19
4.93382	19
4.93383	19
4.93384	19
4.94675	19
4.94676	19
4.94677	19
4.97449	19
4.9745	19
4.97467	19
4.97467	19
4.98197	19
4.98204	19
4.98204	19
4.98896	19
4.99416	19
4.99432	19
4.99435	19
4.99435	19
4.99786	19
5.02871	19
5.02872	19
5.02877	19
5.0288	19
5.02881	19
5.04176	19
5.04179	19
5.04179	19
5.04434	19
5.04438	19
5.04438	19
5.05297	19
5.05299	19
5.053	19
5.05526	19
5.05526	19
5.05526	19
5.05935	19
5.05942	19
5.05944	19
5.05944	19
5.06706	19
5.06723	19
5.06723	19
5.06941	19
5.06942	19
5.06944	19
5.06944	19
5.06947	19
5.06954	19
5.06954	19
5.07177	19
5.07177	19
5.07177	19
5.11197	19
5.11198	19
5.11198	19
5.11199	19
5.112	19
5.11367	19
5.11369	19
5.11369	19
5.12406	19
5.12406	19
5.1241	19
5.1241	19
5.12938	19
5.13658	19
5.1366	19
5.13673	19
5.13674	19
5.13676	19
5.13677	19
5.13688	19
5.13688	19
5.17384	19
5.17384	19
5.17395	19
5.17395	19
5.18957	19
5.19552	19
5.19553	19
5.19557	19
5.19558	19
5.22255	19
5.22255	19
5.22255	19
5.22256	19
5.22256	19
5.23201	19
5.23201	19
5.23203	19
5.23203	19
5.24776	19
5.24776	19
5.24776	19
5.25498	19
5.25502	19
5.25503	19
5.25503	19
5.25638	19
5.26462	19
5.2647	19
5.26491	19
5.26491	19
5.29369	19
5.35861	19
5.35862	19
5.35862	19
5.36596	19
5.36599	19
5.36599	19
5.366	19
5.36602	19
5.36602	19
5.37581	19
5.38499	19
5.38502	19
5.38509	19
5.3851	19
5.40207	19
5.41256	19
5.41257	19
5.41259	19
5.4126	19
5.4126	19
5.41515	19
5.41522	19
5.41522	19
5.41702	19
5.41702	19
5.41702	19
5.41823	19
5.41843	19
5.44726	19
5.44727	19
5.44728	19
5.44729	19
5.44733	19
5.44733	19
5.45172	19
5.45179	19
5.4518	19
5.45541	19
5.45552	19
5.45553	19
5.4576	19
5.45769	19
5.45769	19
5.46274	19
5.46283	19
5.46283	19
5.47209	19
5.47209	19
5.47214	19
5.47214	19
5.50759	19
5.5076	19
5.50761	19
5.51169	19
5.5117	19
5.51171	19
5.53785	19
5.53786	19
5.53791	19
5.53791	19
5.54552	19
5.54555	19
5.54557	19
5.54558	19
5.55628	19
5.5564	19
5.5564	19
5.5608	19
5.56091	19
5.56092	19
5.56624	19
5.56628	19
5.56629	19
5.58314	19
5.58315	19
5.58317	19
5.5855	19
5.58552	19
5.58552	19
5.5949	19
5.59922	19
5.59932	19
5.60068	19
5.60071	19
5.60072	19
5.60077	19
5.60078	19
5.61887	19
5.61887	19
5.61904	19
5.61904	19
5.61957	19
5.61965	19
5.61972	19
5.61972	19
5.62606	19
5.62617	19
5.62617	19
5.64182	19
5.64195	19
5.64195	19
5.64913	19
5.64913	19
5.64913	19
5.65839	19
5.65841	19
5.65842	19
5.65845	19
5.65845	19
5.65845	19
5.6616	19
5.66178	19
5.66178	19
5.69629	19
5.69629	19
5.69634	19
5.69635	19
5.70056	19
5.70057	19
5.70058	19
5.70058	19
5.72232	19
5.72236	19
5.72237	19
5.72498	19
5.73715	19
5.73718	19
5.73718	19
5.73718	19
5.73719	19
5.74118	19
5.74122	19
5.74123	19
5.76205	19
5.76211	19
5.76211	19
5.76281	19
5.76283	19
5.76284	19
5.77003	19
5.77005	19
5.77007	19
5.77007	19
5.78997	19
5.78998	19
5.79016	19
5.79016	19
5.7911	19
5.79112	19
5.79113	19
5.79113	19
5.80366	19
5.80366	19
5.8037	19
5.80371	19
5.83884	19
5.83885	19
5.83895	19
5.83895	19
5.84795	19
5.84796	19
5.84796	19
5.86365	19
5.86368	19
5.86368	19
5.86503	19
5.86504	19
5.86505	19
5.86506	19
5.91515	19
5.91515	19
5.91519	19
5.91519	19
5.91648	19
5.94329	19
5.94331	19
5.94332	19
5.94333	19
5.94333	19
5.94409	19
5.94437	19
5.94437	19
5.95669	19
5.96289	19
5.9629	19
5.96294	19
5.96294	19
5.96296	19
5.96297	19
5.97079	19
5.97084	19
5.97084	19
5.97098	19
5.97099	19
5.97111	19
5.97113	19
5.97358	19
5.97359	19
5.9736	19
5.98472	19
5.98481	19
5.98481	19
5.98638	19
5.98645	19
5.98646	19
6.01103	19
6.01103	19
6.01121	19
6.01122	19
6.04439	19
6.04439	19
6.04444	19
6.04444	19
6.04622	19
6.05134	19
6.05246	19
6.05248	19
6.05425	19
6.05425	19
6.06483	19
6.06483	19
6.06485	19
6.06489	19
6.06491	19
6.06633	19
6.06633	19
6.06634	19
6.09014	19
6.09014	19
6.09018	19
6.09018	19
6.10003	19
6.10008	19
6.10008	19
6.12027	19
6.12027	19
6.12796	19
6.12798	19
6.12799	19
6.12812	19
6.12814	19
6.14183	19
6.14186	19
6.14187	19
6.14188	19
6.14453	19
6.14475	19
6.14475	19
6.15267	19
6.15299	19
6.15304	19
6.15308	19
6.15308	19
6.18584	19
6.18584	19
6.18588	19
6.18588	19
6.18635	19
6.18726	19
6.18729	19
6.19866	19
6.19872	19
6.19872	19
6.19874	19
6.19874	19
6.20107	19
6.20108	19
6.20108	19
6.21786	19
6.21792	19
6.21793	19
6.22183	19
6.22428	19
6.22432	19
6.22439	19
6.23219	19
6.23224	19
6.23224	19
6.23225	19
6.23226	19
6.24355	19
6.24361	19
6.24361	19
6.24389	19
6.24391	19
6.24391	19
6.24646	19
6.24649	19
6.24649	19
6.24654	19
6.24656	19
6.25887	19
6.25889	19
6.2589	19
6.28336	19
6.28336	19
6.28336	19
6.28337	19
6.29104	19
6.29105	19
6.29107	19
6.29107	19
6.2966	19
6.2966	19
6.29661	19
6.30197	19
6.30197	19
6.30198	19
6.31261	19
6.31263	19
6.31284	19
6.31285	19
6.31847	19
6.31847	19
6.31847	19
6.33337	19
6.33337	19
6.3334	19
6.3334	19
6.34777	19
6.34783	19
6.34783	19
6.35526	19
6.35534	19
6.35535	19
6.36065	19
6.37304	19
6.37305	19
6.37305	19
6.37305	19
6.37306	19
6.37314	19
6.37314	19
6.37318	19
6.37318	19
6.37334	19
6.37348	19
6.37349	19
6.38321	19
6.38325	19
6.38325	19
6.39393	19
6.39401	19
6.39402	19
6.40664	19
6.40682	19
6.40683	19
6.40944	19
6.40947	19
6.40949	19
6.40963	19
6.40969	19
6.4097	19
6.41133	19
6.4187	19
6.41871	19
6.41876	19
6.41877	19
6.42319	19
6.42319	19
6.42319	19
6.42913	19
6.42917	19
6.42921	19
6.42921	19
6.43115	19
6.43117	19
6.43117	19
6.44083	19
6.44085	19
6.44086	19
6.44092	19
6.44094	19
6.44117	19
6.4412	19
6.44148	19
6.44149	19
6.4479	19
6.44791	19
6.44803	19
6.44803	19
6.44903	19
6.44906	19
6.44906	19
6.4671	19
6.46717	19
6.46717	19
6.48251	19
6.48251	19
6.48254	19
6.48255	19
6.48471	19
6.48473	19
6.48484	19
6.48485	19
6.49073	19
6.49076	19
6.49077	19
6.49078	19
6.50295	19
6.50298	19
6.503	19
6.51104	19
6.51104	19
6.51115	19
6.51117	19
6.52678	19
6.52679	19
6.52756	19
6.52756	19
6.5307	19
6.53072	19
6.53095	19
6.53096	19
6.53118	19
6.54109	19
6.54205	19
6.54208	19
6.55411	19
6.55413	19
6.55414	19
6.55415	19
6.55416	19
6.55416	19
6.5635	19
6.56351	19
6.56358	19
6.56358	19
6.57327	19
6.57328	19
6.57331	19
6.57332	19
6.6	19
6.6	19
6.60004	19
6.60004	19
6.61126	19
6.61127	19
6.61127	19
6.61696	19
6.61696	19
6.61703	19
6.61703	19
6.63695	19
6.63696	19
6.63696	19
6.63698	19
6.641	19
6.6413	19
6.64132	19
6.64823	19
6.64825	19
6.6483	19
6.65111	19
6.65113	19
6.65114	19
6.65374	19
6.65374	19
6.65375	19
6.65377	19
6.65916	19
6.6592	19
6.65921	19
6.67161	19
6.67167	19
6.67167	19
6.67315	19
6.67317	19
6.6732	19
6.67321	19
6.67826	19
6.67829	19
6.67829	19
6.68634	19
6.68651	19
6.68653	19
6.68661	19
6.68682	19
6.68684	19
6.69254	19
6.69256	19
6.69257	19
6.69693	19
6.69701	19
6.69711	19
6.69711	19
6.73609	19
6.73609	19
6.73622	19
6.73622	19
6.74138	19
6.74143	19
6.74144	19
6.74688	19
6.7471	19
6.7471	19
6.7524	19
6.75242	19
6.75246	19
6.75247	19
6.75683	19
6.75685	19
6.75687	19
6.75969	19
6.7599	19
6.75991	19
6.76686	19
6.76687	19
6.76688	19
6.7669	19
6.77692	19
6.77694	19
6.77696	19
6.78911	19
6.78911	19
6.78911	19
6.7969	19
6.79834	19
6.79838	19
6.79838	19
6.79838	19
6.80439	19
6.80441	19
6.80441	19
6.81017	19
6.81021	19
6.81022	19
6.81187	19
6.81192	19
6.81194	19
6.81777	19
6.81778	19
6.81782	19
6.81782	19
6.82483	19
6.82494	19
6.82496	19
6.82496	19
6.82637	19
6.8264	19
6.82641	19
6.84907	19
6.84913	19
6.84915	19
6.85893	19
6.85893	19
6.85898	19
6.85899	19
6.86583	19
6.86593	19
6.86593	19
6.8705	19
6.88119	19
6.88132	19
6.88132	19
6.88136	19
6.88136	19
6.8873	19
6.88901	19
6.88903	19
6.88911	19
6.88911	19
6.90238	19
6.91094	19
6.91095	19
6.91095	19
6.91097	19
6.91098	19
6.9118	19
6.9119	19
6.91191	19
6.91221	19
6.91229	19
6.9123	19
6.9242	19
6.9242	19
6.92426	19
6.92802	19
6.92802	19
6.92806	19
6.92807	19
6.93336	19
6.93338	19
6.93342	19
6.93343	19
6.93519	19
6.93524	19
6.93525	19
6.9491	19
6.9491	19
6.94914	19
6.94915	19
6.95748	19
6.95749	19
6.95751	19
6.95751	19
6.98214	19
6.98215	19
6.98215	19
6.98223	19
6.98226	19
6.98966	19
6.98982	19
6.98982	19
6.99809	19
6.99812	19
6.99812	19
7.00159	19
7.00162	19
7.00164	19
7.01624	19
7.01626	19
7.01626	19
7.04157	19
7.04157	19
7.04619	19
7.04622	19
7.04623	19
7.04624	19
7.04629	19
7.05037	19
7.05048	19
7.05048	19
7.06429	19
7.06431	19
7.06454	19
7.06455	19
7.06786	19
7.0707	19
7.07074	19
7.11585	19
7.11586	19
7.11586	19
7.11587	19
7.1159	19
7.12916	19
7.12916	19
7.12917	19
7.12919	19
7.13612	19
7.13614	19
7.13615	19
7.14444	19
7.14447	19
7.14448	19
7.14451	19
7.14453	19
7.14895	19
7.14897	19
7.14898	19
7.1531	19
7.15325	19
7.16652	19
7.16654	19
7.16656	19
7.16656	19
7.16657	19
7.16658	19
7.1778	19
7.1778	19
7.17785	19
7.17785	19
7.18019	19
7.1802	19
7.18023	19
7.182	19
7.1836	19
7.18365	19
7.18374	19
7.1864	19
7.18642	19
7.18642	19
7.18643	19
7.18644	19
7.19683	19
7.19686	19
7.19689	19
7.19691	19
7.21752	19
7.21755	19
7.21756	19
7.21966	19
7.21968	19
7.21971	19
7.21972	19
7.22373	19
7.22374	19
7.22375	19
7.2239	19
7.22647	19
7.22816	19
7.22821	19
7.22822	19
7.24542	19
7.24543	19
7.24543	19
7.24543	19
7.24547	19
7.24548	19
7.25328	19
7.26065	19
7.26072	19
7.26072	19
7.26077	19
7.26078	19
7.26439	19
7.2644	19
7.26442	19
7.26443	19
7.26705	19
7.26706	19
7.26707	19
7.26707	19
7.27403	19
7.27408	19
7.27416	19
7.27417	19
7.28396	19
7.284	19
7.28402	19
7.28404	19
7.28456	19
7.28475	19
7.28476	19
7.29569	19
7.29569	19
7.2957	19
7.29991	19
7.29993	19
7.29994	19
7.30098	19
7.30099	19
7.30118	19
7.30118	19
7.30124	19
7.30128	19
7.30129	19
7.3287	19
7.32871	19
7.32874	19
7.33711	19
7.33713	19
7.33713	19
7.34713	19
7.34714	19
7.34714	19
7.34716	19
7.35299	19
7.35335	19
7.35337	19
7.36327	19
7.3633	19
7.36331	19
7.36332	19
7.36777	19
7.36798	19
7.36799	19
7.37145	19
7.38747	19
7.38753	19
7.38755	19
7.38756	19
7.38756	19
7.40165	19
7.40171	19
7.40172	19
7.40637	19
7.40643	19
7.40649	19
7.40654	19
7.41309	19
7.41311	19
7.41312	19
7.42091	19
7.42101	19
7.42103	19
7.42672	19
7.42672	19
7.42681	19
7.43115	19
7.43117	19
7.43119	19
7.44286	19
7.44299	19
7.44312	19
7.44312	19
7.45821	19
7.45823	19
7.45842	19
7.45843	19
7.46139	19
7.4635	19
7.46354	19
7.46354	19
7.46355	19
7.46358	19
7.46659	19
7.46659	19
7.46659	19
7.50584	19
7.50588	19
7.50589	19
7.5059	19
7.50591	19
7.51627	19
7.55257	19
7.55257	19
7.55259	19
7.64366	19
7.6437	19
7.64371	19
7.64378	19
7.64378	19
7.64454	19
7.64455	19
7.64457	19
7.64554	19
7.65469	19
7.65476	19
7.6778	19
7.67781	19
7.67782	19
7.67783	19
7.67783	19
7.68241	19
7.68241	19
7.68247	19
7.68254	19
7.68263	19
7.68265	19
7.68549	19
7.68831	19
7.69184	19
7.69187	19
7.69187	19
7.69188	19
7.69197	19
7.69197	19
7.69311	19
7.71146	19
7.71155	19
9.83661	19
9.83666	19
9.83667	19
9.83689	19
9.8369	19
9.8402	19
9.84022	19
9.84022	19
9.84025	19
9.84034	19
9.84035	19
9.8433	19
9.84331	19
9.84332	19
9.85142	19
9.85142	19
9.85143	19
9.86007	19
9.86008	19
9.86009	19
9.8601	19
9.86032	19
9.86034	19
9.86039	19
9.89517	19
9.89519	19
9.89529	19
9.89531	19
9.89898	19
9.91876	19
9.91878	19
9.91878	19
9.9218	19
9.92181	19
9.92182	19
9.92182	19
9.92182	19
9.92184	19
9.93435	19
9.93439	19
9.9344	19
9.9467	19
9.94671	19
9.94673	19
9.94756	19
9.94759	19
9.9476	19
9.95232	19
9.95238	19
9.95239	19
9.95645	19
9.95648	19
9.95649	19
9.9565	19
9.96256	19
9.96261	19
9.96269	19
9.96337	19
9.96339	19
9.96342	19
9.96823	19
9.96826	19
9.96827	19
9.9683	19
9.96851	19
9.96909	19
9.9691	19
9.97449	19
9.97449	19
9.9745	19
9.9745	19
9.97558	19
9.97624	19
9.97625	19
9.97801	19
9.97803	19
9.97803	19
9.97824	19
9.97826	19
9.98202	19
9.98227	19
9.98228	19
9.98402	19
9.98403	19
9.98403	19
9.98407	19
9.98675	19
9.98681	19
9.98681	19
9.98682	19
9.99359	19
9.99364	19
9.99364	19
9.99912	19
9.99913	19
9.99913	19
9.99914	19
9.99915	19
10.0056	19
10.0064	19
10.0064	19
10.0064	19
10.0064	19
10.0065	19
10.0065	19
10.0065	19
10.0065	19
10.044	19
10.044	19
10.0441	19
10.0441	19
10.0455	19
10.0455	19
10.0457	19
10.0459	19
10.0459	19
10.0459	19
10.0583	19
10.2864	19
10.2889	19
10.2889	19
10.2907	19
10.2908	19
10.2908	19
10.2938	19
10.296	19
10.2992	19
10.2992	19
10.2993	19
10.2993	19
10.2993	19
10.3081	19
10.3081	19
10.3081	19
10.3081	19
10.3531	19
10.3531	19
10.3533	19
10.3533	19
10.3591	19
10.3683	19
10.3692	19
10.3692	19
10.3692	19
10.3694	19
10.3694	19
10.3694	19
10.3695	19
10.3696	19
10.3732	19
10.3732	19
10.3732	19
10.3843	19
10.3844	19
10.3844	19
10.3845	19
10.3848	19
10.3849	19
10.385	19
10.385	19
10.3986	19
10.4054	19
10.4055	19
10.4055	19
10.4056	19
10.4056	19
10.4225	19
10.4226	19
10.4226	19
10.4226	19
10.4226	19
10.4267	19
10.4267	19
10.4267	19
10.4267	19
10.4271	19
10.4271	19
10.4272	19
10.4272	19
10.4276	19
10.4276	19
10.4277	19
10.4375	19
10.4376	19
10.4376	19
10.441	19
10.441	19
10.4411	19
10.4411	19
10.4488	19
10.4489	19
10.4489	19
10.4648	19
10.4648	19
10.4699	19
10.4699	19
10.4699	19
10.4699	19
10.4699	19
10.47	19
10.7534	19
10.7534	19
10.7534	19
10.7534	19
10.7588	19
10.7589	19
10.759	19
10.7606	19
10.7606	19
10.7607	19
10.7622	19
10.7622	19
10.7622	19
10.783	19
10.7831	19
10.7831	19
10.811	19
10.811	19
10.8111	19
10.8111	19
10.8142	19
10.8143	19
10.8144	19
10.8223	19
10.8224	19
10.8224	19
10.8244	19
10.8244	19
10.8245	19
10.8248	19
10.8248	19
10.8249	19
10.8312	19
10.8312	19
10.8312	19
10.8313	19
10.8415	19
10.8415	19
10.8416	19
10.8808	19
10.8808	19
10.8809	19
10.881	19
10.882	19
10.8821	19
10.8821	19
10.8932	19
10.8932	19
10.8932	19
10.8933	19
10.8973	19
10.8974	19
10.8974	19
10.9123	19
10.9124	19
10.9124	19
10.9124	19
10.9321	19
10.9322	19
10.9322	19
10.9322	19
10.9322	19
10.9348	19
10.9348	19
10.9348	19
10.9349	19
10.9711	19
10.9711	19
10.9711	19
10.9711	19
10.9719	19
10.972	19
10.972	19
10.972	19
10.988	19
10.988	19
10.9881	19
10.9882	19
10.9917	19
10.994	19
10.9966	19
10.9969	19
10.997	19
10.9991	19
10.9991	19
10.9992	19
10.9993	19
11.0123	19
11.0123	19
11.0123	19
11.0123	19
11.0348	19
11.0348	19
11.0349	19
11.0405	19
11.0405	19
11.0405	19
11.0406	19
11.0406	19
11.0475	19
11.0475	19
11.0476	19
11.0477	19
11.0646	19
11.0647	19
11.0648	19
11.0811	19
11.0811	19
11.0811	19
11.0811	19
11.0848	19
11.0848	19
11.0848	19
11.0894	19
11.1074	19
11.1074	19
11.1075	19
11.1075	19
11.1195	19
11.1195	19
11.1196	19
11.1198	19
11.1326	19
11.1327	19
11.1327	19
11.1327	19
11.1338	19
11.1339	19
11.134	19
11.134	19
11.1349	19
11.1349	19
11.1352	19
11.1355	19
11.1356	19
11.1357	19
11.1505	19
11.1505	19
11.1506	19
11.1506	19
11.1717	19
11.1718	19
11.1718	19
11.1718	19
11.1718	19
11.1725	19
11.1759	19
11.1816	19
11.1816	19
11.1818	19
11.1818	19
11.1848	19
11.1849	19
11.1849	19
11.1849	19
11.1849	19
11.186	19
11.195	19
11.1951	19
11.1952	19
11.1953	19
11.1961	19
11.2002	19
11.2002	19
11.2002	19
11.2002	19
11.2007	19
11.2007	19
11.2007	19
11.2011	19
11.2081	19
11.2081	19
11.2081	19
11.2243	19
11.2243	19
11.2244	19
11.2244	19
11.2271	19
11.2271	19
11.2273	19
11.2278	19
11.2279	19
11.228	19
11.4327	19
11.4327	19
11.4372	19
11.4372	19
11.44	19
11.4401	19
11.4405	19
11.4426	19
11.4426	19
11.4426	19
11.4427	19
11.454	19
11.454	19
11.4541	19
11.4542	19
11.4621	19
11.4767	19
11.4805	19
11.4805	19
11.4806	19
11.4886	19
11.4886	19
11.4886	19
11.4886	19
11.4888	19
11.4967	19
11.4968	19
11.497	19
11.5061	19
11.5061	19
11.5061	19
11.5103	19
11.5103	19
11.5105	19
11.5129	19
11.5129	19
11.5129	19
11.5171	19
11.5171	19
11.5174	19
11.5187	19
11.5187	19
11.5188	19
11.5189	19
11.5314	19
11.5315	19
11.5315	19
11.5337	19
11.5337	19
11.5337	19
11.5343	19
11.5431	19
11.5431	19
11.5436	19
11.556	19
11.556	19
11.556	19
11.5562	19
11.5598	19
11.5598	19
11.5599	19
11.5599	19
11.5698	19
11.5698	19
11.5698	19
11.572	19
11.572	19
11.5723	19
11.5974	19
11.5974	19
11.5974	19
11.5976	19
11.6069	19
11.6069	19
11.6069	19
11.608	19
11.6213	19
11.6214	19
11.6224	19
11.6263	19
11.6264	19
11.6269	19
11.6276	19
11.6306	19
11.6306	19
11.6699	19
11.6699	19
11.6699	19
11.67	19
11.6703	19
11.6763	19
11.6763	19
11.6763	19
11.6766	19
11.6767	19
11.6833	19
11.6833	19
11.6833	19
11.6833	19
11.6834	19
11.6893	19
11.6893	19
11.6894	19
11.7036	19
11.7037	19
11.7037	19
11.7042	19
11.7071	19
11.7071	19
11.7072	19
11.7074	19
11.7263	19
11.7263	19
11.7263	19
11.7263	19
11.7263	19
11.7374	19
11.7374	19
11.7462	19
11.7462	19
11.7462	19
11.7463	19
11.7463	19
11.7466	19
11.7481	19
11.7482	19
11.7484	19
11.7664	19
11.7664	19
11.7664	19
11.7682	19
11.7727	19
11.7727	19
11.7741	19
11.7915	19
11.7915	19
11.7916	19
11.7949	19
11.7971	19
11.7971	19
11.7973	19
11.7976	19
11.8041	19
11.8041	19
11.8074	19
11.8074	19
11.8074	19
11.8144	19
11.8144	19
11.8145	19
11.8145	19
11.8371	19
11.8372	19
11.8373	19
11.8433	19
11.8433	19
11.8433	19
11.8433	19
11.8452	19
11.8452	19
11.8452	19
11.8488	19
11.8488	19
11.8488	19
11.8488	19
11.8489	19
11.8489	19
11.9275	19
11.9275	19
11.9311	19
11.936	19
11.9461	19
11.9461	19
11.9461	19
11.9462	19
11.9623	19
11.9623	19
11.9624	19
12.1014	19
12.1014	19
12.1015	19
12.1421	19
12.1421	19
12.1421	19
12.1435	19
12.1435	19
12.1435	19
12.1628	19
12.1628	19
12.1629	19
12.178	19
12.178	19
12.178	19
12.9565	19
12.9565	19
12.9581	19
12.9581	19
12.9581	19
12.9582	19
12.9727	19
12.9727	19
12.9727	19
12.983	19
12.983	19
12.983	19
12.9831	19
12.9831	19
12.9831	19
12.9831	19
12.9832	19
13.0216	19
13.0216	19
13.0217	19
13.0217	19
14.0231	19
14.0231	19
14.0236	19
14.2484	19
14.2485	19
14.2512	19
14.2624	19
14.2624	19
14.2624	19
14.2624	19
14.2935	19
14.2935	19
14.2963	19
14.3202	19
14.3339	19
14.334	19
14.334	19
14.334	19
14.336	19
14.3396	19
14.3397	19
14.3397	19
14.3397	19
14.3409	19
14.3409	19
14.3409	19
14.3585	19
14.3695	19
14.3695	19
14.3696	19
14.3696	19
14.3996	19
14.3996	19
14.3996	19
14.3996	19
14.4066	19
14.4066	19
14.4066	19
14.4067	19
14.4077	19
14.4077	19
14.4077	19
14.4077	19
14.4159	19
14.4159	19
14.4159	19
14.42	19
14.42	19
14.42	19
14.42	19
14.4244	19
14.4244	19
14.4265	19
14.4266	19
14.4266	19
14.4314	19
14.4314	19
14.4314	19
14.4314	19
14.4331	19
14.4511	19
14.4513	19
14.4513	19
14.4514	19
14.4588	19
14.4588	19
14.459	19
14.9174	19
14.9174	19
14.9185	19
14.9222	19
14.9222	19
14.9222	19
14.937	19
14.937	19
14.937	19
14.9371	19
14.9993	19
14.9993	19
15.004	19
15.004	19
15.0041	19
15.0058	19
15.0376	19
15.0376	19
15.0377	19
15.0689	19
15.0689	19
15.0689	19
15.1235	19
15.1235	19
15.1236	19
16.4406	19
16.4406	19
16.4437	19
16.4555	19
16.4555	19
16.4555	19
16.4564	19
16.4564	19
16.4564	19
16.4564	19
16.4564	19
16.4779	19
16.4779	19
16.4779	19
16.5019	19
16.5019	19
16.5019	19
16.5034	19
16.5034	19
16.5034	19
17.0707	19
17.0707	19
17.0731	19
17.0762	19
17.0762	19
17.0763	19
17.0804	19
17.1031	19
17.1032	19
17.1032	19
17.1032	19
17.1174	19
17.1174	19
17.1174	19
17.1176	19
17.1177	19
17.1177	19
17.1177	19
17.1344	19
17.1344	19
17.1344	19
17.1591	19
17.1591	19
17.1591	19
17.1613	19
17.1613	19
17.1613	19
17.1782	19
17.1782	19
17.1782	19
17.2188	19
17.2188	19
17.2188	19
17.2188	19
17.8678	19
17.8678	19
17.8684	19
17.8869	19
17.8869	19
17.8869	19
17.8871	19
18.3556	19
18.3556	19
18.3628	19
18.3632	19
18.3632	19
18.3633	19
18.3633	19
18.3644	19
18.3644	19
18.3645	19
18.3645	19
18.3917	19
18.3917	19
18.3918	19
18.4165	19
18.4165	19
18.4165	19
18.4186	19
18.4186	19
18.4187	19
18.4264	19
18.4264	19
18.4265	19
18.4273	19
18.4273	19
18.4273	19
18.4274	19
18.4711	19
18.4711	19
18.4807	19
18.4904	19
18.4904	19
18.4905	19
18.4906	19
18.4989	19
18.499	19
18.499	19
18.499	19
18.5023	19
18.5023	19
18.5023	19
18.5885	19
18.5885	19
18.5886	19
18.6076	19
18.6076	19
18.6076	19
18.6101	19
18.6101	19
18.6101	19
18.6101	19
18.6133	19
18.6133	19
18.6133	19
18.6134	19
18.6137	19
18.6137	19
18.6137	19
18.6258	19
18.6258	19
18.6259	19
18.6413	19
18.6413	19
18.6413	19
18.6414	19
19.3689	19
19.3689	19
19.3736	19
19.3972	19
19.3972	19
19.3972	19
19.3977	19
19.3977	19
19.3977	19
19.3977	19
19.7375	19
19.7375	19
19.7397	19
19.7507	19
19.7507	19
19.7507	19
19.7606	19
19.7606	19
19.7606	19
19.771	19
19.771	19
19.771	19
20.7254	19
20.7254	19
20.7258	19
20.7425	19
20.7425	19
20.7426	19
20.7545	19
20.7545	19
20.7545	19
21.1832	19
21.1832	19
21.1864	19
21.1951	19
21.1951	19
21.1952	19
21.6514	19
21.6514	19
21.6532	19
21.6823	19
21.6823	19
21.6823	19
21.6824	19
21.6923	19
21.6923	19
21.6923	19
21.7142	19
21.7142	19
21.7142	19
21.7143	19
21.7391	19
21.7391	19
21.7392	19
21.7392	19
22.3884	19
22.3885	19
22.3921	19
22.4179	19
22.4179	19
22.4179	19
22.4225	19
22.4225	19
22.4225	19
22.4225	19
22.445	19
22.445	19
22.445	19
22.4617	19
22.4617	19
22.4617	19
22.4618	19
22.4724	19
22.4725	19
22.4725	19
22.4725	19
22.8211	19
22.8211	19
22.8243	19
22.8296	19
22.8296	19
22.8296	19
22.8296	19
22.8396	19
22.8396	19
22.8396	19
22.8397	19
22.8883	19
22.8883	19
22.8883	19
22.8884	19
22.8973	19
22.8974	19
22.8979	19
22.8981	19
22.8981	19
22.8981	19
22.9203	19
22.9203	19
22.9203	19
22.9305	19
22.9305	19
22.9306	19
22.934	19
22.934	19
22.934	19
22.934	19
22.9343	19
22.9344	19
22.9344	19
22.9344	19
22.9635	19
22.9636	19
22.9636	19
22.9664	19
22.9664	19
22.9664	19
24.2308	19
24.2315	19
24.2315	19
24.2323	19
24.242	19
24.242	19
24.242	19
24.2421	19
24.2421	19
24.2421	19
24.2421	19
24.2422	19
24.2422	19
24.2423	19
24.2423	19
24.2449	19
24.245	19
24.245	19
24.245	19
24.2988	19
24.2988	19
24.2988	19
24.2988	19
24.3174	19
24.3174	19
24.3174	19
24.3175	19
24.3175	19
24.3175	19
24.3176	19
25.0782	19
25.0782	19
25.08	19
25.0971	19
25.0971	19
25.0971	19
25.0972	19
25.4045	19
25.4045	19
25.4051	19
25.4254	19
25.4255	19
25.4255	19
25.4255	19
25.4256	19
25.4256	19
25.4256	19
25.4309	19
25.4309	19
25.431	19
25.431	19
25.4316	19
25.4316	19
25.4316	19
25.9225	19
25.9226	19
25.9226	19
25.9291	19
25.9292	19
25.9292	19
25.9292	19
25.9497	19
25.9497	19
25.9497	19
25.9498	19
25.9594	19
25.9594	19
25.9595	19
25.9595	19
25.9851	19
25.997	19
25.997	19
25.997	19
25.997	19
26.006	19
26.0061	19
26.0061	19
26.0062	19
26.0068	19
26.0069	19
26.0069	19
26.0069	19
26.01	19
26.01	19
26.0101	19
26.0102	19
26.0176	19
26.0176	19
26.0176	19
26.0176	19
26.0621	19
26.0621	19
26.0621	19
26.0631	19
26.0631	19
26.0632	19
26.0649	19
26.0649	19
26.0649	19
26.0649	19
26.0679	19
26.068	19
26.068	19
26.068	19
26.0863	19
26.0863	19
26.0865	19
26.0877	19
26.0877	19
26.0877	19
26.0877	19
26.1744	19
26.1744	19
26.175	19
26.1757	19
26.1758	19
26.1758	19
26.7944	19
26.7945	19
26.7945	19
26.8004	19
26.8004	19
26.8004	19
26.8004	19
26.8212	19
26.8212	19
26.8212	19
26.8212	19
26.8268	19
26.8268	19
26.8268	19
26.827	19
26.8317	19
26.8317	19
26.8317	19
26.8317	19
26.8411	19
26.8411	19
26.8411	19
26.8411	19
26.8601	19
26.8601	19
26.8601	19
26.8601	19
26.8795	19
26.8796	19
26.8796	19
26.8869	19
26.8869	19
26.887	19
27.3982	19
27.3993	19
27.3993	19
27.4023	19
27.4027	19
27.4028	19
27.4028	19
27.4325	19
27.4325	19
27.4325	19
27.4394	19
27.4394	19
27.4396	19
27.4448	19
27.4448	19
27.4448	19
27.4449	19
27.7124	19
27.7124	19
27.7472	19
27.7472	19
27.7472	19
27.7508	19
27.771	19
27.771	19
27.771	19
27.7711	19
27.7714	19
27.7714	19
27.7714	19
27.7985	19
27.7985	19
27.7985	19
28.551	19
28.5511	19
28.552	19
28.5581	19
28.5581	19
28.5581	19
28.5581	19
30.7482	19
30.7482	19
30.7489	19
31.1516	19
31.1516	19
31.1518	19
31.1543	19
31.1543	19
31.1543	19
31.4964	19
31.4965	19
31.4997	19
31.602	19
31.6023	19
31.6023	19
31.6028	19
31.6029	19
31.603	19
31.6041	19
31.6219	19
31.6219	19
31.6219	19
31.622	19
31.8938	19
31.8952	19
31.8953	19
31.896	19
31.9062	19
31.9062	19
31.9062	19
31.9062	19
31.9358	19
31.9359	19
31.9384	19
31.9469	19
31.9469	19
31.9469	19
31.9502	19
31.9503	19
31.9503	19
31.9503	19
32.4562	19
32.4562	19
33.8659	19
33.8661	19
33.8668	19
33.8669	19
35.3218	19
35.3236	19
35.3236	19
35.3241	19
35.3309	19
35.3309	19
35.3309	19
35.3311	19
35.3393	19
35.3393	19
35.3393	19
35.3393	19
35.3491	19
35.3491	19
35.3492	19
35.3704	19
35.3704	19
35.3705	19
35.3705	19
35.5473	19
35.5474	19
35.5481	19
35.5517	19
35.5517	19
35.5517	19
35.5517	19
35.5594	19
35.5594	19
35.5594	19
35.5865	19
35.5865	19
35.5865	19
35.5865	19
35.628	19
35.628	19
35.6292	19
35.6302	19
35.632	19
35.632	19
35.6321	19
35.6334	19
35.6428	19
35.6428	19
35.6429	19
35.6431	19
35.6521	19
35.6738	19
35.6738	19
35.6738	19
35.6754	19
35.6754	19
35.6754	19
35.6754	19
36.3254	19
36.3258	19
36.3269	19
36.4564	19
36.4564	19
36.4579	19
37.7542	19
37.7546	19
37.7559	19
38.7369	19
38.737	19
38.7373	19
38.7414	19
38.7414	19
38.7415	19
38.7415	19
39.6457	19
39.6457	19
39.6457	19
39.8857	19
39.8858	19
39.8864	19
39.8959	19
39.8959	19
39.8959	19
39.896	19
39.9001	19
39.9001	19
39.9001	19
39.9002	19
39.9242	19
39.9242	19
39.9242	19
39.9244	19
39.9325	19
39.9325	19
39.9325	19
39.9326	19
39.945	19
39.9451	19
39.9451	19
39.9452	19
40.2756	19
40.2772	19
40.2774	19
40.2821	19
40.2821	19
40.2914	19
40.2916	19
40.2923	19
40.2991	19
40.2991	19
40.2991	19
40.3182	19
40.3183	19
40.3183	19
40.3184	19
40.3221	19
40.3221	19
40.3221	19
40.3221	19
40.3271	19
40.3271	19
40.3271	19
40.3272	19
41.0263	19
41.0263	19
41.0263	19
41.1038	19
41.1039	19
41.1047	19
41.1091	19
41.1091	19
41.1091	19
41.1092	19
41.1271	19
41.416	19
41.4164	19
41.4164	19
41.4192	19
42.3325	19
42.3328	19
42.3354	19
42.3495	19
42.3501	19
42.3502	19
42.3534	19
42.9169	19
42.9169	19
42.922	19
43.9395	19
43.9397	19
43.9407	19
45.0039	19
45.0044	19
45.0044	19
45.0054	19
45.2996	19
45.2996	19
45.3741	19
45.3749	19
45.3764	19
45.3766	19
45.3785	19
45.3952	19
45.3952	19
45.3953	19
45.3953	19
46.3513	19
46.3513	19
46.3527	19
47.353	19
47.3534	19
47.362	19
47.3621	19
47.3621	19
47.3621	19
47.3632	19
47.5081	19
47.5083	19
47.509	19
47.5725	19
47.5726	19
47.5735	19
50.0724	19
50.0726	19
50.0727	19
50.0739	19
50.0739	19
50.074	19
50.074	19
50.1193	19
50.1193	19
50.1209	19
50.1484	19
50.1485	19
50.1485	19
50.8323	19
50.8324	19
50.8355	19
51.2301	19
51.2302	19
51.2302	19
51.2318	19
51.2319	19
51.2321	19
51.2321	19
51.4436	19
51.4437	19
51.4452	19
51.5274	19
51.5274	19
51.5304	19
52.0272	19
52.0273	19
52.0281	19
52.4044	19
52.4045	19
52.4045	19
52.4053	19
52.434	19
52.434	19
52.4398	19
53.097	19
53.0973	19
53.0975	19
53.0986	19
53.9142	19
53.9143	19
53.9146	19
53.9179	19
53.9179	19
53.918	19
53.918	19
54.1016	19
54.1047	19
54.1054	19
54.1066	19
54.4362	19
54.4364	19
54.4366	19
54.4639	19
54.4639	19
54.4639	19
54.4639	19
54.8048	19
54.8052	19
54.8077	19
55.9478	19
55.9479	19
55.9525	19
56.6275	19
56.6278	19
56.6285	19
56.6285	19
56.6286	19
56.6286	19
56.63	19
56.7558	19
56.7558	19
57.3782	19
57.3792	19
57.3792	19
58.0708	19
58.0738	19
58.0739	19
58.0753	19
58.6889	19
58.6889	19
58.6906	19
58.7172	19
59.7758	19
59.7765	19
59.7767	19
59.777	19
60.4064	19
60.4065	19
60.413	19
60.5202	19
60.5203	19
60.5208	19
60.5354	19
60.5354	19
60.5354	19
60.5355	19
60.5375	19
60.5375	19
60.5375	19
60.5375	19
61.4912	19
61.4942	19
61.4943	19
61.495	19
62.0436	19
62.0439	19
62.0441	19
62.0472	19
62.5492	19
62.5494	19
62.5499	19
62.6068	19
62.6084	19
62.6086	19
62.6094	19
65.9928	19
65.993	19
65.9935	19
66.0272	19
66.0272	19
66.0272	19
66.0273	19
66.1117	19
66.1118	19
66.1118	19
68.6641	19
68.6642	19
68.6642	19
68.6662	19
68.8417	19
68.8419	19
68.844	19
69.1224	19
69.1229	19
69.131	19
70.0974	19
70.0974	19
70.0987	19
70.7373	19
70.7388	19
70.7389	19
70.7445	19
71.2962	19
71.2962	19
71.2963	19
72.2238	19
72.2238	19
72.2242	19
72.231	19
72.2311	19
72.2311	19
72.2311	19
72.4601	19
72.4601	19
72.4641	19
72.878	19
72.878	19
72.878	19
73.7668	19
73.7671	19
73.9441	19
73.9446	19
73.9448	19
75.4204	19
75.4222	19
75.4224	19
75.4225	19
76.4697	19
76.4721	19
76.4721	19
76.473	19
76.7402	19
76.7402	19
76.7471	19
76.7557	19
76.9764	19
76.9765	19
76.9766	19
76.9803	19
76.9819	19
76.9819	19
76.9819	19
76.982	19
77.0282	19
77.0286	19
77.03	19
77.1839	19
77.1841	19
77.1858	19
77.347	19
77.3471	19
77.577	19
77.5785	19
77.5791	19
77.5791	19
77.5803	19
77.5824	19
77.5825	19
77.5826	19
77.5826	19
77.5843	19
77.5843	19
77.5845	19
77.5845	19
78.1817	19
78.182	19
78.1836	19
78.1946	19
78.1947	19
78.1947	19
78.1948	19
78.2531	19
78.2534	19
78.2557	19
78.2557	19
78.2558	19
78.256	19
78.2565	19
78.305	19
78.3061	19
78.3061	19
78.3095	19
78.9147	19
78.9148	19
78.9148	19
79.9045	19
79.9046	19
79.9046	19
79.9168	19
79.9168	19
79.917	19
80.0011	19
80.0013	19
80.0022	19
80.0049	19
80.0052	19
80.0055	19
80.0904	19
80.0907	19
80.0918	19
81.3272	19
81.3276	19
81.328	19
81.3807	19
81.3809	19
81.3822	19
82.5699	19
82.5701	19
82.5745	19
82.6733	19
82.6733	19
82.6734	19
83.8253	19
83.8259	19
83.8261	19
84.1093	19
84.1117	19
84.1119	19
84.1183	19
84.137	19
84.137	19
84.1391	19
84.4354	19
84.4354	19
84.4355	19
84.4355	19
84.4356	19
84.4359	19
84.439	19
84.5408	19
84.5411	19
84.5414	19
84.5434	19
84.9165	19
84.9166	19
84.9171	19
85.8399	19
85.84	19
85.8433	19
86.115	19
86.115	19
86.1181	19
86.9256	19
86.9256	19
86.9265	19
87.2485	19
87.2488	19
87.2499	19
87.2658	19
87.2658	19
87.2663	19
87.5766	19
87.5774	19
87.5775	19
87.578	19
88.3197	19
88.3198	19
88.3205	19
88.6636	19
88.6646	19
88.6647	19
88.6649	19
89.8749	19
89.8749	19
89.8754	19
90.7021	19
90.7023	19
90.7039	19
90.7039	19
90.7039	19
90.704	19
90.704	19
90.9273	19
90.9275	19
90.9288	19
92.2101	19
92.2104	19
92.214	19
92.879	19
92.879	19
93.085	19
93.0863	19
93.0871	19
93.0872	19
93.0872	19
93.8407	19
93.8408	19
93.8409	19
94.6865	19
94.687	19
95.1767	19
95.1771	19
95.1772	19
95.1772	19
95.8075	19
95.8076	19
95.8093	19
98.4988	19
98.4999	19
98.5001	19
98.5002	19
98.5092	19
98.5092	19
98.5092	19
98.5092	19
98.5622	19
98.5623	19
98.5629	19
98.6471	19
98.6476	19
98.6489	19
99.5493	19
99.5498	19
99.5503	19
99.7116	19
99.7119	19
99.7138	19
