1.39723e-11	0
5.09618e-11	1
7.45107e-11	2
8.37756e-11	3
1.35098e-10	4
1.63373e-10	5
1.68611e-10	6
3.13456e-10	7
3.91341e-10	8
5.71882e-10	9
5.73405e-10	10
8.18675e-10	11
9.10663e-10	12
1.23793e-09	13
1.51167e-09	14
2.26188e-09	15
8.62522e-09	16
8.75969e-09	17
1.7258e-08	17
1.77933e-08	17
2.11085e-08	17
2.52833e-08	17
2.7574e-08	17
2.98666e-08	17
3.28281e-08	17
4.21464e-08	17
4.30731e-08	17
4.8079e-08	17
4.96755e-08	17
5.90261e-08	17
6.27167e-08	17
6.40564e-08	17
7.53619e-08	17
8.4546e-08	17
8.658e-08	17
8.86598e-08	17
9.44297e-08	17
1.03231e-07	17
1.06215e-07	17
1.08953e-07	17
1.24584e-07	17
1.29134e-07	17
1.3011e-07	17
1.33906e-07	17
1.34483e-07	17
1.50853e-07	17
1.58109e-07	17
1.58904e-07	17
1.59259e-07	17
1.69316e-07	17
1.72651e-07	17
1.73031e-07	17
1.88452e-07	17
1.88969e-07	17
1.9192e-07	17
2.08974e-07	17
2.13144e-07	17
2.15627e-07	17
2.1859e-07	17
2.19102e-07	17
2.23338e-07	17
2.31478e-07	17
2.32654e-07	17
2.34106e-07	17
2.36258e-07	17
2.3637e-07	17
2.44765e-07	17
2.47959e-07	17
2.66231e-07	17
2.68692e-07	17
2.76034e-07	17
2.78484e-07	17
2.78609e-07	17
2.80551e-07	17
2.86742e-07	17
2.86808e-07	17
2.90017e-07	17
2.9745e-07	17
2.9779e-07	17
2.99473e-07	17
2.9956e-07	17
3.10322e-07	17
3.14526e-07	17
3.21471e-07	17
3.24529e-07	17
3.27108e-07	17
3.27836e-07	17
3.32711e-07	17
3.33335e-07	17
3.3473e-07	17
3.35341e-07	17
3.3661e-07	17
3.37907e-07	17
3.38943e-07	17
3.40308e-07	17
3.4816e-07	17
3.56923e-07	17
3.57582e-07	17
3.58272e-07	17
3.61169e-07	17
3.70968e-07	17
3.76986e-07	17
3.77701e-07	17
3.81983e-07	17
3.85893e-07	17
3.99539e-07	17
4.00137e-07	17
4.03931e-07	17
4.0495e-07	17
4.11175e-07	17
4.20955e-07	17
4.25518e-07	17
4.35057e-07	17
4.35078e-07	17
4.35968e-07	17
4.46542e-07	17
4.68374e-07	17
4.72332e-07	17
5.1955e-07	17
5.19968e-07	17
5.20925e-07	17
5.23483e-07	17
5.38923e-07	17
5.43332e-07	17
5.60791e-07	17
5.63845e-07	17
5.65945e-07	17
5.68085e-07	17
5.74672e-07	17
5.90342e-07	17
5.96453e-07	17
5.9747e-07	17
6.01654e-07	17
6.10469e-07	17
6.35665e-07	17
6.68475e-07	17
6.691e-07	17
6.83646e-07	17
6.83934e-07	17
7.01321e-07	17
7.04105e-07	17
7.0441e-07	17
7.17852e-07	17
7.64686e-07	17
7.69371e-07	17
7.73041e-07	17
8.0045e-07	17
8.19664e-07	17
8.1999e-07	17
8.22089e-07	17
8.23994e-07	17
8.2588e-07	17
8.37738e-07	17
8.42115e-07	17
8.65551e-07	17
8.7513e-07	17
8.79828e-07	17
8.88621e-07	17
8.91277e-07	17
8.9488e-07	17
9.19055e-07	17
9.2603e-07	17
9.45747e-07	17
9.67702e-07	17
9.7803e-07	17
1.01366e-06	17
1.02531e-06	17
1.03903e-06	17
1.06372e-06	17
1.0808e-06	17
1.08364e-06	17
1.10783e-06	17
1.13739e-06	17
1.14597e-06	17
1.16723e-06	17
1.18864e-06	17
1.21115e-06	17
1.25759e-06	17
1.25956e-06	17
1.27418e-06	17
1.30751e-06	17
1.35336e-06	17
1.40117e-06	17
1.40489e-06	17
1.40921e-06	17
1.42705e-06	17
1.43655e-06	17
1.47324e-06	17
1.528e-06	17
1.61907e-06	17
1.61997e-06	17
1.6202e-06	17
1.64135e-06	17
1.6656e-06	17
1.72614e-06	17
1.73103e-06	17
1.85127e-06	17
1.87716e-06	17
1.87908e-06	17
1.88683e-06	17
2.08873e-06	17
2.34871e-06	17
2.39099e-06	17
2.40361e-06	17
2.51729e-06	17
2.5217e-06	17
2.63388e-06	17
2.65426e-06	17
2.66521e-06	17
2.7559e-06	17
2.81081e-06	17
2.85471e-06	17
2.89459e-06	17
2.90341e-06	17
2.96772e-06	17
3.0021e-06	17
3.15834e-06	17
3.19955e-06	17
3.21251e-06	17
3.30935e-06	17
3.32869e-06	17
3.37825e-06	17
3.49125e-06	17
3.54824e-06	17
3.57649e-06	17
3.6223e-06	17
3.66132e-06	17
3.71347e-06	17
3.72389e-06	17
3.73101e-06	17
3.76662e-06	17
3.82501e-06	17
3.88105e-06	17
3.91777e-06	17
3.93203e-06	17
3.93314e-06	17
3.9473e-06	17
4.11618e-06	17
4.13563e-06	17
4.14045e-06	17
4.22186e-06	17
4.35301e-06	17
4.38115e-06	17
4.38447e-06	17
4.38857e-06	17
4.45162e-06	17
4.4795e-06	17
4.51948e-06	17
4.5751e-06	17
4.60876e-06	17
4.64114e-06	17
4.68588e-06	17
4.71514e-06	17
4.72802e-06	17
4.78524e-06	17
4.81149e-06	17
4.99807e-06	17
5.02181e-06	17
5.02189e-06	17
5.04849e-06	17
5.06189e-06	17
5.09543e-06	17
5.10139e-06	17
5.1805e-06	17
5.20367e-06	17
5.23351e-06	17
5.268e-06	17
5.36766e-06	17
5.38398e-06	17
5.39898e-06	17
5.41369e-06	17
5.48755e-06	17
5.51815e-06	17
5.52266e-06	17
5.56696e-06	17
5.60772e-06	17
5.63705e-06	17
5.74371e-06	17
5.90511e-06	17
5.99876e-06	17
6.05584e-06	17
6.10454e-06	17
6.14706e-06	17
6.40605e-06	17
6.43067e-06	17
6.4578e-06	17
6.56307e-06	17
6.57569e-06	17
6.80853e-06	17
7.15471e-06	17
7.3017e-06	17
7.36882e-06	17
7.42957e-06	17
7.48472e-06	17
7.50303e-06	17
7.56193e-06	17
7.6339e-06	17
7.69354e-06	17
7.82544e-06	17
7.83225e-06	17
7.92252e-06	17
7.95315e-06	17
8.0434e-06	17
8.25882e-06	17
8.33213e-06	17
8.62004e-06	17
8.69575e-06	17
8.74233e-06	17
8.77853e-06	17
8.79832e-06	17
8.85241e-06	17
9.04834e-06	17
9.07447e-06	17
9.0814e-06	17
9.10207e-06	17
9.17434e-06	17
9.32518e-06	17
9.43688e-06	17
9.45097e-06	17
9.66092e-06	17
9.67846e-06	17
9.75323e-06	17
9.818e-06	17
9.82587e-06	17
9.94205e-06	17
1.0095e-05	17
1.01872e-05	17
1.03018e-05	17
1.03304e-05	17
1.03497e-05	17
1.04107e-05	17
1.04174e-05	17
1.04694e-05	17
1.06219e-05	17
1.06238e-05	17
1.0699e-05	17
1.08582e-05	17
1.08805e-05	17
1.09836e-05	17
1.10042e-05	17
1.10576e-05	17
1.13021e-05	17
1.13166e-05	17
1.13182e-05	17
1.14327e-05	17
1.15127e-05	17
1.17706e-05	17
1.17831e-05	17
1.20407e-05	17
1.22525e-05	17
1.22577e-05	17
1.23088e-05	17
1.23313e-05	17
1.23357e-05	17
1.25377e-05	17
1.25479e-05	17
1.26757e-05	17
1.26861e-05	17
1.27084e-05	17
1.27961e-05	17
1.29006e-05	17
1.32302e-05	17
1.33181e-05	17
1.33596e-05	17
1.34747e-05	17
1.36152e-05	17
1.4253e-05	17
1.42806e-05	17
1.45859e-05	17
1.47001e-05	17
1.47334e-05	17
1.47574e-05	17
1.48655e-05	17
1.49178e-05	17
1.50274e-05	17
1.54063e-05	17
1.56291e-05	17
1.56699e-05	17
1.57227e-05	17
1.58404e-05	17
1.6151e-05	17
1.64244e-05	17
1.6535e-05	17
1.66376e-05	17
1.67131e-05	17
1.68187e-05	17
1.70226e-05	17
1.70375e-05	17
1.73795e-05	17
1.74435e-05	17
1.75178e-05	17
1.75392e-05	17
1.76589e-05	17
1.79268e-05	17
1.79778e-05	17
1.81828e-05	17
1.81912e-05	17
1.83488e-05	17
1.8376e-05	17
1.84334e-05	17
1.89209e-05	17
1.89327e-05	17
1.89341e-05	17
1.89747e-05	17
1.95608e-05	17
1.95714e-05	17
1.96619e-05	17
1.98853e-05	17
1.99127e-05	17
2.01323e-05	17
2.0407e-05	17
2.07834e-05	17
2.09445e-05	17
2.10049e-05	17
2.11171e-05	17
2.13375e-05	17
2.14342e-05	17
2.16204e-05	17
2.19071e-05	17
2.19504e-05	17
2.21895e-05	17
2.22988e-05	17
2.26981e-05	17
2.28313e-05	17
2.28692e-05	17
2.29138e-05	17
2.32439e-05	17
2.33931e-05	17
2.37309e-05	17
2.38002e-05	17
2.42457e-05	17
2.42638e-05	17
2.43263e-05	17
2.4829e-05	17
2.53524e-05	17
2.53938e-05	17
2.56486e-05	17
2.5763e-05	17
2.59023e-05	17
2.59569e-05	17
2.60998e-05	17
2.62383e-05	17
2.62401e-05	17
2.63112e-05	17
2.64518e-05	17
2.64968e-05	17
2.65929e-05	17
2.66286e-05	17
2.66798e-05	17
2.71053e-05	17
2.7375e-05	17
2.76027e-05	17
2.7787e-05	17
2.78804e-05	17
2.80659e-05	17
2.83073e-05	17
2.85063e-05	17
2.85832e-05	17
2.87131e-05	17
2.89902e-05	17
2.91969e-05	17
2.94707e-05	17
2.9501e-05	17
2.95354e-05	17
2.96352e-05	17
2.98829e-05	17
2.9979e-05	17
3.00564e-05	17
3.00572e-05	17
3.01213e-05	17
3.09844e-05	17
3.14867e-05	17
3.1793e-05	17
3.18609e-05	17
3.18723e-05	17
3.2677e-05	17
3.26806e-05	17
3.2708e-05	17
3.2759e-05	17
3.36023e-05	17
3.38594e-05	17
3.41893e-05	17
3.42313e-05	17
3.44478e-05	17
3.45611e-05	17
3.45786e-05	17
3.46261e-05	17
3.46627e-05	17
3.47399e-05	17
3.48433e-05	17
3.50166e-05	17
3.52671e-05	17
3.53822e-05	17
3.54496e-05	17
3.57521e-05	17
3.594e-05	17
3.62272e-05	17
3.63839e-05	17
3.66354e-05	17
3.68359e-05	17
3.69253e-05	17
3.73005e-05	17
3.73077e-05	17
3.73136e-05	17
3.74283e-05	17
3.75085e-05	17
3.77712e-05	17
3.81587e-05	17
3.87196e-05	17
3.89327e-05	17
3.93574e-05	17
3.94562e-05	17
3.95759e-05	17
3.97292e-05	17
3.99263e-05	17
3.99279e-05	17
4.0108e-05	17
4.01875e-05	17
4.02026e-05	17
4.0767e-05	17
4.07791e-05	17
4.09472e-05	17
4.10362e-05	17
4.13009e-05	17
4.17096e-05	17
4.1987e-05	17
4.20259e-05	17
4.22715e-05	17
4.25139e-05	17
4.25929e-05	17
4.27268e-05	17
4.27414e-05	17
4.3721e-05	17
4.38611e-05	17
4.48779e-05	17
4.48814e-05	17
4.4887e-05	17
4.56897e-05	17
4.57954e-05	17
4.62089e-05	17
4.62963e-05	17
4.71513e-05	17
4.74161e-05	17
4.80047e-05	17
4.80768e-05	17
4.86616e-05	17
4.90218e-05	17
4.96219e-05	17
4.96483e-05	17
4.97831e-05	17
5.00491e-05	17
5.02506e-05	17
5.09736e-05	17
5.10974e-05	17
5.14185e-05	17
5.16047e-05	17
5.26207e-05	17
5.27205e-05	17
5.28863e-05	17
5.29125e-05	17
5.31211e-05	17
5.31622e-05	17
5.35028e-05	17
5.36433e-05	17
5.38305e-05	17
5.48783e-05	17
5.51332e-05	17
5.64523e-05	17
5.67258e-05	17
5.68165e-05	17
5.70171e-05	17
5.7219e-05	17
5.76934e-05	17
5.81321e-05	17
5.8238e-05	17
5.82543e-05	17
5.90495e-05	17
5.92867e-05	17
5.97078e-05	17
6.08128e-05	17
6.09872e-05	17
6.16157e-05	17
6.22885e-05	17
6.29443e-05	17
6.31575e-05	17
6.36673e-05	17
6.40251e-05	17
6.40427e-05	17
6.43305e-05	17
6.47421e-05	17
6.65633e-05	17
6.79449e-05	17
6.80337e-05	17
6.84194e-05	17
6.87086e-05	17
6.89984e-05	17
6.92894e-05	17
6.97424e-05	17
7.04613e-05	17
7.09032e-05	17
7.42827e-05	17
7.60797e-05	17
7.65083e-05	17
7.67582e-05	17
7.69271e-05	17
7.77706e-05	17
7.79154e-05	17
7.83933e-05	17
7.90398e-05	17
8.07711e-05	17
8.2087e-05	17
8.21801e-05	17
8.28785e-05	17
8.31765e-05	17
8.39543e-05	17
8.42343e-05	17
8.54077e-05	17
8.58334e-05	17
8.6806e-05	17
8.68507e-05	17
8.96738e-05	17
9.01087e-05	17
9.25761e-05	17
9.44079e-05	17
9.47899e-05	17
9.48014e-05	17
9.66769e-05	17
9.72424e-05	17
9.90853e-05	17
9.9243e-05	17
0.000101208	17
0.000101874	17
0.000102817	17
0.000103832	17
0.000108357	17
0.000111826	17
0.000115723	17
0.000117627	17
0.000120019	17
0.000120984	17
0.000124712	17
0.000132021	17
0.00013382	17
0.00013903	17
0.000141668	17
0.000146309	17
0.000149669	17
0.000151161	17
0.000158218	17
0.000160543	17
0.000172927	17
0.000196102	17
0.000198373	17
0.00020973	17
0.000210192	17
0.000211842	17
0.000240606	17
0.000249807	17
0.000252285	17
0.000252597	17
0.000254373	17
0.000269954	17
0.000270387	17
0.000273382	17
0.000282918	17
0.000300483	17
0.000348826	17
0.000356988	17
0.000363233	17
0.000373662	17
0.000376049	17
0.000396633	17
0.000428133	17
0.000506086	17
0.000525072	17
0.000539092	17
0.000632296	17
0.000635827	17
0.000847666	17
0.000903469	17
0.00102511	17
0.0010252	17
0.00102527	17
0.00102531	17
0.00102546	17
0.00102548	17
0.00102554	17
0.00102559	17
0.0010256	17
0.00102566	17
0.001036	17
0.00103916	17
0.00105676	17
0.00141568	17
0.00161314	17
0.00187368	17
0.00187824	17
0.00188029	17
0.00188055	17
0.00188093	17
0.00188228	17
0.00188833	17
0.00188981	17
0.0018927	17
0.00191965	17
0.00247835	17
0.00252271	17
0.00274965	17
0.00275841	17
0.00287484	17
0.00302203	17
0.00304925	17
0.00304934	17
0.00312182	17
0.00316905	17
0.0033456	17
0.00365505	17
0.00365517	17
0.00380148	17
0.00380592	17
0.00424187	17
0.00445028	17
0.00445151	17
0.00450901	17
0.00450901	17
0.00450908	17
0.00450914	17
0.00450914	17
0.00450916	17
0.00450919	17
0.00450932	17
0.00450939	17
0.00450961	17
0.00450963	17
0.00450989	17
0.00451005	17
0.00463745	17
0.00463822	17
0.00471807	17
0.00472169	17
0.00473053	17
0.00473386	17
0.0047362	17
0.00473742	17
0.00473746	17
0.00474609	17
0.00474936	17
0.00475545	17
0.00476202	17
0.0047642	17
0.00476444	17
0.0047647	17
0.00476685	17
0.00476718	17
0.00477269	17
0.00477796	17
0.00478177	17
0.00481384	17
0.0048144	17
0.00483923	17
0.00487694	17
0.00488014	17
0.00507226	17
0.00507294	17
0.00507405	17
0.00524319	17
0.00525773	17
0.00530016	17
0.00531667	17
0.00534685	17
0.00535986	17
0.00538164	17
0.0054056	17
0.00546248	17
0.00546571	17
0.00564338	17
0.00582737	17
0.00582757	17
0.00582839	17
0.00602586	17
0.00609714	17
0.0062133	17
0.00624425	17
0.00636323	17
0.00649605	17
0.00656562	17
0.00656595	17
0.00667279	17
0.00671757	17
0.00673064	17
0.00675376	17
0.00699422	17
0.00699458	17
0.00699606	17
0.00699677	17
0.00699859	17
0.00699966	17
0.00700201	17
0.00700526	17
0.00700559	17
0.00700636	17
0.00700859	17
0.00701783	17
0.00702382	17
0.00768175	17
0.00772566	17
0.0077911	17
0.00794238	17
0.00802674	17
0.00838194	17
0.00878685	17
0.00879481	17
0.00889239	17
0.00903069	17
0.00903739	17
0.00903844	17
0.00905391	17
0.00905673	17
0.00905848	17
0.00907712	17
0.00908112	17
0.00909114	17
0.00931749	17
0.00934661	17
0.00941116	17
0.0101348	17
0.0101375	17
0.0101493	17
0.0101606	17
0.0101687	17
0.0101698	17
0.010237	17
0.0103267	17
0.010626	17
0.0106404	17
0.0112214	17
0.0112972	17
0.0114452	17
0.0114873	17
0.0114882	17
0.0115691	17
0.0116179	17
0.0119977	17
0.0121831	17
0.012296	17
0.0125362	17
0.0125712	17
0.0126047	17
0.0131709	17
0.0132185	17
0.013376	17
0.0133831	17
0.0136775	17
0.0138475	17
0.014	17
0.0141059	17
0.0141118	17
0.014134	17
0.014156	17
0.0141892	17
0.0142343	17
0.0142361	17
0.0142567	17
0.0144625	17
0.0145502	17
0.0147179	17
0.0147183	17
0.0147238	17
0.0147768	17
0.0147891	17
0.0148104	17
0.0149203	17
0.015444	17
0.0155991	17
0.0159695	17
0.0159749	17
0.0160543	17
0.0161527	17
0.0161729	17
0.0161754	17
0.0162063	17
0.0162064	17
0.0162081	17
0.0162324	17
0.0162341	17
0.01625	17
0.0163256	17
0.0164349	17
0.0165796	17
0.0165797	17
0.0165799	17
0.0165799	17
0.016718	17
0.0168079	17
0.0169664	17
0.0169704	17
0.0169881	17
0.016989	17
0.0169914	17
0.0169927	17
0.0169939	17
0.0169958	17
0.0175082	17
0.0180359	17
0.0180396	17
0.0180421	17
0.0180426	17
0.018046	17
0.0180487	17
0.018059	17
0.0180637	17
0.0180665	17
0.0180705	17
0.0180726	17
0.0180817	17
0.0180836	17
0.0180844	17
0.0181053	17
0.0181055	17
0.0181364	17
0.0182736	17
0.0184002	17
0.0184101	17
0.0185244	17
0.0185371	17
0.0187574	17
0.0187731	17
0.0193767	17
0.0193802	17
0.019383	17
0.0193832	17
0.0193838	17
0.019385	17
0.0193906	17
0.0194054	17
0.0194055	17
0.0194119	17
0.0194301	17
0.0194395	17
0.0194426	17
0.0194474	17
0.0194485	17
0.0197341	17
0.0197342	17
0.0197343	17
0.0197359	17
0.0197426	17
0.0198997	17
0.0203095	17
0.0207456	17
0.0207705	17
0.0208046	17
0.0212245	17
0.0213892	17
0.0220834	17
0.0220845	17
0.0220899	17
0.0220923	17
0.0220928	17
0.0221045	17
0.0221077	17
0.0221106	17
0.0221125	17
0.0221156	17
0.0221162	17
0.0221174	17
0.0221204	17
0.0221249	17
0.022128	17
0.0221446	17
0.0221467	17
0.022147	17
0.0221473	17
0.0221493	17
0.0221513	17
0.0221557	17
0.0221582	17
0.0221603	17
0.0221893	17
0.0221906	17
0.0221996	17
0.022207	17
0.0222311	17
0.022232	17
0.0222343	17
0.0222456	17
0.0222474	17
0.0222622	17
0.0222659	17
0.0222698	17
0.0222892	17
0.0222994	17
0.0223192	17
0.0223308	17
0.0223338	17
0.0223398	17
0.0223559	17
0.0223963	17
0.0223973	17
0.0224097	17
0.023524	17
0.0235311	17
0.0235406	17
0.0235418	17
0.0235531	17
0.0235533	17
0.0235668	17
0.0235693	17
0.0235703	17
0.0235719	17
0.0236046	17
0.0236128	17
0.0236359	17
0.0236485	17
0.0237786	17
0.024238	17
0.0246458	17
0.0246458	17
0.0246461	17
0.0246462	17
0.0246462	17
0.0246469	17
0.024647	17
0.024647	17
0.0246473	17
0.0246473	17
0.0246479	17
0.0246484	17
0.0246485	17
0.025001	17
0.0251649	17
0.0251687	17
0.0251698	17
0.0251723	17
0.0259357	17
0.0262167	17
0.0262168	17
0.0262171	17
0.0262181	17
0.0262227	17
0.0262291	17
0.0262297	17
0.0262297	17
0.0262423	17
0.0262483	17
0.0262549	17
0.026255	17
0.0262597	17
0.0262645	17
0.0262679	17
0.0262682	17
0.0262701	17
0.0264194	17
0.0268914	17
0.0268953	17
0.026902	17
0.0269183	17
0.0269195	17
0.0269256	17
0.0269264	17
0.0269289	17
0.0269751	17
0.027012	17
0.0272731	17
0.0276177	17
0.0276179	17
0.0276198	17
0.0276397	17
0.0279158	17
0.027997	17
0.0281537	17
0.0283567	17
0.0288476	17
0.0288476	17
0.0288476	17
0.0288477	17
0.028848	17
0.028848	17
0.0288481	17
0.0288481	17
0.0288484	17
0.0288489	17
0.0288512	17
0.0288512	17
0.0288516	17
0.0288517	17
0.0288556	17
0.0288556	17
0.0288565	17
0.0288573	17
0.0288583	17
0.0288604	17
0.0288737	17
0.0290097	17
0.0298533	17
0.0300991	17
0.0301025	17
0.0301073	17
0.0301088	17
0.0301297	17
0.0301317	17
0.0301407	17
0.0304256	17
0.03056	17
0.0313845	17
0.0314818	17
0.0321398	17
0.0321403	17
0.0321419	17
0.0321441	17
0.032151	17
0.0321551	17
0.0322924	17
0.0323213	17
0.0325268	17
0.0332252	17
0.0332259	17
0.0332259	17
0.0332267	17
0.0332272	17
0.0332275	17
0.033228	17
0.0332297	17
0.03323	17
0.0332326	17
0.0332361	17
0.0332362	17
0.033237	17
0.0332373	17
0.0332384	17
0.0332389	17
0.0332412	17
0.0332452	17
0.0332556	17
0.0335573	17
0.0347508	17
0.0347526	17
0.0347571	17
0.0347572	17
0.0347599	17
0.0348494	17
0.0349124	17
0.0359221	17
0.0363707	17
0.0363746	17
0.0363754	17
0.0365187	17
0.0381698	17
0.0381699	17
0.03817	17
0.0381702	17
0.0381706	17
0.0381715	17
0.0381717	17
0.0381741	17
0.0381777	17
0.0381778	17
0.0381782	17
0.0381855	17
0.0381865	17
0.038192	17
0.0381999	17
0.0382047	17
0.0382144	17
0.0388014	17
0.0388018	17
0.0388043	17
0.0388118	17
0.0388149	17
0.0388165	17
0.0390343	17
0.0398138	17
0.0398155	17
0.0398156	17
0.0398178	17
0.0398179	17
0.0406931	17
0.0406936	17
0.040694	17
0.0406942	17
0.0406951	17
0.0406954	17
0.0406958	17
0.0406964	17
0.0406966	17
0.040701	17
0.0407033	17
0.040708	17
0.04071	17
0.0407103	17
0.0407139	17
0.0407145	17
0.0407148	17
0.0407163	17
0.0411704	17
0.0411728	17
0.0411888	17
0.0411933	17
0.041204	17
0.041209	17
0.0412107	17
0.0412453	17
0.0413211	17
0.0413226	17
0.0413604	17
0.0416289	17
0.0416291	17
0.0416482	17
0.0416545	17
0.0416554	17
0.0416754	17
0.0416812	17
0.0416823	17
0.0416848	17
0.0416937	17
0.0417045	17
0.0417177	17
0.0418897	17
0.0418939	17
0.0418971	17
0.0419007	17
0.0436222	17
0.0436223	17
0.0436228	17
0.0436228	17
0.0436229	17
0.0436234	17
0.0436235	17
0.0436236	17
0.0436244	17
0.0436253	17
0.0436257	17
0.0436259	17
0.043626	17
0.0436263	17
0.0436263	17
0.0436265	17
0.0436266	17
0.0436267	17
0.043628	17
0.0436282	17
0.0436301	17
0.0436305	17
0.0436306	17
0.0436307	17
0.0436329	17
0.0436338	17
0.0436873	17
0.0444731	17
0.0444765	17
0.0445053	17
0.0445334	17
0.0445348	17
0.0445472	17
0.0445697	17
0.0445722	17
0.044893	17
0.0452111	17
0.0458272	17
0.0459076	17
0.0459821	17
0.0460179	17
0.0463671	17
0.0470224	17
0.0470224	17
0.0470232	17
0.0470281	17
0.0470327	17
0.0470383	17
0.0470523	17
0.0470701	17
0.0470739	17
0.0470755	17
0.0470878	17
0.0470905	17
0.0470933	17
0.0471046	17
0.0471046	17
0.0471146	17
0.0471343	17
0.0471416	17
0.047151	17
0.0471643	17
0.0471706	17
0.0471714	17
0.0471971	17
0.0472317	17
0.0472426	17
0.0472495	17
0.0476908	17
0.0480996	17
0.0480996	17
0.0480997	17
0.0480997	17
0.0480998	17
0.0480998	17
0.0481	17
0.0481003	17
0.0481004	17
0.0481009	17
0.048101	17
0.0481011	17
0.0481017	17
0.0481019	17
0.0481027	17
0.048103	17
0.0481036	17
0.0481037	17
0.048104	17
0.0481044	17
0.0481049	17
0.048105	17
0.048105	17
0.048105	17
0.0481058	17
0.0503467	17
0.0503469	17
0.0503469	17
0.0503472	17
0.0503472	17
0.0503473	17
0.0503473	17
0.0503476	17
0.0503477	17
0.0503483	17
0.0503497	17
0.0503516	17
0.0503531	17
0.050354	17
0.05036	17
0.0503615	17
0.0503675	17
0.0503714	17
0.0503782	17
0.05038	17
0.0503872	17
0.0503879	17
0.0503904	17
0.0503918	17
0.0503933	17
0.0503979	17
0.0504045	17
0.0504107	17
0.0504107	17
0.0504171	17
0.0504282	17
0.0504286	17
0.0504348	17
0.0504632	17
0.0504736	17
0.0504781	17
0.0504863	17
0.0505252	17
0.0505664	17
0.0508576	17
0.0510101	17
0.0514739	17
0.0514797	17
0.053101	17
0.0531018	17
0.0531022	17
0.0531025	17
0.0531025	17
0.0531067	17
0.0531298	17
0.0533576	17
0.0533576	17
0.0533577	17
0.0550066	17
0.0554503	17
0.0554534	17
0.0554685	17
0.0558523	17
0.0575601	17
0.0575604	17
0.0575612	17
0.0575653	17
0.0575717	17
0.0575746	17
0.057575	17
0.057582	17
0.0575834	17
0.057598	17
0.0576183	17
0.0576193	17
0.0576199	17
0.0576248	17
0.0576386	17
0.0576479	17
0.0576494	17
0.0576541	17
0.0576568	17
0.0576587	17
0.0576746	17
0.0576863	17
0.0577079	17
0.0577203	17
0.0577355	17
0.0577421	17
0.0577636	17
0.0577796	17
0.0577815	17
0.0577983	17
0.0578251	17
0.0578271	17
0.0578511	17
0.0578817	17
0.0580938	17
0.0586441	17
0.0587396	17
0.0588912	17
0.0594872	17
0.0598808	17
0.0618629	17
0.0618629	17
0.061863	17
0.0618633	17
0.0618633	17
0.0618637	17
0.0618637	17
0.0618638	17
0.0618643	17
0.0618643	17
0.0618649	17
0.0618653	17
0.0618658	17
0.0618658	17
0.0618658	17
0.0618666	17
0.0618679	17
0.0618691	17
0.0618691	17
0.0618692	17
0.0618696	17
0.0618697	17
0.0618698	17
0.0618702	17
0.0618711	17
0.0618716	17
0.0618866	17
0.0618866	17
0.0618867	17
0.0618875	17
0.0619329	17
0.0619703	17
0.0619705	17
0.0619712	17
0.0619734	17
0.0619741	17
0.0619746	17
0.0619747	17
0.061975	17
0.0619764	17
0.0619766	17
0.0619776	17
0.0619803	17
0.0623002	17
0.0623088	17
0.0638241	17
0.0638245	17
0.0638245	17
0.0638246	17
0.0638247	17
0.0638248	17
0.0638249	17
0.0638249	17
0.0638251	17
0.0638256	17
0.0638256	17
0.0638256	17
0.0638263	17
0.0638264	17
0.063827	17
0.063827	17
0.063827	17
0.0638271	17
0.0638272	17
0.0638274	17
0.0638275	17
0.0638285	17
0.0639811	17
0.0648028	17
0.0648145	17
0.064887	17
0.0649614	17
0.0649656	17
0.0650042	17
0.0650311	17
0.0650463	17
0.0651087	17
0.0651202	17
0.0652487	17
0.0655016	17
0.0660433	17
0.0660433	17
0.0660439	17
0.0660442	17
0.0660445	17
0.0664275	17
0.0664275	17
0.0664278	17
0.0664289	17
0.0664294	17
0.0664296	17
0.0664318	17
0.0664342	17
0.0664364	17
0.0669627	17
0.0669951	17
0.0670129	17
0.0670245	17
0.0670317	17
0.0670347	17
0.0670418	17
0.0670448	17
0.0671068	17
0.0671141	17
0.0671161	17
0.0671683	17
0.0671809	17
0.0672003	17
0.0672082	17
0.0672121	17
0.0672633	17
0.067366	17
0.0702118	17
0.0702224	17
0.0702243	17
0.0702272	17
0.0702293	17
0.0702359	17
0.0702374	17
0.0702379	17
0.0702431	17
0.0702431	17
0.0702446	17
0.0702471	17
0.0702494	17
0.0702526	17
0.0702575	17
0.0702577	17
0.0702605	17
0.0702687	17
0.0702709	17
0.0702728	17
0.0702733	17
0.0702874	17
0.0702889	17
0.0703114	17
0.0703123	17
0.0703135	17
0.0703285	17
0.0703427	17
0.0703504	17
0.070372	17
0.0703834	17
0.0704934	17
0.0705231	17
0.0706571	17
0.0707212	17
0.0710619	17
0.0710621	17
0.0711846	17
0.0713183	17
0.0715446	17
0.0715571	17
0.0730814	17
0.0730816	17
0.0730816	17
0.0730886	17
0.0731267	17
0.073209	17
0.0732187	17
0.0733848	17
0.0735637	17
0.0735715	17
0.073573	17
0.0735786	17
0.0735817	17
0.0735819	17
0.0735819	17
0.0736302	17
0.073635	17
0.0736425	17
0.0736438	17
0.07365	17
0.0736801	17
0.0737034	17
0.0737995	17
0.0738051	17
0.0738075	17
0.0739228	17
0.0739742	17
0.0740404	17
0.0740468	17
0.0741272	17
0.0742086	17
0.0742311	17
0.074532	17
0.0747582	17
0.0748464	17
0.0748811	17
0.0751252	17
0.0752515	17
0.0752979	17
0.0754633	17
0.075782	17
0.075831	17
0.0758322	17
0.0758334	17
0.075841	17
0.0758533	17
0.076164	17
0.0766893	17
0.0766896	17
0.0766897	17
0.0766901	17
0.0766904	17
0.0766906	17
0.0767049	17
0.0767409	17
0.0768008	17
0.0771558	17
0.077166	17
0.0772734	17
0.0773657	17
0.0776906	17
0.0784591	17
0.0791148	17
0.0792793	17
0.0792804	17
0.0792848	17
0.0792922	17
0.0792935	17
0.0792952	17
0.0793013	17
0.0793041	17
0.0793054	17
0.0793077	17
0.0793095	17
0.0793113	17
0.079313	17
0.0793151	17
0.0793172	17
0.0793277	17
0.0793362	17
0.0793433	17
0.0793636	17
0.0793709	17
0.0793731	17
0.0793737	17
0.0793815	17
0.0794414	17
0.0794537	17
0.0795403	17
0.0795405	17
0.079541	17
0.0795412	17
0.0795413	17
0.0795416	17
0.0795426	17
0.079543	17
0.0795437	17
0.0795445	17
0.0795456	17
0.079546	17
0.079546	17
0.0795464	17
0.0795479	17
0.079551	17
0.0819103	17
0.0819401	17
0.0819545	17
0.0819559	17
0.081978	17
0.0819943	17
0.082087	17
0.0820871	17
0.0820873	17
0.0820879	17
0.0820881	17
0.0820961	17
0.0821087	17
0.08211	17
0.0821125	17
0.082129	17
0.0821333	17
0.0824397	17
0.0824423	17
0.0824434	17
0.0824561	17
0.0824668	17
0.0824809	17
0.0824832	17
0.082489	17
0.082522	17
0.0825418	17
0.0825568	17
0.082574	17
0.0825744	17
0.0826065	17
0.0826395	17
0.0826397	17
0.0826468	17
0.0826478	17
0.0826752	17
0.0827128	17
0.0827236	17
0.0827926	17
0.082867	17
0.082915	17
0.0846713	17
0.0846716	17
0.086025	17
0.086036	17
0.0860528	17
0.086058	17
0.0861376	17
0.0862501	17
0.0862974	17
0.0865341	17
0.0866003	17
0.0866598	17
0.0867965	17
0.0870918	17
0.0918278	17
0.0918291	17
0.091844	17
0.0918583	17
0.0918591	17
0.0918739	17
0.0919193	17
0.0919226	17
0.0919602	17
0.0920136	17
0.0920277	17
0.0920385	17
0.092069	17
0.0920699	17
0.0920717	17
0.0920934	17
0.0921247	17
0.0927239	17
0.0929239	17
0.0943983	17
0.0943985	17
0.0944008	17
0.0944013	17
0.0944125	17
0.0944153	17
0.0944301	17
0.0944333	17
0.0944457	17
0.0944502	17
0.0944543	17
0.09448	17
0.0945127	17
0.0945414	17
0.0945458	17
0.0946776	17
0.0946837	17
0.094909	17
0.0949405	17
0.0964334	17
0.0964341	17
0.0964364	17
0.0964386	17
0.0964673	17
0.0975525	17
0.0975527	17
0.0975528	17
0.0975529	17
0.097553	17
0.0975533	17
0.0975534	17
0.0975537	17
0.0975541	17
0.0975543	17
0.0975549	17
0.0975549	17
0.0975564	17
0.0975576	17
0.0975581	17
0.0975606	17
0.0975631	17
0.0975661	17
0.0975697	17
0.0975878	17
0.0976329	17
0.0978955	17
0.0983598	17
0.0983613	17
0.0983615	17
0.098362	17
0.0983623	17
0.0983629	17
0.0983633	17
0.0983642	17
0.0983646	17
0.0983649	17
0.0983674	17
0.0983681	17
0.0983695	17
0.0983713	17
0.0983816	17
0.0983824	17
0.0983826	17
0.098393	17
0.0984016	17
0.0984383	17
0.0985003	17
0.0985116	17
0.0985133	17
0.098515	17
0.0985179	17
0.0985653	17
0.103519	17
0.103519	17
0.103519	17
0.103519	17
0.10352	17
0.10352	17
0.10352	17
0.10352	17
0.10352	17
0.103521	17
0.103521	17
0.103522	17
0.103522	17
0.103522	17
0.103528	17
0.103533	17
0.103539	17
0.103544	17
0.103584	17
0.104038	17
0.104043	17
0.10405	17
0.104066	17
0.104103	17
0.10413	17
0.104164	17
0.104178	17
0.104187	17
0.104192	17
0.104213	17
0.104231	17
0.104236	17
0.104249	17
0.104309	17
0.104318	17
0.104329	17
0.104423	17
0.104434	17
0.104444	17
0.104455	17
0.104457	17
0.10448	17
0.104495	17
0.104521	17
0.104522	17
0.104532	17
0.104541	17
0.104564	17
0.10457	17
0.104607	17
0.104625	17
0.104655	17
0.104683	17
0.10472	17
0.104844	17
0.104865	17
0.105008	17
0.105052	17
0.105052	17
0.105052	17
0.105052	17
0.105052	17
0.105052	17
0.105052	17
0.105053	17
0.105053	17
0.105053	17
0.105053	17
0.105063	17
0.105939	17
0.105939	17
0.105939	17
0.10594	17
0.10594	17
0.10594	17
0.10594	17
0.10594	17
0.10594	17
0.105941	17
0.105941	17
0.105941	17
0.105941	17
0.105942	17
0.105942	17
0.105942	17
0.105942	17
0.105943	17
0.105944	17
0.105944	17
0.105944	17
0.105945	17
0.105945	17
0.105946	17
0.105947	17
0.105949	17
0.105949	17
0.105949	17
0.10595	17
0.105951	17
0.105951	17
0.105953	17
0.105954	17
0.105958	17
0.105997	17
0.105998	17
0.105999	17
0.106001	17
0.106005	17
0.106006	17
0.106025	17
0.106045	17
0.106048	17
0.106049	17
0.106061	17
0.106068	17
0.106091	17
0.106094	17
0.106097	17
0.106147	17
0.106148	17
0.10616	17
0.106208	17
0.106214	17
0.106256	17
0.106264	17
0.106276	17
0.106346	17
0.106351	17
0.106373	17
0.106405	17
0.106496	17
0.106497	17
0.106498	17
0.106502	17
0.106503	17
0.106503	17
0.106504	17
0.106504	17
0.106504	17
0.106505	17
0.106513	17
0.106526	17
0.106569	17
0.106585	17
0.106594	17
0.106701	17
0.106755	17
0.106758	17
0.106776	17
0.106785	17
0.106846	17
0.106867	17
0.106985	17
0.107007	17
0.107052	17
0.107104	17
0.107134	17
0.107155	17
0.107279	17
0.107769	17
0.107769	17
0.107771	17
0.107771	17
0.107773	17
0.107775	17
0.107776	17
0.108042	17
0.108053	17
0.108054	17
0.108069	17
0.108072	17
0.108077	17
0.108081	17
0.108086	17
0.108093	17
0.108095	17
0.108098	17
0.10811	17
0.10811	17
0.108137	17
0.108142	17
0.108155	17
0.108156	17
0.108161	17
0.108162	17
0.108173	17
0.108184	17
0.108192	17
0.108203	17
0.108205	17
0.108207	17
0.10823	17
0.108241	17
0.108249	17
0.108272	17
0.108289	17
0.1083	17
0.108304	17
0.108304	17
0.10833	17
0.108349	17
0.108387	17
0.1084	17
0.108434	17
0.108465	17
0.108494	17
0.108534	17
0.108537	17
0.108557	17
0.108561	17
0.108566	17
0.10859	17
0.108593	17
0.108826	17
0.108867	17
0.108868	17
0.108868	17
0.108869	17
0.108871	17
0.108875	17
0.108876	17
0.108876	17
0.10969	17
0.10969	17
0.10969	17
0.10969	17
0.10969	17
0.109691	17
0.109691	17
0.109691	17
0.109692	17
0.109692	17
0.109693	17
0.109693	17
0.109693	17
0.109693	17
0.109694	17
0.109694	17
0.109694	17
0.109695	17
0.109696	17
0.109697	17
0.109698	17
0.109698	17
0.1097	17
0.109701	17
0.109703	17
0.109704	17
0.109708	17
0.111295	17
0.111297	17
0.111306	17
0.111313	17
0.111322	17
0.111356	17
0.111364	17
0.111377	17
0.111381	17
0.11146	17
0.11146	17
0.111469	17
0.11147	17
0.111475	17
0.11148	17
0.111481	17
0.11149	17
0.111542	17
0.111577	17
0.111592	17
0.111618	17
0.111716	17
0.111718	17
0.111735	17
0.111758	17
0.111776	17
0.111831	17
0.111833	17
0.11185	17
0.112113	17
0.112422	17
0.112424	17
0.112433	17
0.112679	17
0.114513	17
0.117664	17
0.117664	17
0.117664	17
0.117664	17
0.117664	17
0.117664	17
0.117664	17
0.117664	17
0.117665	17
0.117665	17
0.117665	17
0.117666	17
0.117666	17
0.117666	17
0.117666	17
0.117666	17
0.117666	17
0.117667	17
0.117667	17
0.117668	17
0.117668	17
0.117668	17
0.117669	17
0.117669	17
0.117669	17
0.11767	17
0.11767	17
0.11767	17
0.11767	17
0.11767	17
0.117671	17
0.117672	17
0.117673	17
0.117676	17
0.117677	17
0.117678	17
0.117678	17
0.117679	17
0.117681	17
0.117681	17
0.117682	17
0.117689	17
0.117965	17
0.118105	17
0.120636	17
0.120638	17
0.120639	17
0.120639	17
0.12064	17
0.120658	17
0.120663	17
0.120665	17
0.120682	17
0.120691	17
0.120701	17
0.120708	17
0.120708	17
0.120716	17
0.120721	17
0.120732	17
0.120755	17
0.120755	17
0.120757	17
0.120758	17
0.120758	17
0.120766	17
0.120775	17
0.120781	17
0.120817	17
0.120825	17
0.120834	17
0.120853	17
0.120913	17
0.120915	17
0.120949	17
0.121223	17
0.12129	17
0.121389	17
0.122226	17
0.122226	17
0.122229	17
0.122232	17
0.122237	17
0.12226	17
0.12226	17
0.122266	17
0.122273	17
0.122277	17
0.122283	17
0.122285	17
0.12229	17
0.122297	17
0.122299	17
0.1223	17
0.122322	17
0.122335	17
0.122337	17
0.122339	17
0.122404	17
0.122411	17
0.12243	17
0.122458	17
0.122507	17
0.122551	17
0.122575	17
0.122609	17
0.122658	17
0.122684	17
0.122688	17
0.122707	17
0.122713	17
0.122721	17
0.122721	17
0.122726	17
0.122728	17
0.122733	17
0.122735	17
0.122744	17
0.122754	17
0.122755	17
0.122755	17
0.122783	17
0.122797	17
0.12281	17
0.122814	17
0.122825	17
0.122839	17
0.12285	17
0.122855	17
0.122949	17
0.122996	17
0.123	17
0.123021	17
0.123155	17
0.123207	17
0.12323	17
0.123255	17
0.12331	17
0.123335	17
0.123428	17
0.12359	17
0.123821	17
0.12383	17
0.125923	17
0.126645	17
0.12666	17
0.128925	17
0.128925	17
0.128925	17
0.128926	17
0.128926	17
0.128926	17
0.128927	17
0.128927	17
0.128927	17
0.128929	17
0.12893	17
0.128931	17
0.128933	17
0.128935	17
0.128936	17
0.128937	17
0.128938	17
0.128938	17
0.128938	17
0.128939	17
0.128941	17
0.128942	17
0.128943	17
0.128952	17
0.128966	17
0.128966	17
0.12898	17
0.128992	17
0.128995	17
0.129016	17
0.129026	17
0.129062	17
0.129178	17
0.129239	17
0.129276	17
0.129284	17
0.129307	17
0.129307	17
0.129308	17
0.129344	17
0.129353	17
0.129354	17
0.12937	17
0.129416	17
0.129441	17
0.129464	17
0.129515	17
0.129525	17
0.12959	17
0.129683	17
0.129698	17
0.129702	17
0.129712	17
0.129741	17
0.129875	17
0.129928	17
0.12998	17
0.130069	17
0.130195	17
0.130301	17
0.130315	17
0.131188	17
0.133183	17
0.133187	17
0.133189	17
0.133265	17
0.133871	17
0.134115	17
0.134115	17
0.134116	17
0.134117	17
0.134117	17
0.134118	17
0.134494	17
0.134495	17
0.134497	17
0.134497	17
0.134503	17
0.13451	17
0.134511	17
0.134513	17
0.134514	17
0.134531	17
0.134538	17
0.134539	17
0.134544	17
0.134552	17
0.134559	17
0.134561	17
0.134561	17
0.134576	17
0.134581	17
0.134583	17
0.134587	17
0.134592	17
0.134594	17
0.134641	17
0.134656	17
0.134682	17
0.13469	17
0.134777	17
0.134784	17
0.134806	17
0.135018	17
0.135028	17
0.135031	17
0.135033	17
0.135037	17
0.135037	17
0.135056	17
0.13507	17
0.135078	17
0.13508	17
0.135086	17
0.135092	17
0.135098	17
0.135108	17
0.135116	17
0.135122	17
0.135147	17
0.135165	17
0.135174	17
0.13518	17
0.135187	17
0.135193	17
0.135204	17
0.135214	17
0.13524	17
0.135246	17
0.135285	17
0.135289	17
0.135325	17
0.135333	17
0.135391	17
0.135486	17
0.135504	17
0.135589	17
0.135957	17
0.135958	17
0.13596	17
0.135963	17
0.135967	17
0.13597	17
0.135978	17
0.135984	17
0.135985	17
0.136024	17
0.136024	17
0.136027	17
0.136027	17
0.136028	17
0.136031	17
0.136031	17
0.136032	17
0.136034	17
0.136035	17
0.136038	17
0.136038	17
0.136269	17
0.13627	17
0.137064	17
0.145154	17
0.145154	17
0.145159	17
0.145165	17
0.145165	17
0.145173	17
0.145193	17
0.145194	17
0.145198	17
0.145215	17
0.145224	17
0.145243	17
0.145246	17
0.145284	17
0.145297	17
0.145302	17
0.145322	17
0.145334	17
0.145405	17
0.145498	17
0.1455	17
0.14552	17
0.14557	17
0.145588	17
0.145651	17
0.146126	17
0.14617	17
0.147142	17
0.147142	17
0.147142	17
0.147142	17
0.147142	17
0.147143	17
0.147144	17
0.147144	17
0.147145	17
0.147145	17
0.147146	17
0.147147	17
0.147147	17
0.147147	17
0.147148	17
0.147149	17
0.14715	17
0.14715	17
0.147157	17
0.147186	17
0.147196	17
0.149818	17
0.149819	17
0.14983	17
0.149837	17
0.150735	17
0.150735	17
0.15086	17
0.151555	17
0.151556	17
0.151557	17
0.151572	17
0.151578	17
0.15161	17
0.151621	17
0.151844	17
0.151857	17
0.151922	17
0.15193	17
0.151957	17
0.152005	17
0.152053	17
0.152187	17
0.152749	17
0.152752	17
0.152752	17
0.152763	17
0.152771	17
0.155221	17
0.155222	17
0.155222	17
0.155266	17
0.156842	17
0.156843	17
0.156844	17
0.156849	17
0.15686	17
0.156865	17
0.156937	17
0.157235	17
0.159272	17
0.159272	17
0.159273	17
0.159278	17
0.159279	17
0.15928	17
0.159287	17
0.159338	17
0.159955	17
0.16007	17
0.162551	17
0.162551	17
0.162552	17
0.16256	17
0.162567	17
0.162735	17
0.164008	17
0.164008	17
0.164009	17
0.164009	17
0.164009	17
0.164015	17
0.164744	17
0.164744	17
0.164745	17
0.164747	17
0.16475	17
0.164753	17
0.164756	17
0.164756	17
0.164758	17
0.164797	17
0.171689	17
0.171689	17
0.17169	17
0.17169	17
0.171692	17
0.171692	17
0.171693	17
0.1717	17
0.171767	17
0.172465	17
0.172468	17
0.172469	17
0.176117	17
0.176117	17
0.176124	17
0.176142	17
0.178876	17
0.178877	17
0.17888	17
0.178881	17
0.178882	17
0.178889	17
0.179437	17
0.180296	17
0.182247	17
0.182249	17
0.18225	17
0.182257	17
0.182283	17
0.18449	17
0.184496	17
0.184514	17
0.186912	17
0.186912	17
0.186913	17
0.186914	17
0.189892	17
0.189894	17
0.189894	17
0.189894	17
0.189894	17
0.189896	17
0.189897	17
0.189899	17
0.189956	17
0.191589	17
0.191627	17
0.193978	17
0.193978	17
0.193981	17
0.193983	17
0.193994	17
0.194149	17
0.195397	17
0.195405	17
0.195405	17
0.195521	17
0.195862	17
0.196183	17
0.196201	17
0.197409	17
0.199864	17
0.199905	17
0.200035	17
0.200753	17
0.200756	17
0.200761	17
0.208389	17
0.208389	17
0.208389	17
0.20839	17
0.208391	17
0.208392	17
0.208393	17
0.208394	17
0.208395	17
0.208398	17
0.208402	17
0.211318	17
0.213033	17
0.213034	17
0.213035	17
0.213517	17
0.214817	17
0.214819	17
0.21482	17
0.214823	17
0.214834	17
0.215074	17
0.215079	17
0.21509	17
0.215478	17
0.216754	17
0.216772	17
0.216777	17
0.219548	17
0.21955	17
0.21955	17
0.219551	17
0.219553	17
0.219554	17
0.219555	17
0.219561	17
0.219567	17
0.220411	17
0.220414	17
0.220446	17
0.220884	17
0.220886	17
0.220915	17
0.222982	17
0.223908	17
0.226462	17
0.227451	17
0.230072	17
0.230077	17
0.230078	17
0.230078	17
0.235871	17
0.235882	17
0.235907	17
0.235915	17
0.235918	17
0.2367	17
0.236703	17
0.236704	17
0.236706	17
0.236706	17
0.236707	17
0.236722	17
0.238059	17
0.238082	17
0.244154	17
0.244154	17
0.244155	17
0.244158	17
0.244158	17
0.244297	17
0.244996	17
0.246415	17
0.247572	17
0.247572	17
0.247574	17
0.24759	17
0.251892	17
0.251896	17
0.252068	17
0.25478	17
0.254781	17
0.254789	17
0.254807	17
0.25504	17
0.256642	17
0.257935	17
0.257972	17
0.257983	17
0.258412	17
0.258418	17
0.264701	17
0.264701	17
0.264702	17
0.264707	17
0.26471	17
0.264714	17
0.26554	17
0.26559	17
0.265827	17
0.265829	17
0.265831	17
0.265845	17
0.266508	17
0.266511	17
0.266512	17
0.266516	17
0.266524	17
0.266539	17
0.266541	17
0.266541	17
0.267082	17
0.269161	17
0.269162	17
0.269162	17
0.269162	17
0.269166	17
0.269172	17
0.269355	17
0.269359	17
0.269367	17
0.269368	17
0.269375	17
0.271453	17
0.271453	17
0.271455	17
0.271456	17
0.271457	17
0.271457	17
0.273536	17
0.273538	17
0.273553	17
0.273915	17
0.273928	17
0.274864	17
0.274866	17
0.276105	17
0.276107	17
0.276808	17
0.276859	17
0.27688	17
0.282421	17
0.282426	17
0.282589	17
0.284537	17
0.284538	17
0.284654	17
0.286357	17
0.286357	17
0.286358	17
0.28636	17
0.286364	17
0.286369	17
0.286374	17
0.291889	17
0.291891	17
0.291891	17
0.291894	17
0.29556	17
0.295564	17
0.295565	17
0.295569	17
0.295571	17
0.297143	17
0.29735	17
0.297653	17
0.297659	17
0.297666	17
0.298077	17
0.3001	17
0.300107	17
0.300349	17
0.300481	17
0.301039	17
0.304421	17
0.304426	17
0.304445	17
0.304564	17
0.304918	17
0.304921	17
0.304922	17
0.305274	17
0.306179	17
0.30618	17
0.306191	17
0.311293	17
0.311296	17
0.311302	17
0.311303	17
0.312996	17
0.312996	17
0.312997	17
0.312997	17
0.313005	17
0.313014	17
0.315592	17
0.315593	17
0.315594	17
0.315601	17
0.317957	17
0.317957	17
0.317959	17
0.31796	17
0.31814	17
0.323568	17
0.32357	17
0.32359	17
0.323594	17
0.323818	17
0.32382	17
0.323821	17
0.323835	17
0.324665	17
0.324665	17
0.324666	17
0.324668	17
0.324669	17
0.324672	17
0.325612	17
0.32639	17
0.329099	17
0.329101	17
0.329161	17
0.334075	17
0.334075	17
0.334081	17
0.334204	17
0.335185	17
0.335197	17
0.335203	17
0.335231	17
0.340367	17
0.340369	17
0.34037	17
0.341134	17
0.341135	17
0.341136	17
0.341138	17
0.341618	17
0.342411	17
0.34242	17
0.34469	17
0.34469	17
0.344691	17
0.344703	17
0.345409	17
0.348893	17
0.348894	17
0.348899	17
0.348901	17
0.348917	17
0.348943	17
0.350455	17
0.351571	17
0.351573	17
0.351575	17
0.351584	17
0.351741	17
0.351743	17
0.351745	17
0.351751	17
0.351779	17
0.353378	17
0.353381	17
0.353464	17
0.35765	17
0.357655	17
0.357658	17
0.358929	17
0.358933	17
0.358936	17
0.360104	17
0.360107	17
0.362503	17
0.362526	17
0.363249	17
0.363283	17
0.36329	17
0.363309	17
0.364464	17
0.364481	17
0.364554	17
0.36503	17
0.365047	17
0.36506	17
0.365888	17
0.365894	17
0.368578	17
0.374203	17
0.374205	17
0.374205	17
0.374211	17
0.374228	17
0.374641	17
0.374642	17
0.374647	17
0.375402	17
0.375403	17
0.379348	17
0.379348	17
0.379348	17
0.379348	17
0.379357	17
0.379367	17
0.379374	17
0.380169	17
0.380184	17
0.380929	17
0.382463	17
0.382465	17
0.382465	17
0.382467	17
0.38247	17
0.382472	17
0.382714	17
0.382716	17
0.389441	17
0.389451	17
0.391127	17
0.391135	17
0.391135	17
0.392408	17
0.392412	17
0.392425	17
0.393754	17
0.395194	17
0.395194	17
0.395195	17
0.395196	17
0.395199	17
0.395203	17
0.398481	17
0.398483	17
0.398498	17
0.404405	17
0.404405	17
0.404406	17
0.404409	17
0.404412	17
0.407159	17
0.40716	17
0.407503	17
0.407505	17
0.407506	17
0.407512	17
0.414178	17
0.414183	17
0.414221	17
0.414693	17
0.414696	17
0.414703	17
0.418327	17
0.41833	17
0.41833	17
0.41833	17
0.41833	17
0.418332	17
0.418333	17
0.422327	17
0.422341	17
0.423742	17
0.425335	17
0.425338	17
0.425343	17
0.427697	17
0.427699	17
0.427707	17
0.427817	17
0.429047	17
0.429049	17
0.42905	17
0.429111	17
0.429811	17
0.432858	17
0.432859	17
0.432859	17
0.43288	17
0.435987	17
0.435992	17
0.435998	17
0.436007	17
0.441395	17
0.441395	17
0.441396	17
0.4414	17
0.441403	17
0.441421	17
0.441431	17
0.443676	17
0.443683	17
0.443692	17
0.447291	17
0.447291	17
0.449694	17
0.449697	17
0.4497	17
0.449703	17
0.451127	17
0.451128	17
0.45116	17
0.452217	17
0.45583	17
0.455835	17
0.456132	17
0.45614	17
0.456397	17
0.4564	17
0.4564	17
0.456401	17
0.456404	17
0.457351	17
0.457354	17
0.457358	17
0.461034	17
0.461037	17
0.461038	17
0.461048	17
0.463302	17
0.463305	17
0.463307	17
0.463308	17
0.472178	17
0.477995	17
0.477995	17
0.478005	17
0.478005	17
0.47858	17
0.478581	17
0.478588	17
0.479576	17
0.479576	17
0.479576	17
0.479576	17
0.479577	17
0.47958	17
0.481204	17
0.481205	17
0.481208	17
0.481219	17
0.481396	17
0.482077	17
0.48208	17
0.482081	17
0.482084	17
0.482495	17
0.485591	17
0.485592	17
0.491003	17
0.491009	17
0.491023	17
0.500469	17
0.500469	17
0.500469	17
0.500469	17
0.50047	17
0.500471	17
0.500472	17
0.500474	17
0.500481	17
0.500491	17
0.507888	17
0.509397	17
0.509399	17
0.509411	17
0.511086	17
0.511087	17
0.511092	17
0.511092	17
0.511094	17
0.511095	17
0.511103	17
0.51114	17
0.511557	17
0.514733	17
0.514751	17
0.514751	17
0.514754	17
0.515298	17
0.515368	17
0.51537	17
0.516378	17
0.517176	17
0.517189	17
0.517201	17
0.521807	17
0.521807	17
0.521808	17
0.522075	17
0.524543	17
0.526415	17
0.526417	17
0.52642	17
0.526424	17
0.537452	17
0.537452	17
0.537452	17
0.537453	17
0.537455	17
0.537456	17
0.537468	17
0.537483	17
0.537488	17
0.537492	17
0.537509	17
0.542939	17
0.542939	17
0.542939	17
0.542945	17
0.546085	17
0.546086	17
0.546088	17
0.546099	17
0.547803	17
0.547807	17
0.552833	17
0.554878	17
0.555169	17
0.555173	17
0.555186	17
0.556387	17
0.55639	17
0.556396	17
0.556405	17
0.556428	17
0.556503	17
0.560418	17
0.560418	17
0.560419	17
0.560419	17
0.560421	17
0.560428	17
0.561673	17
0.561675	17
0.561676	17
0.5617	17
0.562358	17
0.56236	17
0.562368	17
0.567708	17
0.568166	17
0.568171	17
0.568198	17
0.569359	17
0.572765	17
0.572766	17
0.572767	17
0.572769	17
0.575293	17
0.575398	17
0.578336	17
0.578336	17
0.578337	17
0.578343	17
0.578371	17
0.580125	17
0.58014	17
0.580143	17
0.581181	17
0.581195	17
0.581206	17
0.581217	17
0.583397	17
0.583402	17
0.583413	17
0.584579	17
0.584585	17
0.584601	17
0.584629	17
0.584632	17
0.584632	17
0.584638	17
0.586813	17
0.588099	17
0.588358	17
0.588359	17
0.588362	17
0.589514	17
0.58952	17
0.589529	17
0.591485	17
0.592905	17
0.592909	17
0.592976	17
0.594147	17
0.59415	17
0.594157	17
0.59419	17
0.597891	17
0.597892	17
0.601534	17
0.601565	17
0.604048	17
0.604048	17
0.604049	17
0.604049	17
0.604055	17
0.604057	17
0.604059	17
0.604088	17
0.605749	17
0.605749	17
0.60575	17
0.60575	17
0.605758	17
0.605768	17
0.606084	17
0.606092	17
0.607891	17
0.607992	17
0.608043	17
0.608798	17
0.608799	17
0.6088	17
0.608817	17
0.608821	17
0.615269	17
0.61527	17
0.615273	17
0.616682	17
0.617946	17
0.617947	17
0.61795	17
0.617952	17
0.617955	17
0.617956	17
0.621337	17
0.621339	17
0.621342	17
0.621342	17
0.621343	17
0.621378	17
0.622247	17
0.627796	17
0.627808	17
0.629395	17
0.631062	17
0.632389	17
0.63239	17
0.632408	17
0.63242	17
0.632423	17
0.634166	17
0.634175	17
0.634175	17
0.634191	17
0.636076	17
0.639317	17
0.639322	17
0.639332	17
0.639584	17
0.651353	17
0.651353	17
0.651354	17
0.651354	17
0.651355	17
0.651356	17
0.658641	17
0.658641	17
0.658643	17
0.658647	17
0.658647	17
0.65866	17
0.6668	17
0.6668	17
0.666801	17
0.666802	17
0.666837	17
0.668587	17
0.668592	17
0.672466	17
0.67247	17
0.672472	17
0.672472	17
0.672473	17
0.676077	17
0.676077	17
0.676078	17
0.676081	17
0.676081	17
0.683211	17
0.683236	17
0.684298	17
0.684925	17
0.68493	17
0.684931	17
0.684935	17
0.686211	17
0.686212	17
0.686215	17
0.686782	17
0.686784	17
0.686793	17
0.687482	17
0.68773	17
0.687743	17
0.68776	17
0.688577	17
0.688699	17
0.690227	17
0.690227	17
0.692824	17
0.692824	17
0.692827	17
0.69283	17
0.692831	17
0.692997	17
0.697569	17
0.697572	17
0.697573	17
0.697574	17
0.697613	17
0.698611	17
0.69862	17
0.700992	17
0.700994	17
0.700999	17
0.704552	17
0.704555	17
0.704567	17
0.704575	17
0.704825	17
0.704825	17
0.704825	17
0.704825	17
0.704826	17
0.704833	17
0.704838	17
0.706479	17
0.706481	17
0.706486	17
0.706516	17
0.707083	17
0.708056	17
0.708071	17
0.708071	17
0.708354	17
0.710981	17
0.710986	17
0.711022	17
0.71682	17
0.716822	17
0.716828	17
0.716907	17
0.72032	17
0.720322	17
0.720329	17
0.72034	17
0.7239	17
0.7239	17
0.723901	17
0.723901	17
0.723911	17
0.723944	17
0.727528	17
0.727541	17
0.727608	17
0.727853	17
0.727859	17
0.727906	17
0.727974	17
0.72798	17
0.727988	17
0.728003	17
0.729147	17
0.732085	17
0.73209	17
0.732718	17
0.73296	17
0.736686	17
0.736686	17
0.736686	17
0.736688	17
0.736692	17
0.738161	17
0.73817	17
0.739308	17
0.739401	17
0.742126	17
0.743974	17
0.749191	17
0.749196	17
0.751011	17
0.751011	17
0.751013	17
0.751019	17
0.751032	17
0.751581	17
0.751584	17
0.751587	17
0.751588	17
0.751592	17
0.751594	17
0.753757	17
0.757044	17
0.757047	17
0.757082	17
0.757095	17
0.758771	17
0.7588	17
0.762321	17
0.762321	17
0.762334	17
0.76237	17
0.762701	17
0.766765	17
0.766767	17
0.76678	17
0.766811	17
0.767218	17
0.76723	17
0.773252	17
0.773262	17
0.773345	17
0.776436	17
0.776437	17
0.776438	17
0.776438	17
0.776462	17
0.777228	17
0.778364	17
0.77978	17
0.77979	17
0.779791	17
0.779816	17
0.782094	17
0.782094	17
0.782098	17
0.782106	17
0.782351	17
0.782351	17
0.782359	17
0.782379	17
0.784819	17
0.78495	17
0.784952	17
0.78685	17
0.786852	17
0.786863	17
0.786865	17
0.791412	17
0.791414	17
0.791423	17
0.792598	17
0.792598	17
0.792599	17
0.792601	17
0.792604	17
0.79555	17
0.795552	17
0.795556	17
0.795672	17
0.798621	17
0.798624	17
0.804114	17
0.804122	17
0.804123	17
0.80791	17
0.807912	17
0.807921	17
0.80793	17
0.810282	17
0.811004	17
0.811626	17
0.811629	17
0.811629	17
0.811632	17
0.811957	17
0.811958	17
0.811959	17
0.814717	17
0.823721	17
0.823723	17
0.823724	17
0.823724	17
0.823726	17
0.825292	17
0.825292	17
0.825296	17
0.82739	17
0.827392	17
0.827399	17
0.827402	17
0.830354	17
0.830355	17
0.830356	17
0.830357	17
0.831933	17
0.831938	17
0.831939	17
0.832556	17
0.83256	17
0.837337	17
0.843564	17
0.843564	17
0.843569	17
0.848322	17
0.849125	17
0.849125	17
0.849127	17
0.849127	17
0.849129	17
0.849144	17
0.849145	17
0.850335	17
0.850339	17
0.85507	17
0.85507	17
0.855071	17
0.855072	17
0.855113	17
0.855215	17
0.857623	17
0.857629	17
0.857634	17
0.857647	17
0.862366	17
0.862373	17
0.862378	17
0.862404	17
0.862746	17
0.862746	17
0.86275	17
0.862752	17
0.862766	17
0.864096	17
0.864123	17
0.864692	17
0.864695	17
0.864699	17
0.8647	17
0.864713	17
0.864716	17
0.871634	17
0.871635	17
0.871636	17
0.871658	17
0.872403	17
0.872403	17
0.872405	17
0.879041	17
0.879042	17
0.879043	17
0.879046	17
0.879046	17
0.884411	17
0.8853	17
0.8853	17
0.885317	17
0.8873	17
0.887954	17
0.887956	17
0.887962	17
0.889886	17
0.88989	17
0.889892	17
0.889937	17
0.892028	17
0.892028	17
0.89204	17
0.892107	17
0.898195	17
0.898219	17
0.89825	17
0.901414	17
0.901416	17
0.901419	17
0.901441	17
0.905677	17
0.905677	17
0.905678	17
0.905678	17
0.905901	17
0.906803	17
0.908987	17
0.908989	17
0.909401	17
0.909937	17
0.910709	17
0.910713	17
0.911556	17
0.911559	17
0.911575	17
0.914654	17
0.914656	17
0.914661	17
0.914669	17
0.916259	17
0.917216	17
0.917218	17
0.917218	17
0.923109	17
0.92311	17
0.92311	17
0.923115	17
0.923126	17
0.924337	17
0.924365	17
0.924366	17
0.924392	17
0.926372	17
0.926375	17
0.926375	17
0.930811	17
0.930812	17
0.930813	17
0.93082	17
0.936942	17
0.936943	17
0.936949	17
0.936963	17
0.937847	17
0.937849	17
0.937865	17
0.938653	17
0.938663	17
0.938684	17
0.940634	17
0.940636	17
0.940637	17
0.940644	17
0.941393	17
0.943017	17
0.943039	17
0.950845	17
0.950849	17
0.950852	17
0.95087	17
0.9513	17
0.953802	17
0.953812	17
0.955637	17
0.95564	17
0.9558	17
0.955801	17
0.955804	17
0.963309	17
0.963309	17
0.963309	17
0.963309	17
0.963312	17
0.963312	17
0.963369	17
0.975023	17
0.975023	17
0.975023	17
0.975025	17
0.975026	17
0.975026	17
0.975029	17
0.975033	17
0.9815	17
0.981507	17
0.986206	17
0.988393	17
0.988393	17
0.988402	17
0.98841	17
0.988458	17
0.988986	17
0.993096	17
0.993099	17
0.993103	17
0.993104	17
0.993106	17
0.993134	17
0.994875	17
0.994918	17
1.00074	17
1.00672	17
1.00672	17
1.00672	17
1.00673	17
1.01298	17
1.01298	17
1.01298	17
1.01571	17
1.02414	17
1.02414	17
1.02414	17
1.02414	17
1.02414	17
1.02414	17
1.02415	17
1.02893	17
1.02894	17
1.03741	17
1.03742	17
1.03742	17
1.03742	17
1.03742	17
1.03742	17
1.03743	17
1.0375	17
1.03789	17
1.03828	17
1.03829	17
1.03831	17
1.04246	17
1.04247	17
1.04247	17
1.04247	17
1.04518	17
1.04519	17
1.04519	17
1.04519	17
1.04789	17
1.04789	17
1.04789	17
1.04902	17
1.04903	17
1.04903	17
1.04906	17
1.05122	17
1.05122	17
1.05122	17
1.05122	17
1.05123	17
1.06008	17
1.06008	17
1.06008	17
1.07415	17
1.07415	17
1.07415	17
1.07415	17
1.07491	17
1.08054	17
1.08054	17
1.08055	17
1.08096	17
1.0881	17
1.0881	17
1.08811	17
1.09281	17
1.09282	17
1.09282	17
1.09282	17
1.09283	17
1.09569	17
1.09569	17
1.09569	17
1.09569	17
1.0957	17
1.09574	17
1.0994	17
1.0994	17
1.09942	17
1.09942	17
1.10504	17
1.10504	17
1.10505	17
1.10505	17
1.10505	17
1.10508	17
1.11032	17
1.11032	17
1.11034	17
1.11034	17
1.11136	17
1.11175	17
1.11176	17
1.11178	17
1.11242	17
1.11242	17
1.11248	17
1.11533	17
1.11534	17
1.11539	17
1.11859	17
1.11859	17
1.11859	17
1.1186	17
1.11871	17
1.12066	17
1.12067	17
1.12075	17
1.12423	17
1.1271	17
1.1271	17
1.12711	17
1.12711	17
1.12712	17
1.12844	17
1.13028	17
1.13028	17
1.13028	17
1.13032	17
1.14493	17
1.14493	17
1.145	17
1.14523	17
1.14905	17
1.14905	17
1.14905	17
1.14905	17
1.14905	17
1.14905	17
1.14906	17
1.14906	17
1.1497	17
1.1497	17
1.1497	17
1.14971	17
1.15094	17
1.15662	17
1.15662	17
1.15662	17
1.15676	17
1.15744	17
1.15745	17
1.15745	17
1.15967	17
1.15967	17
1.15968	17
1.15972	17
1.16058	17
1.16058	17
1.16059	17
1.16142	17
1.16142	17
1.16146	17
1.16171	17
1.16433	17
1.1656	17
1.1656	17
1.16561	17
1.16561	17
1.16567	17
1.17008	17
1.17009	17
1.1701	17
1.17206	17
1.17207	17
1.17211	17
1.18049	17
1.18049	17
1.18049	17
1.18073	17
1.18289	17
1.18538	17
1.18538	17
1.18539	17
1.18539	17
1.18552	17
1.18584	17
1.18585	17
1.18598	17
1.18707	17
1.18707	17
1.18709	17
1.1873	17
1.18788	17
1.18788	17
1.18788	17
1.19013	17
1.19013	17
1.19013	17
1.19165	17
1.19165	17
1.19166	17
1.19173	17
1.19303	17
1.19303	17
1.19303	17
1.19304	17
1.19343	17
1.19345	17
1.19545	17
1.20157	17
1.20251	17
1.20251	17
1.20251	17
1.2063	17
1.2063	17
1.20631	17
1.20716	17
1.21362	17
1.21362	17
1.21363	17
1.21363	17
1.21593	17
1.21594	17
1.21595	17
1.21603	17
1.21804	17
1.21805	17
1.21805	17
1.21919	17
1.21919	17
1.21919	17
1.22257	17
1.22257	17
1.22258	17
1.22259	17
1.22568	17
1.22568	17
1.22569	17
1.22569	17
1.22569	17
1.23663	17
1.23663	17
1.23664	17
1.23664	17
1.23664	17
1.23898	17
1.23899	17
1.23899	17
1.25515	17
1.25515	17
1.25515	17
1.25516	17
1.25516	17
1.25516	17
1.25517	17
1.2552	17
1.25605	17
1.25812	17
1.25812	17
1.25812	17
1.25813	17
1.25834	17
1.25834	17
1.25834	17
1.25834	17
1.26108	17
1.26132	17
1.26133	17
1.2618	17
1.26225	17
1.26225	17
1.26225	17
1.26418	17
1.26865	17
1.26865	17
1.26865	17
1.26865	17
1.27372	17
1.27372	17
1.27372	17
1.279	17
1.279	17
1.279	17
1.27901	17
1.28359	17
1.2836	17
1.2836	17
1.2836	17
1.2836	17
1.2855	17
1.2855	17
1.28629	17
1.28757	17
1.28757	17
1.28757	17
1.28757	17
1.28757	17
1.28758	17
1.28758	17
1.28758	17
1.28767	17
1.29426	17
1.29427	17
1.29475	17
1.29517	17
1.29517	17
1.29518	17
1.29751	17
1.29832	17
1.29887	17
1.29887	17
1.29956	17
1.29956	17
1.29958	17
1.30736	17
1.30736	17
1.30736	17
1.30738	17
1.30955	17
1.30955	17
1.30955	17
1.31289	17
1.31289	17
1.3129	17
1.3129	17
1.31414	17
1.31415	17
1.31415	17
1.32724	17
1.32725	17
1.33968	17
1.33968	17
1.33968	17
1.33968	17
1.33969	17
1.3397	17
1.34052	17
1.34052	17
1.34052	17
1.3414	17
1.3414	17
1.34141	17
1.3453	17
1.3453	17
1.34531	17
1.34531	17
1.34849	17
1.34849	17
1.35303	17
1.35303	17
1.35303	17
1.35303	17
1.35303	17
1.35303	17
1.36029	17
1.36029	17
1.36029	17
1.36029	17
1.37835	17
1.37835	17
1.37837	17
1.3897	17
1.3897	17
1.38971	17
1.38971	17
1.39565	17
1.39565	17
1.39566	17
1.39566	17
1.39825	17
1.39826	17
1.39826	17
1.39826	17
1.39828	17
1.39958	17
1.39958	17
1.40011	17
1.40011	17
1.40011	17
1.40013	17
1.40013	17
1.40169	17
1.40169	17
1.40169	17
1.4017	17
1.40275	17
1.40535	17
1.40535	17
1.40536	17
1.40537	17
1.41025	17
1.41025	17
1.41025	17
1.41749	17
1.41749	17
1.4175	17
1.41824	17
1.41962	17
1.41964	17
1.42233	17
1.42233	17
1.42234	17
1.42234	17
1.42333	17
1.42333	17
1.42334	17
1.43449	17
1.43449	17
1.43449	17
1.4345	17
1.43924	17
1.43924	17
1.43924	17
1.43925	17
1.43925	17
1.43926	17
1.44771	17
1.45329	17
1.4533	17
1.45331	17
1.45332	17
1.45844	17
1.45844	17
1.45844	17
1.45845	17
1.45845	17
1.47669	17
1.47669	17
1.47669	17
1.47669	17
1.47671	17
1.47684	17
1.47684	17
1.47684	17
1.47685	17
1.47967	17
1.47968	17
1.47968	17
1.47969	17
1.47969	17
1.48061	17
1.49376	17
1.49376	17
1.49376	17
1.49378	17
1.50368	17
1.50368	17
1.50369	17
1.50424	17
1.50424	17
1.50791	17
1.50791	17
1.50794	17
1.50993	17
1.50994	17
1.50994	17
1.50997	17
1.51763	17
1.51763	17
1.51765	17
1.51942	17
1.51943	17
1.51943	17
1.52416	17
1.52571	17
1.52617	17
1.5416	17
1.5416	17
1.5416	17
1.5416	17
1.5416	17
1.5416	17
1.54161	17
1.54161	17
1.54162	17
1.55381	17
1.55381	17
1.55381	17
1.55382	17
1.56181	17
1.56946	17
1.56946	17
1.56946	17
1.56946	17
1.57798	17
1.57798	17
1.57798	17
1.57798	17
1.57798	17
1.57798	17
1.57798	17
1.57799	17
1.57799	17
1.57877	17
1.57877	17
1.57878	17
1.58295	17
1.58295	17
1.58295	17
1.58296	17
1.58661	17
1.58661	17
1.58661	17
1.58662	17
1.58662	17
1.59036	17
1.59037	17
1.59037	17
1.59199	17
1.59199	17
1.592	17
1.59375	17
1.59375	17
1.59376	17
1.59377	17
1.59745	17
1.59745	17
1.59745	17
1.59746	17
1.59746	17
1.6001	17
1.6001	17
1.6001	17
1.6001	17
1.60011	17
1.60801	17
1.60801	17
1.60801	17
1.60801	17
1.60801	17
1.60803	17
1.60889	17
1.60889	17
1.60889	17
1.61061	17
1.61061	17
1.61062	17
1.61064	17
1.61275	17
1.61536	17
1.61536	17
1.6154	17
1.61922	17
1.61922	17
1.61922	17
1.61922	17
1.61923	17
1.61929	17
1.61929	17
1.6193	17
1.6193	17
1.61931	17
1.62475	17
1.62475	17
1.62475	17
1.62897	17
1.62897	17
1.62897	17
1.62898	17
1.63031	17
1.63031	17
1.63032	17
1.64507	17
1.64507	17
1.64507	17
1.64509	17
1.6577	17
1.6577	17
1.6577	17
1.65771	17
1.65772	17
1.66009	17
1.66012	17
1.66012	17
1.66682	17
1.66682	17
1.66682	17
1.66683	17
1.66683	17
1.67031	17
1.67031	17
1.67032	17
1.67117	17
1.67118	17
1.67124	17
1.6832	17
1.6832	17
1.6832	17
1.6832	17
1.68321	17
1.68322	17
1.68544	17
1.68544	17
1.68546	17
1.68547	17
1.6887	17
1.68871	17
1.68871	17
1.68872	17
1.68872	17
1.69095	17
1.69096	17
1.69096	17
1.69258	17
1.69261	17
1.69362	17
1.69363	17
1.69368	17
1.69469	17
1.6947	17
1.69475	17
1.69659	17
1.69661	17
1.69668	17
1.69734	17
1.69734	17
1.69734	17
1.69734	17
1.69837	17
1.69838	17
1.69838	17
1.6997	17
1.6997	17
1.6997	17
1.69971	17
1.70014	17
1.70014	17
1.70014	17
1.70014	17
1.70469	17
1.70469	17
1.70469	17
1.70469	17
1.7047	17
1.70545	17
1.70545	17
1.70546	17
1.70617	17
1.71033	17
1.7112	17
1.71121	17
1.71124	17
1.71175	17
1.71176	17
1.71177	17
1.71179	17
1.72297	17
1.72297	17
1.72298	17
1.72298	17
1.72596	17
1.73118	17
1.73118	17
1.73118	17
1.73119	17
1.73597	17
1.73597	17
1.73597	17
1.73597	17
1.73597	17
1.73597	17
1.73597	17
1.73602	17
1.74032	17
1.7437	17
1.7437	17
1.7437	17
1.74371	17
1.74437	17
1.74438	17
1.74438	17
1.7575	17
1.7575	17
1.7575	17
1.7575	17
1.7575	17
1.75751	17
1.75971	17
1.75971	17
1.75973	17
1.76094	17
1.76095	17
1.76097	17
1.76199	17
1.762	17
1.76202	17
1.76368	17
1.76369	17
1.7637	17
1.76425	17
1.76426	17
1.76426	17
1.76646	17
1.76647	17
1.76648	17
1.76808	17
1.76996	17
1.76996	17
1.77142	17
1.77142	17
1.78896	17
1.78896	17
1.78896	17
1.78896	17
1.78896	17
1.78897	17
1.78897	17
1.78897	17
1.78901	17
1.78901	17
1.79138	17
1.79138	17
1.79139	17
1.8001	17
1.8001	17
1.8001	17
1.8001	17
1.8001	17
1.80837	17
1.80838	17
1.80838	17
1.80839	17
1.81605	17
1.81605	17
1.81608	17
1.82229	17
1.82229	17
1.8223	17
1.8246	17
1.82496	17
1.82514	17
1.82524	17
1.82525	17
1.82525	17
1.83162	17
1.83162	17
1.83165	17
1.83166	17
1.83713	17
1.83713	17
1.83713	17
1.83713	17
1.83714	17
1.83714	17
1.83717	17
1.8377	17
1.83778	17
1.84264	17
1.84265	17
1.84838	17
1.84838	17
1.84906	17
1.84906	17
1.84906	17
1.84906	17
1.84906	17
1.84906	17
1.85947	17
1.85948	17
1.85949	17
1.85951	17
1.86301	17
1.86301	17
1.86302	17
1.86303	17
1.86318	17
1.86711	17
1.86711	17
1.86713	17
1.86715	17
1.8705	17
1.87561	17
1.87561	17
1.87562	17
1.8796	17
1.8796	17
1.87961	17
1.87961	17
1.88607	17
1.88607	17
1.88614	17
1.8887	17
1.8887	17
1.88871	17
1.88951	17
1.88951	17
1.88951	17
1.88951	17
1.88953	17
1.8909	17
1.8909	17
1.89091	17
1.89092	17
1.90001	17
1.90001	17
1.90001	17
1.90005	17
1.9041	17
1.90412	17
1.90413	17
1.90706	17
1.9071	17
1.90713	17
1.90928	17
1.90928	17
1.90931	17
1.91315	17
1.91321	17
1.92105	17
1.92105	17
1.92221	17
1.92222	17
1.92223	17
1.92823	17
1.92824	17
1.92824	17
1.92824	17
1.92825	17
1.92827	17
1.92979	17
1.94012	17
1.94012	17
1.94012	17
1.94013	17
1.9408	17
1.94081	17
1.94081	17
1.94346	17
1.9476	17
1.9476	17
1.94761	17
1.94762	17
1.94762	17
1.94762	17
1.94765	17
1.9502	17
1.9502	17
1.95022	17
1.95024	17
1.9562	17
1.9562	17
1.9562	17
1.9562	17
1.95621	17
1.96115	17
1.96115	17
1.96116	17
1.96117	17
1.96466	17
1.96466	17
1.96467	17
1.96467	17
1.96468	17
1.96789	17
1.9679	17
1.9679	17
1.96796	17
1.96931	17
1.98154	17
1.98154	17
1.98155	17
1.98156	17
1.98168	17
1.98168	17
1.98169	17
1.98169	17
1.9817	17
1.98171	17
1.98202	17
1.98202	17
1.98206	17
1.98286	17
1.98506	17
1.98506	17
1.98506	17
1.99254	17
1.99326	17
1.9933	17
2.00313	17
2.00313	17
2.00313	17
2.00313	17
2.00314	17
2.00315	17
2.00329	17
2.00334	17
2.00411	17
2.00411	17
2.00411	17
2.00411	17
2.00829	17
2.0083	17
2.01991	17
2.01991	17
2.01992	17
2.01992	17
2.01992	17
2.01992	17
2.01992	17
2.01997	17
2.02	17
2.0218	17
2.03009	17
2.0301	17
2.03011	17
2.03501	17
2.03501	17
2.03501	17
2.04003	17
2.04379	17
2.04379	17
2.04379	17
2.05417	17
2.05417	17
2.05417	17
2.05417	17
2.06192	17
2.06193	17
2.06194	17
2.06194	17
2.07119	17
2.0712	17
2.07121	17
2.07253	17
2.07286	17
2.07287	17
2.07287	17
2.07287	17
2.07287	17
2.0772	17
2.0772	17
2.0772	17
2.07999	17
2.09776	17
2.09776	17
2.09776	17
2.09776	17
2.09776	17
2.09778	17
2.10096	17
2.10097	17
2.10097	17
2.1035	17
2.10351	17
2.10352	17
2.10376	17
2.10376	17
2.10376	17
2.11049	17
2.11049	17
2.11049	17
2.11051	17
2.1121	17
2.11211	17
2.11277	17
2.11278	17
2.11278	17
2.1162	17
2.1162	17
2.1162	17
2.11621	17
2.11788	17
2.12041	17
2.12042	17
2.12042	17
2.12042	17
2.12042	17
2.12043	17
2.12053	17
2.12715	17
2.13042	17
2.13285	17
2.13285	17
2.13285	17
2.13294	17
2.13705	17
2.13706	17
2.13706	17
2.13706	17
2.13724	17
2.1404	17
2.1404	17
2.1404	17
2.14041	17
2.14293	17
2.14294	17
2.14308	17
2.14477	17
2.14477	17
2.14477	17
2.1451	17
2.14581	17
2.1531	17
2.1531	17
2.15312	17
2.15312	17
2.15315	17
2.15435	17
2.15435	17
2.15436	17
2.15692	17
2.15692	17
2.15692	17
2.15812	17
2.15812	17
2.15812	17
2.17343	17
2.17343	17
2.17343	17
2.17343	17
2.17344	17
2.17344	17
2.17344	17
2.17717	17
2.17986	17
2.18067	17
2.18067	17
2.1807	17
2.18929	17
2.1893	17
2.20075	17
2.20075	17
2.20075	17
2.20075	17
2.20075	17
2.20076	17
2.20076	17
2.20078	17
2.20669	17
2.20669	17
2.20711	17
2.22686	17
2.22686	17
2.22686	17
2.22686	17
2.22687	17
2.22688	17
2.23925	17
2.23925	17
2.23925	17
2.23925	17
2.23926	17
2.24254	17
2.24256	17
2.24256	17
2.24375	17
2.24375	17
2.24375	17
2.24376	17
2.25043	17
2.25043	17
2.25043	17
2.25044	17
2.26435	17
2.26435	17
2.26435	17
2.26436	17
2.26796	17
2.26797	17
2.26799	17
2.26993	17
2.26993	17
2.26993	17
2.26993	17
2.26994	17
2.26994	17
2.2746	17
2.27461	17
2.27462	17
2.27488	17
2.27488	17
2.27489	17
2.27569	17
2.27569	17
2.27569	17
2.27569	17
2.28259	17
2.2826	17
2.2826	17
2.28278	17
2.28278	17
2.28555	17
2.28556	17
2.28556	17
2.2856	17
2.30651	17
2.30651	17
2.30651	17
2.30652	17
2.31868	17
2.31868	17
2.31868	17
2.31869	17
2.31869	17
2.31869	17
2.32037	17
2.32037	17
2.32037	17
2.32039	17
2.32145	17
2.32146	17
2.32147	17
2.32673	17
2.32674	17
2.32674	17
2.33218	17
2.33218	17
2.3322	17
2.33806	17
2.33808	17
2.33808	17
2.34137	17
2.34321	17
2.34322	17
2.34323	17
2.34473	17
2.34473	17
2.34473	17
2.34473	17
2.34473	17
2.34474	17
2.35586	17
2.35586	17
2.35587	17
2.35587	17
2.36004	17
2.36468	17
2.36468	17
2.36468	17
2.36469	17
2.36469	17
2.37669	17
2.41246	17
2.41246	17
2.41246	17
2.41246	17
2.41246	17
2.41247	17
2.41248	17
2.41249	17
2.41271	17
2.41271	17
2.41272	17
2.41272	17
2.41508	17
2.41509	17
2.41509	17
2.41884	17
2.41995	17
2.41996	17
2.42604	17
2.42604	17
2.42604	17
2.42604	17
2.42721	17
2.42721	17
2.42721	17
2.42726	17
2.43298	17
2.43298	17
2.43298	17
2.43298	17
2.43299	17
2.433	17
2.43316	17
2.43734	17
2.43734	17
2.43734	17
2.43734	17
2.45132	17
2.45132	17
2.45133	17
2.46223	17
2.46224	17
2.46773	17
2.46773	17
2.46774	17
2.46774	17
2.47042	17
2.47042	17
2.47056	17
2.47444	17
2.47444	17
2.47444	17
2.47445	17
2.47445	17
2.47445	17
2.47451	17
2.47451	17
2.47451	17
2.47635	17
2.47635	17
2.47635	17
2.47636	17
2.48643	17
2.48643	17
2.49139	17
2.50054	17
2.50054	17
2.50054	17
2.50054	17
2.50054	17
2.50719	17
2.5072	17
2.50721	17
2.50959	17
2.50959	17
2.5096	17
2.5096	17
2.51227	17
2.51228	17
2.51229	17
2.52849	17
2.52849	17
2.5285	17
2.52851	17
2.54171	17
2.54171	17
2.54172	17
2.54172	17
2.54172	17
2.54172	17
2.54342	17
2.54343	17
2.54344	17
2.5469	17
2.5469	17
2.55138	17
2.55138	17
2.55139	17
2.55139	17
2.5514	17
2.56101	17
2.56101	17
2.56103	17
2.56218	17
2.56218	17
2.56218	17
2.56219	17
2.57927	17
2.57927	17
2.57928	17
2.57928	17
2.57929	17
2.58155	17
2.58155	17
2.58155	17
2.58156	17
2.58485	17
2.58485	17
2.58485	17
2.58488	17
2.58489	17
2.59839	17
2.59839	17
2.5984	17
2.5984	17
2.59841	17
2.59878	17
2.59879	17
2.59879	17
2.60081	17
2.60082	17
2.60082	17
2.60083	17
2.60699	17
2.60699	17
2.60702	17
2.60956	17
2.60956	17
2.60956	17
2.60958	17
2.61748	17
2.61748	17
2.61749	17
2.61749	17
2.63399	17
2.63399	17
2.63399	17
2.634	17
2.65396	17
2.65396	17
2.65396	17
2.65396	17
2.65396	17
2.65396	17
2.65397	17
2.65397	17
2.66214	17
2.66215	17
2.66215	17
2.66215	17
2.66594	17
2.66595	17
2.66595	17
2.667	17
2.667	17
2.66701	17
2.66735	17
2.66735	17
2.66737	17
2.67128	17
2.67128	17
2.67129	17
2.6912	17
2.6912	17
2.6912	17
2.69121	17
2.69122	17
2.69141	17
2.69141	17
2.69142	17
2.69142	17
2.6942	17
2.6942	17
2.6942	17
2.69421	17
2.69421	17
2.69433	17
2.69434	17
2.69434	17
2.70771	17
2.70774	17
2.71081	17
2.71081	17
2.71082	17
2.711	17
2.71303	17
2.72069	17
2.72069	17
2.72069	17
2.7207	17
2.7207	17
2.72071	17
2.72071	17
2.73011	17
2.73012	17
2.73013	17
2.74185	17
2.74185	17
2.74186	17
2.74186	17
2.74186	17
2.74188	17
2.74475	17
2.74475	17
2.74476	17
2.7882	17
2.7882	17
2.7882	17
2.78821	17
2.78821	17
2.78822	17
2.78822	17
2.8027	17
2.8027	17
2.80271	17
2.80404	17
2.80404	17
2.80404	17
2.80672	17
2.80672	17
2.80673	17
2.81296	17
2.81296	17
2.81398	17
2.81398	17
2.81398	17
2.81399	17
2.81559	17
2.8156	17
2.8156	17
2.8156	17
2.81687	17
2.81688	17
2.81689	17
2.82536	17
2.82536	17
2.82536	17
2.82537	17
2.82537	17
2.82704	17
2.82704	17
2.82706	17
2.82706	17
2.82706	17
2.82739	17
2.85085	17
2.85085	17
2.85086	17
2.85086	17
2.85086	17
2.85086	17
2.85086	17
2.85088	17
2.8621	17
2.86211	17
2.86211	17
2.86211	17
2.86211	17
2.86351	17
2.86352	17
2.86352	17
2.86823	17
2.86823	17
2.86826	17
2.87052	17
2.8707	17
2.8707	17
2.87071	17
2.87071	17
2.87071	17
2.87226	17
2.87226	17
2.87226	17
2.87227	17
2.88229	17
2.88229	17
2.88229	17
2.8823	17
2.88233	17
2.88257	17
2.88373	17
2.88373	17
2.88373	17
2.88378	17
2.88765	17
2.88765	17
2.88766	17
2.88767	17
2.89098	17
2.89098	17
2.89099	17
2.891	17
2.89103	17
2.90066	17
2.90066	17
2.90066	17
2.90066	17
2.90066	17
2.90066	17
2.90069	17
2.91161	17
2.91162	17
2.91163	17
2.92254	17
2.92255	17
2.92255	17
2.92256	17
2.92262	17
2.92426	17
2.92426	17
2.92426	17
2.92427	17
2.92978	17
2.92978	17
2.92978	17
2.9298	17
2.9298	17
2.9337	17
2.9337	17
2.93372	17
2.93372	17
2.94628	17
2.94629	17
2.94629	17
2.94629	17
2.94629	17
2.94657	17
2.94657	17
2.94659	17
2.94884	17
2.94884	17
2.94885	17
2.95711	17
2.95711	17
2.95711	17
2.95712	17
2.963	17
2.963	17
2.96301	17
2.9636	17
2.96361	17
2.96363	17
2.96683	17
2.96684	17
2.96684	17
2.98377	17
2.98378	17
2.98378	17
2.98379	17
2.98379	17
2.99595	17
2.99596	17
2.99596	17
2.99597	17
2.99597	17
2.99649	17
2.99649	17
2.99649	17
2.99752	17
2.99752	17
2.99753	17
2.99753	17
3.00185	17
3.00185	17
3.00185	17
3.00186	17
3.0019	17
3.00191	17
3.00191	17
3.00877	17
3.00877	17
3.00878	17
3.00879	17
3.01843	17
3.01843	17
3.01844	17
3.01844	17
3.05752	17
3.05752	17
3.05752	17
3.05753	17
3.05753	17
3.05753	17
3.05753	17
3.0576	17
3.0651	17
3.06512	17
3.06515	17
3.09315	17
3.09316	17
3.09316	17
3.09316	17
3.09317	17
3.09318	17
3.10034	17
3.10034	17
3.10034	17
3.10036	17
3.11843	17
3.11844	17
3.11844	17
3.11844	17
3.11845	17
3.11845	17
3.11856	17
3.12453	17
3.12453	17
3.12454	17
3.12455	17
3.13016	17
3.13016	17
3.13016	17
3.13018	17
3.13782	17
3.13783	17
3.13784	17
3.14403	17
3.14404	17
3.14985	17
3.14985	17
3.14986	17
3.14986	17
3.14987	17
3.16013	17
3.16015	17
3.16016	17
3.1604	17
3.16087	17
3.16089	17
3.16092	17
3.16232	17
3.16233	17
3.16234	17
3.16384	17
3.16385	17
3.16527	17
3.16527	17
3.16527	17
3.16528	17
3.17261	17
3.17262	17
3.17262	17
3.17265	17
3.19124	17
3.19124	17
3.19124	17
3.19125	17
3.19129	17
3.19816	17
3.19817	17
3.19817	17
3.19819	17
3.20303	17
3.20304	17
3.20304	17
3.20306	17
3.20676	17
3.20676	17
3.20678	17
3.20678	17
3.22524	17
3.22524	17
3.22524	17
3.22525	17
3.22525	17
3.22527	17
3.2253	17
3.23017	17
3.23235	17
3.23245	17
3.23339	17
3.2334	17
3.23341	17
3.23687	17
3.23687	17
3.23688	17
3.23689	17
3.24803	17
3.24803	17
3.24803	17
3.24804	17
3.24804	17
3.24804	17
3.24804	17
3.24807	17
3.27556	17
3.27557	17
3.27557	17
3.27557	17
3.27558	17
3.2756	17
3.27561	17
3.27594	17
3.27608	17
3.27609	17
3.27611	17
3.27648	17
3.27648	17
3.27649	17
3.27877	17
3.2897	17
3.2897	17
3.28972	17
3.28973	17
3.29644	17
3.29644	17
3.29644	17
3.29644	17
3.29647	17
3.31352	17
3.31354	17
3.31355	17
3.31357	17
3.31389	17
3.32821	17
3.32823	17
3.32823	17
3.32824	17
3.32825	17
3.33575	17
3.33576	17
3.33576	17
3.3358	17
3.34719	17
3.34719	17
3.34719	17
3.3472	17
3.34729	17
3.35362	17
3.35362	17
3.35362	17
3.35362	17
3.35362	17
3.35363	17
3.35363	17
3.3663	17
3.36631	17
3.36632	17
3.36639	17
3.37473	17
3.37473	17
3.37474	17
3.37487	17
3.38001	17
3.38003	17
3.38004	17
3.3801	17
3.38319	17
3.38319	17
3.3832	17
3.3832	17
3.38321	17
3.40126	17
3.40126	17
3.4013	17
3.40562	17
3.40565	17
3.41187	17
3.41188	17
3.41188	17
3.4119	17
3.412	17
3.41313	17
3.41313	17
3.41321	17
3.41528	17
3.41528	17
3.41541	17
3.41914	17
3.41914	17
3.41915	17
3.41936	17
3.42422	17
3.42423	17
3.42448	17
3.42681	17
3.42682	17
3.42684	17
3.43232	17
3.43232	17
3.43232	17
3.4324	17
3.4481	17
3.4481	17
3.4481	17
3.4481	17
3.44816	17
3.44887	17
3.45203	17
3.45204	17
3.45204	17
3.45204	17
3.45206	17
3.47894	17
3.47894	17
3.47895	17
3.47895	17
3.47897	17
3.47901	17
3.48024	17
3.48024	17
3.48027	17
3.5	17
3.5	17
3.5	17
3.50005	17
3.52538	17
3.52539	17
3.52539	17
3.52539	17
3.5254	17
3.52544	17
3.52545	17
3.52865	17
3.52865	17
3.52866	17
3.52872	17
3.55199	17
3.55199	17
3.552	17
3.55201	17
3.55202	17
3.55202	17
3.56041	17
3.56042	17
3.56042	17
4.0801	17
4.08011	17
4.08011	17
4.08011	17
4.08011	17
4.08012	17
4.08018	17
4.08048	17
4.10663	17
4.10663	17
4.10663	17
4.10663	17
4.10665	17
4.10665	17
4.10795	17
4.11504	17
4.11505	17
4.11507	17
4.11866	17
4.11866	17
4.11866	17
4.11879	17
4.12101	17
4.12114	17
4.12711	17
4.12712	17
4.1272	17
4.12741	17
4.12742	17
4.12743	17
4.12758	17
4.13382	17
4.13382	17
4.13382	17
4.13383	17
4.13386	17
4.13388	17
4.14923	17
4.14923	17
4.14923	17
4.14925	17
4.14934	17
4.16018	17
4.16019	17
4.16019	17
4.16021	17
4.51445	17
4.51446	17
4.51447	17
4.51448	17
4.5145	17
4.5145	17
4.51496	17
4.51498	17
4.53863	17
4.53863	17
4.53863	17
4.53864	17
4.53864	17
4.53867	17
4.53867	17
4.5388	17
4.55899	17
4.55899	17
4.55902	17
4.55902	17
4.55903	17
4.55903	17
4.55906	17
4.58594	17
4.58594	17
4.58594	17
4.58595	17
4.58595	17
4.58595	17
4.58596	17
4.59038	17
4.5933	17
4.5933	17
4.59331	17
4.59349	17
4.59704	17
4.59706	17
4.59706	17
4.59718	17
4.5986	17
4.5986	17
4.5986	17
4.59861	17
4.59867	17
4.61559	17
4.66349	17
4.66349	17
4.66349	17
4.6635	17
4.6635	17
4.6635	17
4.66351	17
4.6638	17
4.66908	17
4.66908	17
4.66909	17
4.66909	17
4.66912	17
4.7339	17
4.7339	17
4.73391	17
4.73391	17
4.73393	17
4.73393	17
4.73405	17
4.73827	17
4.73827	17
4.7384	17
4.73853	17
4.77495	17
4.77496	17
4.77496	17
4.77496	17
4.77497	17
4.77497	17
4.77498	17
4.80493	17
4.80493	17
4.80495	17
4.80501	17
4.80502	17
4.81005	17
4.81006	17
4.81006	17
4.8101	17
4.81016	17
5.24186	17
5.24186	17
5.24186	17
5.24188	17
5.24189	17
5.24235	17
5.24246	17
5.65427	17
5.65428	17
5.65428	17
5.65429	17
5.65431	17
5.65449	17
5.67001	17
5.67002	17
5.67005	17
5.67011	17
5.67024	17
5.67029	17
5.67376	17
5.67376	17
5.67377	17
5.67379	17
5.73704	17
5.73704	17
5.73705	17
5.73705	17
5.73707	17
5.73707	17
5.73722	17
5.74772	17
5.74792	17
5.77705	17
5.77705	17
5.77705	17
5.77705	17
5.77705	17
5.77706	17
5.7775	17
5.92038	17
5.92038	17
5.92038	17
5.92042	17
5.92044	17
5.9404	17
5.94042	17
5.94056	17
5.97854	17
5.97855	17
5.97856	17
5.97856	17
5.97856	17
5.97857	17
5.97858	17
5.97876	17
5.97878	17
5.97881	17
6.0089	17
6.00891	17
6.00893	17
6.00893	17
6.00895	17
6.00927	17
6.00929	17
6.00958	17
6.02795	17
6.02795	17
6.02795	17
6.02798	17
6.27467	17
6.27468	17
6.27469	17
6.2747	17
6.27473	17
6.27475	17
6.27494	17
6.31257	17
6.31257	17
6.31257	17
6.31258	17
6.31261	17
6.31263	17
6.33953	17
6.33953	17
6.33954	17
6.33954	17
6.33955	17
6.33956	17
6.33956	17
6.33969	17
6.3792	17
6.3792	17
6.3792	17
6.37924	17
6.92844	17
6.92846	17
6.92846	17
6.92848	17
6.92849	17
6.92851	17
7.17308	17
7.1731	17
7.17311	17
7.17312	17
7.17314	17
7.17318	17
7.17318	17
7.17326	17
7.17396	17
7.23976	17
7.23976	17
7.23976	17
7.23977	17
7.23978	17
7.23983	17
7.2399	17
7.2514	17
7.30781	17
7.30781	17
7.30781	17
7.30783	17
7.30784	17
7.30784	17
7.30785	17
7.3079	17
7.31991	17
7.31992	17
7.32002	17
7.41894	17
7.41894	17
7.41897	17
7.41897	17
7.41898	17
7.41907	17
7.41915	17
7.41929	17
7.43434	17
7.43434	17
7.43434	17
7.43443	17
7.43454	17
7.53582	17
7.53583	17
7.53583	17
7.53584	17
7.53591	17
7.53606	17
7.56762	17
7.56762	17
7.56762	17
7.5677	17
7.56786	17
7.56793	17
7.56839	17
7.81399	17
7.81399	17
7.814	17
7.81402	17
7.81403	17
7.81405	17
7.81412	17
7.81416	17
7.83505	17
7.83505	17
7.83506	17
7.83506	17
7.83523	17
8.0985	17
8.09851	17
8.09851	17
8.09852	17
8.09853	17
8.09862	17
8.09863	17
8.24109	17
8.2411	17
8.2411	17
8.2411	17
8.24115	17
8.24121	17
8.24122	17
8.81638	17
8.81638	17
8.8164	17
8.8164	17
8.81645	17
8.81649	17
8.81659	17
8.87271	17
8.87275	17
8.87277	17
8.87279	17
8.8728	17
8.8731	17
8.87383	17
8.94597	17
8.94598	17
8.94598	17
8.94598	17
8.94603	17
8.94624	17
8.9465	17
8.9467	17
9.10902	17
9.10902	17
9.10904	17
9.10905	17
9.10909	17
9.11017	17
9.11042	17
9.38745	17
9.38747	17
9.38749	17
9.38749	17
9.3875	17
9.3875	17
9.38752	17
9.42997	17
9.42998	17
9.42998	17
9.42998	17
9.43005	17
9.43088	17
9.67633	17
9.67634	17
9.67634	17
9.67636	17
9.67643	17
9.81209	17
9.81209	17
9.81209	17
9.8121	17
9.81215	17
9.81215	17
9.81273	17
9.81317	17
9.81393	17
9.81605	17
9.81607	17
9.81634	17
10.0745	17
10.0745	17
10.0745	17
10.0745	17
10.0745	17
10.0746	17
10.0749	17
10.3902	17
10.3902	17
10.3902	17
10.3902	17
10.3902	17
10.3904	17
10.3904	17
10.3907	17
10.4542	17
10.4542	17
10.4542	17
10.4542	17
10.4542	17
10.4542	17
10.4544	17
10.7037	17
10.7037	17
10.7037	17
10.7037	17
10.7037	17
10.704	17
10.7043	17
10.8721	17
10.8721	17
10.8721	17
10.8721	17
10.8721	17
10.8846	17
10.8847	17
10.8851	17
10.9058	17
10.9059	17
10.9061	17
10.9062	17
11.2925	17
11.2925	17
11.2925	17
11.2926	17
11.2927	17
11.572	17
11.572	17
11.572	17
11.572	17
11.5721	17
11.5722	17
11.5722	17
11.5722	17
11.5724	17
11.5724	17
11.5726	17
11.5984	17
11.5985	17
11.5989	17
11.599	17
11.9963	17
11.9963	17
11.9963	17
11.9963	17
11.9964	17
11.9964	17
11.997	17
12.0409	17
12.0409	17
12.0409	17
12.0409	17
12.0409	17
12.0413	17
12.0414	17
12.0713	17
12.0713	17
12.0713	17
12.0715	17
12.2371	17
12.2372	17
12.2372	17
12.2372	17
12.2372	17
12.2373	17
12.2378	17
12.5248	17
12.5248	17
12.5248	17
12.5248	17
12.5248	17
12.5249	17
12.5264	17
12.5899	17
12.5899	17
12.5899	17
12.5899	17
12.59	17
12.59	17
12.5902	17
12.5902	17
12.5909	17
12.5963	17
12.5966	17
12.5967	17
12.5969	17
12.9093	17
12.9093	17
12.9093	17
12.9093	17
12.9094	17
12.9095	17
12.9102	17
13.4281	17
13.4281	17
13.4281	17
13.4281	17
13.4281	17
13.4281	17
13.4282	17
13.5246	17
13.5246	17
13.5246	17
13.5246	17
13.5246	17
13.5247	17
13.5249	17
13.525	17
13.8099	17
13.8099	17
13.8099	17
13.8099	17
13.8099	17
13.8113	17
13.8153	17
13.8153	17
13.8153	17
13.8155	17
13.8155	17
13.8809	17
13.8809	17
13.8809	17
13.8809	17
13.8809	17
13.8826	17
14.1829	17
14.1829	17
14.1829	17
14.1829	17
14.183	17
14.1837	17
14.184	17
14.4496	17
14.4496	17
14.4496	17
14.4496	17
14.4496	17
14.4496	17
14.4497	17
14.45	17
14.6666	17
14.6666	17
14.6666	17
14.6666	17
14.6666	17
14.6668	17
14.7583	17
14.7583	17
14.7583	17
14.7583	17
14.7583	17
14.7583	17
14.7584	17
14.7591	17
14.8008	17
14.8008	17
14.8008	17
14.8008	17
14.8008	17
14.8008	17
14.8016	17
15.0236	17
15.0236	17
15.0237	17
15.0237	17
15.0237	17
15.0246	17
15.0248	17
15.3495	17
15.3495	17
15.3495	17
15.3495	17
15.3496	17
15.3499	17
15.35	17
15.5	17
15.5	17
15.5	17
15.5001	17
15.5002	17
15.5002	17
15.5003	17
15.5006	17
15.5894	17
15.5894	17
15.5894	17
15.5894	17
15.5894	17
15.592	17
15.6943	17
15.6943	17
15.6943	17
15.6943	17
15.6944	17
15.6954	17
15.8216	17
15.8216	17
15.8216	17
15.8217	17
15.8218	17
15.8218	17
15.8218	17
15.8222	17
15.8226	17
15.8841	17
15.8841	17
15.8841	17
15.8842	17
15.8842	17
15.8845	17
15.8851	17
15.9539	17
15.9539	17
15.9539	17
15.9539	17
15.954	17
16.0727	17
16.0727	17
16.0727	17
16.0727	17
16.0728	17
16.0728	17
16.0728	17
16.073	17
16.2234	17
16.2234	17
16.2234	17
16.2234	17
16.2234	17
16.2238	17
16.2264	17
16.2265	17
16.2267	17
16.228	17
16.3568	17
16.3569	17
16.3569	17
16.3569	17
16.357	17
16.3571	17
16.3574	17
16.3574	17
16.3603	17
16.3607	17
16.3609	17
16.4101	17
16.4101	17
16.4101	17
16.4101	17
16.4102	17
16.4109	17
16.4111	17
16.7049	17
16.7049	17
16.7049	17
16.7049	17
16.7049	17
16.7049	17
16.705	17
16.7239	17
16.7239	17
16.7239	17
16.724	17
16.7244	17
16.7247	17
16.921	17
16.921	17
16.921	17
16.921	17
16.921	17
17.1464	17
17.1464	17
17.1464	17
17.1464	17
17.1464	17
17.1465	17
17.1467	17
17.1468	17
17.1472	17
17.2484	17
17.2484	17
17.2484	17
17.2484	17
17.2485	17
17.2485	17
17.2486	17
17.2488	17
17.7141	17
17.7141	17
17.7141	17
17.7141	17
17.7141	17
17.7141	17
17.7142	17
17.7147	17
17.9067	17
17.9067	17
17.9067	17
17.9067	17
17.9067	17
17.9073	17
17.9077	17
18.0418	17
18.0418	17
18.0418	17
18.0418	17
18.0418	17
18.0637	17
18.0637	17
18.0639	17
18.4058	17
18.4058	17
18.4058	17
18.4058	17
18.4058	17
18.4059	17
18.4061	17
18.5923	17
18.5923	17
18.5924	17
18.5924	17
18.5924	17
18.5925	17
18.6327	17
18.6327	17
18.6327	17
18.6327	17
18.6327	17
18.6327	17
18.6509	17
18.6509	17
18.6509	17
18.8498	17
18.8498	17
18.8498	17
18.8498	17
18.8498	17
18.8498	17
18.8499	17
18.85	17
18.8501	17
19.0163	17
19.0163	17
19.0163	17
19.0163	17
19.0163	17
19.4481	17
19.4481	17
19.4481	17
19.4481	17
19.4482	17
19.4482	17
19.6628	17
19.6628	17
19.6628	17
19.6628	17
19.6628	17
19.663	17
19.6636	17
19.7596	17
19.7596	17
19.7596	17
19.7597	17
19.7597	17
19.7603	17
19.7603	17
19.7604	17
20.14	17
20.14	17
20.14	17
20.14	17
20.14	17
20.1402	17
20.1406	17
20.5047	17
20.5048	17
20.5048	17
20.5048	17
20.5048	17
20.6266	17
20.6266	17
20.6266	17
20.6266	17
20.6267	17
20.6268	17
20.8682	17
20.8682	17
20.8682	17
20.8682	17
20.8682	17
20.8685	17
20.8689	17
20.8693	17
20.9441	17
20.9441	17
20.9441	17
20.9441	17
20.9441	17
20.9445	17
20.9446	17
21.0212	17
21.0212	17
21.0212	17
21.0212	17
21.0213	17
21.0216	17
21.0221	17
21.0308	17
21.0312	17
21.0315	17
21.2465	17
21.2465	17
21.2465	17
21.2465	17
21.2465	17
21.2472	17
21.2476	17
21.5762	17
21.5762	17
21.5762	17
21.5762	17
21.5763	17
21.5763	17
21.5769	17
21.577	17
22.0133	17
22.0133	17
22.0133	17
22.0133	17
22.0133	17
22.0134	17
22.0136	17
22.0356	17
22.0356	17
22.0356	17
22.0356	17
22.0363	17
22.0368	17
22.0372	17
22.0374	17
22.3109	17
22.3109	17
22.3109	17
22.311	17
22.311	17
22.3114	17
22.3121	17
22.3847	17
22.3847	17
22.3847	17
22.3847	17
22.3848	17
22.385	17
22.3851	17
22.4563	17
22.4563	17
22.4563	17
22.4563	17
22.4563	17
22.4564	17
22.4568	17
22.5986	17
22.5986	17
22.5986	17
22.5986	17
22.5986	17
22.5989	17
22.5995	17
22.6175	17
22.6175	17
22.6176	17
22.6176	17
22.9169	17
22.9169	17
22.9169	17
22.9169	17
22.917	17
23.3116	17
23.3116	17
23.3116	17
23.3116	17
23.3116	17
23.3118	17
23.312	17
23.3125	17
23.4016	17
23.4016	17
23.4016	17
23.4016	17
23.4016	17
23.4018	17
23.4019	17
23.4019	17
23.4084	17
23.4085	17
23.4089	17
23.4586	17
23.4586	17
23.4586	17
23.4586	17
23.4586	17
23.4586	17
23.4589	17
23.9463	17
23.9463	17
23.9464	17
23.9464	17
23.9464	17
24.1735	17
24.1735	17
24.1735	17
24.1735	17
24.1736	17
24.1737	17
24.1739	17
24.174	17
24.1863	17
24.1864	17
24.1865	17
24.1872	17
24.1872	17
24.199	17
24.1994	17
24.1994	17
24.3054	17
24.3054	17
24.3054	17
24.3054	17
24.3054	17
24.3055	17
24.3057	17
24.3064	17
24.3068	17
24.3071	17
24.3077	17
24.6226	17
24.6226	17
24.6226	17
24.6226	17
24.6226	17
24.6228	17
24.6229	17
24.7037	17
24.7037	17
24.7037	17
24.7038	17
24.7038	17
24.7047	17
24.7048	17
24.8837	17
24.8837	17
24.8837	17
24.8837	17
24.8837	17
24.8837	17
24.8839	17
24.9286	17
24.9286	17
24.9286	17
24.9286	17
24.9286	17
24.9984	17
24.9984	17
24.9984	17
24.9985	17
24.9985	17
24.9985	17
24.9986	17
24.9988	17
24.9993	17
25.1365	17
25.1365	17
25.1365	17
25.1365	17
25.1365	17
25.1366	17
25.1367	17
25.1387	17
25.2827	17
25.2827	17
25.2827	17
25.2827	17
25.2827	17
25.2829	17
25.2831	17
25.4693	17
25.4693	17
25.4693	17
25.4693	17
25.4693	17
25.5337	17
25.5337	17
25.5337	17
25.5337	17
25.5338	17
25.5341	17
25.6105	17
25.6105	17
25.6106	17
25.6106	17
25.6106	17
25.6107	17
25.611	17
25.6111	17
25.6113	17
25.9221	17
25.9221	17
25.9221	17
25.9221	17
25.9222	17
25.9223	17
25.9223	17
25.9246	17
26.2037	17
26.2037	17
26.2038	17
26.2038	17
26.2038	17
26.3039	17
26.3039	17
26.3039	17
26.3039	17
26.304	17
26.304	17
26.3041	17
26.3043	17
26.3045	17
27.8776	17
27.8776	17
27.8776	17
27.8776	17
27.8776	17
27.8776	17
27.8781	17
27.8929	17
27.8937	17
27.8938	17
27.8946	17
27.8947	17
28.0109	17
28.0109	17
28.0109	17
28.0109	17
28.011	17
28.1502	17
28.1502	17
28.1503	17
28.1504	17
28.1504	17
28.1505	17
28.1506	17
28.362	17
28.362	17
28.362	17
28.362	17
28.362	17
28.3621	17
28.3621	17
28.3625	17
28.6799	17
28.6799	17
28.68	17
28.68	17
28.68	17
28.68	17
28.681	17
29.6603	17
29.6603	17
29.6603	17
29.6603	17
29.6604	17
29.6604	17
29.6607	17
29.7703	17
29.7703	17
29.7703	17
29.7703	17
29.7703	17
29.8551	17
29.8551	17
29.8551	17
29.8551	17
29.8552	17
29.8554	17
29.8554	17
29.8577	17
30.4032	17
30.4032	17
30.4032	17
30.4033	17
30.4033	17
30.4033	17
30.4042	17
30.4047	17
30.5132	17
30.5132	17
30.5132	17
30.5132	17
30.5132	17
30.5137	17
30.5137	17
30.7012	17
30.7012	17
30.7012	17
30.7013	17
30.7013	17
30.7013	17
30.7015	17
30.9008	17
30.9009	17
30.9009	17
30.9009	17
30.9009	17
31.0096	17
31.0097	17
31.0097	17
31.0098	17
31.0098	17
31.0098	17
31.0103	17
31.0122	17
31.401	17
31.4011	17
31.4011	17
31.4011	17
31.4011	17
31.4016	17
31.402	17
31.6029	17
31.6029	17
31.6029	17
31.603	17
31.6031	17
31.6105	17
31.6105	17
31.6106	17
31.6219	17
31.6219	17
31.622	17
31.7149	17
31.7149	17
31.7149	17
31.7149	17
31.715	17
31.7151	17
31.8741	17
31.8741	17
31.8741	17
31.8741	17
31.8741	17
31.8741	17
31.9184	17
31.9184	17
31.9184	17
31.9184	17
31.9184	17
31.9188	17
32.2463	17
32.2463	17
32.2463	17
32.2463	17
32.2463	17
32.2465	17
32.3179	17
32.3179	17
32.3179	17
32.3179	17
32.3179	17
32.318	17
32.3186	17
32.3189	17
32.3673	17
32.3673	17
32.3673	17
32.3673	17
32.3674	17
32.3674	17
32.368	17
32.4252	17
32.4252	17
32.4252	17
32.4252	17
32.4253	17
32.4255	17
32.4271	17
32.5094	17
32.5094	17
32.5094	17
32.5094	17
32.5095	17
32.9468	17
32.9468	17
32.9468	17
32.9468	17
32.9468	17
32.9469	17
32.947	17
32.9473	17
33.1096	17
33.1096	17
33.1096	17
33.1096	17
33.1097	17
33.2241	17
33.2241	17
33.2241	17
33.2242	17
33.2242	17
33.2244	17
33.2453	17
33.2453	17
33.2453	17
33.2453	17
33.2454	17
33.2454	17
33.2472	17
33.4123	17
33.4123	17
33.4124	17
33.4124	17
33.4124	17
33.4127	17
33.419	17
33.4202	17
33.4292	17
33.4292	17
33.43	17
33.4304	17
33.4322	17
33.4322	17
33.4336	17
33.5947	17
33.5947	17
33.5947	17
33.5948	17
33.5948	17
33.5949	17
33.599	17
33.5994	17
33.8434	17
33.8434	17
33.8434	17
33.8434	17
33.8435	17
33.9208	17
33.9208	17
33.9209	17
33.9209	17
33.9209	17
33.921	17
33.9212	17
33.9229	17
33.93	17
33.9305	17
33.9332	17
34.0854	17
34.0854	17
34.0855	17
34.0855	17
34.0855	17
34.0855	17
34.0857	17
34.0861	17
34.2494	17
34.2494	17
34.2494	17
34.2494	17
34.2496	17
34.778	17
34.778	17
34.778	17
34.778	17
34.7782	17
34.7782	17
34.7783	17
34.7784	17
34.7844	17
34.7846	17
34.7846	17
34.7897	17
34.8038	17
35.248	17
35.248	17
35.248	17
35.248	17
35.248	17
35.2481	17
35.2484	17
35.2494	17
35.3013	17
35.3013	17
35.3013	17
35.3013	17
35.3014	17
35.3016	17
35.3016	17
35.3023	17
35.6309	17
35.6309	17
35.6309	17
35.631	17
35.631	17
35.6317	17
35.6375	17
35.7375	17
35.7375	17
35.7375	17
35.7375	17
35.7376	17
35.7402	17
35.7402	17
35.7402	17
36.2797	17
36.2797	17
36.2797	17
36.2797	17
36.2797	17
36.2798	17
36.2799	17
36.2816	17
36.2817	17
36.6886	17
36.6886	17
36.6886	17
36.6886	17
36.6886	17
36.7134	17
36.7135	17
36.7135	17
36.7136	17
36.7137	17
37.1984	17
37.1984	17
37.1984	17
37.1984	17
37.1984	17
37.1987	17
37.1988	17
37.1993	17
37.752	17
37.752	17
37.752	17
37.752	17
37.7521	17
37.7523	17
37.8004	17
37.8004	17
37.8004	17
37.8005	17
37.8006	17
37.8007	17
37.8519	17
37.8519	17
37.8519	17
37.8519	17
37.852	17
37.8522	17
37.9242	17
37.9242	17
37.9242	17
37.9243	17
37.9243	17
37.9244	17
37.9861	17
37.9861	17
37.9861	17
37.9861	17
37.9862	17
37.9863	17
37.9863	17
38.1346	17
38.1346	17
38.1346	17
38.1346	17
38.1346	17
38.1347	17
38.3007	17
38.3007	17
38.3007	17
38.3008	17
38.3008	17
38.3009	17
38.3115	17
38.3115	17
38.9905	17
38.9905	17
38.9905	17
38.9905	17
38.9905	17
38.9905	17
39.0426	17
39.0427	17
39.0427	17
39.0427	17
39.0427	17
39.0429	17
39.0432	17
39.5348	17
39.5348	17
39.5348	17
39.5348	17
39.5348	17
39.5351	17
39.7267	17
39.7268	17
39.7268	17
39.7268	17
39.7269	17
39.7272	17
39.7273	17
40.1936	17
40.1936	17
40.1936	17
40.1936	17
40.1936	17
40.1938	17
40.2182	17
40.2182	17
40.2182	17
40.2182	17
40.2183	17
40.3182	17
40.3182	17
40.3182	17
40.3183	17
40.3183	17
40.8502	17
40.8502	17
40.8502	17
40.8502	17
40.8502	17
40.8503	17
40.8503	17
40.8684	17
40.8684	17
40.8685	17
41.4558	17
41.4558	17
41.4558	17
41.4558	17
41.4559	17
41.456	17
41.4565	17
41.5826	17
41.5826	17
41.5826	17
41.5827	17
41.5828	17
41.5831	17
41.9023	17
41.9023	17
41.9024	17
41.9024	17
41.9025	17
41.9484	17
41.9484	17
41.9484	17
41.9485	17
41.9485	17
41.9493	17
41.9584	17
41.9584	17
41.9584	17
41.9592	17
41.9815	17
41.9815	17
41.9815	17
41.9817	17
42.3881	17
42.3881	17
42.3881	17
42.3881	17
42.3882	17
42.3884	17
43.2431	17
43.2431	17
43.2432	17
43.2432	17
43.2432	17
43.2432	17
43.2434	17
43.695	17
43.695	17
43.695	17
43.695	17
43.6951	17
43.6963	17
43.6964	17
43.6966	17
43.6969	17
43.6969	17
43.7637	17
43.7637	17
43.7637	17
43.7638	17
43.7639	17
43.764	17
44.3333	17
44.3333	17
44.3333	17
44.3333	17
44.3334	17
44.4155	17
44.4155	17
44.4155	17
44.4156	17
44.4157	17
44.4168	17
44.5079	17
44.5079	17
44.5079	17
44.508	17
44.508	17
44.5084	17
44.5085	17
44.5091	17
44.6385	17
44.6385	17
44.6385	17
44.6385	17
44.6385	17
44.6386	17
45.0462	17
45.0462	17
45.0462	17
45.0463	17
45.0463	17
45.0463	17
45.0463	17
45.1248	17
45.1248	17
45.1248	17
45.1248	17
45.1249	17
45.1255	17
45.6427	17
45.6427	17
45.6427	17
45.6428	17
45.6428	17
45.956	17
45.956	17
45.956	17
45.956	17
45.956	17
45.9564	17
46.6329	17
46.6329	17
46.6329	17
46.6329	17
46.633	17
46.633	17
46.6332	17
46.7795	17
46.7795	17
46.7796	17
46.7796	17
46.7796	17
46.78	17
46.9404	17
46.9405	17
46.9405	17
46.9405	17
46.9405	17
46.9405	17
47.0367	17
47.0367	17
47.0367	17
47.0368	17
47.0368	17
47.0369	17
47.0554	17
47.0554	17
47.0557	17
47.0981	17
47.0981	17
47.0981	17
47.0981	17
47.0982	17
47.0983	17
47.1502	17
47.1502	17
47.1503	17
47.1503	17
47.1503	17
47.1507	17
47.2039	17
47.2039	17
47.2039	17
47.2039	17
47.2039	17
47.2306	17
47.2306	17
47.2306	17
47.2306	17
47.2307	17
47.2308	17
47.3879	17
47.3879	17
47.3879	17
47.3879	17
47.388	17
47.8372	17
47.8373	17
47.8373	17
47.8373	17
47.8374	17
47.8376	17
47.838	17
48.1153	17
48.1153	17
48.1153	17
48.1153	17
48.1154	17
48.1154	17
48.1859	17
48.1859	17
48.186	17
48.186	17
48.186	17
48.1863	17
48.2543	17
48.2543	17
48.2543	17
48.2544	17
48.2544	17
48.2548	17
49.3197	17
49.3197	17
49.3197	17
49.3197	17
49.3197	17
49.6814	17
49.6814	17
49.6814	17
49.6814	17
49.6814	17
49.6815	17
49.6815	17
49.7923	17
49.7923	17
49.7923	17
49.7923	17
49.7923	17
49.7923	17
49.7925	17
49.8516	17
49.8516	17
49.8516	17
49.8517	17
49.8517	17
50.3158	17
50.3158	17
50.3158	17
50.3158	17
50.3158	17
50.3159	17
50.316	17
50.348	17
50.348	17
50.348	17
50.3487	17
50.547	17
50.547	17
50.547	17
50.547	17
50.547	17
50.5471	17
50.5471	17
50.8468	17
50.8468	17
50.8468	17
50.8468	17
50.8468	17
50.8474	17
51.089	17
51.089	17
51.089	17
51.089	17
51.0891	17
51.2911	17
51.2911	17
51.2911	17
51.2911	17
51.2911	17
51.2911	17
51.3719	17
51.3719	17
51.3719	17
51.3719	17
51.372	17
51.3721	17
51.6478	17
51.6478	17
51.6478	17
51.6478	17
51.6479	17
51.6479	17
51.6479	17
52.1122	17
52.1123	17
52.1123	17
52.1123	17
52.1123	17
52.1125	17
52.221	17
52.2211	17
52.2211	17
52.2211	17
52.2212	17
52.2212	17
52.4274	17
52.4274	17
52.4274	17
52.4274	17
52.4274	17
52.4275	17
52.4561	17
52.4561	17
52.4561	17
52.4561	17
52.4562	17
52.4563	17
52.4831	17
52.4831	17
52.5218	17
52.5218	17
52.5218	17
52.5218	17
52.5219	17
52.5219	17
52.5224	17
52.5403	17
52.5403	17
52.5403	17
52.5403	17
52.5611	17
52.5611	17
52.5611	17
52.5611	17
52.5611	17
52.8023	17
52.8024	17
52.8024	17
52.8024	17
52.8024	17
52.8025	17
53.1951	17
53.1951	17
53.1951	17
53.1951	17
53.1952	17
53.1954	17
53.2566	17
53.2566	17
53.2566	17
53.2566	17
53.2566	17
53.2567	17
53.257	17
53.268	17
53.268	17
53.2681	17
53.7576	17
53.7577	17
53.7577	17
53.7577	17
53.7577	17
53.7583	17
53.8068	17
53.8068	17
53.8068	17
53.8068	17
53.8068	17
53.8069	17
54.1613	17
54.1614	17
54.1614	17
54.1614	17
54.1615	17
54.1619	17
54.1707	17
54.1707	17
54.1709	17
54.1713	17
54.6173	17
54.6173	17
54.6173	17
54.6173	17
54.6173	17
54.6173	17
55.305	17
55.305	17
55.305	17
55.305	17
55.305	17
55.3056	17
55.8901	17
55.8901	17
55.8901	17
55.8901	17
55.8901	17
55.8901	17
56.022	17
56.022	17
56.022	17
56.022	17
56.0221	17
56.0221	17
56.2434	17
56.2434	17
56.2434	17
56.2434	17
56.2434	17
56.2435	17
56.2436	17
56.3779	17
56.3779	17
56.3779	17
56.3779	17
56.3779	17
56.3783	17
56.4931	17
56.4931	17
56.4931	17
56.4931	17
56.4931	17
56.4939	17
56.4944	17
56.5716	17
56.5716	17
56.5716	17
56.5717	17
56.5717	17
56.5717	17
57.1735	17
57.1735	17
57.1735	17
57.1735	17
57.1735	17
57.1736	17
57.6856	17
57.6856	17
57.6856	17
57.6857	17
57.6857	17
57.6861	17
58.0633	17
58.0633	17
58.0633	17
58.0633	17
58.0633	17
58.0638	17
58.4977	17
58.4977	17
58.4977	17
58.4977	17
58.4978	17
58.4981	17
58.4982	17
59.7229	17
59.7229	17
59.7229	17
59.723	17
59.723	17
59.723	17
59.7232	17
59.9408	17
59.9408	17
59.9408	17
59.9409	17
59.9409	17
60.1457	17
60.1457	17
60.1457	17
60.1457	17
60.1458	17
60.1458	17
60.1458	17
60.1459	17
60.3415	17
60.3415	17
60.3415	17
60.3415	17
60.3415	17
60.3417	17
61.1546	17
61.1546	17
61.1546	17
61.1546	17
61.1546	17
61.1547	17
61.3647	17
61.3647	17
61.3647	17
61.3647	17
61.3647	17
61.3649	17
61.4289	17
61.4289	17
61.4289	17
61.4289	17
61.4289	17
61.429	17
61.4294	17
61.6953	17
61.6953	17
61.6953	17
61.6954	17
61.6954	17
61.6954	17
61.9721	17
61.9721	17
61.9721	17
61.9721	17
61.9721	17
62.1069	17
62.1069	17
62.1069	17
62.107	17
62.1071	17
62.1074	17
63.783	17
63.783	17
63.783	17
63.783	17
63.7832	17
63.7832	17
63.9029	17
63.9029	17
63.9029	17
63.9029	17
63.9029	17
63.903	17
63.9035	17
64.398	17
64.3981	17
64.3981	17
64.3981	17
64.3981	17
64.3982	17
65.2517	17
65.2517	17
65.2517	17
65.2518	17
65.2518	17
65.252	17
65.252	17
65.4147	17
65.4147	17
65.4147	17
65.4148	17
65.4148	17
65.4152	17
65.5685	17
65.5685	17
65.5685	17
65.5685	17
65.5685	17
65.5687	17
65.5694	17
65.5807	17
65.5807	17
65.6847	17
65.6847	17
65.6847	17
65.6848	17
65.6848	17
65.6848	17
65.6858	17
65.6859	17
65.686	17
66.0481	17
66.0481	17
66.0481	17
66.0481	17
66.0481	17
66.0481	17
66.0482	17
66.0483	17
66.0962	17
66.0962	17
66.0962	17
66.0962	17
66.0962	17
66.0962	17
66.0963	17
66.3561	17
66.3561	17
66.3562	17
66.3562	17
66.3562	17
66.3567	17
66.433	17
66.433	17
66.433	17
66.433	17
66.433	17
66.4332	17
66.8248	17
66.8248	17
66.8248	17
66.8249	17
66.8249	17
66.8251	17
66.8399	17
66.8399	17
66.8992	17
66.8992	17
66.8992	17
66.8992	17
66.8993	17
66.8993	17
66.8993	17
67.1745	17
67.1745	17
67.1745	17
67.1745	17
67.1746	17
67.1751	17
67.3234	17
67.3234	17
67.3234	17
67.3235	17
67.3235	17
67.3235	17
67.6428	17
67.6428	17
67.6428	17
67.6429	17
67.6429	17
67.6429	17
68.0474	17
68.0474	17
68.0474	17
68.0474	17
68.0475	17
68.048	17
68.3474	17
68.3474	17
68.3474	17
68.3474	17
68.3474	17
68.3475	17
68.7167	17
68.7167	17
68.7167	17
68.7167	17
68.7167	17
68.7167	17
68.8111	17
68.8111	17
68.8111	17
68.8112	17
68.8113	17
68.871	17
68.8711	17
68.8711	17
68.8711	17
68.8712	17
68.9944	17
68.9945	17
68.9945	17
68.9945	17
68.9946	17
68.9946	17
68.9948	17
68.9952	17
69.0484	17
69.0484	17
69.0484	17
69.0484	17
69.0484	17
69.0485	17
69.0635	17
69.0635	17
69.0635	17
69.0635	17
69.0636	17
69.0636	17
69.2332	17
69.2333	17
69.2333	17
69.2333	17
69.2334	17
69.2334	17
69.7115	17
69.7115	17
69.7116	17
69.7116	17
69.7116	17
69.7387	17
69.7387	17
69.7387	17
69.7387	17
69.7387	17
69.7389	17
70.4992	17
70.4993	17
70.4993	17
70.4993	17
70.4993	17
70.4993	17
70.5001	17
70.6133	17
70.6133	17
70.6133	17
70.6133	17
70.6133	17
70.6133	17
70.9186	17
70.9186	17
70.9186	17
70.9186	17
70.9187	17
70.9187	17
71.0307	17
71.0307	17
71.0307	17
71.0308	17
71.0308	17
71.0311	17
71.0488	17
71.0489	17
71.0493	17
71.3667	17
71.3667	17
71.3667	17
71.3667	17
71.3668	17
71.3674	17
71.3845	17
71.3845	17
71.3845	17
71.3845	17
71.8862	17
71.8862	17
71.8862	17
71.8862	17
71.8862	17
71.8862	17
71.8864	17
72.0133	17
72.0133	17
72.0133	17
72.0133	17
72.0134	17
72.0134	17
72.3725	17
72.3725	17
72.3725	17
72.3725	17
72.3725	17
72.3728	17
73.015	17
73.015	17
73.015	17
73.015	17
73.015	17
73.0151	17
73.0675	17
73.0675	17
73.0675	17
73.0675	17
73.0676	17
73.0676	17
73.0683	17
73.192	17
73.192	17
73.192	17
73.192	17
73.192	17
73.192	17
73.2836	17
73.2836	17
73.2836	17
73.2836	17
73.2836	17
73.2838	17
73.3129	17
73.3129	17
73.3129	17
73.3498	17
73.3498	17
73.3498	17
73.3498	17
73.3498	17
73.3499	17
73.3501	17
73.5725	17
73.5725	17
73.5726	17
73.5726	17
73.5728	17
73.7937	17
73.7937	17
73.7937	17
73.7937	17
73.7937	17
73.7938	17
73.7941	17
73.7944	17
73.7945	17
73.8563	17
73.8563	17
73.8563	17
73.8564	17
73.8565	17
73.8568	17
74.185	17
74.185	17
74.185	17
74.1851	17
74.1851	17
74.1856	17
74.442	17
74.442	17
74.442	17
74.442	17
74.4421	17
74.4423	17
74.4642	17
74.4642	17
74.4642	17
74.6284	17
74.6284	17
74.6284	17
74.6284	17
74.6286	17
74.7205	17
74.7205	17
74.7205	17
74.7205	17
74.7206	17
74.7208	17
74.7208	17
75.4616	17
75.4616	17
75.4616	17
75.4616	17
75.4617	17
75.4617	17
75.8687	17
75.8687	17
75.8687	17
75.8687	17
75.8688	17
75.8694	17
76.154	17
76.154	17
76.154	17
76.154	17
76.1541	17
76.4347	17
76.4347	17
76.4347	17
76.4347	17
76.4347	17
76.4349	17
76.4358	17
77.2448	17
77.2448	17
77.2448	17
77.2449	17
77.245	17
77.2452	17
77.5408	17
77.5408	17
77.5409	17
77.5409	17
77.5409	17
77.5412	17
77.5412	17
77.6377	17
77.6377	17
77.6377	17
77.6377	17
77.6378	17
77.6378	17
77.7837	17
77.7837	17
77.7837	17
77.7837	17
77.7838	17
77.7839	17
77.903	17
77.903	17
77.903	17
77.903	17
77.903	17
77.9031	17
78.7707	17
78.7707	17
78.7708	17
78.7708	17
78.7709	17
78.771	17
79.378	17
79.378	17
79.378	17
79.378	17
79.378	17
79.378	17
79.378	17
79.3793	17
79.3794	17
79.3804	17
80.0508	17
80.0508	17
80.0508	17
80.0508	17
80.0509	17
80.051	17
80.1012	17
80.1012	17
80.1012	17
80.1012	17
80.1013	17
80.1014	17
80.1015	17
80.1016	17
80.1609	17
80.1609	17
80.1609	17
80.1609	17
80.161	17
80.161	17
80.1874	17
80.1874	17
80.1874	17
80.1875	17
80.6695	17
80.6696	17
80.6696	17
80.6696	17
80.6699	17
80.6699	17
80.7482	17
80.7482	17
80.7482	17
80.7482	17
80.7483	17
80.9515	17
80.9515	17
80.9515	17
80.9515	17
80.9516	17
80.9517	17
81.2461	17
81.2461	17
81.2461	17
81.2461	17
81.2462	17
81.2462	17
81.2463	17
81.5651	17
81.5651	17
81.5651	17
81.5651	17
81.5655	17
81.5655	17
81.5776	17
81.5776	17
81.5783	17
81.5785	17
82.0647	17
82.0647	17
82.0647	17
82.0647	17
82.0648	17
82.0648	17
82.1237	17
82.1237	17
82.1237	17
82.1237	17
82.1237	17
82.1239	17
82.1872	17
82.1872	17
82.1872	17
82.1872	17
82.1873	17
82.1875	17
82.3656	17
82.3656	17
82.3656	17
82.3656	17
82.3657	17
82.3658	17
82.3666	17
82.6674	17
82.6674	17
82.6674	17
82.6674	17
82.6674	17
82.6675	17
82.8459	17
82.8459	17
82.8459	17
82.8459	17
82.8459	17
82.8465	17
83.0046	17
83.0046	17
83.0046	17
83.0047	17
83.0047	17
83.0052	17
83.7262	17
83.7262	17
83.7262	17
83.7263	17
83.7263	17
83.7263	17
83.7264	17
84.2731	17
84.2732	17
84.2732	17
84.2732	17
84.2732	17
84.9655	17
84.9656	17
84.9656	17
84.9656	17
84.9656	17
84.9656	17
84.9656	17
84.9657	17
85.0023	17
85.0023	17
85.0024	17
85.0024	17
85.0024	17
85.0024	17
85.1024	17
85.1024	17
85.1024	17
85.1024	17
85.1024	17
85.1026	17
85.1189	17
85.1189	17
85.1189	17
85.119	17
85.1193	17
85.4217	17
85.4217	17
85.4217	17
85.4217	17
85.4217	17
85.422	17
85.4231	17
85.4441	17
85.4442	17
85.4442	17
85.6165	17
85.6165	17
85.6165	17
85.6167	17
85.6169	17
85.617	17
85.6252	17
85.6253	17
86.045	17
86.045	17
86.045	17
86.0451	17
86.0451	17
86.0452	17
86.0454	17
86.0459	17
86.3915	17
86.3915	17
86.3915	17
86.3915	17
86.3916	17
86.7372	17
86.7372	17
86.7373	17
86.7373	17
86.7374	17
87.1748	17
87.1749	17
87.1749	17
87.175	17
87.175	17
87.175	17
87.1751	17
87.1752	17
87.1754	17
87.2874	17
87.2874	17
87.2874	17
87.2874	17
87.2875	17
87.2875	17
87.3111	17
87.3111	17
87.3111	17
87.3112	17
87.4726	17
87.4727	17
87.4728	17
87.4728	17
87.4728	17
87.9443	17
87.9443	17
87.9443	17
87.9443	17
87.9443	17
87.9444	17
87.9449	17
88.5799	17
88.5799	17
88.5799	17
88.5799	17
88.58	17
88.58	17
88.6038	17
88.6039	17
88.6039	17
88.6039	17
88.6293	17
88.6293	17
88.6293	17
88.6294	17
88.6298	17
89.0893	17
89.0893	17
89.0894	17
89.0894	17
89.0894	17
89.0894	17
89.2378	17
89.2378	17
89.2378	17
89.2378	17
89.2378	17
89.238	17
89.3281	17
89.3281	17
89.3281	17
89.3282	17
89.3283	17
89.3283	17
89.5055	17
89.5055	17
89.5055	17
89.5055	17
89.5056	17
89.5884	17
89.5884	17
89.5884	17
89.5885	17
89.5885	17
89.5885	17
89.5886	17
89.7282	17
89.7282	17
89.7282	17
89.7283	17
89.7283	17
89.7283	17
89.7819	17
89.7819	17
89.7819	17
89.782	17
89.782	17
89.782	17
89.965	17
89.965	17
89.965	17
89.965	17
89.9651	17
89.9651	17
90.0196	17
90.0196	17
90.0196	17
90.0196	17
90.0197	17
90.0198	17
90.2709	17
90.2709	17
90.2709	17
90.2709	17
90.271	17
90.2716	17
90.3713	17
90.3713	17
90.3713	17
90.3713	17
90.3713	17
90.3716	17
90.902	17
90.902	17
90.902	17
90.902	17
90.902	17
91.6103	17
91.6103	17
91.6103	17
91.6103	17
91.6104	17
91.6104	17
91.6105	17
91.6245	17
91.6245	17
91.6248	17
92.0214	17
92.0214	17
92.0214	17
92.0214	17
92.0215	17
92.0215	17
92.2334	17
92.2334	17
92.2334	17
92.2334	17
92.2334	17
92.2334	17
92.2336	17
92.2706	17
92.2706	17
92.2706	17
92.2707	17
92.2709	17
92.2772	17
92.2773	17
92.2773	17
92.3945	17
92.3945	17
92.3946	17
92.3946	17
92.3948	17
92.3949	17
92.3951	17
92.4086	17
92.4086	17
92.4087	17
92.4087	17
92.4088	17
92.851	17
92.851	17
92.8511	17
92.8511	17
92.8511	17
92.8511	17
93.174	17
93.174	17
93.174	17
93.1741	17
93.1741	17
93.2464	17
93.2464	17
93.2464	17
93.2464	17
93.2465	17
93.2466	17
93.2466	17
93.6309	17
93.6309	17
93.6309	17
93.6309	17
93.6309	17
93.6311	17
94.1597	17
94.1597	17
94.1597	17
94.1598	17
94.16	17
94.16	17
94.3061	17
94.3061	17
94.3061	17
94.3062	17
94.3064	17
94.3065	17
94.3524	17
94.3525	17
94.3525	17
94.3525	17
94.3526	17
94.3533	17
94.3662	17
94.3662	17
94.3663	17
94.3663	17
94.6716	17
94.6716	17
94.6716	17
94.6716	17
94.6717	17
94.6718	17
94.8255	17
94.8255	17
94.8255	17
94.8255	17
94.8256	17
94.8258	17
94.9442	17
94.9442	17
94.9442	17
94.9442	17
94.9442	17
94.9443	17
95.1848	17
95.1848	17
95.1849	17
95.1849	17
95.1849	17
95.1849	17
95.185	17
95.3537	17
95.3537	17
95.3538	17
95.3538	17
95.3542	17
95.3542	17
95.3547	17
95.4169	17
95.4169	17
95.4169	17
95.4169	17
95.4169	17
95.4172	17
95.5309	17
95.531	17
95.531	17
95.531	17
95.5311	17
95.5311	17
95.6812	17
95.6812	17
95.6813	17
95.6813	17
95.6813	17
95.6815	17
95.8564	17
95.8564	17
95.8564	17
95.8564	17
95.8565	17
95.8565	17
95.8707	17
95.8707	17
95.8709	17
95.871	17
95.8714	17
95.9683	17
95.9683	17
95.9683	17
95.9683	17
95.9684	17
95.9684	17
96.1308	17
96.1309	17
96.1309	17
96.1309	17
96.1311	17
96.1317	17
96.1762	17
96.1762	17
96.1762	17
96.1763	17
96.1763	17
96.1763	17
96.1764	17
96.3901	17
96.3901	17
96.3901	17
96.3901	17
96.3902	17
96.3903	17
96.5919	17
96.5919	17
96.5919	17
96.5919	17
96.5919	17
96.592	17
96.8196	17
96.8196	17
96.8197	17
96.8197	17
96.8198	17
96.82	17
97.2458	17
97.2458	17
97.2458	17
97.2458	17
97.2459	17
97.246	17
97.3133	17
97.3133	17
97.3134	17
97.3134	17
97.3135	17
97.5358	17
97.5358	17
97.5358	17
97.5359	17
97.5359	17
97.536	17
97.536	17
97.8862	17
97.8862	17
97.8862	17
97.8862	17
97.8865	17
97.8865	17
97.8867	17
98.1352	17
98.1352	17
98.1352	17
98.1352	17
98.1353	17
98.1354	17
99.4517	17
99.4517	17
99.4517	17
99.4517	17
99.4517	17
99.4517	17
99.5298	17
99.5299	17
99.5299	17
99.5299	17
99.5299	17
99.53	17
99.5304	17
99.5941	17
99.5942	17
99.5942	17
99.5942	17
99.5942	17
99.5946	17
99.7106	17
99.7106	17
99.7106	17
99.7107	17
99.7107	17
99.7108	17
