3.55694e-11	0
4.5737e-11	1
3.58214e-10	2
3.7396e-10	3
3.85808e-10	4
3.97021e-10	5
7.03973e-10	6
7.33601e-10	7
7.71674e-10	8
1.08888e-09	9
1.1864e-09	10
1.22912e-09	11
1.23807e-09	12
1.24901e-09	12
1.30596e-09	13
1.41239e-09	14
2.1534e-09	15
2.81178e-09	16
3.78473e-09	17
4.11025e-09	17
6.59666e-09	17
1.09872e-08	17
1.26741e-08	17
1.60061e-08	17
2.29225e-08	18
3.29274e-08	18
3.80799e-08	18
4.32676e-08	18
4.4234e-08	18
4.52179e-08	18
4.75125e-08	18
5.49428e-08	18
5.82017e-08	18
6.69546e-08	18
6.79029e-08	18
6.87109e-08	18
7.17168e-08	18
7.55564e-08	18
7.73148e-08	18
8.21207e-08	18
8.57068e-08	18
8.84919e-08	18
8.97058e-08	18
1.00197e-07	18
1.01788e-07	18
1.03457e-07	18
1.03899e-07	18
1.05825e-07	18
1.11191e-07	18
1.12969e-07	18
1.13317e-07	18
1.15533e-07	18
1.30128e-07	18
1.37449e-07	18
1.37568e-07	18
1.41115e-07	18
1.44579e-07	18
1.48273e-07	18
1.55263e-07	18
1.57331e-07	18
1.58512e-07	18
1.63203e-07	18
1.75936e-07	18
1.87431e-07	18
1.97084e-07	18
2.01897e-07	18
2.03177e-07	18
2.03779e-07	18
2.03846e-07	18
2.04954e-07	18
2.06489e-07	18
2.251e-07	18
2.31321e-07	18
2.36103e-07	18
2.38103e-07	18
2.38943e-07	18
2.54311e-07	18
2.67366e-07	18
2.71516e-07	18
2.71705e-07	18
2.76143e-07	18
2.97494e-07	18
3.01776e-07	18
3.03748e-07	18
3.28799e-07	18
3.30484e-07	18
3.60693e-07	18
3.63541e-07	18
3.67392e-07	18
3.71797e-07	18
3.74058e-07	18
3.8053e-07	18
3.80864e-07	18
3.89693e-07	18
3.92395e-07	18
3.95062e-07	18
3.96086e-07	18
3.98728e-07	18
4.12028e-07	18
4.1691e-07	18
4.23586e-07	18
4.23765e-07	18
4.39377e-07	18
4.56985e-07	18
4.60319e-07	18
4.70226e-07	18
4.86589e-07	18
5.00898e-07	18
5.06654e-07	18
5.08338e-07	18
5.19188e-07	18
5.22417e-07	18
5.34193e-07	18
5.4895e-07	18
5.57263e-07	18
5.64192e-07	18
5.73528e-07	18
5.88302e-07	18
6.02536e-07	18
6.19936e-07	18
6.22752e-07	18
6.26993e-07	18
6.27046e-07	18
6.42466e-07	18
6.49972e-07	18
6.6417e-07	18
6.70721e-07	18
6.95301e-07	18
6.99167e-07	18
7.24999e-07	18
7.26139e-07	18
7.31303e-07	18
7.31405e-07	18
7.3175e-07	18
7.38359e-07	18
7.58697e-07	18
7.62426e-07	18
7.76422e-07	18
7.77617e-07	18
7.9091e-07	18
8.08812e-07	18
8.11167e-07	18
8.13022e-07	18
8.13458e-07	18
8.19019e-07	18
8.58021e-07	18
8.6015e-07	18
8.63389e-07	18
8.63771e-07	18
8.65581e-07	18
8.71944e-07	18
8.76993e-07	18
8.96458e-07	18
9.0522e-07	18
9.59503e-07	18
9.67452e-07	18
9.89199e-07	18
9.91869e-07	18
9.92114e-07	18
1.01418e-06	18
1.02186e-06	18
1.02437e-06	18
1.03596e-06	18
1.06343e-06	18
1.07984e-06	18
1.08283e-06	18
1.08935e-06	18
1.10753e-06	18
1.11018e-06	18
1.12051e-06	18
1.12052e-06	18
1.13197e-06	18
1.14021e-06	18
1.17415e-06	18
1.17724e-06	18
1.18235e-06	18
1.18312e-06	18
1.18458e-06	18
1.18512e-06	18
1.18771e-06	18
1.19783e-06	18
1.19823e-06	18
1.202e-06	18
1.20636e-06	18
1.22775e-06	18
1.26936e-06	18
1.30712e-06	18
1.33141e-06	18
1.33938e-06	18
1.35488e-06	18
1.37434e-06	18
1.38768e-06	18
1.38805e-06	18
1.39993e-06	18
1.40837e-06	18
1.43672e-06	18
1.454e-06	18
1.45637e-06	18
1.46731e-06	18
1.48223e-06	18
1.49739e-06	18
1.49883e-06	18
1.51225e-06	18
1.53786e-06	18
1.55139e-06	18
1.58125e-06	18
1.60912e-06	18
1.65004e-06	18
1.66774e-06	18
1.68882e-06	18
1.75285e-06	18
1.78751e-06	18
1.81901e-06	18
1.89234e-06	18
1.89718e-06	18
1.94331e-06	18
1.97374e-06	18
1.99604e-06	18
2.01896e-06	18
2.09889e-06	18
2.12873e-06	18
2.16162e-06	18
2.17863e-06	18
2.22432e-06	18
2.30284e-06	18
2.32215e-06	18
2.34222e-06	18
2.37156e-06	18
2.4103e-06	18
2.42446e-06	18
2.43741e-06	18
2.45212e-06	18
2.53992e-06	18
2.55082e-06	18
2.62657e-06	18
2.73816e-06	18
3.04094e-06	18
3.16536e-06	18
3.29446e-06	18
3.38469e-06	18
3.46338e-06	18
3.55942e-06	18
3.70473e-06	18
3.70971e-06	18
3.71031e-06	18
3.90928e-06	18
3.96939e-06	18
4.18477e-06	18
4.19092e-06	18
4.5849e-06	18
4.62513e-06	18
4.63308e-06	18
4.65819e-06	18
4.77541e-06	18
4.99735e-06	18
5.04477e-06	18
5.26054e-06	18
5.31976e-06	18
5.39307e-06	18
5.42426e-06	18
5.44429e-06	18
5.52703e-06	18
5.54943e-06	18
5.55566e-06	18
5.77044e-06	18
5.86865e-06	18
5.87909e-06	18
5.99199e-06	18
5.99907e-06	18
6.00754e-06	18
6.0521e-06	18
6.07675e-06	18
6.09504e-06	18
6.09561e-06	18
6.11362e-06	18
6.11923e-06	18
6.2874e-06	18
6.31901e-06	18
6.35326e-06	18
6.41023e-06	18
6.64829e-06	18
6.98561e-06	18
7.22409e-06	18
7.28157e-06	18
7.38935e-06	18
7.39836e-06	18
7.40167e-06	18
7.6165e-06	18
7.68267e-06	18
7.73141e-06	18
7.85001e-06	18
7.94392e-06	18
8.10999e-06	18
8.13258e-06	18
8.27998e-06	18
8.32819e-06	18
8.35347e-06	18
8.40151e-06	18
8.42073e-06	18
8.42293e-06	18
8.71347e-06	18
8.74655e-06	18
8.81522e-06	18
8.88529e-06	18
8.91556e-06	18
8.9216e-06	18
9.05096e-06	18
9.16908e-06	18
9.34185e-06	18
9.37205e-06	18
9.40279e-06	18
9.41883e-06	18
9.62543e-06	18
9.64083e-06	18
9.692e-06	18
9.70036e-06	18
9.84988e-06	18
9.89013e-06	18
9.92525e-06	18
1.00388e-05	18
1.01712e-05	18
1.02074e-05	18
1.04043e-05	18
1.0659e-05	18
1.09452e-05	18
1.11973e-05	18
1.12625e-05	18
1.14435e-05	18
1.14518e-05	18
1.16453e-05	18
1.17329e-05	18
1.18486e-05	18
1.20618e-05	18
1.2149e-05	18
1.21611e-05	18
1.2215e-05	18
1.2546e-05	18
1.28533e-05	18
1.28792e-05	18
1.30258e-05	18
1.30298e-05	18
1.31403e-05	18
1.31957e-05	18
1.32048e-05	18
1.33641e-05	18
1.35673e-05	18
1.37336e-05	18
1.38476e-05	18
1.38546e-05	18
1.39116e-05	18
1.39397e-05	18
1.4125e-05	18
1.4219e-05	18
1.44391e-05	18
1.4732e-05	18
1.49844e-05	18
1.49955e-05	18
1.51534e-05	18
1.52249e-05	18
1.53742e-05	18
1.53888e-05	18
1.54253e-05	18
1.54485e-05	18
1.5482e-05	18
1.55336e-05	18
1.56437e-05	18
1.5659e-05	18
1.58765e-05	18
1.5964e-05	18
1.60142e-05	18
1.61015e-05	18
1.63332e-05	18
1.64324e-05	18
1.6436e-05	18
1.66065e-05	18
1.6862e-05	18
1.70413e-05	18
1.70646e-05	18
1.7269e-05	18
1.72734e-05	18
1.72998e-05	18
1.74734e-05	18
1.74967e-05	18
1.74978e-05	18
1.75083e-05	18
1.77756e-05	18
1.78599e-05	18
1.78665e-05	18
1.82391e-05	18
1.83572e-05	18
1.8589e-05	18
1.86421e-05	18
1.86474e-05	18
1.86679e-05	18
1.88811e-05	18
1.89364e-05	18
1.89786e-05	18
1.91935e-05	18
1.93837e-05	18
1.95439e-05	18
1.95499e-05	18
1.95548e-05	18
1.98743e-05	18
1.99201e-05	18
2.0151e-05	18
2.02494e-05	18
2.03111e-05	18
2.03784e-05	18
2.03961e-05	18
2.04092e-05	18
2.04338e-05	18
2.05581e-05	18
2.06754e-05	18
2.0697e-05	18
2.07117e-05	18
2.1028e-05	18
2.12966e-05	18
2.13608e-05	18
2.13779e-05	18
2.15615e-05	18
2.20873e-05	18
2.23985e-05	18
2.24038e-05	18
2.25294e-05	18
2.25715e-05	18
2.26452e-05	18
2.32479e-05	18
2.32923e-05	18
2.35753e-05	18
2.38702e-05	18
2.39329e-05	18
2.43036e-05	18
2.43884e-05	18
2.4711e-05	18
2.48188e-05	18
2.4911e-05	18
2.49161e-05	18
2.514e-05	18
2.52075e-05	18
2.55381e-05	18
2.57542e-05	18
2.58043e-05	18
2.59106e-05	18
2.60515e-05	18
2.62224e-05	18
2.67463e-05	18
2.68291e-05	18
2.69894e-05	18
2.70158e-05	18
2.72941e-05	18
2.72943e-05	18
2.73199e-05	18
2.74544e-05	18
2.75554e-05	18
2.78244e-05	18
2.80368e-05	18
2.81924e-05	18
2.8467e-05	18
2.88065e-05	18
2.9005e-05	18
2.95471e-05	18
2.96201e-05	18
2.96859e-05	18
3.05577e-05	18
3.11086e-05	18
3.1126e-05	18
3.13752e-05	18
3.18633e-05	18
3.23953e-05	18
3.24742e-05	18
3.26526e-05	18
3.27124e-05	18
3.2726e-05	18
3.27862e-05	18
3.32837e-05	18
3.32859e-05	18
3.35072e-05	18
3.35885e-05	18
3.36026e-05	18
3.36332e-05	18
3.36926e-05	18
3.41057e-05	18
3.43976e-05	18
3.44084e-05	18
3.44626e-05	18
3.48443e-05	18
3.50955e-05	18
3.53667e-05	18
3.5419e-05	18
3.54622e-05	18
3.61624e-05	18
3.63481e-05	18
3.65447e-05	18
3.76515e-05	18
3.82971e-05	18
3.85845e-05	18
3.98537e-05	18
4.03171e-05	18
4.03316e-05	18
4.08872e-05	18
4.13954e-05	18
4.20429e-05	18
4.29615e-05	18
4.31029e-05	18
4.31298e-05	18
4.31738e-05	18
4.3452e-05	18
4.35584e-05	18
4.45163e-05	18
4.49508e-05	18
4.52852e-05	18
4.53627e-05	18
4.57915e-05	18
4.69134e-05	18
4.74145e-05	18
4.83468e-05	18
4.84262e-05	18
4.84342e-05	18
4.94232e-05	18
4.94253e-05	18
4.98665e-05	18
5.07113e-05	18
5.07869e-05	18
5.08861e-05	18
5.09216e-05	18
5.21224e-05	18
5.22526e-05	18
5.28027e-05	18
5.31415e-05	18
5.51358e-05	18
5.53344e-05	18
5.70551e-05	18
5.73391e-05	18
5.85181e-05	18
5.88115e-05	18
5.95384e-05	18
6.20015e-05	18
6.31597e-05	18
6.32247e-05	18
6.44595e-05	18
6.46231e-05	18
6.64786e-05	18
6.68971e-05	18
6.82239e-05	18
6.85842e-05	18
6.86435e-05	18
6.9068e-05	18
7.03766e-05	18
7.29249e-05	18
7.4417e-05	18
7.45463e-05	18
7.53165e-05	18
7.59845e-05	18
7.78527e-05	18
7.79366e-05	18
7.84816e-05	18
7.93668e-05	18
7.97059e-05	18
8.0025e-05	18
8.09921e-05	18
8.19623e-05	18
8.20553e-05	18
8.21938e-05	18
8.54473e-05	18
8.59041e-05	18
8.61887e-05	18
8.62812e-05	18
8.67503e-05	18
8.69984e-05	18
8.78133e-05	18
9.01993e-05	18
9.07572e-05	18
9.10836e-05	18
9.2132e-05	18
9.31711e-05	18
9.35928e-05	18
9.52057e-05	18
9.565e-05	18
9.65481e-05	18
9.7039e-05	18
9.86437e-05	18
0.000103137	18
0.000103279	18
0.000103671	18
0.000106463	18
0.000106691	18
0.000109828	18
0.000113431	18
0.000113576	18
0.000115127	18
0.000115233	18
0.000115819	18
0.00011734	18
0.000117789	18
0.000118084	18
0.000119131	18
0.00011957	18
0.000120988	18
0.000127586	18
0.000132795	18
0.000139679	18
0.000142256	18
0.000147109	18
0.0001611	18
0.000169591	18
0.000174113	18
0.000175451	18
0.000195841	18
0.000214997	18
0.000234231	18
0.000238138	18
0.000245807	18
0.000269585	18
0.000270956	18
0.000298415	18
0.00030748	18
0.000343507	18
0.00035819	18
0.000522165	18
0.000529672	18
0.000532898	18
0.000574942	18
0.000615224	18
0.000689062	18
0.000694409	18
0.000742594	18
0.000770855	18
0.000834635	18
0.00102475	18
0.00104473	18
0.00105051	18
0.00105423	18
0.00105824	18
0.00106457	18
0.00106677	18
0.00110075	18
0.00110098	18
0.00110461	18
0.00110613	18
0.00113994	18
0.00114199	18
0.001152	18
0.00115293	18
0.00115355	18
0.00115975	18
0.00115994	18
0.00117395	18
0.00117534	18
0.00118912	18
0.00121629	18
0.001276	18
0.00129102	18
0.00149607	18
0.00150363	18
0.00152717	18
0.00156147	18
0.001569	18
0.00164206	18
0.00166937	18
0.00168935	18
0.00169819	18
0.00170374	18
0.00180674	18
0.00185354	18
0.00193749	18
0.00212092	18
0.00219261	18
0.00233554	18
0.0025224	18
0.00256406	18
0.00259331	18
0.00294344	18
0.00330508	18
0.00336557	18
0.00337349	18
0.00346198	18
0.00352377	18
0.0035496	18
0.00356863	18
0.00361329	18
0.00368298	18
0.00387212	18
0.00408384	18
0.00409184	18
0.00430552	18
0.004322	18
0.00454697	18
0.00462819	18
0.00475635	18
0.00502756	18
0.00511908	18
0.00519415	18
0.0053268	18
0.00559069	18
0.00572514	18
0.00591769	18
0.00591851	18
0.00621294	18
0.00622737	18
0.00622763	18
0.00622875	18
0.00622935	18
0.00623066	18
0.00623093	18
0.00623194	18
0.00624091	18
0.00633224	18
0.00640241	18
0.00649663	18
0.00655632	18
0.00661508	18
0.00662549	18
0.0066677	18
0.00683731	18
0.00689841	18
0.006934	18
0.00706553	18
0.00719016	18
0.00729625	18
0.00743723	18
0.00755336	18
0.00757255	18
0.00757337	18
0.00757362	18
0.00757378	18
0.00757407	18
0.00758303	18
0.00786822	18
0.00786847	18
0.00786864	18
0.00786871	18
0.00786874	18
0.0078693	18
0.0078694	18
0.00786951	18
0.00786991	18
0.00789071	18
0.00796119	18
0.00809101	18
0.00809269	18
0.00809299	18
0.00809331	18
0.00809564	18
0.00809668	18
0.00818243	18
0.00837243	18
0.00859859	18
0.00873008	18
0.0090787	18
0.00908221	18
0.00909004	18
0.00910204	18
0.00910936	18
0.00911469	18
0.00911513	18
0.00932187	18
0.00962119	18
0.00962246	18
0.00962292	18
0.00962663	18
0.00962775	18
0.00962806	18
0.009629	18
0.00964399	18
0.00964824	18
0.00964928	18
0.00974565	18
0.0103166	18
0.0106256	18
0.0106273	18
0.0106318	18
0.0106443	18
0.0106474	18
0.0106517	18
0.010663	18
0.0106676	18
0.0106711	18
0.0106779	18
0.010706	18
0.0108877	18
0.0110554	18
0.0111986	18
0.0115191	18
0.0115285	18
0.011529	18
0.0115339	18
0.0115576	18
0.0115907	18
0.0115954	18
0.0115989	18
0.0116418	18
0.011643	18
0.0116671	18
0.0116868	18
0.0116878	18
0.0116968	18
0.011724	18
0.0117277	18
0.0117281	18
0.0117415	18
0.0117765	18
0.0118865	18
0.0119041	18
0.0119333	18
0.0119693	18
0.0119802	18
0.012056	18
0.0121335	18
0.0121488	18
0.0121892	18
0.012223	18
0.0122576	18
0.0124238	18
0.0125217	18
0.0127969	18
0.0129608	18
0.012972	18
0.0131587	18
0.0132099	18
0.0132369	18
0.0132847	18
0.0140747	18
0.0140761	18
0.0140885	18
0.01411	18
0.014146	18
0.014552	18
0.0145538	18
0.014556	18
0.0145735	18
0.0145797	18
0.0146205	18
0.0149507	18
0.0151992	18
0.0159961	18
0.0161557	18
0.0162226	18
0.0167729	18
0.0167738	18
0.0167749	18
0.0167764	18
0.0167774	18
0.0167791	18
0.0167795	18
0.0167824	18
0.0167861	18
0.0167898	18
0.0167937	18
0.0167958	18
0.0167971	18
0.0168004	18
0.0168038	18
0.0168046	18
0.0168061	18
0.0168067	18
0.0168085	18
0.0168136	18
0.0168156	18
0.0168188	18
0.0168266	18
0.016829	18
0.0168397	18
0.0168406	18
0.0168419	18
0.0168461	18
0.0168529	18
0.016861	18
0.0168638	18
0.0168758	18
0.0170504	18
0.0170637	18
0.0170668	18
0.0170796	18
0.0171037	18
0.0171041	18
0.0171057	18
0.0171168	18
0.0171258	18
0.0171329	18
0.0171332	18
0.0171334	18
0.0171538	18
0.0171557	18
0.0171648	18
0.0171805	18
0.0171942	18
0.0174576	18
0.01767	18
0.0183185	18
0.018535	18
0.0192298	18
0.0192302	18
0.0192303	18
0.0192308	18
0.019294	18
0.0193221	18
0.0194453	18
0.0194852	18
0.0195525	18
0.0197178	18
0.0197997	18
0.0200487	18
0.0202166	18
0.0203057	18
0.020378	18
0.0208093	18
0.0211865	18
0.0212027	18
0.0212888	18
0.0220852	18
0.0221098	18
0.0221123	18
0.0221178	18
0.0221584	18
0.0221656	18
0.0226758	18
0.0226967	18
0.0227073	18
0.0227113	18
0.0227324	18
0.0230743	18
0.0230846	18
0.0230871	18
0.0230986	18
0.0231018	18
0.0231082	18
0.0231193	18
0.0231321	18
0.0231438	18
0.0231557	18
0.0231574	18
0.0231923	18
0.0231985	18
0.0232224	18
0.0232242	18
0.0232657	18
0.0232672	18
0.0232866	18
0.0234693	18
0.0245542	18
0.0245852	18
0.0245904	18
0.0246059	18
0.024645	18
0.0246469	18
0.0246705	18
0.0247018	18
0.0247185	18
0.0247748	18
0.0247793	18
0.0248119	18
0.0248961	18
0.0249201	18
0.024956	18
0.0252047	18
0.0253919	18
0.0254933	18
0.0255092	18
0.025637	18
0.0256843	18
0.0256901	18
0.0256964	18
0.0257044	18
0.0257066	18
0.0257095	18
0.02573	18
0.0257363	18
0.0257414	18
0.0258477	18
0.026092	18
0.026092	18
0.0269214	18
0.0269215	18
0.0269215	18
0.0269216	18
0.0269217	18
0.0269217	18
0.0269243	18
0.0269252	18
0.0269398	18
0.0269675	18
0.0269918	18
0.0269923	18
0.0270452	18
0.0270913	18
0.0271127	18
0.0271286	18
0.0278999	18
0.0279845	18
0.0279917	18
0.0280163	18
0.028475	18
0.0292464	18
0.0293051	18
0.0301865	18
0.0301878	18
0.0301957	18
0.0301973	18
0.0302126	18
0.0302266	18
0.0302316	18
0.0302332	18
0.0302333	18
0.0302674	18
0.0302767	18
0.031186	18
0.0311861	18
0.0312149	18
0.0312182	18
0.0312345	18
0.0312366	18
0.031507	18
0.0317237	18
0.0317242	18
0.0317243	18
0.0317243	18
0.0317245	18
0.0317248	18
0.0317249	18
0.0317251	18
0.0317253	18
0.0317258	18
0.0317259	18
0.0317342	18
0.0329518	18
0.0341351	18
0.0341354	18
0.0341354	18
0.0341355	18
0.0341355	18
0.0341359	18
0.034136	18
0.0341363	18
0.034137	18
0.0341375	18
0.0341403	18
0.0341404	18
0.0344443	18
0.0345921	18
0.0346012	18
0.0349579	18
0.0352007	18
0.0352614	18
0.0353925	18
0.0357398	18
0.0362069	18
0.0362077	18
0.03621	18
0.036212	18
0.0362136	18
0.036215	18
0.0362173	18
0.0362197	18
0.0362198	18
0.0362243	18
0.0362254	18
0.0362265	18
0.0362332	18
0.0362454	18
0.0362472	18
0.0362498	18
0.0362508	18
0.0362573	18
0.0362585	18
0.036272	18
0.0362723	18
0.036275	18
0.0362795	18
0.0362815	18
0.0362831	18
0.0362869	18
0.0362888	18
0.0362941	18
0.0362948	18
0.0362967	18
0.0363006	18
0.0363016	18
0.0363031	18
0.0363038	18
0.0363041	18
0.0363056	18
0.0363059	18
0.0363068	18
0.0363112	18
0.0363115	18
0.0363159	18
0.0363229	18
0.0363251	18
0.0363296	18
0.0363305	18
0.0363484	18
0.0363504	18
0.0363575	18
0.0363579	18
0.0363636	18
0.0363651	18
0.0363659	18
0.0363768	18
0.0363783	18
0.0363818	18
0.0363828	18
0.0363988	18
0.0364004	18
0.0364091	18
0.0364169	18
0.0364239	18
0.0364374	18
0.0364399	18
0.0364659	18
0.0364694	18
0.0364703	18
0.0364896	18
0.0367217	18
0.0370623	18
0.0370633	18
0.0370653	18
0.0370656	18
0.037066	18
0.0370829	18
0.0370831	18
0.0370834	18
0.0370835	18
0.0370841	18
0.0370902	18
0.0371039	18
0.03711	18
0.0371114	18
0.0371118	18
0.0371129	18
0.0371143	18
0.0371207	18
0.0371233	18
0.0371306	18
0.0371334	18
0.0371428	18
0.0371559	18
0.0371615	18
0.0371662	18
0.0371693	18
0.0371718	18
0.0371919	18
0.0378418	18
0.0380205	18
0.0380424	18
0.0380468	18
0.0380478	18
0.0380585	18
0.0381924	18
0.0382456	18
0.0382459	18
0.0382461	18
0.0382461	18
0.0382463	18
0.038247	18
0.0382471	18
0.0382478	18
0.0382479	18
0.038248	18
0.0382486	18
0.0382491	18
0.0382499	18
0.0382792	18
0.0383555	18
0.0384975	18
0.038825	18
0.0388555	18
0.0388622	18
0.0389273	18
0.0389315	18
0.0389369	18
0.0389672	18
0.0389841	18
0.0389874	18
0.0390018	18
0.0390047	18
0.0390049	18
0.0390119	18
0.0390178	18
0.039046	18
0.0390775	18
0.0390986	18
0.0391197	18
0.0391222	18
0.0391263	18
0.0391377	18
0.0391509	18
0.0391563	18
0.0392202	18
0.0392298	18
0.0392326	18
0.0392331	18
0.0392468	18
0.0395955	18
0.0400695	18
0.040436	18
0.0411603	18
0.0413961	18
0.0424367	18
0.0424421	18
0.0424449	18
0.0424683	18
0.0424856	18
0.0425111	18
0.042568	18
0.0425848	18
0.0426104	18
0.0426214	18
0.0426832	18
0.0427575	18
0.0428197	18
0.0428844	18
0.0443445	18
0.044345	18
0.0443461	18
0.0443521	18
0.0443703	18
0.0443817	18
0.0444193	18
0.0444367	18
0.0444413	18
0.0444457	18
0.0444464	18
0.0444491	18
0.0444527	18
0.044459	18
0.0444655	18
0.0444747	18
0.0444835	18
0.0444928	18
0.0445319	18
0.044538	18
0.0445381	18
0.044541	18
0.0446097	18
0.0446295	18
0.0446297	18
0.04463	18
0.0446302	18
0.0446303	18
0.0446305	18
0.0446307	18
0.044631	18
0.044631	18
0.0446319	18
0.0446321	18
0.0446321	18
0.0446341	18
0.0447015	18
0.0447219	18
0.044733	18
0.044745	18
0.0447729	18
0.0447762	18
0.0447819	18
0.0448041	18
0.0448172	18
0.0448205	18
0.0448573	18
0.0448629	18
0.0449879	18
0.0449904	18
0.0450099	18
0.0450272	18
0.045091	18
0.0450911	18
0.0450913	18
0.0451682	18
0.0452625	18
0.0470142	18
0.0470144	18
0.0470151	18
0.0470151	18
0.0470155	18
0.0470156	18
0.0470162	18
0.047017	18
0.0470179	18
0.0470182	18
0.0470184	18
0.0470185	18
0.0470193	18
0.0470208	18
0.0470209	18
0.0470212	18
0.047023	18
0.0470263	18
0.0470901	18
0.0470972	18
0.0473388	18
0.0474861	18
0.0488566	18
0.0488567	18
0.0488567	18
0.048857	18
0.0488571	18
0.0488572	18
0.0488574	18
0.0488579	18
0.048858	18
0.0488581	18
0.0488588	18
0.048859	18
0.0488591	18
0.0488594	18
0.0488595	18
0.0488601	18
0.0488604	18
0.0488608	18
0.0488625	18
0.0488636	18
0.048864	18
0.0488643	18
0.0490538	18
0.0492913	18
0.0497064	18
0.0497536	18
0.0505822	18
0.0505863	18
0.05059	18
0.0505901	18
0.0518413	18
0.0518415	18
0.0518416	18
0.0522551	18
0.0523346	18
0.0523494	18
0.052357	18
0.0524551	18
0.0524554	18
0.0524555	18
0.0524555	18
0.0524555	18
0.0524556	18
0.0524557	18
0.0524565	18
0.0524569	18
0.052887	18
0.0531556	18
0.0533399	18
0.0533404	18
0.0533406	18
0.0533408	18
0.0533409	18
0.0533417	18
0.0533421	18
0.0560677	18
0.0560893	18
0.0560993	18
0.0561003	18
0.0561157	18
0.0561211	18
0.056128	18
0.0561311	18
0.05614	18
0.0566945	18
0.0566948	18
0.0567006	18
0.0567036	18
0.0567076	18
0.0567211	18
0.056724	18
0.0569894	18
0.0586914	18
0.0586914	18
0.0586921	18
0.0586934	18
0.0586937	18
0.0586939	18
0.0586946	18
0.058695	18
0.0586954	18
0.0586956	18
0.058696	18
0.0586972	18
0.0586975	18
0.0587032	18
0.0587041	18
0.058706	18
0.0587096	18
0.0587143	18
0.0587186	18
0.0587225	18
0.0587265	18
0.0587337	18
0.0587439	18
0.0587629	18
0.0587649	18
0.0587904	18
0.0587904	18
0.0587905	18
0.0587905	18
0.0587905	18
0.0587905	18
0.0587911	18
0.0587918	18
0.0587922	18
0.0587923	18
0.0587924	18
0.0587926	18
0.0587929	18
0.0587931	18
0.0587933	18
0.0587936	18
0.0587936	18
0.0587937	18
0.0587938	18
0.0587939	18
0.0587939	18
0.058794	18
0.0588062	18
0.0595501	18
0.059889	18
0.0613421	18
0.0614351	18
0.0623515	18
0.0641689	18
0.0641691	18
0.0641693	18
0.0641702	18
0.0641811	18
0.0642072	18
0.0642175	18
0.0642324	18
0.0642473	18
0.0642654	18
0.0642668	18
0.0643213	18
0.0643594	18
0.0643734	18
0.0644813	18
0.0661555	18
0.0661556	18
0.0661557	18
0.0661557	18
0.0661557	18
0.0661557	18
0.0661558	18
0.0661561	18
0.0661562	18
0.0661563	18
0.0661566	18
0.0661568	18
0.0661569	18
0.066157	18
0.066157	18
0.0661573	18
0.0661575	18
0.0661579	18
0.0661579	18
0.0661581	18
0.0661581	18
0.0661582	18
0.0661583	18
0.0661584	18
0.0661591	18
0.0661594	18
0.0661594	18
0.0661595	18
0.0661601	18
0.0661606	18
0.066161	18
0.0661637	18
0.0661669	18
0.0661749	18
0.0661884	18
0.0661981	18
0.066206	18
0.0662081	18
0.0662088	18
0.0662135	18
0.0662374	18
0.0662433	18
0.0662584	18
0.0662839	18
0.0663038	18
0.0663284	18
0.0663804	18
0.0664102	18
0.066416	18
0.0664267	18
0.0664561	18
0.0665187	18
0.0665434	18
0.0665923	18
0.0666478	18
0.0666556	18
0.0666847	18
0.0667003	18
0.0667642	18
0.0668854	18
0.0669872	18
0.0672289	18
0.0672291	18
0.0672291	18
0.0672294	18
0.0672294	18
0.067231	18
0.0672345	18
0.0673966	18
0.0673971	18
0.0673973	18
0.067398	18
0.0673982	18
0.0673984	18
0.0673997	18
0.0674009	18
0.0674043	18
0.067408	18
0.0676741	18
0.0676922	18
0.0677888	18
0.0678329	18
0.0678479	18
0.0678754	18
0.0679748	18
0.068014	18
0.0681931	18
0.0682226	18
0.0682229	18
0.0682244	18
0.068228	18
0.0684889	18
0.0684963	18
0.068516	18
0.0685177	18
0.0685208	18
0.068522	18
0.0685319	18
0.0685506	18
0.0685506	18
0.0685633	18
0.0685695	18
0.0691804	18
0.0691811	18
0.0691845	18
0.0691859	18
0.0691889	18
0.0692049	18
0.0692341	18
0.0692366	18
0.0692501	18
0.0692528	18
0.0692549	18
0.0693043	18
0.069321	18
0.0693309	18
0.069377	18
0.0694203	18
0.0694755	18
0.0695704	18
0.0701954	18
0.0701965	18
0.0702394	18
0.0705005	18
0.0705007	18
0.0705008	18
0.0705056	18
0.0705066	18
0.0705263	18
0.0705529	18
0.0712285	18
0.0767736	18
0.0767736	18
0.0767738	18
0.076774	18
0.0767741	18
0.0767748	18
0.0767759	18
0.0767766	18
0.0767778	18
0.0767798	18
0.0767802	18
0.0767892	18
0.0767905	18
0.0768022	18
0.0768038	18
0.0768211	18
0.0768293	18
0.0768401	18
0.0768728	18
0.0768739	18
0.0768757	18
0.0768772	18
0.0768982	18
0.076912	18
0.0769179	18
0.0769192	18
0.0769268	18
0.0769327	18
0.0770558	18
0.0771264	18
0.077256	18
0.0772698	18
0.0776904	18
0.0779566	18
0.0790285	18
0.0790285	18
0.0790285	18
0.079029	18
0.0790293	18
0.0790293	18
0.0790294	18
0.0790294	18
0.07903	18
0.07903	18
0.0790301	18
0.0790301	18
0.0790302	18
0.0790303	18
0.0790305	18
0.0790306	18
0.0790307	18
0.0790308	18
0.0790309	18
0.079031	18
0.0790311	18
0.0790314	18
0.0790318	18
0.0790322	18
0.0790332	18
0.0790341	18
0.0790342	18
0.0790354	18
0.079036	18
0.0800591	18
0.0800592	18
0.0800606	18
0.080061	18
0.0811755	18
0.0812313	18
0.0812791	18
0.0813282	18
0.0818245	18
0.0818426	18
0.0818661	18
0.0818933	18
0.0818967	18
0.0819307	18
0.0819492	18
0.082006	18
0.0820073	18
0.0820248	18
0.0820258	18
0.0821255	18
0.0843831	18
0.0843832	18
0.0843833	18
0.0843834	18
0.0843835	18
0.0843838	18
0.0843838	18
0.0843839	18
0.0843839	18
0.0843841	18
0.0843842	18
0.0843842	18
0.0843844	18
0.0843845	18
0.0843845	18
0.0843848	18
0.0843849	18
0.0843849	18
0.0843852	18
0.0843852	18
0.0843853	18
0.0843855	18
0.0843856	18
0.084386	18
0.0843862	18
0.0843862	18
0.084387	18
0.0843871	18
0.0843885	18
0.0843983	18
0.0844709	18
0.0844744	18
0.0844836	18
0.084516	18
0.0845279	18
0.0845322	18
0.084877	18
0.0848909	18
0.0848991	18
0.0849119	18
0.0849139	18
0.0849468	18
0.0858606	18
0.0858607	18
0.0858661	18
0.0859265	18
0.0859561	18
0.0868014	18
0.0868014	18
0.0868015	18
0.0868016	18
0.0868017	18
0.0868022	18
0.0868033	18
0.0868046	18
0.0868057	18
0.086806	18
0.0868063	18
0.0868082	18
0.0868115	18
0.0868128	18
0.0868167	18
0.0868225	18
0.087614	18
0.0876142	18
0.0876143	18
0.0876144	18
0.0876145	18
0.0876148	18
0.0876149	18
0.0876156	18
0.087616	18
0.0876161	18
0.0876163	18
0.0876164	18
0.0876166	18
0.0876167	18
0.0876168	18
0.0876176	18
0.0876182	18
0.0876184	18
0.0876194	18
0.0876197	18
0.0876229	18
0.0876244	18
0.0876317	18
0.0876318	18
0.0876344	18
0.0876375	18
0.0876383	18
0.0876594	18
0.0876833	18
0.0877504	18
0.0879168	18
0.0879357	18
0.0879371	18
0.0879373	18
0.0879646	18
0.0879852	18
0.0880065	18
0.0880799	18
0.0880801	18
0.0881068	18
0.0881069	18
0.0881069	18
0.088107	18
0.088107	18
0.0881077	18
0.0881079	18
0.088108	18
0.0881082	18
0.0881082	18
0.0881085	18
0.088109	18
0.0881091	18
0.0881094	18
0.0881096	18
0.08811	18
0.0881105	18
0.0881107	18
0.0881108	18
0.0881111	18
0.0881112	18
0.0881129	18
0.088113	18
0.0881137	18
0.0881149	18
0.0881165	18
0.0881193	18
0.0881206	18
0.0881206	18
0.0881214	18
0.0881331	18
0.0881543	18
0.0881697	18
0.0882006	18
0.088201	18
0.0882482	18
0.0882511	18
0.0882787	18
0.0883268	18
0.0884228	18
0.0884315	18
0.0884637	18
0.0884743	18
0.0887201	18
0.0887898	18
0.0888122	18
0.0891005	18
0.0894362	18
0.090757	18
0.0907582	18
0.0907601	18
0.0907758	18
0.0907779	18
0.0907965	18
0.0907978	18
0.0908018	18
0.0908271	18
0.0908609	18
0.090864	18
0.0909604	18
0.0909689	18
0.0909775	18
0.090994	18
0.0910028	18
0.0910407	18
0.0911076	18
0.0912036	18
0.0913051	18
0.0913171	18
0.0913586	18
0.0915078	18
0.0915086	18
0.0921089	18
0.0923237	18
0.0923321	18
0.0923331	18
0.0926744	18
0.0927737	18
0.0928202	18
0.0929062	18
0.0929065	18
0.0929075	18
0.0929079	18
0.0929081	18
0.0929085	18
0.0929092	18
0.0929093	18
0.0929199	18
0.0966528	18
0.0966836	18
0.0966846	18
0.0966875	18
0.0966879	18
0.0966882	18
0.0966975	18
0.0966987	18
0.0967044	18
0.0967199	18
0.0967649	18
0.0967929	18
0.0967935	18
0.0969275	18
0.0969766	18
0.0970621	18
0.0971814	18
0.0972045	18
0.097252	18
0.0976425	18
0.0976497	18
0.0976646	18
0.0976797	18
0.0977058	18
0.0977235	18
0.0977477	18
0.0977478	18
0.0977504	18
0.0977581	18
0.0977715	18
0.0979033	18
0.0980657	18
0.0981079	18
0.0981716	18
0.098172	18
0.0981723	18
0.0981725	18
0.0981737	18
0.0981739	18
0.0981752	18
0.0981759	18
0.0981762	18
0.0981764	18
0.098177	18
0.0981773	18
0.0981777	18
0.0981798	18
0.0981813	18
0.0981916	18
0.0981993	18
0.0982462	18
0.0988445	18
0.0988894	18
0.0989087	18
0.0989668	18
0.0989714	18
0.0990593	18
0.0990819	18
0.0991848	18
0.099209	18
0.0992116	18
0.0993125	18
0.0993136	18
0.0993171	18
0.0993198	18
0.0993228	18
0.0993435	18
0.0993439	18
0.0993452	18
0.0993463	18
0.0993466	18
0.0993469	18
0.0993482	18
0.0993496	18
0.0993553	18
0.0996925	18
0.101056	18
0.101058	18
0.101075	18
0.101194	18
0.101203	18
0.101207	18
0.101214	18
0.101221	18
0.101227	18
0.101233	18
0.101274	18
0.101286	18
0.101317	18
0.101336	18
0.101365	18
0.101392	18
0.101403	18
0.101451	18
0.101519	18
0.101596	18
0.101599	18
0.101601	18
0.101617	18
0.101634	18
0.101638	18
0.101642	18
0.101695	18
0.101768	18
0.101909	18
0.10191	18
0.101916	18
0.101917	18
0.101929	18
0.101934	18
0.10194	18
0.101942	18
0.101943	18
0.10196	18
0.101964	18
0.101973	18
0.101976	18
0.101982	18
0.101991	18
0.101991	18
0.102012	18
0.102014	18
0.102023	18
0.102046	18
0.102068	18
0.102069	18
0.102101	18
0.10211	18
0.102179	18
0.102216	18
0.102237	18
0.102318	18
0.102359	18
0.102378	18
0.102456	18
0.102478	18
0.10253	18
0.102531	18
0.102536	18
0.102557	18
0.102566	18
0.102601	18
0.102618	18
0.102737	18
0.102744	18
0.102748	18
0.10279	18
0.103007	18
0.103022	18
0.103061	18
0.104524	18
0.104524	18
0.104524	18
0.104524	18
0.104524	18
0.104525	18
0.104525	18
0.104525	18
0.104526	18
0.104526	18
0.104526	18
0.104526	18
0.104527	18
0.104527	18
0.104527	18
0.104527	18
0.104528	18
0.104529	18
0.104529	18
0.104529	18
0.10453	18
0.10453	18
0.10453	18
0.104531	18
0.104532	18
0.104532	18
0.104535	18
0.104535	18
0.104535	18
0.104535	18
0.104537	18
0.104539	18
0.104542	18
0.104549	18
0.10455	18
0.104565	18
0.104568	18
0.104573	18
0.104614	18
0.104618	18
0.10469	18
0.104712	18
0.104735	18
0.104739	18
0.104767	18
0.104767	18
0.104779	18
0.10479	18
0.104877	18
0.105053	18
0.105084	18
0.105211	18
0.105226	18
0.105279	18
0.105288	18
0.105289	18
0.105292	18
0.105325	18
0.105749	18
0.105803	18
0.105817	18
0.106012	18
0.10805	18
0.108052	18
0.108052	18
0.108054	18
0.108058	18
0.108072	18
0.108075	18
0.108097	18
0.108105	18
0.108106	18
0.108146	18
0.108161	18
0.108177	18
0.108235	18
0.10824	18
0.108248	18
0.108257	18
0.108258	18
0.108311	18
0.10842	18
0.108439	18
0.108485	18
0.108508	18
0.108515	18
0.10861	18
0.108625	18
0.108634	18
0.108635	18
0.108644	18
0.108649	18
0.108651	18
0.108652	18
0.108657	18
0.108664	18
0.108678	18
0.10869	18
0.108708	18
0.108715	18
0.108787	18
0.108802	18
0.108832	18
0.108861	18
0.108876	18
0.108884	18
0.108891	18
0.108945	18
0.10897	18
0.10899	18
0.109036	18
0.109149	18
0.109465	18
0.109517	18
0.109599	18
0.110615	18
0.110616	18
0.110616	18
0.110618	18
0.11062	18
0.110622	18
0.110623	18
0.110624	18
0.110624	18
0.110625	18
0.110627	18
0.110627	18
0.110627	18
0.110639	18
0.110641	18
0.110645	18
0.110648	18
0.110648	18
0.11066	18
0.110664	18
0.110664	18
0.110673	18
0.110674	18
0.110675	18
0.110679	18
0.110688	18
0.110693	18
0.110694	18
0.110697	18
0.110697	18
0.110717	18
0.110732	18
0.110737	18
0.110744	18
0.110751	18
0.110836	18
0.110851	18
0.110863	18
0.110873	18
0.110876	18
0.11088	18
0.110881	18
0.110889	18
0.110908	18
0.11094	18
0.110974	18
0.110977	18
0.11099	18
0.11103	18
0.111071	18
0.111113	18
0.111241	18
0.111271	18
0.111311	18
0.111311	18
0.111328	18
0.111345	18
0.111397	18
0.111483	18
0.111511	18
0.111521	18
0.111574	18
0.111608	18
0.111637	18
0.111639	18
0.111671	18
0.111823	18
0.11221	18
0.115705	18
0.11592	18
0.118148	18
0.118165	18
0.118225	18
0.118249	18
0.120678	18
0.120679	18
0.120685	18
0.120687	18
0.120692	18
0.120701	18
0.12071	18
0.120722	18
0.120729	18
0.120753	18
0.120761	18
0.120799	18
0.120804	18
0.120805	18
0.120809	18
0.120814	18
0.120836	18
0.120841	18
0.120873	18
0.120887	18
0.120888	18
0.12089	18
0.120922	18
0.120933	18
0.120969	18
0.121105	18
0.12366	18
0.12366	18
0.12366	18
0.12366	18
0.123661	18
0.123661	18
0.123661	18
0.123662	18
0.123662	18
0.123663	18
0.123663	18
0.123664	18
0.123664	18
0.123665	18
0.123665	18
0.123667	18
0.123669	18
0.123671	18
0.123673	18
0.124346	18
0.125328	18
0.125328	18
0.125328	18
0.125348	18
0.125397	18
0.125561	18
0.126216	18
0.126223	18
0.126229	18
0.127007	18
0.127007	18
0.127007	18
0.127008	18
0.127009	18
0.127009	18
0.127011	18
0.12702	18
0.12702	18
0.127021	18
0.128272	18
0.128273	18
0.128273	18
0.128273	18
0.128273	18
0.128275	18
0.128275	18
0.128276	18
0.128277	18
0.128281	18
0.128346	18
0.128949	18
0.128953	18
0.128958	18
0.128992	18
0.129044	18
0.129051	18
0.129281	18
0.129281	18
0.129283	18
0.129284	18
0.129284	18
0.129284	18
0.129463	18
0.130031	18
0.131483	18
0.131483	18
0.131483	18
0.131483	18
0.131483	18
0.131483	18
0.131484	18
0.131484	18
0.131485	18
0.131486	18
0.131494	18
0.131495	18
0.131495	18
0.131498	18
0.131513	18
0.131524	18
0.131531	18
0.131536	18
0.131537	18
0.131555	18
0.131564	18
0.13157	18
0.131596	18
0.131605	18
0.131652	18
0.131726	18
0.13177	18
0.132032	18
0.132034	18
0.132035	18
0.132035	18
0.132035	18
0.132041	18
0.132045	18
0.132051	18
0.132059	18
0.132402	18
0.132408	18
0.132416	18
0.132423	18
0.132458	18
0.132481	18
0.132484	18
0.132506	18
0.132554	18
0.132595	18
0.132621	18
0.132734	18
0.132754	18
0.132803	18
0.132924	18
0.133206	18
0.13321	18
0.133243	18
0.133359	18
0.133394	18
0.1334	18
0.133454	18
0.133507	18
0.133595	18
0.133617	18
0.13365	18
0.133665	18
0.133688	18
0.133789	18
0.133903	18
0.133908	18
0.133974	18
0.133984	18
0.134054	18
0.134218	18
0.134246	18
0.139097	18
0.139654	18
0.140906	18
0.140906	18
0.140906	18
0.140906	18
0.140907	18
0.140907	18
0.140907	18
0.140908	18
0.140909	18
0.140911	18
0.140916	18
0.140922	18
0.141269	18
0.141315	18
0.142054	18
0.142061	18
0.142071	18
0.142081	18
0.142092	18
0.142107	18
0.142119	18
0.142163	18
0.142171	18
0.142176	18
0.142189	18
0.142194	18
0.142249	18
0.142701	18
0.142703	18
0.142752	18
0.143358	18
0.144136	18
0.145529	18
0.145531	18
0.145532	18
0.145626	18
0.146571	18
0.146804	18
0.146915	18
0.147471	18
0.147473	18
0.156891	18
0.156892	18
0.156893	18
0.156893	18
0.156893	18
0.156896	18
0.156897	18
0.156897	18
0.156916	18
0.157676	18
0.157679	18
0.157685	18
0.157689	18
0.158048	18
0.158048	18
0.15805	18
0.158051	18
0.158051	18
0.158052	18
0.164629	18
0.164629	18
0.16463	18
0.16463	18
0.164632	18
0.164634	18
0.164634	18
0.16464	18
0.164641	18
0.164645	18
0.164655	18
0.164668	18
0.164668	18
0.164672	18
0.164713	18
0.16472	18
0.164751	18
0.164788	18
0.164788	18
0.164908	18
0.164927	18
0.16494	18
0.164961	18
0.164962	18
0.164968	18
0.165058	18
0.165058	18
0.165231	18
0.16576	18
0.165768	18
0.165783	18
0.166769	18
0.166769	18
0.16677	18
0.16677	18
0.166772	18
0.166777	18
0.166778	18
0.166786	18
0.166814	18
0.166814	18
0.167014	18
0.167181	18
0.168175	18
0.168176	18
0.168182	18
0.168264	18
0.169731	18
0.169778	18
0.171719	18
0.171729	18
0.17225	18
0.17225	18
0.172251	18
0.172251	18
0.172251	18
0.172251	18
0.172252	18
0.172253	18
0.172254	18
0.172254	18
0.172255	18
0.172255	18
0.172255	18
0.172255	18
0.17226	18
0.172263	18
0.172264	18
0.172274	18
0.172978	18
0.173004	18
0.173182	18
0.176516	18
0.176516	18
0.176517	18
0.176517	18
0.176517	18
0.176517	18
0.176519	18
0.176523	18
0.176534	18
0.176859	18
0.176859	18
0.178379	18
0.178391	18
0.178423	18
0.178488	18
0.178489	18
0.178491	18
0.178492	18
0.178495	18
0.178498	18
0.178528	18
0.178581	18
0.178706	18
0.181384	18
0.181388	18
0.181397	18
0.181415	18
0.181504	18
0.184107	18
0.184114	18
0.184116	18
0.187306	18
0.187306	18
0.187307	18
0.187307	18
0.187308	18
0.187308	18
0.187309	18
0.18731	18
0.18731	18
0.18731	18
0.18731	18
0.187312	18
0.187312	18
0.187314	18
0.187315	18
0.187317	18
0.187317	18
0.187317	18
0.187321	18
0.187323	18
0.187324	18
0.187325	18
0.187325	18
0.187331	18
0.18735	18
0.187368	18
0.187377	18
0.187396	18
0.187401	18
0.18758	18
0.187602	18
0.187609	18
0.187767	18
0.18777	18
0.187831	18
0.187905	18
0.188548	18
0.190445	18
0.190448	18
0.190448	18
0.190453	18
0.190934	18
0.190935	18
0.190935	18
0.190938	18
0.190943	18
0.193783	18
0.193784	18
0.193784	18
0.193784	18
0.193785	18
0.193785	18
0.193786	18
0.193791	18
0.193791	18
0.193797	18
0.194082	18
0.194094	18
0.19444	18
0.194726	18
0.195811	18
0.195813	18
0.195853	18
0.199233	18
0.199246	18
0.199259	18
0.200698	18
0.200717	18
0.202673	18
0.202677	18
0.20269	18
0.203105	18
0.203109	18
0.203112	18
0.203114	18
0.203646	18
0.203652	18
0.203681	18
0.204195	18
0.205053	18
0.205068	18
0.205084	18
0.208461	18
0.208544	18
0.208668	18
0.21153	18
0.211536	18
0.211537	18
0.212768	18
0.212775	18
0.218058	18
0.218059	18
0.21806	18
0.218061	18
0.218062	18
0.218064	18
0.218104	18
0.221555	18
0.221555	18
0.221556	18
0.221556	18
0.221556	18
0.221556	18
0.221556	18
0.221557	18
0.221558	18
0.221558	18
0.22156	18
0.22156	18
0.221561	18
0.221562	18
0.221563	18
0.221568	18
0.22157	18
0.221571	18
0.2216	18
0.222182	18
0.225294	18
0.225294	18
0.225297	18
0.225311	18
0.225333	18
0.227289	18
0.227291	18
0.227291	18
0.227293	18
0.227374	18
0.230649	18
0.230649	18
0.23065	18
0.230651	18
0.230656	18
0.231633	18
0.231916	18
0.232608	18
0.23713	18
0.237132	18
0.237132	18
0.237133	18
0.237138	18
0.239339	18
0.239347	18
0.239347	18
0.239361	18
0.24087	18
0.24087	18
0.240876	18
0.240888	18
0.24227	18
0.242273	18
0.242274	18
0.242282	18
0.24229	18
0.242585	18
0.242587	18
0.242587	18
0.242587	18
0.242592	18
0.242596	18
0.242596	18
0.25401	18
0.254012	18
0.254024	18
0.254081	18
0.256857	18
0.256862	18
0.256862	18
0.258696	18
0.258709	18
0.258717	18
0.261972	18
0.261977	18
0.261999	18
0.262341	18
0.2637	18
0.263707	18
0.266072	18
0.266073	18
0.266564	18
0.267054	18
0.267055	18
0.26706	18
0.267061	18
0.267063	18
0.267063	18
0.267064	18
0.267074	18
0.267077	18
0.269612	18
0.269614	18
0.27809	18
0.278091	18
0.278092	18
0.278092	18
0.278094	18
0.2781	18
0.27811	18
0.278549	18
0.278554	18
0.278565	18
0.281983	18
0.281984	18
0.281986	18
0.281987	18
0.28199	18
0.281995	18
0.281999	18
0.282025	18
0.283865	18
0.283868	18
0.283869	18
0.28387	18
0.283911	18
0.284035	18
0.286516	18
0.28712	18
0.28824	18
0.288348	18
0.288348	18
0.288351	18
0.288353	18
0.288356	18
0.290269	18
0.290269	18
0.290272	18
0.290277	18
0.29028	18
0.290292	18
0.290461	18
0.290469	18
0.291629	18
0.291709	18
0.294222	18
0.294227	18
0.294231	18
0.294784	18
0.294784	18
0.294786	18
0.294786	18
0.294851	18
0.295841	18
0.295855	18
0.296298	18
0.296752	18
0.296757	18
0.296759	18
0.299213	18
0.299215	18
0.299216	18
0.299217	18
0.300878	18
0.300879	18
0.30088	18
0.300883	18
0.303933	18
0.303936	18
0.30394	18
0.304357	18
0.304593	18
0.304594	18
0.304595	18
0.304609	18
0.306936	18
0.30694	18
0.306942	18
0.306947	18
0.312272	18
0.312273	18
0.312273	18
0.312274	18
0.312275	18
0.312276	18
0.312278	18
0.312299	18
0.312508	18
0.313005	18
0.313014	18
0.313023	18
0.313023	18
0.314588	18
0.314588	18
0.314593	18
0.314598	18
0.314598	18
0.314601	18
0.314771	18
0.314774	18
0.314776	18
0.314862	18
0.314866	18
0.314877	18
0.317778	18
0.317783	18
0.318055	18
0.318745	18
0.318746	18
0.31884	18
0.319165	18
0.319462	18
0.319465	18
0.319468	18
0.322088	18
0.322093	18
0.322098	18
0.322105	18
0.322277	18
0.322725	18
0.324087	18
0.32409	18
0.324093	18
0.324095	18
0.3241	18
0.326071	18
0.326071	18
0.326073	18
0.326073	18
0.326074	18
0.326111	18
0.327845	18
0.328195	18
0.328204	18
0.329298	18
0.329299	18
0.329301	18
0.32932	18
0.329321	18
0.329321	18
0.329324	18
0.329333	18
0.330062	18
0.330065	18
0.330068	18
0.331449	18
0.33485	18
0.337798	18
0.337799	18
0.338014	18
0.338593	18
0.342146	18
0.342148	18
0.342154	18
0.344731	18
0.34554	18
0.347702	18
0.347702	18
0.347702	18
0.347703	18
0.347705	18
0.347705	18
0.347708	18
0.348459	18
0.348461	18
0.348463	18
0.34847	18
0.351981	18
0.351981	18
0.351982	18
0.351985	18
0.356301	18
0.356301	18
0.356301	18
0.356303	18
0.356305	18
0.356307	18
0.359251	18
0.359252	18
0.359253	18
0.359253	18
0.359255	18
0.365726	18
0.365727	18
0.36574	18
0.366165	18
0.366179	18
0.36618	18
0.366822	18
0.366825	18
0.370266	18
0.370267	18
0.370267	18
0.370287	18
0.370788	18
0.37079	18
0.370793	18
0.370817	18
0.374895	18
0.374896	18
0.374897	18
0.375504	18
0.375529	18
0.376923	18
0.376924	18
0.376924	18
0.376929	18
0.376998	18
0.376998	18
0.377001	18
0.377002	18
0.377582	18
0.377582	18
0.377587	18
0.377604	18
0.381344	18
0.381345	18
0.381348	18
0.38135	18
0.381359	18
0.383766	18
0.383779	18
0.384406	18
0.386413	18
0.386414	18
0.386415	18
0.386424	18
0.386584	18
0.386589	18
0.386591	18
0.386601	18
0.39613	18
0.396131	18
0.39614	18
0.396141	18
0.396144	18
0.400511	18
0.400518	18
0.400519	18
0.400575	18
0.401776	18
0.401783	18
0.401784	18
0.401788	18
0.401826	18
0.401856	18
0.406265	18
0.406265	18
0.406267	18
0.406271	18
0.406273	18
0.413015	18
0.413015	18
0.413016	18
0.413018	18
0.414011	18
0.416208	18
0.416278	18
0.41628	18
0.416283	18
0.416284	18
0.417317	18
0.417322	18
0.417328	18
0.419491	18
0.419496	18
0.419503	18
0.419786	18
0.419787	18
0.419797	18
0.423413	18
0.423417	18
0.423418	18
0.423438	18
0.424167	18
0.424172	18
0.424196	18
0.427603	18
0.427605	18
0.427605	18
0.427605	18
0.427609	18
0.427611	18
0.427613	18
0.427613	18
0.427955	18
0.429659	18
0.42966	18
0.429663	18
0.429677	18
0.431292	18
0.431293	18
0.431293	18
0.431293	18
0.431293	18
0.431296	18
0.4313	18
0.431315	18
0.432482	18
0.432483	18
0.432502	18
0.433343	18
0.433346	18
0.433349	18
0.436644	18
0.436645	18
0.436652	18
0.441157	18
0.441188	18
0.443547	18
0.443547	18
0.443547	18
0.443552	18
0.443592	18
0.44542	18
0.445423	18
0.445429	18
0.445671	18
0.445867	18
0.44587	18
0.446988	18
0.446988	18
0.446989	18
0.446989	18
0.44699	18
0.447005	18
0.44769	18
0.447691	18
0.447692	18
0.4477	18
0.447725	18
0.449203	18
0.449204	18
0.449208	18
0.455275	18
0.455276	18
0.45534	18
0.456692	18
0.458599	18
0.458613	18
0.458624	18
0.459372	18
0.459374	18
0.45939	18
0.459759	18
0.459759	18
0.460013	18
0.460015	18
0.460018	18
0.462268	18
0.46227	18
0.464558	18
0.464559	18
0.464565	18
0.464566	18
0.464571	18
0.474816	18
0.474816	18
0.474816	18
0.474817	18
0.474817	18
0.474819	18
0.474822	18
0.474823	18
0.474829	18
0.475927	18
0.475928	18
0.475933	18
0.475944	18
0.485449	18
0.485449	18
0.485451	18
0.485454	18
0.485512	18
0.486262	18
0.486264	18
0.486271	18
0.486275	18
0.486289	18
0.486485	18
0.486488	18
0.48652	18
0.489776	18
0.489776	18
0.489902	18
0.489961	18
0.491307	18
0.491316	18
0.491324	18
0.491533	18
0.491625	18
0.491804	18
0.491804	18
0.49181	18
0.492148	18
0.492153	18
0.492155	18
0.492564	18
0.492571	18
0.492571	18
0.494218	18
0.498153	18
0.499638	18
0.499641	18
0.504091	18
0.5041	18
0.509402	18
0.509405	18
0.509409	18
0.509411	18
0.516303	18
0.516303	18
0.516304	18
0.516314	18
0.519084	18
0.519085	18
0.519086	18
0.519088	18
0.519093	18
0.523614	18
0.523615	18
0.523616	18
0.523618	18
0.523621	18
0.523627	18
0.523644	18
0.524469	18
0.524471	18
0.524472	18
0.524476	18
0.527856	18
0.528101	18
0.530422	18
0.530423	18
0.530438	18
0.538491	18
0.538491	18
0.538491	18
0.538497	18
0.541055	18
0.541058	18
0.54106	18
0.541066	18
0.54108	18
0.541269	18
0.543904	18
0.543908	18
0.543919	18
0.543919	18
0.546042	18
0.550871	18
0.550873	18
0.550877	18
0.5513	18
0.551302	18
0.551303	18
0.554311	18
0.554314	18
0.554317	18
0.557486	18
0.557487	18
0.557488	18
0.557488	18
0.557499	18
0.558421	18
0.558425	18
0.560488	18
0.560887	18
0.560893	18
0.571421	18
0.571423	18
0.571423	18
0.571423	18
0.571424	18
0.571424	18
0.57143	18
0.571432	18
0.572112	18
0.572167	18
0.57217	18
0.57219	18
0.573424	18
0.573426	18
0.573433	18
0.574228	18
0.574243	18
0.574246	18
0.587522	18
0.587523	18
0.587525	18
0.587525	18
0.587532	18
0.587636	18
0.587685	18
0.587694	18
0.594917	18
0.59492	18
0.595182	18
0.595183	18
0.595186	18
0.595196	18
0.596289	18
0.601523	18
0.601524	18
0.601547	18
0.602106	18
0.605772	18
0.605773	18
0.606163	18
0.606165	18
0.606166	18
0.609789	18
0.609809	18
0.609814	18
0.619873	18
0.619874	18
0.619875	18
0.619876	18
0.619877	18
0.619878	18
0.619878	18
0.619879	18
0.619881	18
0.619887	18
0.619892	18
0.621117	18
0.621118	18
0.621121	18
0.621147	18
0.621805	18
0.621805	18
0.621839	18
0.623761	18
0.623783	18
0.623845	18
0.625887	18
0.625888	18
0.625896	18
0.625997	18
0.628572	18
0.628573	18
0.628581	18
0.628603	18
0.629953	18
0.633186	18
0.633191	18
0.633193	18
0.6332	18
0.633298	18
0.635557	18
0.63672	18
0.636729	18
0.63673	18
0.639668	18
0.639669	18
0.63968	18
0.646717	18
0.646717	18
0.646718	18
0.64673	18
0.64675	18
0.650599	18
0.650603	18
0.650604	18
0.65061	18
0.650612	18
0.650647	18
0.650689	18
0.651673	18
0.661751	18
0.661751	18
0.661751	18
0.661751	18
0.661753	18
0.66176	18
0.661997	18
0.662644	18
0.662651	18
0.662651	18
0.662661	18
0.669604	18
0.669607	18
0.674391	18
0.674392	18
0.674392	18
0.674393	18
0.674395	18
0.67484	18
0.674844	18
0.674845	18
0.680667	18
0.68067	18
0.680675	18
0.680679	18
0.680681	18
0.680693	18
0.682045	18
0.682548	18
0.682552	18
0.682557	18
0.682728	18
0.684122	18
0.684122	18
0.684125	18
0.684126	18
0.684127	18
0.691987	18
0.69491	18
0.69491	18
0.694911	18
0.69958	18
0.699584	18
0.699585	18
0.699587	18
0.69959	18
0.706311	18
0.711239	18
0.711241	18
0.711241	18
0.711243	18
0.711244	18
0.711263	18
0.711504	18
0.712852	18
0.713042	18
0.713042	18
0.713048	18
0.71855	18
0.718554	18
0.718555	18
0.718555	18
0.718555	18
0.718557	18
0.720317	18
0.721234	18
0.721234	18
0.721243	18
0.732771	18
0.732771	18
0.732772	18
0.73278	18
0.735255	18
0.735276	18
0.738558	18
0.738558	18
0.73856	18
0.73856	18
0.738563	18
0.741394	18
0.744695	18
0.744698	18
0.744707	18
0.74471	18
0.74637	18
0.746373	18
0.746374	18
0.746376	18
0.749455	18
0.749834	18
0.75358	18
0.753581	18
0.753583	18
0.753584	18
0.753596	18
0.754025	18
0.755841	18
0.755881	18
0.75642	18
0.756428	18
0.756437	18
0.757078	18
0.759806	18
0.759823	18
0.759828	18
0.759846	18
0.761253	18
0.761258	18
0.761285	18
0.764684	18
0.76469	18
0.764701	18
0.765078	18
0.767645	18
0.767647	18
0.76765	18
0.767652	18
0.767654	18
0.768724	18
0.768726	18
0.768726	18
0.7697	18
0.769701	18
0.769701	18
0.771518	18
0.771524	18
0.771531	18
0.773314	18
0.773315	18
0.773337	18
0.773343	18
0.781881	18
0.784825	18
0.784829	18
0.78483	18
0.784841	18
0.785586	18
0.785586	18
0.785586	18
0.785589	18
0.785598	18
0.786377	18
0.786382	18
0.786391	18
0.7864	18
0.787565	18
0.787658	18
0.787659	18
0.787659	18
0.78766	18
0.787663	18
0.787702	18
0.791072	18
0.791073	18
0.791075	18
0.791105	18
0.793845	18
0.793851	18
0.793856	18
0.793899	18
0.799483	18
0.799493	18
0.799509	18
0.799905	18
0.8082	18
0.808202	18
0.809969	18
0.809969	18
0.809972	18
0.809978	18
0.810397	18
0.810398	18
0.810408	18
0.810409	18
0.812801	18
0.812808	18
0.812814	18
0.822044	18
0.822044	18
0.822045	18
0.822049	18
0.826291	18
0.826294	18
0.826294	18
0.826294	18
0.833669	18
0.833669	18
0.833669	18
0.833669	18
0.83367	18
0.833671	18
0.833679	18
0.833687	18
0.835698	18
0.8357	18
0.837895	18
0.838981	18
0.838981	18
0.838981	18
0.838981	18
0.838981	18
0.838982	18
0.838985	18
0.84157	18
0.84237	18
0.842373	18
0.842378	18
0.849128	18
0.849128	18
0.849139	18
0.850262	18
0.850265	18
0.850266	18
0.85027	18
0.850272	18
0.851009	18
0.851009	18
0.85101	18
0.851012	18
0.857079	18
0.857081	18
0.857082	18
0.857084	18
0.862902	18
0.862902	18
0.862903	18
0.862904	18
0.862905	18
0.862906	18
0.862908	18
0.86301	18
0.864763	18
0.864763	18
0.864944	18
0.866536	18
0.866537	18
0.866596	18
0.868207	18
0.868844	18
0.869086	18
0.871144	18
0.871168	18
0.877239	18
0.87724	18
0.877244	18
0.877244	18
0.878169	18
0.87817	18
0.87818	18
0.879374	18
0.879374	18
0.879375	18
0.87939	18
0.885039	18
0.887923	18
0.887924	18
0.887927	18
0.88793	18
0.896406	18
0.896409	18
0.89641	18
0.896428	18
0.898749	18
0.898749	18
0.898752	18
0.898752	18
0.898753	18
0.902918	18
0.902921	18
0.902928	18
0.907358	18
0.90736	18
0.912881	18
0.912927	18
0.912935	18
0.912943	18
0.912946	18
0.915392	18
0.915396	18
0.9154	18
0.915408	18
0.917624	18
0.917626	18
0.917628	18
0.917632	18
0.919038	18
0.919038	18
0.91904	18
0.919049	18
0.91906	18
0.919179	18
0.919904	18
0.919905	18
0.920059	18
0.920896	18
0.921594	18
0.929485	18
0.936463	18
0.936463	18
0.936471	18
0.936934	18
0.936936	18
0.936941	18
0.936941	18
0.93696	18
0.938295	18
0.938296	18
0.938299	18
0.940056	18
0.941146	18
0.941149	18
0.947964	18
0.947965	18
0.947966	18
0.947967	18
0.947968	18
0.947974	18
0.954247	18
0.954248	18
0.95425	18
0.954251	18
0.954259	18
0.956605	18
0.956613	18
0.957858	18
0.957865	18
0.957872	18
0.957874	18
0.957876	18
0.958733	18
0.95874	18
0.958748	18
0.9595	18
0.959501	18
0.959502	18
0.962125	18
0.962127	18
0.962127	18
0.962143	18
0.966092	18
0.9673	18
0.967302	18
0.967303	18
0.967309	18
0.967326	18
0.967811	18
0.967813	18
0.967816	18
0.967816	18
0.968172	18
0.968174	18
0.968179	18
0.971064	18
0.971067	18
0.971067	18
0.973704	18
0.973705	18
0.97371	18
0.97372	18
0.976427	18
0.976428	18
0.97643	18
0.979552	18
0.979552	18
0.979557	18
0.979558	18
0.979564	18
0.980227	18
0.980227	18
0.980249	18
0.987157	18
0.987164	18
0.987165	18
0.987166	18
0.987168	18
0.989457	18
0.989459	18
0.990271	18
0.99311	18
0.995022	18
0.999348	18
0.999349	18
0.999378	18
1.00167	18
1.00169	18
1.00169	18
1.00908	18
1.00909	18
1.00909	18
1.00909	18
1.00909	18
1.00909	18
1.00909	18
1.01207	18
1.01207	18
1.01207	18
1.01397	18
1.01399	18
1.01431	18
1.01551	18
1.01551	18
1.01552	18
1.01559	18
1.0173	18
1.01731	18
1.01851	18
1.01851	18
1.01851	18
1.01851	18
1.01852	18
1.01852	18
1.02147	18
1.02147	18
1.02147	18
1.02147	18
1.02148	18
1.02454	18
1.02454	18
1.02454	18
1.02455	18
1.02456	18
1.02512	18
1.02512	18
1.02513	18
1.02601	18
1.02601	18
1.02846	18
1.02846	18
1.02847	18
1.03238	18
1.03238	18
1.03238	18
1.03238	18
1.03242	18
1.03946	18
1.03947	18
1.03971	18
1.04336	18
1.04336	18
1.04336	18
1.04336	18
1.04337	18
1.04337	18
1.04633	18
1.04633	18
1.04633	18
1.04633	18
1.04634	18
1.04634	18
1.04634	18
1.04864	18
1.05193	18
1.05193	18
1.05194	18
1.05195	18
1.0558	18
1.0558	18
1.0558	18
1.05581	18
1.05976	18
1.05977	18
1.05977	18
1.05977	18
1.06201	18
1.06203	18
1.0642	18
1.06651	18
1.06719	18
1.06827	18
1.07013	18
1.07013	18
1.07151	18
1.07151	18
1.07151	18
1.07152	18
1.07152	18
1.07154	18
1.07697	18
1.07697	18
1.07698	18
1.07698	18
1.07703	18
1.0787	18
1.07956	18
1.08636	18
1.08637	18
1.08638	18
1.08894	18
1.08895	18
1.08895	18
1.08895	18
1.08895	18
1.09423	18
1.09424	18
1.09746	18
1.10873	18
1.10873	18
1.10873	18
1.10873	18
1.10873	18
1.10873	18
1.10874	18
1.10883	18
1.11125	18
1.11125	18
1.11126	18
1.11126	18
1.11126	18
1.11929	18
1.11929	18
1.1193	18
1.1193	18
1.1193	18
1.12393	18
1.12394	18
1.1324	18
1.13241	18
1.13241	18
1.13242	18
1.13302	18
1.13302	18
1.13302	18
1.13505	18
1.13505	18
1.13506	18
1.13838	18
1.13839	18
1.13842	18
1.1434	18
1.1434	18
1.1434	18
1.14341	18
1.14342	18
1.14345	18
1.14346	18
1.1435	18
1.14351	18
1.14351	18
1.14566	18
1.14566	18
1.14566	18
1.14567	18
1.14691	18
1.14695	18
1.14739	18
1.14968	18
1.14968	18
1.1497	18
1.15009	18
1.15009	18
1.1501	18
1.15014	18
1.15278	18
1.15278	18
1.15282	18
1.15338	18
1.15377	18
1.15522	18
1.15527	18
1.15594	18
1.15741	18
1.15742	18
1.15743	18
1.16538	18
1.16538	18
1.16538	18
1.16539	18
1.16539	18
1.16545	18
1.16559	18
1.16559	18
1.1656	18
1.16748	18
1.16748	18
1.16753	18
1.16972	18
1.16973	18
1.16973	18
1.17297	18
1.17298	18
1.17325	18
1.17398	18
1.174	18
1.17405	18
1.18011	18
1.18013	18
1.18021	18
1.18362	18
1.19658	18
1.19658	18
1.19658	18
1.19658	18
1.19658	18
1.19658	18
1.19659	18
1.2019	18
1.20224	18
1.20307	18
1.20307	18
1.20384	18
1.20384	18
1.20384	18
1.20384	18
1.20715	18
1.20715	18
1.20716	18
1.20716	18
1.21177	18
1.21177	18
1.21177	18
1.21729	18
1.21729	18
1.2173	18
1.21919	18
1.21919	18
1.2192	18
1.2192	18
1.2192	18
1.22154	18
1.22154	18
1.22154	18
1.22155	18
1.22162	18
1.2355	18
1.23551	18
1.23551	18
1.23556	18
1.2356	18
1.2356	18
1.23562	18
1.23562	18
1.2362	18
1.2362	18
1.23629	18
1.23848	18
1.23949	18
1.23949	18
1.2395	18
1.24282	18
1.24282	18
1.24283	18
1.24941	18
1.24941	18
1.24941	18
1.24942	18
1.25116	18
1.25117	18
1.25386	18
1.25386	18
1.25387	18
1.25552	18
1.25552	18
1.25553	18
1.25553	18
1.25553	18
1.25699	18
1.257	18
1.257	18
1.257	18
1.25701	18
1.25705	18
1.25792	18
1.25793	18
1.25795	18
1.28221	18
1.28221	18
1.28222	18
1.29045	18
1.29055	18
1.29055	18
1.29055	18
1.29881	18
1.29881	18
1.29881	18
1.29881	18
1.29881	18
1.29882	18
1.29882	18
1.29901	18
1.30165	18
1.3046	18
1.3046	18
1.3046	18
1.30814	18
1.30969	18
1.30969	18
1.3097	18
1.30971	18
1.31733	18
1.31812	18
1.31812	18
1.31812	18
1.32704	18
1.32704	18
1.32704	18
1.32704	18
1.32707	18
1.3271	18
1.32711	18
1.32844	18
1.33325	18
1.33626	18
1.33626	18
1.33626	18
1.33626	18
1.33626	18
1.33791	18
1.33791	18
1.33793	18
1.341	18
1.34101	18
1.34105	18
1.35199	18
1.35199	18
1.35199	18
1.35199	18
1.35199	18
1.352	18
1.3524	18
1.3524	18
1.3524	18
1.35441	18
1.35441	18
1.35441	18
1.35442	18
1.35443	18
1.35484	18
1.35818	18
1.35818	18
1.35818	18
1.35819	18
1.35887	18
1.35887	18
1.35887	18
1.35887	18
1.35974	18
1.35974	18
1.37948	18
1.37949	18
1.37949	18
1.3795	18
1.37985	18
1.37987	18
1.37989	18
1.38384	18
1.38384	18
1.38387	18
1.38487	18
1.38487	18
1.38487	18
1.38487	18
1.38487	18
1.38578	18
1.39275	18
1.39276	18
1.39276	18
1.39276	18
1.39467	18
1.40824	18
1.40824	18
1.40824	18
1.40824	18
1.40825	18
1.40826	18
1.40826	18
1.40826	18
1.40869	18
1.40869	18
1.41172	18
1.41705	18
1.41705	18
1.41705	18
1.42259	18
1.42259	18
1.42259	18
1.4226	18
1.4226	18
1.4226	18
1.4226	18
1.42261	18
1.42597	18
1.42597	18
1.42597	18
1.42655	18
1.42657	18
1.42657	18
1.42658	18
1.42924	18
1.43996	18
1.43996	18
1.43996	18
1.43997	18
1.43997	18
1.43999	18
1.44263	18
1.44264	18
1.44265	18
1.4447	18
1.44471	18
1.44471	18
1.44635	18
1.44635	18
1.44635	18
1.44635	18
1.44636	18
1.44636	18
1.44828	18
1.44828	18
1.44828	18
1.44828	18
1.4483	18
1.45947	18
1.45948	18
1.45948	18
1.45962	18
1.45983	18
1.46983	18
1.46983	18
1.46984	18
1.47045	18
1.47155	18
1.48504	18
1.48504	18
1.48505	18
1.48505	18
1.4851	18
1.48625	18
1.48625	18
1.48626	18
1.48675	18
1.48675	18
1.48676	18
1.49164	18
1.49165	18
1.49165	18
1.49166	18
1.49166	18
1.49634	18
1.49634	18
1.49635	18
1.49635	18
1.49635	18
1.50027	18
1.50027	18
1.50448	18
1.50449	18
1.50449	18
1.5045	18
1.50753	18
1.50753	18
1.50754	18
1.50754	18
1.50754	18
1.50805	18
1.50805	18
1.50806	18
1.50806	18
1.51212	18
1.51502	18
1.51502	18
1.51502	18
1.51503	18
1.51506	18
1.51577	18
1.51608	18
1.51609	18
1.51609	18
1.5161	18
1.52238	18
1.52238	18
1.52238	18
1.52238	18
1.52532	18
1.52532	18
1.52535	18
1.52548	18
1.52548	18
1.5258	18
1.5258	18
1.52581	18
1.52581	18
1.52626	18
1.52626	18
1.52627	18
1.53601	18
1.53601	18
1.53601	18
1.53601	18
1.53601	18
1.53602	18
1.53658	18
1.53658	18
1.53658	18
1.53658	18
1.53664	18
1.5406	18
1.54624	18
1.54624	18
1.54625	18
1.55126	18
1.55127	18
1.55129	18
1.55324	18
1.55325	18
1.55325	18
1.55325	18
1.5553	18
1.55535	18
1.55784	18
1.55784	18
1.55785	18
1.55785	18
1.55881	18
1.55881	18
1.55882	18
1.55882	18
1.55882	18
1.55882	18
1.55882	18
1.55882	18
1.55883	18
1.55883	18
1.56219	18
1.56219	18
1.5622	18
1.57042	18
1.57042	18
1.57042	18
1.57044	18
1.58416	18
1.58416	18
1.58416	18
1.58416	18
1.58416	18
1.58416	18
1.59699	18
1.597	18
1.597	18
1.597	18
1.597	18
1.59705	18
1.60035	18
1.60035	18
1.60035	18
1.60035	18
1.60491	18
1.60491	18
1.60492	18
1.60557	18
1.60558	18
1.60564	18
1.61617	18
1.61617	18
1.61618	18
1.6162	18
1.61739	18
1.6174	18
1.6174	18
1.6175	18
1.62035	18
1.62036	18
1.62037	18
1.62332	18
1.62332	18
1.62333	18
1.62516	18
1.62516	18
1.62517	18
1.62517	18
1.62874	18
1.62874	18
1.62874	18
1.62879	18
1.62977	18
1.62979	18
1.62982	18
1.63329	18
1.6333	18
1.6333	18
1.63347	18
1.6366	18
1.63692	18
1.63692	18
1.63693	18
1.63693	18
1.63694	18
1.63694	18
1.63985	18
1.63986	18
1.63986	18
1.64021	18
1.64022	18
1.64023	18
1.64305	18
1.64308	18
1.64356	18
1.64358	18
1.64358	18
1.64403	18
1.64404	18
1.64404	18
1.64406	18
1.64618	18
1.64618	18
1.6462	18
1.6491	18
1.65127	18
1.65127	18
1.65128	18
1.65128	18
1.65377	18
1.65377	18
1.65378	18
1.65379	18
1.65453	18
1.65453	18
1.65453	18
1.65913	18
1.65913	18
1.65914	18
1.65915	18
1.66109	18
1.66109	18
1.66111	18
1.67529	18
1.67529	18
1.67529	18
1.67529	18
1.68136	18
1.68136	18
1.68138	18
1.68139	18
1.68344	18
1.68344	18
1.68345	18
1.68718	18
1.68718	18
1.6872	18
1.69076	18
1.69393	18
1.69394	18
1.69394	18
1.69423	18
1.69539	18
1.69539	18
1.69539	18
1.6954	18
1.6954	18
1.6954	18
1.69804	18
1.69804	18
1.69804	18
1.70145	18
1.70145	18
1.70147	18
1.70961	18
1.70961	18
1.70961	18
1.70962	18
1.71046	18
1.71046	18
1.71047	18
1.71177	18
1.71177	18
1.71181	18
1.7124	18
1.7124	18
1.71245	18
1.7392	18
1.7392	18
1.7392	18
1.73921	18
1.73921	18
1.73923	18
1.73926	18
1.74084	18
1.74544	18
1.74544	18
1.74546	18
1.74556	18
1.75499	18
1.75503	18
1.7551	18
1.75512	18
1.75512	18
1.75779	18
1.75779	18
1.7578	18
1.7578	18
1.76639	18
1.76639	18
1.76639	18
1.7664	18
1.76641	18
1.76644	18
1.78614	18
1.78614	18
1.78614	18
1.78614	18
1.78614	18
1.78982	18
1.78982	18
1.78982	18
1.78983	18
1.79086	18
1.79546	18
1.79546	18
1.79546	18
1.79546	18
1.79547	18
1.79547	18
1.79781	18
1.79782	18
1.79782	18
1.80863	18
1.80863	18
1.80863	18
1.80863	18
1.80863	18
1.80864	18
1.81022	18
1.81031	18
1.81939	18
1.8212	18
1.8212	18
1.8212	18
1.82557	18
1.82557	18
1.82557	18
1.82558	18
1.82558	18
1.82558	18
1.8277	18
1.8277	18
1.82771	18
1.82771	18
1.83045	18
1.83066	18
1.83066	18
1.83068	18
1.8307	18
1.83231	18
1.83238	18
1.83317	18
1.83318	18
1.83327	18
1.85248	18
1.85251	18
1.85568	18
1.85568	18
1.85568	18
1.85568	18
1.85568	18
1.85569	18
1.85986	18
1.85989	18
1.85994	18
1.86489	18
1.86489	18
1.86493	18
1.86612	18
1.87306	18
1.87306	18
1.87307	18
1.87308	18
1.87477	18
1.87478	18
1.87478	18
1.87479	18
1.87479	18
1.87485	18
1.88957	18
1.88957	18
1.88957	18
1.88988	18
1.89234	18
1.89235	18
1.89235	18
1.8925	18
1.89383	18
1.89383	18
1.89383	18
1.89417	18
1.89464	18
1.89583	18
1.89876	18
1.89876	18
1.89877	18
1.89878	18
1.90483	18
1.90483	18
1.90483	18
1.90483	18
1.90644	18
1.90644	18
1.90644	18
1.91047	18
1.91047	18
1.91047	18
1.91047	18
1.92424	18
1.92424	18
1.92424	18
1.92424	18
1.92425	18
1.92425	18
1.92425	18
1.93109	18
1.9311	18
1.93111	18
1.93111	18
1.93116	18
1.93249	18
1.93249	18
1.93251	18
1.9372	18
1.93721	18
1.93726	18
1.94573	18
1.94573	18
1.94574	18
1.94575	18
1.94648	18
1.94648	18
1.94652	18
1.94859	18
1.9486	18
1.94861	18
1.9487	18
1.94891	18
1.97081	18
1.97082	18
1.97082	18
1.97082	18
1.97083	18
1.97083	18
1.98473	18
1.98473	18
1.98473	18
1.98473	18
1.98474	18
1.98477	18
1.9848	18
1.99015	18
1.99016	18
1.99145	18
1.99145	18
1.99145	18
1.99145	18
1.99145	18
1.99146	18
1.99149	18
2.00113	18
2.00114	18
2.00115	18
2.0044	18
2.00441	18
2.00441	18
2.00446	18
2.0069	18
2.0069	18
2.0069	18
2.00697	18
2.00846	18
2.00846	18
2.00847	18
2.00847	18
2.00977	18
2.00977	18
2.00977	18
2.01178	18
2.01178	18
2.01179	18
2.0148	18
2.01481	18
2.01481	18
2.01484	18
2.01496	18
2.02223	18
2.02223	18
2.02223	18
2.02223	18
2.02224	18
2.02226	18
2.02495	18
2.02495	18
2.02501	18
2.02534	18
2.02799	18
2.03201	18
2.03202	18
2.03206	18
2.05517	18
2.05517	18
2.05517	18
2.05517	18
2.05519	18
2.0552	18
2.05521	18
2.0567	18
2.0567	18
2.0567	18
2.0567	18
2.05671	18
2.07261	18
2.07261	18
2.07261	18
2.07261	18
2.07261	18
2.07262	18
2.07361	18
2.07361	18
2.07362	18
2.07362	18
2.07362	18
2.07654	18
2.07654	18
2.07655	18
2.08552	18
2.08552	18
2.08552	18
2.08552	18
2.08552	18
2.08553	18
2.09449	18
2.0945	18
2.09453	18
2.09478	18
2.09611	18
2.09611	18
2.09611	18
2.09668	18
2.09668	18
2.09668	18
2.09669	18
2.09795	18
2.09796	18
2.09797	18
2.10062	18
2.10062	18
2.10062	18
2.10063	18
2.10208	18
2.1021	18
2.10378	18
2.10379	18
2.10379	18
2.1038	18
2.1072	18
2.1072	18
2.10721	18
2.10731	18
2.10732	18
2.10732	18
2.12165	18
2.12165	18
2.12165	18
2.12165	18
2.12376	18
2.12376	18
2.12395	18
2.12502	18
2.12609	18
2.12609	18
2.12609	18
2.12609	18
2.1261	18
2.1261	18
2.14358	18
2.14358	18
2.14358	18
2.14358	18
2.14647	18
2.14647	18
2.14647	18
2.14647	18
2.14869	18
2.14869	18
2.14869	18
2.14869	18
2.15998	18
2.16	18
2.16105	18
2.16105	18
2.16106	18
2.16107	18
2.16123	18
2.16896	18
2.16896	18
2.16897	18
2.16897	18
2.16897	18
2.16978	18
2.16978	18
2.16979	18
2.16979	18
2.18548	18
2.18548	18
2.18549	18
2.1855	18
2.18639	18
2.1864	18
2.18641	18
2.18726	18
2.18726	18
2.18727	18
2.20601	18
2.20601	18
2.20602	18
2.20602	18
2.20669	18
2.2067	18
2.2067	18
2.20829	18
2.20829	18
2.20831	18
2.20841	18
2.20841	18
2.20842	18
2.20946	18
2.20979	18
2.20979	18
2.2098	18
2.21308	18
2.21308	18
2.21308	18
2.21309	18
2.21564	18
2.21789	18
2.2179	18
2.2179	18
2.2179	18
2.23101	18
2.23101	18
2.23102	18
2.23417	18
2.24041	18
2.24041	18
2.24042	18
2.24043	18
2.24201	18
2.24201	18
2.24202	18
2.24934	18
2.24934	18
2.24935	18
2.25056	18
2.25056	18
2.25057	18
2.25058	18
2.25143	18
2.25143	18
2.25143	18
2.25143	18
2.25143	18
2.25388	18
2.25388	18
2.25389	18
2.25873	18
2.25873	18
2.25873	18
2.25904	18
2.25904	18
2.25904	18
2.25905	18
2.26086	18
2.26086	18
2.26086	18
2.26088	18
2.26244	18
2.26245	18
2.26245	18
2.26917	18
2.26917	18
2.2692	18
2.29024	18
2.29024	18
2.29025	18
2.29025	18
2.29025	18
2.29027	18
2.294	18
2.294	18
2.294	18
2.294	18
2.30375	18
2.30375	18
2.30376	18
2.31088	18
2.31088	18
2.31088	18
2.31088	18
2.31717	18
2.31719	18
2.3217	18
2.32171	18
2.32171	18
2.32171	18
2.33225	18
2.33226	18
2.33226	18
2.3352	18
2.33521	18
2.33521	18
2.34948	18
2.34948	18
2.34948	18
2.34949	18
2.34949	18
2.3495	18
2.35533	18
2.35533	18
2.35533	18
2.35533	18
2.36183	18
2.36183	18
2.39873	18
2.39873	18
2.39873	18
2.39873	18
2.39873	18
2.39873	18
2.39875	18
2.39992	18
2.39993	18
2.39993	18
2.40002	18
2.40002	18
2.40002	18
2.40002	18
2.40003	18
2.40474	18
2.41046	18
2.41046	18
2.41046	18
2.41047	18
2.41048	18
2.41329	18
2.42704	18
2.42705	18
2.44078	18
2.44078	18
2.44078	18
2.44078	18
2.44078	18
2.44078	18
2.4408	18
2.4642	18
2.4642	18
2.4642	18
2.4642	18
2.46421	18
2.4674	18
2.4674	18
2.4674	18
2.4674	18
2.46741	18
2.47479	18
2.47479	18
2.47491	18
2.47563	18
2.48365	18
2.48365	18
2.48366	18
2.48366	18
2.48368	18
2.49584	18
2.49584	18
2.49584	18
2.49585	18
2.49585	18
2.49943	18
2.49943	18
2.49945	18
2.49994	18
2.49994	18
2.49995	18
2.50724	18
2.50724	18
2.50724	18
2.50791	18
2.50792	18
2.50793	18
2.51389	18
2.51389	18
2.5139	18
2.5139	18
2.51391	18
2.52183	18
2.52183	18
2.52183	18
2.52183	18
2.52184	18
2.52187	18
2.5278	18
2.5278	18
2.52781	18
2.54115	18
2.54115	18
2.54115	18
2.54115	18
2.54116	18
2.54116	18
2.54587	18
2.54587	18
2.54588	18
2.54761	18
2.5511	18
2.5511	18
2.5511	18
2.5511	18
2.55112	18
2.57286	18
2.57286	18
2.57286	18
2.57286	18
2.57287	18
2.57443	18
2.57443	18
2.57444	18
2.57444	18
2.57444	18
2.57444	18
2.57445	18
2.57446	18
2.57447	18
2.57822	18
2.57822	18
2.57823	18
2.57823	18
2.57958	18
2.57958	18
2.57959	18
2.57959	18
2.58389	18
2.5839	18
2.5839	18
2.58561	18
2.58561	18
2.58561	18
2.58991	18
2.60637	18
2.60637	18
2.60638	18
2.60638	18
2.60638	18
2.60639	18
2.61597	18
2.61597	18
2.61597	18
2.616	18
2.61696	18
2.61697	18
2.61697	18
2.61697	18
2.61736	18
2.61736	18
2.61736	18
2.61739	18
2.63294	18
2.63295	18
2.63295	18
2.63296	18
2.64598	18
2.64598	18
2.64599	18
2.64599	18
2.64602	18
2.65677	18
2.65677	18
2.65677	18
2.65678	18
2.6568	18
2.66275	18
2.66275	18
2.66295	18
2.663	18
2.66527	18
2.66527	18
2.66527	18
2.67184	18
2.67276	18
2.67276	18
2.67278	18
2.69801	18
2.69801	18
2.69801	18
2.69801	18
2.69801	18
2.69801	18
2.69802	18
2.69802	18
2.69802	18
2.70486	18
2.70487	18
2.70487	18
2.70487	18
2.70487	18
2.71902	18
2.71903	18
2.72238	18
2.72238	18
2.72239	18
2.7224	18
2.72502	18
2.72503	18
2.72503	18
2.72701	18
2.72702	18
2.72708	18
2.74781	18
2.74781	18
2.74782	18
2.74782	18
2.74783	18
2.74785	18
2.75174	18
2.75174	18
2.75175	18
2.75179	18
2.75533	18
2.75534	18
2.75534	18
2.76899	18
2.77849	18
2.77849	18
2.77849	18
2.77849	18
2.77849	18
2.77849	18
2.7785	18
2.7785	18
2.77995	18
2.77995	18
2.77995	18
2.78346	18
2.78346	18
2.78347	18
2.78347	18
2.78849	18
2.78854	18
2.7898	18
2.78982	18
2.79903	18
2.79904	18
2.79904	18
2.79904	18
2.79904	18
2.82065	18
2.82065	18
2.82065	18
2.82066	18
2.82066	18
2.8412	18
2.8412	18
2.84121	18
2.84121	18
2.84121	18
2.84121	18
2.84122	18
2.85059	18
2.8506	18
2.8506	18
2.85061	18
2.85746	18
2.85746	18
2.85746	18
2.85746	18
2.85967	18
2.8719	18
2.8719	18
2.87192	18
2.87285	18
2.87286	18
2.87303	18
2.87757	18
2.87758	18
2.8776	18
2.87772	18
2.8811	18
2.8811	18
2.88144	18
2.88515	18
2.88516	18
2.88516	18
2.88517	18
2.88517	18
2.8852	18
2.88831	18
2.88831	18
2.88832	18
2.88832	18
2.88832	18
2.89233	18
2.89234	18
2.89234	18
2.89234	18
2.89814	18
2.89815	18
2.89815	18
2.89816	18
2.90819	18
2.9082	18
2.9082	18
2.90821	18
2.90823	18
2.9171	18
2.91711	18
2.91711	18
2.91711	18
2.91711	18
2.92047	18
2.92048	18
2.9205	18
2.92307	18
2.92308	18
2.92312	18
2.9234	18
2.92737	18
2.92738	18
2.92738	18
2.92739	18
2.92739	18
2.9299	18
2.9299	18
2.9299	18
2.92991	18
2.94256	18
2.94256	18
2.94257	18
2.94258	18
2.94258	18
2.94258	18
2.9523	18
2.9523	18
2.9523	18
2.95238	18
2.95245	18
2.95814	18
2.95814	18
2.95815	18
2.96223	18
2.96223	18
2.96225	18
2.98256	18
2.98257	18
2.98257	18
2.98257	18
3.01105	18
3.01105	18
3.01105	18
3.01106	18
3.01106	18
3.01106	18
3.01107	18
3.01158	18
3.01158	18
3.0116	18
3.01231	18
3.01232	18
3.01232	18
3.01233	18
3.01723	18
3.01723	18
3.01724	18
3.01731	18
3.01902	18
3.01902	18
3.01902	18
3.01903	18
3.01905	18
3.02671	18
3.03105	18
3.03105	18
3.03106	18
3.03106	18
3.03691	18
3.03695	18
3.04895	18
3.04896	18
3.04897	18
3.04897	18
3.04914	18
3.04914	18
3.04915	18
3.04916	18
3.0507	18
3.05071	18
3.05073	18
3.05108	18
3.05109	18
3.0511	18
3.05113	18
3.05201	18
3.05201	18
3.05202	18
3.05202	18
3.05246	18
3.05287	18
3.05287	18
3.05287	18
3.05289	18
3.06602	18
3.06604	18
3.07347	18
3.07348	18
3.07348	18
3.07348	18
3.07351	18
3.0842	18
3.0842	18
3.08421	18
3.08494	18
3.08495	18
3.08499	18
3.10132	18
3.10132	18
3.10133	18
3.10134	18
3.10137	18
3.10434	18
3.10435	18
3.10436	18
3.10436	18
3.11981	18
3.11982	18
3.11982	18
3.11988	18
3.12044	18
3.12519	18
3.12519	18
3.1252	18
3.12521	18
3.12634	18
3.12634	18
3.12634	18
3.12638	18
3.13756	18
3.13756	18
3.13756	18
3.13756	18
3.13758	18
3.14055	18
3.14055	18
3.14055	18
3.14056	18
3.14771	18
3.14771	18
3.14771	18
3.14772	18
3.14772	18
3.14773	18
3.14774	18
3.14982	18
3.14985	18
3.14989	18
3.16159	18
3.16159	18
3.16159	18
3.1616	18
3.16164	18
3.16858	18
3.16858	18
3.16858	18
3.16859	18
3.16861	18
3.16933	18
3.1799	18
3.1799	18
3.17992	18
3.17994	18
3.18194	18
3.18194	18
3.18194	18
3.18195	18
3.182	18
3.18805	18
3.18805	18
3.18805	18
3.19922	18
3.19922	18
3.19922	18
3.19924	18
3.19924	18
3.19925	18
3.20455	18
3.20456	18
3.20457	18
3.23336	18
3.23336	18
3.23336	18
3.23336	18
3.23336	18
3.23337	18
3.23751	18
3.23751	18
3.23752	18
3.24319	18
3.24319	18
3.2432	18
3.2432	18
3.24321	18
3.24968	18
3.24969	18
3.24969	18
3.2497	18
3.25606	18
3.25606	18
3.25612	18
3.2777	18
3.2777	18
3.27771	18
3.27772	18
3.27773	18
3.29458	18
3.29459	18
3.29459	18
3.2946	18
3.31945	18
3.31945	18
3.31945	18
3.31945	18
3.31945	18
3.31946	18
3.31946	18
3.32696	18
3.32697	18
3.32701	18
3.3358	18
3.3358	18
3.33581	18
3.33583	18
3.33641	18
3.33643	18
3.33644	18
3.3419	18
3.3419	18
3.34191	18
3.34719	18
3.38172	18
3.38173	18
3.38173	18
3.38173	18
3.38173	18
3.38173	18
3.38174	18
3.38189	18
3.38708	18
3.38709	18
3.38709	18
3.3886	18
3.3886	18
3.3886	18
3.38883	18
3.38883	18
3.38892	18
3.40402	18
3.40402	18
3.40402	18
3.40404	18
3.40407	18
3.40516	18
3.409	18
3.409	18
3.41309	18
3.41309	18
3.41309	18
3.41315	18
3.41718	18
3.41719	18
3.41719	18
3.4172	18
3.43361	18
3.43361	18
3.43361	18
3.43361	18
3.43362	18
3.43367	18
3.4373	18
3.4373	18
3.43743	18
3.44173	18
3.44181	18
3.45541	18
3.45542	18
3.45542	18
3.45542	18
3.45543	18
3.45761	18
3.47191	18
3.47191	18
3.47191	18
3.47192	18
3.47192	18
3.47197	18
3.47763	18
3.47763	18
3.47764	18
3.47765	18
3.47765	18
3.47876	18
3.47877	18
3.47878	18
3.4793	18
3.47931	18
3.47955	18
3.54113	18
3.54113	18
3.54113	18
3.54113	18
3.54113	18
3.54114	18
3.54541	18
3.54542	18
3.54545	18
3.58327	18
3.58328	18
3.58328	18
3.58328	18
3.58328	18
3.5833	18
3.58336	18
3.60724	18
3.60726	18
3.60727	18
3.60729	18
3.60772	18
3.60832	18
3.60833	18
3.60834	18
3.60837	18
3.6183	18
3.6183	18
3.61837	18
3.63368	18
3.63369	18
3.63369	18
3.63369	18
3.63369	18
3.6337	18
3.63374	18
3.63978	18
3.63978	18
3.63979	18
3.6398	18
3.67712	18
3.67712	18
3.67712	18
3.67712	18
3.67712	18
3.67715	18
3.6772	18
3.67895	18
3.67897	18
3.67897	18
3.69593	18
3.69593	18
3.69593	18
3.69594	18
3.69595	18
3.69596	18
3.707	18
3.70701	18
3.70701	18
3.70701	18
3.72453	18
3.72453	18
3.72453	18
3.72454	18
3.72454	18
3.72455	18
3.73873	18
3.73874	18
3.73875	18
3.7388	18
3.74215	18
3.74216	18
3.74216	18
3.74218	18
3.75561	18
3.75561	18
3.75561	18
3.75561	18
3.75563	18
3.7557	18
3.77427	18
3.77428	18
3.7743	18
3.77431	18
3.78116	18
3.78117	18
3.78118	18
3.78136	18
3.79189	18
3.79189	18
3.7919	18
3.79192	18
3.8108	18
3.8108	18
3.81081	18
3.81082	18
3.81082	18
3.81084	18
3.81085	18
3.81773	18
3.81773	18
3.81773	18
3.81778	18
3.82159	18
3.82159	18
3.82159	18
3.8216	18
3.82161	18
3.82724	18
3.82724	18
3.82735	18
3.82832	18
3.82832	18
3.82852	18
3.83935	18
3.83935	18
3.83935	18
3.83935	18
3.83935	18
3.83938	18
3.95014	18
3.95015	18
3.95015	18
3.95016	18
3.95019	18
3.95047	18
3.95059	18
3.97256	18
3.97256	18
3.97256	18
3.97257	18
3.9726	18
3.97264	18
3.97534	18
3.97534	18
3.97535	18
3.97536	18
3.98178	18
3.98178	18
3.98182	18
3.98184	18
3.98974	18
3.98976	18
3.98976	18
3.98977	18
3.98985	18
4.00209	18
4.00211	18
4.00217	18
4.0058	18
4.00581	18
4.00582	18
4.00584	18
4.01162	18
4.19633	18
4.19633	18
4.19634	18
4.19634	18
4.19637	18
4.1965	18
4.19658	18
4.20105	18
4.20106	18
4.20106	18
4.20114	18
4.22899	18
4.22899	18
4.229	18
4.229	18
4.229	18
4.22901	18
4.22902	18
4.22913	18
4.23521	18
4.23545	18
4.236	18
4.24053	18
4.24053	18
4.24054	18
4.24059	18
4.24182	18
4.24185	18
4.24203	18
4.26851	18
4.26851	18
4.26852	18
4.26852	18
4.26852	18
4.26853	18
4.26876	18
4.30282	18
4.30282	18
4.30283	18
4.30284	18
4.30284	18
4.30284	18
4.30286	18
4.59718	18
4.59718	18
4.59719	18
4.59719	18
4.59719	18
4.59731	18
4.60735	18
4.60735	18
4.60736	18
4.60741	18
4.64869	18
4.64869	18
4.6487	18
4.6487	18
4.64871	18
4.64871	18
4.64877	18
4.64886	18
4.66703	18
4.66705	18
4.66705	18
4.66705	18
4.66706	18
4.66714	18
4.67701	18
4.67701	18
4.67701	18
4.67703	18
4.67708	18
4.67736	18
4.69816	18
4.69816	18
4.69816	18
4.69836	18
4.71133	18
4.71134	18
4.71134	18
4.71134	18
4.71134	18
4.71134	18
4.73104	18
4.73104	18
4.73104	18
4.73105	18
4.73108	18
4.73921	18
4.73922	18
4.73922	18
4.73924	18
4.73964	18
4.75784	18
4.75784	18
4.75784	18
4.75784	18
4.75786	18
4.75808	18
4.76062	18
4.76075	18
4.7608	18
4.80094	18
4.80094	18
4.80095	18
4.80095	18
4.80097	18
4.80102	18
4.80141	18
4.81195	18
4.81195	18
4.81195	18
4.81198	18
4.87182	18
4.87183	18
4.87184	18
4.87184	18
4.87185	18
4.87187	18
4.87208	18
4.87239	18
5.43015	18
5.43016	18
5.43017	18
5.43025	18
5.43027	18
5.43028	18
5.43054	18
5.51477	18
5.51477	18
5.51478	18
5.51478	18
5.51481	18
5.51484	18
5.51486	18
5.51488	18
5.53946	18
5.53946	18
5.53946	18
5.53947	18
5.53961	18
5.54084	18
5.54084	18
5.54085	18
5.54092	18
5.54122	18
6.14347	18
6.14347	18
6.14348	18
6.14348	18
6.14354	18
6.14406	18
6.32087	18
6.32088	18
6.32091	18
6.32091	18
6.32094	18
6.32112	18
6.32156	18
6.32157	18
6.32173	18
6.32462	18
6.32462	18
6.32462	18
6.32463	18
6.32481	18
6.41706	18
6.41706	18
6.41709	18
6.41709	18
6.41711	18
6.41718	18
6.41738	18
6.48524	18
6.48524	18
6.48525	18
6.48526	18
6.48526	18
6.48543	18
6.4855	18
6.90681	18
6.90681	18
6.90681	18
6.90681	18
6.90683	18
6.90692	18
6.90702	18
6.90714	18
6.99843	18
6.99843	18
6.99845	18
6.99849	18
6.99851	18
6.99877	18
6.99883	18
7.31578	18
7.31578	18
7.31578	18
7.31581	18
7.31583	18
7.3175	18
7.36431	18
7.36431	18
7.36432	18
7.36432	18
7.36437	18
7.36443	18
7.36557	18
7.36558	18
7.66531	18
7.66531	18
7.66532	18
7.66533	18
7.66541	18
7.66542	18
7.66551	18
7.71912	18
7.71912	18
7.71914	18
7.71915	18
7.71916	18
7.71919	18
7.71984	18
8.25925	18
8.25926	18
8.25926	18
8.25927	18
8.25928	18
8.26008	18
8.31014	18
8.31014	18
8.31014	18
8.31016	18
8.31016	18
8.31019	18
8.3245	18
8.32451	18
8.32454	18
8.32454	18
8.32456	18
8.5448	18
8.5448	18
8.54481	18
8.54481	18
8.54485	18
8.54489	18
8.54515	18
8.54516	18
8.54518	18
8.68747	18
8.68749	18
8.68749	18
8.6875	18
8.6875	18
8.68788	18
8.68797	18
8.69816	18
8.72637	18
8.72638	18
8.72639	18
8.72641	18
8.72643	18
8.72653	18
8.72981	18
8.73972	18
9.3267	18
9.3267	18
9.32671	18
9.32671	18
9.32671	18
9.6589	18
9.65892	18
9.65892	18
9.65893	18
9.65893	18
9.65894	18
9.65895	18
9.65896	18
9.65909	18
9.65962	18
9.74612	18
9.74612	18
9.74612	18
9.74615	18
9.74615	18
9.74708	18
9.75277	18
9.75311	18
9.75388	18
9.75649	18
9.84148	18
9.84148	18
9.84148	18
9.84152	18
9.84157	18
9.84161	18
9.84261	18
9.85571	18
9.85572	18
9.85627	18
9.85658	18
9.86281	18
9.91472	18
9.91473	18
9.91473	18
9.91475	18
9.91476	18
9.91477	18
9.91485	18
9.91493	18
9.92799	18
9.92801	18
9.92826	18
9.92856	18
10.0265	18
10.0265	18
10.0265	18
10.0265	18
10.0265	18
10.0434	18
10.0463	18
10.1202	18
10.1202	18
10.1202	18
10.1202	18
10.1202	18
10.1208	18
10.2184	18
10.2184	18
10.2184	18
10.2184	18
10.2184	18
10.2184	18
10.4925	18
10.4925	18
10.4926	18
10.4926	18
10.4926	18
10.4926	18
10.6945	18
10.6945	18
10.6945	18
10.6945	18
10.6945	18
10.6946	18
10.7218	18
10.7218	18
10.7218	18
10.7218	18
10.8447	18
10.8447	18
10.8447	18
10.8447	18
10.8447	18
10.8447	18
10.8449	18
10.8451	18
10.9846	18
10.9846	18
10.9846	18
10.9846	18
10.9846	18
11.0444	18
11.0444	18
11.0444	18
11.0445	18
11.0445	18
11.0448	18
11.045	18
11.045	18
11.0794	18
11.0794	18
11.0794	18
11.0794	18
11.0795	18
11.0796	18
11.0796	18
11.3533	18
11.3533	18
11.3533	18
11.3534	18
11.3534	18
11.3535	18
11.3536	18
11.354	18
11.4262	18
11.4262	18
11.4262	18
11.4262	18
11.4263	18
11.4265	18
11.4266	18
11.5081	18
11.5081	18
11.5081	18
11.5081	18
11.5082	18
11.5082	18
11.5084	18
11.5869	18
11.5869	18
11.5869	18
11.5869	18
11.587	18
11.7587	18
11.7587	18
11.7587	18
11.7588	18
11.7588	18
11.7588	18
11.8436	18
11.8436	18
11.8436	18
11.8436	18
11.8436	18
12.2427	18
12.2427	18
12.2427	18
12.2427	18
12.2428	18
12.243	18
12.2432	18
12.2432	18
12.2433	18
12.3401	18
12.3401	18
12.3401	18
12.3401	18
12.3401	18
12.3402	18
12.3405	18
12.4585	18
12.4585	18
12.4585	18
12.4585	18
12.4585	18
12.4589	18
12.4589	18
12.5564	18
12.5564	18
12.5565	18
12.5565	18
12.5566	18
12.6975	18
12.6975	18
12.6976	18
12.6976	18
12.6976	18
12.6976	18
12.7862	18
12.7862	18
12.7862	18
12.7862	18
12.7863	18
12.7863	18
12.7865	18
12.7865	18
12.7867	18
12.787	18
12.9972	18
12.9972	18
12.9972	18
12.9972	18
12.9972	18
12.9972	18
13.0523	18
13.0523	18
13.0523	18
13.0523	18
13.0523	18
13.0528	18
13.4754	18
13.4754	18
13.4754	18
13.4754	18
13.4754	18
13.4755	18
13.4755	18
13.5291	18
13.5291	18
13.5291	18
13.5291	18
13.5291	18
13.5293	18
13.5293	18
13.5297	18
13.5298	18
13.5444	18
13.5444	18
13.5444	18
13.5444	18
13.7133	18
13.7133	18
13.7133	18
13.7133	18
13.7133	18
13.7134	18
13.9498	18
13.9498	18
13.9498	18
13.9498	18
13.9498	18
13.9499	18
14.1088	18
14.1088	18
14.1089	18
14.1089	18
14.1089	18
14.109	18
14.1093	18
14.1094	18
14.5627	18
14.5627	18
14.5627	18
14.5627	18
14.5627	18
14.5628	18
14.5638	18
14.7567	18
14.7567	18
14.7567	18
14.7567	18
14.7567	18
14.7568	18
14.7577	18
14.8721	18
14.8721	18
14.8721	18
14.8721	18
14.8721	18
14.8722	18
14.8725	18
14.8725	18
14.8728	18
15.3916	18
15.3916	18
15.3916	18
15.3916	18
15.3916	18
15.3924	18
15.4068	18
15.4068	18
15.4068	18
15.4069	18
15.4075	18
15.5172	18
15.5172	18
15.5172	18
15.5173	18
15.5174	18
15.5175	18
15.5182	18
15.6966	18
15.6966	18
15.6966	18
15.6966	18
15.6966	18
15.6969	18
15.9695	18
15.9695	18
15.9695	18
15.9695	18
15.9695	18
16.0237	18
16.0237	18
16.0237	18
16.0237	18
16.0238	18
16.0241	18
16.0778	18
16.0778	18
16.0778	18
16.0779	18
16.0779	18
16.078	18
16.0781	18
16.0782	18
16.0783	18
16.1562	18
16.1562	18
16.1562	18
16.1562	18
16.1563	18
16.1563	18
16.1568	18
16.157	18
16.2967	18
16.2967	18
16.2967	18
16.2967	18
16.2968	18
16.2974	18
16.2977	18
16.4056	18
16.4056	18
16.4056	18
16.4056	18
16.4057	18
16.4064	18
16.4064	18
16.7281	18
16.7281	18
16.7281	18
16.7281	18
16.7281	18
16.8408	18
16.8408	18
16.8408	18
16.8408	18
16.8409	18
16.9763	18
16.9763	18
16.9763	18
16.9763	18
16.9763	18
16.9763	18
17.0345	18
17.0345	18
17.0346	18
17.0346	18
17.0346	18
17.0347	18
17.0348	18
17.0349	18
17.035	18
17.0352	18
17.3627	18
17.3627	18
17.3627	18
17.3627	18
17.3628	18
17.4136	18
17.4136	18
17.4136	18
17.4137	18
17.4137	18
17.4139	18
17.414	18
17.4142	18
17.884	18
17.884	18
17.884	18
17.884	18
17.8841	18
17.8842	18
17.8852	18
18.1336	18
18.1336	18
18.1336	18
18.1337	18
18.1337	18
18.6862	18
18.6862	18
18.6862	18
18.6863	18
18.6863	18
18.6863	18
18.6867	18
18.6868	18
18.7379	18
18.7379	18
18.7379	18
18.7379	18
18.738	18
18.738	18
18.7381	18
18.8079	18
18.8079	18
18.8079	18
18.808	18
18.808	18
18.8352	18
18.8352	18
18.8352	18
18.8352	18
18.8352	18
18.8361	18
18.8362	18
18.8843	18
18.8843	18
18.8843	18
18.8843	18
18.8844	18
19.4257	18
19.4257	18
19.4257	18
19.4257	18
19.4258	18
19.4258	18
19.4258	18
19.4259	18
19.4262	18
19.4262	18
19.4266	18
19.542	18
19.542	18
19.542	18
19.542	18
19.542	18
19.5422	18
19.5993	18
19.5993	18
19.5993	18
19.5993	18
19.5994	18
19.5994	18
19.5994	18
19.5998	18
19.7244	18
19.7244	18
19.7244	18
19.7244	18
19.7245	18
19.7497	18
19.7497	18
19.7497	18
19.7501	18
19.8423	18
19.8423	18
19.8423	18
19.8423	18
19.8423	18
19.8425	18
19.8427	18
19.8429	18
19.8751	18
19.8752	18
19.8752	18
19.8752	18
19.8753	18
19.8753	18
20.0345	18
20.0345	18
20.0345	18
20.0345	18
20.0345	18
20.0348	18
20.0359	18
20.0829	18
20.0829	18
20.0829	18
20.0829	18
20.0829	18
20.0836	18
20.0847	18
20.1262	18
20.1262	18
20.1262	18
20.1262	18
20.1262	18
20.1264	18
20.1265	18
20.1266	18
20.2965	18
20.2965	18
20.2965	18
20.2965	18
20.2965	18
20.2965	18
20.2966	18
20.297	18
21.4169	18
21.4169	18
21.4169	18
21.4169	18
21.4169	18
21.5487	18
21.5487	18
21.5487	18
21.5487	18
21.5488	18
21.5488	18
21.6358	18
21.6358	18
21.6358	18
21.6358	18
21.6358	18
21.6359	18
21.6361	18
21.6361	18
22.2568	18
22.2568	18
22.2568	18
22.2568	18
22.2569	18
22.257	18
22.2581	18
22.6502	18
22.6502	18
22.6502	18
22.6502	18
22.6503	18
22.7071	18
22.7071	18
22.7071	18
22.7072	18
22.7072	18
22.7073	18
22.7419	18
22.7419	18
22.742	18
22.742	18
22.742	18
22.7951	18
22.7951	18
22.7952	18
22.7952	18
22.7953	18
22.7954	18
22.7954	18
22.7956	18
22.7957	18
22.9174	18
22.9174	18
22.9175	18
22.9175	18
22.9175	18
22.9178	18
22.9192	18
23.2461	18
23.2461	18
23.2461	18
23.2462	18
23.2462	18
23.2464	18
23.2474	18
23.2477	18
23.2533	18
23.2535	18
23.2541	18
23.3676	18
23.3677	18
23.3677	18
23.3677	18
23.3677	18
23.4103	18
23.4104	18
23.4104	18
23.4104	18
23.4104	18
23.4104	18
23.4456	18
23.4457	18
23.4457	18
23.4457	18
23.4458	18
23.446	18
23.8172	18
23.8172	18
23.8172	18
23.8173	18
23.8173	18
23.8173	18
23.8176	18
23.818	18
23.8459	18
23.8459	18
23.8459	18
23.846	18
23.846	18
23.8465	18
24.0084	18
24.0084	18
24.0084	18
24.0084	18
24.0084	18
24.0137	18
24.0641	18
24.0641	18
24.0641	18
24.0642	18
24.0642	18
24.0643	18
24.0646	18
24.2994	18
24.2994	18
24.2994	18
24.2994	18
24.2994	18
24.2995	18
24.438	18
24.438	18
24.438	18
24.4381	18
24.4382	18
24.4382	18
24.4384	18
24.4386	18
24.6229	18
24.6229	18
24.6229	18
24.6229	18
24.6229	18
24.623	18
24.6232	18
24.7842	18
24.7842	18
24.7842	18
24.7842	18
24.7842	18
24.8609	18
24.8609	18
24.8609	18
24.8609	18
24.8609	18
24.861	18
24.8611	18
24.8633	18
24.8655	18
25.3012	18
25.3012	18
25.3012	18
25.3013	18
25.3013	18
25.3013	18
25.3014	18
25.3014	18
25.3162	18
25.3282	18
25.3282	18
25.3282	18
25.3282	18
25.3282	18
25.3283	18
25.4359	18
25.4359	18
25.4359	18
25.4359	18
25.436	18
25.4362	18
25.4501	18
26.421	18
26.421	18
26.421	18
26.421	18
26.4211	18
26.4212	18
26.4213	18
26.6005	18
26.6005	18
26.6005	18
26.6006	18
26.6006	18
26.6006	18
26.6568	18
26.6568	18
26.6568	18
26.6568	18
26.6568	18
26.6568	18
26.7728	18
26.7728	18
26.7728	18
26.7728	18
26.7728	18
26.773	18
26.7737	18
26.8234	18
26.8234	18
26.8234	18
26.8234	18
26.8235	18
26.8235	18
26.8236	18
26.8278	18
27.1782	18
27.1783	18
27.1783	18
27.1783	18
27.1783	18
27.1783	18
27.1981	18
27.1988	18
27.4229	18
27.4229	18
27.4229	18
27.4229	18
27.4229	18
27.423	18
27.4232	18
27.4249	18
27.7691	18
27.7691	18
27.7691	18
27.7691	18
27.7691	18
27.7692	18
27.7697	18
27.818	18
27.818	18
27.818	18
27.818	18
27.818	18
27.8181	18
27.8227	18
28.165	18
28.165	18
28.165	18
28.165	18
28.1651	18
28.1652	18
28.1685	18
28.2513	18
28.2513	18
28.2513	18
28.2514	18
28.2514	18
28.2516	18
28.26	18
28.2631	18
28.2997	18
28.2997	18
28.2997	18
28.2998	18
28.2998	18
28.2998	18
28.2998	18
29.0807	18
29.0807	18
29.0807	18
29.0807	18
29.0807	18
29.1143	18
29.1143	18
29.1144	18
29.1144	18
29.1145	18
29.1681	18
29.1681	18
29.1681	18
29.1681	18
29.1681	18
29.1681	18
29.1684	18
29.1686	18
29.1816	18
29.1816	18
29.1918	18
29.1918	18
29.1952	18
29.2204	18
29.2204	18
29.2205	18
29.2205	18
29.2207	18
29.2981	18
29.2981	18
29.2981	18
29.2981	18
29.3292	18
29.3292	18
29.3294	18
29.339	18
29.339	18
29.3393	18
29.4437	18
29.4437	18
29.4437	18
29.4437	18
29.4437	18
29.4438	18
29.6095	18
29.6095	18
29.6095	18
29.6095	18
29.6095	18
29.7891	18
29.7891	18
29.7891	18
29.7891	18
29.7893	18
29.7895	18
29.7895	18
29.7898	18
30.7108	18
30.7108	18
30.7108	18
30.7108	18
30.7109	18
30.7109	18
31.3874	18
31.3874	18
31.3874	18
31.3874	18
31.3874	18
31.3876	18
31.4271	18
31.4271	18
31.4271	18
31.4271	18
31.4271	18
32.0979	18
32.0979	18
32.0979	18
32.0979	18
32.098	18
32.098	18
32.0981	18
33.064	18
33.064	18
33.064	18
33.064	18
33.0641	18
33.0641	18
33.065	18
33.2485	18
33.2485	18
33.2485	18
33.2485	18
33.2485	18
33.2488	18
33.3092	18
33.3092	18
33.3092	18
33.3093	18
33.3093	18
33.4217	18
33.4217	18
33.4217	18
33.4217	18
33.4218	18
33.4218	18
33.4218	18
33.422	18
33.5596	18
33.5596	18
33.5596	18
33.5596	18
33.5597	18
33.5599	18
33.8957	18
33.8958	18
33.8958	18
33.8958	18
33.8958	18
33.8959	18
34.0276	18
34.0277	18
34.0277	18
34.0277	18
34.0277	18
34.0279	18
34.1305	18
34.1305	18
34.1305	18
34.1305	18
34.1306	18
34.131	18
34.2162	18
34.2162	18
34.2162	18
34.2162	18
34.2162	18
34.2164	18
34.2164	18
34.494	18
34.494	18
34.494	18
34.494	18
34.4941	18
34.4941	18
35.0526	18
35.0526	18
35.0526	18
35.0526	18
35.0526	18
35.0527	18
35.4432	18
35.4432	18
35.4432	18
35.4432	18
35.4433	18
35.4437	18
35.8388	18
35.8388	18
35.8389	18
35.8389	18
35.8389	18
35.8543	18
35.8543	18
35.8543	18
35.8543	18
35.8544	18
35.8545	18
36.1524	18
36.1524	18
36.1525	18
36.1525	18
36.1525	18
36.1527	18
36.1578	18
36.1983	18
36.1983	18
36.1983	18
36.1984	18
36.1985	18
36.1989	18
36.6631	18
36.6632	18
36.6632	18
36.6632	18
36.6632	18
36.6632	18
36.6647	18
36.6922	18
36.6922	18
36.6923	18
36.6926	18
36.8204	18
36.8204	18
36.8204	18
36.8204	18
36.8206	18
36.8207	18
37.0063	18
37.0063	18
37.0063	18
37.0063	18
37.0064	18
37.1287	18
37.1287	18
37.1287	18
37.1287	18
37.1289	18
37.1296	18
37.5047	18
37.5047	18
37.5047	18
37.5047	18
37.5048	18
37.5048	18
37.505	18
37.5416	18
37.5416	18
37.5417	18
37.5417	18
37.5417	18
37.5419	18
37.7416	18
37.7417	18
37.7417	18
37.7417	18
37.7417	18
37.7417	18
38.2255	18
38.2255	18
38.2256	18
38.2256	18
38.2256	18
38.2258	18
38.8202	18
38.8202	18
38.8202	18
38.8202	18
38.8203	18
38.8203	18
38.9812	18
38.9812	18
38.9812	18
38.9812	18
38.9812	18
38.9813	18
39.0607	18
39.0607	18
39.0607	18
39.0607	18
39.0608	18
39.0609	18
39.1542	18
39.1543	18
39.1543	18
39.1543	18
39.1543	18
39.2573	18
39.2573	18
39.2573	18
39.2573	18
39.2574	18
39.2574	18
39.2576	18
39.4237	18
39.4237	18
39.4237	18
39.4238	18
39.4239	18
39.4241	18
39.5745	18
39.5745	18
39.5745	18
39.5745	18
39.5746	18
39.5751	18
39.6837	18
39.6838	18
39.6838	18
39.6838	18
39.6838	18
39.712	18
39.7121	18
39.7121	18
39.7122	18
39.7715	18
39.7715	18
39.7715	18
39.7716	18
39.7716	18
39.7716	18
39.7717	18
39.8913	18
39.8913	18
39.8913	18
39.8913	18
39.8914	18
39.8915	18
39.9097	18
40.1592	18
40.1593	18
40.1593	18
40.1593	18
40.1593	18
40.1593	18
40.1593	18
40.363	18
40.363	18
40.363	18
40.363	18
40.3632	18
40.3633	18
40.486	18
40.486	18
40.486	18
40.4861	18
40.4861	18
40.4861	18
40.4865	18
40.9023	18
40.9023	18
40.9023	18
40.9023	18
40.9023	18
40.9031	18
41.0825	18
41.0825	18
41.0825	18
41.0825	18
41.0827	18
41.5261	18
41.5261	18
41.5261	18
41.5261	18
41.5262	18
41.5262	18
41.5264	18
41.5267	18
42.0351	18
42.0352	18
42.0352	18
42.0352	18
42.0352	18
42.0352	18
42.0354	18
42.2506	18
42.2506	18
42.2506	18
42.2506	18
42.2507	18
42.2689	18
42.269	18
42.3277	18
42.3277	18
42.3277	18
42.3278	18
42.3278	18
42.3278	18
42.328	18
42.3282	18
42.6626	18
42.6626	18
42.6626	18
42.6626	18
42.6626	18
42.6627	18
42.6627	18
42.6682	18
42.6682	18
42.6683	18
42.7405	18
42.7405	18
42.7405	18
42.7406	18
42.7407	18
43.0495	18
43.0495	18
43.0496	18
43.0496	18
43.0496	18
43.0497	18
43.0497	18
43.0921	18
43.0921	18
43.0921	18
43.0922	18
43.181	18
43.181	18
43.181	18
43.181	18
43.181	18
43.1811	18
43.2098	18
43.2098	18
43.2098	18
43.2098	18
43.21	18
43.2101	18
43.2101	18
43.6339	18
43.6339	18
43.6339	18
43.6339	18
43.634	18
43.8855	18
43.8855	18
43.8856	18
43.8856	18
43.8857	18
43.8858	18
43.886	18
44.3384	18
44.3384	18
44.3384	18
44.3384	18
44.3386	18
44.3387	18
44.3399	18
44.3399	18
44.34	18
44.3402	18
44.6605	18
44.6606	18
44.6606	18
44.6606	18
44.6606	18
44.751	18
44.751	18
44.751	18
44.7511	18
44.7511	18
44.7511	18
44.7512	18
44.7513	18
45.0576	18
45.0577	18
45.0577	18
45.0577	18
45.0577	18
45.0577	18
45.2456	18
45.2456	18
45.2456	18
45.2456	18
45.2456	18
45.2457	18
45.2458	18
45.5412	18
45.5412	18
45.5412	18
45.5412	18
45.5412	18
45.5417	18
45.6718	18
45.6718	18
45.6718	18
45.6719	18
45.6719	18
45.7319	18
45.7319	18
45.7319	18
45.7319	18
45.732	18
45.7322	18
46.1709	18
46.1709	18
46.1709	18
46.1709	18
46.171	18
46.1711	18
46.1712	18
46.4861	18
46.4861	18
46.4861	18
46.4861	18
46.4861	18
46.4861	18
46.7741	18
46.7742	18
46.7742	18
46.7742	18
46.7743	18
46.7744	18
46.9816	18
46.9816	18
46.9816	18
46.9816	18
46.9816	18
46.9818	18
47.0596	18
47.0596	18
47.0596	18
47.0596	18
47.0597	18
47.0599	18
47.0603	18
47.1795	18
47.1795	18
47.1795	18
47.1795	18
47.1796	18
47.1796	18
47.4545	18
47.4545	18
47.4545	18
47.4545	18
47.4546	18
47.4548	18
47.5008	18
47.5008	18
47.5008	18
47.5008	18
47.501	18
47.8172	18
47.8172	18
47.8172	18
47.8172	18
47.8173	18
47.8181	18
47.8311	18
47.8312	18
47.8312	18
47.8996	18
47.8996	18
47.8996	18
47.8997	18
47.8997	18
47.8998	18
47.8998	18
47.9	18
48.111	18
48.1111	18
48.1111	18
48.1111	18
48.1111	18
48.1113	18
48.3334	18
48.3334	18
48.3334	18
48.3335	18
48.3335	18
48.3339	18
49.0581	18
49.0581	18
49.0581	18
49.0581	18
49.0582	18
49.1852	18
49.1852	18
49.1852	18
49.1853	18
49.1853	18
49.1854	18
49.1855	18
49.9801	18
49.9801	18
49.9801	18
49.9801	18
49.9803	18
49.9805	18
50.0171	18
50.0171	18
50.0171	18
50.0172	18
50.0173	18
50.0176	18
50.0644	18
50.0644	18
50.0644	18
50.0644	18
50.0645	18
50.0645	18
50.0647	18
50.0787	18
50.0788	18
50.0788	18
50.1691	18
50.1691	18
50.1691	18
50.1691	18
50.1691	18
50.1692	18
50.1698	18
50.2057	18
50.2057	18
50.2058	18
50.2059	18
50.3239	18
50.3239	18
50.3239	18
50.3239	18
50.3239	18
50.3239	18
50.324	18
50.324	18
50.9376	18
50.9376	18
50.9376	18
50.9376	18
50.9376	18
50.9377	18
50.938	18
51.0323	18
51.0323	18
51.0323	18
51.0323	18
51.0323	18
51.0324	18
51.0367	18
51.0367	18
51.037	18
52.1088	18
52.1088	18
52.1088	18
52.1088	18
52.1088	18
52.1088	18
52.109	18
52.3758	18
52.3758	18
52.3758	18
52.3758	18
52.3759	18
52.3759	18
52.376	18
52.642	18
52.642	18
52.642	18
52.642	18
52.642	18
52.6423	18
52.6761	18
52.6761	18
52.6761	18
52.6766	18
52.8005	18
52.8005	18
52.8005	18
52.8005	18
52.8006	18
52.8009	18
53.0315	18
53.0315	18
53.0315	18
53.0315	18
53.0315	18
53.0315	18
53.0315	18
53.0991	18
53.0991	18
53.0991	18
53.0992	18
53.0992	18
53.0992	18
53.0994	18
53.5309	18
53.5309	18
53.5309	18
53.5309	18
53.5309	18
53.531	18
53.5947	18
53.5947	18
53.5947	18
53.5948	18
53.5949	18
53.595	18
53.8914	18
53.8914	18
53.8914	18
53.8914	18
53.8914	18
53.8914	18
54.0281	18
54.0281	18
54.0281	18
54.0281	18
54.0281	18
54.0415	18
54.0415	18
54.0415	18
54.0416	18
54.2638	18
54.2638	18
54.2638	18
54.2638	18
54.2639	18
54.2641	18
55.0089	18
55.009	18
55.009	18
55.009	18
55.009	18
55.0092	18
55.3588	18
55.3588	18
55.3588	18
55.3588	18
55.3588	18
55.359	18
55.359	18
55.4927	18
55.4928	18
55.4928	18
55.4928	18
55.4929	18
55.493	18
55.4935	18
55.6557	18
55.6557	18
55.6557	18
55.6557	18
55.6558	18
55.6573	18
55.8214	18
55.8214	18
55.8214	18
55.8214	18
55.8216	18
55.8218	18
55.9482	18
55.9482	18
55.9482	18
55.9482	18
55.9483	18
55.9484	18
56.0978	18
56.0978	18
56.0978	18
56.0978	18
56.0978	18
56.3743	18
56.3743	18
56.3743	18
56.3743	18
56.3745	18
56.3746	18
56.3746	18
56.4612	18
56.4612	18
56.4613	18
56.4613	18
56.4614	18
56.4616	18
56.5874	18
56.5874	18
56.5874	18
56.5874	18
56.5875	18
56.5884	18
56.7657	18
56.7657	18
56.7657	18
56.7657	18
56.7657	18
56.7661	18
57.1755	18
57.1755	18
57.1755	18
57.1755	18
57.1755	18
57.1757	18
57.7483	18
57.7484	18
57.7484	18
57.7484	18
57.7484	18
57.7485	18
57.7488	18
57.8409	18
57.8409	18
57.8409	18
57.8409	18
57.8409	18
57.8409	18
57.8795	18
57.8795	18
57.8795	18
57.8796	18
57.8796	18
57.8796	18
57.9097	18
57.9097	18
57.9097	18
57.9097	18
57.9102	18
57.9188	18
57.9188	18
57.9188	18
57.9188	18
57.919	18
58.0294	18
58.0294	18
58.0294	18
58.0294	18
58.0294	18
58.0294	18
58.0295	18
58.2491	18
58.2491	18
58.2492	18
58.2492	18
58.2492	18
58.2501	18
58.3528	18
58.3528	18
58.3528	18
58.3529	18
58.3529	18
58.4388	18
58.4389	18
58.4389	18
58.4389	18
58.4389	18
58.439	18
58.439	18
58.439	18
58.4756	18
58.4756	18
58.4756	18
58.4757	18
58.4757	18
58.4767	18
58.7148	18
58.7148	18
58.7148	18
58.7149	18
58.7149	18
58.8696	18
58.8696	18
58.8697	18
58.8697	18
58.8697	18
58.8697	18
58.8698	18
59.3001	18
59.3001	18
59.3002	18
59.3002	18
59.3003	18
59.4943	18
59.4943	18
59.4944	18
59.4944	18
59.4945	18
59.4947	18
59.5603	18
59.5603	18
59.5603	18
59.5603	18
59.5604	18
59.5604	18
59.5876	18
59.5876	18
59.5877	18
59.5878	18
59.6223	18
59.6223	18
59.6224	18
59.6224	18
59.6225	18
59.6225	18
59.7389	18
59.7389	18
59.7389	18
59.7389	18
59.7389	18
59.7389	18
59.7391	18
59.9294	18
59.9294	18
59.9294	18
59.9294	18
59.9294	18
59.9295	18
59.975	18
59.975	18
59.975	18
59.975	18
59.975	18
59.9752	18
60.3622	18
60.3622	18
60.3622	18
60.3622	18
60.3623	18
60.3625	18
60.404	18
60.404	18
60.404	18
60.404	18
60.4041	18
60.4044	18
60.4546	18
60.4546	18
60.4546	18
60.4546	18
60.4547	18
60.4548	18
60.4732	18
60.5207	18
60.5207	18
60.5207	18
60.5207	18
60.5207	18
60.5209	18
60.521	18
60.5688	18
60.5688	18
60.5688	18
60.5688	18
60.5689	18
60.5689	18
60.7632	18
60.7632	18
60.7632	18
60.7632	18
60.7632	18
60.7633	18
61.115	18
61.115	18
61.115	18
61.115	18
61.115	18
61.1153	18
61.1888	18
61.1888	18
61.1888	18
61.1888	18
61.1889	18
61.4149	18
61.4149	18
61.4149	18
61.4149	18
61.4149	18
61.4151	18
61.558	18
61.558	18
61.558	18
61.558	18
61.5581	18
61.5585	18
61.5585	18
61.9242	18
61.9242	18
61.9242	18
61.9242	18
61.9242	18
61.9244	18
62.2535	18
62.2535	18
62.2535	18
62.2535	18
62.2535	18
62.2536	18
62.5295	18
62.5295	18
62.5295	18
62.5295	18
62.5295	18
63.2584	18
63.2584	18
63.2584	18
63.2584	18
63.2585	18
63.2585	18
63.2585	18
63.3674	18
63.3674	18
63.3674	18
63.3674	18
63.3675	18
64.0952	18
64.0952	18
64.0952	18
64.0952	18
64.0952	18
64.0952	18
64.1156	18
64.1157	18
64.3622	18
64.3623	18
64.3623	18
64.3623	18
64.3623	18
64.3624	18
64.3624	18
64.3625	18
64.373	18
64.3731	18
64.3735	18
64.5819	18
64.5819	18
64.5819	18
64.582	18
64.582	18
64.5821	18
64.5822	18
64.6334	18
64.6334	18
64.6334	18
64.6334	18
64.6334	18
64.6336	18
64.6336	18
64.7757	18
64.7757	18
64.7757	18
64.7757	18
64.7757	18
64.7758	18
64.9092	18
64.9093	18
64.9093	18
64.9093	18
64.9093	18
64.9094	18
64.9095	18
65.2369	18
65.2369	18
65.2369	18
65.2369	18
65.2369	18
65.2376	18
65.3652	18
65.3652	18
65.3653	18
65.3653	18
65.3654	18
65.3661	18
65.4357	18
65.4357	18
65.4357	18
65.4357	18
65.4357	18
65.4357	18
65.8842	18
65.8842	18
65.8842	18
65.8842	18
65.8842	18
65.8843	18
66.0152	18
66.0152	18
66.0152	18
66.0152	18
66.0152	18
66.0165	18
66.6166	18
66.6166	18
66.6167	18
66.6167	18
66.6167	18
66.6167	18
66.8109	18
66.8109	18
66.811	18
66.811	18
66.811	18
67.1659	18
67.1659	18
67.1659	18
67.1659	18
67.1661	18
67.1661	18
67.2872	18
67.2872	18
67.2872	18
67.2872	18
67.2875	18
67.4875	18
67.4875	18
67.4875	18
67.4876	18
67.4876	18
67.4877	18
67.4877	18
67.8012	18
67.8012	18
67.8012	18
67.8012	18
67.8013	18
67.8013	18
68.0882	18
68.0882	18
68.0882	18
68.0882	18
68.0882	18
68.0883	18
68.0884	18
68.2131	18
68.2131	18
68.2131	18
68.2131	18
68.2132	18
68.2132	18
68.5343	18
68.5343	18
68.5343	18
68.5343	18
68.5346	18
68.8174	18
68.8174	18
68.8174	18
68.8174	18
68.8174	18
68.8175	18
68.818	18
68.8704	18
68.8704	18
68.8704	18
68.8704	18
68.8704	18
68.8705	18
69.5957	18
69.5957	18
69.5957	18
69.5957	18
69.5957	18
69.5957	18
69.6003	18
69.6004	18
69.6012	18
69.7086	18
69.7087	18
69.7087	18
69.7087	18
69.7087	18
69.7087	18
69.8659	18
69.8659	18
69.8659	18
69.8659	18
69.866	18
69.866	18
70.0477	18
70.0477	18
70.0477	18
70.0477	18
70.0479	18
70.5844	18
70.5844	18
70.5844	18
70.5844	18
70.5847	18
70.5847	18
70.5967	18
70.5967	18
70.5968	18
70.5969	18
70.5971	18
70.7289	18
70.7289	18
70.7289	18
70.7289	18
70.729	18
70.729	18
70.729	18
70.8083	18
70.8083	18
70.8083	18
70.8083	18
70.8083	18
70.8084	18
70.8085	18
70.8085	18
70.8472	18
70.8472	18
70.8472	18
70.8472	18
70.8473	18
70.8473	18
70.9964	18
70.9964	18
70.9964	18
70.9964	18
70.9965	18
70.9965	18
70.9965	18
71.8664	18
71.8664	18
71.8664	18
71.8664	18
71.8665	18
71.8665	18
71.8665	18
71.9671	18
71.9671	18
71.9671	18
71.9672	18
71.9672	18
72.2532	18
72.2532	18
72.2532	18
72.2532	18
72.2532	18
72.2533	18
72.2537	18
72.2607	18
72.2608	18
72.2608	18
72.2653	18
72.2653	18
72.2653	18
72.2654	18
72.3018	18
72.3018	18
72.3019	18
72.302	18
72.5528	18
72.5528	18
72.5528	18
72.5528	18
72.5528	18
72.5528	18
72.5536	18
72.5603	18
72.5604	18
72.5605	18
72.6576	18
72.6576	18
72.6576	18
72.6576	18
72.6576	18
72.6576	18
72.6577	18
72.9897	18
72.9897	18
72.9897	18
72.9897	18
72.9897	18
72.99	18
73.0897	18
73.0897	18
73.0897	18
73.0897	18
73.0899	18
73.0901	18
73.3761	18
73.3761	18
73.3762	18
73.3762	18
73.3763	18
73.3764	18
74.0204	18
74.0204	18
74.0204	18
74.0204	18
74.0205	18
74.0207	18
74.0208	18
74.0397	18
74.0398	18
74.0398	18
74.2637	18
74.2637	18
74.2637	18
74.2637	18
74.2637	18
74.2638	18
74.4487	18
74.4487	18
74.4487	18
74.4488	18
74.4488	18
74.4831	18
74.4831	18
74.4831	18
74.4832	18
74.4834	18
74.4835	18
75.2462	18
75.2462	18
75.2462	18
75.2462	18
75.2462	18
75.2462	18
75.2465	18
75.2465	18
75.2646	18
75.2646	18
75.2649	18
75.2649	18
75.8755	18
75.8755	18
75.8755	18
75.8755	18
75.8756	18
75.8757	18
76.0676	18
76.0676	18
76.0676	18
76.0676	18
76.0677	18
76.1807	18
76.1807	18
76.1807	18
76.1807	18
76.1807	18
76.1809	18
76.1809	18
76.2812	18
76.2813	18
76.2813	18
76.2813	18
76.2813	18
76.2814	18
76.6483	18
76.6483	18
76.6483	18
76.6484	18
76.6484	18
76.6485	18
76.6489	18
77.1836	18
77.1837	18
77.1837	18
77.1837	18
77.1837	18
77.1838	18
77.2328	18
77.2328	18
77.2328	18
77.233	18
77.233	18
77.2331	18
77.524	18
77.524	18
77.524	18
77.524	18
77.524	18
77.5242	18
78.0041	18
78.0041	18
78.0041	18
78.0041	18
78.0041	18
78.0043	18
78.5742	18
78.5742	18
78.5742	18
78.5743	18
78.5743	18
78.5743	18
78.5749	18
78.5749	18
78.5756	18
78.6951	18
78.6951	18
78.6951	18
78.6951	18
78.6952	18
79.3692	18
79.3692	18
79.3692	18
79.3692	18
79.3692	18
79.3692	18
79.3693	18
79.3693	18
79.9831	18
79.9831	18
79.9831	18
79.9831	18
79.9833	18
79.9833	18
80.0752	18
80.0752	18
80.0752	18
80.0752	18
80.0753	18
80.0754	18
80.1236	18
80.1236	18
80.1236	18
80.1236	18
80.1236	18
80.1237	18
80.1705	18
80.1705	18
80.1705	18
80.1705	18
80.1705	18
80.1707	18
80.2103	18
80.2103	18
80.2103	18
80.2104	18
80.2104	18
80.2106	18
80.5622	18
80.5622	18
80.5622	18
80.5622	18
80.5623	18
80.5963	18
80.5963	18
80.5963	18
80.5964	18
80.5964	18
80.5969	18
80.5979	18
80.6174	18
80.6174	18
80.6175	18
80.6175	18
80.6176	18
80.6176	18
81.0465	18
81.0465	18
81.0465	18
81.0465	18
81.0465	18
81.4394	18
81.4394	18
81.4394	18
81.4394	18
81.4394	18
81.4395	18
81.4398	18
81.4398	18
81.63	18
81.63	18
81.63	18
81.6301	18
81.6303	18
81.9719	18
81.9719	18
81.9719	18
81.9719	18
81.972	18
81.972	18
81.9723	18
81.9833	18
81.9833	18
81.9836	18
82.1664	18
82.1664	18
82.1664	18
82.1664	18
82.1665	18
82.1665	18
82.1665	18
82.6005	18
82.6006	18
82.6006	18
82.6006	18
82.6006	18
82.6006	18
83.9713	18
83.9713	18
83.9714	18
83.9714	18
83.9714	18
83.9716	18
83.972	18
83.9721	18
83.9721	18
83.9722	18
84.0486	18
84.0486	18
84.0486	18
84.0486	18
84.0486	18
84.0486	18
84.2094	18
84.2094	18
84.2094	18
84.2095	18
84.2095	18
84.2095	18
84.2798	18
84.2798	18
84.2798	18
84.2798	18
84.28	18
84.639	18
84.639	18
84.639	18
84.639	18
84.6391	18
84.6391	18
84.6391	18
84.6392	18
84.7064	18
84.7064	18
84.7064	18
84.7064	18
84.7064	18
84.7067	18
84.707	18
85.2822	18
85.2822	18
85.2823	18
85.2823	18
85.2823	18
85.2823	18
85.2881	18
85.2882	18
85.2883	18
85.2883	18
85.3936	18
85.3936	18
85.3936	18
85.3936	18
85.3936	18
85.3937	18
85.3937	18
85.4741	18
85.4741	18
85.4741	18
85.4741	18
85.4741	18
85.4853	18
85.4854	18
85.4854	18
86.045	18
86.045	18
86.045	18
86.045	18
86.0451	18
86.089	18
86.089	18
86.089	18
86.089	18
86.0894	18
86.0894	18
86.0895	18
86.1012	18
86.1013	18
86.1013	18
86.1013	18
86.1013	18
86.1013	18
86.2857	18
86.2857	18
86.2857	18
86.2858	18
86.2858	18
86.2859	18
86.4484	18
86.4484	18
86.4484	18
86.4484	18
86.4485	18
86.4486	18
86.8558	18
86.8559	18
86.8559	18
86.8559	18
86.856	18
86.8561	18
86.8604	18
86.8604	18
86.8605	18
86.8793	18
86.8794	18
86.8796	18
86.8797	18
87.0204	18
87.0204	18
87.0205	18
87.0205	18
87.0206	18
87.0212	18
87.2951	18
87.2951	18
87.2952	18
87.2952	18
87.2953	18
87.2955	18
87.6244	18
87.6244	18
87.6244	18
87.6245	18
87.6246	18
87.6247	18
87.9318	18
87.9318	18
87.9319	18
87.9319	18
87.9319	18
87.9321	18
88.4115	18
88.4115	18
88.4115	18
88.4115	18
88.4116	18
88.6407	18
88.6407	18
88.6407	18
88.6407	18
88.6407	18
88.6409	18
88.6413	18
89.2021	18
89.2021	18
89.2021	18
89.2021	18
89.2021	18
89.2022	18
89.2053	18
89.7961	18
89.7961	18
89.7961	18
89.7962	18
89.7962	18
90.3282	18
90.3282	18
90.3282	18
90.3282	18
90.3282	18
90.3282	18
90.3283	18
90.3283	18
90.4295	18
90.4295	18
90.4296	18
90.4296	18
90.4296	18
90.4297	18
90.4298	18
90.453	18
90.453	18
90.453	18
90.4534	18
90.4536	18
90.8226	18
90.8226	18
90.8226	18
90.8226	18
90.8228	18
91.0042	18
91.0042	18
91.0042	18
91.0042	18
91.0042	18
91.0044	18
91.0048	18
91.2646	18
91.2646	18
91.2647	18
91.2647	18
91.2648	18
91.2648	18
91.6335	18
91.6335	18
91.6335	18
91.6335	18
91.6335	18
91.6336	18
92.183	18
92.183	18
92.183	18
92.1831	18
92.1831	18
92.4552	18
92.4552	18
92.4552	18
92.4552	18
92.4556	18
92.4564	18
92.7079	18
92.7079	18
92.7079	18
92.708	18
92.7082	18
92.7083	18
92.7083	18
92.7107	18
92.7109	18
92.711	18
92.7111	18
92.7205	18
92.7205	18
92.721	18
93.1044	18
93.1044	18
93.1044	18
93.1044	18
93.1045	18
93.1046	18
93.1048	18
93.1606	18
93.1606	18
93.1606	18
93.1606	18
93.1606	18
93.1607	18
93.1608	18
93.3522	18
93.3522	18
93.3523	18
93.3523	18
93.3523	18
93.6095	18
93.6095	18
93.6096	18
93.6096	18
93.6096	18
93.6096	18
93.7932	18
93.7932	18
93.7933	18
93.7933	18
93.7935	18
93.7936	18
93.7937	18
93.8078	18
93.8078	18
93.8078	18
93.8079	18
94.0642	18
94.0642	18
94.0642	18
94.0642	18
94.0642	18
94.0643	18
94.2783	18
94.2783	18
94.2783	18
94.2783	18
94.2783	18
94.2784	18
94.4951	18
94.4952	18
94.4952	18
94.4952	18
94.4952	18
94.4954	18
94.8967	18
94.8967	18
94.8967	18
94.8967	18
94.8967	18
95.639	18
95.639	18
95.6391	18
95.6391	18
95.6391	18
95.6392	18
96.273	18
96.273	18
96.273	18
96.273	18
96.2732	18
96.2735	18
96.2735	18
96.7972	18
96.7972	18
96.7973	18
96.7973	18
96.7973	18
96.7978	18
96.8351	18
96.8351	18
96.8351	18
96.8351	18
96.8352	18
96.8353	18
97.1519	18
97.1519	18
97.1519	18
97.1519	18
97.1519	18
97.1523	18
97.1524	18
97.1821	18
97.1821	18
97.1822	18
97.1825	18
97.3343	18
97.3343	18
97.3343	18
97.3344	18
97.3344	18
97.7595	18
97.7595	18
97.7595	18
97.7595	18
97.7595	18
97.9275	18
97.9276	18
97.9276	18
97.9276	18
97.9277	18
97.9278	18
98.26	18
98.26	18
98.26	18
98.2601	18
98.2601	18
98.2601	18
98.2603	18
98.2604	18
98.4271	18
98.4271	18
98.4271	18
98.4272	18
98.4273	18
98.4276	18
98.4814	18
98.4814	18
98.4814	18
98.4814	18
98.4816	18
98.4816	18
98.4819	18
98.5482	18
98.5482	18
98.5483	18
98.5483	18
98.5484	18
98.5485	18
98.5885	18
98.5885	18
98.5885	18
98.5886	18
98.5886	18
98.6653	18
98.6653	18
98.6653	18
98.6653	18
98.6653	18
98.6659	18
99.2183	18
99.2183	18
99.2183	18
99.2183	18
99.2186	18
99.2803	18
99.2803	18
99.2803	18
99.2805	18
99.2805	18
99.2805	18
99.2809	18
99.6271	18
99.6271	18
99.6271	18
99.6271	18
99.6271	18
99.7878	18
99.7878	18
99.7878	18
99.7878	18
99.7879	18
99.7879	18
99.7879	18
99.7881	18
