1.5428e-10	0
2.12339e-10	1
2.98784e-10	2
3.47045e-10	3
4.54228e-10	4
8.49885e-10	5
9.91029e-10	6
1.02064e-09	7
1.17955e-09	8
1.27641e-09	9
1.2918e-09	10
1.86166e-09	11
1.92535e-09	12
2.30509e-09	13
2.33856e-09	14
2.67007e-09	15
2.67166e-09	16
4.74456e-09	17
1.64235e-08	17
1.7424e-08	17
1.96036e-08	17
2.59536e-08	17
3.26955e-08	17
5.0219e-08	17
5.02572e-08	17
5.61036e-08	17
5.74117e-08	17
5.81147e-08	17
6.7176e-08	17
7.54295e-08	17
8.21662e-08	17
8.75874e-08	17
8.7846e-08	17
8.84196e-08	17
8.86958e-08	17
8.99771e-08	17
9.12992e-08	17
1.0558e-07	17
1.05702e-07	17
1.15119e-07	17
1.20714e-07	17
1.25443e-07	17
1.2654e-07	17
1.30535e-07	17
1.3948e-07	17
1.39939e-07	17
1.41156e-07	17
1.4417e-07	17
1.4649e-07	17
1.47884e-07	17
1.47891e-07	17
1.47915e-07	17
1.49527e-07	17
1.62352e-07	17
1.70819e-07	17
1.77589e-07	17
1.78848e-07	17
1.84087e-07	17
1.84364e-07	17
1.9027e-07	17
1.91324e-07	17
1.92735e-07	17
2.01133e-07	17
2.03802e-07	17
2.0499e-07	17
2.0814e-07	17
2.08469e-07	17
2.1103e-07	17
2.11545e-07	17
2.16153e-07	17
2.17936e-07	17
2.20317e-07	17
2.23126e-07	17
2.25857e-07	17
2.40693e-07	17
2.42824e-07	17
2.53731e-07	17
2.61062e-07	17
2.66212e-07	17
2.77381e-07	17
2.79525e-07	17
2.79585e-07	17
2.80031e-07	17
2.89446e-07	17
2.99862e-07	17
3.03055e-07	17
3.05116e-07	17
3.0908e-07	17
3.09305e-07	17
3.10397e-07	17
3.16568e-07	17
3.22615e-07	17
3.22933e-07	17
3.25313e-07	17
3.37156e-07	17
3.56228e-07	17
3.56772e-07	17
3.81106e-07	17
3.87765e-07	17
4.059e-07	17
4.06919e-07	17
4.08415e-07	17
4.10832e-07	17
4.11736e-07	17
4.1349e-07	17
4.33742e-07	17
4.3397e-07	17
4.42127e-07	17
4.46478e-07	17
4.47774e-07	17
4.58704e-07	17
4.7604e-07	17
4.81807e-07	17
4.86777e-07	17
4.89502e-07	17
4.92911e-07	17
5.05601e-07	17
5.27583e-07	17
5.43216e-07	17
5.4417e-07	17
5.47756e-07	17
5.58224e-07	17
5.81609e-07	17
5.87321e-07	17
5.88875e-07	17
5.92099e-07	17
5.98921e-07	17
5.99372e-07	17
6.08788e-07	17
6.19848e-07	17
6.32691e-07	17
6.46248e-07	17
6.59464e-07	17
6.6606e-07	17
6.71135e-07	17
6.74577e-07	17
6.77579e-07	17
6.9005e-07	17
7.06369e-07	17
7.1051e-07	17
7.14442e-07	17
7.18338e-07	17
7.20863e-07	17
7.22481e-07	17
7.50162e-07	17
7.50596e-07	17
7.65407e-07	17
7.70244e-07	17
8.15042e-07	17
8.35359e-07	17
8.53419e-07	17
8.56834e-07	17
8.59854e-07	17
8.66648e-07	17
8.83181e-07	17
8.85708e-07	17
9.00669e-07	17
9.16863e-07	17
9.4104e-07	17
9.42689e-07	17
9.44602e-07	17
9.50249e-07	17
9.52207e-07	17
9.5535e-07	17
9.58574e-07	17
9.67373e-07	17
9.72608e-07	17
1.0219e-06	17
1.02365e-06	17
1.03301e-06	17
1.06073e-06	17
1.0646e-06	17
1.06508e-06	17
1.07235e-06	17
1.11237e-06	17
1.12961e-06	17
1.14205e-06	17
1.20291e-06	17
1.21702e-06	17
1.25384e-06	17
1.25805e-06	17
1.2695e-06	17
1.27224e-06	17
1.33145e-06	17
1.34014e-06	17
1.35227e-06	17
1.38176e-06	17
1.38417e-06	17
1.38628e-06	17
1.4028e-06	17
1.41809e-06	17
1.43146e-06	17
1.44014e-06	17
1.44976e-06	17
1.50817e-06	17
1.53597e-06	17
1.5853e-06	17
1.58562e-06	17
1.58846e-06	17
1.60614e-06	17
1.61722e-06	17
1.62659e-06	17
1.62754e-06	17
1.68368e-06	17
1.7269e-06	17
1.7798e-06	17
1.82813e-06	17
1.83157e-06	17
1.8676e-06	17
1.94104e-06	17
1.96372e-06	17
2.09944e-06	17
2.10453e-06	17
2.12012e-06	17
2.14317e-06	17
2.16852e-06	17
2.1739e-06	17
2.23166e-06	17
2.29798e-06	17
2.34007e-06	17
2.36265e-06	17
2.38754e-06	17
2.44203e-06	17
2.49698e-06	17
2.61379e-06	17
2.61988e-06	17
2.69344e-06	17
2.70201e-06	17
2.77397e-06	17
2.79048e-06	17
2.85561e-06	17
2.97247e-06	17
2.98429e-06	17
2.9898e-06	17
3.15553e-06	17
3.23792e-06	17
3.25266e-06	17
3.26552e-06	17
3.32785e-06	17
3.35266e-06	17
3.42199e-06	17
3.46788e-06	17
3.5006e-06	17
3.62455e-06	17
3.62458e-06	17
3.64998e-06	17
3.65759e-06	17
3.72375e-06	17
3.81974e-06	17
3.90066e-06	17
4.0705e-06	17
4.1334e-06	17
4.15943e-06	17
4.24746e-06	17
4.31998e-06	17
4.3406e-06	17
4.36925e-06	17
4.506e-06	17
4.51647e-06	17
4.58589e-06	17
4.78305e-06	17
4.84651e-06	17
4.86505e-06	17
4.88756e-06	17
5.09299e-06	17
5.1264e-06	17
5.13634e-06	17
5.21194e-06	17
5.2595e-06	17
5.40392e-06	17
5.46999e-06	17
5.48273e-06	17
5.48717e-06	17
5.51757e-06	17
5.65382e-06	17
5.73458e-06	17
5.7835e-06	17
5.83724e-06	17
5.86754e-06	17
5.90117e-06	17
6.08758e-06	17
6.10897e-06	17
6.27776e-06	17
6.29894e-06	17
6.30318e-06	17
6.31078e-06	17
6.37694e-06	17
6.43092e-06	17
6.50427e-06	17
6.51434e-06	17
6.54349e-06	17
6.55274e-06	17
6.56907e-06	17
6.65551e-06	17
6.66886e-06	17
6.72291e-06	17
6.98437e-06	17
7.00954e-06	17
7.02759e-06	17
7.10197e-06	17
7.20093e-06	17
7.35685e-06	17
7.37315e-06	17
7.41422e-06	17
8.08424e-06	17
8.24256e-06	17
8.35234e-06	17
8.35922e-06	17
8.37334e-06	17
8.42456e-06	17
8.47357e-06	17
8.84757e-06	17
8.98336e-06	17
9.06362e-06	17
9.44273e-06	17
9.46659e-06	17
9.53531e-06	17
9.55534e-06	17
9.86063e-06	17
9.96634e-06	17
1.00753e-05	17
1.02016e-05	17
1.0369e-05	17
1.05711e-05	17
1.06247e-05	17
1.08161e-05	17
1.09521e-05	17
1.16103e-05	17
1.16386e-05	17
1.17547e-05	17
1.17839e-05	17
1.19239e-05	17
1.19451e-05	17
1.20239e-05	17
1.20923e-05	17
1.22015e-05	17
1.24941e-05	17
1.25298e-05	17
1.26484e-05	17
1.26784e-05	17
1.27185e-05	17
1.2793e-05	17
1.29914e-05	17
1.30388e-05	17
1.30579e-05	17
1.31943e-05	17
1.32672e-05	17
1.33312e-05	17
1.39067e-05	17
1.39495e-05	17
1.39674e-05	17
1.42075e-05	17
1.42533e-05	17
1.43606e-05	17
1.44699e-05	17
1.44919e-05	17
1.45843e-05	17
1.46006e-05	17
1.49522e-05	17
1.49723e-05	17
1.49881e-05	17
1.51074e-05	17
1.52987e-05	17
1.55088e-05	17
1.56042e-05	17
1.56769e-05	17
1.58014e-05	17
1.58803e-05	17
1.58831e-05	17
1.59993e-05	17
1.61317e-05	17
1.63089e-05	17
1.65401e-05	17
1.66543e-05	17
1.67822e-05	17
1.68832e-05	17
1.70866e-05	17
1.72424e-05	17
1.77049e-05	17
1.80764e-05	17
1.82631e-05	17
1.83565e-05	17
1.8644e-05	17
1.86456e-05	17
1.89279e-05	17
1.89682e-05	17
1.9028e-05	17
1.90438e-05	17
1.95705e-05	17
1.9593e-05	17
1.96736e-05	17
1.96952e-05	17
2.02777e-05	17
2.06217e-05	17
2.07466e-05	17
2.08529e-05	17
2.09811e-05	17
2.11948e-05	17
2.12454e-05	17
2.12586e-05	17
2.13107e-05	17
2.13151e-05	17
2.16511e-05	17
2.1668e-05	17
2.25235e-05	17
2.2645e-05	17
2.28769e-05	17
2.29902e-05	17
2.30445e-05	17
2.32961e-05	17
2.40592e-05	17
2.41395e-05	17
2.43398e-05	17
2.44182e-05	17
2.48023e-05	17
2.50169e-05	17
2.50673e-05	17
2.51095e-05	17
2.54901e-05	17
2.59771e-05	17
2.60581e-05	17
2.62035e-05	17
2.63771e-05	17
2.65931e-05	17
2.66895e-05	17
2.67629e-05	17
2.67702e-05	17
2.68588e-05	17
2.70156e-05	17
2.71122e-05	17
2.71243e-05	17
2.72616e-05	17
2.73048e-05	17
2.73516e-05	17
2.75534e-05	17
2.80988e-05	17
2.83758e-05	17
2.83788e-05	17
2.86394e-05	17
2.88382e-05	17
2.89468e-05	17
2.93404e-05	17
2.96557e-05	17
2.98091e-05	17
3.00459e-05	17
3.02633e-05	17
3.05398e-05	17
3.05759e-05	17
3.05936e-05	17
3.09147e-05	17
3.13656e-05	17
3.13823e-05	17
3.14028e-05	17
3.18372e-05	17
3.20486e-05	17
3.23643e-05	17
3.24001e-05	17
3.26125e-05	17
3.27288e-05	17
3.29159e-05	17
3.35526e-05	17
3.3589e-05	17
3.41045e-05	17
3.41589e-05	17
3.4936e-05	17
3.5001e-05	17
3.52158e-05	17
3.5219e-05	17
3.55341e-05	17
3.55547e-05	17
3.58215e-05	17
3.62572e-05	17
3.63945e-05	17
3.68194e-05	17
3.80427e-05	17
3.83009e-05	17
3.86908e-05	17
3.87089e-05	17
3.92565e-05	17
3.93513e-05	17
3.93985e-05	17
3.94105e-05	17
3.94106e-05	17
3.94452e-05	17
3.95886e-05	17
3.96377e-05	17
4.0873e-05	17
4.09138e-05	17
4.09904e-05	17
4.13441e-05	17
4.19724e-05	17
4.24877e-05	17
4.3196e-05	17
4.32429e-05	17
4.3509e-05	17
4.3702e-05	17
4.37065e-05	17
4.39203e-05	17
4.43906e-05	17
4.45717e-05	17
4.47378e-05	17
4.51533e-05	17
4.55349e-05	17
4.61861e-05	17
4.65542e-05	17
4.73271e-05	17
4.82409e-05	17
4.84366e-05	17
4.89224e-05	17
4.912e-05	17
4.92185e-05	17
4.96286e-05	17
4.9686e-05	17
4.97212e-05	17
5.02439e-05	17
5.05082e-05	17
5.07687e-05	17
5.08264e-05	17
5.09224e-05	17
5.09561e-05	17
5.13036e-05	17
5.13598e-05	17
5.21298e-05	17
5.22164e-05	17
5.28012e-05	17
5.31163e-05	17
5.3386e-05	17
5.36945e-05	17
5.37689e-05	17
5.3785e-05	17
5.39754e-05	17
5.40853e-05	17
5.42552e-05	17
5.46315e-05	17
5.52956e-05	17
5.53437e-05	17
5.57204e-05	17
5.65589e-05	17
5.75339e-05	17
5.79348e-05	17
5.87814e-05	17
5.92762e-05	17
6.00174e-05	17
6.04487e-05	17
6.09477e-05	17
6.23795e-05	17
6.31869e-05	17
6.50847e-05	17
7.11036e-05	17
7.26725e-05	17
7.3574e-05	17
7.44554e-05	17
0.000119393	17
0.000121762	17
0.000129165	17
0.000148883	17
0.000165198	17
0.000170913	17
0.000193282	17
0.000193387	17
0.00020093	17
0.000217058	17
0.000223208	17
0.000243066	17
0.000260377	17
0.000271286	17
0.000298125	17
0.000332729	17
0.000354206	17
0.000370981	17
0.00038807	17
0.000389857	17
0.000399625	17
0.00051239	17
0.000639622	17
0.000649982	17
0.000730597	17
0.000750327	17
0.000774294	17
0.000782292	17
0.000886724	17
0.000922353	17
0.000963648	17
0.000996356	17
0.00109879	17
0.00123543	17
0.00128919	17
0.00132355	17
0.00133763	17
0.00140884	17
0.00141736	17
0.00142066	17
0.0014225	17
0.00142331	17
0.00142413	17
0.00142533	17
0.00143429	17
0.00143505	17
0.00150509	17
0.00158129	17
0.00162212	17
0.00186562	17
0.00186573	17
0.00189883	17
0.00192178	17
0.00192294	17
0.00217782	17
0.00218551	17
0.00240673	17
0.00243058	17
0.00243064	17
0.00243074	17
0.0024308	17
0.0024309	17
0.00243117	17
0.0024315	17
0.00243171	17
0.00243175	17
0.002547	17
0.0028011	17
0.00294528	17
0.00329207	17
0.00337864	17
0.00343927	17
0.00344981	17
0.00355825	17
0.00366326	17
0.00366465	17
0.00367873	17
0.00369423	17
0.00369427	17
0.00369434	17
0.00369437	17
0.00369442	17
0.00369475	17
0.00369495	17
0.00369495	17
0.00369497	17
0.00369507	17
0.00369514	17
0.00369518	17
0.0036952	17
0.00369522	17
0.00369547	17
0.0036955	17
0.00369553	17
0.00369556	17
0.00369561	17
0.00369587	17
0.0036959	17
0.00369595	17
0.00369619	17
0.00369621	17
0.00385927	17
0.00388493	17
0.00391115	17
0.00402421	17
0.00411791	17
0.0042977	17
0.00430948	17
0.00443334	17
0.00449108	17
0.00455229	17
0.00458846	17
0.00463818	17
0.00464622	17
0.00495956	17
0.0049596	17
0.0049598	17
0.00495989	17
0.00496021	17
0.00496191	17
0.00496263	17
0.00496297	17
0.00496329	17
0.00496527	17
0.00496604	17
0.00496792	17
0.00496819	17
0.00497435	17
0.00497666	17
0.00499408	17
0.00512493	17
0.00538032	17
0.00538063	17
0.00543802	17
0.00545805	17
0.0055421	17
0.00554528	17
0.00554724	17
0.00576399	17
0.00577547	17
0.00582727	17
0.00585187	17
0.00589028	17
0.00642617	17
0.00646998	17
0.00656249	17
0.00656254	17
0.00656255	17
0.00656263	17
0.00656303	17
0.00656316	17
0.00664607	17
0.00664609	17
0.00664638	17
0.00664649	17
0.00664651	17
0.00664665	17
0.00664669	17
0.00664669	17
0.00664688	17
0.00664691	17
0.00664716	17
0.00664718	17
0.00664745	17
0.00664746	17
0.00664759	17
0.00667641	17
0.00678702	17
0.00678715	17
0.00678737	17
0.00678741	17
0.00678766	17
0.0067877	17
0.00678773	17
0.00678778	17
0.006788	17
0.0067886	17
0.00678871	17
0.00679007	17
0.00684101	17
0.00689167	17
0.00700098	17
0.00706466	17
0.00707258	17
0.00724725	17
0.0073959	17
0.00739616	17
0.00739641	17
0.0073967	17
0.00739673	17
0.00739707	17
0.00750246	17
0.00750427	17
0.0075057	17
0.00750796	17
0.00751454	17
0.0075153	17
0.00779693	17
0.00791735	17
0.00796054	17
0.00809123	17
0.00809893	17
0.0081874	17
0.00821312	17
0.00824123	17
0.00824998	17
0.00837165	17
0.00855993	17
0.00893396	17
0.00897604	17
0.00902476	17
0.00914982	17
0.00919246	17
0.00924208	17
0.0092473	17
0.00935523	17
0.00942484	17
0.00960826	17
0.0100473	17
0.0102353	17
0.0103215	17
0.0105169	17
0.0106453	17
0.0107754	17
0.0108264	17
0.0108782	17
0.0109126	17
0.0110462	17
0.0110592	17
0.0113586	17
0.0115168	17
0.0115179	17
0.0115831	17
0.0116776	17
0.0116891	17
0.0116944	17
0.0117584	17
0.0117638	17
0.0117803	17
0.0117821	17
0.0117993	17
0.0118034	17
0.0118376	17
0.0118437	17
0.0118802	17
0.0118865	17
0.0119555	17
0.0119807	17
0.0119814	17
0.0120152	17
0.0120266	17
0.0124424	17
0.0124797	17
0.0124942	17
0.0125196	17
0.0125243	17
0.0125633	17
0.0125647	17
0.0126257	17
0.0126353	17
0.0126689	17
0.0127393	17
0.013369	17
0.0133754	17
0.0133786	17
0.0133847	17
0.0133921	17
0.0134109	17
0.0134459	17
0.0134477	17
0.0134596	17
0.0134688	17
0.0134803	17
0.0134871	17
0.013488	17
0.0134931	17
0.0134939	17
0.0135102	17
0.0135109	17
0.0135189	17
0.0135236	17
0.0135798	17
0.0135876	17
0.0136033	17
0.013606	17
0.01373	17
0.0137412	17
0.0137746	17
0.0138002	17
0.013879	17
0.0138958	17
0.0140758	17
0.0142118	17
0.0143565	17
0.0143816	17
0.0145276	17
0.0151431	17
0.0153401	17
0.0153619	17
0.015386	17
0.0155799	17
0.015719	17
0.0157556	17
0.0161752	17
0.0164568	17
0.0164588	17
0.0164593	17
0.0164633	17
0.0164645	17
0.0164672	17
0.0164705	17
0.0164706	17
0.0164708	17
0.0164728	17
0.0164733	17
0.0164746	17
0.0164751	17
0.0164753	17
0.0164754	17
0.0164777	17
0.0164786	17
0.0164879	17
0.0164929	17
0.0164982	17
0.0164985	17
0.0165051	17
0.016506	17
0.0165068	17
0.0165109	17
0.0165114	17
0.0166256	17
0.0167521	17
0.016799	17
0.0171422	17
0.017145	17
0.0171877	17
0.0173409	17
0.0177548	17
0.0183297	17
0.0184502	17
0.0186583	17
0.0188994	17
0.0192849	17
0.0198093	17
0.01981	17
0.0198102	17
0.019813	17
0.0198164	17
0.0198172	17
0.0198172	17
0.0201923	17
0.0202137	17
0.0202249	17
0.0202256	17
0.0202272	17
0.0202587	17
0.0202619	17
0.0202747	17
0.0203202	17
0.0203266	17
0.0203465	17
0.020348	17
0.0203931	17
0.0204311	17
0.020433	17
0.0207894	17
0.0208397	17
0.0209367	17
0.0212277	17
0.021319	17
0.0213636	17
0.021441	17
0.0217364	17
0.0217438	17
0.0217456	17
0.0217887	17
0.0217897	17
0.0217954	17
0.0218712	17
0.0218762	17
0.0218764	17
0.0219582	17
0.0220787	17
0.0222565	17
0.0225622	17
0.0226068	17
0.0227894	17
0.0227895	17
0.0227896	17
0.0227957	17
0.0227959	17
0.0227978	17
0.0228072	17
0.0228081	17
0.022813	17
0.0228136	17
0.0228178	17
0.0228244	17
0.0228298	17
0.0228367	17
0.022838	17
0.0228387	17
0.0228399	17
0.0228419	17
0.0228467	17
0.022847	17
0.0228471	17
0.0228622	17
0.0228691	17
0.0228741	17
0.0228867	17
0.0228954	17
0.0228954	17
0.0228991	17
0.0229041	17
0.0229059	17
0.0229066	17
0.0229082	17
0.0229207	17
0.0229218	17
0.0229243	17
0.0229303	17
0.0229317	17
0.0229429	17
0.0229471	17
0.0229477	17
0.0229483	17
0.0229667	17
0.0229686	17
0.0229689	17
0.022976	17
0.0230557	17
0.0230898	17
0.0231007	17
0.0231352	17
0.0231666	17
0.0231815	17
0.0231845	17
0.0232283	17
0.0232319	17
0.0232684	17
0.0232995	17
0.0235554	17
0.0236239	17
0.0237713	17
0.0237828	17
0.0242414	17
0.0243917	17
0.0244565	17
0.0247168	17
0.0251691	17
0.0256931	17
0.0263357	17
0.0264487	17
0.0265169	17
0.0271018	17
0.0279949	17
0.0280526	17
0.0280724	17
0.0280741	17
0.0280955	17
0.0281192	17
0.0281203	17
0.0281502	17
0.0281535	17
0.0282072	17
0.0282128	17
0.0282773	17
0.0284027	17
0.0284276	17
0.0285597	17
0.0286366	17
0.0286373	17
0.0286426	17
0.0286477	17
0.0286501	17
0.0286537	17
0.0286602	17
0.0286622	17
0.0286644	17
0.028665	17
0.0286761	17
0.0286833	17
0.0286841	17
0.0286854	17
0.0287021	17
0.0287189	17
0.0287237	17
0.0287244	17
0.0287276	17
0.0287324	17
0.0287385	17
0.0287413	17
0.0287455	17
0.0287548	17
0.0288399	17
0.0288779	17
0.0290293	17
0.0291823	17
0.0295676	17
0.0295677	17
0.0295678	17
0.0295739	17
0.0295759	17
0.0295815	17
0.0295977	17
0.0296167	17
0.0297285	17
0.0302597	17
0.0305082	17
0.0305278	17
0.0305279	17
0.030538	17
0.0305464	17
0.0305486	17
0.0305498	17
0.0305538	17
0.0305576	17
0.0305615	17
0.0311451	17
0.0311457	17
0.0311463	17
0.031147	17
0.031147	17
0.031152	17
0.0311551	17
0.0311578	17
0.0311592	17
0.0311596	17
0.0314113	17
0.0317232	17
0.0320739	17
0.0321709	17
0.0321761	17
0.0321804	17
0.0321894	17
0.0321897	17
0.0321946	17
0.0322097	17
0.0322119	17
0.0322123	17
0.0322132	17
0.0322143	17
0.0322218	17
0.032222	17
0.0322329	17
0.0322415	17
0.032262	17
0.0322809	17
0.0323284	17
0.0323372	17
0.0323682	17
0.0324144	17
0.0324426	17
0.0324516	17
0.0324633	17
0.0324683	17
0.0324908	17
0.0325164	17
0.0326566	17
0.0330492	17
0.0333067	17
0.0333069	17
0.033307	17
0.0333071	17
0.0333072	17
0.0333074	17
0.0333076	17
0.0333087	17
0.0333091	17
0.0333092	17
0.0333093	17
0.033313	17
0.0333156	17
0.0333163	17
0.0333176	17
0.0333184	17
0.0333258	17
0.0333321	17
0.0333406	17
0.0333439	17
0.0333525	17
0.0333579	17
0.0333645	17
0.0333738	17
0.0333914	17
0.0333936	17
0.0333958	17
0.0334017	17
0.0334074	17
0.033408	17
0.0334158	17
0.0334402	17
0.0334509	17
0.0334712	17
0.0334786	17
0.0334889	17
0.0334992	17
0.033513	17
0.0335536	17
0.0335555	17
0.0335605	17
0.0335779	17
0.033583	17
0.0339148	17
0.033915	17
0.0339151	17
0.0339152	17
0.0339154	17
0.0339155	17
0.0339157	17
0.0339859	17
0.0339859	17
0.033986	17
0.0339861	17
0.0339862	17
0.0339863	17
0.0339864	17
0.0339865	17
0.0339865	17
0.0339871	17
0.0339876	17
0.0339878	17
0.0339904	17
0.0339907	17
0.0339918	17
0.0340005	17
0.0341074	17
0.0343748	17
0.0346892	17
0.034749	17
0.0360524	17
0.0360526	17
0.0360527	17
0.0360527	17
0.0360527	17
0.0360527	17
0.0360529	17
0.036053	17
0.036053	17
0.0360532	17
0.0360533	17
0.0360534	17
0.0360543	17
0.0360546	17
0.0360556	17
0.0360561	17
0.0360576	17
0.0360612	17
0.0360644	17
0.0362118	17
0.0362539	17
0.0364012	17
0.0367937	17
0.0367959	17
0.0367997	17
0.0368321	17
0.0368658	17
0.036868	17
0.0368682	17
0.0370912	17
0.0370913	17
0.0370915	17
0.0370916	17
0.037092	17
0.0370927	17
0.0370932	17
0.037094	17
0.0370943	17
0.0370948	17
0.0370953	17
0.0380067	17
0.0380151	17
0.0380876	17
0.0381138	17
0.038137	17
0.0384855	17
0.0385092	17
0.0385556	17
0.0386022	17
0.0386848	17
0.0386998	17
0.0387262	17
0.0387272	17
0.0387855	17
0.0392383	17
0.0392393	17
0.0392397	17
0.0392404	17
0.0392418	17
0.0392441	17
0.0392449	17
0.0392458	17
0.0392468	17
0.0392493	17
0.0394639	17
0.0410489	17
0.0410489	17
0.041049	17
0.0410943	17
0.0422975	17
0.0433942	17
0.0433946	17
0.043397	17
0.0433984	17
0.0433986	17
0.0433994	17
0.0434005	17
0.0434127	17
0.0434184	17
0.0434253	17
0.0434288	17
0.0434369	17
0.0434398	17
0.0434402	17
0.0434428	17
0.0434461	17
0.0435055	17
0.0435843	17
0.0436095	17
0.0442661	17
0.0442968	17
0.0442989	17
0.0443837	17
0.0449149	17
0.0462437	17
0.0462438	17
0.0462441	17
0.0462442	17
0.0462442	17
0.0462442	17
0.0462442	17
0.0462443	17
0.0462444	17
0.0462444	17
0.0462445	17
0.0462445	17
0.0462448	17
0.0462449	17
0.0462449	17
0.0462453	17
0.0462456	17
0.046246	17
0.046246	17
0.0462475	17
0.0462475	17
0.0462481	17
0.0462485	17
0.0462485	17
0.046249	17
0.0462532	17
0.046266	17
0.046277	17
0.0462868	17
0.0462906	17
0.0462922	17
0.0463062	17
0.0463375	17
0.0463987	17
0.0463988	17
0.0463991	17
0.0463994	17
0.0463995	17
0.0463996	17
0.0477934	17
0.0477935	17
0.0477936	17
0.0477938	17
0.0477938	17
0.0477938	17
0.0477941	17
0.0477941	17
0.0477942	17
0.0477945	17
0.0477946	17
0.0477948	17
0.0477949	17
0.0477949	17
0.0477962	17
0.0477981	17
0.0478051	17
0.048202	17
0.048202	17
0.0482024	17
0.0488164	17
0.0488171	17
0.0488171	17
0.0488174	17
0.0488176	17
0.0488179	17
0.0488186	17
0.048819	17
0.0488209	17
0.0488212	17
0.0488224	17
0.0488227	17
0.0488229	17
0.0488264	17
0.0488336	17
0.0488339	17
0.0488363	17
0.0488534	17
0.0488539	17
0.0488682	17
0.048869	17
0.0488714	17
0.0488735	17
0.0488809	17
0.0488851	17
0.0488882	17
0.0488927	17
0.0489094	17
0.0489529	17
0.0489684	17
0.0489948	17
0.048995	17
0.0490072	17
0.0490278	17
0.0490301	17
0.0490384	17
0.0490616	17
0.0491667	17
0.0492526	17
0.0493361	17
0.0495369	17
0.0495533	17
0.0502786	17
0.0518892	17
0.0518967	17
0.0519942	17
0.0520359	17
0.0520602	17
0.0520783	17
0.0520987	17
0.0522087	17
0.0528873	17
0.0529038	17
0.0529783	17
0.0529785	17
0.0529789	17
0.0529789	17
0.0529804	17
0.052981	17
0.0529812	17
0.0529825	17
0.0529829	17
0.0529835	17
0.0529847	17
0.0529862	17
0.0529865	17
0.0529875	17
0.0529883	17
0.0529903	17
0.0529905	17
0.0529906	17
0.0529911	17
0.0558383	17
0.0558389	17
0.0558391	17
0.0558431	17
0.0558434	17
0.0558453	17
0.055851	17
0.0558519	17
0.0559096	17
0.0559118	17
0.0559157	17
0.055993	17
0.0560882	17
0.0560929	17
0.0562974	17
0.0563019	17
0.0567172	17
0.0574333	17
0.0574351	17
0.0574358	17
0.0577179	17
0.0577183	17
0.0577186	17
0.057719	17
0.0577228	17
0.0577508	17
0.0577984	17
0.0578268	17
0.0579301	17
0.0581232	17
0.0581253	17
0.0581267	17
0.0581271	17
0.0581278	17
0.0581296	17
0.0581305	17
0.0583067	17
0.0587385	17
0.0596318	17
0.0596738	17
0.0596998	17
0.0597298	17
0.0597593	17
0.0597747	17
0.0597986	17
0.0599575	17
0.0600215	17
0.0600282	17
0.0600713	17
0.0601335	17
0.061531	17
0.0615315	17
0.0615343	17
0.0615348	17
0.06154	17
0.0624668	17
0.0632284	17
0.0667539	17
0.0667542	17
0.0667545	17
0.0667548	17
0.066755	17
0.0667551	17
0.0667553	17
0.0667556	17
0.0667572	17
0.066758	17
0.0667593	17
0.0667661	17
0.0667683	17
0.0667807	17
0.0667833	17
0.0667878	17
0.0667919	17
0.0667965	17
0.0668063	17
0.0668085	17
0.0668222	17
0.0668423	17
0.0668534	17
0.0668703	17
0.0668828	17
0.0668829	17
0.0669467	17
0.0670297	17
0.0677115	17
0.0677116	17
0.0677128	17
0.0686691	17
0.0686699	17
0.0686742	17
0.0686784	17
0.0686785	17
0.0686825	17
0.0686844	17
0.0686854	17
0.0686886	17
0.0686892	17
0.0686904	17
0.0686928	17
0.0686956	17
0.068714	17
0.0687155	17
0.0687215	17
0.0687256	17
0.0687264	17
0.0687284	17
0.0687337	17
0.0687341	17
0.0687386	17
0.0687414	17
0.068757	17
0.0687666	17
0.0687683	17
0.0687859	17
0.0703107	17
0.0703122	17
0.0703123	17
0.0703124	17
0.0703159	17
0.0703194	17
0.0703258	17
0.0703282	17
0.0709406	17
0.0709415	17
0.070942	17
0.0709471	17
0.0709513	17
0.0709573	17
0.0709646	17
0.0709778	17
0.0709881	17
0.0709902	17
0.0709941	17
0.0709968	17
0.0709981	17
0.0710125	17
0.0710307	17
0.0710357	17
0.071038	17
0.0710394	17
0.0710478	17
0.0710483	17
0.071051	17
0.0710526	17
0.0710555	17
0.0710915	17
0.0711232	17
0.0711246	17
0.0711696	17
0.0713656	17
0.0715846	17
0.0718929	17
0.0784244	17
0.0784245	17
0.0784245	17
0.0784246	17
0.0784247	17
0.0784248	17
0.0784249	17
0.0784251	17
0.0784257	17
0.0784257	17
0.0784257	17
0.0784257	17
0.078426	17
0.078426	17
0.0784262	17
0.0784269	17
0.0784272	17
0.0784302	17
0.0784309	17
0.0784341	17
0.0784358	17
0.0784374	17
0.0784393	17
0.0784435	17
0.0784438	17
0.0784449	17
0.0784523	17
0.0784548	17
0.0784551	17
0.0784555	17
0.0784555	17
0.078458	17
0.0784605	17
0.0784653	17
0.0784665	17
0.0784666	17
0.078467	17
0.078468	17
0.0784759	17
0.0784766	17
0.0784771	17
0.0784787	17
0.0784844	17
0.0784845	17
0.0784926	17
0.078501	17
0.0785045	17
0.0785116	17
0.0785169	17
0.0785279	17
0.0785364	17
0.0785405	17
0.0785448	17
0.0786922	17
0.0786952	17
0.0787242	17
0.0787876	17
0.0788004	17
0.0788075	17
0.0788286	17
0.0789058	17
0.0789184	17
0.0793325	17
0.079344	17
0.0793466	17
0.079348	17
0.0793682	17
0.079381	17
0.0793815	17
0.0793894	17
0.0793905	17
0.079406	17
0.0794349	17
0.0794357	17
0.0794562	17
0.0794591	17
0.0810799	17
0.0810938	17
0.0811055	17
0.081114	17
0.0811189	17
0.0811239	17
0.0811336	17
0.0811365	17
0.0811424	17
0.0811434	17
0.0811818	17
0.0811842	17
0.0811846	17
0.0811882	17
0.0811899	17
0.0811917	17
0.0811938	17
0.081197	17
0.0812011	17
0.0812015	17
0.0812115	17
0.0812126	17
0.0812151	17
0.0812226	17
0.0812228	17
0.0812259	17
0.0812347	17
0.0812372	17
0.0812414	17
0.0812478	17
0.0812491	17
0.0812628	17
0.081272	17
0.0813017	17
0.0813087	17
0.0823489	17
0.0824931	17
0.0849688	17
0.0849692	17
0.0849694	17
0.0849702	17
0.0849759	17
0.084981	17
0.0849815	17
0.0849946	17
0.0849992	17
0.0850048	17
0.0850151	17
0.0850328	17
0.0850468	17
0.0850584	17
0.0850678	17
0.0850729	17
0.0851008	17
0.0851637	17
0.0851774	17
0.0852062	17
0.0852122	17
0.0852173	17
0.0852381	17
0.0853067	17
0.0854237	17
0.0855385	17
0.0857563	17
0.08585	17
0.0866178	17
0.0866359	17
0.0866777	17
0.0866997	17
0.0867278	17
0.0881708	17
0.0881709	17
0.0881714	17
0.0881719	17
0.0886117	17
0.0886137	17
0.0888496	17
0.0891695	17
0.0905685	17
0.0905706	17
0.0905802	17
0.091567	17
0.0923654	17
0.0940296	17
0.0940297	17
0.0940297	17
0.0940357	17
0.0940465	17
0.0940582	17
0.0940613	17
0.0940689	17
0.0940796	17
0.0941091	17
0.0941186	17
0.0941595	17
0.0941611	17
0.0941638	17
0.0941837	17
0.0944747	17
0.0946924	17
0.0957183	17
0.0957184	17
0.0957185	17
0.0957187	17
0.0957188	17
0.0957188	17
0.0957189	17
0.095719	17
0.095949	17
0.0971199	17
0.0971228	17
0.0971242	17
0.0971531	17
0.0971617	17
0.0971692	17
0.0971856	17
0.0971901	17
0.0972401	17
0.0972702	17
0.0972757	17
0.0972925	17
0.0972931	17
0.097389	17
0.0978804	17
0.0978835	17
0.0978876	17
0.0988921	17
0.0988927	17
0.0989018	17
0.0989101	17
0.0989438	17
0.0992042	17
0.099346	17
0.0999397	17
0.0999424	17
0.099944	17
0.0999441	17
0.0999458	17
0.0999478	17
0.099949	17
0.0999497	17
0.0999512	17
0.0999907	17
0.0999971	17
0.100088	17
0.100098	17
0.100108	17
0.101698	17
0.101698	17
0.101699	17
0.101699	17
0.101699	17
0.1017	17
0.1017	17
0.101701	17
0.101702	17
0.101703	17
0.101703	17
0.101704	17
0.101704	17
0.101704	17
0.101704	17
0.101705	17
0.101706	17
0.101706	17
0.101707	17
0.101708	17
0.101709	17
0.10171	17
0.101712	17
0.101712	17
0.101713	17
0.101733	17
0.102527	17
0.102531	17
0.102531	17
0.102531	17
0.102533	17
0.102538	17
0.102614	17
0.102615	17
0.102656	17
0.102658	17
0.102719	17
0.102987	17
0.103549	17
0.103549	17
0.103549	17
0.103551	17
0.103551	17
0.103552	17
0.103552	17
0.103552	17
0.103552	17
0.103553	17
0.103553	17
0.103554	17
0.103554	17
0.103556	17
0.103558	17
0.103558	17
0.103563	17
0.10565	17
0.105651	17
0.105651	17
0.105653	17
0.105654	17
0.105656	17
0.10566	17
0.105662	17
0.105753	17
0.105775	17
0.106404	17
0.106404	17
0.106405	17
0.106411	17
0.106413	17
0.106418	17
0.10642	17
0.106422	17
0.10648	17
0.106481	17
0.106481	17
0.106483	17
0.106488	17
0.106997	17
0.106997	17
0.106997	17
0.106997	17
0.106998	17
0.106999	17
0.106999	17
0.106999	17
0.107	17
0.107	17
0.107003	17
0.107006	17
0.107007	17
0.107008	17
0.107009	17
0.107308	17
0.107309	17
0.10731	17
0.107313	17
0.107313	17
0.107313	17
0.107315	17
0.107315	17
0.107329	17
0.10733	17
0.107332	17
0.107336	17
0.107373	17
0.107388	17
0.107421	17
0.107434	17
0.107435	17
0.107476	17
0.107481	17
0.107516	17
0.10752	17
0.107541	17
0.107551	17
0.107564	17
0.107665	17
0.107765	17
0.107841	17
0.107902	17
0.107926	17
0.107982	17
0.108015	17
0.108025	17
0.108041	17
0.108046	17
0.108055	17
0.108057	17
0.10806	17
0.108075	17
0.108087	17
0.108099	17
0.108112	17
0.108123	17
0.108168	17
0.108178	17
0.108191	17
0.108208	17
0.108464	17
0.108492	17
0.108922	17
0.111305	17
0.111305	17
0.111305	17
0.111306	17
0.111306	17
0.111306	17
0.111307	17
0.111313	17
0.111323	17
0.111329	17
0.111338	17
0.111343	17
0.111355	17
0.111363	17
0.111365	17
0.111367	17
0.111375	17
0.111381	17
0.111382	17
0.111409	17
0.111429	17
0.111432	17
0.111458	17
0.111476	17
0.111518	17
0.111518	17
0.111518	17
0.111519	17
0.111519	17
0.111519	17
0.111519	17
0.111519	17
0.111519	17
0.11152	17
0.11152	17
0.11152	17
0.11152	17
0.111521	17
0.111521	17
0.111521	17
0.111522	17
0.111522	17
0.111524	17
0.111524	17
0.111524	17
0.111525	17
0.111526	17
0.111527	17
0.111527	17
0.111528	17
0.11153	17
0.11153	17
0.111531	17
0.111533	17
0.111536	17
0.111538	17
0.111549	17
0.111549	17
0.111553	17
0.111576	17
0.11165	17
0.111694	17
0.111704	17
0.111717	17
0.111761	17
0.111775	17
0.111882	17
0.111884	17
0.111899	17
0.112271	17
0.112288	17
0.112289	17
0.112289	17
0.112289	17
0.11229	17
0.11229	17
0.11229	17
0.11229	17
0.11229	17
0.11229	17
0.11229	17
0.112291	17
0.112291	17
0.112291	17
0.112291	17
0.112292	17
0.112292	17
0.112293	17
0.112294	17
0.112295	17
0.112296	17
0.112297	17
0.112298	17
0.112299	17
0.112301	17
0.112302	17
0.112397	17
0.112521	17
0.112559	17
0.114022	17
0.114026	17
0.114027	17
0.114029	17
0.114037	17
0.11404	17
0.11404	17
0.114048	17
0.115021	17
0.115022	17
0.115022	17
0.115022	17
0.115024	17
0.115024	17
0.115024	17
0.115024	17
0.115024	17
0.115025	17
0.115025	17
0.115026	17
0.115026	17
0.115026	17
0.115027	17
0.115029	17
0.115034	17
0.115035	17
0.115044	17
0.115045	17
0.115054	17
0.115246	17
0.118803	17
0.118803	17
0.118803	17
0.118804	17
0.118804	17
0.118805	17
0.118805	17
0.118805	17
0.118805	17
0.118805	17
0.118805	17
0.118805	17
0.118805	17
0.118806	17
0.118806	17
0.118806	17
0.118807	17
0.118808	17
0.118808	17
0.118808	17
0.118809	17
0.118809	17
0.118809	17
0.11881	17
0.118812	17
0.118812	17
0.118813	17
0.118815	17
0.118816	17
0.11882	17
0.118821	17
0.118822	17
0.118823	17
0.118825	17
0.118829	17
0.118833	17
0.118839	17
0.118844	17
0.118845	17
0.118845	17
0.118848	17
0.118858	17
0.118859	17
0.118859	17
0.118859	17
0.118861	17
0.118862	17
0.118866	17
0.118868	17
0.118869	17
0.118884	17
0.118887	17
0.118893	17
0.118896	17
0.1189	17
0.118914	17
0.118925	17
0.118926	17
0.118931	17
0.118937	17
0.118946	17
0.11895	17
0.118954	17
0.118963	17
0.118972	17
0.118974	17
0.118977	17
0.118981	17
0.119001	17
0.119004	17
0.119005	17
0.119016	17
0.119016	17
0.11902	17
0.119029	17
0.119032	17
0.119034	17
0.119034	17
0.119042	17
0.11905	17
0.119073	17
0.119076	17
0.119082	17
0.119093	17
0.119101	17
0.119105	17
0.119125	17
0.119128	17
0.119135	17
0.11917	17
0.119177	17
0.11918	17
0.119185	17
0.11921	17
0.119223	17
0.119231	17
0.119265	17
0.119281	17
0.119291	17
0.119298	17
0.119312	17
0.119392	17
0.119416	17
0.119428	17
0.119453	17
0.119479	17
0.119503	17
0.119564	17
0.119569	17
0.119596	17
0.119734	17
0.119841	17
0.120053	17
0.120257	17
0.120258	17
0.120259	17
0.120261	17
0.120264	17
0.120264	17
0.12027	17
0.120274	17
0.120274	17
0.120283	17
0.120285	17
0.120289	17
0.1203	17
0.120313	17
0.120313	17
0.120317	17
0.12032	17
0.120323	17
0.120325	17
0.120332	17
0.120336	17
0.12034	17
0.120346	17
0.120347	17
0.12035	17
0.120364	17
0.120366	17
0.120385	17
0.120385	17
0.120391	17
0.120394	17
0.120396	17
0.120413	17
0.120424	17
0.120427	17
0.120494	17
0.120503	17
0.120505	17
0.120526	17
0.12054	17
0.120558	17
0.120572	17
0.12058	17
0.12062	17
0.12068	17
0.120684	17
0.120692	17
0.120774	17
0.120802	17
0.120807	17
0.120807	17
0.120815	17
0.120826	17
0.120835	17
0.120846	17
0.120852	17
0.120856	17
0.120858	17
0.120887	17
0.120889	17
0.120904	17
0.120919	17
0.12092	17
0.12092	17
0.12092	17
0.12092	17
0.12092	17
0.12092	17
0.12092	17
0.12092	17
0.12092	17
0.120921	17
0.120921	17
0.120921	17
0.120921	17
0.120922	17
0.120922	17
0.120923	17
0.120923	17
0.120923	17
0.120924	17
0.120924	17
0.120924	17
0.120924	17
0.120924	17
0.120925	17
0.120926	17
0.120927	17
0.120927	17
0.120928	17
0.120929	17
0.120931	17
0.120933	17
0.120943	17
0.120993	17
0.120997	17
0.121001	17
0.121017	17
0.12106	17
0.12107	17
0.121118	17
0.121127	17
0.121138	17
0.121145	17
0.12116	17
0.121464	17
0.121875	17
0.122151	17
0.122913	17
0.122923	17
0.12293	17
0.123027	17
0.126781	17
0.126781	17
0.126783	17
0.126783	17
0.126784	17
0.126786	17
0.126789	17
0.126789	17
0.126791	17
0.126798	17
0.126799	17
0.126805	17
0.126805	17
0.126818	17
0.126819	17
0.126823	17
0.126826	17
0.12683	17
0.126833	17
0.126853	17
0.126854	17
0.126857	17
0.126875	17
0.126879	17
0.12689	17
0.126894	17
0.126911	17
0.126925	17
0.126927	17
0.126933	17
0.126934	17
0.126949	17
0.126959	17
0.126991	17
0.126991	17
0.127003	17
0.127008	17
0.127011	17
0.127016	17
0.127022	17
0.127035	17
0.127043	17
0.127044	17
0.127051	17
0.12706	17
0.127072	17
0.127085	17
0.127103	17
0.127154	17
0.127161	17
0.127164	17
0.127259	17
0.127316	17
0.127507	17
0.127834	17
0.128003	17
0.128117	17
0.130233	17
0.134406	17
0.134407	17
0.13441	17
0.134417	17
0.134417	17
0.134816	17
0.134832	17
0.135086	17
0.135398	17
0.140531	17
0.140532	17
0.140532	17
0.140536	17
0.140537	17
0.140538	17
0.140543	17
0.14056	17
0.140565	17
0.140591	17
0.140613	17
0.140681	17
0.140757	17
0.140763	17
0.141111	17
0.141126	17
0.142413	17
0.142414	17
0.14245	17
0.142523	17
0.142525	17
0.142563	17
0.143573	17
0.143574	17
0.143577	17
0.143581	17
0.143594	17
0.143635	17
0.143664	17
0.143667	17
0.1437	17
0.143779	17
0.143787	17
0.143798	17
0.14433	17
0.14433	17
0.144334	17
0.144341	17
0.144353	17
0.144451	17
0.149617	17
0.149622	17
0.149623	17
0.149623	17
0.149625	17
0.150073	17
0.151052	17
0.151054	17
0.151054	17
0.151057	17
0.15106	17
0.151061	17
0.151067	17
0.151093	17
0.15238	17
0.152384	17
0.152392	17
0.154257	17
0.154257	17
0.154257	17
0.154257	17
0.154258	17
0.154258	17
0.15426	17
0.15426	17
0.154261	17
0.154261	17
0.154261	17
0.154262	17
0.154262	17
0.154267	17
0.154274	17
0.154277	17
0.15428	17
0.154285	17
0.154287	17
0.154336	17
0.154344	17
0.154353	17
0.154366	17
0.154391	17
0.154394	17
0.1544	17
0.154406	17
0.154412	17
0.154416	17
0.154418	17
0.154435	17
0.154444	17
0.154458	17
0.154492	17
0.154495	17
0.154517	17
0.15453	17
0.154547	17
0.154564	17
0.154605	17
0.154617	17
0.154683	17
0.154707	17
0.154749	17
0.154749	17
0.15475	17
0.154752	17
0.154756	17
0.154758	17
0.154771	17
0.154772	17
0.154828	17
0.155216	17
0.155217	17
0.155224	17
0.155253	17
0.155264	17
0.155278	17
0.155287	17
0.155338	17
0.155458	17
0.155471	17
0.155619	17
0.155715	17
0.155751	17
0.15586	17
0.157619	17
0.157619	17
0.15762	17
0.157621	17
0.157621	17
0.157622	17
0.157625	17
0.157643	17
0.157677	17
0.157686	17
0.157698	17
0.157708	17
0.157711	17
0.157727	17
0.157734	17
0.157735	17
0.15777	17
0.157795	17
0.157804	17
0.157834	17
0.157839	17
0.158036	17
0.158102	17
0.158119	17
0.158176	17
0.1582	17
0.158276	17
0.158767	17
0.159002	17
0.161277	17
0.161277	17
0.161277	17
0.161278	17
0.161279	17
0.161282	17
0.161314	17
0.161324	17
0.161331	17
0.165002	17
0.165002	17
0.165002	17
0.165002	17
0.165002	17
0.165002	17
0.165002	17
0.165002	17
0.165003	17
0.165003	17
0.165003	17
0.165003	17
0.165003	17
0.165004	17
0.165004	17
0.165004	17
0.165005	17
0.165006	17
0.165006	17
0.165006	17
0.165007	17
0.165008	17
0.165008	17
0.165008	17
0.165008	17
0.165009	17
0.16501	17
0.165011	17
0.165011	17
0.165013	17
0.165013	17
0.165014	17
0.165015	17
0.165016	17
0.165016	17
0.165025	17
0.165212	17
0.165214	17
0.165214	17
0.170763	17
0.170764	17
0.170767	17
0.170785	17
0.170934	17
0.170935	17
0.170935	17
0.170935	17
0.170936	17
0.170937	17
0.170938	17
0.170939	17
0.170939	17
0.170941	17
0.170942	17
0.170943	17
0.170944	17
0.170952	17
0.170959	17
0.171244	17
0.171817	17
0.171821	17
0.171823	17
0.171825	17
0.171837	17
0.172235	17
0.174096	17
0.174098	17
0.1741	17
0.175983	17
0.175986	17
0.175988	17
0.180564	17
0.180564	17
0.180564	17
0.180564	17
0.180565	17
0.180583	17
0.18059	17
0.182909	17
0.182909	17
0.182909	17
0.182914	17
0.182918	17
0.182925	17
0.184533	17
0.184535	17
0.184556	17
0.184677	17
0.184927	17
0.185758	17
0.185769	17
0.185774	17
0.185777	17
0.185789	17
0.186103	17
0.186109	17
0.186387	17
0.186391	17
0.186393	17
0.186394	17
0.186396	17
0.18641	17
0.186412	17
0.186459	17
0.187122	17
0.187266	17
0.188817	17
0.191463	17
0.191463	17
0.191467	17
0.191469	17
0.191469	17
0.191472	17
0.193811	17
0.193814	17
0.193816	17
0.194203	17
0.194206	17
0.194209	17
0.19422	17
0.194984	17
0.194987	17
0.194992	17
0.194992	17
0.196256	17
0.19626	17
0.196261	17
0.200272	17
0.200274	17
0.200275	17
0.200277	17
0.200279	17
0.200748	17
0.200764	17
0.201782	17
0.201783	17
0.201783	17
0.201784	17
0.201785	17
0.201786	17
0.201788	17
0.201789	17
0.201794	17
0.201796	17
0.201799	17
0.201806	17
0.201808	17
0.201849	17
0.203235	17
0.203235	17
0.203272	17
0.20353	17
0.203539	17
0.2038	17
0.20381	17
0.205709	17
0.205711	17
0.205713	17
0.205727	17
0.205871	17
0.205883	17
0.20589	17
0.213689	17
0.21369	17
0.213695	17
0.213704	17
0.213705	17
0.216528	17
0.216533	17
0.216536	17
0.216556	17
0.217386	17
0.217387	17
0.219342	17
0.219344	17
0.222864	17
0.222866	17
0.222995	17
0.223238	17
0.223238	17
0.223238	17
0.223279	17
0.223364	17
0.224074	17
0.224074	17
0.224076	17
0.224078	17
0.224082	17
0.224546	17
0.224704	17
0.224704	17
0.225096	17
0.225097	17
0.225097	17
0.225097	17
0.225098	17
0.225102	17
0.225103	17
0.225103	17
0.225107	17
0.225111	17
0.225195	17
0.225256	17
0.225258	17
0.225263	17
0.225373	17
0.225564	17
0.225565	17
0.225568	17
0.225738	17
0.226101	17
0.226108	17
0.226427	17
0.226741	17
0.226744	17
0.226745	17
0.226749	17
0.229532	17
0.229536	17
0.229538	17
0.229757	17
0.229867	17
0.231734	17
0.231738	17
0.231744	17
0.231746	17
0.233054	17
0.23306	17
0.233075	17
0.233351	17
0.233352	17
0.233354	17
0.233355	17
0.233355	17
0.233362	17
0.234751	17
0.234758	17
0.234772	17
0.235482	17
0.235485	17
0.235488	17
0.236149	17
0.236149	17
0.236151	17
0.236955	17
0.236959	17
0.237023	17
0.23776	17
0.23776	17
0.237762	17
0.237769	17
0.237771	17
0.237783	17
0.237785	17
0.23808	17
0.238278	17
0.238279	17
0.2383	17
0.23883	17
0.238835	17
0.238872	17
0.239464	17
0.239479	17
0.239489	17
0.241264	17
0.243314	17
0.243314	17
0.243318	17
0.244007	17
0.244008	17
0.244192	17
0.245908	17
0.245916	17
0.245919	17
0.245927	17
0.245928	17
0.24593	17
0.247005	17
0.247025	17
0.247441	17
0.247444	17
0.247449	17
0.247468	17
0.247486	17
0.247489	17
0.247502	17
0.248182	17
0.248421	17
0.24898	17
0.24898	17
0.248986	17
0.251603	17
0.251603	17
0.251607	17
0.251613	17
0.251626	17
0.257004	17
0.257008	17
0.257009	17
0.257031	17
0.257409	17
0.25741	17
0.257422	17
0.257955	17
0.257962	17
0.257966	17
0.258703	17
0.26001	17
0.260015	17
0.260024	17
0.260044	17
0.261531	17
0.262113	17
0.262114	17
0.262986	17
0.268163	17
0.269598	17
0.271769	17
0.27177	17
0.27177	17
0.271775	17
0.274095	17
0.2741	17
0.274108	17
0.27411	17
0.274118	17
0.277189	17
0.27719	17
0.277191	17
0.277394	17
0.277394	17
0.2774	17
0.281476	17
0.281477	17
0.281483	17
0.284365	17
0.284369	17
0.284399	17
0.285501	17
0.285502	17
0.285502	17
0.285504	17
0.285509	17
0.286521	17
0.286526	17
0.286529	17
0.28653	17
0.286539	17
0.289069	17
0.289071	17
0.289072	17
0.289078	17
0.289084	17
0.293336	17
0.293336	17
0.293337	17
0.293811	17
0.293813	17
0.293814	17
0.304952	17
0.304953	17
0.304955	17
0.304962	17
0.304962	17
0.304963	17
0.304964	17
0.304964	17
0.304966	17
0.305061	17
0.305662	17
0.305663	17
0.305673	17
0.311433	17
0.311435	17
0.311437	17
0.311451	17
0.312789	17
0.31279	17
0.312796	17
0.316761	17
0.316766	17
0.316766	17
0.3168	17
0.316864	17
0.317728	17
0.317791	17
0.31865	17
0.318656	17
0.318694	17
0.321409	17
0.32141	17
0.321417	17
0.321421	17
0.324603	17
0.324603	17
0.324604	17
0.324604	17
0.324606	17
0.324608	17
0.324611	17
0.324612	17
0.327426	17
0.327427	17
0.327431	17
0.327433	17
0.331999	17
0.332003	17
0.338228	17
0.338228	17
0.338236	17
0.339118	17
0.340708	17
0.340709	17
0.340715	17
0.341187	17
0.34119	17
0.341198	17
0.342563	17
0.342567	17
0.342575	17
0.342582	17
0.344229	17
0.344887	17
0.345428	17
0.345428	17
0.347502	17
0.348323	17
0.34833	17
0.348579	17
0.351643	17
0.351644	17
0.351645	17
0.351646	17
0.351661	17
0.351685	17
0.35235	17
0.35235	17
0.352354	17
0.352388	17
0.352676	17
0.353367	17
0.353367	17
0.353771	17
0.353774	17
0.353784	17
0.354085	17
0.354355	17
0.354359	17
0.360864	17
0.360864	17
0.360867	17
0.360877	17
0.361039	17
0.36104	17
0.361043	17
0.361046	17
0.364098	17
0.3641	17
0.364101	17
0.364111	17
0.369998	17
0.369999	17
0.369999	17
0.370006	17
0.370007	17
0.370054	17
0.370065	17
0.370066	17
0.371578	17
0.371583	17
0.371583	17
0.372683	17
0.372684	17
0.372691	17
0.372707	17
0.372764	17
0.3732	17
0.374602	17
0.37461	17
0.374611	17
0.374619	17
0.379653	17
0.379655	17
0.379656	17
0.379657	17
0.379658	17
0.390231	17
0.390231	17
0.390233	17
0.390234	17
0.390234	17
0.390238	17
0.390243	17
0.393591	17
0.393594	17
0.393594	17
0.393603	17
0.393706	17
0.396803	17
0.396803	17
0.396805	17
0.396806	17
0.397426	17
0.399935	17
0.399937	17
0.399942	17
0.399943	17
0.400733	17
0.400734	17
0.400736	17
0.402634	17
0.402636	17
0.402642	17
0.404168	17
0.404169	17
0.404169	17
0.404172	17
0.404173	17
0.404198	17
0.407312	17
0.407312	17
0.407312	17
0.407317	17
0.408323	17
0.408323	17
0.408335	17
0.408336	17
0.408344	17
0.409645	17
0.410083	17
0.410155	17
0.410629	17
0.410632	17
0.410634	17
0.41784	17
0.41784	17
0.41784	17
0.417842	17
0.417844	17
0.417848	17
0.417856	17
0.417859	17
0.417865	17
0.417877	17
0.419429	17
0.419429	17
0.419429	17
0.41943	17
0.419432	17
0.419435	17
0.419835	17
0.420158	17
0.420673	17
0.420673	17
0.420674	17
0.42216	17
0.42216	17
0.422161	17
0.422162	17
0.422241	17
0.422256	17
0.422631	17
0.431067	17
0.431071	17
0.434416	17
0.434416	17
0.43442	17
0.434431	17
0.436619	17
0.436628	17
0.437866	17
0.437916	17
0.438724	17
0.438728	17
0.438744	17
0.438766	17
0.438817	17
0.439848	17
0.439848	17
0.439851	17
0.439851	17
0.439863	17
0.440987	17
0.440994	17
0.44103	17
0.44328	17
0.443282	17
0.443285	17
0.443289	17
0.443461	17
0.443469	17
0.443469	17
0.453729	17
0.45373	17
0.45373	17
0.453731	17
0.4615	17
0.461502	17
0.461504	17
0.463395	17
0.47083	17
0.470832	17
0.470832	17
0.470832	17
0.470833	17
0.470851	17
0.474919	17
0.476758	17
0.476759	17
0.47677	17
0.477202	17
0.477205	17
0.477205	17
0.477257	17
0.483633	17
0.483634	17
0.483635	17
0.483635	17
0.483641	17
0.483645	17
0.483646	17
0.486396	17
0.486398	17
0.486399	17
0.486401	17
0.486958	17
0.486968	17
0.488205	17
0.488213	17
0.489527	17
0.492656	17
0.492663	17
0.492681	17
0.494554	17
0.494566	17
0.497514	17
0.497514	17
0.497536	17
0.498853	17
0.498862	17
0.498867	17
0.499908	17
0.499914	17
0.501985	17
0.502635	17
0.502637	17
0.502637	17
0.502637	17
0.502638	17
0.503377	17
0.503384	17
0.503414	17
0.512397	17
0.5124	17
0.512403	17
0.512404	17
0.512406	17
0.512409	17
0.512414	17
0.512425	17
0.512485	17
0.512491	17
0.512732	17
0.512735	17
0.512736	17
0.512805	17
0.512809	17
0.512815	17
0.513152	17
0.513181	17
0.513542	17
0.520394	17
0.520399	17
0.520399	17
0.520407	17
0.524608	17
0.524608	17
0.524608	17
0.524609	17
0.524612	17
0.524616	17
0.531712	17
0.531713	17
0.531714	17
0.531727	17
0.533569	17
0.533575	17
0.545312	17
0.545313	17
0.545317	17
0.545318	17
0.545322	17
0.545719	17
0.545742	17
0.545752	17
0.547877	17
0.547879	17
0.54788	17
0.556856	17
0.556857	17
0.556858	17
0.55687	17
0.556881	17
0.558492	17
0.559205	17
0.559207	17
0.559227	17
0.559398	17
0.559401	17
0.559401	17
0.559401	17
0.55941	17
0.561671	17
0.562861	17
0.562863	17
0.562863	17
0.563639	17
0.56364	17
0.56364	17
0.563667	17
0.574595	17
0.574598	17
0.575993	17
0.576004	17
0.576094	17
0.577922	17
0.577934	17
0.57794	17
0.578777	17
0.578786	17
0.57879	17
0.580137	17
0.580139	17
0.58014	17
0.58014	17
0.580141	17
0.583057	17
0.583057	17
0.583065	17
0.583068	17
0.586404	17
0.586405	17
0.586407	17
0.586409	17
0.587087	17
0.58709	17
0.587104	17
0.589717	17
0.589721	17
0.593402	17
0.593408	17
0.593412	17
0.593465	17
0.6005	17
0.6005	17
0.600501	17
0.600503	17
0.600506	17
0.606308	17
0.606308	17
0.60631	17
0.606312	17
0.606335	17
0.606339	17
0.613458	17
0.613458	17
0.61349	17
0.613493	17
0.613494	17
0.61542	17
0.615424	17
0.618582	17
0.618583	17
0.618584	17
0.618587	17
0.618591	17
0.619639	17
0.619643	17
0.619646	17
0.625523	17
0.625524	17
0.625524	17
0.625526	17
0.625526	17
0.625526	17
0.625529	17
0.625529	17
0.625533	17
0.627783	17
0.627796	17
0.627798	17
0.635348	17
0.635348	17
0.635353	17
0.635355	17
0.635357	17
0.639389	17
0.63939	17
0.642871	17
0.642872	17
0.642872	17
0.642872	17
0.643334	17
0.643337	17
0.643343	17
0.643419	17
0.643579	17
0.649039	17
0.649041	17
0.649047	17
0.649063	17
0.650569	17
0.65057	17
0.650579	17
0.650581	17
0.652535	17
0.652536	17
0.652538	17
0.659034	17
0.659047	17
0.659047	17
0.660098	17
0.660099	17
0.660101	17
0.660106	17
0.661949	17
0.66195	17
0.661967	17
0.661968	17
0.664615	17
0.664621	17
0.668445	17
0.669902	17
0.669905	17
0.669909	17
0.675976	17
0.675977	17
0.675981	17
0.675982	17
0.675988	17
0.675995	17
0.676007	17
0.680095	17
0.680095	17
0.680096	17
0.680098	17
0.680098	17
0.680107	17
0.681153	17
0.685786	17
0.685786	17
0.685787	17
0.685788	17
0.685788	17
0.68579	17
0.689209	17
0.68921	17
0.689215	17
0.692587	17
0.692588	17
0.692589	17
0.692595	17
0.692597	17
0.692605	17
0.697995	17
0.697995	17
0.697997	17
0.698002	17
0.699021	17
0.699024	17
0.699031	17
0.702276	17
0.702276	17
0.702278	17
0.71394	17
0.71394	17
0.713941	17
0.713942	17
0.71395	17
0.724886	17
0.72489	17
0.726388	17
0.726392	17
0.726418	17
0.726829	17
0.726833	17
0.726835	17
0.736359	17
0.736362	17
0.736363	17
0.736364	17
0.736365	17
0.736369	17
0.73754	17
0.737541	17
0.737543	17
0.738056	17
0.738057	17
0.738058	17
0.751909	17
0.751909	17
0.751914	17
0.751915	17
0.754546	17
0.754547	17
0.754566	17
0.755954	17
0.755956	17
0.755956	17
0.755963	17
0.757767	17
0.757768	17
0.757772	17
0.763022	17
0.763023	17
0.763024	17
0.763035	17
0.768712	17
0.772381	17
0.772404	17
0.775716	17
0.775716	17
0.775722	17
0.777257	17
0.778146	17
0.778146	17
0.778148	17
0.778158	17
0.778885	17
0.778886	17
0.77889	17
0.779	17
0.779002	17
0.779006	17
0.779107	17
0.779352	17
0.779357	17
0.779574	17
0.779575	17
0.779576	17
0.779633	17
0.780637	17
0.784323	17
0.784328	17
0.784342	17
0.784348	17
0.786351	17
0.788821	17
0.788821	17
0.788821	17
0.788821	17
0.788822	17
0.788823	17
0.788936	17
0.790724	17
0.796015	17
0.796015	17
0.796015	17
0.796019	17
0.796038	17
0.796039	17
0.798882	17
0.79889	17
0.798892	17
0.801345	17
0.807275	17
0.807282	17
0.807285	17
0.807287	17
0.807317	17
0.808425	17
0.808433	17
0.808449	17
0.809648	17
0.812336	17
0.812338	17
0.81234	17
0.812342	17
0.812386	17
0.812387	17
0.812915	17
0.812917	17
0.812918	17
0.817648	17
0.817648	17
0.817651	17
0.817656	17
0.819625	17
0.819628	17
0.819637	17
0.819637	17
0.819951	17
0.821316	17
0.821316	17
0.821468	17
0.822252	17
0.822253	17
0.822258	17
0.822319	17
0.822762	17
0.826305	17
0.826309	17
0.827761	17
0.827763	17
0.827763	17
0.828048	17
0.828052	17
0.828056	17
0.828061	17
0.830052	17
0.830053	17
0.830056	17
0.842364	17
0.842365	17
0.842373	17
0.843436	17
0.84344	17
0.843445	17
0.843449	17
0.843457	17
0.84505	17
0.845115	17
0.845549	17
0.849286	17
0.849288	17
0.849311	17
0.850211	17
0.857938	17
0.857939	17
0.857939	17
0.857941	17
0.858857	17
0.858857	17
0.858859	17
0.861402	17
0.861402	17
0.865472	17
0.865475	17
0.866171	17
0.866174	17
0.86618	17
0.866251	17
0.866253	17
0.866256	17
0.870959	17
0.870959	17
0.87096	17
0.870963	17
0.870965	17
0.871733	17
0.871737	17
0.871741	17
0.871743	17
0.873914	17
0.873921	17
0.873922	17
0.873952	17
0.873952	17
0.873956	17
0.874977	17
0.874984	17
0.878159	17
0.887548	17
0.887552	17
0.887557	17
0.887562	17
0.890493	17
0.891746	17
0.891749	17
0.891749	17
0.891749	17
0.891751	17
0.892693	17
0.892693	17
0.892701	17
0.896571	17
0.896578	17
0.896587	17
0.899499	17
0.899501	17
0.899532	17
0.899603	17
0.899604	17
0.902518	17
0.902519	17
0.902533	17
0.902535	17
0.902541	17
0.90255	17
0.902552	17
0.90779	17
0.907792	17
0.907793	17
0.907793	17
0.907799	17
0.90785	17
0.907852	17
0.910121	17
0.911813	17
0.911814	17
0.911833	17
0.912032	17
0.912855	17
0.912865	17
0.91608	17
0.916093	17
0.9161	17
0.916108	17
0.917006	17
0.921691	17
0.921697	17
0.922255	17
0.922259	17
0.922281	17
0.930857	17
0.937663	17
0.937665	17
0.937667	17
0.93767	17
0.940005	17
0.940006	17
0.940006	17
0.940008	17
0.940008	17
0.940009	17
0.940012	17
0.940014	17
0.94003	17
0.942172	17
0.942175	17
0.942176	17
0.948219	17
0.94822	17
0.94822	17
0.948221	17
0.948222	17
0.948228	17
0.949283	17
0.949284	17
0.949286	17
0.949357	17
0.949361	17
0.949362	17
0.949368	17
0.950418	17
0.950571	17
0.950572	17
0.952424	17
0.952425	17
0.952429	17
0.95243	17
0.957874	17
0.957876	17
0.957876	17
0.957877	17
0.957888	17
0.961872	17
0.962099	17
0.962111	17
0.962117	17
0.967871	17
0.967872	17
0.967883	17
0.968179	17
0.968179	17
0.968188	17
0.969291	17
0.969294	17
0.969294	17
0.969295	17
0.970787	17
0.970789	17
0.970795	17
0.976789	17
0.976793	17
0.976796	17
0.977034	17
0.979207	17
0.979211	17
0.979213	17
0.979222	17
0.979598	17
0.979599	17
0.9796	17
0.987115	17
0.987118	17
0.987121	17
0.989587	17
0.989588	17
0.989593	17
0.990038	17
0.99004	17
0.99011	17
0.990112	17
0.990125	17
0.991213	17
0.991223	17
0.993981	17
0.993981	17
0.993989	17
0.995331	17
0.995337	17
0.99534	17
0.99592	17
0.995927	17
0.995929	17
0.995934	17
0.998521	17
0.998522	17
0.998524	17
0.999983	17
0.999985	17
1.0027	17
1.00271	17
1.00271	17
1.00272	17
1.01273	17
1.01273	17
1.01273	17
1.01274	17
1.01436	17
1.0147	17
1.01471	17
1.01471	17
1.0172	17
1.0172	17
1.01721	17
1.01721	17
1.02087	17
1.02087	17
1.02087	17
1.02087	17
1.02087	17
1.02087	17
1.02088	17
1.02455	17
1.02536	17
1.02536	17
1.02536	17
1.02537	17
1.0254	17
1.03079	17
1.03079	17
1.03079	17
1.03079	17
1.03259	17
1.03777	17
1.03777	17
1.03777	17
1.03777	17
1.03778	17
1.04039	17
1.04039	17
1.04039	17
1.04041	17
1.04294	17
1.04294	17
1.04294	17
1.04295	17
1.04867	17
1.04867	17
1.04868	17
1.05021	17
1.05021	17
1.05022	17
1.05025	17
1.05123	17
1.05124	17
1.05304	17
1.05319	17
1.0532	17
1.06378	17
1.06378	17
1.06378	17
1.06378	17
1.06378	17
1.06379	17
1.0696	17
1.0696	17
1.0696	17
1.0696	17
1.06962	17
1.06965	17
1.07486	17
1.07486	17
1.07489	17
1.07709	17
1.07709	17
1.0771	17
1.07719	17
1.07728	17
1.07793	17
1.07794	17
1.07794	17
1.07794	17
1.07794	17
1.07965	17
1.07965	17
1.07966	17
1.08004	17
1.08738	17
1.08739	17
1.08739	17
1.08739	17
1.08739	17
1.08971	17
1.08971	17
1.08971	17
1.08977	17
1.0947	17
1.09493	17
1.09494	17
1.09494	17
1.09495	17
1.09498	17
1.09586	17
1.09586	17
1.09593	17
1.09823	17
1.09823	17
1.09824	17
1.09824	17
1.09901	17
1.09902	17
1.09903	17
1.09903	17
1.10132	17
1.10133	17
1.10135	17
1.10231	17
1.10948	17
1.11587	17
1.11587	17
1.11587	17
1.11587	17
1.11588	17
1.12153	17
1.12153	17
1.12154	17
1.12413	17
1.12414	17
1.12414	17
1.12433	17
1.12726	17
1.12726	17
1.12726	17
1.1273	17
1.13043	17
1.13084	17
1.13088	17
1.13095	17
1.14043	17
1.14043	17
1.14043	17
1.14044	17
1.14045	17
1.14436	17
1.14437	17
1.14987	17
1.14988	17
1.15007	17
1.15008	17
1.15792	17
1.15792	17
1.15792	17
1.15793	17
1.15904	17
1.16212	17
1.16213	17
1.16213	17
1.16329	17
1.1633	17
1.1633	17
1.1633	17
1.16446	17
1.16446	17
1.16446	17
1.16451	17
1.16944	17
1.16944	17
1.16944	17
1.16944	17
1.16945	17
1.17218	17
1.17218	17
1.17693	17
1.17694	17
1.17694	17
1.17694	17
1.17694	17
1.17695	17
1.17695	17
1.18351	17
1.18351	17
1.18351	17
1.18367	17
1.18367	17
1.18368	17
1.18368	17
1.18604	17
1.18605	17
1.18605	17
1.19309	17
1.19309	17
1.19309	17
1.1931	17
1.19346	17
1.19346	17
1.19346	17
1.19348	17
1.21196	17
1.21196	17
1.21197	17
1.21197	17
1.21323	17
1.21323	17
1.21324	17
1.22453	17
1.22453	17
1.22453	17
1.22453	17
1.22453	17
1.22453	17
1.22453	17
1.22453	17
1.22459	17
1.22508	17
1.2284	17
1.2284	17
1.2284	17
1.2284	17
1.22845	17
1.22861	17
1.23807	17
1.23807	17
1.23807	17
1.23854	17
1.24223	17
1.24223	17
1.24224	17
1.24292	17
1.24352	17
1.24352	17
1.2455	17
1.2455	17
1.2455	17
1.2486	17
1.25218	17
1.25218	17
1.25218	17
1.25218	17
1.25219	17
1.25219	17
1.2522	17
1.2607	17
1.2607	17
1.26072	17
1.26507	17
1.26797	17
1.26797	17
1.26797	17
1.27127	17
1.27127	17
1.27127	17
1.27127	17
1.27427	17
1.27428	17
1.27428	17
1.27428	17
1.27534	17
1.27535	17
1.27535	17
1.27535	17
1.27771	17
1.27771	17
1.27771	17
1.27772	17
1.28348	17
1.28348	17
1.28348	17
1.29134	17
1.29134	17
1.29704	17
1.29704	17
1.29705	17
1.29705	17
1.30443	17
1.30443	17
1.30443	17
1.30443	17
1.30443	17
1.30459	17
1.30763	17
1.30763	17
1.30763	17
1.30763	17
1.31192	17
1.31192	17
1.31193	17
1.31193	17
1.31332	17
1.32399	17
1.32399	17
1.32399	17
1.32399	17
1.32399	17
1.32532	17
1.32535	17
1.33101	17
1.33101	17
1.33101	17
1.33101	17
1.33101	17
1.33556	17
1.33557	17
1.33839	17
1.33839	17
1.33839	17
1.3384	17
1.33843	17
1.33877	17
1.33877	17
1.33877	17
1.33965	17
1.33965	17
1.33966	17
1.33967	17
1.34294	17
1.35492	17
1.35492	17
1.35492	17
1.35492	17
1.35492	17
1.35493	17
1.36257	17
1.36257	17
1.36257	17
1.36257	17
1.36257	17
1.36289	17
1.36289	17
1.3629	17
1.3629	17
1.36967	17
1.37315	17
1.37315	17
1.37315	17
1.37315	17
1.37541	17
1.37541	17
1.37541	17
1.37541	17
1.37712	17
1.37712	17
1.37713	17
1.37839	17
1.38347	17
1.38348	17
1.38348	17
1.3835	17
1.39356	17
1.39357	17
1.39357	17
1.39385	17
1.39385	17
1.39386	17
1.39386	17
1.39491	17
1.39491	17
1.39492	17
1.39494	17
1.3973	17
1.39731	17
1.40294	17
1.40294	17
1.40294	17
1.40294	17
1.40296	17
1.40301	17
1.40301	17
1.40302	17
1.41129	17
1.41129	17
1.4113	17
1.4113	17
1.4113	17
1.41205	17
1.41551	17
1.41551	17
1.41552	17
1.41731	17
1.41732	17
1.41737	17
1.42076	17
1.42076	17
1.42077	17
1.42079	17
1.42672	17
1.42803	17
1.42803	17
1.42803	17
1.42804	17
1.42805	17
1.42964	17
1.4342	17
1.4342	17
1.4342	17
1.43421	17
1.43421	17
1.43421	17
1.43421	17
1.43421	17
1.43667	17
1.43667	17
1.43667	17
1.4403	17
1.4403	17
1.44988	17
1.44988	17
1.4499	17
1.45002	17
1.45353	17
1.45358	17
1.45358	17
1.45962	17
1.45962	17
1.45962	17
1.46904	17
1.46905	17
1.46905	17
1.46905	17
1.46905	17
1.46905	17
1.46907	17
1.47518	17
1.47518	17
1.47519	17
1.47519	17
1.4752	17
1.47521	17
1.47666	17
1.47666	17
1.47667	17
1.47667	17
1.47819	17
1.47819	17
1.47929	17
1.4793	17
1.47931	17
1.48242	17
1.48243	17
1.48244	17
1.48505	17
1.48505	17
1.48505	17
1.48505	17
1.48505	17
1.48506	17
1.48567	17
1.48567	17
1.48568	17
1.48568	17
1.48583	17
1.48585	17
1.48586	17
1.49443	17
1.49444	17
1.49445	17
1.50558	17
1.50558	17
1.50558	17
1.50559	17
1.5056	17
1.50561	17
1.50561	17
1.50987	17
1.50987	17
1.50987	17
1.50988	17
1.50988	17
1.51431	17
1.51502	17
1.51502	17
1.51503	17
1.51716	17
1.51717	17
1.51718	17
1.51759	17
1.51759	17
1.51759	17
1.5187	17
1.5187	17
1.5187	17
1.51871	17
1.52126	17
1.52127	17
1.52127	17
1.5214	17
1.52465	17
1.52465	17
1.52465	17
1.52493	17
1.52729	17
1.5273	17
1.52947	17
1.52947	17
1.52947	17
1.53524	17
1.53524	17
1.53524	17
1.53525	17
1.53528	17
1.53919	17
1.5392	17
1.5392	17
1.53923	17
1.54478	17
1.54771	17
1.55118	17
1.55118	17
1.55118	17
1.55118	17
1.55118	17
1.5512	17
1.55128	17
1.55702	17
1.55702	17
1.55702	17
1.55702	17
1.55977	17
1.55978	17
1.55979	17
1.56138	17
1.56139	17
1.56254	17
1.56555	17
1.56555	17
1.56555	17
1.56556	17
1.56556	17
1.56556	17
1.56678	17
1.56679	17
1.5668	17
1.5694	17
1.56942	17
1.56966	17
1.57109	17
1.57511	17
1.57511	17
1.57512	17
1.57512	17
1.5752	17
1.58239	17
1.5824	17
1.58287	17
1.58287	17
1.6009	17
1.6009	17
1.60091	17
1.60091	17
1.60091	17
1.60092	17
1.60168	17
1.60377	17
1.60377	17
1.60379	17
1.60814	17
1.60814	17
1.60814	17
1.60815	17
1.61204	17
1.61206	17
1.6174	17
1.6174	17
1.61744	17
1.62195	17
1.62198	17
1.62198	17
1.62354	17
1.62354	17
1.62355	17
1.62952	17
1.62952	17
1.62955	17
1.62957	17
1.62975	17
1.63064	17
1.63064	17
1.63064	17
1.63064	17
1.63064	17
1.63064	17
1.63065	17
1.63066	17
1.63211	17
1.63417	17
1.63417	17
1.63417	17
1.63417	17
1.63418	17
1.63419	17
1.6351	17
1.63512	17
1.63618	17
1.63619	17
1.6362	17
1.64141	17
1.64141	17
1.64144	17
1.64524	17
1.64524	17
1.64525	17
1.65314	17
1.65455	17
1.65457	17
1.65557	17
1.65557	17
1.65558	17
1.65559	17
1.65823	17
1.65823	17
1.65823	17
1.65823	17
1.65824	17
1.65824	17
1.65825	17
1.6586	17
1.6586	17
1.65861	17
1.67068	17
1.67069	17
1.67069	17
1.67071	17
1.67413	17
1.67413	17
1.67415	17
1.67416	17
1.6834	17
1.6834	17
1.6834	17
1.68341	17
1.68441	17
1.68687	17
1.68688	17
1.68689	17
1.68689	17
1.68898	17
1.69044	17
1.69044	17
1.69044	17
1.69525	17
1.69525	17
1.69525	17
1.69525	17
1.69525	17
1.69525	17
1.69638	17
1.69639	17
1.69641	17
1.69764	17
1.69764	17
1.69768	17
1.70613	17
1.70613	17
1.70943	17
1.70943	17
1.70944	17
1.70944	17
1.71201	17
1.71201	17
1.71201	17
1.71201	17
1.71201	17
1.71207	17
1.71323	17
1.71323	17
1.71324	17
1.718	17
1.718	17
1.718	17
1.718	17
1.71805	17
1.72081	17
1.72081	17
1.72081	17
1.72084	17
1.72087	17
1.72087	17
1.72087	17
1.72087	17
1.72119	17
1.72119	17
1.72119	17
1.72126	17
1.7216	17
1.7216	17
1.72162	17
1.72163	17
1.72728	17
1.72728	17
1.72729	17
1.72741	17
1.73054	17
1.73054	17
1.73055	17
1.73055	17
1.73061	17
1.73498	17
1.73498	17
1.73503	17
1.73622	17
1.73623	17
1.73632	17
1.74964	17
1.74964	17
1.74965	17
1.74965	17
1.74965	17
1.74965	17
1.74965	17
1.74975	17
1.75155	17
1.75156	17
1.75156	17
1.75156	17
1.75156	17
1.75918	17
1.76042	17
1.76043	17
1.76044	17
1.76273	17
1.76275	17
1.7648	17
1.7648	17
1.76481	17
1.7663	17
1.76637	17
1.76839	17
1.76843	17
1.7704	17
1.7704	17
1.77041	17
1.77051	17
1.77052	17
1.77053	17
1.77104	17
1.77603	17
1.77603	17
1.77604	17
1.77642	17
1.77642	17
1.77642	17
1.78233	17
1.78233	17
1.78233	17
1.78233	17
1.78233	17
1.78235	17
1.78519	17
1.7852	17
1.78522	17
1.78933	17
1.78933	17
1.78933	17
1.78934	17
1.78936	17
1.79505	17
1.79505	17
1.79505	17
1.79506	17
1.79511	17
1.79647	17
1.79649	17
1.79653	17
1.80372	17
1.80372	17
1.80372	17
1.80731	17
1.80731	17
1.80731	17
1.80733	17
1.81719	17
1.81719	17
1.8172	17
1.82099	17
1.82099	17
1.821	17
1.821	17
1.82108	17
1.82114	17
1.82115	17
1.82116	17
1.82725	17
1.82787	17
1.82787	17
1.82788	17
1.82869	17
1.82869	17
1.82869	17
1.83076	17
1.83762	17
1.83763	17
1.83764	17
1.84175	17
1.84176	17
1.84179	17
1.84326	17
1.85059	17
1.8506	17
1.8506	17
1.8506	17
1.8506	17
1.85062	17
1.8558	17
1.85581	17
1.85581	17
1.856	17
1.85674	17
1.85674	17
1.8569	17
1.85975	17
1.85976	17
1.85988	17
1.86274	17
1.86716	17
1.86717	17
1.86717	17
1.86717	17
1.86849	17
1.8685	17
1.8685	17
1.8685	17
1.86854	17
1.86873	17
1.86873	17
1.86874	17
1.86883	17
1.8723	17
1.8723	17
1.87238	17
1.87688	17
1.87688	17
1.88478	17
1.88479	17
1.89457	17
1.89457	17
1.89457	17
1.90411	17
1.90411	17
1.90411	17
1.90411	17
1.90411	17
1.90412	17
1.90449	17
1.90449	17
1.90449	17
1.92271	17
1.92271	17
1.92272	17
1.92273	17
1.92554	17
1.92554	17
1.92554	17
1.92554	17
1.92583	17
1.92592	17
1.92767	17
1.92768	17
1.92768	17
1.93913	17
1.93913	17
1.93913	17
1.93913	17
1.93914	17
1.93967	17
1.93967	17
1.93968	17
1.94394	17
1.94394	17
1.94394	17
1.95136	17
1.95137	17
1.95137	17
1.95137	17
1.95137	17
1.95175	17
1.95288	17
1.95289	17
1.9529	17
1.95312	17
1.96129	17
1.96129	17
1.96161	17
1.96374	17
1.96374	17
1.96375	17
1.96387	17
1.96428	17
1.96428	17
1.96493	17
1.96621	17
1.96622	17
1.96625	17
1.96769	17
1.9677	17
1.9677	17
1.98042	17
1.98042	17
1.98042	17
1.98429	17
1.98429	17
1.98501	17
1.98502	17
1.98502	17
1.98503	17
1.99561	17
1.99561	17
1.99561	17
1.99561	17
1.99562	17
1.99562	17
1.99562	17
1.99763	17
1.99764	17
1.99764	17
2.00729	17
2.0073	17
2.0073	17
2.01189	17
2.01189	17
2.0119	17
2.01191	17
2.01829	17
2.01829	17
2.01829	17
2.01829	17
2.0183	17
2.01853	17
2.01853	17
2.01854	17
2.01854	17
2.01892	17
2.01892	17
2.01893	17
2.02183	17
2.02183	17
2.02184	17
2.02846	17
2.02846	17
2.02846	17
2.03385	17
2.03385	17
2.04076	17
2.04076	17
2.04076	17
2.04076	17
2.05849	17
2.05849	17
2.05849	17
2.05849	17
2.05849	17
2.07222	17
2.07222	17
2.07222	17
2.07223	17
2.07223	17
2.07746	17
2.07747	17
2.07934	17
2.07934	17
2.07935	17
2.07935	17
2.08	17
2.08	17
2.08002	17
2.08003	17
2.08629	17
2.08629	17
2.08629	17
2.08629	17
2.08783	17
2.09566	17
2.09567	17
2.09569	17
2.09886	17
2.09886	17
2.09886	17
2.09887	17
2.09887	17
2.09887	17
2.10438	17
2.10439	17
2.10439	17
2.10442	17
2.11802	17
2.11803	17
2.11803	17
2.11803	17
2.11803	17
2.11804	17
2.12815	17
2.12815	17
2.12815	17
2.12816	17
2.12858	17
2.13243	17
2.13243	17
2.13244	17
2.13246	17
2.155	17
2.155	17
2.155	17
2.155	17
2.155	17
2.15501	17
2.15501	17
2.16296	17
2.16296	17
2.16297	17
2.16297	17
2.16298	17
2.16817	17
2.16818	17
2.16819	17
2.16819	17
2.16887	17
2.16887	17
2.17175	17
2.17175	17
2.17175	17
2.17176	17
2.17408	17
2.17409	17
2.17602	17
2.17602	17
2.17602	17
2.18468	17
2.18469	17
2.18469	17
2.18831	17
2.18831	17
2.18831	17
2.18833	17
2.19101	17
2.19101	17
2.19101	17
2.19101	17
2.19774	17
2.19775	17
2.19776	17
2.19776	17
2.20588	17
2.20588	17
2.20589	17
2.2059	17
2.21276	17
2.21276	17
2.21276	17
2.21276	17
2.21276	17
2.21277	17
2.2155	17
2.21551	17
2.21551	17
2.21551	17
2.21873	17
2.21902	17
2.21902	17
2.21903	17
2.22251	17
2.22251	17
2.22251	17
2.22251	17
2.22252	17
2.23614	17
2.23615	17
2.23615	17
2.24295	17
2.24295	17
2.24295	17
2.24297	17
2.24299	17
2.24536	17
2.247	17
2.247	17
2.247	17
2.24701	17
2.25062	17
2.25062	17
2.25062	17
2.25063	17
2.25063	17
2.26005	17
2.26005	17
2.26006	17
2.26007	17
2.26173	17
2.26174	17
2.26174	17
2.2753	17
2.2753	17
2.2753	17
2.2753	17
2.2753	17
2.27585	17
2.27586	17
2.27587	17
2.27966	17
2.27966	17
2.27966	17
2.28064	17
2.28065	17
2.28065	17
2.28236	17
2.28237	17
2.28238	17
2.28357	17
2.28361	17
2.28367	17
2.28485	17
2.28486	17
2.28486	17
2.28487	17
2.29067	17
2.2956	17
2.2956	17
2.29563	17
2.32926	17
2.32926	17
2.32926	17
2.32926	17
2.32926	17
2.32926	17
2.32926	17
2.32926	17
2.32926	17
2.33663	17
2.33663	17
2.33664	17
2.33669	17
2.33856	17
2.34012	17
2.34012	17
2.37432	17
2.37432	17
2.37432	17
2.37432	17
2.37432	17
2.37433	17
2.37433	17
2.37433	17
2.37434	17
2.37435	17
2.41133	17
2.41133	17
2.41134	17
2.41134	17
2.41134	17
2.41134	17
2.41135	17
2.41912	17
2.41912	17
2.41912	17
2.41913	17
2.41914	17
2.41914	17
2.42213	17
2.42214	17
2.42215	17
2.42538	17
2.42538	17
2.42538	17
2.42538	17
2.42589	17
2.4259	17
2.43986	17
2.43986	17
2.43986	17
2.43987	17
2.44751	17
2.44751	17
2.44752	17
2.44752	17
2.45936	17
2.45936	17
2.45936	17
2.45937	17
2.46183	17
2.46183	17
2.46184	17
2.46451	17
2.46452	17
2.46455	17
2.46462	17
2.47519	17
2.47519	17
2.47519	17
2.47519	17
2.47519	17
2.4752	17
2.47703	17
2.47704	17
2.47704	17
2.47704	17
2.4774	17
2.48001	17
2.48002	17
2.48002	17
2.48002	17
2.48005	17
2.49184	17
2.49184	17
2.49184	17
2.49185	17
2.49185	17
2.49186	17
2.49205	17
2.49926	17
2.49926	17
2.4993	17
2.50679	17
2.50679	17
2.50679	17
2.50679	17
2.50679	17
2.50679	17
2.50681	17
2.51106	17
2.51106	17
2.51106	17
2.51932	17
2.51933	17
2.51933	17
2.51934	17
2.51935	17
2.52194	17
2.52194	17
2.52194	17
2.52195	17
2.5252	17
2.52521	17
2.52525	17
2.52607	17
2.5261	17
2.5261	17
2.52687	17
2.52688	17
2.52688	17
2.52691	17
2.5401	17
2.5401	17
2.5401	17
2.5401	17
2.5492	17
2.54921	17
2.54921	17
2.55067	17
2.55067	17
2.55067	17
2.55067	17
2.55996	17
2.55996	17
2.55996	17
2.55997	17
2.56092	17
2.56093	17
2.56093	17
2.56103	17
2.56103	17
2.56105	17
2.565	17
2.56501	17
2.56501	17
2.56503	17
2.56829	17
2.56829	17
2.5683	17
2.5683	17
2.56832	17
2.56926	17
2.56928	17
2.56928	17
2.58426	17
2.58427	17
2.58427	17
2.58428	17
2.58429	17
2.58429	17
2.59151	17
2.59153	17
2.60592	17
2.60592	17
2.60592	17
2.60592	17
2.60593	17
2.60948	17
2.60948	17
2.60948	17
2.6095	17
2.61705	17
2.61705	17
2.61706	17
2.61707	17
2.62194	17
2.62198	17
2.62601	17
2.62602	17
2.62603	17
2.63497	17
2.63498	17
2.63499	17
2.63501	17
2.65058	17
2.65058	17
2.65059	17
2.65059	17
2.65059	17
2.66133	17
2.66134	17
2.66134	17
2.66134	17
2.66134	17
2.66862	17
2.66862	17
2.66862	17
2.66864	17
2.66946	17
2.66946	17
2.66946	17
2.66947	17
2.68333	17
2.68333	17
2.68333	17
2.68334	17
2.68334	17
2.68334	17
2.68337	17
2.68807	17
2.68807	17
2.68807	17
2.68808	17
2.69007	17
2.69007	17
2.69009	17
2.69805	17
2.69805	17
2.69806	17
2.69944	17
2.69944	17
2.69946	17
2.706	17
2.70601	17
2.70601	17
2.70602	17
2.71231	17
2.71231	17
2.71232	17
2.71232	17
2.71233	17
2.715	17
2.715	17
2.71512	17
2.71547	17
2.71673	17
2.71673	17
2.71673	17
2.71886	17
2.71892	17
2.72065	17
2.72067	17
2.7207	17
2.72671	17
2.72671	17
2.72674	17
2.73962	17
2.73963	17
2.73963	17
2.73964	17
2.73965	17
2.73965	17
2.73965	17
2.73965	17
2.73966	17
2.73969	17
2.74763	17
2.74764	17
2.74765	17
2.74767	17
2.75035	17
2.75036	17
2.76031	17
2.76031	17
2.76032	17
2.76569	17
2.76569	17
2.7657	17
2.7657	17
2.76571	17
2.76572	17
2.78096	17
2.78096	17
2.78096	17
2.78096	17
2.78096	17
2.78378	17
2.78378	17
2.78796	17
2.78796	17
2.78797	17
2.78808	17
2.79862	17
2.79862	17
2.79862	17
2.79863	17
2.80589	17
2.80593	17
2.80831	17
2.80832	17
2.80834	17
2.81067	17
2.81068	17
2.81074	17
2.81302	17
2.81957	17
2.81958	17
2.81959	17
2.81969	17
2.82003	17
2.82003	17
2.82005	17
2.82778	17
2.82778	17
2.82779	17
2.82779	17
2.82779	17
2.8278	17
2.82781	17
2.82781	17
2.84403	17
2.84404	17
2.84404	17
2.84405	17
2.86813	17
2.86813	17
2.86813	17
2.86815	17
2.86816	17
2.86939	17
2.86939	17
2.86949	17
2.87619	17
2.87619	17
2.87619	17
2.8762	17
2.87623	17
2.87663	17
2.87663	17
2.87664	17
2.87664	17
2.87667	17
2.90009	17
2.90009	17
2.9001	17
2.90276	17
2.90277	17
2.90277	17
2.90279	17
2.9336	17
2.9336	17
2.9336	17
2.93361	17
2.93361	17
2.93362	17
2.93362	17
2.93569	17
2.93569	17
2.9357	17
2.93652	17
2.93653	17
2.9366	17
2.96557	17
2.96557	17
2.96557	17
2.96557	17
2.96557	17
2.96557	17
2.96557	17
2.96737	17
2.96737	17
2.96737	17
2.96739	17
2.96739	17
2.97946	17
2.97947	17
2.97947	17
2.97947	17
2.97949	17
2.97949	17
2.996	17
2.99601	17
2.99602	17
3.01791	17
3.01791	17
3.01791	17
3.01792	17
3.01792	17
3.01792	17
3.01793	17
3.01796	17
3.02196	17
3.02196	17
3.02196	17
3.02198	17
3.02431	17
3.02432	17
3.02487	17
3.02509	17
3.02517	17
3.026	17
3.026	17
3.02601	17
3.02602	17
3.04552	17
3.04552	17
3.04552	17
3.04552	17
3.04553	17
3.04554	17
3.05718	17
3.05719	17
3.0572	17
3.06039	17
3.06039	17
3.06039	17
3.06039	17
3.06041	17
3.06044	17
3.06325	17
3.06325	17
3.06326	17
3.0633	17
3.06398	17
3.06399	17
3.06401	17
3.06403	17
3.06438	17
3.06438	17
3.06439	17
3.06439	17
3.0646	17
3.0746	17
3.07461	17
3.07462	17
3.07464	17
3.08002	17
3.08002	17
3.08002	17
3.08003	17
3.08125	17
3.08126	17
3.08126	17
3.08128	17
3.08453	17
3.08453	17
3.08454	17
3.08455	17
3.08771	17
3.08771	17
3.08773	17
3.08782	17
3.089	17
3.09069	17
3.09081	17
3.11489	17
3.11489	17
3.11489	17
3.11489	17
3.1149	17
3.11501	17
3.11646	17
3.11646	17
3.14867	17
3.14867	17
3.14868	17
3.14868	17
3.14869	17
3.14869	17
3.14869	17
3.15277	17
3.15277	17
3.15277	17
3.15282	17
3.16034	17
3.16034	17
3.16034	17
3.16036	17
3.17667	17
3.17668	17
3.17668	17
3.17668	17
3.17668	17
3.17839	17
3.17839	17
3.17843	17
3.24215	17
3.24215	17
3.24215	17
3.24215	17
3.24216	17
3.24219	17
3.24221	17
3.24373	17
3.24374	17
3.24377	17
3.24459	17
3.24459	17
3.24459	17
3.24492	17
3.24537	17
3.24538	17
3.24538	17
3.24921	17
3.24922	17
3.24922	17
3.25115	17
3.25115	17
3.25115	17
3.25115	17
3.25116	17
3.26337	17
3.26338	17
3.26338	17
3.26338	17
3.2634	17
3.27984	17
3.27984	17
3.27984	17
3.27984	17
3.27986	17
3.28006	17
3.28006	17
3.28006	17
3.28462	17
3.28462	17
3.28462	17
3.28463	17
3.28464	17
3.29439	17
3.29439	17
3.29439	17
3.29451	17
3.33018	17
3.33018	17
3.33018	17
3.33018	17
3.33018	17
3.33019	17
3.33019	17
3.33025	17
3.34043	17
3.34044	17
3.34045	17
3.34069	17
3.35077	17
3.35077	17
3.35081	17
3.35506	17
3.35506	17
3.35507	17
3.35509	17
3.36233	17
3.36233	17
3.36233	17
3.36235	17
3.36241	17
3.3791	17
3.37911	17
3.37911	17
3.37911	17
3.37912	17
3.37914	17
3.38145	17
3.38146	17
3.38148	17
3.3815	17
3.38459	17
3.38465	17
3.38484	17
3.40216	17
3.40216	17
3.40217	17
3.40217	17
3.40219	17
3.40221	17
3.40307	17
3.40312	17
3.40328	17
3.40715	17
3.40715	17
3.40716	17
3.41279	17
3.41279	17
3.4128	17
3.41286	17
3.4152	17
3.4152	17
3.41522	17
3.42557	17
3.42561	17
3.43487	17
3.43487	17
3.43487	17
3.43488	17
3.43488	17
3.43492	17
3.43501	17
3.75893	17
3.75893	17
3.75893	17
3.75893	17
3.75894	17
3.75895	17
3.75927	17
3.76964	17
3.76964	17
3.76968	17
3.76968	17
4.275	17
4.27501	17
4.27502	17
4.27503	17
4.27504	17
4.27515	17
4.27532	17
4.27612	17
4.27613	17
4.27614	17
4.28333	17
4.28333	17
4.28333	17
4.28333	17
4.28334	17
4.28335	17
4.34389	17
4.34389	17
4.34389	17
4.34389	17
4.3439	17
4.3439	17
4.344	17
4.34761	17
4.34762	17
4.34763	17
4.34829	17
4.34829	17
4.34873	17
4.3569	17
4.3569	17
4.3569	17
4.35691	17
4.357	17
4.37295	17
4.37295	17
4.37295	17
4.37296	17
4.37296	17
4.37296	17
4.37296	17
4.37299	17
4.40176	17
4.40176	17
4.40176	17
4.40177	17
4.40177	17
4.40178	17
4.51932	17
4.51932	17
4.51933	17
4.51934	17
4.51935	17
4.51945	17
4.51955	17
4.52285	17
4.52571	17
4.52571	17
4.52571	17
4.5258	17
4.53342	17
4.53342	17
4.53343	17
4.53343	17
4.53344	17
4.53345	17
4.58048	17
4.58048	17
4.58048	17
4.58048	17
4.5805	17
4.5805	17
4.58053	17
4.58059	17
4.58459	17
4.58459	17
4.58459	17
4.6063	17
4.60631	17
4.60631	17
4.60636	17
4.61109	17
4.6111	17
4.6111	17
4.61113	17
4.6112	17
4.61146	17
4.61194	17
4.61195	17
4.61207	17
4.66643	17
4.66643	17
4.66644	17
4.66644	17
4.66644	17
4.66646	17
4.66648	17
4.66654	17
4.66659	17
4.69298	17
4.69299	17
4.693	17
4.6932	17
4.69411	17
4.70657	17
4.70657	17
4.70657	17
4.70657	17
4.70659	17
4.70662	17
4.71487	17
4.71487	17
4.71487	17
4.71498	17
4.72326	17
4.72327	17
4.72328	17
4.72335	17
4.72374	17
4.72375	17
4.72375	17
4.72377	17
4.73521	17
4.73522	17
4.73522	17
4.73525	17
4.73538	17
4.84705	17
4.84705	17
4.84706	17
4.84709	17
4.8471	17
4.8472	17
4.86372	17
4.86374	17
4.88213	17
4.88213	17
4.88214	17
4.88214	17
4.88216	17
4.88219	17
4.88233	17
4.88238	17
5.16576	17
5.16576	17
5.16576	17
5.16578	17
5.16582	17
5.16591	17
5.16601	17
5.17777	17
5.17777	17
5.17777	17
5.17778	17
5.17805	17
5.18437	17
5.18439	17
5.1844	17
5.18753	17
5.18753	17
5.18754	17
5.18764	17
5.37742	17
5.37743	17
5.37744	17
5.37746	17
5.37747	17
5.37748	17
5.37756	17
5.38725	17
5.38773	17
5.38781	17
5.38785	17
5.38799	17
5.44997	17
5.44998	17
5.44998	17
5.45002	17
5.45007	17
5.45052	17
5.45067	17
5.47103	17
5.47104	17
5.47104	17
5.47114	17
5.47115	17
5.48275	17
5.48275	17
5.48276	17
5.48276	17
5.48276	17
5.48286	17
5.48286	17
5.64303	17
5.64304	17
5.64304	17
5.64305	17
5.64311	17
5.64325	17
5.64335	17
5.66661	17
5.66661	17
5.66662	17
5.66662	17
5.66666	17
5.70658	17
5.70658	17
5.70659	17
5.70661	17
5.70661	17
5.70661	17
5.70698	17
5.72248	17
5.72249	17
5.72249	17
5.7225	17
5.72285	17
5.81661	17
5.81661	17
5.81661	17
5.81663	17
5.81663	17
5.81669	17
5.81687	17
5.86018	17
5.86019	17
5.86019	17
5.8602	17
5.8602	17
5.86025	17
5.8603	17
5.9541	17
5.9541	17
5.95412	17
5.95414	17
5.95418	17
5.95435	17
5.96282	17
6.24665	17
6.24665	17
6.24665	17
6.24667	17
6.24669	17
6.24687	17
6.24688	17
6.24797	17
6.36426	17
6.36429	17
6.3643	17
6.36433	17
6.36436	17
6.36438	17
6.36441	17
6.36447	17
6.77086	17
6.77087	17
6.77087	17
6.77088	17
6.77088	17
6.77089	17
6.77111	17
6.88998	17
6.88999	17
6.89	17
6.89001	17
6.89003	17
6.89023	17
6.89024	17
7.00568	17
7.00569	17
7.00571	17
7.00572	17
7.00574	17
7.00593	17
7.00609	17
7.00919	17
7.10012	17
7.10015	17
7.10016	17
7.10016	17
7.10019	17
7.10021	17
7.10083	17
7.1011	17
7.10307	17
7.10309	17
7.10315	17
7.1037	17
7.26861	17
7.26861	17
7.26862	17
7.26865	17
7.26865	17
7.26865	17
7.26906	17
7.48291	17
7.48291	17
7.48291	17
7.48292	17
7.48295	17
7.48316	17
7.50964	17
7.50965	17
7.50967	17
7.5097	17
7.50974	17
7.50976	17
7.51036	17
7.62582	17
7.62582	17
7.62583	17
7.62584	17
7.62589	17
7.62592	17
7.6263	17
7.82466	17
7.82466	17
7.82467	17
7.82469	17
7.8247	17
7.82482	17
7.83165	17
7.83183	17
7.83239	17
7.83246	17
7.83249	17
7.83272	17
7.83282	17
8.09911	17
8.09912	17
8.09912	17
8.09912	17
8.09913	17
8.09916	17
8.10027	17
8.20283	17
8.20284	17
8.20285	17
8.20286	17
8.20286	17
8.2031	17
8.20342	17
8.67247	17
8.67248	17
8.67249	17
8.6725	17
8.67255	17
8.67257	17
8.67258	17
8.67263	17
8.99095	17
8.99095	17
8.99096	17
8.99097	17
8.99099	17
8.99103	17
9.37799	17
9.378	17
9.37802	17
9.37803	17
9.37805	17
9.37815	17
9.37832	17
9.37844	17
9.4178	17
9.4178	17
9.41782	17
9.41783	17
9.41784	17
9.42137	17
9.50352	17
9.50352	17
9.50352	17
9.50352	17
9.50356	17
9.50381	17
9.50382	17
9.50382	17
9.51495	17
9.51496	17
9.51526	17
9.51564	17
9.59218	17
9.59218	17
9.59219	17
9.5922	17
9.59226	17
9.59257	17
9.59268	17
9.69862	17
9.69862	17
9.69865	17
9.69865	17
9.69867	17
9.69872	17
9.69918	17
9.69926	17
9.6993	17
9.6993	17
9.6993	17
9.69953	17
10.0244	17
10.0244	17
10.0244	17
10.0244	17
10.0244	17
10.025	17
10.025	17
10.2791	17
10.2791	17
10.2791	17
10.2791	17
10.2791	17
10.2794	17
10.2796	17
10.6744	17
10.6744	17
10.6744	17
10.6744	17
10.6744	17
10.6745	17
10.6747	17
10.675	17
10.7086	17
10.7086	17
10.7086	17
10.7086	17
10.7087	17
10.7095	17
11.427	17
11.427	17
11.4271	17
11.4271	17
11.4271	17
11.4271	17
11.4272	17
11.4272	17
11.4284	17
11.4304	17
11.4304	17
11.4304	17
11.7665	17
11.7665	17
11.7665	17
11.7665	17
11.7666	17
11.7667	17
11.767	17
12.4775	17
12.4775	17
12.4775	17
12.4776	17
12.4776	17
12.4783	17
12.4785	17
13.0073	17
13.0073	17
13.0073	17
13.0074	17
13.0074	17
13.0088	17
13.009	17
13.2912	17
13.2912	17
13.2912	17
13.2912	17
13.2912	17
13.3489	17
13.3489	17
13.3489	17
13.3489	17
13.3489	17
13.3489	17
13.349	17
13.3492	17
13.4808	17
13.4808	17
13.4808	17
13.4808	17
13.4808	17
13.4809	17
13.4809	17
13.5713	17
13.5713	17
13.5713	17
13.5713	17
13.5714	17
13.5717	17
13.5717	17
13.5718	17
13.628	17
13.628	17
13.628	17
13.628	17
13.6281	17
13.6282	17
13.6285	17
13.9262	17
13.9262	17
13.9263	17
13.9263	17
13.9263	17
13.9264	17
13.9265	17
13.9535	17
13.9535	17
13.9535	17
13.9535	17
13.9537	17
13.9539	17
14.2041	17
14.2041	17
14.2041	17
14.2041	17
14.2042	17
14.2043	17
14.2046	17
14.4575	17
14.4575	17
14.4575	17
14.4576	17
14.4576	17
14.4577	17
14.4925	17
14.4925	17
14.4925	17
14.4925	17
14.4925	17
14.4926	17
14.4926	17
14.4927	17
14.5134	17
14.5382	17
14.5382	17
14.5382	17
14.5382	17
14.5382	17
14.5382	17
14.5383	17
14.5393	17
14.5393	17
15.0158	17
15.0158	17
15.0158	17
15.0158	17
15.0158	17
15.0162	17
15.0163	17
15.2019	17
15.2019	17
15.2019	17
15.2019	17
15.202	17
15.421	17
15.421	17
15.421	17
15.421	17
15.421	17
15.4211	17
15.4218	17
15.5425	17
15.5425	17
15.5425	17
15.5425	17
15.5425	17
15.5425	17
15.573	17
15.573	17
15.573	17
15.573	17
15.573	17
15.5732	17
15.62	17
15.62	17
15.62	17
15.62	17
15.62	17
15.6205	17
15.798	17
15.798	17
15.7981	17
15.7981	17
15.7981	17
15.9069	17
15.9069	17
15.907	17
15.907	17
15.907	17
15.907	17
15.907	17
15.9073	17
15.9073	17
15.9074	17
15.9423	17
15.9423	17
15.9423	17
15.9423	17
15.9423	17
15.9425	17
15.9427	17
16.4952	17
16.4952	17
16.4953	17
16.4953	17
16.4953	17
16.4956	17
16.4956	17
16.7704	17
16.7704	17
16.7704	17
16.7704	17
16.7705	17
16.7705	17
16.7716	17
16.8296	17
16.8296	17
16.8296	17
16.8296	17
16.8296	17
16.8483	17
16.8483	17
16.8876	17
16.8876	17
16.8876	17
16.8877	17
16.8877	17
16.888	17
16.8882	17
16.8883	17
16.8885	17
17.1003	17
17.1003	17
17.1003	17
17.1003	17
17.1003	17
17.2918	17
17.2918	17
17.2918	17
17.2919	17
17.2919	17
17.2919	17
17.292	17
17.2928	17
17.3743	17
17.3743	17
17.3743	17
17.3743	17
17.3743	17
17.3743	17
17.3744	17
17.3745	17
17.3937	17
17.3937	17
17.3937	17
17.3942	17
17.4689	17
17.4689	17
17.4689	17
17.4689	17
17.4689	17
17.5499	17
17.5499	17
17.5499	17
17.5499	17
17.55	17
17.55	17
17.5512	17
17.5512	17
17.5927	17
17.5927	17
17.5928	17
17.5928	17
17.5928	17
17.593	17
17.5937	17
18.2099	17
18.2099	17
18.2099	17
18.2099	17
18.21	17
18.21	17
18.2102	17
18.2104	17
18.454	17
18.454	17
18.454	17
18.454	17
18.454	17
18.454	17
18.4541	17
18.6145	17
18.6145	17
18.6145	17
18.6145	17
18.6145	17
18.6146	17
18.6147	17
18.9039	17
18.9039	17
18.9039	17
18.9039	17
18.904	17
18.904	17
18.9041	17
18.9649	17
18.9649	17
18.9649	17
18.965	17
18.965	17
18.9656	17
18.9662	17
19.0834	17
19.0834	17
19.0834	17
19.0835	17
19.0835	17
19.0844	17
19.0845	17
19.8244	17
19.8244	17
19.8244	17
19.8244	17
19.8245	17
19.8245	17
19.8246	17
19.8248	17
20.032	17
20.032	17
20.0321	17
20.0321	17
20.0321	17
20.0322	17
20.0326	17
20.0329	17
20.0331	17
20.3858	17
20.3858	17
20.3858	17
20.3858	17
20.3859	17
20.3861	17
20.3862	17
20.472	17
20.472	17
20.472	17
20.4721	17
20.4721	17
20.4721	17
20.4958	17
20.4958	17
20.4959	17
20.496	17
20.496	17
20.496	17
20.514	17
20.5141	17
20.5177	17
20.5178	17
20.5187	17
20.5193	17
20.5195	17
20.6396	17
20.6396	17
20.6396	17
20.6396	17
20.6396	17
20.6396	17
20.6402	17
20.8123	17
20.8123	17
20.8123	17
20.8123	17
20.8124	17
20.8124	17
20.8127	17
21.0267	17
21.0267	17
21.0267	17
21.0268	17
21.027	17
21.0272	17
21.0273	17
21.2061	17
21.2061	17
21.2061	17
21.2061	17
21.2061	17
21.2062	17
21.2072	17
21.244	17
21.244	17
21.244	17
21.4541	17
21.4541	17
21.4541	17
21.4541	17
21.4541	17
21.4544	17
21.4546	17
21.4547	17
21.5283	17
21.5284	17
21.5284	17
21.5284	17
21.5284	17
21.5289	17
21.5289	17
21.6416	17
21.6416	17
21.6416	17
21.6416	17
21.6417	17
21.6429	17
21.643	17
21.6687	17
21.6687	17
21.6687	17
21.6688	17
21.6689	17
22.1225	17
22.1225	17
22.1225	17
22.1226	17
22.1226	17
22.1226	17
22.1231	17
22.1232	17
22.1551	17
22.1551	17
22.1552	17
22.1552	17
22.1556	17
22.1557	17
22.4936	17
22.4936	17
22.4937	17
22.4937	17
22.4937	17
22.4937	17
22.7728	17
22.7728	17
22.7728	17
22.7728	17
22.7728	17
22.7732	17
22.7733	17
22.7736	17
22.811	17
22.811	17
22.811	17
22.8111	17
22.8959	17
22.8959	17
22.8959	17
22.8959	17
22.896	17
22.896	17
22.8963	17
22.8963	17
22.9672	17
22.9673	17
22.9673	17
22.9673	17
22.9673	17
22.98	17
22.98	17
22.98	17
22.9801	17
22.9802	17
22.981	17
23.334	17
23.334	17
23.334	17
23.334	17
23.3341	17
23.3341	17
23.3344	17
23.3495	17
23.3496	17
23.3499	17
23.4287	17
23.4287	17
23.4287	17
23.4287	17
23.4287	17
23.4287	17
23.4291	17
23.5383	17
23.5383	17
23.5383	17
23.5384	17
23.5384	17
23.539	17
23.54	17
23.6091	17
23.6091	17
23.6091	17
23.6092	17
23.6092	17
23.6092	17
23.6098	17
23.8205	17
23.8205	17
23.8205	17
23.8205	17
23.8205	17
23.9682	17
23.9682	17
23.9682	17
23.9682	17
23.9682	17
23.9683	17
24.471	17
24.471	17
24.471	17
24.471	17
24.4711	17
24.4714	17
24.4911	17
24.4911	17
24.4911	17
24.4916	17
24.5318	17
24.5318	17
24.5318	17
24.5318	17
24.5318	17
24.7187	17
24.7187	17
24.7188	17
24.7188	17
24.7188	17
24.7188	17
24.7189	17
24.72	17
24.7202	17
24.8238	17
24.8238	17
24.8238	17
24.8238	17
24.8239	17
24.824	17
24.8241	17
24.8328	17
24.8328	17
24.8334	17
24.8336	17
25.2803	17
25.2803	17
25.2803	17
25.2803	17
25.2803	17
25.2873	17
25.2874	17
25.2875	17
25.2884	17
25.2888	17
25.4761	17
25.4761	17
25.4761	17
25.4761	17
25.4762	17
26.6651	17
26.6651	17
26.6651	17
26.6651	17
26.6652	17
26.6652	17
26.6658	17
26.6667	17
26.7057	17
26.7057	17
26.7057	17
26.7057	17
26.7057	17
26.7059	17
26.7065	17
26.7065	17
26.7455	17
26.7455	17
26.7455	17
26.7455	17
26.7455	17
26.7455	17
26.7462	17
26.886	17
26.886	17
26.886	17
26.886	17
26.8861	17
27.1619	17
27.1619	17
27.1619	17
27.162	17
27.162	17
27.1622	17
27.1626	17
27.1627	17
27.1978	17
27.1978	17
27.1978	17
27.1978	17
27.1978	17
27.198	17
27.2068	17
27.788	17
27.788	17
27.788	17
27.788	17
27.7882	17
27.7883	17
27.937	17
27.937	17
27.937	17
27.937	17
27.9372	17
27.9372	17
27.9373	17
27.9374	17
27.9375	17
28.0179	17
28.0179	17
28.0179	17
28.0179	17
28.0179	17
28.018	17
28.0181	17
28.408	17
28.408	17
28.408	17
28.408	17
28.4081	17
28.5083	17
28.5083	17
28.5083	17
28.5084	17
28.5084	17
28.5085	17
28.5089	17
28.5093	17
28.69	17
28.69	17
28.69	17
28.69	17
28.69	17
28.6902	17
28.6907	17
28.8335	17
28.8335	17
28.8336	17
28.8336	17
28.8336	17
28.8336	17
28.8342	17
28.864	17
28.864	17
28.8641	17
28.8641	17
28.8641	17
28.8641	17
28.8644	17
28.9614	17
28.9614	17
28.9614	17
28.9614	17
28.9614	17
28.9614	17
28.9619	17
29.3373	17
29.3373	17
29.3373	17
29.3373	17
29.3374	17
29.3973	17
29.3973	17
29.3973	17
29.3973	17
29.3973	17
29.3973	17
29.3973	17
29.3974	17
29.3984	17
29.399	17
29.6901	17
29.6901	17
29.6901	17
29.6901	17
29.6901	17
29.6902	17
29.6906	17
29.7693	17
29.7694	17
29.7694	17
29.7694	17
29.7694	17
29.7695	17
29.7698	17
29.7706	17
29.8585	17
29.8585	17
29.8585	17
29.8585	17
29.8586	17
29.859	17
29.8605	17
29.8621	17
30.0025	17
30.0025	17
30.0025	17
30.0025	17
30.0026	17
30.0027	17
30.0034	17
30.0072	17
30.0074	17
30.0082	17
30.3836	17
30.3836	17
30.3836	17
30.3836	17
30.3836	17
30.4457	17
30.4457	17
30.4457	17
30.4457	17
30.4458	17
30.4458	17
30.6161	17
30.6161	17
30.6161	17
30.6162	17
30.6162	17
30.6163	17
30.6163	17
30.6166	17
30.7966	17
30.7966	17
30.7966	17
30.7967	17
30.7967	17
30.7967	17
30.7969	17
30.7989	17
30.8902	17
30.8903	17
30.8903	17
30.8903	17
30.8903	17
30.9313	17
30.9313	17
30.9314	17
30.9314	17
30.9314	17
30.9315	17
31.605	17
31.605	17
31.605	17
31.605	17
31.605	17
31.6051	17
31.9251	17
31.9251	17
31.9251	17
31.9251	17
31.9252	17
31.9253	17
31.9254	17
31.9256	17
31.9278	17
32.0551	17
32.0551	17
32.0551	17
32.0551	17
32.0552	17
32.0552	17
32.0553	17
32.3785	17
32.3785	17
32.3785	17
32.3786	17
32.3786	17
32.3786	17
32.3788	17
32.3789	17
32.4315	17
32.4315	17
32.4316	17
32.4316	17
32.4317	17
32.4317	17
32.4321	17
32.4423	17
32.4423	17
32.4424	17
32.4426	17
32.5629	17
32.563	17
32.563	17
32.563	17
32.563	17
32.5633	17
32.5679	17
32.9632	17
32.9632	17
32.9633	17
32.9633	17
32.9633	17
32.9635	17
32.964	17
32.9645	17
33.1496	17
33.1496	17
33.1496	17
33.1496	17
33.1496	17
33.1499	17
33.1548	17
33.1548	17
33.7792	17
33.7792	17
33.7792	17
33.7793	17
33.7793	17
33.7794	17
33.7801	17
33.8044	17
33.8044	17
33.8044	17
33.8045	17
33.8093	17
33.8117	17
34.0825	17
34.0825	17
34.0825	17
34.0826	17
34.0826	17
34.193	17
34.193	17
34.193	17
34.193	17
34.193	17
34.1931	17
34.1932	17
34.1975	17
34.2019	17
34.2091	17
34.2921	17
34.2921	17
34.2921	17
34.2921	17
34.2921	17
34.2921	17
34.2922	17
34.3024	17
34.4071	17
34.4071	17
34.4071	17
34.4072	17
34.4074	17
34.4076	17
34.4177	17
34.4375	17
34.4375	17
34.4375	17
34.4376	17
34.438	17
34.5495	17
34.5495	17
34.5495	17
34.5495	17
34.5495	17
34.6177	17
34.6177	17
34.6177	17
34.6178	17
34.6178	17
34.6179	17
34.6181	17
34.6466	17
34.6466	17
34.6466	17
34.6466	17
34.6467	17
34.6634	17
34.6634	17
34.6635	17
34.7104	17
34.7104	17
34.7104	17
34.7104	17
34.7238	17
34.7969	17
34.7969	17
34.7969	17
34.7969	17
34.7969	17
34.7976	17
35.1765	17
35.1765	17
35.1765	17
35.1765	17
35.1766	17
35.1766	17
35.4562	17
35.4562	17
35.4562	17
35.4562	17
35.4562	17
35.4955	17
35.4955	17
35.4955	17
35.4956	17
35.4958	17
35.5739	17
35.5739	17
35.5739	17
35.5739	17
35.574	17
35.574	17
35.5743	17
35.5754	17
35.8875	17
35.8875	17
35.8875	17
35.8875	17
35.8876	17
35.8878	17
35.8878	17
35.8879	17
35.9195	17
35.9195	17
35.9195	17
35.9195	17
35.9196	17
35.9201	17
36.3148	17
36.3148	17
36.3149	17
36.3149	17
36.3149	17
36.315	17
36.315	17
36.3151	17
38.0025	17
38.0025	17
38.0026	17
38.0026	17
38.0026	17
38.0033	17
38.1904	17
38.1904	17
38.1904	17
38.1904	17
38.1904	17
38.1908	17
38.5022	17
38.5023	17
38.5023	17
38.5023	17
38.5023	17
38.5024	17
38.5025	17
38.5994	17
38.5994	17
38.5994	17
38.5994	17
38.5994	17
38.5995	17
38.5996	17
38.965	17
38.965	17
38.965	17
38.965	17
38.965	17
38.9652	17
39.1481	17
39.1481	17
39.1481	17
39.1481	17
39.1481	17
39.1481	17
39.1482	17
40.2082	17
40.2083	17
40.2083	17
40.2083	17
40.2083	17
40.2084	17
40.3617	17
40.3618	17
40.3618	17
40.3618	17
40.3618	17
40.3618	17
40.4242	17
40.4242	17
40.4242	17
40.4242	17
40.4242	17
40.4242	17
40.551	17
40.551	17
40.551	17
40.551	17
40.5511	17
40.5511	17
41.0014	17
41.0014	17
41.0014	17
41.0014	17
41.0014	17
41.0017	17
41.1003	17
41.1003	17
41.1003	17
41.1003	17
41.1004	17
41.599	17
41.599	17
41.599	17
41.599	17
41.599	17
41.599	17
41.6	17
41.6297	17
41.6297	17
41.6297	17
41.7195	17
41.7195	17
41.7195	17
41.7195	17
41.7195	17
41.7196	17
41.7202	17
42.1972	17
42.1972	17
42.1972	17
42.1973	17
42.1974	17
42.1982	17
42.2873	17
42.2873	17
42.2873	17
42.2873	17
42.2873	17
42.2874	17
42.6827	17
42.6827	17
42.6827	17
42.6827	17
42.6828	17
42.6829	17
42.7283	17
42.7283	17
42.7283	17
42.7283	17
42.7287	17
43.1258	17
43.1258	17
43.1258	17
43.1259	17
43.1259	17
43.1259	17
43.1259	17
43.126	17
43.126	17
43.1264	17
43.1819	17
43.1819	17
43.1819	17
43.182	17
43.182	17
43.3989	17
43.3989	17
43.3989	17
43.3989	17
43.3989	17
43.399	17
43.3992	17
43.5552	17
43.5553	17
43.5553	17
43.5553	17
43.5553	17
43.5561	17
43.6139	17
43.6139	17
43.6139	17
43.6139	17
43.614	17
43.614	17
43.6463	17
43.6463	17
43.6464	17
43.6464	17
43.6464	17
43.7488	17
43.7488	17
43.7488	17
43.7489	17
43.7489	17
43.7489	17
43.749	17
43.7664	17
43.7664	17
44.0056	17
44.0056	17
44.0056	17
44.0057	17
44.0057	17
44.0057	17
44.0057	17
44.0061	17
44.26	17
44.26	17
44.26	17
44.26	17
44.2601	17
44.2608	17
44.4902	17
44.4902	17
44.4902	17
44.4902	17
44.4902	17
44.4903	17
44.5172	17
44.5172	17
44.5173	17
44.5173	17
44.5173	17
44.8381	17
44.8381	17
44.8381	17
44.8381	17
44.8381	17
44.8381	17
44.8382	17
44.8387	17
45.1558	17
45.1558	17
45.1558	17
45.1558	17
45.1558	17
45.1558	17
45.2024	17
45.2024	17
45.2024	17
45.2024	17
45.2024	17
45.2025	17
45.2396	17
45.2396	17
45.2396	17
45.2397	17
45.2399	17
45.5304	17
45.5304	17
45.5304	17
45.5304	17
45.5304	17
45.5305	17
45.6815	17
45.6815	17
45.6815	17
45.6816	17
45.6816	17
45.6829	17
46.2992	17
46.2992	17
46.2992	17
46.2993	17
46.2993	17
46.2995	17
46.3007	17
46.3007	17
46.3007	17
46.3748	17
46.3748	17
46.3748	17
46.3748	17
46.3748	17
46.3748	17
46.3859	17
46.3859	17
46.386	17
46.3869	17
46.5701	17
46.5701	17
46.5701	17
46.5701	17
46.5702	17
46.5702	17
46.9234	17
46.9234	17
46.9235	17
46.9235	17
46.9235	17
46.9235	17
47.2247	17
47.2247	17
47.2247	17
47.2247	17
47.2247	17
47.2247	17
47.2248	17
47.3961	17
47.3961	17
47.3961	17
47.3961	17
47.3961	17
47.3966	17
47.5767	17
47.5767	17
47.5767	17
47.5767	17
47.5768	17
47.5771	17
47.5777	17
47.7621	17
47.7621	17
47.7621	17
47.7621	17
47.7621	17
47.7621	17
47.7624	17
47.7879	17
47.788	17
47.8756	17
47.8756	17
47.8757	17
47.8757	17
47.8758	17
47.8758	17
48.1091	17
48.1092	17
48.1092	17
48.1092	17
48.1093	17
48.1093	17
48.1094	17
48.2236	17
48.2236	17
48.2236	17
48.2237	17
48.2237	17
48.451	17
48.451	17
48.451	17
48.451	17
48.4511	17
48.4513	17
48.4514	17
48.6084	17
48.6084	17
48.6084	17
48.6085	17
48.6085	17
48.609	17
48.8391	17
48.8391	17
48.8391	17
48.8391	17
48.8392	17
48.8392	17
49.3394	17
49.3394	17
49.3394	17
49.3394	17
49.3395	17
49.3448	17
49.3448	17
49.3448	17
49.3451	17
49.3456	17
50.0896	17
50.0896	17
50.0896	17
50.0896	17
50.0896	17
50.0897	17
50.4011	17
50.4011	17
50.4011	17
50.4011	17
50.4011	17
50.4012	17
50.7551	17
50.7551	17
50.7551	17
50.7551	17
50.7551	17
51.3221	17
51.3221	17
51.3222	17
51.3222	17
51.3222	17
51.3223	17
51.3226	17
51.4634	17
51.4634	17
51.4634	17
51.4634	17
51.4635	17
51.5274	17
51.5274	17
51.5275	17
51.5275	17
51.5275	17
51.5277	17
51.528	17
51.5847	17
51.5847	17
51.5847	17
51.5847	17
51.5847	17
51.5851	17
51.9362	17
51.9362	17
51.9362	17
51.9362	17
51.9362	17
52.1365	17
52.1366	17
52.1366	17
52.1366	17
52.1366	17
52.1366	17
52.1366	17
52.1389	17
52.1389	17
52.1389	17
52.1771	17
52.1771	17
52.1772	17
52.1772	17
52.1775	17
52.2563	17
52.2563	17
52.2564	17
52.2564	17
52.2564	17
52.2566	17
53.2074	17
53.2074	17
53.2074	17
53.2074	17
53.2074	17
53.4825	17
53.4825	17
53.4825	17
53.4826	17
53.4826	17
53.4826	17
53.4826	17
53.7994	17
53.7994	17
53.7994	17
53.7994	17
53.7995	17
53.7995	17
53.8169	17
53.817	17
53.817	17
54.0074	17
54.0074	17
54.0074	17
54.0074	17
54.0074	17
54.1261	17
54.1261	17
54.1261	17
54.1262	17
54.1262	17
54.1266	17
54.1269	17
54.1681	17
54.1681	17
54.1682	17
54.1682	17
54.1682	17
54.1683	17
54.3556	17
54.3556	17
54.3556	17
54.3556	17
54.3557	17
54.3564	17
54.3972	17
54.3973	17
54.3973	17
54.3973	17
54.3973	17
54.3975	17
54.7176	17
54.7176	17
54.7176	17
54.7176	17
54.7176	17
54.7176	17
54.7505	17
54.7505	17
54.7505	17
54.7506	17
54.7506	17
54.7507	17
54.7507	17
54.7883	17
54.7883	17
54.7883	17
54.7883	17
54.7884	17
54.7884	17
54.9284	17
54.9284	17
54.9284	17
54.9285	17
54.9286	17
54.9286	17
54.9292	17
54.9703	17
54.9703	17
54.9703	17
54.9703	17
54.9703	17
54.9703	17
55.0077	17
55.0077	17
55.0077	17
55.0078	17
55.0171	17
55.0171	17
55.0174	17
55.1814	17
55.1814	17
55.1814	17
55.1814	17
55.1814	17
55.1814	17
55.1815	17
55.1815	17
55.2997	17
55.2997	17
55.2997	17
55.2998	17
55.2999	17
55.2999	17
55.5003	17
55.5003	17
55.5003	17
55.5003	17
55.5003	17
55.5003	17
55.5004	17
55.9456	17
55.9456	17
55.9456	17
55.9457	17
55.9457	17
55.9461	17
55.9601	17
55.9602	17
56.0262	17
56.0262	17
56.0262	17
56.0262	17
56.0263	17
56.0264	17
56.6396	17
56.6396	17
56.6396	17
56.6397	17
56.6397	17
56.6398	17
56.9715	17
56.9715	17
56.9715	17
56.9715	17
56.9715	17
56.9715	17
56.9854	17
56.9854	17
56.9855	17
56.9855	17
56.9857	17
57.0281	17
57.0281	17
57.0281	17
57.0282	17
57.0282	17
57.0282	17
57.0284	17
57.3043	17
57.3043	17
57.3043	17
57.3044	17
57.3045	17
57.3046	17
57.3051	17
57.5348	17
57.5348	17
57.5348	17
57.5348	17
57.5349	17
57.8779	17
57.8779	17
57.8779	17
57.878	17
57.878	17
57.878	17
57.9929	17
57.9929	17
57.9929	17
57.993	17
57.9931	17
57.9931	17
57.9932	17
57.9933	17
58.1921	17
58.1921	17
58.1921	17
58.1922	17
58.1922	17
58.1923	17
58.6562	17
58.6562	17
58.6562	17
58.6562	17
58.6562	17
58.6567	17
58.692	17
58.692	17
58.692	17
58.6922	17
58.7074	17
58.7075	17
58.7076	17
58.7084	17
58.8004	17
58.8004	17
58.8004	17
58.8004	17
58.8005	17
58.801	17
58.917	17
58.917	17
58.917	17
58.9171	17
58.9171	17
58.9171	17
59.0835	17
59.0835	17
59.0835	17
59.0835	17
59.0835	17
59.0836	17
59.0918	17
59.0918	17
59.0918	17
59.092	17
59.1754	17
59.1754	17
59.1754	17
59.1754	17
59.1754	17
59.1757	17
59.1757	17
59.3703	17
59.3703	17
59.3703	17
59.3703	17
59.3705	17
60.2979	17
60.2979	17
60.2979	17
60.298	17
60.298	17
60.3161	17
60.3161	17
60.3161	17
60.3162	17
60.3163	17
60.3163	17
60.3164	17
60.3725	17
60.3725	17
60.3725	17
60.3725	17
60.3727	17
60.5429	17
60.5429	17
60.5429	17
60.5429	17
60.543	17
60.543	17
60.5431	17
61.0166	17
61.0166	17
61.0166	17
61.0166	17
61.0167	17
61.0167	17
61.0173	17
61.3235	17
61.3235	17
61.3235	17
61.3236	17
61.3236	17
61.3237	17
61.3239	17
61.3385	17
61.3385	17
61.3388	17
61.5672	17
61.5672	17
61.5672	17
61.5673	17
61.5673	17
61.5673	17
61.6155	17
61.6155	17
61.6155	17
61.6155	17
61.6155	17
61.6156	17
61.6615	17
61.6615	17
61.6616	17
61.6616	17
61.6616	17
61.6617	17
61.6618	17
62.1845	17
62.1845	17
62.1845	17
62.1846	17
62.1846	17
62.4115	17
62.4115	17
62.4115	17
62.4116	17
62.4116	17
62.4117	17
62.4127	17
62.6348	17
62.6348	17
62.6348	17
62.6349	17
62.6349	17
62.6353	17
62.9779	17
62.9779	17
62.9779	17
62.9779	17
62.9779	17
62.978	17
63.1396	17
63.1396	17
63.1396	17
63.1396	17
63.1397	17
63.1397	17
63.1397	17
63.2351	17
63.2351	17
63.2351	17
63.2352	17
63.2352	17
63.3561	17
63.3561	17
63.3561	17
63.3562	17
63.3562	17
63.3564	17
63.3564	17
63.3566	17
63.4114	17
63.4114	17
63.4114	17
63.4114	17
63.4115	17
63.4118	17
63.444	17
63.444	17
63.444	17
63.444	17
63.4441	17
63.4442	17
63.6864	17
63.6865	17
63.6865	17
63.6865	17
63.6865	17
63.6868	17
63.8234	17
63.8234	17
63.8235	17
63.8235	17
63.8235	17
63.8235	17
64.1235	17
64.1235	17
64.1235	17
64.1236	17
64.1236	17
64.1239	17
64.1316	17
64.1317	17
64.1318	17
64.1319	17
64.4595	17
64.4595	17
64.4595	17
64.4595	17
64.4596	17
64.4596	17
64.4602	17
64.693	17
64.693	17
64.6931	17
64.6931	17
64.6931	17
64.797	17
64.7971	17
64.7971	17
64.7971	17
64.7972	17
64.7977	17
64.7979	17
64.8386	17
64.8386	17
64.8386	17
64.8386	17
64.8386	17
64.8505	17
64.9908	17
64.9908	17
64.9908	17
64.9909	17
64.9909	17
64.991	17
64.9911	17
65.0875	17
65.0875	17
65.0875	17
65.0876	17
65.0876	17
65.0876	17
65.0877	17
65.1488	17
65.1488	17
65.1488	17
65.1488	17
65.1489	17
65.1489	17
66.0219	17
66.0219	17
66.0219	17
66.022	17
66.0221	17
66.0223	17
66.0913	17
66.0914	17
66.0914	17
66.0914	17
66.0915	17
66.2657	17
66.2657	17
66.2657	17
66.2657	17
66.2657	17
66.2658	17
66.3986	17
66.3986	17
66.3986	17
66.3986	17
66.3987	17
66.3989	17
66.399	17
66.3993	17
66.5176	17
66.5176	17
66.5176	17
66.5176	17
66.5176	17
66.518	17
66.5185	17
66.5186	17
66.6971	17
66.6971	17
66.6971	17
66.6971	17
66.6971	17
66.6971	17
66.8764	17
66.8764	17
66.8764	17
66.8764	17
66.8765	17
67.0385	17
67.0385	17
67.0385	17
67.0385	17
67.0385	17
67.0385	17
67.0386	17
67.053	17
67.0532	17
67.2009	17
67.2009	17
67.2009	17
67.2009	17
67.201	17
67.201	17
67.2011	17
67.2192	17
67.2193	17
67.2193	17
67.7301	17
67.7301	17
67.7301	17
67.7301	17
67.7301	17
67.7302	17
68.3096	17
68.3096	17
68.3096	17
68.3097	17
68.3097	17
68.3097	17
68.3099	17
68.7267	17
68.7267	17
68.7267	17
68.7267	17
68.7267	17
68.7269	17
68.8441	17
68.8441	17
68.8441	17
68.8441	17
68.8442	17
68.8442	17
69.1135	17
69.1135	17
69.1135	17
69.1135	17
69.1136	17
69.1136	17
69.1713	17
69.1713	17
69.1713	17
69.1713	17
69.1713	17
69.1713	17
69.1714	17
69.2831	17
69.2831	17
69.2831	17
69.2832	17
69.2832	17
69.2835	17
69.4835	17
69.4835	17
69.4836	17
69.4836	17
69.4836	17
69.8892	17
69.8892	17
69.8893	17
69.8893	17
69.8893	17
69.8893	17
69.8893	17
69.8896	17
69.9767	17
69.9767	17
69.9767	17
69.9768	17
69.9769	17
70.0931	17
70.0931	17
70.0931	17
70.0931	17
70.0932	17
70.0932	17
70.0934	17
70.1344	17
70.1344	17
70.1345	17
70.1345	17
70.1345	17
71.0213	17
71.0213	17
71.0213	17
71.0213	17
71.0215	17
71.0217	17
71.0671	17
71.0671	17
71.0671	17
71.0672	17
71.0673	17
71.2568	17
71.2569	17
71.2569	17
71.2569	17
71.2569	17
71.257	17
71.257	17
71.3706	17
71.3706	17
71.3706	17
71.3706	17
71.3707	17
71.3707	17
71.4661	17
71.4661	17
71.4661	17
71.4661	17
71.4661	17
71.4661	17
71.957	17
71.957	17
71.957	17
71.957	17
71.9571	17
71.9571	17
71.9577	17
71.9578	17
71.958	17
71.958	17
72.0103	17
72.0103	17
72.0104	17
72.0104	17
72.0104	17
72.0104	17
72.5446	17
72.5446	17
72.5446	17
72.5446	17
72.5446	17
72.5446	17
72.5447	17
72.5944	17
72.5944	17
72.5944	17
72.5944	17
72.5945	17
72.6369	17
72.6369	17
72.6369	17
72.6369	17
72.6369	17
72.637	17
72.637	17
73.2236	17
73.2236	17
73.2236	17
73.2236	17
73.2236	17
73.5128	17
73.5128	17
73.5128	17
73.5128	17
73.5128	17
73.5129	17
74.3129	17
74.3129	17
74.3129	17
74.3129	17
74.3129	17
74.3132	17
74.3132	17
75.0632	17
75.0632	17
75.0632	17
75.0633	17
75.0633	17
75.0634	17
75.0635	17
75.2548	17
75.2548	17
75.2548	17
75.2548	17
75.2549	17
75.3423	17
75.3423	17
75.3423	17
75.3423	17
75.3423	17
75.3423	17
75.3425	17
76.0187	17
76.0187	17
76.0187	17
76.0188	17
76.0188	17
76.0188	17
76.0291	17
76.0291	17
76.03	17
76.1906	17
76.1906	17
76.1906	17
76.1906	17
76.1907	17
76.1909	17
76.2718	17
76.2718	17
76.2718	17
76.2718	17
76.2718	17
76.2718	17
76.3657	17
76.3657	17
76.3657	17
76.3657	17
76.3658	17
76.3658	17
76.3658	17
76.6848	17
76.6848	17
76.6848	17
76.6848	17
76.6848	17
76.6849	17
77.0848	17
77.0848	17
77.0849	17
77.0849	17
77.0849	17
77.0855	17
77.0856	17
77.1612	17
77.1612	17
77.1612	17
77.1612	17
77.1612	17
77.1613	17
77.5765	17
77.5765	17
77.5765	17
77.5765	17
77.5765	17
77.5766	17
77.5937	17
77.5937	17
77.5939	17
77.5939	17
78.1959	17
78.1959	17
78.1959	17
78.1959	17
78.1959	17
78.1961	17
78.1966	17
78.229	17
78.229	17
78.229	17
78.2291	17
78.2294	17
78.4317	17
78.4317	17
78.4317	17
78.4318	17
78.4318	17
78.4318	17
78.533	17
78.533	17
78.5331	17
78.5331	17
78.5331	17
78.5333	17
79.2135	17
79.2135	17
79.2135	17
79.2136	17
79.2136	17
79.2147	17
79.4636	17
79.4636	17
79.4636	17
79.4637	17
79.4637	17
79.464	17
79.636	17
79.636	17
79.636	17
79.636	17
79.636	17
79.6361	17
79.7522	17
79.7522	17
79.7522	17
79.7522	17
79.7523	17
79.7524	17
80.0083	17
80.0083	17
80.0083	17
80.0084	17
80.0084	17
80.0085	17
80.0805	17
80.0805	17
80.0805	17
80.0805	17
80.0805	17
80.0805	17
80.2222	17
80.2222	17
80.2222	17
80.2222	17
80.2223	17
80.2224	17
80.5578	17
80.5578	17
80.5578	17
80.5578	17
80.5578	17
80.558	17
80.5593	17
80.5593	17
80.56	17
80.8601	17
80.8601	17
80.8601	17
80.8601	17
80.8601	17
80.9887	17
80.9887	17
80.9887	17
80.9887	17
80.9887	17
80.9888	17
80.9889	17
81.0182	17
81.0182	17
81.0193	17
81.1237	17
81.1237	17
81.1237	17
81.1237	17
81.1238	17
81.1238	17
81.1494	17
81.1494	17
81.1495	17
81.1496	17
81.1792	17
81.1792	17
81.1792	17
81.1793	17
81.1793	17
81.1793	17
81.4509	17
81.4509	17
81.4509	17
81.451	17
81.4511	17
81.4515	17
81.6216	17
81.6217	17
81.6217	17
81.6217	17
81.6219	17
81.622	17
81.6225	17
81.7137	17
81.7137	17
81.7137	17
81.7138	17
81.7138	17
81.7143	17
81.9004	17
81.9005	17
81.9005	17
81.9005	17
81.9005	17
82.0567	17
82.0567	17
82.0567	17
82.0567	17
82.0567	17
82.0568	17
82.0569	17
82.057	17
82.2303	17
82.2303	17
82.2303	17
82.2304	17
82.2305	17
82.3276	17
82.3276	17
82.3277	17
82.3277	17
82.3277	17
82.3277	17
82.4849	17
82.4849	17
82.4849	17
82.4849	17
82.485	17
82.4852	17
82.5136	17
82.5137	17
82.5137	17
82.5137	17
82.5141	17
82.9755	17
82.9755	17
82.9755	17
82.9755	17
82.9755	17
82.9757	17
83.2653	17
83.2653	17
83.2654	17
83.2654	17
83.2654	17
83.2654	17
83.2657	17
83.7867	17
83.7867	17
83.7867	17
83.7867	17
83.7868	17
83.7872	17
83.944	17
83.944	17
83.944	17
83.944	17
83.9441	17
83.9441	17
84.3975	17
84.3975	17
84.3975	17
84.3975	17
84.3975	17
84.7505	17
84.7505	17
84.7505	17
84.7506	17
84.7506	17
84.7506	17
84.7507	17
84.7785	17
84.7786	17
84.7786	17
84.7786	17
84.7853	17
84.7854	17
84.7855	17
84.7856	17
84.7856	17
84.875	17
84.875	17
84.875	17
84.875	17
84.875	17
84.875	17
84.9312	17
84.9312	17
84.9312	17
84.9312	17
84.9313	17
84.9314	17
85.2801	17
85.2801	17
85.2801	17
85.2801	17
85.2802	17
85.2803	17
85.2963	17
85.2963	17
85.2963	17
85.2963	17
85.2964	17
85.2964	17
85.2965	17
85.2968	17
85.9269	17
85.9269	17
85.9269	17
85.9269	17
85.927	17
85.9278	17
86.0832	17
86.0832	17
86.0832	17
86.0832	17
86.0833	17
86.0835	17
87.3781	17
87.3781	17
87.3782	17
87.3782	17
87.3782	17
87.4927	17
87.4927	17
87.4928	17
87.4928	17
87.4928	17
87.4931	17
87.4935	17
87.6688	17
87.6688	17
87.6688	17
87.6688	17
87.669	17
88.2242	17
88.2242	17
88.2242	17
88.2242	17
88.2242	17
88.2242	17
88.8045	17
88.8045	17
88.8045	17
88.8045	17
88.8046	17
88.8046	17
88.8046	17
89.0794	17
89.0794	17
89.0794	17
89.0794	17
89.0794	17
89.0794	17
89.0796	17
89.1602	17
89.1602	17
89.1602	17
89.1602	17
89.1603	17
89.1606	17
89.1607	17
89.1611	17
89.2113	17
89.2113	17
89.2113	17
89.2114	17
89.2114	17
89.2114	17
89.2115	17
89.2117	17
89.3564	17
89.3564	17
89.3564	17
89.3564	17
89.3565	17
89.4052	17
89.4052	17
89.4053	17
89.4053	17
89.4054	17
89.4057	17
89.4057	17
89.5008	17
89.5008	17
89.5008	17
89.5008	17
89.501	17
89.8008	17
89.8008	17
89.8008	17
89.8008	17
89.8008	17
89.8008	17
89.8009	17
90.0483	17
90.0483	17
90.0483	17
90.0484	17
90.0484	17
90.3059	17
90.3059	17
90.3059	17
90.3059	17
90.306	17
90.306	17
90.3379	17
90.3379	17
90.3379	17
90.3379	17
90.3379	17
90.3379	17
90.3386	17
90.3387	17
90.8581	17
90.8581	17
90.8581	17
90.8581	17
90.8582	17
90.8583	17
90.8584	17
91.0039	17
91.0039	17
91.0039	17
91.0039	17
91.004	17
91.004	17
91.004	17
91.024	17
91.024	17
91.0241	17
91.0925	17
91.0925	17
91.0925	17
91.0925	17
91.0925	17
91.7314	17
91.7314	17
91.7314	17
91.7314	17
91.7315	17
91.7315	17
91.7315	17
91.7315	17
91.8809	17
91.8809	17
91.8809	17
91.881	17
91.8811	17
92.0879	17
92.0879	17
92.0879	17
92.0879	17
92.088	17
92.088	17
92.088	17
92.0881	17
92.1144	17
92.1144	17
92.1145	17
92.1145	17
92.1145	17
92.115	17
92.5926	17
92.5926	17
92.5926	17
92.5926	17
92.5928	17
93.0768	17
93.0768	17
93.0768	17
93.0769	17
93.077	17
93.0771	17
93.0771	17
93.0899	17
93.0899	17
93.0899	17
93.6972	17
93.6972	17
93.6973	17
93.6973	17
93.6974	17
93.6975	17
93.6977	17
93.726	17
93.726	17
93.726	17
93.8646	17
93.8646	17
93.8647	17
93.8647	17
93.8647	17
93.8648	17
93.988	17
93.988	17
93.988	17
93.988	17
93.9883	17
94.3692	17
94.3692	17
94.3692	17
94.3692	17
94.3693	17
94.3693	17
94.3693	17
94.6144	17
94.6144	17
94.6144	17
94.6145	17
94.6145	17
94.6684	17
94.6684	17
94.6685	17
94.6685	17
94.6687	17
94.6687	17
94.7169	17
94.7169	17
94.7169	17
94.7169	17
94.7169	17
94.7169	17
94.717	17
94.9757	17
94.9757	17
94.9758	17
94.9758	17
94.9758	17
94.9759	17
94.9871	17
94.9871	17
94.9871	17
94.9872	17
95.1636	17
95.1636	17
95.1636	17
95.1636	17
95.1636	17
95.1637	17
95.2469	17
95.2469	17
95.2469	17
95.2469	17
95.247	17
95.247	17
95.3252	17
95.3252	17
95.3252	17
95.3252	17
95.3252	17
95.3262	17
95.4351	17
95.4351	17
95.4351	17
95.4352	17
95.4355	17
95.4655	17
95.4655	17
95.4667	17
95.7818	17
95.7818	17
95.7818	17
95.7818	17
95.7818	17
95.7819	17
95.7819	17
95.8097	17
95.8097	17
95.8097	17
95.8097	17
95.8107	17
96.2962	17
96.2962	17
96.2962	17
96.2962	17
96.2964	17
96.2965	17
96.2965	17
96.439	17
96.439	17
96.439	17
96.4391	17
96.4393	17
96.4393	17
96.5609	17
96.5609	17
96.5609	17
96.5609	17
96.561	17
96.649	17
96.6491	17
96.6491	17
96.6491	17
96.6491	17
96.6492	17
96.6493	17
96.7031	17
96.7031	17
96.7031	17
96.7031	17
96.7034	17
96.7035	17
96.7045	17
96.8334	17
96.8334	17
96.8334	17
96.8334	17
96.8335	17
96.9513	17
96.9513	17
96.9513	17
96.9513	17
96.9514	17
96.9514	17
96.9515	17
96.9516	17
96.9517	17
97.0285	17
97.0285	17
97.0285	17
97.0286	17
97.0286	17
97.0287	17
97.5773	17
97.5773	17
97.5773	17
97.5774	17
97.5774	17
97.7863	17
97.7863	17
97.7863	17
97.7863	17
97.7864	17
97.7865	17
97.8681	17
97.8681	17
97.8682	17
97.8682	17
97.8684	17
97.8694	17
97.8788	17
97.8788	17
97.8789	17
97.8813	17
97.8813	17
97.8815	17
98.4328	17
98.4328	17
98.4328	17
98.4328	17
98.4328	17
98.4329	17
98.4331	17
98.4336	17
98.6066	17
98.6066	17
98.6066	17
98.6067	17
98.6067	17
98.6069	17
98.7539	17
98.7539	17
98.754	17
98.754	17
98.7541	17
98.7542	17
98.7542	17
98.8865	17
98.8865	17
98.8865	17
98.8866	17
98.8866	17
98.8867	17
98.9442	17
98.9442	17
98.9443	17
98.9444	17
98.9444	17
98.9446	17
99.3953	17
99.3953	17
99.3953	17
99.3953	17
99.3953	17
99.3954	17
