8.11122e-12	0
6.05108e-11	1
2.03568e-10	2
2.22414e-10	3
2.63267e-10	4
4.38109e-10	5
4.60856e-10	6
7.61913e-10	7
7.86873e-10	8
7.97001e-10	9
9.80205e-10	10
1.11273e-09	11
1.23227e-09	12
1.29438e-09	13
1.32299e-09	14
1.7537e-09	15
3.03335e-09	16
3.07471e-09	17
3.97807e-09	18
5.31158e-09	18
6.48932e-09	19
9.21236e-09	19
9.8775e-09	19
1.41484e-08	19
1.78019e-08	19
1.80992e-08	19
1.94874e-08	19
2.05237e-08	19
2.17116e-08	19
2.57309e-08	19
3.67266e-08	19
3.86788e-08	19
3.90857e-08	19
4.22912e-08	19
4.35623e-08	19
4.54172e-08	19
5.02595e-08	19
5.14159e-08	19
5.40891e-08	19
5.56805e-08	19
5.57846e-08	19
6.14143e-08	19
6.59708e-08	19
7.15522e-08	19
7.18931e-08	19
7.49816e-08	19
7.53548e-08	19
8.62888e-08	19
1.10664e-07	19
1.11564e-07	19
1.16765e-07	19
1.29219e-07	19
1.33249e-07	19
1.36633e-07	19
1.40506e-07	19
1.41309e-07	19
1.42231e-07	19
1.51445e-07	19
1.51658e-07	19
1.52887e-07	19
1.57226e-07	19
1.57282e-07	19
1.57959e-07	19
1.58823e-07	19
1.63185e-07	19
1.72614e-07	19
1.72846e-07	19
1.75164e-07	19
1.78494e-07	19
1.79015e-07	19
1.82487e-07	19
1.8519e-07	19
2.01129e-07	19
2.07146e-07	19
2.12244e-07	19
2.16537e-07	19
2.34734e-07	19
2.37199e-07	19
2.37967e-07	19
2.51708e-07	19
2.54231e-07	19
2.62036e-07	19
2.71121e-07	19
2.71842e-07	19
2.73963e-07	19
2.76977e-07	19
2.78785e-07	19
2.84151e-07	19
2.84863e-07	19
2.89167e-07	19
2.89434e-07	19
2.98741e-07	19
2.99914e-07	19
3.19082e-07	19
3.26286e-07	19
3.38277e-07	19
3.58846e-07	19
3.65408e-07	19
3.66352e-07	19
3.8019e-07	19
3.85234e-07	19
3.85237e-07	19
3.9172e-07	19
3.99223e-07	19
4.03606e-07	19
4.07404e-07	19
4.095e-07	19
4.17316e-07	19
4.31548e-07	19
4.36677e-07	19
4.39901e-07	19
4.43192e-07	19
4.5402e-07	19
4.76472e-07	19
4.84438e-07	19
4.96752e-07	19
5.04203e-07	19
5.0629e-07	19
5.09917e-07	19
5.10235e-07	19
5.17738e-07	19
5.18605e-07	19
5.26171e-07	19
5.56394e-07	19
5.67239e-07	19
5.7251e-07	19
6.07642e-07	19
6.1722e-07	19
6.28233e-07	19
6.33858e-07	19
6.3591e-07	19
6.3804e-07	19
6.38411e-07	19
6.49912e-07	19
6.63119e-07	19
6.87133e-07	19
6.87755e-07	19
7.23956e-07	19
7.63493e-07	19
7.6754e-07	19
7.8107e-07	19
7.82405e-07	19
8.193e-07	19
8.21188e-07	19
8.24171e-07	19
8.29201e-07	19
8.36006e-07	19
8.43388e-07	19
8.50934e-07	19
8.91024e-07	19
8.95153e-07	19
9.02337e-07	19
9.05611e-07	19
9.14609e-07	19
9.19743e-07	19
9.21815e-07	19
9.43304e-07	19
9.55686e-07	19
1.00309e-06	19
1.01607e-06	19
1.03416e-06	19
1.03534e-06	19
1.03874e-06	19
1.08704e-06	19
1.13111e-06	19
1.13292e-06	19
1.13322e-06	19
1.16115e-06	19
1.20607e-06	19
1.39628e-06	19
1.45863e-06	19
1.48234e-06	19
1.48801e-06	19
1.52643e-06	19
1.6107e-06	19
1.67311e-06	19
1.71691e-06	19
1.84495e-06	19
2.01207e-06	19
2.04225e-06	19
2.19234e-06	19
2.47498e-06	19
2.5979e-06	19
2.62672e-06	19
2.74218e-06	19
2.78462e-06	19
2.82704e-06	19
3.12161e-06	19
3.16001e-06	19
3.28434e-06	19
3.76087e-06	19
3.78455e-06	19
3.86075e-06	19
3.98524e-06	19
4.23451e-06	19
4.28461e-06	19
4.35541e-06	19
4.38408e-06	19
4.38622e-06	19
4.50712e-06	19
4.50849e-06	19
4.58398e-06	19
4.58877e-06	19
4.74873e-06	19
4.7719e-06	19
4.77827e-06	19
4.78997e-06	19
4.91302e-06	19
4.98375e-06	19
5.0829e-06	19
5.09726e-06	19
5.12617e-06	19
5.12855e-06	19
5.14232e-06	19
5.24341e-06	19
5.28327e-06	19
5.307e-06	19
5.31306e-06	19
5.37049e-06	19
5.42818e-06	19
5.46313e-06	19
5.57922e-06	19
5.58375e-06	19
5.61348e-06	19
5.90573e-06	19
5.94565e-06	19
5.95094e-06	19
6.20144e-06	19
6.2214e-06	19
6.48182e-06	19
6.5685e-06	19
6.58649e-06	19
6.68776e-06	19
6.70778e-06	19
6.74238e-06	19
6.7802e-06	19
6.94047e-06	19
7.02346e-06	19
7.09897e-06	19
7.10467e-06	19
7.36274e-06	19
7.40097e-06	19
7.76844e-06	19
7.79097e-06	19
7.8322e-06	19
7.83226e-06	19
7.96361e-06	19
8.02208e-06	19
8.02673e-06	19
8.03581e-06	19
8.06427e-06	19
8.07973e-06	19
8.26207e-06	19
8.29034e-06	19
8.30646e-06	19
8.33301e-06	19
8.3787e-06	19
8.41152e-06	19
8.41705e-06	19
8.45833e-06	19
8.50009e-06	19
8.52557e-06	19
8.6011e-06	19
8.63441e-06	19
8.74607e-06	19
8.88574e-06	19
8.89027e-06	19
9.04762e-06	19
9.15315e-06	19
9.61444e-06	19
9.78478e-06	19
9.8873e-06	19
9.97404e-06	19
9.98486e-06	19
1.00433e-05	19
1.04646e-05	19
1.04653e-05	19
1.04725e-05	19
1.04876e-05	19
1.05853e-05	19
1.07459e-05	19
1.08039e-05	19
1.11099e-05	19
1.11259e-05	19
1.11988e-05	19
1.1213e-05	19
1.12969e-05	19
1.13055e-05	19
1.13225e-05	19
1.14523e-05	19
1.14702e-05	19
1.16054e-05	19
1.16696e-05	19
1.17988e-05	19
1.18177e-05	19
1.20727e-05	19
1.21247e-05	19
1.21351e-05	19
1.23375e-05	19
1.24701e-05	19
1.25261e-05	19
1.26565e-05	19
1.27389e-05	19
1.27583e-05	19
1.27623e-05	19
1.28353e-05	19
1.28873e-05	19
1.29595e-05	19
1.30902e-05	19
1.32788e-05	19
1.34441e-05	19
1.36176e-05	19
1.36377e-05	19
1.3676e-05	19
1.37876e-05	19
1.38193e-05	19
1.39172e-05	19
1.4156e-05	19
1.41933e-05	19
1.43243e-05	19
1.45437e-05	19
1.46903e-05	19
1.47673e-05	19
1.48856e-05	19
1.49425e-05	19
1.53191e-05	19
1.55978e-05	19
1.59675e-05	19
1.5972e-05	19
1.61239e-05	19
1.6227e-05	19
1.63159e-05	19
1.64472e-05	19
1.66279e-05	19
1.6831e-05	19
1.69698e-05	19
1.70006e-05	19
1.70716e-05	19
1.7098e-05	19
1.71825e-05	19
1.72459e-05	19
1.76476e-05	19
1.83777e-05	19
1.87031e-05	19
1.89422e-05	19
1.89954e-05	19
1.92755e-05	19
1.9309e-05	19
1.94879e-05	19
2.03322e-05	19
2.04741e-05	19
2.06453e-05	19
2.07998e-05	19
2.08035e-05	19
2.08163e-05	19
2.10289e-05	19
2.11598e-05	19
2.11917e-05	19
2.12054e-05	19
2.12074e-05	19
2.14143e-05	19
2.20483e-05	19
2.20608e-05	19
2.21441e-05	19
2.2211e-05	19
2.22882e-05	19
2.23795e-05	19
2.23891e-05	19
2.24735e-05	19
2.25811e-05	19
2.2762e-05	19
2.28908e-05	19
2.30833e-05	19
2.3959e-05	19
2.41878e-05	19
2.46584e-05	19
2.46787e-05	19
2.50887e-05	19
2.55973e-05	19
2.59127e-05	19
2.60915e-05	19
2.61361e-05	19
2.61749e-05	19
2.62256e-05	19
2.66034e-05	19
2.68112e-05	19
2.71391e-05	19
2.72936e-05	19
2.74724e-05	19
2.79451e-05	19
2.85136e-05	19
2.85799e-05	19
2.86365e-05	19
2.86516e-05	19
2.86869e-05	19
2.87006e-05	19
2.879e-05	19
2.91122e-05	19
2.91386e-05	19
2.92111e-05	19
2.9508e-05	19
2.97706e-05	19
2.97792e-05	19
2.984e-05	19
3.0013e-05	19
3.00455e-05	19
3.0296e-05	19
3.04866e-05	19
3.08357e-05	19
3.09834e-05	19
3.10087e-05	19
3.10653e-05	19
3.11753e-05	19
3.13294e-05	19
3.14103e-05	19
3.17131e-05	19
3.21683e-05	19
3.22627e-05	19
3.2286e-05	19
3.23592e-05	19
3.27696e-05	19
3.33682e-05	19
3.4129e-05	19
3.4791e-05	19
3.51624e-05	19
3.60973e-05	19
3.6112e-05	19
3.61723e-05	19
3.65807e-05	19
3.67585e-05	19
3.71898e-05	19
3.72377e-05	19
3.79857e-05	19
3.83465e-05	19
3.86317e-05	19
3.92719e-05	19
3.93554e-05	19
3.93801e-05	19
3.94695e-05	19
3.97692e-05	19
3.98607e-05	19
4.04133e-05	19
4.04535e-05	19
4.13552e-05	19
4.19366e-05	19
4.24894e-05	19
4.25741e-05	19
4.52518e-05	19
4.54411e-05	19
4.56891e-05	19
4.6308e-05	19
4.66516e-05	19
4.68196e-05	19
4.70649e-05	19
4.74287e-05	19
4.75443e-05	19
4.81812e-05	19
4.8532e-05	19
5.06149e-05	19
5.14103e-05	19
5.15668e-05	19
5.19101e-05	19
5.32865e-05	19
5.48523e-05	19
5.57931e-05	19
6.02733e-05	19
6.03746e-05	19
6.05771e-05	19
6.24459e-05	19
6.24906e-05	19
6.37771e-05	19
6.56185e-05	19
6.56568e-05	19
6.56878e-05	19
6.65299e-05	19
6.69966e-05	19
6.70968e-05	19
7.36512e-05	19
7.54387e-05	19
7.70407e-05	19
7.7436e-05	19
7.94698e-05	19
8.09104e-05	19
8.17844e-05	19
8.1989e-05	19
8.25105e-05	19
8.64339e-05	19
8.72055e-05	19
8.80829e-05	19
9.02248e-05	19
9.27985e-05	19
9.28968e-05	19
9.52368e-05	19
0.000100119	19
0.000102464	19
0.000110826	19
0.000112304	19
0.000112941	19
0.000113106	19
0.00011741	19
0.00011949	19
0.00012552	19
0.000127827	19
0.000137312	19
0.00014513	19
0.00014795	19
0.000151376	19
0.000153627	19
0.000160808	19
0.00016586	19
0.000172029	19
0.000190062	19
0.000191248	19
0.000193583	19
0.000198074	19
0.000215914	19
0.00021882	19
0.000223702	19
0.000231786	19
0.000236405	19
0.000240635	19
0.000288125	19
0.000302126	19
0.000307981	19
0.000343828	19
0.000344454	19
0.000403988	19
0.000416631	19
0.000422726	19
0.000573163	19
0.000730197	19
0.000733146	19
0.00124711	19
0.00130029	19
0.00131646	19
0.00153479	19
0.0016161	19
0.00163695	19
0.0017016	19
0.00223324	19
0.00237432	19
0.00238638	19
0.0024397	19
0.00245753	19
0.00266693	19
0.00267118	19
0.0028509	19
0.00294461	19
0.00322127	19
0.00342706	19
0.00342949	19
0.00342985	19
0.00353875	19
0.00362221	19
0.00374334	19
0.00376205	19
0.00385068	19
0.00388775	19
0.00392688	19
0.00403129	19
0.00419579	19
0.00436497	19
0.00442154	19
0.00484444	19
0.00577104	19
0.0057912	19
0.00595454	19
0.00606082	19
0.00617223	19
0.00624483	19
0.00636241	19
0.00645129	19
0.00645187	19
0.00645188	19
0.00645256	19
0.00645335	19
0.006585	19
0.00683346	19
0.00685487	19
0.00692919	19
0.00699462	19
0.00710025	19
0.00730919	19
0.00742835	19
0.00756524	19
0.00756543	19
0.00756586	19
0.00756613	19
0.00756682	19
0.00756714	19
0.00756746	19
0.00756829	19
0.00757129	19
0.00757279	19
0.00758456	19
0.00758534	19
0.00762753	19
0.00776302	19
0.00779082	19
0.00781548	19
0.00795529	19
0.00797579	19
0.00817794	19
0.00854361	19
0.00863521	19
0.0089104	19
0.00895043	19
0.00900326	19
0.0090538	19
0.00915235	19
0.00923953	19
0.00953342	19
0.00962384	19
0.00971893	19
0.00982349	19
0.0099114	19
0.009962	19
0.00996208	19
0.0099622	19
0.00996242	19
0.0104435	19
0.0104624	19
0.0104915	19
0.010742	19
0.0107567	19
0.0107965	19
0.0110529	19
0.0112786	19
0.0116398	19
0.0119918	19
0.0123386	19
0.0125177	19
0.0127621	19
0.0129037	19
0.0130952	19
0.0132537	19
0.0132858	19
0.0138578	19
0.0138862	19
0.0140127	19
0.0140176	19
0.0140185	19
0.0140197	19
0.0140204	19
0.0140242	19
0.0140246	19
0.0140269	19
0.014029	19
0.0140421	19
0.0140433	19
0.0140456	19
0.0140459	19
0.0140515	19
0.0140521	19
0.0140552	19
0.0140569	19
0.0140574	19
0.0140615	19
0.0140681	19
0.0140811	19
0.014083	19
0.0140886	19
0.0140923	19
0.0141011	19
0.0141037	19
0.0141086	19
0.0141096	19
0.0141203	19
0.0141346	19
0.0141346	19
0.0141347	19
0.0141347	19
0.0141347	19
0.0141347	19
0.0141348	19
0.0141348	19
0.014135	19
0.014135	19
0.014135	19
0.014135	19
0.014135	19
0.0141352	19
0.0141352	19
0.0141353	19
0.0141355	19
0.0141357	19
0.0141359	19
0.0141359	19
0.0141361	19
0.0141362	19
0.0141364	19
0.0141366	19
0.0141366	19
0.0141366	19
0.0141371	19
0.0141372	19
0.0141373	19
0.0141375	19
0.0141377	19
0.0141377	19
0.0141379	19
0.0141383	19
0.0141384	19
0.0141384	19
0.0141386	19
0.0141584	19
0.0141673	19
0.0141722	19
0.0142038	19
0.0142039	19
0.0142044	19
0.0142232	19
0.0142275	19
0.0142301	19
0.0142665	19
0.01427	19
0.0143418	19
0.0143513	19
0.0143597	19
0.0143777	19
0.0143953	19
0.0144237	19
0.0144343	19
0.0145407	19
0.0148123	19
0.0150741	19
0.015253	19
0.0153772	19
0.0154743	19
0.0155675	19
0.0158592	19
0.0159801	19
0.0160786	19
0.0163758	19
0.016559	19
0.0166719	19
0.0166762	19
0.0169229	19
0.016928	19
0.0173202	19
0.017321	19
0.0173238	19
0.0173251	19
0.0173294	19
0.0173332	19
0.017339	19
0.0173589	19
0.0175419	19
0.0175422	19
0.017544	19
0.0175473	19
0.0175474	19
0.0175497	19
0.0175502	19
0.0175533	19
0.0177195	19
0.0177201	19
0.0177204	19
0.0177205	19
0.0177208	19
0.0177211	19
0.0177214	19
0.0177226	19
0.017723	19
0.0177237	19
0.017724	19
0.0177242	19
0.0177259	19
0.0177265	19
0.0177265	19
0.0177293	19
0.0177355	19
0.0177391	19
0.0177442	19
0.0177499	19
0.0177513	19
0.0177675	19
0.0179168	19
0.0181833	19
0.018286	19
0.0183924	19
0.0184049	19
0.0184297	19
0.0184318	19
0.0194191	19
0.0194517	19
0.0195192	19
0.0196127	19
0.0198784	19
0.0198893	19
0.0199586	19
0.0203704	19
0.0204913	19
0.0210935	19
0.0213187	19
0.0213218	19
0.0213223	19
0.0213315	19
0.0221313	19
0.0226094	19
0.0230312	19
0.0232023	19
0.0232229	19
0.0235535	19
0.0235568	19
0.0235659	19
0.0235663	19
0.0235676	19
0.0235692	19
0.0235775	19
0.0235792	19
0.0235839	19
0.0235858	19
0.0238099	19
0.023811	19
0.0238229	19
0.0238295	19
0.0238311	19
0.0238631	19
0.023869	19
0.0238721	19
0.0238741	19
0.023901	19
0.0239094	19
0.0239123	19
0.0239129	19
0.0239247	19
0.023926	19
0.0239284	19
0.0239302	19
0.0239352	19
0.0241629	19
0.024186	19
0.0250616	19
0.0252244	19
0.0254734	19
0.0254736	19
0.0254738	19
0.0254741	19
0.0254743	19
0.0254748	19
0.0254754	19
0.0254754	19
0.0254764	19
0.0254766	19
0.0254766	19
0.0254771	19
0.0256488	19
0.0256726	19
0.0256774	19
0.0256795	19
0.0257198	19
0.0257364	19
0.0257382	19
0.0258011	19
0.0258456	19
0.0258474	19
0.0258681	19
0.0274315	19
0.0278586	19
0.0280298	19
0.0280617	19
0.0280757	19
0.0281028	19
0.0281154	19
0.0281963	19
0.0282166	19
0.0284331	19
0.0290072	19
0.0290169	19
0.0290207	19
0.0290267	19
0.029032	19
0.0290336	19
0.0290406	19
0.0290408	19
0.0290437	19
0.0291234	19
0.0291556	19
0.0291739	19
0.0302273	19
0.0302288	19
0.0302367	19
0.0302404	19
0.0302447	19
0.0302479	19
0.0302483	19
0.0302529	19
0.0302589	19
0.0302623	19
0.0302658	19
0.0302727	19
0.0302878	19
0.03029	19
0.0302963	19
0.0303303	19
0.0303355	19
0.0303362	19
0.0303412	19
0.0303423	19
0.0303437	19
0.0303579	19
0.0306604	19
0.0307164	19
0.0308519	19
0.0309518	19
0.0310495	19
0.0316885	19
0.0327123	19
0.0328868	19
0.0332286	19
0.0336059	19
0.0339974	19
0.0342035	19
0.0343109	19
0.0353426	19
0.0353426	19
0.0353427	19
0.0353429	19
0.0353439	19
0.0353441	19
0.0353443	19
0.0353443	19
0.0353446	19
0.0353447	19
0.0353447	19
0.0353456	19
0.0353461	19
0.0353463	19
0.035347	19
0.0353471	19
0.0353472	19
0.0353473	19
0.0353488	19
0.0353501	19
0.0353509	19
0.0353518	19
0.0353544	19
0.0353551	19
0.0353565	19
0.0353766	19
0.0353814	19
0.0354151	19
0.0354196	19
0.0354851	19
0.0355234	19
0.0362327	19
0.0362329	19
0.0362333	19
0.0362358	19
0.036236	19
0.0362378	19
0.0363	19
0.0365437	19
0.0365486	19
0.036719	19
0.0384039	19
0.0384046	19
0.0384074	19
0.0384077	19
0.0384086	19
0.0384128	19
0.038422	19
0.0384345	19
0.0384379	19
0.0384432	19
0.0384476	19
0.0384487	19
0.0384543	19
0.0384627	19
0.0384637	19
0.0384717	19
0.0384795	19
0.0384889	19
0.0385053	19
0.0385074	19
0.03851	19
0.0385178	19
0.038521	19
0.0385489	19
0.0385499	19
0.0385556	19
0.0385605	19
0.0385676	19
0.0385788	19
0.0385846	19
0.0385901	19
0.038603	19
0.0386121	19
0.0386162	19
0.0386205	19
0.0386534	19
0.0386704	19
0.038703	19
0.0387438	19
0.0388689	19
0.0388867	19
0.0388868	19
0.0388868	19
0.0388874	19
0.0388877	19
0.0388879	19
0.0388883	19
0.038889	19
0.0388899	19
0.0388902	19
0.0388932	19
0.0388933	19
0.0389219	19
0.0389967	19
0.0390243	19
0.0392124	19
0.0392275	19
0.0394953	19
0.0410608	19
0.0410609	19
0.0410611	19
0.0410611	19
0.0410612	19
0.0410612	19
0.0410613	19
0.0410615	19
0.0410616	19
0.0410617	19
0.041062	19
0.041062	19
0.041062	19
0.041062	19
0.0410621	19
0.0410628	19
0.0410631	19
0.0410631	19
0.0410634	19
0.0410636	19
0.0410636	19
0.0410639	19
0.0410641	19
0.0410654	19
0.0410657	19
0.0410661	19
0.0410662	19
0.0410662	19
0.0410667	19
0.0410687	19
0.0410707	19
0.0410721	19
0.0410727	19
0.0410798	19
0.0410799	19
0.0410806	19
0.0410818	19
0.041086	19
0.0410868	19
0.0410869	19
0.041088	19
0.0410888	19
0.0410901	19
0.0410908	19
0.0410914	19
0.0410938	19
0.0410951	19
0.0410958	19
0.0410987	19
0.0411005	19
0.0411007	19
0.0411039	19
0.0411044	19
0.0411129	19
0.0411149	19
0.0411184	19
0.0411193	19
0.0411216	19
0.0411226	19
0.0411264	19
0.0411479	19
0.0411529	19
0.0411564	19
0.0411629	19
0.041181	19
0.0412004	19
0.0412226	19
0.0412235	19
0.0412303	19
0.0412421	19
0.0412757	19
0.0412857	19
0.0412952	19
0.0413067	19
0.0413093	19
0.041319	19
0.041346	19
0.0414111	19
0.0414177	19
0.0414195	19
0.0414367	19
0.0414701	19
0.0415419	19
0.0415819	19
0.0415989	19
0.0417467	19
0.0419918	19
0.0422791	19
0.0423221	19
0.0423361	19
0.0426303	19
0.0427988	19
0.0428785	19
0.0436099	19
0.0436128	19
0.0436133	19
0.0436366	19
0.04367	19
0.043808	19
0.0438531	19
0.0438577	19
0.0438591	19
0.0438721	19
0.0438793	19
0.0438954	19
0.0439099	19
0.0439205	19
0.0439272	19
0.0440617	19
0.044063	19
0.044063	19
0.0440641	19
0.0440647	19
0.0440651	19
0.0440659	19
0.0440666	19
0.044068	19
0.0440682	19
0.0440693	19
0.0440696	19
0.0440696	19
0.0440707	19
0.0440714	19
0.0440891	19
0.0440896	19
0.044435	19
0.0444351	19
0.0444351	19
0.0444352	19
0.0444352	19
0.0444353	19
0.0444353	19
0.0444354	19
0.0444355	19
0.0444355	19
0.044436	19
0.0444413	19
0.0444425	19
0.0444487	19
0.0452788	19
0.045279	19
0.045279	19
0.0452792	19
0.0452792	19
0.0452797	19
0.0452803	19
0.0452813	19
0.0452816	19
0.0452817	19
0.0452826	19
0.0452852	19
0.0452859	19
0.0452883	19
0.0452903	19
0.0452948	19
0.0453099	19
0.0453109	19
0.0453115	19
0.0453136	19
0.0453309	19
0.0453336	19
0.0460294	19
0.0460373	19
0.046063	19
0.04608	19
0.0462239	19
0.0467962	19
0.0479254	19
0.0482334	19
0.0494523	19
0.0499442	19
0.049945	19
0.0499546	19
0.0506753	19
0.0514908	19
0.0515001	19
0.0515111	19
0.0515161	19
0.0515232	19
0.0515445	19
0.0515573	19
0.0515623	19
0.0515636	19
0.0515667	19
0.0515692	19
0.05158	19
0.0515868	19
0.051587	19
0.0515922	19
0.0515985	19
0.0515994	19
0.0516001	19
0.0516958	19
0.0517412	19
0.0517739	19
0.0522476	19
0.0522482	19
0.0522503	19
0.0522573	19
0.0523517	19
0.0529358	19
0.0529363	19
0.0563539	19
0.0563543	19
0.0563546	19
0.0563547	19
0.0563547	19
0.056355	19
0.0563551	19
0.0563552	19
0.0563552	19
0.0563559	19
0.0563559	19
0.0563562	19
0.0563563	19
0.0563564	19
0.0563568	19
0.056357	19
0.0563574	19
0.0563579	19
0.0563579	19
0.056358	19
0.0563805	19
0.0564324	19
0.0564346	19
0.0564448	19
0.0579915	19
0.0579982	19
0.0579989	19
0.0579992	19
0.0580047	19
0.0580084	19
0.0580102	19
0.0580111	19
0.0590988	19
0.059101	19
0.0591072	19
0.0591426	19
0.0591458	19
0.0591585	19
0.0591656	19
0.059183	19
0.059186	19
0.0591862	19
0.0592063	19
0.0592267	19
0.0592484	19
0.0592522	19
0.0592537	19
0.0592903	19
0.0593186	19
0.060073	19
0.0600829	19
0.0601037	19
0.0607664	19
0.0608231	19
0.0620657	19
0.0620661	19
0.0620667	19
0.0620668	19
0.0620669	19
0.0620669	19
0.062067	19
0.0620671	19
0.0620676	19
0.0620679	19
0.062068	19
0.062068	19
0.0620687	19
0.062075	19
0.0620763	19
0.0620779	19
0.0620871	19
0.0620898	19
0.0620906	19
0.0620976	19
0.0621002	19
0.0621012	19
0.0621242	19
0.0621257	19
0.0621571	19
0.0635675	19
0.0635676	19
0.0635682	19
0.0635683	19
0.0635691	19
0.0635906	19
0.0636213	19
0.063674	19
0.0636853	19
0.0636951	19
0.0653526	19
0.0653542	19
0.0653554	19
0.0653578	19
0.0653712	19
0.0653741	19
0.0654748	19
0.0655176	19
0.0655186	19
0.0655654	19
0.0655704	19
0.0656205	19
0.0656614	19
0.065663	19
0.0656917	19
0.0659247	19
0.0659283	19
0.0660588	19
0.066268	19
0.0664428	19
0.0666574	19
0.0666625	19
0.0666649	19
0.0666746	19
0.0666779	19
0.0667106	19
0.0667155	19
0.0667297	19
0.0667451	19
0.0667544	19
0.0667592	19
0.0667693	19
0.0667814	19
0.0668151	19
0.0668229	19
0.0668802	19
0.0669298	19
0.0682013	19
0.0682015	19
0.0682019	19
0.0682019	19
0.0682026	19
0.0682028	19
0.0682043	19
0.0682047	19
0.0682173	19
0.0682201	19
0.068414	19
0.0688574	19
0.0688574	19
0.0688575	19
0.0688581	19
0.0688581	19
0.0688582	19
0.0688583	19
0.0688584	19
0.0688584	19
0.0688586	19
0.0688598	19
0.0688603	19
0.068861	19
0.0688657	19
0.0688672	19
0.06887	19
0.0689149	19
0.0697065	19
0.0697103	19
0.0697156	19
0.0697183	19
0.0697213	19
0.0697239	19
0.0698534	19
0.0699231	19
0.0699603	19
0.0700752	19
0.070381	19
0.0705466	19
0.0712215	19
0.0712353	19
0.0712518	19
0.0712525	19
0.0712726	19
0.0712726	19
0.0712781	19
0.0712972	19
0.0716461	19
0.0723674	19
0.0729349	19
0.0732041	19
0.0740671	19
0.0740697	19
0.0740784	19
0.0740874	19
0.0741907	19
0.0747836	19
0.0747904	19
0.074793	19
0.0748062	19
0.0748653	19
0.0748808	19
0.0748977	19
0.0750073	19
0.0750187	19
0.0750314	19
0.0750364	19
0.0751332	19
0.0755186	19
0.0755573	19
0.0755656	19
0.0755695	19
0.0755897	19
0.075592	19
0.075669	19
0.0756934	19
0.0757156	19
0.0757422	19
0.0757523	19
0.0757587	19
0.07576	19
0.0757979	19
0.0758002	19
0.0758175	19
0.0758644	19
0.0758868	19
0.075914	19
0.0759241	19
0.0760721	19
0.0760739	19
0.0764895	19
0.0765358	19
0.076539	19
0.0770009	19
0.0770014	19
0.077002	19
0.0770069	19
0.0770076	19
0.0770125	19
0.0770141	19
0.0770208	19
0.0770227	19
0.0770238	19
0.0770252	19
0.0770276	19
0.0770316	19
0.077037	19
0.0770535	19
0.0770563	19
0.07707	19
0.0770758	19
0.0770798	19
0.0770922	19
0.0771004	19
0.0771007	19
0.0771037	19
0.0771219	19
0.0771339	19
0.0771342	19
0.0771344	19
0.0773882	19
0.077479	19
0.0775206	19
0.077539	19
0.0778989	19
0.0796443	19
0.0796444	19
0.0796444	19
0.0796446	19
0.0796447	19
0.0796449	19
0.079645	19
0.0796454	19
0.0796454	19
0.0796456	19
0.0796456	19
0.0796456	19
0.0796457	19
0.0796457	19
0.0796457	19
0.0796458	19
0.0796458	19
0.079646	19
0.079646	19
0.079647	19
0.0796529	19
0.079654	19
0.0796635	19
0.0796803	19
0.079699	19
0.0797246	19
0.0797366	19
0.0797377	19
0.0797869	19
0.0798005	19
0.0798099	19
0.0798106	19
0.0798184	19
0.0798216	19
0.079873	19
0.0799247	19
0.0802906	19
0.0836971	19
0.0836971	19
0.0836971	19
0.0836972	19
0.0836976	19
0.083698	19
0.083698	19
0.0836981	19
0.0836987	19
0.0836987	19
0.0836988	19
0.0836989	19
0.083699	19
0.083699	19
0.0836994	19
0.0836995	19
0.0836996	19
0.0836998	19
0.0837002	19
0.0837003	19
0.0837006	19
0.0837006	19
0.0837009	19
0.0837012	19
0.0837014	19
0.0837014	19
0.0837021	19
0.0837023	19
0.0837024	19
0.0837025	19
0.0837025	19
0.0837026	19
0.0837033	19
0.0837037	19
0.0837069	19
0.0837073	19
0.0837088	19
0.0837096	19
0.0837121	19
0.0837169	19
0.0837198	19
0.0837233	19
0.0837288	19
0.0837334	19
0.0837353	19
0.0837838	19
0.0837901	19
0.0837979	19
0.0837994	19
0.0838044	19
0.0838279	19
0.08387	19
0.0838827	19
0.0838962	19
0.0839395	19
0.0840086	19
0.0840246	19
0.0841501	19
0.0841933	19
0.0842662	19
0.0843036	19
0.0843531	19
0.0843533	19
0.0843536	19
0.084354	19
0.0843551	19
0.0843556	19
0.0843564	19
0.0843564	19
0.0843576	19
0.0843629	19
0.0843677	19
0.0844732	19
0.0845361	19
0.0845361	19
0.0845365	19
0.0845366	19
0.0845366	19
0.0845367	19
0.0845367	19
0.0845372	19
0.0845374	19
0.0845375	19
0.0845376	19
0.0845378	19
0.0845378	19
0.0845381	19
0.0845383	19
0.0845387	19
0.0845387	19
0.0845391	19
0.0845403	19
0.0845413	19
0.0845415	19
0.0845415	19
0.0845418	19
0.0845419	19
0.0845429	19
0.0845429	19
0.0845431	19
0.0845434	19
0.0845437	19
0.0845439	19
0.0845452	19
0.084546	19
0.0845463	19
0.0845465	19
0.0845472	19
0.0845479	19
0.0845497	19
0.0845506	19
0.0845509	19
0.0845553	19
0.0845593	19
0.0845623	19
0.0845651	19
0.0845732	19
0.0845812	19
0.0845865	19
0.0845879	19
0.0845893	19
0.0846028	19
0.0846047	19
0.084606	19
0.0846243	19
0.0846269	19
0.0846331	19
0.0846416	19
0.0846425	19
0.0846438	19
0.0846472	19
0.0846511	19
0.0846591	19
0.0846606	19
0.084666	19
0.0846796	19
0.0847038	19
0.0847117	19
0.0847238	19
0.0847608	19
0.0847858	19
0.0848015	19
0.0848394	19
0.0849322	19
0.085052	19
0.0850723	19
0.0851019	19
0.0851443	19
0.0855476	19
0.0862833	19
0.0862851	19
0.0862897	19
0.0863051	19
0.0863129	19
0.08634	19
0.0863661	19
0.0863922	19
0.0864167	19
0.0864251	19
0.086432	19
0.0864346	19
0.0864362	19
0.0864558	19
0.0864582	19
0.0864609	19
0.0864761	19
0.0864971	19
0.0865005	19
0.0865039	19
0.0865149	19
0.0865501	19
0.0865516	19
0.0865729	19
0.086626	19
0.086709	19
0.0867135	19
0.0867203	19
0.086728	19
0.0867286	19
0.086735	19
0.086735	19
0.0867361	19
0.0867363	19
0.0867384	19
0.0867398	19
0.0867416	19
0.0867449	19
0.0867454	19
0.0867559	19
0.0867793	19
0.0867805	19
0.0867956	19
0.086797	19
0.086828	19
0.0868674	19
0.0868694	19
0.0868694	19
0.0868702	19
0.0868709	19
0.0868777	19
0.0868779	19
0.0868832	19
0.0869357	19
0.0869828	19
0.0869965	19
0.0870571	19
0.0871039	19
0.0871245	19
0.0871284	19
0.0873569	19
0.0879748	19
0.0879748	19
0.0879759	19
0.0879793	19
0.0880013	19
0.0880053	19
0.088039	19
0.088045	19
0.0880661	19
0.0880731	19
0.0880732	19
0.0880756	19
0.0880885	19
0.0880945	19
0.0880971	19
0.0881124	19
0.0881172	19
0.0881179	19
0.0881357	19
0.0881374	19
0.0881454	19
0.0881648	19
0.0881917	19
0.0882537	19
0.0882881	19
0.0883007	19
0.0883272	19
0.0883276	19
0.0883315	19
0.0884173	19
0.0884879	19
0.0898084	19
0.089809	19
0.0898097	19
0.0898103	19
0.0898105	19
0.0898106	19
0.0898128	19
0.0898131	19
0.0898138	19
0.0898151	19
0.0898156	19
0.089816	19
0.0898163	19
0.0898169	19
0.0898332	19
0.0898468	19
0.0898688	19
0.0898815	19
0.0898902	19
0.089908	19
0.0899231	19
0.0899236	19
0.089924	19
0.0899361	19
0.0899475	19
0.0899934	19
0.0900304	19
0.0900343	19
0.0900406	19
0.0900712	19
0.0901635	19
0.0901637	19
0.090164	19
0.0901641	19
0.0901641	19
0.0901646	19
0.0901646	19
0.0901648	19
0.0901648	19
0.090165	19
0.090165	19
0.0901654	19
0.0901668	19
0.0901674	19
0.0901674	19
0.0901677	19
0.0901684	19
0.0901687	19
0.0901689	19
0.0901699	19
0.0901705	19
0.0901716	19
0.090173	19
0.0901759	19
0.0901763	19
0.0901815	19
0.0901823	19
0.0901878	19
0.09019	19
0.0902149	19
0.0902153	19
0.0902153	19
0.0902154	19
0.0902167	19
0.0902193	19
0.09022	19
0.0902226	19
0.0902246	19
0.0902249	19
0.0902264	19
0.09026	19
0.090265	19
0.0903526	19
0.0904674	19
0.0904788	19
0.0905041	19
0.0905858	19
0.0907477	19
0.0907687	19
0.0909745	19
0.0911347	19
0.0911498	19
0.0911674	19
0.0912902	19
0.0913367	19
0.0913566	19
0.0915293	19
0.0915448	19
0.0915465	19
0.0915471	19
0.0915784	19
0.091579	19
0.0915821	19
0.0916119	19
0.0916182	19
0.0916231	19
0.0916258	19
0.0916309	19
0.0916323	19
0.0916434	19
0.0916441	19
0.0916632	19
0.0917181	19
0.09172	19
0.0917457	19
0.0917588	19
0.091763	19
0.0917929	19
0.0918391	19
0.0918519	19
0.0918768	19
0.0918919	19
0.0919256	19
0.0919437	19
0.0920032	19
0.0920814	19
0.0922152	19
0.0923532	19
0.0923785	19
0.0932626	19
0.0965396	19
0.0965399	19
0.09654	19
0.0965403	19
0.0965443	19
0.0965444	19
0.0965444	19
0.0965446	19
0.0965466	19
0.0965471	19
0.0965482	19
0.0965502	19
0.0965518	19
0.0965542	19
0.0965576	19
0.0965657	19
0.096566	19
0.0965843	19
0.0965857	19
0.0965872	19
0.0965937	19
0.0965942	19
0.0966251	19
0.0966376	19
0.0966423	19
0.0966518	19
0.0966533	19
0.0966665	19
0.0966698	19
0.0966821	19
0.0967022	19
0.0967177	19
0.0967196	19
0.0967222	19
0.0967289	19
0.0967499	19
0.0967505	19
0.096754	19
0.0967579	19
0.0967631	19
0.0967647	19
0.0968306	19
0.0968364	19
0.096856	19
0.096906	19
0.0969792	19
0.0969824	19
0.0969834	19
0.0969888	19
0.0970225	19
0.0970391	19
0.0970948	19
0.0970966	19
0.0971118	19
0.0971354	19
0.0971787	19
0.0972136	19
0.0974108	19
0.0975237	19
0.0975655	19
0.0975694	19
0.0978641	19
0.0978648	19
0.0978649	19
0.0978662	19
0.0978805	19
0.0978807	19
0.0978896	19
0.0979011	19
0.0979056	19
0.0979082	19
0.097922	19
0.0979311	19
0.0979498	19
0.0979509	19
0.097966	19
0.0979666	19
0.0979672	19
0.0979673	19
0.0979674	19
0.0979685	19
0.0979686	19
0.0979688	19
0.0979704	19
0.0979714	19
0.0979727	19
0.0979777	19
0.0979879	19
0.097988	19
0.097996	19
0.0979973	19
0.0980226	19
0.0980322	19
0.0980331	19
0.0980597	19
0.0981197	19
0.0981353	19
0.0981467	19
0.0982856	19
0.0982885	19
0.0984926	19
0.0990794	19
0.099098	19
0.101022	19
0.101022	19
0.101023	19
0.101023	19
0.101024	19
0.101024	19
0.101026	19
0.10103	19
0.101032	19
0.101033	19
0.101034	19
0.101052	19
0.102589	19
0.102593	19
0.102597	19
0.10261	19
0.10261	19
0.102613	19
0.102622	19
0.102627	19
0.102627	19
0.10263	19
0.102631	19
0.102632	19
0.102641	19
0.102654	19
0.10267	19
0.102677	19
0.102686	19
0.10269	19
0.102693	19
0.102695	19
0.102701	19
0.102704	19
0.102705	19
0.102706	19
0.102716	19
0.102721	19
0.102737	19
0.10274	19
0.102759	19
0.102761	19
0.102761	19
0.102778	19
0.102789	19
0.102802	19
0.102818	19
0.102824	19
0.102829	19
0.102829	19
0.102864	19
0.102873	19
0.102927	19
0.102931	19
0.102958	19
0.103129	19
0.103534	19
0.103665	19
0.103809	19
0.10676	19
0.106761	19
0.106762	19
0.106762	19
0.106777	19
0.106778	19
0.106778	19
0.10678	19
0.106785	19
0.10679	19
0.106794	19
0.106794	19
0.106802	19
0.106809	19
0.106814	19
0.106815	19
0.106817	19
0.106823	19
0.106825	19
0.106835	19
0.106835	19
0.106841	19
0.106842	19
0.106848	19
0.106854	19
0.106863	19
0.106872	19
0.106891	19
0.106894	19
0.106914	19
0.106915	19
0.106941	19
0.106956	19
0.10696	19
0.106973	19
0.106974	19
0.106978	19
0.106985	19
0.107018	19
0.107026	19
0.107051	19
0.107089	19
0.107141	19
0.107142	19
0.107236	19
0.107314	19
0.107412	19
0.107613	19
0.108644	19
0.109057	19
0.109633	19
0.109633	19
0.109633	19
0.109633	19
0.109633	19
0.109634	19
0.109634	19
0.109635	19
0.109636	19
0.109637	19
0.10964	19
0.109642	19
0.109659	19
0.10966	19
0.110657	19
0.110659	19
0.110672	19
0.110674	19
0.110677	19
0.110679	19
0.110681	19
0.110688	19
0.110697	19
0.110709	19
0.110726	19
0.110762	19
0.110904	19
0.110926	19
0.110957	19
0.111032	19
0.111346	19
0.111348	19
0.11136	19
0.111515	19
0.111873	19
0.111955	19
0.112005	19
0.112005	19
0.112005	19
0.112005	19
0.112006	19
0.112007	19
0.112011	19
0.112013	19
0.112014	19
0.112015	19
0.112021	19
0.113851	19
0.113851	19
0.113851	19
0.113852	19
0.113853	19
0.113854	19
0.113854	19
0.113854	19
0.113858	19
0.11386	19
0.113869	19
0.113905	19
0.113957	19
0.11398	19
0.113985	19
0.114114	19
0.114369	19
0.114373	19
0.114376	19
0.114379	19
0.114393	19
0.114396	19
0.1144	19
0.114412	19
0.114446	19
0.114447	19
0.114463	19
0.114477	19
0.114489	19
0.114501	19
0.114529	19
0.114536	19
0.11455	19
0.114551	19
0.114552	19
0.114558	19
0.114572	19
0.114605	19
0.114734	19
0.114737	19
0.114761	19
0.114784	19
0.114793	19
0.114822	19
0.114849	19
0.11487	19
0.114905	19
0.114977	19
0.115012	19
0.115013	19
0.115026	19
0.115038	19
0.115039	19
0.115049	19
0.115055	19
0.115056	19
0.115057	19
0.115059	19
0.115061	19
0.115067	19
0.115082	19
0.115102	19
0.115104	19
0.115107	19
0.115127	19
0.115145	19
0.115157	19
0.115164	19
0.115227	19
0.115241	19
0.115293	19
0.115383	19
0.115389	19
0.115514	19
0.115598	19
0.11564	19
0.115728	19
0.115801	19
0.116487	19
0.116763	19
0.121518	19
0.121519	19
0.121527	19
0.121529	19
0.121531	19
0.121537	19
0.121548	19
0.121565	19
0.12157	19
0.121605	19
0.121622	19
0.121636	19
0.121639	19
0.121678	19
0.12168	19
0.12168	19
0.121682	19
0.121685	19
0.121699	19
0.121752	19
0.121767	19
0.121811	19
0.121942	19
0.121983	19
0.121983	19
0.121983	19
0.121983	19
0.121984	19
0.121986	19
0.121986	19
0.121988	19
0.121988	19
0.121989	19
0.121992	19
0.121992	19
0.121993	19
0.122001	19
0.122049	19
0.122075	19
0.122076	19
0.122135	19
0.122156	19
0.122734	19
0.12281	19
0.12281	19
0.122812	19
0.122813	19
0.122815	19
0.122825	19
0.122835	19
0.122851	19
0.122856	19
0.122866	19
0.122882	19
0.122896	19
0.122912	19
0.122924	19
0.122925	19
0.122932	19
0.122935	19
0.122939	19
0.12294	19
0.122952	19
0.122955	19
0.12296	19
0.122967	19
0.122972	19
0.123054	19
0.123077	19
0.123095	19
0.123107	19
0.123177	19
0.123187	19
0.123195	19
0.12322	19
0.123228	19
0.123236	19
0.123581	19
0.123621	19
0.123629	19
0.123848	19
0.124237	19
0.124467	19
0.125	19
0.125001	19
0.125001	19
0.125001	19
0.125003	19
0.125005	19
0.12501	19
0.12501	19
0.125011	19
0.125023	19
0.127235	19
0.127236	19
0.127236	19
0.127237	19
0.127244	19
0.127285	19
0.13103	19
0.13195	19
0.131951	19
0.131951	19
0.131952	19
0.131952	19
0.131952	19
0.131953	19
0.131953	19
0.131953	19
0.131953	19
0.131953	19
0.131953	19
0.131954	19
0.131954	19
0.131954	19
0.131955	19
0.131955	19
0.131955	19
0.131956	19
0.131957	19
0.13196	19
0.131961	19
0.131963	19
0.131966	19
0.131977	19
0.131988	19
0.135458	19
0.135459	19
0.135459	19
0.13546	19
0.13546	19
0.13546	19
0.13546	19
0.135461	19
0.135462	19
0.135463	19
0.135463	19
0.135464	19
0.135491	19
0.137402	19
0.137402	19
0.137407	19
0.137407	19
0.137409	19
0.137415	19
0.138487	19
0.138514	19
0.138528	19
0.13853	19
0.13855	19
0.138581	19
0.138599	19
0.138613	19
0.138651	19
0.138693	19
0.138693	19
0.1387	19
0.138721	19
0.138733	19
0.138747	19
0.138754	19
0.138785	19
0.138844	19
0.139021	19
0.139021	19
0.139022	19
0.139024	19
0.139025	19
0.139033	19
0.139202	19
0.13926	19
0.139408	19
0.139739	19
0.140059	19
0.140067	19
0.140604	19
0.140605	19
0.140605	19
0.140613	19
0.140618	19
0.140625	19
0.144572	19
0.144572	19
0.144572	19
0.144573	19
0.144573	19
0.144573	19
0.144573	19
0.144573	19
0.144573	19
0.144574	19
0.144575	19
0.144582	19
0.144582	19
0.144588	19
0.144597	19
0.144605	19
0.144663	19
0.144677	19
0.14469	19
0.144717	19
0.144825	19
0.145073	19
0.145417	19
0.145576	19
0.145576	19
0.145678	19
0.14568	19
0.145684	19
0.145687	19
0.145688	19
0.14569	19
0.145699	19
0.145705	19
0.145709	19
0.145808	19
0.14743	19
0.147431	19
0.147431	19
0.147489	19
0.149131	19
0.152978	19
0.152993	19
0.154978	19
0.154999	19
0.154999	19
0.155012	19
0.155066	19
0.155867	19
0.160387	19
0.160387	19
0.160387	19
0.160387	19
0.160387	19
0.160388	19
0.160389	19
0.160389	19
0.160389	19
0.160389	19
0.160389	19
0.160389	19
0.160389	19
0.160391	19
0.160391	19
0.160391	19
0.160392	19
0.160393	19
0.160393	19
0.160393	19
0.160394	19
0.160394	19
0.160394	19
0.160401	19
0.160593	19
0.160635	19
0.160901	19
0.161015	19
0.16219	19
0.162196	19
0.162205	19
0.162274	19
0.162697	19
0.162701	19
0.162701	19
0.162701	19
0.162701	19
0.162708	19
0.162723	19
0.163222	19
0.163239	19
0.163541	19
0.164527	19
0.164541	19
0.16455	19
0.164722	19
0.164723	19
0.165117	19
0.16512	19
0.165121	19
0.165121	19
0.165129	19
0.165134	19
0.165961	19
0.166192	19
0.166196	19
0.166198	19
0.166201	19
0.171979	19
0.171979	19
0.171981	19
0.17199	19
0.172231	19
0.172231	19
0.172239	19
0.173317	19
0.173719	19
0.173738	19
0.175417	19
0.175419	19
0.175437	19
0.180409	19
0.180409	19
0.180409	19
0.18041	19
0.180411	19
0.180412	19
0.180413	19
0.180415	19
0.180415	19
0.180419	19
0.180438	19
0.181016	19
0.181328	19
0.181449	19
0.18161	19
0.183215	19
0.183228	19
0.183442	19
0.183623	19
0.184631	19
0.184638	19
0.184642	19
0.187171	19
0.187171	19
0.187171	19
0.187172	19
0.187173	19
0.187174	19
0.187175	19
0.187175	19
0.187176	19
0.187177	19
0.187177	19
0.18718	19
0.187181	19
0.187189	19
0.187208	19
0.18726	19
0.190837	19
0.190839	19
0.190839	19
0.190842	19
0.19085	19
0.193665	19
0.193667	19
0.193668	19
0.193673	19
0.193682	19
0.193685	19
0.193696	19
0.193959	19
0.19396	19
0.193963	19
0.193965	19
0.195308	19
0.195311	19
0.195314	19
0.195327	19
0.196492	19
0.197204	19
0.197204	19
0.197205	19
0.197206	19
0.197215	19
0.19753	19
0.19753	19
0.197531	19
0.197531	19
0.197532	19
0.198289	19
0.198291	19
0.198295	19
0.198297	19
0.198305	19
0.200733	19
0.200788	19
0.201081	19
0.201089	19
0.201093	19
0.201117	19
0.201558	19
0.204073	19
0.204074	19
0.204076	19
0.204135	19
0.208994	19
0.208995	19
0.208996	19
0.208998	19
0.208999	19
0.209	19
0.209003	19
0.209003	19
0.209005	19
0.209009	19
0.209012	19
0.209889	19
0.209889	19
0.20989	19
0.209892	19
0.210558	19
0.210566	19
0.210626	19
0.21065	19
0.212087	19
0.212088	19
0.212089	19
0.212095	19
0.212934	19
0.212942	19
0.213426	19
0.214547	19
0.215137	19
0.215139	19
0.218169	19
0.218169	19
0.218169	19
0.21817	19
0.21817	19
0.218177	19
0.218181	19
0.220097	19
0.220099	19
0.221254	19
0.221256	19
0.221256	19
0.221261	19
0.223177	19
0.2253	19
0.225301	19
0.225301	19
0.22866	19
0.228662	19
0.228663	19
0.228686	19
0.230484	19
0.230485	19
0.230486	19
0.230521	19
0.23151	19
0.231512	19
0.235813	19
0.235813	19
0.235814	19
0.235815	19
0.23582	19
0.235823	19
0.235844	19
0.236482	19
0.236526	19
0.239427	19
0.239428	19
0.239429	19
0.239431	19
0.239432	19
0.239478	19
0.240762	19
0.240763	19
0.240763	19
0.240767	19
0.240771	19
0.240771	19
0.240777	19
0.240804	19
0.241057	19
0.241072	19
0.241125	19
0.242167	19
0.242178	19
0.242187	19
0.24294	19
0.24294	19
0.242943	19
0.242958	19
0.247464	19
0.247465	19
0.247465	19
0.247465	19
0.247466	19
0.247477	19
0.250517	19
0.250517	19
0.251197	19
0.251202	19
0.251202	19
0.251203	19
0.256349	19
0.25635	19
0.256355	19
0.256357	19
0.256357	19
0.258097	19
0.258098	19
0.258098	19
0.258103	19
0.258109	19
0.258672	19
0.259876	19
0.260675	19
0.260684	19
0.260686	19
0.264733	19
0.264733	19
0.26654	19
0.266547	19
0.266549	19
0.268009	19
0.268009	19
0.268009	19
0.268011	19
0.268011	19
0.268011	19
0.268013	19
0.268013	19
0.268014	19
0.269961	19
0.269961	19
0.269963	19
0.269965	19
0.269983	19
0.276437	19
0.276437	19
0.27644	19
0.276443	19
0.276445	19
0.278008	19
0.278028	19
0.278033	19
0.278346	19
0.280349	19
0.280351	19
0.280362	19
0.280377	19
0.281852	19
0.281853	19
0.281854	19
0.281869	19
0.284199	19
0.284653	19
0.284657	19
0.284675	19
0.285797	19
0.285802	19
0.285805	19
0.285807	19
0.285809	19
0.287146	19
0.287149	19
0.287175	19
0.289787	19
0.28979	19
0.289793	19
0.289816	19
0.291224	19
0.29173	19
0.292581	19
0.292582	19
0.292584	19
0.292599	19
0.292855	19
0.294597	19
0.294958	19
0.301932	19
0.301932	19
0.301941	19
0.301943	19
0.301947	19
0.30713	19
0.307131	19
0.307139	19
0.308022	19
0.308032	19
0.309465	19
0.309687	19
0.309694	19
0.309703	19
0.311559	19
0.311565	19
0.311683	19
0.311914	19
0.31194	19
0.311951	19
0.314867	19
0.314872	19
0.314889	19
0.316762	19
0.316767	19
0.317101	19
0.317102	19
0.317104	19
0.317104	19
0.317105	19
0.317111	19
0.321713	19
0.321716	19
0.321722	19
0.321791	19
0.321876	19
0.321948	19
0.321952	19
0.321954	19
0.321961	19
0.321961	19
0.322463	19
0.322464	19
0.322508	19
0.32721	19
0.327266	19
0.331635	19
0.331642	19
0.331653	19
0.331689	19
0.332064	19
0.332066	19
0.332248	19
0.332378	19
0.334588	19
0.334588	19
0.334589	19
0.334591	19
0.334591	19
0.334591	19
0.334595	19
0.33465	19
0.335176	19
0.335177	19
0.335189	19
0.335201	19
0.337772	19
0.337772	19
0.337772	19
0.337784	19
0.337785	19
0.338003	19
0.338004	19
0.338012	19
0.340325	19
0.340327	19
0.341025	19
0.341026	19
0.341029	19
0.343608	19
0.343609	19
0.343612	19
0.343616	19
0.343617	19
0.344882	19
0.344897	19
0.344905	19
0.344912	19
0.346443	19
0.34645	19
0.346459	19
0.34646	19
0.350261	19
0.350263	19
0.350281	19
0.350672	19
0.350678	19
0.350701	19
0.351573	19
0.353366	19
0.353471	19
0.354363	19
0.355203	19
0.355216	19
0.355225	19
0.355226	19
0.355234	19
0.359529	19
0.359529	19
0.35953	19
0.359531	19
0.359531	19
0.359533	19
0.359774	19
0.359774	19
0.361835	19
0.361836	19
0.361845	19
0.361846	19
0.36341	19
0.36341	19
0.363412	19
0.36358	19
0.366913	19
0.368258	19
0.368262	19
0.368263	19
0.36827	19
0.372548	19
0.372551	19
0.372554	19
0.374405	19
0.374413	19
0.374419	19
0.381115	19
0.381116	19
0.381116	19
0.381119	19
0.381119	19
0.38112	19
0.381124	19
0.38455	19
0.385876	19
0.385876	19
0.385877	19
0.385889	19
0.385898	19
0.386699	19
0.386708	19
0.387797	19
0.387799	19
0.3878	19
0.387812	19
0.387812	19
0.387985	19
0.392116	19
0.392116	19
0.392117	19
0.392117	19
0.392124	19
0.39307	19
0.393071	19
0.393075	19
0.393076	19
0.393077	19
0.394432	19
0.397984	19
0.397986	19
0.397986	19
0.397986	19
0.397995	19
0.399127	19
0.399411	19
0.400464	19
0.400465	19
0.400467	19
0.401431	19
0.40144	19
0.401441	19
0.402954	19
0.402955	19
0.402955	19
0.402956	19
0.405742	19
0.405744	19
0.405744	19
0.407485	19
0.407486	19
0.407557	19
0.409883	19
0.409891	19
0.409894	19
0.409905	19
0.411863	19
0.411865	19
0.411868	19
0.411979	19
0.411988	19
0.412	19
0.412481	19
0.412536	19
0.41635	19
0.417265	19
0.417265	19
0.417268	19
0.418377	19
0.420026	19
0.420034	19
0.420408	19
0.420576	19
0.420578	19
0.420582	19
0.420587	19
0.420589	19
0.420598	19
0.420816	19
0.422225	19
0.422227	19
0.42351	19
0.423511	19
0.423512	19
0.423516	19
0.423999	19
0.423999	19
0.423999	19
0.430797	19
0.430798	19
0.430798	19
0.4308	19
0.4308	19
0.43085	19
0.432957	19
0.432959	19
0.433292	19
0.434676	19
0.434678	19
0.434679	19
0.436371	19
0.438359	19
0.438366	19
0.440096	19
0.440097	19
0.440377	19
0.44156	19
0.44156	19
0.441561	19
0.441569	19
0.441572	19
0.444918	19
0.444918	19
0.444929	19
0.446667	19
0.446668	19
0.446669	19
0.446669	19
0.446671	19
0.446675	19
0.448487	19
0.450459	19
0.450459	19
0.450472	19
0.450472	19
0.452679	19
0.452681	19
0.452681	19
0.452686	19
0.453329	19
0.454997	19
0.456588	19
0.456588	19
0.456589	19
0.456593	19
0.456597	19
0.459281	19
0.459286	19
0.4593	19
0.459304	19
0.45931	19
0.459321	19
0.459323	19
0.462145	19
0.462149	19
0.462156	19
0.465794	19
0.465794	19
0.467914	19
0.467914	19
0.467921	19
0.471157	19
0.471159	19
0.471161	19
0.471165	19
0.471176	19
0.471733	19
0.471737	19
0.471751	19
0.47505	19
0.475067	19
0.476309	19
0.476314	19
0.476315	19
0.477297	19
0.477298	19
0.477303	19
0.477305	19
0.47731	19
0.477316	19
0.477342	19
0.477352	19
0.477353	19
0.479515	19
0.479518	19
0.479526	19
0.479532	19
0.480097	19
0.481379	19
0.481379	19
0.481384	19
0.481389	19
0.48518	19
0.485191	19
0.485927	19
0.490875	19
0.49088	19
0.490884	19
0.490887	19
0.491028	19
0.494609	19
0.494612	19
0.494614	19
0.494626	19
0.496881	19
0.49692	19
0.496941	19
0.497757	19
0.500368	19
0.500368	19
0.502453	19
0.502453	19
0.502676	19
0.502677	19
0.502681	19
0.50269	19
0.50474	19
0.504744	19
0.504749	19
0.504767	19
0.509491	19
0.509491	19
0.509494	19
0.5095	19
0.509507	19
0.512156	19
0.512158	19
0.51216	19
0.512162	19
0.512163	19
0.512168	19
0.512751	19
0.512761	19
0.512763	19
0.512766	19
0.512792	19
0.513436	19
0.514521	19
0.515251	19
0.51526	19
0.515266	19
0.515285	19
0.515329	19
0.515336	19
0.51538	19
0.516132	19
0.516137	19
0.516157	19
0.519433	19
0.519441	19
0.519444	19
0.52432	19
0.524326	19
0.524431	19
0.533975	19
0.533977	19
0.533979	19
0.533984	19
0.534008	19
0.534022	19
0.539353	19
0.539354	19
0.539356	19
0.539357	19
0.539425	19
0.541306	19
0.542853	19
0.54538	19
0.545384	19
0.545386	19
0.545388	19
0.545526	19
0.548931	19
0.548931	19
0.548947	19
0.550043	19
0.550044	19
0.550057	19
0.550058	19
0.550059	19
0.550251	19
0.552287	19
0.552287	19
0.552289	19
0.552314	19
0.554684	19
0.554687	19
0.55469	19
0.554694	19
0.556417	19
0.556418	19
0.556887	19
0.556887	19
0.557557	19
0.558884	19
0.558884	19
0.558891	19
0.558891	19
0.559982	19
0.559985	19
0.559985	19
0.563408	19
0.563409	19
0.563414	19
0.565195	19
0.5652	19
0.565201	19
0.565208	19
0.570568	19
0.574093	19
0.574099	19
0.57709	19
0.578694	19
0.578696	19
0.578697	19
0.578708	19
0.581213	19
0.581213	19
0.581213	19
0.581214	19
0.581216	19
0.581216	19
0.582114	19
0.582114	19
0.582114	19
0.582121	19
0.582122	19
0.582125	19
0.58371	19
0.583711	19
0.583716	19
0.583718	19
0.583724	19
0.583787	19
0.583799	19
0.584141	19
0.589079	19
0.589079	19
0.589081	19
0.589097	19
0.58973	19
0.589742	19
0.58975	19
0.59065	19
0.591407	19
0.591412	19
0.591412	19
0.596366	19
0.596367	19
0.596368	19
0.596369	19
0.596373	19
0.596911	19
0.596913	19
0.597071	19
0.597301	19
0.598979	19
0.599111	19
0.599745	19
0.599746	19
0.599747	19
0.599758	19
0.599763	19
0.599771	19
0.603442	19
0.603444	19
0.603448	19
0.603461	19
0.604211	19
0.604216	19
0.617564	19
0.617564	19
0.617565	19
0.617567	19
0.617569	19
0.617706	19
0.618141	19
0.618184	19
0.618187	19
0.618188	19
0.619873	19
0.621811	19
0.622563	19
0.627294	19
0.627294	19
0.627299	19
0.627299	19
0.627304	19
0.627305	19
0.629849	19
0.629851	19
0.629851	19
0.629851	19
0.629851	19
0.629861	19
0.632216	19
0.645316	19
0.645316	19
0.64532	19
0.645321	19
0.64534	19
0.645341	19
0.645539	19
0.647464	19
0.648641	19
0.652767	19
0.653588	19
0.653589	19
0.658115	19
0.658116	19
0.658119	19
0.658121	19
0.658324	19
0.661165	19
0.661169	19
0.661172	19
0.661172	19
0.661561	19
0.661572	19
0.661583	19
0.663641	19
0.663662	19
0.663665	19
0.663698	19
0.666168	19
0.66988	19
0.671919	19
0.671921	19
0.671923	19
0.673672	19
0.67368	19
0.67368	19
0.676363	19
0.676363	19
0.680484	19
0.680485	19
0.680485	19
0.68049	19
0.680492	19
0.680713	19
0.680713	19
0.680727	19
0.681187	19
0.683847	19
0.683847	19
0.690759	19
0.69076	19
0.69214	19
0.693899	19
0.701011	19
0.701011	19
0.701013	19
0.701013	19
0.701014	19
0.701023	19
0.701098	19
0.701099	19
0.701102	19
0.701107	19
0.701437	19
0.701438	19
0.701438	19
0.701439	19
0.70144	19
0.701441	19
0.701495	19
0.704563	19
0.707285	19
0.709847	19
0.709848	19
0.709849	19
0.721374	19
0.721374	19
0.721375	19
0.721376	19
0.721379	19
0.721746	19
0.723405	19
0.72341	19
0.730111	19
0.730111	19
0.732699	19
0.732704	19
0.732711	19
0.734159	19
0.734159	19
0.73416	19
0.734161	19
0.734169	19
0.734173	19
0.736101	19
0.738342	19
0.738343	19
0.738343	19
0.742751	19
0.742751	19
0.742754	19
0.743957	19
0.743958	19
0.743965	19
0.743972	19
0.746407	19
0.746416	19
0.746443	19
0.748776	19
0.748777	19
0.748781	19
0.748783	19
0.748783	19
0.750456	19
0.753814	19
0.753818	19
0.756968	19
0.756969	19
0.758271	19
0.758274	19
0.758281	19
0.758285	19
0.76378	19
0.763781	19
0.763782	19
0.763785	19
0.763786	19
0.76379	19
0.767009	19
0.768957	19
0.768958	19
0.768959	19
0.77456	19
0.774561	19
0.774564	19
0.774565	19
0.774565	19
0.776169	19
0.777274	19
0.782475	19
0.782475	19
0.782481	19
0.782481	19
0.785327	19
0.789202	19
0.789208	19
0.789216	19
0.789574	19
0.790012	19
0.790014	19
0.790017	19
0.790031	19
0.79563	19
0.79563	19
0.795633	19
0.795638	19
0.797844	19
0.797844	19
0.797844	19
0.797845	19
0.797851	19
0.797852	19
0.79978	19
0.799781	19
0.799786	19
0.79983	19
0.79983	19
0.801207	19
0.803491	19
0.804435	19
0.804437	19
0.804443	19
0.805148	19
0.809916	19
0.809926	19
0.809955	19
0.809955	19
0.80996	19
0.809962	19
0.809964	19
0.811781	19
0.811783	19
0.811788	19
0.812024	19
0.812027	19
0.812028	19
0.812041	19
0.8138	19
0.813813	19
0.819901	19
0.819905	19
0.819907	19
0.819909	19
0.819913	19
0.824444	19
0.824447	19
0.824449	19
0.824453	19
0.824453	19
0.831972	19
0.831972	19
0.831972	19
0.831994	19
0.833657	19
0.833686	19
0.837011	19
0.837048	19
0.840207	19
0.840221	19
0.842361	19
0.84237	19
0.842374	19
0.842424	19
0.842843	19
0.842845	19
0.842848	19
0.842858	19
0.848084	19
0.848084	19
0.848084	19
0.848084	19
0.848088	19
0.84809	19
0.848094	19
0.848102	19
0.849092	19
0.8491	19
0.849186	19
0.85255	19
0.852553	19
0.852553	19
0.85257	19
0.856629	19
0.856632	19
0.856664	19
0.856678	19
0.859794	19
0.859794	19
0.859795	19
0.859803	19
0.859811	19
0.860022	19
0.860022	19
0.860022	19
0.86004	19
0.863038	19
0.867357	19
0.867358	19
0.867365	19
0.868494	19
0.8723	19
0.872302	19
0.872304	19
0.872508	19
0.872509	19
0.872517	19
0.877435	19
0.877436	19
0.877443	19
0.877443	19
0.879368	19
0.88221	19
0.882212	19
0.88269	19
0.882691	19
0.882703	19
0.882705	19
0.883396	19
0.883397	19
0.8834	19
0.884849	19
0.884854	19
0.884857	19
0.884858	19
0.886327	19
0.886946	19
0.88695	19
0.886956	19
0.887117	19
0.887866	19
0.887867	19
0.88787	19
0.887883	19
0.892956	19
0.892958	19
0.892959	19
0.892962	19
0.89297	19
0.899788	19
0.903022	19
0.903022	19
0.903023	19
0.903026	19
0.904771	19
0.904772	19
0.904774	19
0.909647	19
0.909647	19
0.909648	19
0.909661	19
0.909663	19
0.910884	19
0.910886	19
0.910887	19
0.910887	19
0.910901	19
0.911557	19
0.913052	19
0.913054	19
0.913059	19
0.918301	19
0.918302	19
0.918303	19
0.918305	19
0.921284	19
0.921284	19
0.921289	19
0.924205	19
0.924208	19
0.924218	19
0.925014	19
0.925017	19
0.92502	19
0.931825	19
0.931842	19
0.93359	19
0.93359	19
0.933597	19
0.933602	19
0.934207	19
0.936376	19
0.936464	19
0.936465	19
0.936466	19
0.936467	19
0.939654	19
0.939927	19
0.939933	19
0.939942	19
0.944355	19
0.944358	19
0.944363	19
0.944365	19
0.944366	19
0.951417	19
0.951526	19
0.954681	19
0.954686	19
0.954687	19
0.954693	19
0.958965	19
0.958966	19
0.958966	19
0.958977	19
0.958985	19
0.959516	19
0.959519	19
0.959524	19
0.962041	19
0.962042	19
0.962044	19
0.962044	19
0.962686	19
0.964541	19
0.964542	19
0.964546	19
0.964634	19
0.973371	19
0.973372	19
0.973375	19
0.973382	19
0.973386	19
0.986092	19
0.986097	19
0.986102	19
0.986103	19
0.988445	19
0.988492	19
0.988978	19
0.989052	19
0.990984	19
0.990987	19
0.990988	19
0.99103	19
0.991438	19
0.991443	19
0.991478	19
0.998868	19
0.99887	19
0.998872	19
0.998873	19
0.998883	19
0.99889	19
0.999681	19
0.99969	19
0.999692	19
1.00252	19
1.00252	19
1.00253	19
1.00253	19
1.00253	19
1.00282	19
1.00284	19
1.00285	19
1.00833	19
1.00834	19
1.01389	19
1.0139	19
1.01391	19
1.01391	19
1.01725	19
1.01725	19
1.01731	19
1.02571	19
1.02571	19
1.02571	19
1.02572	19
1.02943	19
1.02943	19
1.03251	19
1.04609	19
1.04609	19
1.04609	19
1.0461	19
1.0461	19
1.04831	19
1.04831	19
1.04831	19
1.04831	19
1.04833	19
1.05164	19
1.05165	19
1.05165	19
1.0536	19
1.05361	19
1.05364	19
1.05686	19
1.05686	19
1.05699	19
1.06492	19
1.06492	19
1.06492	19
1.06493	19
1.06493	19
1.06496	19
1.06499	19
1.06499	19
1.06503	19
1.06684	19
1.06685	19
1.06685	19
1.06695	19
1.0685	19
1.06851	19
1.06851	19
1.0708	19
1.0708	19
1.07081	19
1.07084	19
1.07455	19
1.07455	19
1.07628	19
1.07628	19
1.07631	19
1.07749	19
1.07769	19
1.07842	19
1.08204	19
1.08249	19
1.08249	19
1.08249	19
1.08319	19
1.0832	19
1.08321	19
1.0915	19
1.09542	19
1.09542	19
1.09542	19
1.0996	19
1.0996	19
1.0996	19
1.09961	19
1.11219	19
1.11219	19
1.11219	19
1.11219	19
1.11381	19
1.11432	19
1.11528	19
1.11529	19
1.1153	19
1.11746	19
1.11747	19
1.11747	19
1.11937	19
1.11937	19
1.11937	19
1.11937	19
1.12204	19
1.12204	19
1.13124	19
1.13124	19
1.13124	19
1.1332	19
1.1332	19
1.1332	19
1.1332	19
1.1332	19
1.1332	19
1.1332	19
1.13321	19
1.13321	19
1.13336	19
1.13336	19
1.13336	19
1.13464	19
1.13464	19
1.13603	19
1.14018	19
1.14364	19
1.1481	19
1.1481	19
1.1481	19
1.14812	19
1.14895	19
1.14895	19
1.14895	19
1.14896	19
1.15413	19
1.1612	19
1.1612	19
1.1612	19
1.1612	19
1.1612	19
1.16131	19
1.16143	19
1.16144	19
1.16145	19
1.16813	19
1.16834	19
1.16834	19
1.16835	19
1.16836	19
1.16862	19
1.17621	19
1.17621	19
1.18906	19
1.18907	19
1.18907	19
1.18907	19
1.18907	19
1.18908	19
1.20375	19
1.20375	19
1.20619	19
1.20882	19
1.21273	19
1.21273	19
1.21274	19
1.21275	19
1.21442	19
1.21442	19
1.21443	19
1.21445	19
1.21468	19
1.21749	19
1.21749	19
1.21749	19
1.21749	19
1.21749	19
1.2175	19
1.21793	19
1.22506	19
1.22506	19
1.22506	19
1.22506	19
1.22507	19
1.2357	19
1.23571	19
1.23573	19
1.24159	19
1.2416	19
1.2416	19
1.24161	19
1.24161	19
1.24317	19
1.24317	19
1.24317	19
1.24589	19
1.24589	19
1.24589	19
1.2459	19
1.25965	19
1.25965	19
1.25965	19
1.25966	19
1.25966	19
1.25966	19
1.25966	19
1.25967	19
1.25967	19
1.26091	19
1.26092	19
1.26092	19
1.2632	19
1.2632	19
1.2632	19
1.2632	19
1.26349	19
1.2635	19
1.2635	19
1.26754	19
1.26754	19
1.26754	19
1.27127	19
1.27128	19
1.27128	19
1.27426	19
1.27426	19
1.27426	19
1.27923	19
1.27923	19
1.27923	19
1.27925	19
1.27926	19
1.27926	19
1.29875	19
1.29875	19
1.29875	19
1.29875	19
1.29876	19
1.29876	19
1.29919	19
1.29919	19
1.2992	19
1.29935	19
1.29935	19
1.29936	19
1.29977	19
1.29977	19
1.29977	19
1.30259	19
1.3026	19
1.3026	19
1.32297	19
1.32297	19
1.32297	19
1.32297	19
1.32297	19
1.32297	19
1.32298	19
1.32299	19
1.32311	19
1.32311	19
1.32312	19
1.32424	19
1.33009	19
1.33011	19
1.33011	19
1.33011	19
1.33053	19
1.33053	19
1.33053	19
1.35092	19
1.35092	19
1.35092	19
1.35092	19
1.35093	19
1.35093	19
1.35093	19
1.35093	19
1.35125	19
1.35125	19
1.35126	19
1.3553	19
1.3553	19
1.35531	19
1.35568	19
1.35568	19
1.35568	19
1.35569	19
1.35569	19
1.35569	19
1.35676	19
1.35677	19
1.35677	19
1.35678	19
1.36341	19
1.36341	19
1.36348	19
1.36348	19
1.36348	19
1.36349	19
1.36547	19
1.36547	19
1.36547	19
1.36548	19
1.36709	19
1.3671	19
1.36711	19
1.36711	19
1.3721	19
1.3721	19
1.3721	19
1.37212	19
1.37483	19
1.37745	19
1.37746	19
1.37747	19
1.38259	19
1.38259	19
1.3826	19
1.3826	19
1.38461	19
1.38462	19
1.38463	19
1.38463	19
1.38464	19
1.38464	19
1.3979	19
1.3979	19
1.3979	19
1.3979	19
1.3979	19
1.3979	19
1.39791	19
1.40022	19
1.40022	19
1.40024	19
1.40633	19
1.40634	19
1.40634	19
1.40681	19
1.40682	19
1.40683	19
1.41917	19
1.41917	19
1.41917	19
1.41917	19
1.41917	19
1.42482	19
1.42482	19
1.42483	19
1.42862	19
1.42863	19
1.42863	19
1.42863	19
1.44352	19
1.44352	19
1.44353	19
1.44353	19
1.44353	19
1.44353	19
1.4463	19
1.44685	19
1.44686	19
1.44686	19
1.44687	19
1.44924	19
1.44925	19
1.44927	19
1.46079	19
1.46079	19
1.46079	19
1.46079	19
1.46673	19
1.46674	19
1.46674	19
1.46941	19
1.46944	19
1.47251	19
1.47791	19
1.47791	19
1.47793	19
1.47793	19
1.48005	19
1.48006	19
1.48006	19
1.48009	19
1.48349	19
1.48349	19
1.4835	19
1.48352	19
1.487	19
1.48701	19
1.48975	19
1.48977	19
1.48978	19
1.49178	19
1.49178	19
1.49178	19
1.49178	19
1.49181	19
1.49478	19
1.49478	19
1.49478	19
1.49479	19
1.49527	19
1.49528	19
1.49529	19
1.49767	19
1.49768	19
1.49768	19
1.49809	19
1.49809	19
1.4981	19
1.49811	19
1.50086	19
1.50104	19
1.50116	19
1.50248	19
1.50289	19
1.50341	19
1.50341	19
1.50433	19
1.50621	19
1.50621	19
1.50622	19
1.50622	19
1.50723	19
1.50723	19
1.50723	19
1.50723	19
1.51151	19
1.51151	19
1.51151	19
1.51152	19
1.51988	19
1.51989	19
1.51989	19
1.51989	19
1.51989	19
1.52155	19
1.52155	19
1.52155	19
1.52994	19
1.52994	19
1.52994	19
1.52994	19
1.52994	19
1.52994	19
1.52996	19
1.52996	19
1.5334	19
1.5334	19
1.53341	19
1.53341	19
1.53812	19
1.53812	19
1.53812	19
1.53813	19
1.53813	19
1.54213	19
1.54213	19
1.54213	19
1.54214	19
1.54284	19
1.54287	19
1.54288	19
1.54735	19
1.54736	19
1.54736	19
1.55504	19
1.55504	19
1.55504	19
1.55504	19
1.55505	19
1.55505	19
1.55922	19
1.56266	19
1.56267	19
1.56267	19
1.56415	19
1.57307	19
1.57307	19
1.57308	19
1.5761	19
1.5761	19
1.5763	19
1.58358	19
1.58379	19
1.58819	19
1.5882	19
1.58849	19
1.59339	19
1.59339	19
1.59339	19
1.59339	19
1.59339	19
1.59436	19
1.59437	19
1.59437	19
1.59438	19
1.59523	19
1.6062	19
1.6062	19
1.60655	19
1.60764	19
1.61116	19
1.61415	19
1.61415	19
1.61416	19
1.61416	19
1.62023	19
1.62055	19
1.62056	19
1.62885	19
1.62885	19
1.62885	19
1.62885	19
1.62886	19
1.62886	19
1.63093	19
1.63692	19
1.63692	19
1.63692	19
1.63692	19
1.63692	19
1.63693	19
1.63963	19
1.63963	19
1.63964	19
1.63992	19
1.63992	19
1.63993	19
1.63994	19
1.64469	19
1.64469	19
1.64469	19
1.64469	19
1.6447	19
1.64839	19
1.64839	19
1.6484	19
1.65485	19
1.65486	19
1.65486	19
1.65494	19
1.65494	19
1.65495	19
1.65496	19
1.65599	19
1.65599	19
1.65599	19
1.656	19
1.656	19
1.656	19
1.65602	19
1.6648	19
1.6648	19
1.6648	19
1.6665	19
1.69724	19
1.69724	19
1.69724	19
1.69725	19
1.69725	19
1.69727	19
1.69942	19
1.69943	19
1.69943	19
1.70526	19
1.70526	19
1.70526	19
1.70526	19
1.71571	19
1.71571	19
1.71571	19
1.71572	19
1.7209	19
1.72233	19
1.72241	19
1.72803	19
1.72803	19
1.72804	19
1.74526	19
1.74526	19
1.74527	19
1.74527	19
1.74527	19
1.74527	19
1.74527	19
1.74527	19
1.74528	19
1.74796	19
1.74796	19
1.74796	19
1.74796	19
1.75064	19
1.75065	19
1.75069	19
1.75095	19
1.75216	19
1.75216	19
1.75216	19
1.75217	19
1.75219	19
1.75499	19
1.75499	19
1.75499	19
1.755	19
1.76981	19
1.76981	19
1.76983	19
1.77071	19
1.77071	19
1.77072	19
1.78232	19
1.78232	19
1.78232	19
1.78232	19
1.78232	19
1.78237	19
1.78537	19
1.788	19
1.788	19
1.78801	19
1.78886	19
1.7904	19
1.7904	19
1.7904	19
1.79041	19
1.7913	19
1.79135	19
1.79135	19
1.79135	19
1.79135	19
1.7914	19
1.82251	19
1.82251	19
1.82251	19
1.82251	19
1.82251	19
1.82252	19
1.82252	19
1.82252	19
1.82252	19
1.82651	19
1.82651	19
1.82651	19
1.82652	19
1.82663	19
1.82731	19
1.82772	19
1.82976	19
1.82977	19
1.83065	19
1.83066	19
1.83208	19
1.83209	19
1.83209	19
1.83223	19
1.83224	19
1.83224	19
1.83358	19
1.83358	19
1.83358	19
1.83359	19
1.83969	19
1.83969	19
1.83972	19
1.84244	19
1.84244	19
1.84258	19
1.84344	19
1.84344	19
1.84345	19
1.84345	19
1.84345	19
1.84373	19
1.84373	19
1.84373	19
1.84574	19
1.84574	19
1.84575	19
1.84612	19
1.84612	19
1.84612	19
1.84613	19
1.84827	19
1.84827	19
1.84827	19
1.85368	19
1.85368	19
1.85368	19
1.8537	19
1.85478	19
1.86097	19
1.86097	19
1.86352	19
1.86352	19
1.86352	19
1.86353	19
1.86632	19
1.86632	19
1.86632	19
1.86633	19
1.88253	19
1.88253	19
1.88253	19
1.88253	19
1.88254	19
1.88254	19
1.88255	19
1.88732	19
1.88732	19
1.88732	19
1.8908	19
1.8908	19
1.8908	19
1.89081	19
1.89608	19
1.89724	19
1.89725	19
1.89725	19
1.89729	19
1.90143	19
1.90143	19
1.90143	19
1.90144	19
1.90145	19
1.90145	19
1.91341	19
1.91341	19
1.91342	19
1.91343	19
1.91421	19
1.91735	19
1.91735	19
1.91735	19
1.92001	19
1.92001	19
1.92001	19
1.92002	19
1.93101	19
1.93102	19
1.93102	19
1.93102	19
1.93141	19
1.93774	19
1.93775	19
1.93775	19
1.94789	19
1.94789	19
1.9479	19
1.9479	19
1.9479	19
1.9479	19
1.9479	19
1.94791	19
1.94792	19
1.94897	19
1.94897	19
1.9641	19
1.9641	19
1.9641	19
1.96411	19
1.96612	19
1.96612	19
1.96612	19
1.96612	19
1.96612	19
1.96619	19
1.97149	19
1.9767	19
1.9767	19
1.9767	19
1.97671	19
1.97671	19
1.97723	19
1.97986	19
1.98487	19
1.98487	19
1.98487	19
1.98487	19
1.98487	19
1.98487	19
1.98487	19
1.98618	19
1.98618	19
1.98619	19
1.98619	19
1.98619	19
1.99637	19
1.99638	19
1.99668	19
2.00365	19
2.00565	19
2.00565	19
2.00565	19
2.01437	19
2.01437	19
2.01437	19
2.01438	19
2.01608	19
2.01608	19
2.01608	19
2.01608	19
2.01729	19
2.01729	19
2.01729	19
2.01731	19
2.02265	19
2.02265	19
2.02265	19
2.02265	19
2.02266	19
2.03019	19
2.0302	19
2.0302	19
2.03319	19
2.03319	19
2.03319	19
2.03975	19
2.03976	19
2.03977	19
2.03977	19
2.05168	19
2.05168	19
2.05169	19
2.05171	19
2.05198	19
2.05565	19
2.0575	19
2.05751	19
2.05751	19
2.05751	19
2.05942	19
2.05943	19
2.05943	19
2.07356	19
2.07356	19
2.07356	19
2.07356	19
2.07356	19
2.07375	19
2.07375	19
2.07377	19
2.09316	19
2.09316	19
2.09316	19
2.09316	19
2.09316	19
2.09317	19
2.09317	19
2.11136	19
2.11137	19
2.12266	19
2.12266	19
2.12266	19
2.12266	19
2.12268	19
2.12809	19
2.14435	19
2.14435	19
2.14435	19
2.14435	19
2.14435	19
2.14435	19
2.14436	19
2.14437	19
2.15219	19
2.1522	19
2.15221	19
2.15225	19
2.15327	19
2.15327	19
2.15327	19
2.16746	19
2.16746	19
2.16746	19
2.16747	19
2.17649	19
2.17649	19
2.17649	19
2.1765	19
2.17738	19
2.17738	19
2.17739	19
2.18054	19
2.18054	19
2.18055	19
2.18185	19
2.18185	19
2.18185	19
2.18717	19
2.18717	19
2.18719	19
2.20269	19
2.20269	19
2.2027	19
2.2027	19
2.2027	19
2.20273	19
2.20672	19
2.20672	19
2.20674	19
2.20793	19
2.20793	19
2.20793	19
2.21223	19
2.21223	19
2.21223	19
2.22319	19
2.22319	19
2.22319	19
2.2232	19
2.22683	19
2.22683	19
2.22683	19
2.22684	19
2.22684	19
2.23037	19
2.23202	19
2.23203	19
2.23203	19
2.23203	19
2.24073	19
2.24074	19
2.24074	19
2.24074	19
2.24343	19
2.24343	19
2.24343	19
2.2479	19
2.24791	19
2.24791	19
2.2622	19
2.2622	19
2.2622	19
2.26221	19
2.26769	19
2.26769	19
2.26769	19
2.2677	19
2.28044	19
2.28044	19
2.28045	19
2.28045	19
2.28046	19
2.28953	19
2.28953	19
2.28955	19
2.28955	19
2.29612	19
2.29612	19
2.29613	19
2.29613	19
2.29652	19
2.29653	19
2.29653	19
2.29654	19
2.30103	19
2.30104	19
2.30104	19
2.30985	19
2.30986	19
2.30987	19
2.31873	19
2.31873	19
2.31873	19
2.31873	19
2.31873	19
2.32201	19
2.32201	19
2.32202	19
2.3309	19
2.3309	19
2.33091	19
2.33092	19
2.33334	19
2.33335	19
2.35391	19
2.35391	19
2.35391	19
2.35391	19
2.35391	19
2.35392	19
2.36378	19
2.36378	19
2.36378	19
2.36379	19
2.36383	19
2.36384	19
2.36385	19
2.368	19
2.37152	19
2.37152	19
2.37152	19
2.3837	19
2.3837	19
2.3837	19
2.3837	19
2.3837	19
2.38902	19
2.38902	19
2.38903	19
2.40141	19
2.40141	19
2.40141	19
2.40141	19
2.40142	19
2.40142	19
2.40142	19
2.40143	19
2.40579	19
2.41993	19
2.41993	19
2.41993	19
2.41995	19
2.43782	19
2.43782	19
2.43782	19
2.43783	19
2.43783	19
2.43784	19
2.43807	19
2.43807	19
2.43807	19
2.43807	19
2.44787	19
2.44787	19
2.44787	19
2.44871	19
2.44871	19
2.44871	19
2.44871	19
2.44975	19
2.45436	19
2.45436	19
2.45436	19
2.45533	19
2.45533	19
2.45533	19
2.45535	19
2.45553	19
2.45553	19
2.46563	19
2.46563	19
2.46563	19
2.46564	19
2.46861	19
2.46949	19
2.46949	19
2.4695	19
2.4695	19
2.46951	19
2.47981	19
2.47981	19
2.47982	19
2.48106	19
2.48108	19
2.48108	19
2.48832	19
2.48833	19
2.48833	19
2.48833	19
2.51003	19
2.51003	19
2.51004	19
2.51004	19
2.51004	19
2.51005	19
2.51395	19
2.51395	19
2.51942	19
2.51942	19
2.51942	19
2.51942	19
2.51943	19
2.52026	19
2.52027	19
2.52028	19
2.52565	19
2.52565	19
2.52566	19
2.52568	19
2.52569	19
2.53208	19
2.53208	19
2.53208	19
2.53209	19
2.5321	19
2.53558	19
2.53558	19
2.53559	19
2.549	19
2.549	19
2.549	19
2.54901	19
2.54901	19
2.56353	19
2.56353	19
2.56353	19
2.56355	19
2.58452	19
2.58452	19
2.58452	19
2.58453	19
2.58453	19
2.58453	19
2.58453	19
2.58453	19
2.58684	19
2.58684	19
2.58684	19
2.58873	19
2.58873	19
2.58875	19
2.5954	19
2.59541	19
2.59542	19
2.59693	19
2.59882	19
2.60116	19
2.60116	19
2.60117	19
2.60118	19
2.60118	19
2.60559	19
2.6056	19
2.6056	19
2.60584	19
2.60584	19
2.60585	19
2.60589	19
2.6065	19
2.6065	19
2.60651	19
2.60653	19
2.61655	19
2.61655	19
2.61656	19
2.6213	19
2.6213	19
2.6213	19
2.6213	19
2.62134	19
2.62547	19
2.63455	19
2.63455	19
2.63456	19
2.63616	19
2.63616	19
2.63619	19
2.63864	19
2.63864	19
2.63864	19
2.63865	19
2.63866	19
2.64129	19
2.64132	19
2.64194	19
2.64194	19
2.64194	19
2.64195	19
2.64272	19
2.64273	19
2.64275	19
2.64938	19
2.64939	19
2.64939	19
2.6494	19
2.6494	19
2.64941	19
2.6502	19
2.6502	19
2.65021	19
2.65021	19
2.65177	19
2.65177	19
2.65181	19
2.65206	19
2.65207	19
2.65207	19
2.66212	19
2.66213	19
2.66214	19
2.66401	19
2.66513	19
2.66514	19
2.66514	19
2.66523	19
2.66614	19
2.66615	19
2.66616	19
2.66617	19
2.6662	19
2.66622	19
2.66622	19
2.66898	19
2.66898	19
2.66898	19
2.66898	19
2.66899	19
2.671	19
2.671	19
2.67108	19
2.67615	19
2.67615	19
2.67616	19
2.67618	19
2.68322	19
2.68322	19
2.68324	19
2.68326	19
2.68362	19
2.68362	19
2.68363	19
2.68364	19
2.68364	19
2.69462	19
2.69463	19
2.69474	19
2.69736	19
2.69737	19
2.69737	19
2.6974	19
2.69958	19
2.6996	19
2.70802	19
2.70802	19
2.70803	19
2.70804	19
2.70804	19
2.72089	19
2.72089	19
2.7209	19
2.7209	19
2.72091	19
2.72091	19
2.72092	19
2.72788	19
2.72788	19
2.72788	19
2.72788	19
2.72794	19
2.73614	19
2.73615	19
2.73615	19
2.73617	19
2.74187	19
2.74187	19
2.74188	19
2.74188	19
2.74188	19
2.74188	19
2.74361	19
2.74362	19
2.74365	19
2.75276	19
2.75276	19
2.75277	19
2.75277	19
2.75278	19
2.76608	19
2.76608	19
2.76609	19
2.76611	19
2.77068	19
2.77069	19
2.77069	19
2.7707	19
2.77138	19
2.77161	19
2.81245	19
2.81245	19
2.81245	19
2.81245	19
2.81245	19
2.81245	19
2.81245	19
2.81249	19
2.81258	19
2.81705	19
2.81708	19
2.82094	19
2.82095	19
2.82097	19
2.82198	19
2.82198	19
2.82206	19
2.82305	19
2.82306	19
2.82307	19
2.83411	19
2.83411	19
2.83412	19
2.83413	19
2.84815	19
2.84815	19
2.84815	19
2.84815	19
2.84815	19
2.84816	19
2.84816	19
2.84817	19
2.84817	19
2.84896	19
2.85165	19
2.85166	19
2.85167	19
2.85758	19
2.85759	19
2.8576	19
2.86209	19
2.8621	19
2.8621	19
2.86212	19
2.86213	19
2.88909	19
2.88909	19
2.88909	19
2.88909	19
2.88909	19
2.8891	19
2.88915	19
2.89473	19
2.89474	19
2.89475	19
2.89925	19
2.89926	19
2.89926	19
2.90013	19
2.90592	19
2.90592	19
2.90593	19
2.90593	19
2.91395	19
2.91395	19
2.91395	19
2.91395	19
2.91399	19
2.91922	19
2.91922	19
2.91923	19
2.92073	19
2.92074	19
2.92074	19
2.92507	19
2.92507	19
2.92507	19
2.93471	19
2.93471	19
2.93472	19
2.93473	19
2.93547	19
2.93547	19
2.93548	19
2.93553	19
2.9459	19
2.9459	19
2.9459	19
2.9459	19
2.94591	19
2.94592	19
2.94641	19
2.94642	19
2.94642	19
2.94674	19
2.94674	19
2.94674	19
2.94676	19
2.94677	19
2.95776	19
2.95776	19
2.95776	19
2.95776	19
2.95776	19
2.95778	19
2.95897	19
2.95897	19
2.95897	19
2.96624	19
2.97634	19
2.97634	19
2.97667	19
2.97674	19
2.97677	19
2.97791	19
2.97791	19
2.97793	19
2.97794	19
2.99122	19
2.99122	19
2.99122	19
2.99126	19
2.99349	19
2.99349	19
2.99349	19
2.99353	19
2.99355	19
3.00523	19
3.00523	19
3.00523	19
3.00523	19
3.00527	19
3.01561	19
3.01561	19
3.01562	19
3.01563	19
3.02249	19
3.02249	19
3.02249	19
3.0225	19
3.02251	19
3.0283	19
3.02831	19
3.02832	19
3.0507	19
3.0507	19
3.0507	19
3.05071	19
3.05082	19
3.05091	19
3.05092	19
3.05093	19
3.05146	19
3.05161	19
3.05297	19
3.05297	19
3.05309	19
3.05311	19
3.0654	19
3.06541	19
3.06541	19
3.06541	19
3.06542	19
3.06544	19
3.07755	19
3.07823	19
3.07823	19
3.07825	19
3.07826	19
3.09051	19
3.09051	19
3.09053	19
3.09055	19
3.09087	19
3.09105	19
3.09523	19
3.09523	19
3.09523	19
3.09523	19
3.09601	19
3.09738	19
3.09739	19
3.09739	19
3.09739	19
3.09797	19
3.09798	19
3.09798	19
3.09799	19
3.10179	19
3.10179	19
3.1018	19
3.1018	19
3.1018	19
3.10842	19
3.10842	19
3.10843	19
3.12567	19
3.12568	19
3.12568	19
3.12568	19
3.12568	19
3.12569	19
3.12727	19
3.12727	19
3.12728	19
3.12741	19
3.18621	19
3.18621	19
3.18621	19
3.18622	19
3.18623	19
3.18623	19
3.18624	19
3.18948	19
3.18959	19
3.18963	19
3.19092	19
3.19596	19
3.19596	19
3.19596	19
3.19596	19
3.19596	19
3.20005	19
3.20006	19
3.20008	19
3.2036	19
3.2036	19
3.20361	19
3.20361	19
3.32342	19
3.32342	19
3.32342	19
3.32343	19
3.32343	19
3.32347	19
3.32852	19
3.32852	19
3.32857	19
3.33336	19
3.33336	19
3.33336	19
3.33337	19
3.33349	19
3.33403	19
3.35544	19
3.35544	19
3.35544	19
3.35545	19
3.35546	19
3.35584	19
3.35737	19
3.35737	19
3.35738	19
3.3574	19
3.35743	19
3.36324	19
3.36324	19
3.36329	19
3.36705	19
3.36711	19
3.38607	19
3.38607	19
3.38607	19
3.38608	19
3.38614	19
3.38614	19
3.38615	19
3.39086	19
3.39086	19
3.39091	19
3.39092	19
3.39493	19
3.39494	19
3.39495	19
3.41402	19
3.41403	19
3.41403	19
3.41403	19
3.41405	19
3.41417	19
3.42081	19
3.42081	19
3.42081	19
3.42083	19
3.42085	19
3.42461	19
3.42462	19
3.42462	19
3.42473	19
3.43615	19
3.43615	19
3.43615	19
3.43615	19
3.43616	19
3.44973	19
3.44974	19
3.44975	19
3.44978	19
3.46474	19
3.46475	19
3.46475	19
3.46476	19
3.4648	19
3.46559	19
3.46567	19
3.4659	19
3.48441	19
3.48441	19
3.48441	19
3.48441	19
3.48443	19
3.48444	19
3.48453	19
3.50865	19
3.50866	19
3.50866	19
3.50866	19
3.50866	19
3.50867	19
3.50868	19
3.52406	19
3.52406	19
3.52407	19
3.52407	19
3.5241	19
3.54273	19
3.54273	19
3.54273	19
3.54273	19
3.54279	19
3.54391	19
3.54392	19
3.54392	19
3.54394	19
3.54905	19
3.5491	19
3.56944	19
3.56944	19
3.56945	19
3.56945	19
3.56947	19
3.56947	19
3.57293	19
3.57293	19
3.57294	19
3.57294	19
3.57297	19
3.57749	19
3.57749	19
3.57754	19
3.58815	19
3.58816	19
3.58816	19
3.58816	19
3.58818	19
3.5902	19
3.5902	19
3.59021	19
3.59036	19
3.59226	19
3.59226	19
3.59227	19
3.59235	19
3.59236	19
3.59668	19
3.5968	19
3.59682	19
3.59695	19
3.59695	19
3.59695	19
3.597	19
3.60096	19
3.60097	19
3.60098	19
3.60118	19
3.60122	19
3.60851	19
3.60851	19
3.60852	19
3.61511	19
3.61512	19
3.61512	19
3.6201	19
3.6201	19
3.62011	19
3.63157	19
3.63157	19
3.63158	19
3.63158	19
3.63158	19
3.63159	19
3.63161	19
3.63164	19
3.63768	19
3.63768	19
3.63768	19
3.64375	19
3.64376	19
3.64378	19
3.64379	19
3.644	19
3.644	19
3.64402	19
3.64407	19
3.6498	19
3.6498	19
3.6498	19
3.64988	19
3.67325	19
3.67326	19
3.67327	19
3.67327	19
3.67328	19
3.67332	19
3.68265	19
3.68266	19
3.68267	19
3.68405	19
3.68406	19
3.68406	19
3.68406	19
3.68409	19
3.69877	19
3.69878	19
3.69878	19
3.69881	19
3.7225	19
3.72251	19
3.72251	19
3.72252	19
3.72253	19
3.72258	19
3.72647	19
3.72647	19
3.72647	19
3.72648	19
3.74719	19
3.74719	19
3.74719	19
3.7472	19
3.74724	19
3.74938	19
3.74938	19
3.74938	19
3.74959	19
3.75939	19
3.75939	19
3.75939	19
3.7594	19
3.75942	19
3.77337	19
3.77337	19
3.77338	19
3.77339	19
3.77362	19
3.78779	19
3.78781	19
3.78783	19
3.78786	19
3.78795	19
3.7886	19
3.78861	19
3.78862	19
3.78869	19
3.7983	19
3.79832	19
3.79842	19
3.81265	19
3.81265	19
3.81265	19
3.81282	19
3.81558	19
3.81558	19
3.81558	19
3.81568	19
3.87617	19
3.87618	19
3.87618	19
3.87618	19
3.87621	19
3.87628	19
3.87649	19
3.8765	19
3.87663	19
3.88658	19
3.88659	19
3.8866	19
3.88665	19
3.91535	19
3.91535	19
3.91535	19
3.91535	19
3.91535	19
3.91537	19
3.9154	19
3.93002	19
3.93003	19
3.93003	19
3.93004	19
3.93007	19
3.95889	19
3.9589	19
3.95892	19
3.95893	19
3.95894	19
3.95912	19
3.95918	19
4.05713	19
4.05713	19
4.05714	19
4.05714	19
4.05715	19
4.05725	19
4.05734	19
4.06388	19
4.06389	19
4.06393	19
4.07568	19
4.07568	19
4.07568	19
4.07568	19
4.07569	19
4.07569	19
4.0757	19
4.07586	19
4.08606	19
4.08607	19
4.08607	19
4.08607	19
4.08623	19
4.08632	19
4.08632	19
4.08633	19
4.08661	19
4.08779	19
4.08781	19
4.08782	19
4.09225	19
4.09226	19
4.09226	19
4.09229	19
4.09245	19
4.0991	19
4.0991	19
4.0991	19
4.09912	19
4.09913	19
4.12541	19
4.12544	19
4.12545	19
4.12549	19
4.12802	19
4.12803	19
4.12807	19
4.12808	19
4.12817	19
4.12817	19
4.12817	19
4.12837	19
4.12894	19
4.12894	19
4.12895	19
4.12923	19
4.17233	19
4.17233	19
4.17234	19
4.17234	19
4.17234	19
4.17242	19
4.17252	19
4.17252	19
4.21294	19
4.21294	19
4.21294	19
4.21294	19
4.21296	19
4.21301	19
4.2132	19
4.21459	19
4.21459	19
4.2146	19
4.21461	19
4.21465	19
4.2446	19
4.2446	19
4.2446	19
4.2446	19
4.24603	19
4.2505	19
4.2505	19
4.25051	19
4.25215	19
4.33879	19
4.33879	19
4.3388	19
4.3388	19
4.33883	19
4.33885	19
4.33892	19
4.33899	19
4.58842	19
4.58843	19
4.58844	19
4.58845	19
4.58848	19
4.58851	19
4.58857	19
4.58863	19
4.59182	19
4.59183	19
4.60606	19
4.60607	19
4.60609	19
4.60615	19
4.60665	19
4.79083	19
4.79083	19
4.79084	19
4.79087	19
4.79087	19
4.79088	19
4.79089	19
4.80546	19
4.80552	19
4.80552	19
4.80554	19
4.80556	19
4.82174	19
4.82174	19
4.82174	19
4.82174	19
4.82175	19
4.82178	19
4.8389	19
4.83891	19
4.83891	19
4.83893	19
4.90169	19
4.9017	19
4.90171	19
4.90171	19
4.90171	19
4.90173	19
4.90179	19
4.90201	19
4.92789	19
4.9279	19
4.9279	19
4.92794	19
4.92834	19
5.06366	19
5.06366	19
5.06366	19
5.06368	19
5.06369	19
5.06381	19
5.06434	19
5.08922	19
5.08923	19
5.08923	19
5.08949	19
5.10135	19
5.10135	19
5.10135	19
5.10135	19
5.10136	19
5.10137	19
5.10163	19
5.14727	19
5.14727	19
5.14728	19
5.14728	19
5.14731	19
5.14732	19
5.14737	19
5.23928	19
5.23929	19
5.23929	19
5.23931	19
5.23932	19
5.23945	19
5.23955	19
5.29726	19
5.29727	19
5.29727	19
5.29728	19
5.29729	19
5.29764	19
5.2977	19
5.35522	19
5.35525	19
5.35528	19
5.35528	19
5.35529	19
5.3553	19
5.35538	19
5.41786	19
5.41786	19
5.41787	19
5.41788	19
5.41791	19
5.41794	19
5.41802	19
5.41927	19
5.41927	19
5.41928	19
5.4193	19
5.41982	19
5.42028	19
5.42029	19
5.42084	19
5.48532	19
5.48532	19
5.48533	19
5.48533	19
5.48533	19
5.48534	19
5.48534	19
5.4854	19
5.69796	19
5.69796	19
5.69796	19
5.69797	19
5.698	19
5.94994	19
5.94994	19
5.94995	19
5.94996	19
5.94997	19
5.94998	19
5.95	19
5.95037	19
5.95045	19
6.03412	19
6.03413	19
6.03413	19
6.03416	19
6.03417	19
6.03453	19
6.03455	19
6.03459	19
6.51724	19
6.51726	19
6.51727	19
6.51728	19
6.51731	19
6.51744	19
6.51808	19
6.5182	19
6.54032	19
6.54033	19
6.54034	19
6.54034	19
6.54035	19
6.54038	19
6.77064	19
6.77064	19
6.77065	19
6.77065	19
6.77076	19
6.77116	19
6.7717	19
7.19807	19
7.19807	19
7.19807	19
7.19808	19
7.19809	19
7.19844	19
7.19859	19
7.24458	19
7.24458	19
7.24458	19
7.24458	19
7.24458	19
7.24458	19
7.2446	19
7.24469	19
7.32283	19
7.32283	19
7.32285	19
7.32286	19
7.32288	19
7.3229	19
7.32319	19
7.69528	19
7.69531	19
7.69531	19
7.69531	19
7.69533	19
7.69537	19
7.88823	19
7.88824	19
7.88824	19
7.88825	19
7.88829	19
7.88832	19
7.88879	19
7.8889	19
7.89246	19
7.98582	19
7.98582	19
7.98583	19
7.98584	19
7.98585	19
7.98585	19
7.98586	19
7.98591	19
7.98615	19
8.37073	19
8.37073	19
8.37074	19
8.37074	19
8.37084	19
8.63711	19
8.63711	19
8.63713	19
8.63713	19
8.63719	19
8.63721	19
8.63727	19
8.63759	19
8.72973	19
8.72974	19
8.72975	19
8.72975	19
8.72983	19
8.72989	19
8.73064	19
8.75574	19
8.75574	19
8.75574	19
8.75575	19
8.75581	19
8.75641	19
9.17226	19
9.17227	19
9.17227	19
9.17228	19
9.17228	19
9.1723	19
9.17246	19
9.1728	19
9.29536	19
9.29536	19
9.29539	19
9.29545	19
9.29557	19
9.32105	19
9.32107	19
9.32111	19
9.32117	19
9.32141	19
9.55488	19
9.55489	19
9.55491	19
9.55492	19
9.55494	19
9.55497	19
9.55504	19
9.55518	19
9.55598	19
9.92678	19
9.92678	19
9.9268	19
9.9268	19
9.92684	19
9.92685	19
9.92688	19
10.072	19
10.072	19
10.0721	19
10.0721	19
10.0721	19
10.0721	19
10.0727	19
10.0734	19
10.1596	19
10.1596	19
10.1596	19
10.1596	19
10.1597	19
10.1599	19
10.16	19
10.1601	19
10.1779	19
10.1779	19
10.1779	19
10.1783	19
10.1784	19
10.1792	19
10.19	19
10.2057	19
10.2057	19
10.2058	19
10.2058	19
10.2059	19
10.895	19
10.895	19
10.895	19
10.8951	19
10.8952	19
10.8957	19
10.8958	19
10.8965	19
10.9756	19
10.9756	19
10.9756	19
10.9756	19
10.9757	19
10.9757	19
10.9759	19
10.9765	19
11.3705	19
11.3705	19
11.3705	19
11.3705	19
11.3705	19
11.3707	19
11.3711	19
11.372	19
11.4436	19
11.4436	19
11.4436	19
11.4436	19
11.4436	19
11.4436	19
11.4436	19
11.5582	19
11.5582	19
11.5582	19
11.5582	19
11.5583	19
11.6295	19
11.6295	19
11.6295	19
11.6295	19
11.6295	19
11.6295	19
11.6295	19
11.6295	19
11.6295	19
11.6383	19
11.6384	19
11.6388	19
11.7501	19
11.7501	19
11.7501	19
11.7501	19
11.7501	19
11.7502	19
11.7503	19
12.0504	19
12.0504	19
12.0504	19
12.0504	19
12.0505	19
12.0509	19
12.0511	19
12.1409	19
12.1409	19
12.1409	19
12.1409	19
12.1409	19
12.141	19
12.1412	19
12.4373	19
12.4373	19
12.4373	19
12.4373	19
12.4373	19
12.4373	19
12.4376	19
12.5814	19
12.5814	19
12.5814	19
12.5814	19
12.5814	19
12.5815	19
12.5817	19
12.5953	19
12.5954	19
12.5963	19
12.6769	19
12.6769	19
12.6769	19
12.6769	19
12.677	19
12.6771	19
12.6773	19
13.083	19
13.083	19
13.083	19
13.083	19
13.083	19
13.0831	19
13.0835	19
13.3871	19
13.3871	19
13.3871	19
13.3871	19
13.3872	19
13.3872	19
13.3872	19
13.4908	19
13.4908	19
13.4908	19
13.4909	19
13.4909	19
13.491	19
13.4914	19
13.5338	19
13.5338	19
13.5338	19
13.5338	19
13.5338	19
13.5339	19
13.5339	19
13.5344	19
13.5433	19
13.5433	19
13.5433	19
13.5434	19
13.7947	19
13.7947	19
13.7947	19
13.7947	19
13.7947	19
13.7948	19
13.7955	19
13.8397	19
13.8397	19
13.8398	19
13.8398	19
13.8398	19
13.8399	19
13.8401	19
13.841	19
14.3593	19
14.3593	19
14.3593	19
14.3593	19
14.3593	19
14.3593	19
14.3597	19
14.36	19
14.6166	19
14.6166	19
14.6166	19
14.6166	19
14.6166	19
14.617	19
14.6172	19
14.6182	19
14.6312	19
14.6314	19
14.6319	19
14.6426	19
14.6433	19
14.6436	19
14.6438	19
15.2587	19
15.2587	19
15.2587	19
15.2588	19
15.2589	19
15.3561	19
15.3561	19
15.3561	19
15.3561	19
15.3562	19
15.3562	19
15.3565	19
15.3583	19
15.6873	19
15.6873	19
15.6874	19
15.6874	19
15.6875	19
15.7942	19
15.7942	19
15.7942	19
15.7942	19
15.7942	19
15.7944	19
15.7949	19
15.797	19
16.0062	19
16.0062	19
16.0062	19
16.0062	19
16.0062	19
16.1127	19
16.1128	19
16.1128	19
16.1128	19
16.1128	19
16.1128	19
16.113	19
16.7482	19
16.7482	19
16.7482	19
16.7482	19
16.7482	19
16.7483	19
16.7486	19
16.7489	19
16.893	19
16.893	19
16.893	19
16.8931	19
16.8931	19
16.9474	19
16.9474	19
16.9474	19
16.9474	19
16.9475	19
16.9476	19
16.9775	19
16.9776	19
16.9776	19
17.0791	19
17.0791	19
17.0791	19
17.0791	19
17.0791	19
17.0791	19
17.0792	19
17.0794	19
17.1211	19
17.1211	19
17.1211	19
17.1212	19
17.1212	19
17.1213	19
17.1216	19
17.1352	19
17.9764	19
17.9764	19
17.9764	19
17.9764	19
17.9765	19
17.9767	19
17.9768	19
17.9787	19
18.0149	19
18.0149	19
18.0149	19
18.0149	19
18.015	19
18.0388	19
18.0388	19
18.0388	19
18.0388	19
18.0389	19
18.0392	19
18.0396	19
18.042	19
18.044	19
18.344	19
18.344	19
18.344	19
18.344	19
18.3441	19
18.3996	19
18.3996	19
18.3996	19
18.3996	19
18.3996	19
18.3996	19
18.4871	19
18.4871	19
18.4871	19
18.4871	19
18.4872	19
18.4872	19
18.4876	19
18.4878	19
18.4908	19
18.4909	19
18.4909	19
18.4909	19
18.7687	19
18.7687	19
18.7687	19
18.7688	19
18.7688	19
18.7691	19
18.7692	19
18.9463	19
18.9463	19
18.9463	19
18.9464	19
18.9465	19
18.9469	19
18.947	19
19.4306	19
19.4306	19
19.4306	19
19.4306	19
19.4307	19
19.4308	19
19.4323	19
19.5044	19
19.5045	19
19.5045	19
19.5045	19
19.5045	19
19.6669	19
19.6669	19
19.6669	19
19.6669	19
19.6669	19
19.667	19
19.667	19
19.667	19
19.6675	19
19.6712	19
19.7861	19
19.7861	19
19.7861	19
19.7861	19
19.7861	19
19.7861	19
19.7872	19
19.8199	19
19.8199	19
19.8199	19
19.8199	19
19.82	19
19.8559	19
19.8559	19
19.8559	19
19.8559	19
19.856	19
20.2455	19
20.2455	19
20.2455	19
20.2455	19
20.2455	19
20.2455	19
20.2457	19
20.2458	19
20.2469	19
20.2605	19
20.4419	19
20.4419	19
20.4419	19
20.4419	19
20.442	19
20.4423	19
20.9152	19
20.9152	19
20.9152	19
20.9152	19
20.9152	19
20.9152	19
20.9152	19
20.9515	19
20.9515	19
20.9515	19
20.9515	19
20.9516	19
20.9543	19
20.9543	19
20.9543	19
20.9543	19
21.1108	19
21.1108	19
21.1108	19
21.1108	19
21.1108	19
21.1109	19
21.1255	19
21.1256	19
21.1256	19
21.1256	19
21.1256	19
21.1463	19
21.1463	19
21.1464	19
21.1464	19
21.1933	19
21.1933	19
21.1933	19
21.1933	19
21.1933	19
21.1933	19
21.2058	19
21.2058	19
21.2059	19
21.2059	19
21.2064	19
21.4889	19
21.4889	19
21.4889	19
21.4889	19
21.4891	19
21.4892	19
21.4892	19
21.6448	19
21.6448	19
21.6448	19
21.6448	19
21.6448	19
21.6449	19
21.645	19
21.7554	19
21.7554	19
21.7554	19
21.7554	19
21.7554	19
21.7555	19
21.7555	19
22.4779	19
22.4779	19
22.4779	19
22.4779	19
22.478	19
22.4783	19
22.8205	19
22.8205	19
22.8205	19
22.8206	19
22.8206	19
23.5402	19
23.5402	19
23.5402	19
23.5402	19
23.5402	19
23.5405	19
24.0562	19
24.0562	19
24.0562	19
24.0563	19
24.0563	19
24.0564	19
24.0564	19
24.3309	19
24.3309	19
24.3309	19
24.3309	19
24.331	19
24.331	19
24.3316	19
24.4918	19
24.4918	19
24.4918	19
24.4918	19
24.4918	19
24.4918	19
24.7518	19
24.7518	19
24.7518	19
24.7518	19
24.7519	19
24.7519	19
24.9663	19
24.9663	19
24.9663	19
24.9664	19
24.9664	19
24.9664	19
25.0485	19
25.0485	19
25.0485	19
25.0486	19
25.0486	19
25.0486	19
25.054	19
25.054	19
25.0542	19
25.0545	19
25.843	19
25.843	19
25.843	19
25.843	19
25.8431	19
25.8431	19
25.8432	19
25.8578	19
25.8579	19
25.8579	19
25.8579	19
25.9788	19
25.9788	19
25.9789	19
25.9789	19
25.979	19
25.9791	19
25.9791	19
26.297	19
26.297	19
26.297	19
26.297	19
26.2971	19
26.2973	19
26.2973	19
26.3407	19
26.3407	19
26.3407	19
26.3408	19
26.3408	19
26.3409	19
26.4915	19
26.4916	19
26.4916	19
26.4916	19
26.4916	19
26.5865	19
26.5865	19
26.5865	19
26.5865	19
26.5865	19
26.5867	19
26.5873	19
26.6125	19
26.6125	19
26.6125	19
26.6125	19
26.6128	19
26.8373	19
26.8373	19
26.8373	19
26.8373	19
26.8374	19
26.8376	19
26.854	19
26.9316	19
26.9316	19
26.9316	19
26.9316	19
26.9317	19
26.9322	19
26.9955	19
26.9955	19
26.9955	19
26.9955	19
26.9955	19
26.9958	19
26.9959	19
27.0373	19
27.0373	19
27.0373	19
27.0373	19
27.0373	19
27.0374	19
27.0834	19
27.0834	19
27.0834	19
27.0834	19
27.0836	19
27.5243	19
27.5243	19
27.5243	19
27.5244	19
27.5244	19
27.5245	19
27.5531	19
27.5531	19
27.5532	19
27.5532	19
27.9755	19
27.9755	19
27.9755	19
27.9755	19
27.9755	19
27.976	19
28.0607	19
28.0607	19
28.0607	19
28.0607	19
28.0607	19
28.0612	19
28.3766	19
28.3766	19
28.3766	19
28.3767	19
28.3767	19
28.3769	19
28.7245	19
28.7245	19
28.7245	19
28.7245	19
28.7245	19
28.9314	19
28.9314	19
28.9314	19
28.9314	19
28.9315	19
28.9315	19
28.9318	19
28.9705	19
28.9705	19
28.9705	19
28.9705	19
28.9705	19
29.2624	19
29.2624	19
29.2624	19
29.2624	19
29.2625	19
29.2633	19
29.3405	19
29.3405	19
29.3405	19
29.3405	19
29.3406	19
29.3406	19
29.3407	19
29.4556	19
29.4556	19
29.4556	19
29.4557	19
29.4557	19
29.456	19
29.456	19
29.4979	19
29.4979	19
29.4979	19
29.498	19
29.498	19
29.4984	19
29.4987	19
29.5799	19
29.5799	19
29.5799	19
29.5799	19
29.5801	19
29.722	19
29.722	19
29.722	19
29.722	19
29.7221	19
29.7225	19
29.7228	19
29.7413	19
29.7413	19
29.7414	19
29.8204	19
29.8204	19
29.8204	19
29.8205	19
29.8205	19
29.8206	19
29.9204	19
29.9204	19
29.9204	19
29.9204	19
29.9205	19
29.9205	19
29.9207	19
29.9208	19
30.0592	19
30.0592	19
30.0592	19
30.0592	19
30.0593	19
30.0595	19
30.5202	19
30.5202	19
30.5203	19
30.5203	19
30.5203	19
30.5208	19
30.5888	19
30.5888	19
30.5888	19
30.5888	19
30.5889	19
30.9391	19
30.9391	19
30.9391	19
30.9391	19
30.9392	19
30.9394	19
30.9395	19
31.0004	19
31.0004	19
31.0004	19
31.0004	19
31.0006	19
31.0008	19
31.0009	19
31.0926	19
31.0926	19
31.0926	19
31.0926	19
31.0926	19
31.2156	19
31.2156	19
31.2156	19
31.2157	19
31.2157	19
31.2158	19
31.2164	19
31.2862	19
31.2862	19
31.2863	19
31.2863	19
31.2863	19
31.2864	19
31.2865	19
31.3156	19
31.3156	19
31.3156	19
31.3156	19
31.5576	19
31.5576	19
31.5577	19
31.5577	19
31.5578	19
31.5578	19
31.5578	19
32.0787	19
32.0787	19
32.0787	19
32.0787	19
32.0787	19
32.0787	19
32.0866	19
32.0866	19
32.0867	19
32.0867	19
32.0869	19
32.5094	19
32.5094	19
32.5094	19
32.5094	19
32.5095	19
32.5095	19
32.55	19
32.55	19
32.55	19
32.5501	19
32.5501	19
32.5506	19
32.7868	19
32.7868	19
32.7868	19
32.7868	19
32.7869	19
32.7871	19
32.7872	19
33.5026	19
33.5026	19
33.5026	19
33.5026	19
33.5027	19
33.5028	19
33.5271	19
33.5271	19
33.5271	19
33.5272	19
33.6495	19
33.6495	19
33.6496	19
33.6496	19
33.6496	19
33.6497	19
33.773	19
33.773	19
33.7731	19
33.7731	19
33.7731	19
33.7732	19
34.308	19
34.308	19
34.308	19
34.308	19
34.3082	19
34.3083	19
34.3083	19
34.4952	19
34.4952	19
34.4953	19
34.4953	19
34.4953	19
34.4955	19
34.5432	19
34.5432	19
34.5432	19
34.5432	19
34.5432	19
34.5432	19
34.5432	19
34.6099	19
34.6099	19
34.6099	19
34.61	19
34.61	19
34.6101	19
34.8144	19
34.8144	19
34.8144	19
34.8144	19
34.8144	19
34.8144	19
34.8146	19
35.7458	19
35.7458	19
35.7458	19
35.7458	19
35.7459	19
35.746	19
35.8036	19
35.8036	19
35.8036	19
35.8036	19
35.8036	19
35.8036	19
35.8039	19
36.2143	19
36.2143	19
36.2143	19
36.2143	19
36.2144	19
36.2144	19
36.6837	19
36.6837	19
36.6837	19
36.6837	19
36.6837	19
36.8117	19
36.8117	19
36.8117	19
36.8117	19
36.8119	19
36.8119	19
36.8121	19
37.1731	19
37.1731	19
37.1731	19
37.1731	19
37.1731	19
37.1731	19
37.3657	19
37.3657	19
37.3657	19
37.3657	19
37.3657	19
37.3658	19
37.4548	19
37.4548	19
37.4549	19
37.4549	19
37.4549	19
37.4549	19
37.4628	19
37.4628	19
37.4634	19
37.4772	19
37.4772	19
37.4772	19
37.4772	19
38.1239	19
38.1239	19
38.1239	19
38.1239	19
38.124	19
38.1241	19
38.3305	19
38.3305	19
38.3305	19
38.3305	19
38.3306	19
38.3306	19
38.3344	19
38.44	19
38.44	19
38.4401	19
38.4401	19
38.4402	19
38.4402	19
38.4556	19
38.4556	19
38.4556	19
38.4558	19
38.4558	19
38.4559	19
38.4562	19
38.5518	19
38.5518	19
38.5518	19
38.5519	19
38.5519	19
38.731	19
38.731	19
38.731	19
38.7311	19
38.7311	19
38.7311	19
39.0401	19
39.0401	19
39.0401	19
39.0401	19
39.0402	19
39.0406	19
39.0409	19
39.1462	19
39.1462	19
39.1462	19
39.1462	19
39.1462	19
39.1466	19
39.1514	19
39.1514	19
39.1517	19
39.1683	19
39.1683	19
39.1684	19
39.1686	19
39.3326	19
39.3326	19
39.3326	19
39.3327	19
39.3327	19
39.3327	19
39.3544	19
39.3545	19
39.3545	19
39.3545	19
39.3548	19
39.5681	19
39.5682	19
39.5682	19
39.5682	19
39.5682	19
39.5899	19
39.5901	19
39.5904	19
39.5912	19
39.8034	19
39.8034	19
39.8034	19
39.8034	19
39.8034	19
39.8035	19
39.8139	19
39.8139	19
39.814	19
39.8143	19
40.2062	19
40.2062	19
40.2062	19
40.2062	19
40.2062	19
40.2067	19
40.3056	19
40.3056	19
40.3056	19
40.3057	19
40.3057	19
40.3057	19
40.3062	19
40.4551	19
40.4551	19
40.4551	19
40.4551	19
40.4551	19
40.4552	19
41.2772	19
41.2772	19
41.2772	19
41.2772	19
41.2773	19
41.2774	19
41.3673	19
41.3673	19
41.3673	19
41.3674	19
41.3674	19
41.3821	19
41.3821	19
41.3822	19
41.3823	19
41.459	19
41.459	19
41.459	19
41.4591	19
41.4591	19
41.4591	19
41.4592	19
41.5192	19
41.5192	19
41.5192	19
41.5192	19
41.5192	19
41.7754	19
41.7754	19
41.7754	19
41.7754	19
41.7754	19
41.7755	19
42.3063	19
42.3063	19
42.3063	19
42.3063	19
42.3064	19
42.3065	19
42.3066	19
42.3067	19
42.3281	19
42.3281	19
42.3282	19
42.3284	19
42.402	19
42.402	19
42.402	19
42.402	19
42.402	19
42.4021	19
42.5706	19
42.5706	19
42.5706	19
42.5706	19
42.5706	19
42.5708	19
42.6179	19
42.6179	19
42.6179	19
42.6179	19
42.618	19
42.618	19
42.6181	19
42.6791	19
42.6791	19
42.6791	19
42.6791	19
42.6792	19
42.6792	19
43.263	19
43.263	19
43.263	19
43.2631	19
43.2631	19
43.2632	19
43.7376	19
43.7376	19
43.7376	19
43.7376	19
43.7376	19
43.7376	19
43.7379	19
43.7813	19
43.7813	19
43.7813	19
43.7814	19
43.7814	19
43.7815	19
43.8127	19
43.8127	19
43.8127	19
43.8128	19
43.8976	19
43.8976	19
43.8976	19
43.8977	19
43.8978	19
43.8978	19
43.8978	19
44.0384	19
44.0384	19
44.0384	19
44.0385	19
44.0385	19
44.0387	19
44.2393	19
44.2393	19
44.2393	19
44.2393	19
44.2393	19
44.2394	19
44.2629	19
44.2629	19
44.2631	19
44.2635	19
44.6294	19
44.6294	19
44.6294	19
44.6294	19
44.6295	19
45.0865	19
45.0865	19
45.0865	19
45.0865	19
45.0865	19
45.0867	19
45.0874	19
45.2619	19
45.2619	19
45.2619	19
45.2619	19
45.2619	19
45.2625	19
45.4361	19
45.4361	19
45.4361	19
45.4361	19
45.4362	19
45.4363	19
45.7192	19
45.7192	19
45.7193	19
45.7193	19
45.7193	19
45.7195	19
45.7363	19
45.7363	19
45.7363	19
45.7363	19
45.7365	19
46.0882	19
46.0882	19
46.0882	19
46.0882	19
46.0883	19
46.0888	19
46.5958	19
46.5958	19
46.5958	19
46.5958	19
46.5958	19
46.5959	19
46.7395	19
46.7395	19
46.7395	19
46.7395	19
46.7395	19
46.7397	19
46.8131	19
46.8131	19
46.8131	19
46.8131	19
46.8132	19
46.8136	19
47.9986	19
47.9986	19
47.9986	19
47.9986	19
47.9986	19
47.9987	19
47.9987	19
47.9987	19
47.9987	19
48.4662	19
48.4662	19
48.4663	19
48.4663	19
48.4663	19
48.5298	19
48.5298	19
48.5298	19
48.5298	19
48.5299	19
48.5299	19
48.5564	19
48.5564	19
48.5565	19
48.5566	19
48.5566	19
48.6657	19
48.6657	19
48.6657	19
48.6657	19
48.6658	19
48.6662	19
48.6662	19
49.6147	19
49.6147	19
49.6147	19
49.6147	19
49.6147	19
49.615	19
49.7129	19
49.7129	19
49.7129	19
49.7129	19
49.7131	19
50.8206	19
50.8206	19
50.8206	19
50.8206	19
50.8206	19
50.8206	19
51.0691	19
51.0691	19
51.0691	19
51.0691	19
51.0691	19
51.0692	19
51.0692	19
51.0774	19
51.0774	19
51.0777	19
51.479	19
51.479	19
51.479	19
51.479	19
51.479	19
51.4791	19
51.4796	19
51.5388	19
51.5388	19
51.5388	19
51.5388	19
51.5388	19
51.5391	19
51.5392	19
51.592	19
51.592	19
51.592	19
51.592	19
51.592	19
51.592	19
51.7882	19
51.7882	19
51.7882	19
51.7882	19
51.7883	19
51.7892	19
51.7892	19
51.9504	19
51.9504	19
51.9504	19
51.9504	19
51.9504	19
51.9505	19
52.0937	19
52.0937	19
52.0937	19
52.0938	19
52.0938	19
52.094	19
52.4673	19
52.4673	19
52.4673	19
52.4674	19
52.4675	19
52.597	19
52.597	19
52.597	19
52.5971	19
52.5971	19
52.5971	19
52.5972	19
52.5974	19
52.781	19
52.781	19
52.781	19
52.781	19
52.7811	19
52.7812	19
52.9238	19
52.9238	19
52.9238	19
52.9238	19
52.9239	19
52.9242	19
53.2357	19
53.2357	19
53.2357	19
53.2358	19
53.2358	19
53.2358	19
53.2364	19
53.8433	19
53.8433	19
53.8433	19
53.8434	19
53.8436	19
53.8437	19
53.9912	19
53.9912	19
53.9912	19
53.9912	19
53.9913	19
53.9915	19
54.0978	19
54.0978	19
54.0979	19
54.0979	19
54.098	19
54.098	19
54.0985	19
54.98	19
54.98	19
54.98	19
54.9801	19
54.9801	19
55.0865	19
55.0865	19
55.0866	19
55.0866	19
55.0866	19
55.1048	19
55.1049	19
55.105	19
55.105	19
55.1051	19
55.4461	19
55.4461	19
55.4461	19
55.4461	19
55.4461	19
55.71	19
55.71	19
55.71	19
55.71	19
55.71	19
55.7101	19
55.7102	19
56.0909	19
56.091	19
56.091	19
56.091	19
56.091	19
56.0913	19
56.0915	19
56.3941	19
56.3941	19
56.3941	19
56.3941	19
56.3941	19
56.3941	19
57.0229	19
57.023	19
57.023	19
57.023	19
57.0231	19
57.0232	19
57.1607	19
57.1607	19
57.1607	19
57.1607	19
57.1608	19
57.1609	19
57.161	19
57.4948	19
57.4948	19
57.4948	19
57.4949	19
57.4951	19
57.4952	19
58.0958	19
58.0958	19
58.0959	19
58.0959	19
58.0959	19
58.4143	19
58.4143	19
58.4144	19
58.4144	19
58.4144	19
58.4148	19
58.5907	19
58.5908	19
58.5908	19
58.5908	19
58.5908	19
58.5909	19
58.5909	19
58.5912	19
58.7273	19
58.7273	19
58.7273	19
58.7273	19
58.7273	19
58.7274	19
58.8803	19
58.8803	19
58.8803	19
58.8804	19
58.8804	19
58.8804	19
59.0327	19
59.0327	19
59.0328	19
59.0328	19
59.0328	19
59.0329	19
60.4817	19
60.4817	19
60.4818	19
60.4818	19
60.4818	19
60.4821	19
61.6958	19
61.6958	19
61.6958	19
61.6958	19
61.6958	19
61.6961	19
61.7213	19
61.7213	19
61.7213	19
61.7213	19
61.9128	19
61.9128	19
61.9128	19
61.9128	19
61.9129	19
61.9129	19
62.2942	19
62.2942	19
62.2942	19
62.2942	19
62.2942	19
62.2945	19
62.4459	19
62.4459	19
62.446	19
62.446	19
62.446	19
62.446	19
62.4462	19
62.599	19
62.599	19
62.5991	19
62.5991	19
62.5992	19
62.5994	19
63.8075	19
63.8075	19
63.8075	19
63.8076	19
63.8076	19
63.8076	19
64.1068	19
64.1068	19
64.1068	19
64.1068	19
64.1068	19
64.1069	19
64.1069	19
64.3025	19
64.3025	19
64.3025	19
64.3025	19
64.3026	19
64.3031	19
64.3047	19
64.4554	19
64.4554	19
64.4554	19
64.4554	19
64.4555	19
64.4555	19
64.4557	19
64.5061	19
64.5061	19
64.5061	19
64.5062	19
64.5062	19
64.5063	19
64.8164	19
64.8164	19
64.8164	19
64.8164	19
64.8165	19
65.0304	19
65.0304	19
65.0305	19
65.0305	19
65.0305	19
65.0305	19
65.0308	19
65.0308	19
65.0309	19
65.032	19
65.0321	19
65.0321	19
65.1963	19
65.1963	19
65.1964	19
65.1964	19
65.1965	19
65.1965	19
65.5991	19
65.5991	19
65.5991	19
65.5991	19
65.5992	19
65.5992	19
65.6692	19
65.6692	19
65.6692	19
65.6692	19
65.6693	19
65.7887	19
65.7887	19
65.7887	19
65.7887	19
65.7887	19
65.7888	19
65.7898	19
66.1608	19
66.1608	19
66.1608	19
66.1608	19
66.1611	19
66.1611	19
66.1612	19
66.1944	19
66.1944	19
66.1944	19
66.1951	19
66.2843	19
66.2843	19
66.2844	19
66.2844	19
66.2844	19
66.2846	19
66.3961	19
66.3961	19
66.3962	19
66.3962	19
66.3962	19
66.3963	19
66.4372	19
66.4373	19
66.4373	19
66.4373	19
66.4373	19
66.4837	19
66.4837	19
66.4838	19
66.4838	19
66.4838	19
66.484	19
66.5366	19
66.5366	19
66.5366	19
66.5366	19
66.5367	19
66.7002	19
66.7002	19
66.7003	19
66.7003	19
66.7003	19
66.7004	19
66.701	19
67.8481	19
67.8481	19
67.8481	19
67.8482	19
67.8482	19
67.8482	19
67.8725	19
67.8725	19
67.8725	19
67.8726	19
68.5559	19
68.5559	19
68.5559	19
68.5559	19
68.556	19
68.5562	19
68.5564	19
68.6021	19
68.6021	19
68.6021	19
68.6021	19
68.6021	19
68.6022	19
68.6163	19
68.6163	19
68.6163	19
68.6163	19
68.7615	19
68.7615	19
68.7615	19
68.7615	19
68.7619	19
68.8671	19
68.8671	19
68.8671	19
68.8671	19
68.8671	19
68.8671	19
69.1498	19
69.1498	19
69.1498	19
69.1499	19
69.15	19
69.1501	19
69.183	19
69.183	19
69.183	19
69.1831	19
69.1832	19
69.1832	19
69.343	19
69.343	19
69.343	19
69.3431	19
69.3431	19
69.3432	19
69.3432	19
69.4479	19
69.4479	19
69.4479	19
69.4479	19
69.448	19
69.5598	19
69.5599	19
69.5599	19
69.5599	19
69.5599	19
69.5601	19
69.8765	19
69.8765	19
69.8766	19
69.8766	19
69.8766	19
69.8766	19
70.0679	19
70.0679	19
70.0679	19
70.0679	19
70.068	19
70.068	19
70.0683	19
70.0684	19
70.4839	19
70.4839	19
70.4839	19
70.4839	19
70.484	19
70.484	19
70.5061	19
70.5062	19
70.5063	19
70.5063	19
70.763	19
70.763	19
70.763	19
70.763	19
70.7631	19
70.7633	19
71.1903	19
71.1903	19
71.1903	19
71.1903	19
71.1903	19
71.1905	19
71.7126	19
71.7126	19
71.7126	19
71.7127	19
71.7128	19
71.7243	19
71.7243	19
71.7244	19
71.7244	19
71.7245	19
71.7245	19
71.7246	19
71.9648	19
71.9648	19
71.9648	19
71.9648	19
71.9649	19
71.9923	19
71.9923	19
71.9923	19
71.9928	19
72.0913	19
72.0914	19
72.0914	19
72.0914	19
72.0914	19
72.0916	19
72.0917	19
73.3912	19
73.3913	19
73.3913	19
73.3913	19
73.3913	19
73.5419	19
73.5419	19
73.542	19
73.542	19
73.542	19
73.5421	19
73.5423	19
73.5907	19
73.5907	19
73.5907	19
73.5907	19
73.5907	19
73.5908	19
74.0249	19
74.0249	19
74.0249	19
74.0249	19
74.0249	19
74.0249	19
74.0323	19
74.0323	19
74.0323	19
74.8734	19
74.8735	19
74.8735	19
74.8735	19
74.8735	19
75.211	19
75.211	19
75.211	19
75.2111	19
75.2111	19
75.2113	19
75.6616	19
75.6616	19
75.6616	19
75.6617	19
75.6617	19
75.6617	19
75.6618	19
75.6728	19
75.6728	19
75.673	19
75.7671	19
75.7671	19
75.7671	19
75.7672	19
75.7672	19
75.7674	19
76.0213	19
76.0213	19
76.0213	19
76.0214	19
76.0214	19
76.0214	19
76.1771	19
76.1771	19
76.1772	19
76.1772	19
76.1772	19
76.1773	19
76.1981	19
76.1981	19
76.1981	19
76.1981	19
76.3047	19
76.3047	19
76.3047	19
76.3048	19
76.3048	19
77.1599	19
77.1599	19
77.1599	19
77.1599	19
77.1599	19
77.16	19
77.16	19
77.47	19
77.47	19
77.47	19
77.4701	19
77.4701	19
77.4701	19
77.6302	19
77.6302	19
77.6302	19
77.6302	19
77.6302	19
77.7296	19
77.7296	19
77.7296	19
77.7296	19
77.7297	19
77.7298	19
77.7298	19
77.73	19
77.8842	19
77.8842	19
77.8843	19
77.8843	19
77.8843	19
77.8844	19
78.065	19
78.065	19
78.065	19
78.0651	19
78.0651	19
78.0651	19
78.9074	19
78.9074	19
78.9074	19
78.9074	19
78.9074	19
78.9075	19
79.134	19
79.134	19
79.134	19
79.134	19
79.1343	19
79.1345	19
79.3346	19
79.3346	19
79.3346	19
79.3347	19
79.3348	19
79.3402	19
79.5362	19
79.5362	19
79.5362	19
79.5362	19
79.5363	19
79.5364	19
79.5364	19
79.5364	19
79.5519	19
79.6238	19
79.6238	19
79.6238	19
79.6239	19
79.6239	19
79.6239	19
79.7267	19
79.7267	19
79.7268	19
79.7268	19
79.7269	19
79.7272	19
79.8476	19
79.8476	19
79.8476	19
79.8476	19
79.8477	19
79.8478	19
79.8479	19
80.1876	19
80.1876	19
80.1876	19
80.1876	19
80.1876	19
80.1878	19
80.2192	19
80.2192	19
80.2192	19
80.2193	19
80.2193	19
80.2193	19
80.5748	19
80.5748	19
80.5749	19
80.5749	19
80.575	19
80.575	19
80.5829	19
80.5829	19
80.5832	19
80.5837	19
80.7431	19
80.7431	19
80.7432	19
80.7432	19
80.7433	19
81.204	19
81.204	19
81.204	19
81.204	19
81.2041	19
81.2041	19
81.2042	19
81.2936	19
81.2936	19
81.2937	19
81.2937	19
81.2937	19
81.294	19
81.3341	19
81.3341	19
81.3341	19
81.3341	19
81.3341	19
81.3346	19
81.4981	19
81.4981	19
81.4981	19
81.4981	19
81.4981	19
81.4982	19
81.4985	19
81.622	19
81.622	19
81.622	19
81.622	19
81.622	19
81.6263	19
81.6265	19
81.6267	19
81.6273	19
82.1035	19
82.1035	19
82.1035	19
82.1035	19
82.1036	19
82.1036	19
82.1041	19
82.4615	19
82.4615	19
82.4616	19
82.4616	19
82.4616	19
82.4617	19
82.6107	19
82.6107	19
82.6107	19
82.6108	19
82.6108	19
82.9627	19
82.9628	19
82.9628	19
82.9628	19
82.9629	19
82.9632	19
82.9751	19
82.9751	19
82.9752	19
82.9752	19
83.1227	19
83.1227	19
83.1227	19
83.1228	19
83.1228	19
83.1228	19
83.1233	19
83.3505	19
83.3505	19
83.3505	19
83.3505	19
83.3505	19
83.3506	19
84.0219	19
84.0219	19
84.0219	19
84.0219	19
84.0221	19
84.347	19
84.347	19
84.347	19
84.347	19
84.347	19
84.347	19
84.3471	19
84.3475	19
84.635	19
84.635	19
84.635	19
84.635	19
84.6351	19
84.6356	19
84.7111	19
84.7111	19
84.7111	19
84.7112	19
84.7112	19
84.7114	19
84.9209	19
84.921	19
84.921	19
84.921	19
84.921	19
84.9211	19
84.922	19
85.2561	19
85.2561	19
85.2561	19
85.2561	19
85.2563	19
85.2568	19
85.2572	19
85.2573	19
85.2573	19
85.41	19
85.41	19
85.41	19
85.4101	19
85.4102	19
85.4103	19
85.5261	19
85.5261	19
85.5261	19
85.5261	19
85.5263	19
85.5263	19
85.6697	19
85.6697	19
85.6697	19
85.6698	19
85.6698	19
85.67	19
85.9582	19
85.9582	19
85.9582	19
85.9582	19
85.9582	19
85.9582	19
86.153	19
86.153	19
86.153	19
86.153	19
86.153	19
86.1531	19
86.1532	19
86.1606	19
86.1606	19
86.1608	19
86.4163	19
86.4163	19
86.4163	19
86.4163	19
86.4163	19
86.4164	19
86.4496	19
86.4496	19
86.4497	19
86.4498	19
86.4498	19
86.8187	19
86.8187	19
86.8187	19
86.8187	19
86.8188	19
86.8282	19
86.8284	19
86.8284	19
86.8286	19
86.8286	19
86.833	19
86.833	19
86.8332	19
86.8333	19
86.8334	19
87.0615	19
87.0615	19
87.0615	19
87.0615	19
87.0616	19
87.0616	19
87.0617	19
87.1576	19
87.1576	19
87.1577	19
87.1577	19
87.1577	19
87.1577	19
87.2079	19
87.208	19
87.208	19
87.208	19
87.208	19
87.208	19
87.2468	19
87.2468	19
87.2468	19
87.2471	19
87.2479	19
87.3396	19
87.3397	19
87.3397	19
87.3397	19
87.3397	19
87.3397	19
87.4751	19
87.4751	19
87.4751	19
87.4751	19
87.4752	19
87.4753	19
87.4808	19
87.4808	19
87.4809	19
87.7599	19
87.7599	19
87.7599	19
87.7599	19
87.76	19
87.76	19
87.9375	19
87.9375	19
87.9375	19
87.9376	19
87.9376	19
87.9376	19
88.0554	19
88.0554	19
88.0554	19
88.0554	19
88.0555	19
88.0556	19
88.3271	19
88.3271	19
88.3271	19
88.3271	19
88.3273	19
88.3273	19
89.311	19
89.311	19
89.3111	19
89.3111	19
89.3111	19
89.3111	19
89.5054	19
89.5054	19
89.5054	19
89.5054	19
89.5054	19
89.5055	19
89.7276	19
89.7276	19
89.7276	19
89.7276	19
89.7276	19
89.7276	19
89.8665	19
89.8665	19
89.8665	19
89.8666	19
89.8666	19
89.8667	19
90.0014	19
90.0014	19
90.0014	19
90.0015	19
90.0015	19
90.0015	19
90.0017	19
90.3151	19
90.3151	19
90.3151	19
90.3151	19
90.3155	19
90.3158	19
90.3302	19
90.3302	19
90.3303	19
90.3305	19
90.3912	19
90.3912	19
90.3912	19
90.3912	19
90.3913	19
90.3913	19
90.5311	19
90.5311	19
90.5311	19
90.5312	19
90.5313	19
90.5313	19
90.5314	19
90.5665	19
90.5666	19
90.5666	19
90.5666	19
90.5673	19
90.5993	19
90.5993	19
90.5993	19
90.5994	19
90.5994	19
90.5995	19
90.5995	19
90.7987	19
90.7987	19
90.7987	19
90.7988	19
90.7988	19
91.0967	19
91.0967	19
91.0967	19
91.0967	19
91.0967	19
91.0968	19
91.098	19
91.1338	19
91.1339	19
91.1339	19
91.1339	19
91.1339	19
91.2227	19
91.2227	19
91.2227	19
91.2228	19
91.2229	19
91.2229	19
91.223	19
91.3363	19
91.3363	19
91.3363	19
91.3363	19
91.3364	19
91.3366	19
91.8919	19
91.8919	19
91.8919	19
91.8919	19
91.892	19
91.8921	19
91.8923	19
92.2348	19
92.2348	19
92.2348	19
92.2349	19
92.235	19
92.2628	19
92.2628	19
92.2628	19
92.2628	19
92.2628	19
92.2628	19
92.2629	19
92.786	19
92.786	19
92.786	19
92.786	19
92.786	19
92.7861	19
92.9942	19
92.9942	19
92.9943	19
92.9943	19
92.9947	19
93.4968	19
93.4968	19
93.4968	19
93.4968	19
93.4969	19
93.4972	19
93.4973	19
93.6835	19
93.6835	19
93.6836	19
93.6836	19
93.6837	19
93.7399	19
93.74	19
93.74	19
93.74	19
93.7401	19
93.7401	19
93.7402	19
93.7756	19
93.7756	19
93.7757	19
93.7906	19
93.7906	19
93.7907	19
93.7908	19
93.791	19
93.791	19
94.2583	19
94.2583	19
94.2583	19
94.2583	19
94.2585	19
94.2586	19
94.4756	19
94.4756	19
94.4756	19
94.4756	19
94.4756	19
94.4759	19
94.532	19
94.532	19
94.532	19
94.5321	19
94.5321	19
94.5324	19
94.5511	19
94.5512	19
94.5512	19
94.5512	19
94.6863	19
94.6863	19
94.6864	19
94.6864	19
94.6864	19
94.6866	19
94.6937	19
94.6938	19
94.6941	19
94.7009	19
94.7009	19
94.7009	19
95.063	19
95.063	19
95.0631	19
95.0631	19
95.0631	19
95.0632	19
95.1069	19
95.1069	19
95.1069	19
95.107	19
95.107	19
95.1074	19
95.155	19
95.155	19
95.155	19
95.1551	19
95.1551	19
95.1551	19
95.1553	19
95.297	19
95.2971	19
95.2971	19
95.2972	19
95.2974	19
95.6991	19
95.6992	19
95.6992	19
95.6992	19
95.6992	19
95.6992	19
95.6994	19
95.6994	19
95.7828	19
95.7828	19
95.7828	19
95.7828	19
95.7829	19
95.783	19
96.3241	19
96.3241	19
96.3241	19
96.3241	19
96.3241	19
96.3243	19
96.3245	19
96.6394	19
96.6394	19
96.6395	19
96.6395	19
96.6397	19
96.6398	19
96.8204	19
96.8204	19
96.8204	19
96.8204	19
96.8205	19
97.1117	19
97.1117	19
97.1117	19
97.1118	19
97.1118	19
97.1118	19
97.1121	19
97.2605	19
97.2605	19
97.2605	19
97.2606	19
97.2608	19
97.7895	19
97.7895	19
97.7895	19
97.7895	19
97.7895	19
97.9909	19
97.9909	19
97.991	19
97.991	19
97.991	19
97.9915	19
97.9917	19
98.3918	19
98.3918	19
98.3919	19
98.3919	19
98.3919	19
98.3919	19
98.392	19
98.3922	19
98.4397	19
98.4397	19
98.4398	19
98.4398	19
98.4398	19
98.4401	19
98.4927	19
98.4927	19
98.4927	19
98.4928	19
98.4929	19
98.5877	19
98.5877	19
98.5877	19
98.5877	19
98.5877	19
98.588	19
98.5881	19
98.5885	19
98.6876	19
98.6876	19
98.6876	19
98.6876	19
98.6876	19
98.6878	19
98.8003	19
98.8003	19
98.8003	19
98.8004	19
98.8004	19
98.8005	19
98.8399	19
98.8399	19
98.8399	19
98.84	19
98.8401	19
99.5374	19
99.5374	19
99.5374	19
99.5374	19
99.5374	19
99.5375	19
