1.8111e-11	0
3.72752e-11	1
1.64524e-10	2
1.76385e-10	3
2.58073e-10	4
3.20897e-10	5
4.12878e-10	6
4.60192e-10	7
6.55672e-10	8
7.3968e-10	9
7.80878e-10	10
1.34615e-09	11
1.7673e-09	12
1.9257e-09	13
1.99431e-09	14
2.03241e-09	15
2.73847e-09	16
5.90166e-09	17
5.99597e-09	17
9.2905e-09	18
1.06584e-08	18
1.47543e-08	18
1.88391e-08	18
2.30033e-08	18
2.666e-08	18
2.70726e-08	18
2.77234e-08	18
2.94127e-08	18
3.46299e-08	18
3.64983e-08	18
3.80663e-08	18
3.92889e-08	18
4.01387e-08	18
4.12229e-08	18
5.12921e-08	18
5.3788e-08	18
6.68013e-08	18
8.41491e-08	18
9.05712e-08	18
9.08247e-08	18
9.71423e-08	18
9.74457e-08	18
1.03143e-07	18
1.0734e-07	18
1.08591e-07	18
1.10688e-07	18
1.12069e-07	18
1.1259e-07	18
1.20048e-07	18
1.20735e-07	18
1.21981e-07	18
1.25682e-07	18
1.30686e-07	18
1.35784e-07	18
1.39899e-07	18
1.49963e-07	18
1.50205e-07	18
1.51747e-07	18
1.51852e-07	18
1.5312e-07	18
1.56566e-07	18
1.59659e-07	18
1.59719e-07	18
1.62079e-07	18
1.69493e-07	18
1.70082e-07	18
1.73465e-07	18
1.78207e-07	18
1.83932e-07	18
1.89062e-07	18
1.90912e-07	18
2.00942e-07	18
2.10539e-07	18
2.16283e-07	18
2.1757e-07	18
2.17811e-07	18
2.29122e-07	18
2.29575e-07	18
2.30851e-07	18
2.31119e-07	18
2.32911e-07	18
2.33845e-07	18
2.34609e-07	18
2.36751e-07	18
2.37125e-07	18
2.46234e-07	18
2.48066e-07	18
2.53468e-07	18
2.54404e-07	18
2.55057e-07	18
2.56587e-07	18
2.77927e-07	18
2.82957e-07	18
2.9416e-07	18
2.9677e-07	18
2.97286e-07	18
3.05128e-07	18
3.05511e-07	18
3.07946e-07	18
3.16829e-07	18
3.17499e-07	18
3.18582e-07	18
3.20083e-07	18
3.26061e-07	18
3.28937e-07	18
3.35098e-07	18
3.41972e-07	18
3.52872e-07	18
3.5775e-07	18
3.61997e-07	18
3.73956e-07	18
3.85646e-07	18
3.92018e-07	18
4.00871e-07	18
4.08696e-07	18
4.13057e-07	18
4.16068e-07	18
4.27267e-07	18
4.3606e-07	18
4.60281e-07	18
4.66545e-07	18
4.7284e-07	18
4.76844e-07	18
4.81905e-07	18
4.94544e-07	18
4.94607e-07	18
5.04204e-07	18
5.06531e-07	18
5.09244e-07	18
5.15966e-07	18
5.24135e-07	18
5.25116e-07	18
5.3498e-07	18
5.424e-07	18
5.48001e-07	18
5.5003e-07	18
5.50944e-07	18
5.51523e-07	18
5.60248e-07	18
5.68048e-07	18
5.71278e-07	18
5.89087e-07	18
5.89187e-07	18
5.90418e-07	18
5.9112e-07	18
6.02861e-07	18
6.11233e-07	18
6.16435e-07	18
6.19459e-07	18
6.23991e-07	18
6.27307e-07	18
6.36052e-07	18
6.4553e-07	18
6.55242e-07	18
6.56107e-07	18
6.58344e-07	18
6.63347e-07	18
6.69106e-07	18
6.7974e-07	18
6.87435e-07	18
6.90658e-07	18
6.95921e-07	18
6.99845e-07	18
7.0279e-07	18
7.04117e-07	18
7.06435e-07	18
7.08198e-07	18
7.1226e-07	18
7.14067e-07	18
7.14549e-07	18
7.23119e-07	18
7.23536e-07	18
7.47273e-07	18
7.47365e-07	18
7.55237e-07	18
7.62268e-07	18
7.87196e-07	18
7.89678e-07	18
7.94185e-07	18
7.97927e-07	18
7.97997e-07	18
8.48442e-07	18
8.60713e-07	18
8.61089e-07	18
8.67004e-07	18
8.68815e-07	18
8.78182e-07	18
8.83816e-07	18
9.12087e-07	18
9.16436e-07	18
9.21338e-07	18
9.21489e-07	18
9.24683e-07	18
9.27843e-07	18
9.51533e-07	18
9.53987e-07	18
9.64852e-07	18
9.83832e-07	18
9.83904e-07	18
9.87426e-07	18
9.90367e-07	18
9.99136e-07	18
1.00266e-06	18
1.00869e-06	18
1.01232e-06	18
1.01549e-06	18
1.03422e-06	18
1.0346e-06	18
1.03738e-06	18
1.07134e-06	18
1.07233e-06	18
1.07433e-06	18
1.07951e-06	18
1.08053e-06	18
1.08087e-06	18
1.113e-06	18
1.11486e-06	18
1.14472e-06	18
1.15903e-06	18
1.16378e-06	18
1.1759e-06	18
1.20577e-06	18
1.21807e-06	18
1.24062e-06	18
1.25231e-06	18
1.26019e-06	18
1.27021e-06	18
1.27925e-06	18
1.2849e-06	18
1.28828e-06	18
1.34815e-06	18
1.35173e-06	18
1.37358e-06	18
1.37563e-06	18
1.37804e-06	18
1.39761e-06	18
1.39825e-06	18
1.43513e-06	18
1.46842e-06	18
1.48722e-06	18
1.49456e-06	18
1.50241e-06	18
1.50503e-06	18
1.54069e-06	18
1.54629e-06	18
1.55556e-06	18
1.629e-06	18
1.63282e-06	18
1.65134e-06	18
1.65671e-06	18
1.65724e-06	18
1.67288e-06	18
1.6807e-06	18
1.69991e-06	18
1.71537e-06	18
1.7252e-06	18
1.72656e-06	18
1.72908e-06	18
1.73477e-06	18
1.73951e-06	18
1.76985e-06	18
1.77325e-06	18
1.77628e-06	18
1.7883e-06	18
1.79966e-06	18
1.80025e-06	18
1.81179e-06	18
1.83088e-06	18
1.86137e-06	18
1.87135e-06	18
1.91064e-06	18
2.00512e-06	18
2.00719e-06	18
2.04792e-06	18
2.089e-06	18
2.09066e-06	18
2.12073e-06	18
2.12574e-06	18
2.16118e-06	18
2.1803e-06	18
2.19512e-06	18
2.36516e-06	18
2.3922e-06	18
2.43495e-06	18
2.48931e-06	18
2.53662e-06	18
2.58445e-06	18
2.59005e-06	18
2.66099e-06	18
2.66872e-06	18
2.70856e-06	18
2.75829e-06	18
2.79601e-06	18
2.80033e-06	18
2.92092e-06	18
3.03768e-06	18
3.0542e-06	18
3.07141e-06	18
3.24555e-06	18
3.34553e-06	18
3.35459e-06	18
3.36306e-06	18
3.38381e-06	18
3.40499e-06	18
3.40544e-06	18
3.46333e-06	18
3.46922e-06	18
3.52123e-06	18
3.6408e-06	18
3.64831e-06	18
3.73285e-06	18
3.76201e-06	18
3.76358e-06	18
3.87652e-06	18
3.88917e-06	18
3.98794e-06	18
3.99025e-06	18
4.09041e-06	18
4.11159e-06	18
4.14767e-06	18
4.22255e-06	18
4.253e-06	18
4.25349e-06	18
4.28775e-06	18
4.46685e-06	18
4.46704e-06	18
4.48e-06	18
4.51388e-06	18
4.5691e-06	18
4.59655e-06	18
4.88777e-06	18
5.17646e-06	18
5.27942e-06	18
5.32311e-06	18
5.34053e-06	18
5.3629e-06	18
5.80958e-06	18
5.88413e-06	18
5.94641e-06	18
6.13198e-06	18
6.16592e-06	18
6.45791e-06	18
6.50253e-06	18
6.5107e-06	18
6.59258e-06	18
6.62135e-06	18
6.63768e-06	18
6.80639e-06	18
7.10235e-06	18
7.16315e-06	18
7.19152e-06	18
7.29022e-06	18
7.33568e-06	18
7.34188e-06	18
7.59622e-06	18
7.77645e-06	18
7.80925e-06	18
7.8274e-06	18
8.03927e-06	18
8.06705e-06	18
8.0732e-06	18
8.22478e-06	18
8.26065e-06	18
8.36575e-06	18
8.4128e-06	18
8.57117e-06	18
8.75778e-06	18
8.84407e-06	18
8.94208e-06	18
9.06242e-06	18
9.16283e-06	18
9.28768e-06	18
9.38705e-06	18
9.43411e-06	18
9.55148e-06	18
9.64716e-06	18
9.81389e-06	18
9.92481e-06	18
1.01976e-05	18
1.04318e-05	18
1.07506e-05	18
1.08799e-05	18
1.09649e-05	18
1.10766e-05	18
1.11829e-05	18
1.12175e-05	18
1.12576e-05	18
1.12714e-05	18
1.1326e-05	18
1.15161e-05	18
1.15804e-05	18
1.16101e-05	18
1.2144e-05	18
1.21465e-05	18
1.21869e-05	18
1.2194e-05	18
1.25676e-05	18
1.26308e-05	18
1.268e-05	18
1.27189e-05	18
1.28227e-05	18
1.30477e-05	18
1.32887e-05	18
1.33143e-05	18
1.33723e-05	18
1.34553e-05	18
1.34697e-05	18
1.35519e-05	18
1.36978e-05	18
1.37272e-05	18
1.38008e-05	18
1.38613e-05	18
1.43066e-05	18
1.44822e-05	18
1.45668e-05	18
1.48717e-05	18
1.49037e-05	18
1.49522e-05	18
1.5046e-05	18
1.52757e-05	18
1.54256e-05	18
1.5502e-05	18
1.55407e-05	18
1.57855e-05	18
1.61409e-05	18
1.65707e-05	18
1.6627e-05	18
1.67414e-05	18
1.70291e-05	18
1.71175e-05	18
1.71439e-05	18
1.71523e-05	18
1.71582e-05	18
1.73343e-05	18
1.73776e-05	18
1.75584e-05	18
1.81112e-05	18
1.82602e-05	18
1.84106e-05	18
1.89752e-05	18
1.90863e-05	18
1.91819e-05	18
1.92774e-05	18
1.96129e-05	18
2.00221e-05	18
2.00825e-05	18
2.02651e-05	18
2.05396e-05	18
2.06236e-05	18
2.1853e-05	18
2.19582e-05	18
2.24267e-05	18
2.24707e-05	18
2.25135e-05	18
2.26431e-05	18
2.28184e-05	18
2.2914e-05	18
2.29252e-05	18
2.30051e-05	18
2.32647e-05	18
2.33841e-05	18
2.35638e-05	18
2.35819e-05	18
2.37537e-05	18
2.38714e-05	18
2.40618e-05	18
2.41847e-05	18
2.41925e-05	18
2.41999e-05	18
2.45236e-05	18
2.46903e-05	18
2.47138e-05	18
2.47573e-05	18
2.48284e-05	18
2.53866e-05	18
2.54849e-05	18
2.56029e-05	18
2.60214e-05	18
2.62293e-05	18
2.63238e-05	18
2.64139e-05	18
2.70929e-05	18
2.72149e-05	18
2.7328e-05	18
2.79709e-05	18
2.81385e-05	18
2.84868e-05	18
2.85884e-05	18
2.89746e-05	18
2.93125e-05	18
2.94342e-05	18
2.94398e-05	18
2.95494e-05	18
2.97369e-05	18
2.98238e-05	18
2.98336e-05	18
2.98682e-05	18
3.02624e-05	18
3.06527e-05	18
3.08976e-05	18
3.12674e-05	18
3.18155e-05	18
3.20021e-05	18
3.22114e-05	18
3.27407e-05	18
3.33619e-05	18
3.35009e-05	18
3.38173e-05	18
3.39093e-05	18
3.42454e-05	18
3.43486e-05	18
3.45083e-05	18
3.47719e-05	18
3.5458e-05	18
3.55413e-05	18
3.55599e-05	18
3.55663e-05	18
3.55794e-05	18
3.55802e-05	18
3.56122e-05	18
3.56703e-05	18
3.58485e-05	18
3.62861e-05	18
3.63747e-05	18
3.64253e-05	18
3.68541e-05	18
3.7001e-05	18
3.70043e-05	18
3.75862e-05	18
3.78943e-05	18
3.8128e-05	18
3.82554e-05	18
3.84257e-05	18
3.86015e-05	18
3.88193e-05	18
3.89037e-05	18
3.89238e-05	18
3.90681e-05	18
3.94824e-05	18
3.96295e-05	18
3.98222e-05	18
3.98842e-05	18
4.01687e-05	18
4.10192e-05	18
4.11055e-05	18
4.13041e-05	18
4.18838e-05	18
4.21233e-05	18
4.2626e-05	18
4.2746e-05	18
4.29545e-05	18
4.33818e-05	18
4.50221e-05	18
4.62176e-05	18
4.67738e-05	18
4.71182e-05	18
4.72507e-05	18
4.73056e-05	18
4.80571e-05	18
4.84256e-05	18
4.84397e-05	18
4.88364e-05	18
4.90539e-05	18
4.93768e-05	18
5.00372e-05	18
5.09577e-05	18
5.13173e-05	18
5.17753e-05	18
5.19387e-05	18
5.23679e-05	18
5.26519e-05	18
5.36237e-05	18
5.39825e-05	18
5.47978e-05	18
5.53348e-05	18
5.62578e-05	18
5.68378e-05	18
5.68432e-05	18
5.77687e-05	18
5.79469e-05	18
5.88108e-05	18
6.18738e-05	18
6.20531e-05	18
6.21754e-05	18
6.24008e-05	18
6.3783e-05	18
6.46543e-05	18
6.4809e-05	18
6.48634e-05	18
6.53407e-05	18
6.6102e-05	18
6.75649e-05	18
6.78369e-05	18
6.83195e-05	18
6.8455e-05	18
6.85415e-05	18
6.92542e-05	18
7.00082e-05	18
7.01917e-05	18
7.15896e-05	18
7.21208e-05	18
7.27543e-05	18
7.28776e-05	18
7.2997e-05	18
7.31455e-05	18
7.32905e-05	18
7.33398e-05	18
7.39095e-05	18
7.43547e-05	18
7.6911e-05	18
7.6913e-05	18
7.70728e-05	18
8.31808e-05	18
8.32037e-05	18
8.41947e-05	18
8.53143e-05	18
8.65872e-05	18
8.76596e-05	18
8.83119e-05	18
9.21693e-05	18
9.68819e-05	18
9.80637e-05	18
0.000102685	18
0.000108945	18
0.000114607	18
0.000123292	18
0.000136184	18
0.000155152	18
0.000158143	18
0.00015871	18
0.000162281	18
0.000176149	18
0.000200014	18
0.000200062	18
0.000229467	18
0.000282029	18
0.000295459	18
0.000300487	18
0.000305773	18
0.000324774	18
0.000328426	18
0.000402667	18
0.000413769	18
0.000415698	18
0.000425231	18
0.0004278	18
0.000442637	18
0.000562396	18
0.00080474	18
0.00083543	18
0.00109117	18
0.00123727	18
0.00136842	18
0.00138398	18
0.00158383	18
0.00165496	18
0.00165586	18
0.00165662	18
0.00165669	18
0.00165742	18
0.00165796	18
0.00166036	18
0.00166165	18
0.00166573	18
0.00166725	18
0.00166957	18
0.00167816	18
0.00167966	18
0.00168353	18
0.00183963	18
0.00202069	18
0.00202442	18
0.00204099	18
0.00205391	18
0.00205719	18
0.00205842	18
0.00205962	18
0.00206252	18
0.00206285	18
0.00206485	18
0.00206894	18
0.00212107	18
0.00272174	18
0.00288228	18
0.00293663	18
0.00306208	18
0.00325421	18
0.00329583	18
0.00336251	18
0.00345823	18
0.00347138	18
0.00364114	18
0.00381173	18
0.0038748	18
0.00388664	18
0.00395515	18
0.00395792	18
0.00400384	18
0.00401276	18
0.0040247	18
0.00408616	18
0.00420622	18
0.00445175	18
0.00457061	18
0.00521246	18
0.00525014	18
0.00527228	18
0.00532103	18
0.00532426	18
0.00533505	18
0.00534445	18
0.00581234	18
0.00581242	18
0.00581244	18
0.00581293	18
0.00591969	18
0.00599002	18
0.00607498	18
0.00610081	18
0.00649605	18
0.00649605	18
0.00649605	18
0.00649606	18
0.0064961	18
0.00649611	18
0.00649621	18
0.00649628	18
0.00649633	18
0.00649646	18
0.00649651	18
0.00649663	18
0.00649668	18
0.00649677	18
0.00649688	18
0.00649706	18
0.0064971	18
0.00649772	18
0.0064981	18
0.00650169	18
0.00650288	18
0.00650432	18
0.00650499	18
0.00650609	18
0.00650681	18
0.00659726	18
0.0066654	18
0.00668069	18
0.0070042	18
0.00715068	18
0.00731367	18
0.00742618	18
0.00748183	18
0.0076396	18
0.00771672	18
0.00777477	18
0.00791233	18
0.00791261	18
0.00791281	18
0.00791312	18
0.00791314	18
0.00791323	18
0.00803533	18
0.00909145	18
0.00918845	18
0.00921688	18
0.00951671	18
0.00951785	18
0.0095375	18
0.00953786	18
0.00956229	18
0.00961631	18
0.00964794	18
0.00965062	18
0.00969334	18
0.0097446	18
0.00979977	18
0.00983465	18
0.0098731	18
0.0099083	18
0.0099335	18
0.00997606	18
0.0100189	18
0.0100456	18
0.0100748	18
0.0103583	18
0.0104472	18
0.0104503	18
0.0106477	18
0.0108932	18
0.0110513	18
0.0111358	18
0.0111523	18
0.0111642	18
0.0113484	18
0.0113637	18
0.011364	18
0.0116234	18
0.0116666	18
0.0116758	18
0.0122199	18
0.0122205	18
0.0122216	18
0.0122216	18
0.012222	18
0.0122221	18
0.012223	18
0.0122265	18
0.0122267	18
0.0122271	18
0.0122297	18
0.0122323	18
0.0122343	18
0.0122359	18
0.0122365	18
0.0122392	18
0.0124774	18
0.0126395	18
0.0127902	18
0.0128052	18
0.0128598	18
0.0130964	18
0.0135659	18
0.0138291	18
0.0138342	18
0.0138388	18
0.0138458	18
0.0138631	18
0.0139639	18
0.0141058	18
0.01462	18
0.0146207	18
0.014621	18
0.0146211	18
0.0146219	18
0.014622	18
0.0146235	18
0.0146277	18
0.0146337	18
0.0146348	18
0.0146394	18
0.0146409	18
0.0146422	18
0.0146721	18
0.0146944	18
0.0147611	18
0.0147791	18
0.0148296	18
0.0148894	18
0.0148965	18
0.01497	18
0.0150958	18
0.0151298	18
0.0151301	18
0.0151301	18
0.0151303	18
0.0151308	18
0.0151309	18
0.0151309	18
0.0151311	18
0.0151318	18
0.0151319	18
0.0151397	18
0.015193	18
0.0151931	18
0.0151935	18
0.0151937	18
0.0151938	18
0.0151944	18
0.0151953	18
0.0151955	18
0.0151957	18
0.0151966	18
0.0151997	18
0.0152014	18
0.0152063	18
0.0152086	18
0.0152146	18
0.015409	18
0.0156504	18
0.0156679	18
0.0156757	18
0.0156759	18
0.0156765	18
0.0156797	18
0.0157832	18
0.0158328	18
0.0158397	18
0.015847	18
0.015949	18
0.0163189	18
0.0163697	18
0.0165346	18
0.0167125	18
0.0168106	18
0.0171002	18
0.0171142	18
0.0171406	18
0.0171416	18
0.0171637	18
0.0172034	18
0.0172146	18
0.0172702	18
0.0172773	18
0.0173105	18
0.018045	18
0.0180451	18
0.0180456	18
0.0180457	18
0.018046	18
0.0180466	18
0.0180468	18
0.0180472	18
0.0180476	18
0.0180681	18
0.0182195	18
0.0182197	18
0.0182202	18
0.0182203	18
0.0182204	18
0.0182205	18
0.0182215	18
0.0182219	18
0.0182222	18
0.0182225	18
0.0182227	18
0.0182227	18
0.0182233	18
0.0182238	18
0.0182242	18
0.0182247	18
0.01835	18
0.0191696	18
0.0191732	18
0.0191791	18
0.0191832	18
0.0191845	18
0.0191847	18
0.0191872	18
0.0191987	18
0.0195575	18
0.01956	18
0.0195639	18
0.0195789	18
0.020123	18
0.0204305	18
0.020667	18
0.0207247	18
0.0207449	18
0.0208906	18
0.0210668	18
0.0210675	18
0.0210676	18
0.0210676	18
0.0210679	18
0.021068	18
0.0212993	18
0.0213485	18
0.021474	18
0.0214748	18
0.0214921	18
0.0214928	18
0.0214929	18
0.0214967	18
0.0214995	18
0.0215009	18
0.0215039	18
0.0215057	18
0.0215065	18
0.0215079	18
0.021509	18
0.0215201	18
0.0215214	18
0.0215267	18
0.0215322	18
0.0215395	18
0.0215475	18
0.0215484	18
0.0215552	18
0.0215585	18
0.0215608	18
0.0215865	18
0.0215891	18
0.0215935	18
0.0215946	18
0.0216015	18
0.0216018	18
0.0216203	18
0.0216879	18
0.02171	18
0.0217343	18
0.0217345	18
0.0217521	18
0.0218272	18
0.0218277	18
0.02184	18
0.0220688	18
0.0221385	18
0.0221402	18
0.0221709	18
0.0222045	18
0.0222105	18
0.0226616	18
0.0226656	18
0.0227937	18
0.0234587	18
0.0237067	18
0.0241246	18
0.0241406	18
0.0246512	18
0.025029	18
0.0250293	18
0.0250293	18
0.0250295	18
0.0250296	18
0.0250297	18
0.0250298	18
0.0250298	18
0.0250302	18
0.0250304	18
0.0250305	18
0.0250306	18
0.0250309	18
0.0250314	18
0.0250316	18
0.0250319	18
0.025032	18
0.0250323	18
0.0253535	18
0.025863	18
0.0258684	18
0.025871	18
0.0258753	18
0.025886	18
0.0258893	18
0.0258908	18
0.0258918	18
0.0259142	18
0.0259362	18
0.0262223	18
0.0262429	18
0.0262516	18
0.0262652	18
0.026302	18
0.0263269	18
0.0263603	18
0.0263904	18
0.0264194	18
0.0264789	18
0.0266035	18
0.0266168	18
0.0266571	18
0.0267398	18
0.0267934	18
0.0276484	18
0.0280228	18
0.0281536	18
0.0281834	18
0.0282251	18
0.0283029	18
0.0283904	18
0.0285968	18
0.029547	18
0.0295472	18
0.0295474	18
0.0295474	18
0.0295475	18
0.0295476	18
0.0295481	18
0.0295481	18
0.0295482	18
0.0295491	18
0.0295492	18
0.0295494	18
0.0295552	18
0.0295594	18
0.0295762	18
0.0295765	18
0.0295954	18
0.0296104	18
0.0296204	18
0.0296515	18
0.0296606	18
0.029661	18
0.0296719	18
0.0296741	18
0.0296921	18
0.0296932	18
0.0297019	18
0.0297361	18
0.0297918	18
0.0298058	18
0.0298151	18
0.0298167	18
0.0298403	18
0.0298443	18
0.0298751	18
0.0300024	18
0.0300518	18
0.0300549	18
0.0304044	18
0.0304666	18
0.0315397	18
0.0315422	18
0.0315462	18
0.0315477	18
0.0315497	18
0.0315497	18
0.0315502	18
0.031552	18
0.0315527	18
0.0315549	18
0.0315557	18
0.031557	18
0.0315576	18
0.031559	18
0.0315631	18
0.0315634	18
0.0315649	18
0.0315651	18
0.0315737	18
0.0315745	18
0.0315749	18
0.0315768	18
0.0315837	18
0.0315846	18
0.0315875	18
0.0315877	18
0.0315925	18
0.0315977	18
0.0315999	18
0.0316008	18
0.0316053	18
0.0316064	18
0.0316175	18
0.0316181	18
0.0316261	18
0.0316272	18
0.0316319	18
0.0316353	18
0.0316516	18
0.0316599	18
0.0316621	18
0.0316703	18
0.0316739	18
0.0316757	18
0.0317007	18
0.0317089	18
0.0317104	18
0.0317204	18
0.0317282	18
0.0317614	18
0.0318147	18
0.0318187	18
0.0318685	18
0.0319178	18
0.0319325	18
0.031933	18
0.0319649	18
0.0320204	18
0.0320757	18
0.0322178	18
0.0322181	18
0.0322197	18
0.0322202	18
0.0322202	18
0.032458	18
0.0329507	18
0.0333409	18
0.033342	18
0.0333422	18
0.0333423	18
0.0333425	18
0.0333456	18
0.033346	18
0.0333477	18
0.0333486	18
0.0333504	18
0.0333519	18
0.0333523	18
0.0333539	18
0.0333561	18
0.0334884	18
0.0334927	18
0.0349274	18
0.0349274	18
0.0349274	18
0.0349276	18
0.0349277	18
0.0349277	18
0.0349278	18
0.0349279	18
0.0349282	18
0.0349284	18
0.0349287	18
0.0349291	18
0.0349296	18
0.0349301	18
0.0349319	18
0.0349322	18
0.0349333	18
0.0349348	18
0.0349363	18
0.0349364	18
0.0349373	18
0.0349396	18
0.0349397	18
0.0349404	18
0.0349404	18
0.0349412	18
0.0349428	18
0.0349433	18
0.0349466	18
0.0349472	18
0.0349489	18
0.0349492	18
0.0349493	18
0.0349509	18
0.0349537	18
0.0349568	18
0.0349578	18
0.034959	18
0.0349613	18
0.0349625	18
0.0349625	18
0.0349644	18
0.0349669	18
0.0349672	18
0.0349675	18
0.0349679	18
0.0349684	18
0.0349686	18
0.0349725	18
0.0349737	18
0.0349753	18
0.0349753	18
0.0349773	18
0.0349791	18
0.0349809	18
0.0349813	18
0.0349868	18
0.0349955	18
0.0349963	18
0.0350025	18
0.0350068	18
0.0350081	18
0.0350113	18
0.0350147	18
0.0350149	18
0.035015	18
0.0350296	18
0.0350443	18
0.0350457	18
0.0357743	18
0.0360507	18
0.03611	18
0.0363488	18
0.0365163	18
0.0369978	18
0.0371564	18
0.0371566	18
0.0371566	18
0.0371568	18
0.0371569	18
0.037157	18
0.0371573	18
0.0371574	18
0.0371578	18
0.0371578	18
0.0371579	18
0.0371591	18
0.0371592	18
0.0371596	18
0.0371598	18
0.03737	18
0.0374036	18
0.0376029	18
0.0376036	18
0.0376041	18
0.0376051	18
0.0376477	18
0.0376716	18
0.0378421	18
0.0385454	18
0.0388962	18
0.0398273	18
0.0398284	18
0.0398289	18
0.0398303	18
0.0398312	18
0.039935	18
0.0403731	18
0.0405654	18
0.0415557	18
0.0415568	18
0.0415605	18
0.0415616	18
0.0415642	18
0.0415694	18
0.0415705	18
0.041586	18
0.0415983	18
0.0416618	18
0.0416939	18
0.0418105	18
0.0419664	18
0.0420188	18
0.0422773	18
0.0422801	18
0.0422806	18
0.0422812	18
0.0422833	18
0.0422928	18
0.0422974	18
0.0423067	18
0.0423114	18
0.0423127	18
0.0423967	18
0.0429377	18
0.0430098	18
0.0430478	18
0.0430515	18
0.0430541	18
0.0431138	18
0.0432182	18
0.0436469	18
0.0436567	18
0.0436576	18
0.043971	18
0.0440223	18
0.0440614	18
0.0441115	18
0.0441175	18
0.044248	18
0.0443972	18
0.0467705	18
0.0467708	18
0.0467709	18
0.0467709	18
0.0467709	18
0.0467709	18
0.046771	18
0.046771	18
0.0467711	18
0.0467711	18
0.0467711	18
0.0467711	18
0.0467712	18
0.0467713	18
0.0467718	18
0.0467718	18
0.0467722	18
0.0467723	18
0.0467725	18
0.0467734	18
0.0467735	18
0.046775	18
0.0467775	18
0.0467808	18
0.046781	18
0.0467835	18
0.0467861	18
0.046788	18
0.046788	18
0.0467886	18
0.0467887	18
0.0467899	18
0.0467899	18
0.0467904	18
0.0467995	18
0.046803	18
0.0468037	18
0.0468067	18
0.0468092	18
0.0468143	18
0.0468394	18
0.0468447	18
0.0468483	18
0.0468495	18
0.0468535	18
0.0468554	18
0.0468571	18
0.0468777	18
0.0468828	18
0.0468859	18
0.0468991	18
0.0469119	18
0.0469224	18
0.0469319	18
0.046942	18
0.0469518	18
0.0470233	18
0.0470462	18
0.0470512	18
0.047053	18
0.047059	18
0.0470746	18
0.0470785	18
0.047096	18
0.047293	18
0.047348	18
0.0474799	18
0.0474808	18
0.047481	18
0.0474825	18
0.0474832	18
0.0474832	18
0.0476031	18
0.0482099	18
0.0482101	18
0.0482103	18
0.0482105	18
0.0482107	18
0.0482111	18
0.0482113	18
0.0482119	18
0.0482797	18
0.0486674	18
0.0491982	18
0.0505768	18
0.050889	18
0.0510147	18
0.0510444	18
0.0511183	18
0.0512003	18
0.0537089	18
0.0537354	18
0.0537501	18
0.0537781	18
0.0537804	18
0.0538001	18
0.0538021	18
0.0538115	18
0.0538444	18
0.0538451	18
0.053854	18
0.0538553	18
0.0538565	18
0.0538627	18
0.053915	18
0.053953	18
0.0539795	18
0.0539808	18
0.0542076	18
0.0542404	18
0.0546195	18
0.0552253	18
0.0559045	18
0.0559048	18
0.0559059	18
0.0559221	18
0.0559425	18
0.0559517	18
0.0559645	18
0.0559658	18
0.0559722	18
0.0559729	18
0.0559761	18
0.0560056	18
0.0560218	18
0.0560287	18
0.0560425	18
0.0560624	18
0.056063	18
0.0560772	18
0.056092	18
0.0560958	18
0.056096	18
0.0561175	18
0.0561254	18
0.0561905	18
0.0561993	18
0.0562515	18
0.0562686	18
0.0563018	18
0.05637	18
0.0563818	18
0.0564256	18
0.056455	18
0.0564849	18
0.0564944	18
0.0568511	18
0.0568513	18
0.0568513	18
0.0568517	18
0.0568522	18
0.0568525	18
0.0568526	18
0.0568527	18
0.0568908	18
0.056891	18
0.0568926	18
0.0568928	18
0.0568937	18
0.0569459	18
0.0569461	18
0.0569462	18
0.0569463	18
0.0569469	18
0.056948	18
0.0569494	18
0.0569496	18
0.0569513	18
0.0569514	18
0.0569525	18
0.0569538	18
0.0569542	18
0.0569616	18
0.0569646	18
0.057339	18
0.0573412	18
0.0573565	18
0.0573672	18
0.0573744	18
0.0573752	18
0.0574015	18
0.0574256	18
0.0574447	18
0.0576152	18
0.0576265	18
0.0576477	18
0.0576485	18
0.057658	18
0.0578237	18
0.0582943	18
0.0582971	18
0.0583018	18
0.0583119	18
0.0583181	18
0.0583262	18
0.0583301	18
0.0583406	18
0.0583412	18
0.0583436	18
0.0583484	18
0.0583645	18
0.0583814	18
0.0583853	18
0.0584011	18
0.0584053	18
0.0584082	18
0.058415	18
0.0584182	18
0.0584554	18
0.0584582	18
0.0584752	18
0.0584912	18
0.0584994	18
0.0585381	18
0.0585432	18
0.0585473	18
0.058553	18
0.0588566	18
0.0599677	18
0.0599698	18
0.0599761	18
0.0603793	18
0.0603972	18
0.0609049	18
0.0611133	18
0.0611135	18
0.0611144	18
0.0611145	18
0.0611148	18
0.061115	18
0.0611154	18
0.0611158	18
0.0611163	18
0.061117	18
0.0611174	18
0.0612479	18
0.0614349	18
0.0614366	18
0.0614382	18
0.0614408	18
0.0623431	18
0.0623431	18
0.0623459	18
0.062351	18
0.0623688	18
0.0623947	18
0.0624077	18
0.0624239	18
0.0624393	18
0.0624511	18
0.0624585	18
0.062477	18
0.0624865	18
0.0624969	18
0.0625019	18
0.0625094	18
0.0625234	18
0.0625274	18
0.0626101	18
0.0626556	18
0.0626603	18
0.062746	18
0.06279	18
0.0628583	18
0.0632261	18
0.0633728	18
0.0635216	18
0.0635442	18
0.0643692	18
0.0650105	18
0.0657618	18
0.0657654	18
0.0657667	18
0.0657725	18
0.0657742	18
0.0657837	18
0.0657909	18
0.0657931	18
0.0658013	18
0.0658087	18
0.0658123	18
0.0658252	18
0.0658255	18
0.0658374	18
0.0658765	18
0.0658926	18
0.0659127	18
0.0659392	18
0.0659991	18
0.0660046	18
0.0660295	18
0.0660469	18
0.0660523	18
0.0660886	18
0.0662865	18
0.0663833	18
0.0665466	18
0.0665834	18
0.0666677	18
0.0680438	18
0.0689426	18
0.0691545	18
0.0691637	18
0.0691724	18
0.0692003	18
0.0692295	18
0.0692467	18
0.0692548	18
0.0692593	18
0.0692964	18
0.069325	18
0.0693432	18
0.069346	18
0.0693633	18
0.0694057	18
0.0695056	18
0.0696067	18
0.0696067	18
0.0696068	18
0.0696069	18
0.0696079	18
0.0696083	18
0.0696221	18
0.0697295	18
0.0699948	18
0.069995	18
0.0699952	18
0.0699952	18
0.0699957	18
0.0699957	18
0.0699968	18
0.0699969	18
0.0699969	18
0.0699974	18
0.0699974	18
0.0699974	18
0.0699974	18
0.0699981	18
0.0699981	18
0.0699983	18
0.0699986	18
0.0699991	18
0.0699992	18
0.0699992	18
0.0699994	18
0.0699997	18
0.0699998	18
0.070001	18
0.070001	18
0.0700014	18
0.0700023	18
0.0700024	18
0.0700032	18
0.0700045	18
0.0700055	18
0.0700079	18
0.0700097	18
0.0700107	18
0.0700122	18
0.0701379	18
0.0701397	18
0.0701398	18
0.0701401	18
0.0701422	18
0.0701541	18
0.0701633	18
0.0701647	18
0.0701666	18
0.0701681	18
0.0712054	18
0.071507	18
0.0715072	18
0.0715736	18
0.0754454	18
0.0754454	18
0.0754456	18
0.0754457	18
0.0754457	18
0.0754458	18
0.0754458	18
0.075446	18
0.0754461	18
0.0754462	18
0.0754467	18
0.0754469	18
0.075447	18
0.0754471	18
0.0754475	18
0.0754477	18
0.075448	18
0.0754484	18
0.0754487	18
0.075449	18
0.0754491	18
0.0754496	18
0.0754507	18
0.0754508	18
0.0754509	18
0.0754512	18
0.0754515	18
0.0754518	18
0.0754527	18
0.0754531	18
0.0754533	18
0.0754558	18
0.0754558	18
0.0754578	18
0.0754664	18
0.0754666	18
0.0754741	18
0.0755077	18
0.075516	18
0.0755182	18
0.0755225	18
0.0755371	18
0.0755387	18
0.0755592	18
0.0755792	18
0.0755814	18
0.0755928	18
0.075611	18
0.075628	18
0.0756348	18
0.0756465	18
0.075664	18
0.0756661	18
0.0756758	18
0.0756993	18
0.0757019	18
0.0757238	18
0.0757493	18
0.0757714	18
0.0757851	18
0.0758168	18
0.0758171	18
0.075874	18
0.075931	18
0.0761162	18
0.076117	18
0.0761172	18
0.0761214	18
0.0761259	18
0.076135	18
0.0761377	18
0.0761413	18
0.0761477	18
0.0761556	18
0.0761567	18
0.0761743	18
0.076197	18
0.0761986	18
0.0762049	18
0.0762214	18
0.0762518	18
0.0762521	18
0.0762532	18
0.0762602	18
0.0762662	18
0.0763073	18
0.0763084	18
0.0763133	18
0.0763282	18
0.076332	18
0.0763533	18
0.0763556	18
0.0763686	18
0.0763839	18
0.0764639	18
0.0764832	18
0.0765729	18
0.0766689	18
0.0771547	18
0.07716	18
0.0771675	18
0.0771734	18
0.0771745	18
0.0771764	18
0.0771806	18
0.077195	18
0.0771985	18
0.0772092	18
0.0772116	18
0.0772136	18
0.0772147	18
0.0772177	18
0.0772538	18
0.0772591	18
0.0772601	18
0.0772656	18
0.0772794	18
0.0772851	18
0.0773034	18
0.0773466	18
0.0773655	18
0.0773868	18
0.0773991	18
0.0774379	18
0.0774539	18
0.0774566	18
0.0775024	18
0.0776703	18
0.0776854	18
0.0778667	18
0.0780315	18
0.0780806	18
0.0783563	18
0.078666	18
0.0799036	18
0.0799043	18
0.079906	18
0.0799069	18
0.0799078	18
0.0799097	18
0.0799106	18
0.0799153	18
0.0799278	18
0.0799298	18
0.0799429	18
0.0799487	18
0.0799506	18
0.0799585	18
0.0799612	18
0.0799836	18
0.0799871	18
0.0799932	18
0.0799965	18
0.0799986	18
0.0800068	18
0.0800076	18
0.0800289	18
0.080043	18
0.0800766	18
0.0801343	18
0.0801495	18
0.0802669	18
0.0802691	18
0.0802731	18
0.0802743	18
0.0802803	18
0.0802878	18
0.0802925	18
0.0802953	18
0.0803082	18
0.0803462	18
0.0803482	18
0.0803498	18
0.080352	18
0.0803559	18
0.0803568	18
0.0803751	18
0.0803814	18
0.0803816	18
0.0803836	18
0.0803849	18
0.0803891	18
0.0804083	18
0.080432	18
0.0804347	18
0.0804496	18
0.0804614	18
0.0807092	18
0.0807095	18
0.0807095	18
0.0807099	18
0.08071	18
0.08071	18
0.0807104	18
0.0807114	18
0.0807119	18
0.0807122	18
0.0807126	18
0.0807139	18
0.0807157	18
0.0807162	18
0.080724	18
0.0807377	18
0.0807403	18
0.0815486	18
0.0825818	18
0.0825867	18
0.0826024	18
0.0826119	18
0.0826345	18
0.0826644	18
0.0826699	18
0.0826902	18
0.0826947	18
0.0827045	18
0.0827075	18
0.0827244	18
0.082752	18
0.0828013	18
0.0828198	18
0.0828267	18
0.0828517	18
0.0829108	18
0.082911	18
0.0829116	18
0.0829133	18
0.0829159	18
0.082916	18
0.0829162	18
0.0829168	18
0.0829178	18
0.0829219	18
0.0829225	18
0.0829265	18
0.0829272	18
0.0829282	18
0.0829315	18
0.0829331	18
0.082934	18
0.0829369	18
0.0829416	18
0.0829576	18
0.0830387	18
0.0830485	18
0.0830927	18
0.0831104	18
0.083267	18
0.0832676	18
0.0833238	18
0.0833239	18
0.0833244	18
0.0833248	18
0.083325	18
0.0833258	18
0.0833268	18
0.0833275	18
0.0833277	18
0.0833284	18
0.0833308	18
0.0833324	18
0.0833337	18
0.0833345	18
0.0833356	18
0.0833389	18
0.0833404	18
0.0834755	18
0.0854425	18
0.0854472	18
0.0854475	18
0.0854521	18
0.0854522	18
0.0854526	18
0.0854527	18
0.0854542	18
0.0854662	18
0.0854691	18
0.085476	18
0.0854783	18
0.085483	18
0.0854848	18
0.0854978	18
0.0855031	18
0.0855123	18
0.0855172	18
0.0855186	18
0.0855202	18
0.0855305	18
0.0855307	18
0.0855337	18
0.0855398	18
0.0855469	18
0.0855477	18
0.0855507	18
0.0855511	18
0.085553	18
0.0855565	18
0.0855572	18
0.085558	18
0.085558	18
0.0855583	18
0.0855602	18
0.0855653	18
0.0855667	18
0.0855671	18
0.0855801	18
0.0855841	18
0.0855925	18
0.0856044	18
0.0856119	18
0.085612	18
0.0856143	18
0.0856164	18
0.0856265	18
0.0856286	18
0.0856296	18
0.0856308	18
0.0856318	18
0.08564	18
0.0856513	18
0.0856675	18
0.0857415	18
0.0857608	18
0.0857952	18
0.0857978	18
0.0858165	18
0.0858741	18
0.0858828	18
0.0858952	18
0.0859019	18
0.0859606	18
0.0859807	18
0.0860485	18
0.0861085	18
0.0863406	18
0.0863465	18
0.0864098	18
0.0905426	18
0.0905429	18
0.0905471	18
0.0905518	18
0.0905536	18
0.0905589	18
0.0905855	18
0.0905862	18
0.0905883	18
0.0906134	18
0.0906487	18
0.0906581	18
0.0907131	18
0.0907371	18
0.0907741	18
0.0908521	18
0.0908619	18
0.0908837	18
0.0909105	18
0.091085	18
0.0911746	18
0.091189	18
0.0912734	18
0.0915566	18
0.0917403	18
0.0928185	18
0.0928222	18
0.0934441	18
0.094839	18
0.0948394	18
0.0948404	18
0.094841	18
0.0948678	18
0.0948786	18
0.0948798	18
0.0948922	18
0.0948935	18
0.0949031	18
0.0949155	18
0.0949506	18
0.0949809	18
0.0949875	18
0.0949919	18
0.095036	18
0.0950387	18
0.0950472	18
0.0950474	18
0.0950992	18
0.0951149	18
0.0951485	18
0.0951845	18
0.0952301	18
0.0954984	18
0.0955075	18
0.0955114	18
0.0955169	18
0.0955266	18
0.0955324	18
0.0955338	18
0.0955389	18
0.0955508	18
0.0955583	18
0.0955639	18
0.0955766	18
0.0955938	18
0.0956071	18
0.0956162	18
0.0956238	18
0.0956308	18
0.0956317	18
0.095638	18
0.095647	18
0.0956472	18
0.0956509	18
0.0956665	18
0.0956731	18
0.0956765	18
0.0956922	18
0.0957152	18
0.0957183	18
0.0957243	18
0.0957756	18
0.0957776	18
0.0958043	18
0.0958626	18
0.0960498	18
0.0961569	18
0.0961808	18
0.0963636	18
0.0964883	18
0.0968371	18
0.0974162	18
0.0974172	18
0.0974185	18
0.0974206	18
0.0974213	18
0.0974216	18
0.0974395	18
0.0974588	18
0.0974699	18
0.0974838	18
0.0974854	18
0.0974937	18
0.0975108	18
0.0975288	18
0.0975318	18
0.0975513	18
0.0975645	18
0.0975864	18
0.0975957	18
0.097611	18
0.0976852	18
0.097693	18
0.0977094	18
0.0977131	18
0.0977651	18
0.0980763	18
0.0980772	18
0.0980805	18
0.0980818	18
0.098087	18
0.0980896	18
0.0981186	18
0.0982914	18
0.0986222	18
0.0986224	18
0.0986284	18
0.0986299	18
0.0986385	18
0.0986711	18
0.0986939	18
0.0987018	18
0.0987342	18
0.0987349	18
0.0987423	18
0.0987799	18
0.0988428	18
0.0988616	18
0.0988672	18
0.0988807	18
0.0988808	18
0.0989079	18
0.0989238	18
0.0989471	18
0.0990043	18
0.0990649	18
0.0992973	18
0.0993006	18
0.0993162	18
0.0993174	18
0.0993211	18
0.099328	18
0.0993345	18
0.099336	18
0.0993432	18
0.0993437	18
0.0993605	18
0.0993743	18
0.0993916	18
0.0993949	18
0.0994077	18
0.0994293	18
0.0994309	18
0.0994438	18
0.0994685	18
0.0995202	18
0.0995473	18
0.0995691	18
0.0995748	18
0.0995776	18
0.099583	18
0.099584	18
0.0995852	18
0.0995863	18
0.0996532	18
0.0996764	18
0.0997127	18
0.0997195	18
0.099735	18
0.0997387	18
0.0997545	18
0.0997929	18
0.0998436	18
0.0998446	18
0.0998591	18
0.0999756	18
0.0999879	18
0.100012	18
0.10003	18
0.100054	18
0.100067	18
0.100083	18
0.100093	18
0.100156	18
0.100158	18
0.100159	18
0.10017	18
0.100191	18
0.10028	18
0.100382	18
0.100483	18
0.100491	18
0.100511	18
0.100605	18
0.100666	18
0.101312	18
0.101461	18
0.101461	18
0.101464	18
0.101465	18
0.101466	18
0.101559	18
0.101561	18
0.101562	18
0.101567	18
0.101567	18
0.101575	18
0.102127	18
0.102684	18
0.103843	18
0.103843	18
0.10386	18
0.103862	18
0.103908	18
0.103911	18
0.103925	18
0.103932	18
0.103938	18
0.103943	18
0.103992	18
0.10401	18
0.104033	18
0.104132	18
0.104172	18
0.104208	18
0.104354	18
0.104375	18
0.104469	18
0.104499	18
0.104515	18
0.106077	18
0.106089	18
0.106108	18
0.106112	18
0.10615	18
0.106248	18
0.106264	18
0.106273	18
0.106333	18
0.10643	18
0.106507	18
0.106519	18
0.10653	18
0.106574	18
0.10674	18
0.106856	18
0.106903	18
0.106904	18
0.106909	18
0.109241	18
0.109242	18
0.109242	18
0.109242	18
0.109243	18
0.109244	18
0.109245	18
0.109246	18
0.109248	18
0.109248	18
0.10925	18
0.109256	18
0.109827	18
0.109827	18
0.109827	18
0.109829	18
0.10983	18
0.10983	18
0.109833	18
0.109836	18
0.112723	18
0.112724	18
0.112729	18
0.112741	18
0.112762	18
0.112773	18
0.112804	18
0.112887	18
0.112894	18
0.112929	18
0.112958	18
0.112967	18
0.112987	18
0.113024	18
0.113028	18
0.113133	18
0.113142	18
0.113154	18
0.113166	18
0.113198	18
0.113298	18
0.1133	18
0.11331	18
0.113334	18
0.113351	18
0.113352	18
0.11346	18
0.113948	18
0.113954	18
0.113968	18
0.113971	18
0.113989	18
0.114041	18
0.11405	18
0.114054	18
0.114058	18
0.114069	18
0.114085	18
0.114102	18
0.114125	18
0.11416	18
0.114232	18
0.11425	18
0.11441	18
0.115067	18
0.115067	18
0.115068	18
0.115069	18
0.115071	18
0.115071	18
0.115072	18
0.115083	18
0.117284	18
0.117285	18
0.117292	18
0.117293	18
0.117295	18
0.117297	18
0.117304	18
0.117305	18
0.117467	18
0.117547	18
0.121667	18
0.121667	18
0.121668	18
0.121668	18
0.121669	18
0.12167	18
0.121671	18
0.121671	18
0.121671	18
0.121686	18
0.121731	18
0.121821	18
0.121855	18
0.122025	18
0.122108	18
0.122238	18
0.122291	18
0.122847	18
0.122882	18
0.123257	18
0.131818	18
0.131819	18
0.131819	18
0.131819	18
0.131819	18
0.13182	18
0.131821	18
0.131821	18
0.131822	18
0.131822	18
0.131823	18
0.131823	18
0.131823	18
0.131824	18
0.131825	18
0.131825	18
0.131826	18
0.131828	18
0.131831	18
0.131832	18
0.131832	18
0.131834	18
0.131922	18
0.131928	18
0.132092	18
0.132148	18
0.132149	18
0.132149	18
0.13215	18
0.132152	18
0.132152	18
0.132153	18
0.132156	18
0.132167	18
0.132167	18
0.132174	18
0.132181	18
0.132188	18
0.132194	18
0.132275	18
0.135117	18
0.135117	18
0.135118	18
0.135118	18
0.135119	18
0.135119	18
0.135122	18
0.135123	18
0.135127	18
0.135746	18
0.135748	18
0.135751	18
0.135752	18
0.136172	18
0.136172	18
0.136172	18
0.136174	18
0.136177	18
0.136177	18
0.136191	18
0.136195	18
0.136763	18
0.138584	18
0.138585	18
0.138585	18
0.138586	18
0.138587	18
0.138589	18
0.138594	18
0.138594	18
0.140582	18
0.142648	18
0.142649	18
0.142655	18
0.142656	18
0.14268	18
0.145512	18
0.145512	18
0.145514	18
0.145515	18
0.14552	18
0.145544	18
0.1456	18
0.146195	18
0.146275	18
0.146276	18
0.146277	18
0.146288	18
0.149296	18
0.149296	18
0.149296	18
0.149302	18
0.149302	18
0.151357	18
0.151364	18
0.151508	18
0.151508	18
0.15151	18
0.15151	18
0.151516	18
0.151516	18
0.151522	18
0.151523	18
0.153715	18
0.153716	18
0.15374	18
0.15384	18
0.154538	18
0.154541	18
0.154542	18
0.154863	18
0.154869	18
0.154873	18
0.154887	18
0.154939	18
0.155516	18
0.155516	18
0.155517	18
0.155518	18
0.155521	18
0.155525	18
0.155537	18
0.155611	18
0.155611	18
0.155611	18
0.155611	18
0.155614	18
0.155616	18
0.155666	18
0.156799	18
0.156807	18
0.158132	18
0.158132	18
0.158132	18
0.158145	18
0.158666	18
0.158667	18
0.158669	18
0.158769	18
0.158793	18
0.158896	18
0.161925	18
0.161926	18
0.161934	18
0.161976	18
0.162086	18
0.162112	18
0.162488	18
0.163585	18
0.163587	18
0.163587	18
0.163593	18
0.163596	18
0.166007	18
0.166023	18
0.166024	18
0.172457	18
0.172457	18
0.172457	18
0.172457	18
0.172458	18
0.172458	18
0.172458	18
0.172459	18
0.172459	18
0.172459	18
0.172465	18
0.172467	18
0.172468	18
0.172493	18
0.172505	18
0.172593	18
0.1726	18
0.172605	18
0.172676	18
0.173011	18
0.173249	18
0.174881	18
0.174891	18
0.174926	18
0.177087	18
0.177097	18
0.177117	18
0.177452	18
0.177454	18
0.177456	18
0.179995	18
0.179995	18
0.179996	18
0.179998	18
0.179998	18
0.179998	18
0.179999	18
0.179999	18
0.180014	18
0.180017	18
0.182874	18
0.182914	18
0.183899	18
0.1839	18
0.1839	18
0.183906	18
0.183963	18
0.184614	18
0.184622	18
0.184652	18
0.185824	18
0.187633	18
0.187635	18
0.187635	18
0.18765	18
0.187663	18
0.187758	18
0.189543	18
0.189544	18
0.189549	18
0.189553	18
0.189568	18
0.190656	18
0.190659	18
0.191022	18
0.191048	18
0.194293	18
0.194299	18
0.194836	18
0.194841	18
0.194842	18
0.194845	18
0.194849	18
0.194849	18
0.198436	18
0.198438	18
0.198454	18
0.199673	18
0.199771	18
0.200275	18
0.200282	18
0.200578	18
0.201444	18
0.201444	18
0.201469	18
0.201477	18
0.201488	18
0.201489	18
0.201495	18
0.204763	18
0.204763	18
0.204764	18
0.204767	18
0.207066	18
0.20707	18
0.210884	18
0.21089	18
0.213654	18
0.217217	18
0.21722	18
0.217225	18
0.217226	18
0.217758	18
0.217759	18
0.217762	18
0.224902	18
0.224903	18
0.224903	18
0.224904	18
0.224905	18
0.224906	18
0.224906	18
0.224907	18
0.224909	18
0.224911	18
0.229125	18
0.229138	18
0.229911	18
0.229916	18
0.23376	18
0.233763	18
0.233764	18
0.233767	18
0.233768	18
0.233796	18
0.23776	18
0.23776	18
0.23776	18
0.237762	18
0.237763	18
0.237764	18
0.237768	18
0.237801	18
0.238982	18
0.238987	18
0.238988	18
0.238992	18
0.240013	18
0.240013	18
0.240022	18
0.245673	18
0.250745	18
0.250747	18
0.250747	18
0.25155	18
0.252797	18
0.252799	18
0.252811	18
0.254437	18
0.254437	18
0.254447	18
0.257921	18
0.257921	18
0.257922	18
0.257928	18
0.258015	18
0.258017	18
0.258031	18
0.258145	18
0.262908	18
0.264364	18
0.26438	18
0.265667	18
0.265667	18
0.265669	18
0.265672	18
0.265672	18
0.265678	18
0.266493	18
0.266494	18
0.268852	18
0.268853	18
0.268857	18
0.268862	18
0.2712	18
0.271202	18
0.271203	18
0.271204	18
0.271205	18
0.271209	18
0.271641	18
0.271645	18
0.271665	18
0.273497	18
0.274884	18
0.274907	18
0.277028	18
0.277039	18
0.277276	18
0.277278	18
0.277293	18
0.277764	18
0.278363	18
0.278365	18
0.278368	18
0.278375	18
0.278387	18
0.28234	18
0.282343	18
0.282346	18
0.282351	18
0.287516	18
0.287518	18
0.287524	18
0.287567	18
0.288259	18
0.288259	18
0.28826	18
0.288262	18
0.288267	18
0.28827	18
0.288278	18
0.289831	18
0.289839	18
0.289839	18
0.292771	18
0.292776	18
0.292792	18
0.293881	18
0.293885	18
0.293886	18
0.294128	18
0.294132	18
0.294146	18
0.296378	18
0.296387	18
0.297084	18
0.297822	18
0.297839	18
0.298619	18
0.300075	18
0.300076	18
0.300077	18
0.300082	18
0.300103	18
0.303134	18
0.303135	18
0.306114	18
0.306114	18
0.306116	18
0.308313	18
0.308316	18
0.308445	18
0.30845	18
0.308482	18
0.309	18
0.309012	18
0.309066	18
0.309118	18
0.309119	18
0.309121	18
0.309134	18
0.313852	18
0.313853	18
0.314361	18
0.315743	18
0.31578	18
0.321952	18
0.321953	18
0.321955	18
0.321955	18
0.321956	18
0.321961	18
0.321971	18
0.322185	18
0.32634	18
0.326343	18
0.326347	18
0.326349	18
0.326351	18
0.326984	18
0.33363	18
0.333632	18
0.333632	18
0.333655	18
0.34055	18
0.34055	18
0.340551	18
0.340554	18
0.340554	18
0.340557	18
0.340558	18
0.340915	18
0.342694	18
0.342696	18
0.3427	18
0.342718	18
0.348368	18
0.34837	18
0.348371	18
0.348371	18
0.348373	18
0.348577	18
0.34858	18
0.348581	18
0.350903	18
0.352711	18
0.352713	18
0.35342	18
0.353424	18
0.353435	18
0.353447	18
0.354054	18
0.355626	18
0.355627	18
0.355627	18
0.355628	18
0.355628	18
0.355631	18
0.355632	18
0.356011	18
0.36156	18
0.361561	18
0.361563	18
0.361571	18
0.361616	18
0.366951	18
0.36697	18
0.369464	18
0.369467	18
0.36947	18
0.369523	18
0.370742	18
0.371917	18
0.371922	18
0.374445	18
0.374447	18
0.374449	18
0.374949	18
0.374959	18
0.374967	18
0.380079	18
0.38008	18
0.380084	18
0.38009	18
0.380697	18
0.381008	18
0.38102	18
0.382737	18
0.382741	18
0.382758	18
0.38276	18
0.385631	18
0.385634	18
0.385636	18
0.385636	18
0.385766	18
0.386122	18
0.392906	18
0.392909	18
0.395579	18
0.395586	18
0.404075	18
0.404076	18
0.404076	18
0.404077	18
0.404078	18
0.404083	18
0.404085	18
0.40438	18
0.40438	18
0.404542	18
0.405313	18
0.406513	18
0.406515	18
0.406528	18
0.406573	18
0.407026	18
0.407026	18
0.407027	18
0.407033	18
0.407042	18
0.408525	18
0.408529	18
0.408554	18
0.40875	18
0.408754	18
0.408866	18
0.411107	18
0.413095	18
0.413098	18
0.413304	18
0.415232	18
0.415235	18
0.415251	18
0.415402	18
0.416211	18
0.416212	18
0.41622	18
0.417142	18
0.417146	18
0.417147	18
0.41715	18
0.417151	18
0.417746	18
0.417748	18
0.417765	18
0.422419	18
0.422422	18
0.422424	18
0.422437	18
0.429142	18
0.429143	18
0.429197	18
0.432254	18
0.432275	18
0.433312	18
0.438528	18
0.438528	18
0.439417	18
0.439419	18
0.43942	18
0.443676	18
0.443677	18
0.443679	18
0.443679	18
0.443679	18
0.443681	18
0.443844	18
0.445487	18
0.447631	18
0.447631	18
0.447632	18
0.447635	18
0.448588	18
0.449236	18
0.45425	18
0.455045	18
0.455052	18
0.456132	18
0.456135	18
0.457454	18
0.457459	18
0.457467	18
0.458257	18
0.458268	18
0.459037	18
0.45904	18
0.459042	18
0.459047	18
0.459048	18
0.459362	18
0.459582	18
0.46639	18
0.46639	18
0.466391	18
0.466397	18
0.466399	18
0.475383	18
0.475384	18
0.475386	18
0.477028	18
0.477028	18
0.477029	18
0.477029	18
0.477032	18
0.477038	18
0.478233	18
0.478236	18
0.479725	18
0.479732	18
0.479735	18
0.479741	18
0.479743	18
0.48247	18
0.482471	18
0.482475	18
0.482477	18
0.484024	18
0.484026	18
0.484032	18
0.484156	18
0.484156	18
0.484165	18
0.484589	18
0.484592	18
0.48563	18
0.48563	18
0.485641	18
0.486006	18
0.487223	18
0.493227	18
0.493228	18
0.493229	18
0.493231	18
0.493233	18
0.495631	18
0.495635	18
0.499745	18
0.499749	18
0.49975	18
0.499758	18
0.501573	18
0.501574	18
0.501575	18
0.501582	18
0.502797	18
0.504719	18
0.50472	18
0.504731	18
0.504887	18
0.508096	18
0.508107	18
0.508113	18
0.508411	18
0.511081	18
0.511083	18
0.51109	18
0.511098	18
0.511107	18
0.511107	18
0.511148	18
0.51155	18
0.511551	18
0.511552	18
0.511553	18
0.511553	18
0.511558	18
0.511664	18
0.511669	18
0.512607	18
0.512611	18
0.512615	18
0.51262	18
0.51437	18
0.514372	18
0.514376	18
0.514484	18
0.514485	18
0.514486	18
0.514489	18
0.517013	18
0.518351	18
0.521724	18
0.521725	18
0.521734	18
0.52174	18
0.525248	18
0.525248	18
0.525249	18
0.525249	18
0.525252	18
0.525259	18
0.525909	18
0.531812	18
0.531815	18
0.531819	18
0.534328	18
0.534328	18
0.534333	18
0.534604	18
0.534635	18
0.534638	18
0.534697	18
0.534792	18
0.534795	18
0.534796	18
0.534812	18
0.541459	18
0.541461	18
0.541461	18
0.541492	18
0.541504	18
0.541545	18
0.543884	18
0.543885	18
0.543885	18
0.543886	18
0.543891	18
0.545774	18
0.545806	18
0.545832	18
0.558812	18
0.558812	18
0.558815	18
0.558825	18
0.558873	18
0.560039	18
0.561596	18
0.565258	18
0.565258	18
0.565258	18
0.565259	18
0.565269	18
0.565283	18
0.565516	18
0.56552	18
0.570687	18
0.57069	18
0.570693	18
0.570694	18
0.570715	18
0.571262	18
0.573763	18
0.57483	18
0.57483	18
0.57483	18
0.57485	18
0.575535	18
0.575566	18
0.57586	18
0.575861	18
0.575863	18
0.575871	18
0.576382	18
0.578787	18
0.580122	18
0.580125	18
0.580761	18
0.580762	18
0.581221	18
0.581228	18
0.581233	18
0.585647	18
0.585651	18
0.585667	18
0.58668	18
0.586682	18
0.586688	18
0.595401	18
0.595401	18
0.595402	18
0.595405	18
0.596043	18
0.596043	18
0.596044	18
0.596051	18
0.600012	18
0.600013	18
0.600016	18
0.600017	18
0.605942	18
0.605942	18
0.605943	18
0.605944	18
0.607004	18
0.607009	18
0.607016	18
0.607336	18
0.607349	18
0.60736	18
0.609301	18
0.609303	18
0.609311	18
0.609376	18
0.609383	18
0.609394	18
0.615642	18
0.615642	18
0.615642	18
0.615661	18
0.61863	18
0.61863	18
0.618631	18
0.620199	18
0.622634	18
0.622636	18
0.622639	18
0.623536	18
0.626256	18
0.626257	18
0.626259	18
0.626624	18
0.626625	18
0.626632	18
0.626656	18
0.627765	18
0.627776	18
0.636506	18
0.636518	18
0.642936	18
0.642936	18
0.642937	18
0.64294	18
0.643177	18
0.6432	18
0.643717	18
0.643723	18
0.643724	18
0.651896	18
0.651896	18
0.651898	18
0.6519	18
0.651903	18
0.652141	18
0.654008	18
0.654086	18
0.654086	18
0.6541	18
0.6544	18
0.654402	18
0.65625	18
0.656251	18
0.656263	18
0.656284	18
0.658735	18
0.665035	18
0.665035	18
0.665039	18
0.665053	18
0.668054	18
0.668056	18
0.668385	18
0.668386	18
0.668386	18
0.671067	18
0.677533	18
0.677533	18
0.677533	18
0.677592	18
0.679302	18
0.679307	18
0.67932	18
0.679713	18
0.679718	18
0.679726	18
0.67973	18
0.679743	18
0.682427	18
0.682428	18
0.686954	18
0.686957	18
0.686967	18
0.688262	18
0.688299	18
0.6883	18
0.688316	18
0.688317	18
0.694652	18
0.694655	18
0.694657	18
0.694663	18
0.700557	18
0.700558	18
0.700559	18
0.700596	18
0.702735	18
0.702735	18
0.702736	18
0.702736	18
0.702738	18
0.702747	18
0.702785	18
0.703627	18
0.70363	18
0.703639	18
0.704206	18
0.704208	18
0.704209	18
0.704687	18
0.704691	18
0.704696	18
0.706716	18
0.708427	18
0.708438	18
0.708463	18
0.708484	18
0.714551	18
0.714556	18
0.715997	18
0.716001	18
0.716004	18
0.716075	18
0.720096	18
0.720096	18
0.7201	18
0.7201	18
0.7201	18
0.730706	18
0.730707	18
0.730709	18
0.730711	18
0.730716	18
0.730723	18
0.732853	18
0.738542	18
0.738545	18
0.738547	18
0.738551	18
0.740355	18
0.740358	18
0.740418	18
0.747356	18
0.747357	18
0.747357	18
0.747363	18
0.747366	18
0.747374	18
0.748602	18
0.748602	18
0.748619	18
0.748672	18
0.748674	18
0.748682	18
0.75218	18
0.75218	18
0.752226	18
0.752227	18
0.752227	18
0.75224	18
0.752244	18
0.752247	18
0.752249	18
0.75225	18
0.752259	18
0.752885	18
0.752896	18
0.754038	18
0.75404	18
0.754042	18
0.757585	18
0.758703	18
0.76015	18
0.760151	18
0.760156	18
0.760159	18
0.764328	18
0.764333	18
0.764341	18
0.764354	18
0.770291	18
0.770292	18
0.770295	18
0.770318	18
0.772625	18
0.77362	18
0.774897	18
0.774898	18
0.774907	18
0.77494	18
0.77494	18
0.774941	18
0.774943	18
0.77504	18
0.777876	18
0.77788	18
0.777882	18
0.778156	18
0.77816	18
0.778177	18
0.780259	18
0.780259	18
0.78026	18
0.780263	18
0.780266	18
0.780266	18
0.780273	18
0.792298	18
0.792301	18
0.792327	18
0.800779	18
0.800781	18
0.800783	18
0.804305	18
0.804307	18
0.804309	18
0.804311	18
0.804818	18
0.805552	18
0.807212	18
0.807215	18
0.807215	18
0.820168	18
0.820168	18
0.820169	18
0.820169	18
0.820169	18
0.820169	18
0.820172	18
0.820179	18
0.820179	18
0.820181	18
0.823987	18
0.823988	18
0.82399	18
0.823995	18
0.824	18
0.824038	18
0.824279	18
0.824281	18
0.824404	18
0.826405	18
0.826406	18
0.826408	18
0.826415	18
0.826415	18
0.826451	18
0.834323	18
0.834375	18
0.835978	18
0.837439	18
0.837439	18
0.837439	18
0.837441	18
0.83745	18
0.844238	18
0.844241	18
0.844269	18
0.844804	18
0.84481	18
0.844812	18
0.844861	18
0.850528	18
0.850531	18
0.850796	18
0.850798	18
0.850799	18
0.852671	18
0.852671	18
0.852677	18
0.852677	18
0.857896	18
0.857896	18
0.857899	18
0.8579	18
0.858795	18
0.861324	18
0.861324	18
0.861325	18
0.863313	18
0.863316	18
0.863321	18
0.865747	18
0.865748	18
0.865755	18
0.865766	18
0.866911	18
0.866912	18
0.866913	18
0.877976	18
0.87799	18
0.879229	18
0.879234	18
0.879239	18
0.879243	18
0.879253	18
0.879362	18
0.879367	18
0.879371	18
0.879382	18
0.890851	18
0.890852	18
0.890853	18
0.891174	18
0.891181	18
0.891186	18
0.891423	18
0.89302	18
0.895124	18
0.895126	18
0.895127	18
0.895142	18
0.896249	18
0.896425	18
0.896457	18
0.897255	18
0.897302	18
0.898341	18
0.898429	18
0.898436	18
0.89844	18
0.898448	18
0.902796	18
0.902797	18
0.902803	18
0.904588	18
0.90555	18
0.90555	18
0.90555	18
0.905566	18
0.911377	18
0.91138	18
0.916187	18
0.916187	18
0.916188	18
0.916191	18
0.916221	18
0.918927	18
0.924253	18
0.924255	18
0.92426	18
0.924275	18
0.924404	18
0.924405	18
0.924418	18
0.924422	18
0.930718	18
0.93072	18
0.930721	18
0.930722	18
0.930722	18
0.930724	18
0.930726	18
0.930726	18
0.933187	18
0.933189	18
0.933193	18
0.934464	18
0.934467	18
0.934481	18
0.943638	18
0.943638	18
0.943638	18
0.943639	18
0.943839	18
0.943846	18
0.943846	18
0.944066	18
0.944066	18
0.944067	18
0.944084	18
0.949136	18
0.949139	18
0.949139	18
0.95724	18
0.957243	18
0.957244	18
0.95726	18
0.966729	18
0.966729	18
0.96673	18
0.966732	18
0.966738	18
0.966741	18
0.968312	18
0.968312	18
0.968313	18
0.968315	18
0.968328	18
0.969746	18
0.969748	18
0.976067	18
0.976073	18
0.976077	18
0.976084	18
0.976089	18
0.9763	18
0.976707	18
0.976707	18
0.976718	18
0.980007	18
0.980697	18
0.980699	18
0.9807	18
0.983858	18
0.983858	18
0.983858	18
0.98386	18
0.985313	18
0.985314	18
0.985314	18
0.985314	18
0.98532	18
0.988793	18
0.988793	18
0.988794	18
0.988799	18
0.993186	18
0.993186	18
0.993189	18
0.993196	18
0.99326	18
1.00701	18
1.00701	18
1.00701	18
1.00701	18
1.00703	18
1.00798	18
1.01045	18
1.01046	18
1.01046	18
1.01046	18
1.01048	18
1.01112	18
1.01167	18
1.01167	18
1.01167	18
1.01172	18
1.01411	18
1.01411	18
1.01411	18
1.01412	18
1.01913	18
1.01913	18
1.01913	18
1.02068	18
1.02068	18
1.02069	18
1.03131	18
1.03131	18
1.03654	18
1.03654	18
1.04325	18
1.04326	18
1.04986	18
1.04986	18
1.04987	18
1.04987	18
1.04987	18
1.04987	18
1.05149	18
1.05149	18
1.05149	18
1.0515	18
1.05202	18
1.05237	18
1.05239	18
1.05252	18
1.06127	18
1.06127	18
1.06127	18
1.06128	18
1.06243	18
1.06243	18
1.06243	18
1.06244	18
1.06401	18
1.06401	18
1.06402	18
1.06402	18
1.06585	18
1.06585	18
1.06585	18
1.06586	18
1.06834	18
1.06994	18
1.06994	18
1.06997	18
1.06998	18
1.07253	18
1.07253	18
1.07316	18
1.07316	18
1.07316	18
1.07316	18
1.07316	18
1.07317	18
1.07318	18
1.07602	18
1.07602	18
1.07602	18
1.07603	18
1.07604	18
1.08023	18
1.09677	18
1.09677	18
1.09677	18
1.09677	18
1.09679	18
1.0971	18
1.09885	18
1.09886	18
1.09891	18
1.10104	18
1.10104	18
1.10105	18
1.10335	18
1.10335	18
1.10336	18
1.1035	18
1.10393	18
1.10393	18
1.10393	18
1.10393	18
1.10953	18
1.11956	18
1.11956	18
1.11957	18
1.11959	18
1.12187	18
1.12187	18
1.12237	18
1.12237	18
1.12238	18
1.12251	18
1.12252	18
1.12252	18
1.12252	18
1.12375	18
1.12375	18
1.12376	18
1.12377	18
1.1238	18
1.12738	18
1.12741	18
1.12743	18
1.13172	18
1.13172	18
1.13173	18
1.13173	18
1.13175	18
1.13331	18
1.13332	18
1.13344	18
1.13344	18
1.13352	18
1.13409	18
1.13409	18
1.1341	18
1.14149	18
1.14149	18
1.14149	18
1.14152	18
1.14256	18
1.14256	18
1.14258	18
1.14259	18
1.15269	18
1.15269	18
1.15269	18
1.15288	18
1.15288	18
1.15289	18
1.15299	18
1.1562	18
1.1562	18
1.15646	18
1.15795	18
1.15795	18
1.1585	18
1.1678	18
1.1678	18
1.1678	18
1.16832	18
1.16908	18
1.16909	18
1.16983	18
1.16983	18
1.16983	18
1.16984	18
1.16984	18
1.16985	18
1.17107	18
1.17107	18
1.17109	18
1.17789	18
1.17815	18
1.17816	18
1.18584	18
1.18584	18
1.18584	18
1.18584	18
1.18584	18
1.18584	18
1.18584	18
1.18587	18
1.18829	18
1.1884	18
1.1884	18
1.18841	18
1.18841	18
1.19068	18
1.19068	18
1.19069	18
1.19563	18
1.19563	18
1.19933	18
1.19933	18
1.19933	18
1.19934	18
1.20194	18
1.20976	18
1.20976	18
1.20977	18
1.20978	18
1.21295	18
1.21295	18
1.21295	18
1.21295	18
1.21295	18
1.21295	18
1.21297	18
1.21892	18
1.21893	18
1.21893	18
1.21893	18
1.22047	18
1.22047	18
1.22048	18
1.22228	18
1.22228	18
1.23689	18
1.2369	18
1.23874	18
1.23874	18
1.23874	18
1.23874	18
1.23902	18
1.23902	18
1.23902	18
1.23903	18
1.24387	18
1.24388	18
1.24388	18
1.24388	18
1.24388	18
1.24526	18
1.24526	18
1.24527	18
1.2473	18
1.2473	18
1.2473	18
1.24926	18
1.24926	18
1.24928	18
1.25664	18
1.25664	18
1.25664	18
1.25665	18
1.25667	18
1.26128	18
1.26128	18
1.26128	18
1.26129	18
1.26288	18
1.26289	18
1.2635	18
1.26352	18
1.26352	18
1.26381	18
1.26381	18
1.26381	18
1.27047	18
1.27048	18
1.27049	18
1.2721	18
1.2721	18
1.2721	18
1.2721	18
1.27211	18
1.27249	18
1.27249	18
1.27249	18
1.27249	18
1.27249	18
1.27473	18
1.2791	18
1.27911	18
1.27912	18
1.28402	18
1.29103	18
1.29103	18
1.29104	18
1.29106	18
1.29127	18
1.29127	18
1.29128	18
1.29279	18
1.2928	18
1.2928	18
1.2928	18
1.2928	18
1.29281	18
1.29396	18
1.29396	18
1.29397	18
1.29407	18
1.29407	18
1.29407	18
1.29465	18
1.29465	18
1.29465	18
1.29497	18
1.29497	18
1.29497	18
1.30053	18
1.30056	18
1.30056	18
1.30057	18
1.30172	18
1.30404	18
1.30404	18
1.30845	18
1.30846	18
1.30846	18
1.30846	18
1.30846	18
1.30903	18
1.31088	18
1.31425	18
1.31425	18
1.31425	18
1.31426	18
1.31539	18
1.31583	18
1.31583	18
1.31583	18
1.31583	18
1.31584	18
1.31728	18
1.31729	18
1.3173	18
1.33038	18
1.33038	18
1.3304	18
1.33103	18
1.33103	18
1.33106	18
1.33431	18
1.33431	18
1.33431	18
1.33431	18
1.33431	18
1.33432	18
1.33433	18
1.33824	18
1.33825	18
1.33825	18
1.33865	18
1.33865	18
1.33866	18
1.34133	18
1.34133	18
1.3462	18
1.3462	18
1.35629	18
1.35629	18
1.35629	18
1.35629	18
1.35629	18
1.35629	18
1.35638	18
1.36201	18
1.36691	18
1.37672	18
1.37672	18
1.37672	18
1.37672	18
1.37672	18
1.37672	18
1.37673	18
1.37674	18
1.37743	18
1.37743	18
1.37744	18
1.37745	18
1.40013	18
1.40013	18
1.40013	18
1.40013	18
1.40013	18
1.40013	18
1.40016	18
1.40519	18
1.40519	18
1.4052	18
1.41102	18
1.41102	18
1.41103	18
1.41325	18
1.41325	18
1.42039	18
1.42039	18
1.42039	18
1.4204	18
1.42793	18
1.42793	18
1.42793	18
1.42794	18
1.42794	18
1.46394	18
1.46394	18
1.46394	18
1.46395	18
1.46395	18
1.46395	18
1.46395	18
1.46395	18
1.46396	18
1.47675	18
1.47838	18
1.47902	18
1.47903	18
1.4838	18
1.4838	18
1.48382	18
1.48556	18
1.48556	18
1.48556	18
1.48556	18
1.48557	18
1.49088	18
1.49089	18
1.49089	18
1.49089	18
1.49245	18
1.49245	18
1.49246	18
1.4925	18
1.49802	18
1.49802	18
1.49803	18
1.49804	18
1.50163	18
1.50443	18
1.50443	18
1.50444	18
1.50444	18
1.50445	18
1.50654	18
1.51049	18
1.5105	18
1.51051	18
1.51053	18
1.51102	18
1.51381	18
1.51381	18
1.51381	18
1.51543	18
1.51981	18
1.51981	18
1.51981	18
1.51983	18
1.51984	18
1.51991	18
1.52079	18
1.52079	18
1.52079	18
1.52081	18
1.53722	18
1.53722	18
1.53722	18
1.53722	18
1.53723	18
1.53742	18
1.53742	18
1.53742	18
1.53743	18
1.54309	18
1.54309	18
1.54311	18
1.54321	18
1.54321	18
1.54321	18
1.54323	18
1.54407	18
1.54724	18
1.54724	18
1.54724	18
1.54965	18
1.54965	18
1.54965	18
1.54966	18
1.54968	18
1.54997	18
1.55059	18
1.55059	18
1.5506	18
1.5506	18
1.55107	18
1.55107	18
1.55108	18
1.55312	18
1.55557	18
1.55558	18
1.55561	18
1.55612	18
1.55612	18
1.55612	18
1.56097	18
1.56098	18
1.56098	18
1.56098	18
1.561	18
1.56139	18
1.56139	18
1.56139	18
1.5614	18
1.56382	18
1.56846	18
1.56847	18
1.56847	18
1.56848	18
1.57317	18
1.57317	18
1.57317	18
1.5732	18
1.5732	18
1.57321	18
1.57517	18
1.57517	18
1.57517	18
1.57691	18
1.57691	18
1.57693	18
1.58094	18
1.58095	18
1.58095	18
1.58096	18
1.58096	18
1.58242	18
1.58399	18
1.58399	18
1.58399	18
1.58401	18
1.58804	18
1.58805	18
1.58807	18
1.58944	18
1.58944	18
1.58945	18
1.59974	18
1.59974	18
1.59974	18
1.59975	18
1.59975	18
1.60234	18
1.60234	18
1.60236	18
1.60362	18
1.60362	18
1.60363	18
1.60502	18
1.60503	18
1.60503	18
1.60543	18
1.60544	18
1.60545	18
1.60837	18
1.60837	18
1.60839	18
1.6212	18
1.6212	18
1.62121	18
1.62121	18
1.62435	18
1.62435	18
1.62435	18
1.62711	18
1.62711	18
1.62711	18
1.62875	18
1.62876	18
1.62877	18
1.62877	18
1.62878	18
1.63351	18
1.63351	18
1.63352	18
1.63353	18
1.64397	18
1.64397	18
1.64398	18
1.644	18
1.646	18
1.64601	18
1.64601	18
1.64701	18
1.64703	18
1.64705	18
1.64786	18
1.64787	18
1.64787	18
1.65582	18
1.65582	18
1.65582	18
1.65582	18
1.65582	18
1.65584	18
1.65965	18
1.66013	18
1.66086	18
1.66087	18
1.66088	18
1.66213	18
1.66214	18
1.66216	18
1.66267	18
1.66268	18
1.66278	18
1.66633	18
1.66634	18
1.668	18
1.67287	18
1.67287	18
1.67287	18
1.67395	18
1.67517	18
1.67518	18
1.67518	18
1.67518	18
1.67656	18
1.67656	18
1.67656	18
1.67657	18
1.67658	18
1.69535	18
1.69535	18
1.69535	18
1.69535	18
1.69535	18
1.69536	18
1.69788	18
1.69788	18
1.69788	18
1.69789	18
1.6989	18
1.69891	18
1.69891	18
1.70087	18
1.70497	18
1.70497	18
1.70497	18
1.70497	18
1.70497	18
1.70523	18
1.70523	18
1.70524	18
1.70526	18
1.70528	18
1.70529	18
1.70529	18
1.70533	18
1.71384	18
1.71542	18
1.72188	18
1.72512	18
1.72512	18
1.73687	18
1.73687	18
1.73687	18
1.73687	18
1.73688	18
1.74823	18
1.74823	18
1.74823	18
1.74823	18
1.74823	18
1.74824	18
1.74824	18
1.74829	18
1.74903	18
1.75908	18
1.75909	18
1.75909	18
1.75914	18
1.76248	18
1.76249	18
1.76249	18
1.76249	18
1.7626	18
1.76935	18
1.76935	18
1.76935	18
1.76935	18
1.76949	18
1.77236	18
1.77403	18
1.77403	18
1.77404	18
1.77433	18
1.77497	18
1.784	18
1.784	18
1.784	18
1.784	18
1.784	18
1.784	18
1.78643	18
1.78643	18
1.78643	18
1.78644	18
1.79098	18
1.79098	18
1.79099	18
1.79099	18
1.79119	18
1.79153	18
1.79153	18
1.79153	18
1.79173	18
1.79299	18
1.79301	18
1.79353	18
1.79434	18
1.79434	18
1.79434	18
1.79438	18
1.80027	18
1.80027	18
1.80027	18
1.80706	18
1.81386	18
1.81444	18
1.81799	18
1.81799	18
1.818	18
1.818	18
1.818	18
1.81805	18
1.82652	18
1.82652	18
1.82652	18
1.82654	18
1.82655	18
1.83613	18
1.83613	18
1.83613	18
1.83614	18
1.83615	18
1.84116	18
1.84127	18
1.84393	18
1.84394	18
1.84394	18
1.84449	18
1.84449	18
1.84449	18
1.84499	18
1.84835	18
1.84835	18
1.84835	18
1.84835	18
1.85219	18
1.85219	18
1.85221	18
1.85221	18
1.86288	18
1.86288	18
1.86288	18
1.86288	18
1.86289	18
1.8629	18
1.8629	18
1.86291	18
1.86785	18
1.86786	18
1.86786	18
1.86788	18
1.86866	18
1.86866	18
1.8687	18
1.87006	18
1.87006	18
1.87008	18
1.87291	18
1.87292	18
1.87292	18
1.88611	18
1.88612	18
1.88615	18
1.88616	18
1.89762	18
1.89762	18
1.89762	18
1.89763	18
1.89763	18
1.89766	18
1.9053	18
1.9053	18
1.9053	18
1.9053	18
1.90532	18
1.90725	18
1.90726	18
1.90728	18
1.90781	18
1.90781	18
1.90782	18
1.91452	18
1.91452	18
1.91453	18
1.92696	18
1.92697	18
1.93363	18
1.93364	18
1.93364	18
1.93364	18
1.93364	18
1.93364	18
1.93416	18
1.93416	18
1.93417	18
1.93417	18
1.93419	18
1.95014	18
1.95015	18
1.95036	18
1.95162	18
1.95162	18
1.9517	18
1.96498	18
1.96498	18
1.96499	18
1.96499	18
1.96499	18
1.96506	18
1.96632	18
1.96632	18
1.96633	18
1.96636	18
1.96636	18
1.96637	18
1.96638	18
1.96666	18
1.96667	18
1.96673	18
1.98027	18
1.98027	18
1.98033	18
1.98393	18
1.98393	18
1.9874	18
1.99098	18
1.99098	18
1.99098	18
1.99099	18
1.99211	18
1.99211	18
1.99211	18
1.99212	18
2.00219	18
2.00219	18
2.00219	18
2.00219	18
2.00228	18
2.00249	18
2.00854	18
2.00854	18
2.00854	18
2.00855	18
2.01704	18
2.01704	18
2.01704	18
2.01726	18
2.01786	18
2.01786	18
2.01787	18
2.01815	18
2.03277	18
2.03277	18
2.03277	18
2.03278	18
2.03278	18
2.03279	18
2.03372	18
2.03421	18
2.03457	18
2.03457	18
2.03458	18
2.03459	18
2.03503	18
2.04092	18
2.04092	18
2.04092	18
2.04093	18
2.04148	18
2.04573	18
2.04573	18
2.04573	18
2.04602	18
2.04602	18
2.04636	18
2.04637	18
2.04637	18
2.04966	18
2.04993	18
2.04994	18
2.04995	18
2.05345	18
2.05345	18
2.05345	18
2.05345	18
2.05345	18
2.05346	18
2.05448	18
2.05448	18
2.05448	18
2.05938	18
2.05938	18
2.05938	18
2.05938	18
2.0619	18
2.0619	18
2.06285	18
2.06286	18
2.06286	18
2.06286	18
2.06622	18
2.06622	18
2.06622	18
2.06634	18
2.06635	18
2.06636	18
2.0694	18
2.07733	18
2.07734	18
2.07734	18
2.07734	18
2.07735	18
2.08693	18
2.08694	18
2.08694	18
2.09019	18
2.09019	18
2.09019	18
2.0902	18
2.09194	18
2.09194	18
2.09194	18
2.09194	18
2.09194	18
2.09195	18
2.11502	18
2.11502	18
2.11502	18
2.11502	18
2.11502	18
2.11502	18
2.11503	18
2.125	18
2.12501	18
2.12501	18
2.12501	18
2.12548	18
2.12654	18
2.12654	18
2.12654	18
2.12654	18
2.12945	18
2.12945	18
2.14173	18
2.14173	18
2.14174	18
2.14174	18
2.15278	18
2.15279	18
2.15279	18
2.15279	18
2.15279	18
2.15529	18
2.15529	18
2.15529	18
2.15529	18
2.15955	18
2.15956	18
2.15957	18
2.16124	18
2.16124	18
2.16125	18
2.16259	18
2.16259	18
2.16259	18
2.16259	18
2.17124	18
2.17124	18
2.17125	18
2.17125	18
2.20222	18
2.20222	18
2.20222	18
2.20222	18
2.20223	18
2.21524	18
2.21524	18
2.21524	18
2.21525	18
2.21525	18
2.21723	18
2.21724	18
2.21724	18
2.21725	18
2.21756	18
2.22644	18
2.22644	18
2.22644	18
2.2313	18
2.2313	18
2.23131	18
2.23472	18
2.23472	18
2.23473	18
2.23473	18
2.23679	18
2.23679	18
2.2368	18
2.23681	18
2.25444	18
2.25444	18
2.25444	18
2.25444	18
2.25445	18
2.25445	18
2.25445	18
2.27981	18
2.27981	18
2.27982	18
2.27982	18
2.27982	18
2.27982	18
2.27983	18
2.30615	18
2.30615	18
2.30615	18
2.30615	18
2.30615	18
2.30616	18
2.30616	18
2.31918	18
2.31919	18
2.32872	18
2.32872	18
2.32872	18
2.32872	18
2.32872	18
2.32874	18
2.32874	18
2.33243	18
2.33243	18
2.33243	18
2.33243	18
2.33298	18
2.33299	18
2.33299	18
2.34998	18
2.34998	18
2.34998	18
2.34998	18
2.34998	18
2.34998	18
2.34999	18
2.35068	18
2.35069	18
2.35072	18
2.35107	18
2.35108	18
2.35108	18
2.35182	18
2.35182	18
2.35182	18
2.35805	18
2.35805	18
2.35805	18
2.35806	18
2.35806	18
2.36057	18
2.36057	18
2.36057	18
2.36826	18
2.36828	18
2.38443	18
2.38443	18
2.38444	18
2.38444	18
2.38444	18
2.38852	18
2.38852	18
2.38854	18
2.38854	18
2.38854	18
2.39803	18
2.4068	18
2.4068	18
2.4068	18
2.4068	18
2.41979	18
2.41979	18
2.4198	18
2.4198	18
2.4198	18
2.42154	18
2.42154	18
2.42154	18
2.4247	18
2.4247	18
2.4247	18
2.4252	18
2.4252	18
2.42577	18
2.42578	18
2.42578	18
2.43323	18
2.43324	18
2.43324	18
2.43324	18
2.43326	18
2.44166	18
2.44166	18
2.44168	18
2.44168	18
2.45248	18
2.45249	18
2.45771	18
2.45861	18
2.45861	18
2.45861	18
2.45861	18
2.46983	18
2.46983	18
2.46984	18
2.46984	18
2.46985	18
2.47249	18
2.4725	18
2.4725	18
2.4725	18
2.47462	18
2.47462	18
2.47462	18
2.47463	18
2.47464	18
2.47764	18
2.47765	18
2.47765	18
2.47765	18
2.47766	18
2.47871	18
2.47871	18
2.47955	18
2.47956	18
2.47956	18
2.48045	18
2.48046	18
2.48048	18
2.48048	18
2.49475	18
2.50028	18
2.50029	18
2.50029	18
2.50033	18
2.5069	18
2.50691	18
2.50691	18
2.50691	18
2.50691	18
2.50924	18
2.50925	18
2.50925	18
2.51143	18
2.51144	18
2.51144	18
2.51246	18
2.51246	18
2.51246	18
2.51563	18
2.51564	18
2.51564	18
2.51564	18
2.51565	18
2.51811	18
2.51811	18
2.51811	18
2.51812	18
2.51848	18
2.51848	18
2.51848	18
2.52049	18
2.5205	18
2.5205	18
2.5253	18
2.52586	18
2.52586	18
2.52614	18
2.52614	18
2.52615	18
2.54931	18
2.54932	18
2.54932	18
2.5494	18
2.5494	18
2.55212	18
2.55212	18
2.55215	18
2.55362	18
2.55363	18
2.55363	18
2.55364	18
2.55364	18
2.55365	18
2.55584	18
2.55584	18
2.55584	18
2.55584	18
2.55585	18
2.55751	18
2.55794	18
2.55794	18
2.55795	18
2.55795	18
2.56499	18
2.565	18
2.565	18
2.56502	18
2.57441	18
2.57441	18
2.57441	18
2.57442	18
2.57442	18
2.57708	18
2.57709	18
2.58417	18
2.58417	18
2.58418	18
2.58419	18
2.58614	18
2.58615	18
2.58616	18
2.59579	18
2.5958	18
2.5958	18
2.5958	18
2.59581	18
2.59581	18
2.59582	18
2.60268	18
2.60268	18
2.60268	18
2.60269	18
2.6027	18
2.60965	18
2.60966	18
2.60967	18
2.60967	18
2.62529	18
2.6253	18
2.6253	18
2.62531	18
2.62532	18
2.62709	18
2.6271	18
2.6271	18
2.6271	18
2.62712	18
2.62712	18
2.62713	18
2.62714	18
2.62735	18
2.62736	18
2.62737	18
2.62977	18
2.63447	18
2.63447	18
2.63448	18
2.64664	18
2.64664	18
2.64664	18
2.64665	18
2.65555	18
2.66165	18
2.66165	18
2.66165	18
2.66165	18
2.66166	18
2.66166	18
2.66244	18
2.66244	18
2.66245	18
2.66293	18
2.66294	18
2.66294	18
2.663	18
2.66365	18
2.66365	18
2.66365	18
2.67355	18
2.67356	18
2.67356	18
2.67357	18
2.67656	18
2.67657	18
2.67657	18
2.67657	18
2.67985	18
2.67985	18
2.67986	18
2.67986	18
2.69566	18
2.69566	18
2.69567	18
2.69567	18
2.69568	18
2.6976	18
2.6976	18
2.69761	18
2.69763	18
2.70481	18
2.7128	18
2.74295	18
2.74295	18
2.74296	18
2.74296	18
2.74296	18
2.74298	18
2.74298	18
2.74504	18
2.74505	18
2.74506	18
2.74531	18
2.74921	18
2.74922	18
2.74922	18
2.75668	18
2.7635	18
2.76351	18
2.76357	18
2.76491	18
2.76491	18
2.76492	18
2.76493	18
2.76494	18
2.77621	18
2.77621	18
2.77621	18
2.77621	18
2.77621	18
2.77621	18
2.77622	18
2.77623	18
2.77636	18
2.77636	18
2.77637	18
2.77639	18
2.7799	18
2.77991	18
2.77991	18
2.77996	18
2.78169	18
2.78413	18
2.78413	18
2.78414	18
2.78482	18
2.78482	18
2.78483	18
2.78483	18
2.78691	18
2.78691	18
2.78691	18
2.78691	18
2.78975	18
2.78976	18
2.78976	18
2.78976	18
2.78977	18
2.80004	18
2.80558	18
2.80559	18
2.80559	18
2.80559	18
2.80559	18
2.80709	18
2.80712	18
2.80725	18
2.80727	18
2.81307	18
2.81307	18
2.81309	18
2.8131	18
2.81891	18
2.81891	18
2.81891	18
2.81891	18
2.81895	18
2.82064	18
2.82064	18
2.82066	18
2.83122	18
2.83122	18
2.83122	18
2.83123	18
2.832	18
2.832	18
2.83201	18
2.83201	18
2.88132	18
2.88132	18
2.88132	18
2.88132	18
2.88133	18
2.88133	18
2.88135	18
2.88562	18
2.88562	18
2.89107	18
2.89107	18
2.89107	18
2.89108	18
2.8911	18
2.89685	18
2.89685	18
2.89687	18
2.90507	18
2.90507	18
2.90507	18
2.90507	18
2.90508	18
2.90509	18
2.91209	18
2.9121	18
2.91211	18
2.91215	18
2.91315	18
2.91317	18
2.91318	18
2.92524	18
2.92524	18
2.92525	18
2.92528	18
2.92756	18
2.92758	18
2.92761	18
2.92762	18
2.92953	18
2.92954	18
2.92954	18
2.92954	18
2.93415	18
2.93416	18
2.9342	18
2.94672	18
2.94672	18
2.94672	18
2.94672	18
2.94673	18
2.94673	18
2.94674	18
2.94677	18
2.94677	18
2.9524	18
2.9524	18
2.95242	18
2.95244	18
2.95267	18
2.95268	18
2.95269	18
2.95832	18
2.95833	18
2.95839	18
2.96087	18
2.96087	18
2.96093	18
2.9656	18
2.9656	18
2.96561	18
2.96561	18
2.96561	18
2.96598	18
2.966	18
2.96606	18
2.9726	18
2.97261	18
2.97262	18
2.97417	18
2.97418	18
2.97418	18
3.01161	18
3.01161	18
3.01161	18
3.01161	18
3.01161	18
3.01161	18
3.01161	18
3.01163	18
3.01163	18
3.01515	18
3.01515	18
3.01516	18
3.0389	18
3.03891	18
3.03891	18
3.03891	18
3.03894	18
3.04363	18
3.04364	18
3.04365	18
3.04809	18
3.04809	18
3.04809	18
3.04809	18
3.0481	18
3.08407	18
3.08407	18
3.08407	18
3.08408	18
3.08408	18
3.08408	18
3.08409	18
3.08411	18
3.1013	18
3.10131	18
3.10131	18
3.10131	18
3.10132	18
3.10133	18
3.10998	18
3.10998	18
3.10998	18
3.11891	18
3.11891	18
3.12299	18
3.12299	18
3.12299	18
3.123	18
3.123	18
3.123	18
3.13915	18
3.13915	18
3.13916	18
3.13916	18
3.13918	18
3.13922	18
3.14014	18
3.14015	18
3.14016	18
3.14017	18
3.15653	18
3.15653	18
3.15653	18
3.15654	18
3.15654	18
3.1566	18
3.16365	18
3.16365	18
3.16366	18
3.16367	18
3.16782	18
3.16783	18
3.16783	18
3.16789	18
3.17296	18
3.17296	18
3.17297	18
3.17459	18
3.1746	18
3.17463	18
3.1765	18
3.17651	18
3.17655	18
3.18483	18
3.18483	18
3.18485	18
3.18487	18
3.19026	18
3.19026	18
3.19027	18
3.19032	18
3.19504	18
3.19504	18
3.19506	18
3.20183	18
3.20183	18
3.20184	18
3.20185	18
3.20191	18
3.22256	18
3.22256	18
3.2244	18
3.2256	18
3.24997	18
3.24997	18
3.24997	18
3.24997	18
3.24997	18
3.24997	18
3.24998	18
3.24998	18
3.24999	18
3.25001	18
3.26282	18
3.26284	18
3.26287	18
3.26793	18
3.26793	18
3.26794	18
3.26802	18
3.26961	18
3.26961	18
3.26962	18
3.27132	18
3.27133	18
3.27133	18
3.27134	18
3.2714	18
3.27666	18
3.27666	18
3.27667	18
3.27667	18
3.28041	18
3.28041	18
3.28042	18
3.2805	18
3.29209	18
3.29209	18
3.2921	18
3.29212	18
3.29226	18
3.30289	18
3.30289	18
3.3029	18
3.3029	18
3.30293	18
3.30757	18
3.30758	18
3.30758	18
3.30759	18
3.30774	18
3.31823	18
3.31823	18
3.31823	18
3.31823	18
3.31823	18
3.31825	18
3.32023	18
3.32024	18
3.32024	18
3.32033	18
3.32518	18
3.32518	18
3.32519	18
3.32519	18
3.32529	18
3.33485	18
3.33485	18
3.33485	18
3.33485	18
3.33488	18
3.33634	18
3.33634	18
3.33634	18
3.33636	18
3.35967	18
3.35967	18
3.35967	18
3.35968	18
3.35968	18
3.3597	18
3.35982	18
3.36342	18
3.36344	18
3.36345	18
3.38233	18
3.38233	18
3.38233	18
3.38247	18
3.54314	18
3.54314	18
3.54315	18
3.54315	18
3.54315	18
3.54315	18
3.54315	18
3.54318	18
3.54334	18
3.54334	18
3.54338	18
3.54544	18
3.54544	18
3.54545	18
3.54547	18
3.54902	18
3.54902	18
3.54903	18
3.5491	18
3.5607	18
3.56071	18
3.56072	18
3.56075	18
3.58348	18
3.58348	18
3.58348	18
3.58349	18
3.58349	18
3.58349	18
3.5835	18
3.5835	18
3.59129	18
3.59131	18
3.59139	18
3.60516	18
3.60517	18
3.60518	18
3.60524	18
3.61269	18
3.61269	18
3.61279	18
3.61676	18
3.61676	18
3.61676	18
3.61677	18
3.61678	18
3.61846	18
3.6468	18
3.6468	18
3.64681	18
3.64682	18
3.64682	18
3.64685	18
3.64686	18
3.64987	18
3.68551	18
3.68551	18
3.68551	18
3.68552	18
3.68553	18
3.68611	18
3.69552	18
3.69553	18
3.69556	18
3.70604	18
3.70604	18
3.70604	18
3.70605	18
3.70609	18
3.7207	18
3.7207	18
3.7207	18
3.72071	18
3.72074	18
3.72083	18
3.73161	18
3.73161	18
3.73162	18
3.7317	18
3.74035	18
3.74035	18
3.74035	18
3.74037	18
3.74039	18
3.74844	18
3.74844	18
3.74844	18
3.74844	18
3.7485	18
3.75938	18
3.75938	18
3.75939	18
3.75939	18
3.75946	18
3.85348	18
3.85349	18
3.8535	18
3.85351	18
3.85352	18
3.85368	18
3.85375	18
3.85382	18
3.87167	18
3.87167	18
3.87167	18
3.87169	18
3.87173	18
3.88987	18
3.88988	18
3.88989	18
3.8899	18
3.89536	18
3.89537	18
3.89538	18
3.89538	18
3.89538	18
3.89552	18
3.90568	18
3.90569	18
3.9057	18
3.90572	18
3.906	18
3.91021	18
3.91022	18
3.91023	18
3.9298	18
3.9298	18
3.9298	18
3.92981	18
3.92984	18
3.92991	18
3.9305	18
3.93073	18
3.93106	18
3.94481	18
3.94481	18
3.94481	18
3.94481	18
3.94482	18
3.94482	18
3.94486	18
3.9584	18
3.95841	18
3.95841	18
3.95845	18
3.98781	18
3.98781	18
3.98781	18
3.98781	18
3.98782	18
3.98783	18
3.98792	18
3.99522	18
3.99707	18
4.01279	18
4.0128	18
4.0128	18
4.01282	18
4.01282	18
4.01342	18
4.01457	18
4.02123	18
4.02123	18
4.02132	18
4.0227	18
4.0227	18
4.02271	18
4.02275	18
4.31628	18
4.31628	18
4.31629	18
4.31629	18
4.31629	18
4.31637	18
4.31673	18
4.31805	18
4.31805	18
4.31806	18
4.31826	18
4.34504	18
4.34506	18
4.34506	18
4.3453	18
4.34538	18
4.40224	18
4.40225	18
4.40225	18
4.40226	18
4.40226	18
4.40227	18
4.40229	18
4.40235	18
4.40249	18
4.50951	18
4.50951	18
4.50951	18
4.50952	18
4.50952	18
4.50964	18
4.50983	18
4.52313	18
4.52313	18
4.52314	18
4.52317	18
4.52321	18
4.52326	18
4.67014	18
4.67014	18
4.67014	18
4.67015	18
4.67015	18
4.6704	18
4.67042	18
4.68746	18
4.68746	18
4.68746	18
4.68747	18
4.68748	18
4.6875	18
4.6875	18
4.71132	18
4.71132	18
4.71133	18
4.71135	18
4.71138	18
4.71206	18
4.7175	18
4.7175	18
4.71752	18
4.71757	18
4.72556	18
4.72556	18
4.72579	18
4.75079	18
4.75079	18
4.7508	18
4.7508	18
4.7508	18
4.75081	18
4.75082	18
4.80508	18
4.80508	18
4.80508	18
4.80509	18
4.80509	18
4.80509	18
4.80513	18
4.80542	18
5.00954	18
5.00956	18
5.00956	18
5.00956	18
5.00956	18
5.01159	18
5.01514	18
5.0341	18
5.03413	18
5.05316	18
5.05316	18
5.05316	18
5.05317	18
5.05319	18
5.05322	18
5.05538	18
5.05612	18
5.07014	18
5.07015	18
5.07016	18
5.07017	18
5.07018	18
5.07018	18
5.07021	18
5.07044	18
5.07057	18
5.67715	18
5.67715	18
5.67716	18
5.67719	18
5.67721	18
5.67737	18
5.67741	18
5.67829	18
5.67983	18
5.67984	18
5.67985	18
5.68806	18
5.68806	18
5.68807	18
5.68807	18
5.6883	18
5.70423	18
5.70423	18
5.70423	18
5.70424	18
5.70424	18
5.70424	18
5.70435	18
5.70944	18
5.70944	18
5.70944	18
5.70946	18
6.03912	18
6.03912	18
6.03912	18
6.03914	18
6.03917	18
6.06814	18
6.06814	18
6.06814	18
6.06815	18
6.06816	18
6.14978	18
6.14978	18
6.1498	18
6.14981	18
6.14985	18
6.15063	18
6.44842	18
6.44843	18
6.44843	18
6.44851	18
6.44853	18
6.44853	18
6.44883	18
6.4491	18
6.45072	18
6.45501	18
6.45501	18
6.45501	18
6.45749	18
6.48822	18
6.48822	18
6.48822	18
6.48822	18
6.48823	18
6.48823	18
6.48824	18
6.48832	18
6.48845	18
6.48845	18
6.48846	18
6.48848	18
6.48882	18
6.51802	18
6.51803	18
6.51804	18
6.51805	18
6.51827	18
6.5255	18
6.5255	18
6.52552	18
6.52574	18
6.60374	18
6.60374	18
6.60374	18
6.60377	18
6.60384	18
6.77372	18
6.77372	18
6.77373	18
6.77373	18
6.77382	18
6.774	18
6.77452	18
6.77466	18
6.78243	18
6.78244	18
6.78244	18
6.78245	18
6.78245	18
6.78254	18
6.79478	18
6.79479	18
6.79482	18
6.79483	18
6.79521	18
6.86882	18
6.86882	18
6.86882	18
6.86884	18
6.86892	18
6.86931	18
7.09736	18
7.09736	18
7.09736	18
7.09741	18
7.09743	18
7.09745	18
7.09783	18
7.09808	18
7.09813	18
7.30441	18
7.30441	18
7.30442	18
7.30444	18
7.30444	18
7.30446	18
7.30474	18
7.82425	18
7.82425	18
7.82426	18
7.82426	18
7.82428	18
7.82428	18
7.8243	18
8.14114	18
8.14114	18
8.14114	18
8.14115	18
8.1412	18
8.32818	18
8.3282	18
8.32822	18
8.32824	18
8.32829	18
8.32833	18
8.32839	18
8.3284	18
8.3289	18
8.58071	18
8.58072	18
8.58072	18
8.58073	18
8.58077	18
8.58151	18
8.58151	18
8.6426	18
8.64264	18
8.64265	18
8.64269	18
8.64269	18
8.68729	18
8.6873	18
8.6873	18
8.6873	18
8.68739	18
8.68747	18
8.68776	18
8.68812	18
8.68823	18
8.80986	18
8.80986	18
8.80988	18
8.80989	18
8.80994	18
8.8229	18
8.82291	18
8.82332	18
9.417	18
9.417	18
9.41701	18
9.41701	18
9.41702	18
9.41703	18
9.41705	18
9.42781	18
9.42783	18
9.42785	18
9.4281	18
9.52318	18
9.52319	18
9.5232	18
9.52321	18
9.52322	18
9.52325	18
9.95819	18
9.95819	18
9.95819	18
9.9582	18
9.95822	18
10.5161	18
10.5161	18
10.5161	18
10.5161	18
10.5161	18
10.5162	18
10.5162	18
10.7098	18
10.7098	18
10.7098	18
10.7098	18
10.7098	18
10.7099	18
10.7099	18
10.7102	18
11.0649	18
11.0649	18
11.0649	18
11.0649	18
11.065	18
11.1523	18
11.1523	18
11.1524	18
11.1524	18
11.1524	18
11.1525	18
11.5921	18
11.5921	18
11.5921	18
11.5921	18
11.5921	18
11.5922	18
11.5928	18
11.5928	18
11.593	18
11.6532	18
11.6532	18
11.6532	18
11.6532	18
11.6532	18
11.6535	18
11.6536	18
11.7658	18
11.7658	18
11.7658	18
11.7658	18
11.7659	18
11.7662	18
11.7663	18
11.8559	18
11.8559	18
11.8559	18
11.8559	18
11.856	18
12.2296	18
12.2297	18
12.2297	18
12.2297	18
12.2297	18
12.2297	18
12.23	18
12.2301	18
12.6629	18
12.6629	18
12.6629	18
12.6629	18
12.663	18
12.8078	18
12.8078	18
12.8078	18
12.8078	18
12.8078	18
12.8081	18
12.8082	18
12.8084	18
13.099	18
13.099	18
13.099	18
13.099	18
13.099	18
13.0991	18
13.0995	18
13.1375	18
13.1375	18
13.1375	18
13.1375	18
13.1375	18
13.138	18
13.1381	18
13.7482	18
13.7482	18
13.7482	18
13.7482	18
13.7482	18
13.7487	18
13.7487	18
13.9995	18
13.9995	18
13.9995	18
13.9995	18
13.9995	18
14.0937	18
14.0938	18
14.0938	18
14.0938	18
14.0938	18
14.0938	18
14.0942	18
14.0944	18
14.1849	18
14.1849	18
14.1849	18
14.1849	18
14.1849	18
14.185	18
14.1858	18
14.2923	18
14.2923	18
14.2923	18
14.2923	18
14.2923	18
14.2924	18
14.2925	18
14.3129	18
14.3129	18
14.3129	18
14.3129	18
14.3169	18
14.317	18
14.317	18
14.3171	18
14.3171	18
14.5248	18
14.5248	18
14.5248	18
14.5248	18
14.5248	18
14.5249	18
14.5257	18
14.5554	18
14.5554	18
14.5554	18
14.5554	18
14.5555	18
14.5557	18
14.6438	18
14.6438	18
14.6438	18
14.6438	18
14.6438	18
14.6439	18
14.6439	18
14.6717	18
14.6717	18
14.6718	18
14.8119	18
14.8119	18
14.8119	18
14.8119	18
14.8119	18
14.9216	18
14.9216	18
14.9216	18
14.9216	18
14.9216	18
14.9217	18
14.9217	18
14.9221	18
14.9224	18
14.9754	18
14.9754	18
14.9754	18
14.9754	18
14.9754	18
14.9755	18
14.9763	18
15.2185	18
15.2186	18
15.2186	18
15.2186	18
15.2186	18
15.2194	18
15.2195	18
15.3715	18
15.3715	18
15.3715	18
15.3715	18
15.3716	18
15.6523	18
15.6523	18
15.6523	18
15.6523	18
15.6523	18
15.6523	18
15.6524	18
15.6524	18
15.6589	18
15.6595	18
15.6599	18
15.887	18
15.887	18
15.887	18
15.887	18
15.8871	18
16.4671	18
16.4671	18
16.4672	18
16.4672	18
16.4672	18
16.4673	18
16.4674	18
16.4676	18
16.4801	18
16.5296	18
16.5296	18
16.5296	18
16.5296	18
16.5297	18
16.5298	18
16.5302	18
16.5304	18
16.6072	18
16.6072	18
16.6072	18
16.6072	18
16.6073	18
16.6075	18
16.6075	18
16.6076	18
16.6081	18
16.61	18
16.6776	18
16.6776	18
16.6776	18
16.6776	18
16.6777	18
16.6777	18
16.6781	18
16.691	18
16.7653	18
16.7653	18
16.7653	18
16.7653	18
16.7653	18
16.7654	18
16.7659	18
16.766	18
16.832	18
16.832	18
16.832	18
16.832	18
16.8323	18
16.8325	18
16.8328	18
16.8378	18
16.8379	18
16.8382	18
16.8386	18
17.0321	18
17.0321	18
17.0321	18
17.0321	18
17.0321	18
17.0321	18
17.0325	18
17.2185	18
17.2185	18
17.2185	18
17.2185	18
17.2185	18
17.2185	18
17.2194	18
17.4101	18
17.4102	18
17.4102	18
17.4102	18
17.4102	18
17.4105	18
17.4105	18
17.4107	18
17.4384	18
17.4384	18
17.9561	18
17.9561	18
17.9561	18
17.9561	18
17.9562	18
17.9562	18
17.9566	18
17.9574	18
18.16	18
18.16	18
18.16	18
18.16	18
18.16	18
18.16	18
18.16	18
18.2253	18
18.2253	18
18.2253	18
18.2253	18
18.2254	18
18.2931	18
18.2931	18
18.2932	18
18.2932	18
18.2932	18
18.2934	18
18.5795	18
18.5795	18
18.5796	18
18.5796	18
18.5796	18
18.5797	18
18.5798	18
18.5801	18
18.7958	18
18.7958	18
18.7958	18
18.7959	18
18.7959	18
18.796	18
18.7963	18
18.8506	18
18.8506	18
18.8506	18
18.8506	18
18.8507	18
18.8508	18
18.8509	18
19.0593	18
19.0593	18
19.0593	18
19.0593	18
19.0594	18
19.0602	18
19.0606	18
19.4998	18
19.4998	18
19.4999	18
19.4999	18
19.4999	18
19.6923	18
19.6923	18
19.6923	18
19.6923	18
19.6924	18
19.6926	18
19.6927	18
19.7353	18
19.7353	18
19.7353	18
19.7353	18
19.7353	18
19.7354	18
19.7355	18
19.7355	18
19.7369	18
20.227	18
20.227	18
20.2271	18
20.2271	18
20.2271	18
20.2272	18
20.4258	18
20.4258	18
20.4258	18
20.4258	18
20.4258	18
20.4258	18
20.8271	18
20.8271	18
20.8271	18
20.8271	18
20.8271	18
20.8271	18
20.8273	18
20.828	18
20.829	18
21.3159	18
21.316	18
21.316	18
21.316	18
21.316	18
21.3164	18
21.3178	18
21.689	18
21.689	18
21.6891	18
21.6891	18
21.6891	18
21.7265	18
21.7265	18
21.7265	18
21.7265	18
21.7266	18
21.7266	18
21.7267	18
21.7272	18
21.7607	18
21.7607	18
21.7607	18
21.7609	18
21.7615	18
22.3589	18
22.3589	18
22.3589	18
22.3589	18
22.3589	18
22.3608	18
22.3608	18
22.3609	18
22.3614	18
22.4325	18
22.4325	18
22.4325	18
22.4325	18
22.4326	18
22.4328	18
22.4329	18
22.4384	18
22.7862	18
22.7862	18
22.7862	18
22.7862	18
22.7862	18
22.7863	18
22.7908	18
22.7929	18
22.7944	18
23.3134	18
23.3134	18
23.3134	18
23.3134	18
23.3134	18
23.3135	18
23.3141	18
23.6343	18
23.6343	18
23.6343	18
23.6344	18
23.6344	18
23.6344	18
23.6344	18
23.6346	18
23.7063	18
23.7063	18
23.7063	18
23.7063	18
23.7064	18
23.7065	18
23.7079	18
23.7983	18
23.7983	18
23.7983	18
23.7983	18
23.7983	18
24.0515	18
24.0515	18
24.0516	18
24.0516	18
24.0516	18
24.0517	18
24.052	18
24.0573	18
24.0625	18
24.0676	18
24.0677	18
24.0677	18
24.0679	18
24.0693	18
24.0922	18
24.0922	18
24.0922	18
24.0922	18
24.0923	18
24.1242	18
24.1242	18
24.1242	18
24.1243	18
24.1244	18
24.3696	18
24.3696	18
24.3696	18
24.3696	18
24.3697	18
24.3697	18
24.3699	18
24.3757	18
24.4252	18
24.4252	18
24.4252	18
24.4252	18
24.4252	18
24.4252	18
24.4302	18
24.749	18
24.749	18
24.749	18
24.749	18
24.749	18
24.7491	18
24.7656	18
24.8045	18
24.8045	18
24.8045	18
24.8046	18
24.8335	18
24.8335	18
24.8335	18
24.8878	18
24.8878	18
24.8878	18
24.8879	18
24.8988	18
24.9301	18
24.9301	18
24.9301	18
24.9302	18
24.9302	18
25.1646	18
25.1646	18
25.1646	18
25.1646	18
25.1647	18
25.1652	18
25.1681	18
25.1681	18
25.1683	18
25.21	18
25.21	18
25.21	18
25.2101	18
25.2116	18
25.2152	18
25.2152	18
25.2152	18
25.2153	18
25.2159	18
25.3671	18
25.3671	18
25.3671	18
25.3671	18
25.3671	18
25.3671	18
25.5187	18
25.5187	18
25.5187	18
25.5187	18
25.5187	18
25.5192	18
25.5843	18
25.5843	18
25.5843	18
25.5843	18
25.5843	18
25.5844	18
25.5845	18
25.6667	18
25.6667	18
25.6667	18
25.6667	18
25.6667	18
25.6675	18
25.7717	18
25.7717	18
25.7717	18
25.7717	18
25.7718	18
25.7721	18
25.8335	18
25.8335	18
25.8335	18
25.8335	18
25.8335	18
25.8342	18
26.0543	18
26.0543	18
26.0543	18
26.0543	18
26.0544	18
26.0544	18
26.5575	18
26.5575	18
26.5575	18
26.5575	18
26.5575	18
26.5577	18
27.1233	18
27.1233	18
27.1234	18
27.1234	18
27.1234	18
27.1236	18
27.1237	18
27.1366	18
27.1366	18
27.1373	18
27.1535	18
27.1535	18
27.1535	18
27.1537	18
27.1539	18
27.2141	18
27.2141	18
27.2141	18
27.2141	18
27.2142	18
27.2142	18
27.5316	18
27.5316	18
27.5317	18
27.5317	18
27.5317	18
27.5324	18
27.5734	18
27.5734	18
27.5734	18
27.5734	18
27.5734	18
27.5734	18
27.5736	18
27.9184	18
27.9184	18
27.9184	18
27.9185	18
27.9185	18
27.9185	18
27.919	18
27.9721	18
27.9722	18
27.9722	18
27.9722	18
27.9723	18
27.9726	18
27.9818	18
27.9818	18
27.9818	18
28.4904	18
28.4904	18
28.4904	18
28.4904	18
28.4904	18
28.4906	18
28.4908	18
28.9437	18
28.9437	18
28.9437	18
28.9437	18
28.9437	18
29.5329	18
29.533	18
29.533	18
29.533	18
29.533	18
29.5331	18
30.2499	18
30.2499	18
30.2499	18
30.2499	18
30.2499	18
30.25	18
30.2503	18
30.2716	18
30.4987	18
30.4987	18
30.4987	18
30.4987	18
30.4987	18
30.4987	18
30.4989	18
30.4994	18
30.5057	18
30.5057	18
30.5058	18
30.5058	18
30.5459	18
30.5459	18
30.5459	18
30.5459	18
30.5459	18
30.5461	18
30.6161	18
30.6161	18
30.6161	18
30.6161	18
30.6161	18
30.6163	18
30.6228	18
30.6228	18
30.6229	18
30.6229	18
30.6935	18
30.6935	18
30.6935	18
30.6935	18
30.6936	18
30.6937	18
30.6938	18
30.8795	18
30.8795	18
30.8795	18
30.8795	18
30.8796	18
30.8797	18
31.5571	18
31.5572	18
31.5572	18
31.5572	18
31.5572	18
31.5574	18
31.5574	18
31.7556	18
31.7556	18
31.7556	18
31.7556	18
31.7556	18
31.7556	18
31.7557	18
31.8778	18
31.8778	18
31.8778	18
31.8779	18
31.8779	18
31.8779	18
31.9492	18
31.9492	18
31.9492	18
31.9492	18
31.9493	18
31.9494	18
32.1301	18
32.1301	18
32.1301	18
32.1302	18
32.1302	18
32.1304	18
32.2005	18
32.2006	18
32.2006	18
32.2006	18
32.2006	18
32.3656	18
32.3656	18
32.3656	18
32.3656	18
32.3657	18
32.3657	18
32.7679	18
32.7679	18
32.7679	18
32.7679	18
32.768	18
32.768	18
32.892	18
32.892	18
32.892	18
32.892	18
32.8921	18
32.8923	18
33.1228	18
33.1228	18
33.1228	18
33.1228	18
33.1228	18
33.1229	18
33.1232	18
33.2556	18
33.2556	18
33.2556	18
33.2556	18
33.2556	18
33.2556	18
33.4972	18
33.4973	18
33.4973	18
33.4973	18
33.4974	18
33.4977	18
33.4979	18
33.5046	18
33.5046	18
33.5048	18
33.5049	18
33.5622	18
33.5622	18
33.5622	18
33.5623	18
33.5623	18
33.5625	18
33.6837	18
33.6838	18
33.6838	18
33.6838	18
33.6838	18
33.6842	18
33.8392	18
33.8392	18
33.8392	18
33.8393	18
33.8393	18
33.8394	18
33.9814	18
33.9814	18
33.9814	18
33.9815	18
33.9815	18
34.0246	18
34.0247	18
34.0247	18
34.0247	18
34.0247	18
34.0861	18
34.0861	18
34.0862	18
34.0862	18
34.0862	18
34.0862	18
34.0862	18
34.0864	18
34.4057	18
34.4057	18
34.4057	18
34.4057	18
34.4057	18
34.4057	18
34.4057	18
34.4325	18
34.4325	18
34.4325	18
34.4325	18
34.4326	18
34.4328	18
34.8332	18
34.8332	18
34.8332	18
34.8332	18
34.8333	18
34.8334	18
34.834	18
34.9601	18
34.9601	18
34.9601	18
34.9601	18
34.9601	18
34.9603	18
35.6977	18
35.6977	18
35.6977	18
35.6978	18
35.6978	18
35.6978	18
35.698	18
35.8647	18
35.8647	18
35.8647	18
35.8648	18
35.8648	18
35.8657	18
36.7508	18
36.7508	18
36.7508	18
36.7508	18
36.7508	18
36.7512	18
36.8224	18
36.8224	18
36.8224	18
36.8224	18
36.8224	18
36.8225	18
36.8226	18
36.9772	18
36.9772	18
36.9772	18
36.9773	18
36.9773	18
36.9774	18
36.9776	18
37.1139	18
37.1139	18
37.1139	18
37.1139	18
37.114	18
37.1141	18
37.1141	18
37.375	18
37.375	18
37.375	18
37.3751	18
37.3751	18
37.5146	18
37.5146	18
37.5146	18
37.5146	18
37.5146	18
37.5147	18
37.5151	18
37.6487	18
37.6487	18
37.6487	18
37.6488	18
37.6489	18
37.8455	18
37.8455	18
37.8455	18
37.8455	18
37.8456	18
37.8456	18
37.8457	18
37.8981	18
37.8981	18
37.8981	18
37.8981	18
37.8981	18
37.8983	18
38.1507	18
38.1507	18
38.1507	18
38.1507	18
38.1508	18
38.1888	18
38.1888	18
38.1888	18
38.1889	18
38.189	18
38.1893	18
38.1895	18
38.1996	18
38.1996	18
38.1996	18
38.1999	18
38.2	18
38.7094	18
38.7095	18
38.7095	18
38.7095	18
38.7095	18
38.7104	18
39.4048	18
39.4048	18
39.4049	18
39.4049	18
39.4049	18
39.5495	18
39.5495	18
39.5495	18
39.5496	18
39.5496	18
39.5497	18
39.5498	18
39.5499	18
39.792	18
39.792	18
39.792	18
39.7921	18
39.7921	18
39.7926	18
40.2066	18
40.2066	18
40.2066	18
40.2066	18
40.2066	18
40.2073	18
40.2415	18
40.2415	18
40.2415	18
40.2416	18
40.2417	18
40.2417	18
40.6251	18
40.6252	18
40.6252	18
40.6252	18
40.6252	18
40.6253	18
40.6419	18
40.642	18
40.6452	18
40.6452	18
40.6454	18
40.6454	18
40.6457	18
41.3347	18
41.3347	18
41.3347	18
41.3347	18
41.3347	18
41.583	18
41.583	18
41.583	18
41.5831	18
41.5831	18
41.5831	18
41.5831	18
41.6433	18
41.6434	18
41.6434	18
41.6434	18
41.6435	18
41.8032	18
41.8032	18
41.8032	18
41.8032	18
41.8032	18
41.8033	18
41.8039	18
41.8039	18
41.9711	18
41.9711	18
41.9711	18
41.9711	18
41.9712	18
41.9717	18
42.1418	18
42.1418	18
42.1418	18
42.1418	18
42.1418	18
42.1419	18
42.2216	18
42.2216	18
42.2216	18
42.2216	18
42.2216	18
42.2218	18
42.2218	18
42.3625	18
42.3625	18
42.3625	18
42.3625	18
42.3625	18
42.3628	18
42.4591	18
42.4591	18
42.4592	18
42.4592	18
42.4593	18
42.8083	18
42.8083	18
42.8083	18
42.8083	18
42.8083	18
43.1844	18
43.1844	18
43.1845	18
43.1845	18
43.1845	18
43.1847	18
43.1849	18
43.185	18
43.3803	18
43.3803	18
43.3803	18
43.3803	18
43.3803	18
43.3807	18
43.4249	18
43.4249	18
43.4249	18
43.4249	18
43.4249	18
43.4249	18
43.4257	18
43.4394	18
43.4394	18
43.4395	18
43.4395	18
43.5127	18
43.5127	18
43.5127	18
43.5127	18
43.5127	18
43.5127	18
43.8339	18
43.8339	18
43.8339	18
43.8339	18
43.8339	18
43.8339	18
44.1026	18
44.1026	18
44.1026	18
44.1026	18
44.1027	18
44.1029	18
44.2443	18
44.2443	18
44.2443	18
44.2443	18
44.2443	18
44.2457	18
44.4809	18
44.4809	18
44.4809	18
44.4809	18
44.481	18
44.481	18
44.4811	18
44.7549	18
44.7549	18
44.7549	18
44.7549	18
44.7549	18
44.7549	18
44.7551	18
44.9628	18
44.9628	18
44.9628	18
44.9629	18
44.9629	18
44.963	18
45.4229	18
45.4229	18
45.4229	18
45.4229	18
45.4229	18
45.4234	18
45.5903	18
45.5903	18
45.5903	18
45.5903	18
45.5904	18
45.5905	18
45.665	18
45.665	18
45.665	18
45.665	18
45.6651	18
45.6651	18
45.6732	18
45.6732	18
45.6735	18
45.9599	18
45.9599	18
45.9599	18
45.9599	18
45.9599	18
45.96	18
45.9601	18
46.4177	18
46.4177	18
46.4177	18
46.4177	18
46.4177	18
46.4177	18
46.6692	18
46.6692	18
46.6692	18
46.6692	18
46.6692	18
46.6694	18
47.0323	18
47.0323	18
47.0323	18
47.0323	18
47.0324	18
47.116	18
47.116	18
47.116	18
47.116	18
47.1161	18
47.4139	18
47.4139	18
47.4139	18
47.4139	18
47.414	18
47.414	18
47.414	18
47.4141	18
47.6265	18
47.6265	18
47.6265	18
47.6266	18
47.6266	18
47.7482	18
47.7482	18
47.7482	18
47.7483	18
47.7484	18
47.7484	18
47.8777	18
47.8777	18
47.8777	18
47.8777	18
47.8777	18
47.8778	18
47.8786	18
47.8815	18
47.8815	18
47.8817	18
47.8817	18
47.9531	18
47.9531	18
47.9531	18
47.9531	18
47.9532	18
48.453	18
48.453	18
48.453	18
48.453	18
48.453	18
48.4533	18
48.4533	18
48.5876	18
48.5876	18
48.5876	18
48.5876	18
48.5877	18
48.5878	18
48.6675	18
48.6675	18
48.6675	18
48.6675	18
48.6676	18
48.6677	18
48.9867	18
48.9867	18
48.9867	18
48.9867	18
48.9867	18
48.9867	18
49.1519	18
49.1519	18
49.1519	18
49.1519	18
49.152	18
49.1521	18
49.1704	18
49.1704	18
49.1705	18
49.2397	18
49.2397	18
49.2397	18
49.2398	18
49.2398	18
49.2399	18
49.9987	18
49.9987	18
49.9987	18
49.9987	18
49.9987	18
49.999	18
49.9991	18
50.0518	18
50.0518	18
50.0518	18
50.0518	18
50.0519	18
50.052	18
50.0588	18
50.0588	18
50.0589	18
50.0902	18
50.0902	18
50.0903	18
50.0903	18
50.4178	18
50.4178	18
50.4178	18
50.4179	18
50.4179	18
50.4179	18
50.8708	18
50.8708	18
50.8708	18
50.8708	18
50.8708	18
51.1718	18
51.1718	18
51.1718	18
51.1718	18
51.1718	18
51.1718	18
51.1718	18
51.1719	18
51.173	18
51.2356	18
51.2356	18
51.2356	18
51.2357	18
51.2357	18
51.3396	18
51.3396	18
51.3396	18
51.3396	18
51.3397	18
51.3398	18
51.34	18
51.5006	18
51.5006	18
51.5006	18
51.5006	18
51.5007	18
51.5009	18
51.5011	18
51.5698	18
51.5698	18
51.5698	18
51.5698	18
51.5698	18
51.5699	18
51.7464	18
51.7464	18
51.7464	18
51.7464	18
51.7465	18
51.7467	18
51.9052	18
51.9052	18
51.9052	18
51.9052	18
51.9054	18
51.9835	18
51.9835	18
51.9835	18
51.9835	18
51.9836	18
51.9836	18
52.2935	18
52.2935	18
52.2935	18
52.2936	18
52.2936	18
52.2936	18
52.2937	18
52.2942	18
52.4368	18
52.4368	18
52.4368	18
52.4368	18
52.4368	18
52.4371	18
52.5163	18
52.5163	18
52.5163	18
52.5163	18
52.5164	18
52.5168	18
52.5336	18
52.5336	18
52.5336	18
52.5341	18
52.5342	18
52.7748	18
52.7748	18
52.7748	18
52.7748	18
52.7749	18
52.775	18
53.3673	18
53.3673	18
53.3673	18
53.3673	18
53.3674	18
53.3674	18
53.7232	18
53.7232	18
53.7232	18
53.7233	18
53.7233	18
53.7879	18
53.7879	18
53.7879	18
53.7879	18
53.7879	18
53.788	18
53.7887	18
54.065	18
54.065	18
54.065	18
54.0651	18
54.0651	18
54.2873	18
54.2873	18
54.2873	18
54.2874	18
54.2875	18
54.2876	18
54.3759	18
54.3759	18
54.3759	18
54.3759	18
54.376	18
54.376	18
54.3761	18
54.3915	18
54.3916	18
54.3916	18
54.3916	18
54.7379	18
54.7379	18
54.7379	18
54.7379	18
54.7379	18
54.9524	18
54.9524	18
54.9525	18
54.9525	18
54.9525	18
54.9527	18
54.9529	18
55.2795	18
55.2795	18
55.2795	18
55.2795	18
55.2795	18
55.4188	18
55.4188	18
55.4188	18
55.4188	18
55.419	18
55.419	18
55.4191	18
55.4338	18
55.4338	18
55.4339	18
55.9588	18
55.9588	18
55.9588	18
55.9589	18
55.9589	18
55.9589	18
55.9589	18
55.9589	18
55.9589	18
56.4259	18
56.4259	18
56.4259	18
56.4259	18
56.4259	18
56.4263	18
56.7652	18
56.7652	18
56.7652	18
56.7652	18
56.7652	18
56.7654	18
56.9949	18
56.9949	18
56.9949	18
56.9949	18
56.995	18
56.995	18
56.9952	18
57.1524	18
57.1525	18
57.1525	18
57.1525	18
57.1526	18
57.1527	18
57.8599	18
57.8599	18
57.8599	18
57.8599	18
57.8599	18
57.86	18
58.2365	18
58.2365	18
58.2365	18
58.2365	18
58.2365	18
58.2365	18
58.2458	18
58.2458	18
58.2461	18
58.7512	18
58.7512	18
58.7512	18
58.7513	18
58.7513	18
58.7513	18
58.9929	18
58.9929	18
58.9929	18
58.9929	18
58.9929	18
58.9929	18
58.9929	18
59.2018	18
59.2018	18
59.2018	18
59.2019	18
59.2019	18
59.2019	18
59.2019	18
59.3904	18
59.3904	18
59.3904	18
59.3905	18
59.3905	18
59.3905	18
59.6893	18
59.6893	18
59.6893	18
59.6893	18
59.6894	18
59.6894	18
59.8162	18
59.8162	18
59.8162	18
59.8162	18
59.8163	18
59.8163	18
59.8167	18
60.1361	18
60.1361	18
60.1361	18
60.1361	18
60.1361	18
60.1369	18
60.1685	18
60.1685	18
60.1686	18
60.1687	18
60.765	18
60.765	18
60.765	18
60.765	18
60.7652	18
60.7652	18
60.7757	18
60.7758	18
60.7758	18
60.7758	18
60.8628	18
60.8628	18
60.8628	18
60.8628	18
60.863	18
60.863	18
60.8973	18
60.8973	18
60.8973	18
60.8973	18
60.8974	18
60.8976	18
60.898	18
60.9955	18
60.9955	18
60.9955	18
60.9955	18
60.9955	18
60.9959	18
61.1688	18
61.1689	18
61.1689	18
61.1689	18
61.1691	18
61.7456	18
61.7456	18
61.7456	18
61.7456	18
61.7456	18
61.7457	18
61.7457	18
61.844	18
61.844	18
61.844	18
61.844	18
61.8443	18
62.104	18
62.104	18
62.104	18
62.104	18
62.104	18
62.104	18
62.1043	18
62.1407	18
62.1407	18
62.1408	18
62.1408	18
62.1409	18
62.1409	18
62.2233	18
62.2233	18
62.2233	18
62.2233	18
62.2233	18
62.2234	18
62.2431	18
63.0743	18
63.0743	18
63.0744	18
63.0744	18
63.0744	18
63.0744	18
63.0755	18
63.9254	18
63.9255	18
63.9255	18
63.9255	18
63.9257	18
63.9258	18
64.172	18
64.172	18
64.172	18
64.1721	18
64.1721	18
64.1724	18
64.1724	18
64.4321	18
64.4321	18
64.4322	18
64.4322	18
64.4323	18
64.6239	18
64.6239	18
64.624	18
64.624	18
64.624	18
64.6659	18
64.6659	18
64.666	18
64.666	18
64.666	18
64.6849	18
64.685	18
64.685	18
64.6851	18
64.6852	18
64.7666	18
64.7667	18
64.7667	18
64.7667	18
64.7668	18
64.7669	18
64.767	18
64.7671	18
64.9836	18
64.9836	18
64.9836	18
64.9836	18
64.9837	18
64.9837	18
65.1965	18
65.1965	18
65.1965	18
65.1965	18
65.1965	18
65.1966	18
65.1966	18
65.2267	18
65.2267	18
65.2267	18
65.2267	18
65.2268	18
65.5728	18
65.5728	18
65.5728	18
65.5728	18
65.5729	18
65.6702	18
65.6702	18
65.6702	18
65.6702	18
65.6703	18
65.6704	18
65.7577	18
65.7577	18
65.7577	18
65.7578	18
65.7578	18
65.7579	18
65.7583	18
65.7817	18
65.7817	18
65.7818	18
65.7819	18
65.782	18
66.0345	18
66.0345	18
66.0345	18
66.0345	18
66.0346	18
66.0346	18
66.2998	18
66.2998	18
66.2998	18
66.2998	18
66.2998	18
66.2999	18
66.3007	18
66.4303	18
66.4303	18
66.4303	18
66.4304	18
66.4304	18
66.4304	18
66.5679	18
66.5679	18
66.5679	18
66.5679	18
66.5679	18
66.7545	18
66.7545	18
66.7545	18
66.7545	18
66.7546	18
66.7547	18
66.7547	18
67.1884	18
67.1884	18
67.1884	18
67.1884	18
67.1884	18
67.28	18
67.28	18
67.2801	18
67.2801	18
67.2801	18
67.2802	18
67.4135	18
67.4135	18
67.4135	18
67.4135	18
67.4136	18
67.4136	18
67.4137	18
67.414	18
67.4141	18
67.54	18
67.54	18
67.54	18
67.54	18
67.54	18
67.5412	18
67.5415	18
67.5417	18
67.6106	18
67.6106	18
67.6106	18
67.6106	18
67.6106	18
67.6107	18
67.6107	18
67.6118	18
67.6119	18
67.6121	18
67.794	18
67.794	18
67.794	18
67.7941	18
67.7941	18
68.1372	18
68.1372	18
68.1372	18
68.1372	18
68.1372	18
68.1373	18
68.1385	18
68.4567	18
68.4567	18
68.4567	18
68.4568	18
68.4568	18
68.4568	18
68.4594	18
68.4595	18
68.4596	18
68.6485	18
68.6485	18
68.6485	18
68.6485	18
68.6486	18
68.6486	18
68.7356	18
68.7356	18
68.7356	18
68.7356	18
68.7356	18
68.7363	18
68.7363	18
68.7475	18
68.7476	18
68.7477	18
68.7477	18
68.7791	18
68.7791	18
68.7792	18
68.7792	18
68.7792	18
68.9039	18
68.9039	18
68.9039	18
68.9039	18
68.904	18
68.9041	18
68.9042	18
69.043	18
69.0431	18
69.0431	18
69.0431	18
69.0432	18
69.1238	18
69.1238	18
69.1238	18
69.1238	18
69.1239	18
69.1239	18
69.1247	18
69.246	18
69.246	18
69.246	18
69.2461	18
69.2461	18
69.2461	18
69.2462	18
69.4464	18
69.4464	18
69.4464	18
69.4464	18
69.4464	18
69.8342	18
69.8343	18
69.8343	18
69.8343	18
69.8343	18
69.8344	18
69.8346	18
70.572	18
70.572	18
70.572	18
70.5721	18
70.5721	18
70.5723	18
70.9262	18
70.9262	18
70.9262	18
70.9262	18
70.9264	18
70.9265	18
71.0233	18
71.0233	18
71.0233	18
71.0233	18
71.0234	18
71.0234	18
71.0234	18
71.0235	18
71.0627	18
71.0627	18
71.0627	18
71.0627	18
71.0627	18
71.0628	18
71.1055	18
71.1056	18
71.1056	18
71.1056	18
71.1056	18
71.1056	18
71.1059	18
71.6548	18
71.6548	18
71.6548	18
71.6549	18
71.655	18
71.7823	18
71.7823	18
71.7823	18
71.7823	18
71.7825	18
71.9966	18
71.9966	18
71.9966	18
71.9966	18
71.9968	18
71.9969	18
71.997	18
72.1303	18
72.1304	18
72.1304	18
72.1304	18
72.1304	18
72.1304	18
72.1305	18
72.2178	18
72.2178	18
72.2178	18
72.2178	18
72.2181	18
72.2181	18
72.2565	18
72.2565	18
72.2565	18
72.2565	18
72.2566	18
72.5544	18
72.5544	18
72.5544	18
72.5545	18
72.5545	18
72.5545	18
72.7917	18
72.7917	18
72.7917	18
72.7917	18
72.7917	18
72.792	18
73.0859	18
73.0859	18
73.0859	18
73.0859	18
73.0861	18
73.0862	18
73.0864	18
73.2451	18
73.2451	18
73.2451	18
73.2452	18
73.2452	18
73.2452	18
73.7375	18
73.7375	18
73.7375	18
73.7375	18
73.7376	18
73.7376	18
73.7379	18
73.7994	18
73.7994	18
73.7994	18
73.7994	18
73.7994	18
73.7999	18
73.8052	18
73.8052	18
73.8052	18
74.035	18
74.035	18
74.035	18
74.035	18
74.0351	18
74.0354	18
74.0894	18
74.0894	18
74.0895	18
74.0895	18
74.0895	18
74.0896	18
74.9697	18
74.9697	18
74.9698	18
74.9698	18
74.9698	18
74.9699	18
75.0437	18
75.0437	18
75.0437	18
75.0438	18
75.0438	18
75.1141	18
75.1141	18
75.1141	18
75.1142	18
75.1142	18
75.1144	18
75.1146	18
75.1149	18
75.4258	18
75.4258	18
75.4258	18
75.4258	18
75.4258	18
75.4259	18
75.775	18
75.775	18
75.775	18
75.775	18
75.775	18
75.9163	18
75.9163	18
75.9163	18
75.9163	18
75.9164	18
75.9164	18
76.1687	18
76.1687	18
76.1687	18
76.1687	18
76.1688	18
76.169	18
76.169	18
76.169	18
76.3295	18
76.3295	18
76.3296	18
76.3296	18
76.3296	18
76.3297	18
76.3373	18
77.6221	18
77.6221	18
77.6221	18
77.6221	18
77.6222	18
77.6223	18
78.0061	18
78.0061	18
78.0061	18
78.0061	18
78.0061	18
78.0062	18
78.0064	18
78.0839	18
78.0839	18
78.0839	18
78.084	18
78.0841	18
78.0843	18
78.0854	18
78.4625	18
78.4625	18
78.4625	18
78.4626	18
78.4626	18
78.4627	18
78.6902	18
78.6902	18
78.6902	18
78.6902	18
78.6903	18
78.6906	18
79.0271	18
79.0271	18
79.0271	18
79.0271	18
79.0272	18
79.0273	18
79.4137	18
79.4138	18
79.4138	18
79.4138	18
79.4138	18
79.414	18
79.4298	18
79.6086	18
79.6086	18
79.6086	18
79.6086	18
79.6088	18
79.6089	18
79.609	18
79.6093	18
79.697	18
79.6971	18
79.6971	18
79.6971	18
79.6971	18
79.6972	18
79.7141	18
79.7141	18
79.7142	18
79.7142	18
79.7917	18
79.7917	18
79.7917	18
79.7918	18
79.7918	18
79.7919	18
79.944	18
79.944	18
79.944	18
79.944	18
79.944	18
79.9448	18
80.1421	18
80.1421	18
80.1421	18
80.1421	18
80.1421	18
80.1423	18
80.2089	18
80.2089	18
80.2089	18
80.209	18
80.209	18
80.2091	18
80.3639	18
80.3639	18
80.3639	18
80.3639	18
80.3639	18
80.3645	18
80.4058	18
80.4058	18
80.4058	18
80.4059	18
80.406	18
80.406	18
80.4061	18
80.4062	18
80.4065	18
80.4945	18
80.4945	18
80.4945	18
80.4946	18
80.4946	18
80.4951	18
80.5782	18
80.5782	18
80.5782	18
80.5782	18
80.5783	18
80.579	18
81.2701	18
81.2701	18
81.2702	18
81.2703	18
81.2703	18
81.2703	18
81.417	18
81.417	18
81.4171	18
81.4171	18
81.4172	18
81.562	18
81.562	18
81.562	18
81.562	18
81.5621	18
81.5621	18
81.5622	18
81.675	18
81.675	18
81.675	18
81.675	18
81.6751	18
81.9417	18
81.9417	18
81.9417	18
81.9417	18
81.9417	18
81.9418	18
81.9418	18
82.2647	18
82.2647	18
82.2647	18
82.2648	18
82.2649	18
82.2653	18
82.5042	18
82.5042	18
82.5042	18
82.5042	18
82.5043	18
82.5044	18
83.0256	18
83.0256	18
83.0256	18
83.0257	18
83.0258	18
83.0258	18
83.0261	18
83.2488	18
83.2489	18
83.2489	18
83.2489	18
83.2489	18
83.249	18
83.2496	18
83.4276	18
83.4276	18
83.4277	18
83.4277	18
83.4278	18
83.4279	18
83.5622	18
83.5622	18
83.5622	18
83.5622	18
83.5623	18
83.6707	18
83.6707	18
83.6707	18
83.6707	18
83.6707	18
83.6708	18
83.6714	18
83.7409	18
83.7409	18
83.7409	18
83.7409	18
83.741	18
83.7414	18
84.0042	18
84.0042	18
84.0042	18
84.0042	18
84.0042	18
84.0043	18
84.7826	18
84.7827	18
84.7827	18
84.7827	18
84.7828	18
84.7831	18
84.8439	18
84.8439	18
84.8439	18
84.8439	18
84.8439	18
84.8439	18
84.844	18
84.9592	18
84.9592	18
84.9593	18
84.9593	18
84.9594	18
84.9595	18
84.9596	18
85.0759	18
85.0759	18
85.0759	18
85.0759	18
85.0761	18
85.0762	18
85.2624	18
85.2624	18
85.2624	18
85.2624	18
85.2624	18
85.2625	18
85.6531	18
85.6531	18
85.6531	18
85.6531	18
85.6532	18
86.3954	18
86.3954	18
86.3954	18
86.3954	18
86.3954	18
86.3955	18
86.3959	18
86.4476	18
86.4476	18
86.4477	18
86.4477	18
86.448	18
86.4527	18
86.4528	18
86.453	18
86.5947	18
86.5947	18
86.5947	18
86.5947	18
86.595	18
86.5952	18
86.5953	18
87.014	18
87.014	18
87.014	18
87.0141	18
87.0141	18
87.0144	18
87.0145	18
87.076	18
87.076	18
87.076	18
87.0761	18
87.0761	18
87.0761	18
87.5177	18
87.5177	18
87.5177	18
87.5177	18
87.5178	18
87.8711	18
87.8711	18
87.8711	18
87.8711	18
87.8712	18
87.8712	18
87.8717	18
87.872	18
88.2521	18
88.2521	18
88.2521	18
88.2521	18
88.2524	18
88.284	18
88.284	18
88.284	18
88.2843	18
88.3548	18
88.3549	18
88.3549	18
88.3549	18
88.3549	18
88.3552	18
88.3553	18
88.3553	18
88.5063	18
88.5063	18
88.5063	18
88.5063	18
88.5065	18
88.5065	18
88.6777	18
88.6777	18
88.6777	18
88.6777	18
88.6777	18
88.6778	18
88.6781	18
88.9363	18
88.9363	18
88.9363	18
88.9363	18
88.9364	18
88.9364	18
89.3449	18
89.3449	18
89.3449	18
89.345	18
89.3456	18
89.3468	18
89.3468	18
89.3474	18
89.3734	18
89.3734	18
89.3734	18
89.3735	18
89.3737	18
89.3737	18
89.4718	18
89.4718	18
89.4718	18
89.4719	18
89.4719	18
89.4723	18
89.6322	18
89.6323	18
89.6323	18
89.6323	18
89.6325	18
89.8103	18
89.8103	18
89.8103	18
89.8103	18
89.8104	18
89.8104	18
89.8104	18
90.2092	18
90.2093	18
90.2093	18
90.2093	18
90.2095	18
90.2096	18
90.2417	18
90.2418	18
90.3216	18
90.3216	18
90.3216	18
90.3216	18
90.3217	18
90.3219	18
90.322	18
90.4115	18
90.4115	18
90.4116	18
90.4116	18
90.4119	18
90.4434	18
90.4434	18
90.4434	18
90.4435	18
90.4436	18
90.4439	18
90.6609	18
90.6609	18
90.661	18
90.661	18
90.6611	18
90.6612	18
90.6614	18
91.0593	18
91.0593	18
91.0593	18
91.0594	18
91.0595	18
91.0596	18
91.9131	18
91.9131	18
91.9131	18
91.9131	18
91.9132	18
91.9139	18
92.645	18
92.645	18
92.6451	18
92.6451	18
92.6452	18
92.6455	18
92.8401	18
92.8401	18
92.8401	18
92.8402	18
92.8402	18
92.8402	18
93.0021	18
93.0021	18
93.0021	18
93.0022	18
93.0023	18
93.0024	18
93.1773	18
93.1774	18
93.1774	18
93.1774	18
93.1775	18
93.1776	18
94.0711	18
94.0711	18
94.0711	18
94.0711	18
94.0711	18
94.0713	18
94.2021	18
94.2021	18
94.2022	18
94.2022	18
94.2022	18
94.3818	18
94.3818	18
94.3818	18
94.3818	18
94.3819	18
94.3821	18
94.843	18
94.843	18
94.843	18
94.8431	18
94.8431	18
94.8431	18
94.8432	18
94.8434	18
94.9627	18
94.9627	18
94.9628	18
94.9628	18
94.963	18
95.4545	18
95.4545	18
95.4545	18
95.4546	18
95.4546	18
95.4546	18
95.4547	18
95.4548	18
95.5101	18
95.5101	18
95.5101	18
95.5102	18
95.5103	18
95.5105	18
95.7939	18
95.7939	18
95.794	18
95.7941	18
95.7941	18
95.7945	18
96.2756	18
96.2756	18
96.2756	18
96.2756	18
96.2756	18
96.276	18
96.2942	18
96.2942	18
96.2943	18
96.2943	18
96.2945	18
97.3197	18
97.3198	18
97.3198	18
97.3198	18
97.3198	18
97.3199	18
97.4937	18
97.4937	18
97.4938	18
97.4938	18
97.494	18
97.494	18
98.182	18
98.182	18
98.182	18
98.182	18
98.182	18
98.1821	18
98.3337	18
98.3337	18
98.3337	18
98.3337	18
98.3338	18
98.3341	18
98.881	18
98.881	18
98.8811	18
98.8811	18
98.8812	18
98.8814	18
99.7959	18
99.7959	18
99.7959	18
99.7959	18
99.796	18
99.796	18
99.9189	18
99.9189	18
99.9189	18
99.9189	18
99.9189	18
99.919	18
99.9468	18
99.9468	18
99.9468	18
