3.59898e-11	0
7.21003e-11	1
8.33636e-11	2
1.73548e-10	3
1.9346e-10	4
2.1566e-10	5
2.45226e-10	6
2.54273e-10	7
2.6743e-10	7
2.92204e-10	8
4.41662e-10	9
4.4186e-10	10
7.52534e-10	11
9.54047e-10	12
1.05583e-09	13
1.33085e-09	14
1.50696e-09	15
1.51427e-09	16
1.55828e-09	17
1.78113e-09	18
1.88862e-09	19
2.07318e-09	19
2.14556e-09	20
2.36164e-09	21
2.3728e-09	22
2.38232e-09	22
2.40593e-09	23
2.47238e-09	24
2.53807e-09	25
2.67696e-09	26
2.85225e-09	27
3.07201e-09	28
3.18306e-09	29
3.3506e-09	30
3.36738e-09	30
3.62643e-09	31
3.6268e-09	32
4.26171e-09	33
4.36742e-09	34
4.48903e-09	35
5.02322e-09	36
5.73094e-09	37
5.73918e-09	38
5.8244e-09	39
5.96066e-09	40
6.02134e-09	41
6.49248e-09	42
7.26963e-09	43
7.85849e-09	44
8.1975e-09	45
9.0245e-09	46
9.63294e-09	47
1.01681e-08	48
1.56344e-08	48
1.89874e-08	49
1.95259e-08	49
2.51141e-08	50
2.71495e-08	50
2.90423e-08	50
3.77994e-08	50
4.46893e-08	50
4.49004e-08	51
4.85269e-08	51
5.20911e-08	51
6.84352e-08	51
6.87276e-08	51
6.88721e-08	51
7.13989e-08	51
7.1556e-08	51
7.30957e-08	51
7.50574e-08	51
7.56836e-08	51
7.73813e-08	51
7.83982e-08	51
8.62864e-08	51
8.73237e-08	51
9.21146e-08	51
9.44948e-08	51
1.02717e-07	51
1.0277e-07	51
1.04768e-07	51
1.07507e-07	51
1.08008e-07	51
1.14964e-07	51
1.18996e-07	51
1.22741e-07	51
1.23262e-07	51
1.2478e-07	51
1.26213e-07	51
1.38805e-07	51
1.3996e-07	51
1.40414e-07	51
1.40518e-07	51
1.41276e-07	51
1.49317e-07	51
1.51346e-07	51
1.51402e-07	51
1.65403e-07	51
1.66069e-07	51
1.70804e-07	51
1.70935e-07	51
1.71163e-07	51
1.72415e-07	51
1.77598e-07	51
1.81325e-07	51
1.81577e-07	51
1.9409e-07	51
1.94134e-07	51
2.00697e-07	51
2.00833e-07	51
2.03162e-07	51
2.04508e-07	51
2.08198e-07	51
2.11121e-07	51
2.13639e-07	51
2.16762e-07	51
2.22442e-07	51
2.26262e-07	51
2.27989e-07	51
2.30662e-07	51
2.32971e-07	51
2.34082e-07	51
2.35828e-07	51
2.38687e-07	51
2.43478e-07	51
2.44003e-07	51
2.55966e-07	51
2.57283e-07	51
2.58986e-07	51
2.60881e-07	51
2.61578e-07	51
2.63713e-07	51
2.64689e-07	51
2.68428e-07	51
2.70057e-07	51
2.72049e-07	51
2.7219e-07	51
2.82373e-07	51
2.83459e-07	51
2.87742e-07	51
2.88686e-07	51
2.88782e-07	51
2.89137e-07	51
2.89308e-07	51
2.89418e-07	51
2.90047e-07	51
2.90217e-07	51
2.9122e-07	51
2.94329e-07	51
2.97132e-07	51
3.06776e-07	51
3.08334e-07	51
3.09457e-07	51
3.09659e-07	51
3.11017e-07	51
3.15145e-07	51
3.18708e-07	51
3.19214e-07	51
3.20687e-07	51
3.21931e-07	51
3.23958e-07	51
3.24318e-07	51
3.24975e-07	51
3.27947e-07	51
3.3283e-07	51
3.37746e-07	51
3.40659e-07	51
3.41257e-07	51
3.42108e-07	51
3.42619e-07	51
3.50454e-07	51
3.53168e-07	51
3.55063e-07	51
3.55401e-07	51
3.58597e-07	51
3.60121e-07	51
3.70295e-07	51
3.76419e-07	51
3.78652e-07	51
3.81508e-07	51
3.83102e-07	51
3.85874e-07	51
3.92717e-07	51
3.95456e-07	51
4.00191e-07	51
4.02999e-07	51
4.07731e-07	51
4.08805e-07	51
4.14908e-07	51
4.16526e-07	51
4.16782e-07	51
4.17488e-07	51
4.18343e-07	51
4.29495e-07	51
4.31568e-07	51
4.33419e-07	51
4.39042e-07	51
4.39243e-07	51
4.48318e-07	51
4.49141e-07	51
4.59107e-07	51
4.62697e-07	51
4.65361e-07	51
4.68381e-07	51
4.68561e-07	51
4.70962e-07	51
4.90771e-07	51
4.97912e-07	51
4.99451e-07	51
5.05805e-07	51
5.08168e-07	51
5.18711e-07	51
5.21045e-07	51
5.39109e-07	51
5.51152e-07	51
5.53068e-07	51
5.5373e-07	51
5.55694e-07	51
5.60137e-07	51
5.60222e-07	51
5.69851e-07	51
5.75553e-07	51
5.758e-07	51
5.78063e-07	51
5.78629e-07	51
5.847e-07	51
5.99996e-07	51
6.07185e-07	51
6.08723e-07	51
6.24318e-07	51
6.32144e-07	51
6.33815e-07	51
6.36702e-07	51
6.3689e-07	51
6.48337e-07	51
6.4982e-07	51
6.54193e-07	51
6.60086e-07	51
6.67273e-07	51
6.6985e-07	51
6.70394e-07	51
6.76802e-07	51
6.78424e-07	51
6.839e-07	51
6.87618e-07	51
6.9501e-07	51
7.06814e-07	51
7.07494e-07	51
7.12758e-07	51
7.22046e-07	51
7.22578e-07	51
7.23702e-07	51
7.26266e-07	51
7.33499e-07	51
7.46062e-07	51
7.53068e-07	51
7.54488e-07	51
7.58551e-07	51
7.59499e-07	51
7.60309e-07	51
7.62375e-07	51
7.65861e-07	51
7.77952e-07	51
7.90726e-07	51
8.08117e-07	51
8.20124e-07	51
8.2484e-07	51
8.25613e-07	51
8.28127e-07	51
8.32447e-07	51
8.35571e-07	51
8.45992e-07	51
8.49585e-07	51
8.64315e-07	51
8.65148e-07	51
8.69932e-07	51
8.86518e-07	51
8.87061e-07	51
9.01251e-07	51
9.12063e-07	51
9.12832e-07	51
9.15584e-07	51
9.16681e-07	51
9.21302e-07	51
9.28277e-07	51
9.38105e-07	51
9.45098e-07	51
9.51998e-07	51
9.5402e-07	51
9.63774e-07	51
9.70419e-07	51
9.78857e-07	51
9.91239e-07	51
9.92441e-07	51
9.97067e-07	51
1.00922e-06	51
1.01117e-06	51
1.01892e-06	51
1.02341e-06	51
1.02552e-06	51
1.02995e-06	51
1.04202e-06	51
1.04333e-06	51
1.05816e-06	51
1.06561e-06	51
1.06715e-06	51
1.08827e-06	51
1.09156e-06	51
1.09411e-06	51
1.09567e-06	51
1.09703e-06	51
1.09795e-06	51
1.09871e-06	51
1.09914e-06	51
1.09943e-06	51
1.10292e-06	51
1.12137e-06	51
1.12409e-06	51
1.12711e-06	51
1.13305e-06	51
1.13742e-06	51
1.13942e-06	51
1.1439e-06	51
1.14767e-06	51
1.15595e-06	51
1.16451e-06	51
1.16746e-06	51
1.16824e-06	51
1.17979e-06	51
1.18683e-06	51
1.18873e-06	51
1.19532e-06	51
1.20572e-06	51
1.21895e-06	51
1.22091e-06	51
1.22532e-06	51
1.23748e-06	51
1.25072e-06	51
1.25422e-06	51
1.25593e-06	51
1.26043e-06	51
1.26113e-06	51
1.26321e-06	51
1.26874e-06	51
1.27322e-06	51
1.28376e-06	51
1.29178e-06	51
1.29466e-06	51
1.30025e-06	51
1.3108e-06	51
1.33013e-06	51
1.33637e-06	51
1.33709e-06	51
1.34264e-06	51
1.3483e-06	51
1.35302e-06	51
1.37567e-06	51
1.37863e-06	51
1.38113e-06	51
1.40192e-06	51
1.40205e-06	51
1.4056e-06	51
1.40849e-06	51
1.43102e-06	51
1.44879e-06	51
1.47048e-06	51
1.47405e-06	51
1.47535e-06	51
1.50961e-06	51
1.51262e-06	51
1.51578e-06	51
1.5245e-06	51
1.53007e-06	51
1.55514e-06	51
1.57897e-06	51
1.59178e-06	51
1.59453e-06	51
1.59901e-06	51
1.60529e-06	51
1.6151e-06	51
1.61733e-06	51
1.62239e-06	51
1.62444e-06	51
1.63577e-06	51
1.64463e-06	51
1.64588e-06	51
1.65529e-06	51
1.65821e-06	51
1.67352e-06	51
1.68005e-06	51
1.68203e-06	51
1.68941e-06	51
1.68991e-06	51
1.7054e-06	51
1.71603e-06	51
1.74158e-06	51
1.76233e-06	51
1.76714e-06	51
1.77802e-06	51
1.78166e-06	51
1.80469e-06	51
1.83121e-06	51
1.86437e-06	51
1.87446e-06	51
1.89601e-06	51
1.89737e-06	51
1.90086e-06	51
1.90389e-06	51
1.94008e-06	51
1.97588e-06	51
1.9772e-06	51
2.00294e-06	51
2.01439e-06	51
2.03841e-06	51
2.04307e-06	51
2.06994e-06	51
2.07093e-06	51
2.08487e-06	51
2.12029e-06	51
2.12669e-06	51
2.16888e-06	51
2.22612e-06	51
2.23043e-06	51
2.2558e-06	51
2.25894e-06	51
2.26162e-06	51
2.31551e-06	51
2.34086e-06	51
2.34616e-06	51
2.35219e-06	51
2.35837e-06	51
2.35971e-06	51
2.36239e-06	51
2.36306e-06	51
2.39495e-06	51
2.4046e-06	51
2.40986e-06	51
2.42223e-06	51
2.46354e-06	51
2.46978e-06	51
2.48545e-06	51
2.49637e-06	51
2.50334e-06	51
2.5057e-06	51
2.51135e-06	51
2.54392e-06	51
2.54526e-06	51
2.54621e-06	51
2.56526e-06	51
2.58583e-06	51
2.60172e-06	51
2.6106e-06	51
2.65739e-06	51
2.66736e-06	51
2.67006e-06	51
2.6739e-06	51
2.68648e-06	51
2.69528e-06	51
2.69925e-06	51
2.71858e-06	51
2.72142e-06	51
2.79747e-06	51
2.80364e-06	51
2.89777e-06	51
2.90099e-06	51
2.90396e-06	51
2.97153e-06	51
2.98143e-06	51
3.00705e-06	51
3.008e-06	51
3.00868e-06	51
3.02031e-06	51
3.10939e-06	51
3.12349e-06	51
3.12442e-06	51
3.15162e-06	51
3.19608e-06	51
3.21567e-06	51
3.21644e-06	51
3.27877e-06	51
3.2878e-06	51
3.3064e-06	51
3.35392e-06	51
3.37972e-06	51
3.38069e-06	51
3.42964e-06	51
3.44861e-06	51
3.45046e-06	51
3.47465e-06	51
3.52894e-06	51
3.53039e-06	51
3.53357e-06	51
3.53951e-06	51
3.57101e-06	51
3.59259e-06	51
3.60932e-06	51
3.6656e-06	51
3.68796e-06	51
3.68897e-06	51
3.69173e-06	51
3.71359e-06	51
3.7439e-06	51
3.75794e-06	51
3.77507e-06	51
3.78118e-06	51
3.78538e-06	51
3.79469e-06	51
3.79778e-06	51
3.85553e-06	51
3.91424e-06	51
3.94439e-06	51
3.94461e-06	51
3.9731e-06	51
4.00642e-06	51
4.01212e-06	51
4.01551e-06	51
4.05923e-06	51
4.10019e-06	51
4.21637e-06	51
4.25611e-06	51
4.29824e-06	51
4.31597e-06	51
4.34923e-06	51
4.40924e-06	51
4.42988e-06	51
4.44149e-06	51
4.47626e-06	51
4.49103e-06	51
4.6185e-06	51
4.63288e-06	51
4.67296e-06	51
4.67353e-06	51
4.73446e-06	51
4.79731e-06	51
4.82351e-06	51
4.88974e-06	51
4.97436e-06	51
4.97649e-06	51
5.07358e-06	51
5.10849e-06	51
5.15691e-06	51
5.22275e-06	51
5.2379e-06	51
5.26467e-06	51
5.2949e-06	51
5.36669e-06	51
5.50486e-06	51
5.64703e-06	51
5.66153e-06	51
5.75295e-06	51
5.75565e-06	51
5.81983e-06	51
5.85297e-06	51
5.85306e-06	51
5.87258e-06	51
5.90882e-06	51
5.92401e-06	51
5.96281e-06	51
5.98928e-06	51
5.99204e-06	51
6.00079e-06	51
6.04547e-06	51
6.08944e-06	51
6.16208e-06	51
6.17132e-06	51
6.23842e-06	51
6.29701e-06	51
6.35522e-06	51
6.44155e-06	51
6.51762e-06	51
6.61973e-06	51
6.64946e-06	51
6.68633e-06	51
6.71364e-06	51
6.72428e-06	51
7.00213e-06	51
7.04323e-06	51
7.05885e-06	51
7.12856e-06	51
7.24565e-06	51
7.24624e-06	51
7.31258e-06	51
7.3579e-06	51
7.41851e-06	51
7.45238e-06	51
7.58241e-06	51
7.58879e-06	51
7.60892e-06	51
7.71074e-06	51
7.71243e-06	51
7.75203e-06	51
7.76348e-06	51
7.85114e-06	51
7.89299e-06	51
7.90841e-06	51
7.94758e-06	51
8.00953e-06	51
8.18908e-06	51
8.22026e-06	51
8.33995e-06	51
8.37982e-06	51
8.43249e-06	51
8.44935e-06	51
8.48172e-06	51
8.57774e-06	51
8.6995e-06	51
8.7291e-06	51
8.76711e-06	51
9.21727e-06	51
9.33043e-06	51
9.61032e-06	51
9.77795e-06	51
9.8872e-06	51
9.89549e-06	51
1.0076e-05	51
1.00856e-05	51
1.01837e-05	51
1.02288e-05	51
1.02517e-05	51
1.02885e-05	51
1.03713e-05	51
1.03781e-05	51
1.055e-05	51
1.06171e-05	51
1.06929e-05	51
1.08831e-05	51
1.09015e-05	51
1.10631e-05	51
1.11775e-05	51
1.14216e-05	51
1.15488e-05	51
1.16813e-05	51
1.17209e-05	51
1.17302e-05	51
1.17717e-05	51
1.18345e-05	51
1.20068e-05	51
1.21668e-05	51
1.22276e-05	51
1.22628e-05	51
1.23671e-05	51
1.25028e-05	51
1.25565e-05	51
1.25899e-05	51
1.25923e-05	51
1.27976e-05	51
1.29877e-05	51
1.30464e-05	51
1.31387e-05	51
1.32057e-05	51
1.33067e-05	51
1.34419e-05	51
1.34505e-05	51
1.34977e-05	51
1.35143e-05	51
1.36275e-05	51
1.37074e-05	51
1.40013e-05	51
1.40957e-05	51
1.41714e-05	51
1.42576e-05	51
1.43299e-05	51
1.44463e-05	51
1.44921e-05	51
1.46066e-05	51
1.46467e-05	51
1.47005e-05	51
1.48181e-05	51
1.50519e-05	51
1.50527e-05	51
1.50755e-05	51
1.52953e-05	51
1.53113e-05	51
1.53907e-05	51
1.54632e-05	51
1.57511e-05	51
1.57653e-05	51
1.59283e-05	51
1.59642e-05	51
1.59912e-05	51
1.60677e-05	51
1.63231e-05	51
1.63714e-05	51
1.64339e-05	51
1.64571e-05	51
1.64659e-05	51
1.65415e-05	51
1.6624e-05	51
1.68077e-05	51
1.69659e-05	51
1.69697e-05	51
1.70197e-05	51
1.70541e-05	51
1.70959e-05	51
1.71604e-05	51
1.72184e-05	51
1.73245e-05	51
1.73255e-05	51
1.73291e-05	51
1.77221e-05	51
1.77947e-05	51
1.78618e-05	51
1.79608e-05	51
1.79713e-05	51
1.8177e-05	51
1.81842e-05	51
1.82021e-05	51
1.8218e-05	51
1.84025e-05	51
1.84366e-05	51
1.86944e-05	51
1.86995e-05	51
1.92083e-05	51
1.93032e-05	51
1.93298e-05	51
1.93644e-05	51
1.95526e-05	51
1.95726e-05	51
1.97248e-05	51
2.03024e-05	51
2.03944e-05	51
2.05602e-05	51
2.08022e-05	51
2.08375e-05	51
2.10952e-05	51
2.11044e-05	51
2.12188e-05	51
2.15348e-05	51
2.17366e-05	51
2.18963e-05	51
2.20054e-05	51
2.21781e-05	51
2.22321e-05	51
2.2368e-05	51
2.24252e-05	51
2.25357e-05	51
2.25549e-05	51
2.26596e-05	51
2.26869e-05	51
2.29285e-05	51
2.29366e-05	51
2.32833e-05	51
2.33346e-05	51
2.33914e-05	51
2.35256e-05	51
2.35981e-05	51
2.39504e-05	51
2.39767e-05	51
2.40223e-05	51
2.41812e-05	51
2.43254e-05	51
2.44454e-05	51
2.45386e-05	51
2.46322e-05	51
2.46697e-05	51
2.48168e-05	51
2.50451e-05	51
2.50765e-05	51
2.5095e-05	51
2.5248e-05	51
2.55255e-05	51
2.56951e-05	51
2.5841e-05	51
2.60636e-05	51
2.61555e-05	51
2.63163e-05	51
2.67829e-05	51
2.6844e-05	51
2.69638e-05	51
2.69748e-05	51
2.70602e-05	51
2.71641e-05	51
2.732e-05	51
2.73716e-05	51
2.75071e-05	51
2.75196e-05	51
2.75376e-05	51
2.76804e-05	51
2.77418e-05	51
2.77828e-05	51
2.79458e-05	51
2.82393e-05	51
2.82845e-05	51
2.83643e-05	51
2.85496e-05	51
2.90065e-05	51
2.9055e-05	51
2.90621e-05	51
2.91037e-05	51
2.91644e-05	51
2.91705e-05	51
2.94821e-05	51
3.00002e-05	51
3.00036e-05	51
3.00338e-05	51
3.07346e-05	51
3.09186e-05	51
3.09488e-05	51
3.11963e-05	51
3.12669e-05	51
3.14502e-05	51
3.1553e-05	51
3.15762e-05	51
3.16303e-05	51
3.1773e-05	51
3.19665e-05	51
3.19771e-05	51
3.21081e-05	51
3.2295e-05	51
3.27253e-05	51
3.28045e-05	51
3.29831e-05	51
3.31282e-05	51
3.32392e-05	51
3.33216e-05	51
3.35813e-05	51
3.36021e-05	51
3.36714e-05	51
3.37225e-05	51
3.41533e-05	51
3.41668e-05	51
3.52513e-05	51
3.54485e-05	51
3.57329e-05	51
3.5792e-05	51
3.58883e-05	51
3.59943e-05	51
3.61902e-05	51
3.64019e-05	51
3.68087e-05	51
3.68936e-05	51
3.69407e-05	51
3.70814e-05	51
3.73553e-05	51
3.73632e-05	51
3.74862e-05	51
3.75762e-05	51
3.75835e-05	51
3.7641e-05	51
3.76449e-05	51
3.79608e-05	51
3.81225e-05	51
3.81674e-05	51
3.83409e-05	51
3.84229e-05	51
3.89446e-05	51
3.90626e-05	51
3.91123e-05	51
3.92781e-05	51
3.93855e-05	51
3.95957e-05	51
3.97614e-05	51
4.01952e-05	51
4.0435e-05	51
4.08403e-05	51
4.10935e-05	51
4.11648e-05	51
4.12957e-05	51
4.14154e-05	51
4.14536e-05	51
4.15753e-05	51
4.16072e-05	51
4.16358e-05	51
4.17346e-05	51
4.17627e-05	51
4.19381e-05	51
4.19732e-05	51
4.1983e-05	51
4.21035e-05	51
4.21415e-05	51
4.22386e-05	51
4.23486e-05	51
4.23625e-05	51
4.28648e-05	51
4.29067e-05	51
4.29324e-05	51
4.33408e-05	51
4.36383e-05	51
4.38353e-05	51
4.40848e-05	51
4.41624e-05	51
4.47708e-05	51
4.50311e-05	51
4.51467e-05	51
4.54703e-05	51
4.56037e-05	51
4.56357e-05	51
4.56683e-05	51
4.56766e-05	51
4.58839e-05	51
4.60194e-05	51
4.61341e-05	51
4.62114e-05	51
4.63306e-05	51
4.64022e-05	51
4.65484e-05	51
4.70254e-05	51
4.72264e-05	51
4.72565e-05	51
4.72848e-05	51
4.74723e-05	51
4.75278e-05	51
4.76316e-05	51
4.77496e-05	51
4.77995e-05	51
4.78131e-05	51
4.80279e-05	51
4.80381e-05	51
4.81789e-05	51
4.8191e-05	51
4.84147e-05	51
4.84233e-05	51
4.84337e-05	51
4.85592e-05	51
4.86556e-05	51
4.90752e-05	51
4.92974e-05	51
4.97855e-05	51
4.98749e-05	51
5.00558e-05	51
5.10955e-05	51
5.12147e-05	51
5.16544e-05	51
5.18423e-05	51
5.20829e-05	51
5.21967e-05	51
5.22315e-05	51
5.2302e-05	51
5.25625e-05	51
5.28074e-05	51
5.28224e-05	51
5.30937e-05	51
5.31724e-05	51
5.35077e-05	51
5.36222e-05	51
5.38157e-05	51
5.40577e-05	51
5.41464e-05	51
5.43136e-05	51
5.43649e-05	51
5.4383e-05	51
5.44164e-05	51
5.47152e-05	51
5.47563e-05	51
5.49311e-05	51
5.4939e-05	51
5.50283e-05	51
5.50742e-05	51
5.51653e-05	51
5.54664e-05	51
5.54715e-05	51
5.54722e-05	51
5.55733e-05	51
5.57172e-05	51
5.57897e-05	51
5.59121e-05	51
5.71e-05	51
5.7725e-05	51
5.77721e-05	51
5.78253e-05	51
5.78401e-05	51
5.80337e-05	51
5.81489e-05	51
5.81826e-05	51
5.84848e-05	51
5.85853e-05	51
5.89654e-05	51
5.90906e-05	51
5.91054e-05	51
5.91551e-05	51
5.92891e-05	51
5.93133e-05	51
6.00235e-05	51
6.02204e-05	51
6.02233e-05	51
6.03838e-05	51
6.04997e-05	51
6.05389e-05	51
6.0943e-05	51
6.10209e-05	51
6.12139e-05	51
6.13652e-05	51
6.16534e-05	51
6.18091e-05	51
6.21144e-05	51
6.21621e-05	51
6.21729e-05	51
6.21814e-05	51
6.23378e-05	51
6.24076e-05	51
6.27517e-05	51
6.2803e-05	51
6.3182e-05	51
6.35093e-05	51
6.38421e-05	51
6.38842e-05	51
6.4162e-05	51
6.4278e-05	51
6.52767e-05	51
6.5574e-05	51
6.56806e-05	51
6.57612e-05	51
6.60617e-05	51
6.66842e-05	51
6.69243e-05	51
6.75785e-05	51
6.76999e-05	51
6.83449e-05	51
6.84022e-05	51
6.91114e-05	51
6.91115e-05	51
6.91156e-05	51
6.94626e-05	51
6.99922e-05	51
7.01351e-05	51
7.03423e-05	51
7.03739e-05	51
7.03745e-05	51
7.06369e-05	51
7.10818e-05	51
7.1134e-05	51
7.11859e-05	51
7.1232e-05	51
7.15145e-05	51
7.17374e-05	51
7.19311e-05	51
7.23828e-05	51
7.26573e-05	51
7.26708e-05	51
7.27154e-05	51
7.29645e-05	51
7.33212e-05	51
7.40473e-05	51
7.40984e-05	51
7.41658e-05	51
7.41985e-05	51
7.4512e-05	51
7.45651e-05	51
7.46628e-05	51
7.49459e-05	51
7.52194e-05	51
7.57087e-05	51
7.61921e-05	51
7.68612e-05	51
7.69412e-05	51
7.72902e-05	51
7.74216e-05	51
7.75707e-05	51
7.76291e-05	51
7.78592e-05	51
7.78711e-05	51
7.79178e-05	51
7.83626e-05	51
7.84172e-05	51
7.8867e-05	51
7.88839e-05	51
7.90279e-05	51
7.93464e-05	51
7.95386e-05	51
8.00719e-05	51
8.01408e-05	51
8.04212e-05	51
8.0506e-05	51
8.0932e-05	51
8.0974e-05	51
8.13947e-05	51
8.14043e-05	51
8.15227e-05	51
8.18978e-05	51
8.21983e-05	51
8.25949e-05	51
8.26329e-05	51
8.26373e-05	51
8.30057e-05	51
8.32586e-05	51
8.3519e-05	51
8.37512e-05	51
8.3915e-05	51
8.39644e-05	51
8.41389e-05	51
8.41985e-05	51
8.42196e-05	51
8.43559e-05	51
8.4395e-05	51
8.51177e-05	51
8.51264e-05	51
8.57083e-05	51
8.57123e-05	51
8.59915e-05	51
8.62256e-05	51
8.62339e-05	51
8.6816e-05	51
8.74381e-05	51
8.76023e-05	51
8.96031e-05	51
9.01882e-05	51
9.0197e-05	51
9.03891e-05	51
9.0625e-05	51
9.14283e-05	51
9.15975e-05	51
9.19031e-05	51
9.1938e-05	51
9.20821e-05	51
9.22909e-05	51
9.24895e-05	51
9.33342e-05	51
9.35174e-05	51
9.37045e-05	51
9.45308e-05	51
9.45423e-05	51
9.48222e-05	51
9.50117e-05	51
9.51509e-05	51
9.52755e-05	51
9.54405e-05	51
9.54577e-05	51
9.61214e-05	51
9.61417e-05	51
9.62777e-05	51
9.65026e-05	51
9.71481e-05	51
9.72093e-05	51
9.72607e-05	51
9.73179e-05	51
9.74066e-05	51
9.78402e-05	51
9.81706e-05	51
9.86887e-05	51
9.87915e-05	51
0.000100004	51
0.000100037	51
0.000100093	51
0.000100281	51
0.000100339	51
0.000100501	51
0.00010059	51
0.000100709	51
0.000100839	51
0.000100864	51
0.000100876	51
0.000101231	51
0.000101244	51
0.000101274	51
0.000101626	51
0.00010193	51
0.000101941	51
0.000102158	51
0.000102344	51
0.00010245	51
0.000102463	51
0.000103125	51
0.000103337	51
0.000103689	51
0.000103701	51
0.000104288	51
0.000104559	51
0.00010509	51
0.000105404	51
0.000106176	51
0.000106567	51
0.000106848	51
0.000107167	51
0.000107595	51
0.000107722	51
0.000108103	51
0.000108128	51
0.000108309	51
0.00010856	51
0.000108684	51
0.000109212	51
0.000109214	51
0.000109722	51
0.00010989	51
0.000110982	51
0.000111245	51
0.000112566	51
0.000112999	51
0.00011353	51
0.000113793	51
0.000113888	51
0.000113891	51
0.000114133	51
0.000115194	51
0.000115351	51
0.000115401	51
0.000115856	51
0.00011617	51
0.000116187	51
0.000117191	51
0.00011726	51
0.00011728	51
0.000117613	51
0.000118166	51
0.000119223	51
0.000119462	51
0.000119833	51
0.000119845	51
0.000120409	51
0.000121507	51
0.000121651	51
0.000121905	51
0.000121947	51
0.000123369	51
0.000123983	51
0.000124283	51
0.000124591	51
0.000125268	51
0.000125379	51
0.000125388	51
0.000125414	51
0.000125495	51
0.0001255	51
0.000125796	51
0.000126324	51
0.000126695	51
0.000126811	51
0.000127226	51
0.000127461	51
0.000127626	51
0.000127651	51
0.000127722	51
0.000128372	51
0.00012844	51
0.00012848	51
0.000128692	51
0.000129141	51
0.000129873	51
0.00013095	51
0.000131669	51
0.000133052	51
0.000133114	51
0.000133908	51
0.000133915	51
0.000134316	51
0.000134422	51
0.000134562	51
0.000134652	51
0.000135372	51
0.000136302	51
0.000136455	51
0.000136615	51
0.000136892	51
0.000137393	51
0.000137908	51
0.000138617	51
0.000138663	51
0.000138797	51
0.000139553	51
0.00013958	51
0.000139931	51
0.000140456	51
0.000141464	51
0.000141611	51
0.000142434	51
0.000142586	51
0.000142606	51
0.000143152	51
0.000143516	51
0.00014403	51
0.00014485	51
0.000145407	51
0.000145666	51
0.000146234	51
0.000146419	51
0.000147058	51
0.000147144	51
0.000147339	51
0.000147404	51
0.000147908	51
0.000147928	51
0.000148135	51
0.00014815	51
0.000148162	51
0.000148457	51
0.000149867	51
0.000150224	51
0.000150421	51
0.000150817	51
0.000151472	51
0.000151581	51
0.000151718	51
0.000151828	51
0.000151962	51
0.000153534	51
0.000153631	51
0.000153659	51
0.000154359	51
0.000154487	51
0.000155052	51
0.000155091	51
0.000155437	51
0.000156264	51
0.000156647	51
0.000157478	51
0.000157542	51
0.00015776	51
0.000158141	51
0.000158177	51
0.00015838	51
0.000158436	51
0.000158492	51
0.000158795	51
0.000159357	51
0.000159488	51
0.000159715	51
0.000160467	51
0.000160571	51
0.000160726	51
0.000161144	51
0.000161249	51
0.000161727	51
0.000161846	51
0.000162003	51
0.000162381	51
0.000162565	51
0.000163042	51
0.000163746	51
0.000163807	51
0.000163839	51
0.000163897	51
0.000164393	51
0.000164459	51
0.000164555	51
0.000164783	51
0.000165146	51
0.000165196	51
0.000165244	51
0.000165275	51
0.000165349	51
0.000165745	51
0.000165982	51
0.000166656	51
0.000168267	51
0.000169464	51
0.000170197	51
0.000170526	51
0.000170646	51
0.000170763	51
0.000170766	51
0.0001713	51
0.000171805	51
0.000172087	51
0.000172607	51
0.000172952	51
0.000173112	51
0.000174058	51
0.000174887	51
0.000175008	51
0.000175995	51
0.000176014	51
0.000176246	51
0.000176282	51
0.000176465	51
0.00017709	51
0.000177467	51
0.000177644	51
0.000178552	51
0.000178868	51
0.000179254	51
0.000181372	51
0.000181836	51
0.000182348	51
0.000182612	51
0.000184365	51
0.000186296	51
0.000186721	51
0.00018713	51
0.000187248	51
0.00018815	51
0.000189339	51
0.000189957	51
0.000190387	51
0.000191734	51
0.00019174	51
0.000191957	51
0.000192115	51
0.000192817	51
0.000192945	51
0.000193383	51
0.000193621	51
0.000194243	51
0.000194245	51
0.000194327	51
0.000195544	51
0.000197742	51
0.00019928	51
0.000200199	51
0.000200845	51
0.000200952	51
0.000201721	51
0.000202326	51
0.0002036	51
0.000203728	51
0.000204308	51
0.000204717	51
0.000205119	51
0.000207372	51
0.000207516	51
0.000209184	51
0.000210742	51
0.000211152	51
0.000211548	51
0.000212323	51
0.000212821	51
0.000212988	51
0.000213103	51
0.000214298	51
0.000214432	51
0.000214521	51
0.000214958	51
0.000215211	51
0.000215287	51
0.000215462	51
0.000215608	51
0.000216218	51
0.000216482	51
0.000216597	51
0.00021769	51
0.000218297	51
0.000218325	51
0.000218974	51
0.000219112	51
0.000219125	51
0.000219352	51
0.000220405	51
0.000220916	51
0.000222451	51
0.000222932	51
0.000224405	51
0.000224773	51
0.000224879	51
0.000225205	51
0.000226745	51
0.000227403	51
0.000227706	51
0.000227971	51
0.00022942	51
0.000230122	51
0.000233323	51
0.000236275	51
0.000237536	51
0.000238306	51
0.000238329	51
0.000240172	51
0.000240511	51
0.000241217	51
0.000241416	51
0.000242354	51
0.000243092	51
0.00024393	51
0.000244517	51
0.000245424	51
0.000245941	51
0.000246095	51
0.000246646	51
0.000247133	51
0.000247291	51
0.000248641	51
0.000249509	51
0.000250729	51
0.000250908	51
0.000252125	51
0.000253991	51
0.000254449	51
0.000256955	51
0.000260029	51
0.000260704	51
0.000261771	51
0.000261807	51
0.000262707	51
0.000266769	51
0.00026727	51
0.000267276	51
0.000268439	51
0.000270641	51
0.000270858	51
0.000272212	51
0.0002724	51
0.000272894	51
0.000273564	51
0.000274941	51
0.000275508	51
0.000276338	51
0.000277189	51
0.000277346	51
0.000278128	51
0.000279945	51
0.000282063	51
0.000284369	51
0.000285915	51
0.000286866	51
0.000287286	51
0.000288045	51
0.000288921	51
0.000288946	51
0.000291497	51
0.000293164	51
0.000295065	51
0.00029526	51
0.000295697	51
0.000300268	51
0.000300792	51
0.000301293	51
0.000303214	51
0.000303448	51
0.000304608	51
0.00030477	51
0.000305218	51
0.00030624	51
0.000306607	51
0.000307231	51
0.000307589	51
0.0003095	51
0.00031095	51
0.000311705	51
0.000312199	51
0.000312952	51
0.000313562	51
0.00031369	51
0.000314244	51
0.000315043	51
0.000316955	51
0.000317907	51
0.00031791	51
0.000319568	51
0.000325325	51
0.000326636	51
0.000326929	51
0.000329023	51
0.000330608	51
0.000334475	51
0.000335346	51
0.000335364	51
0.000335829	51
0.000336495	51
0.000337395	51
0.000338888	51
0.000340363	51
0.000340748	51
0.000343571	51
0.00034434	51
0.000345336	51
0.000345803	51
0.000346336	51
0.000347013	51
0.000347583	51
0.000347801	51
0.000349361	51
0.00034946	51
0.000349725	51
0.00034976	51
0.000352337	51
0.000352923	51
0.000356622	51
0.000356682	51
0.000358194	51
0.000360274	51
0.000360662	51
0.000361422	51
0.0003637	51
0.00036511	51
0.000366632	51
0.000369369	51
0.000374139	51
0.000378174	51
0.000388119	51
0.000389424	51
0.000389506	51
0.000395138	51
0.000395512	51
0.000399563	51
0.000403239	51
0.000406939	51
0.00041038	51
0.000411921	51
0.000412411	51
0.000413463	51
0.000415543	51
0.000416589	51
0.000417035	51
0.000422171	51
0.000423848	51
0.000424642	51
0.000428438	51
0.000437711	51
0.000444378	51
0.000449445	51
0.000451016	51
0.00045483	51
0.000461954	51
0.00046424	51
0.000465083	51
0.000466404	51
0.000469231	51
0.000469532	51
0.000469754	51
0.000470745	51
0.000471522	51
0.000472324	51
0.000472827	51
0.000473042	51
0.000477639	51
0.000480853	51
0.000482667	51
0.000485922	51
0.000486436	51
0.000488838	51
0.000489584	51
0.000492041	51
0.000497112	51
0.000502296	51
0.000506925	51
0.000508231	51
0.000512417	51
0.000513589	51
0.000519458	51
0.00051961	51
0.000528006	51
0.000539852	51
0.000545017	51
0.000550598	51
0.000551439	51
0.00055346	51
0.000556209	51
0.000556518	51
0.000556788	51
0.000556856	51
0.000557	51
0.000557372	51
0.000558247	51
0.000558311	51
0.000558339	51
0.000558375	51
0.000558426	51
0.000558982	51
0.000559476	51
0.000560379	51
0.000562416	51
0.000563825	51
0.000563833	51
0.000564059	51
0.00056447	51
0.000566424	51
0.000578345	51
0.000584271	51
0.000603701	51
0.000619869	51
0.000620398	51
0.00062262	51
0.000623597	51
0.000631799	51
0.000635547	51
0.00064685	51
0.00064803	51
0.000652805	51
0.000660948	51
0.000661002	51
0.0006872	51
0.00070192	51
0.00072742	51
0.000731514	51
0.000752084	51
0.000761795	51
0.000772239	51
0.00078839	51
0.000790273	51
0.000794454	51
0.000847185	51
0.00085138	51
0.000871706	51
0.000873363	51
0.00087585	51
0.000887267	51
0.000901618	51
0.000914735	51
0.00091609	51
0.000921614	51
0.000923792	51
0.000925233	51
0.000946266	51
0.00101327	51
0.0010528	51
0.0011204	51
0.00114629	51
0.00118704	51
0.00121231	51
0.00121717	51
0.00121913	51
0.001225	51
0.00123012	51
0.00123149	51
0.00126393	51
0.00131856	51
0.00146279	51
0.00149418	51
0.00152454	51
0.00172935	51
0.00178971	51
0.00234496	51
0.00651429	51
0.00667384	51
0.00833261	51
0.00848029	51
0.0138967	51
0.0138978	51
0.0138985	51
0.0138992	51
0.0139046	51
0.0139079	51
0.0139253	51
0.0139385	51
0.013946	51
0.0139462	51
0.0139472	51
0.0139512	51
0.013953	51
0.0139552	51
0.0139957	51
0.0140142	51
0.0140297	51
0.0140324	51
0.0140414	51
0.0140651	51
0.0140768	51
0.0141052	51
0.014122	51
0.0141354	51
0.0141397	51
0.0141443	51
0.0141617	51
0.0141691	51
0.0142505	51
0.014255	51
0.0142755	51
0.0142803	51
0.0143574	51
0.0143621	51
0.0144405	51
0.0144466	51
0.0144501	51
0.0144605	51
0.014495	51
0.01451	51
0.0146898	51
0.0148705	51
0.0148974	51
0.0150063	51
0.0152905	51
0.0154047	51
0.0154684	51
0.0154903	51
0.0290999	51
0.0291001	51
0.0291004	51
0.0291005	51
0.0291012	51
0.0291013	51
0.0291016	51
0.0291024	51
0.0291025	51
0.029103	51
0.0291052	51
0.0291139	51
0.0291259	51
0.0291284	51
0.045625	51
0.045625	51
0.0456251	51
0.0456251	51
0.0456252	51
0.0456252	51
0.0456252	51
0.0456252	51
0.0456252	51
0.0456252	51
0.0456253	51
0.0456253	51
0.0456253	51
0.0456253	51
0.0456254	51
0.0456254	51
0.0456254	51
0.0456254	51
0.0456255	51
0.0456255	51
0.0456255	51
0.0456255	51
0.0456255	51
0.0456255	51
0.0456256	51
0.0456256	51
0.0456256	51
0.0456256	51
0.0456257	51
0.0456257	51
0.0456257	51
0.0456257	51
0.0456257	51
0.0456258	51
0.0456258	51
0.0456258	51
0.0456259	51
0.0456259	51
0.0456259	51
0.0456259	51
0.0456259	51
0.0456259	51
0.045626	51
0.045626	51
0.045626	51
0.0456261	51
0.0456261	51
0.0456261	51
0.0456262	51
0.0456263	51
0.0456264	51
0.0456265	51
0.0456265	51
0.0456265	51
0.0456265	51
0.0456266	51
0.0456269	51
0.0456269	51
0.0456269	51
0.0456269	51
0.0456271	51
0.0456272	51
0.0456272	51
0.0456274	51
0.0456274	51
0.0456276	51
0.0456279	51
0.045628	51
0.045628	51
0.0456283	51
0.0456283	51
0.0456286	51
0.0456287	51
0.0456288	51
0.045629	51
0.0456291	51
0.0456292	51
0.0456298	51
0.04563	51
0.0456303	51
0.0456303	51
0.0456306	51
0.0456306	51
0.0456317	51
0.0456317	51
0.0456331	51
0.0456338	51
0.0456349	51
0.0456359	51
0.0456368	51
0.0456383	51
0.0456421	51
0.0456421	51
0.0456435	51
0.045644	51
0.0456511	51
0.0456512	51
0.0456571	51
0.0456599	51
0.0456603	51
0.0456613	51
0.0456619	51
0.0456704	51
0.0456709	51
0.0456733	51
0.0456761	51
0.0456929	51
0.0456995	51
0.0457002	51
0.0457077	51
0.0457109	51
0.0457168	51
0.0457205	51
0.0457223	51
0.0457241	51
0.0457345	51
0.0457379	51
0.0457391	51
0.0457408	51
0.0457457	51
0.0457576	51
0.0457619	51
0.0457648	51
0.0457666	51
0.0457709	51
0.0457788	51
0.0457798	51
0.0457813	51
0.0457822	51
0.045812	51
0.0458247	51
0.045842	51
0.045849	51
0.0458575	51
0.0458913	51
0.0459155	51
0.0459269	51
0.0459452	51
0.0459716	51
0.0459981	51
0.0460257	51
0.046066	51
0.0461247	51
0.0461975	51
0.046275	51
0.0463041	51
0.0463047	51
0.0464071	51
0.0464693	51
0.0464695	51
0.0473089	51
0.0473111	51
0.0473125	51
0.0473167	51
0.0473172	51
0.0496933	51
0.0496933	51
0.0496949	51
0.0496955	51
0.0496964	51
0.0496967	51
0.049699	51
0.0496995	51
0.0497034	51
0.0497125	51
0.0497163	51
0.052091	51
0.0521282	51
0.0521448	51
0.0522358	51
0.0522494	51
0.0524136	51
0.052433	51
0.0524389	51
0.0525799	51
0.052684	51
0.0527377	51
0.052899	51
0.0538928	51
0.0571521	51
0.0571524	51
0.0571531	51
0.0571538	51
0.0571542	51
0.057155	51
0.0571552	51
0.0571563	51
0.0571563	51
0.0571567	51
0.057157	51
0.0571594	51
0.0571601	51
0.0571606	51
0.0571652	51
0.0571653	51
0.057186	51
0.0574007	51
0.0584308	51
0.0584412	51
0.0594856	51
0.0594859	51
0.0594863	51
0.0594871	51
0.0594875	51
0.0594875	51
0.0594887	51
0.0594922	51
0.0594926	51
0.059497	51
0.0594977	51
0.0595016	51
0.0595139	51
0.0600121	51
0.0600124	51
0.0600128	51
0.0600135	51
0.0600151	51
0.0600179	51
0.0600185	51
0.0600198	51
0.0600224	51
0.0602402	51
0.0602409	51
0.0602452	51
0.0602589	51
0.0603162	51
0.0743546	51
0.0743547	51
0.0743547	51
0.0743549	51
0.0743549	51
0.074355	51
0.0743553	51
0.0743555	51
0.0743556	51
0.0743559	51
0.0743595	51
0.0743814	51
0.0979191	51
0.0979191	51
0.0979191	51
0.0979192	51
0.0979194	51
0.0979196	51
0.0979201	51
0.0979217	51
0.0979231	51
0.0979244	51
0.0979247	51
0.0979268	51
0.0979275	51
0.0979285	51
0.0979294	51
0.0979375	51
0.0979813	51
0.0980309	51
0.0980654	51
0.0980658	51
0.0981347	51
0.0981967	51
0.0982137	51
0.0984931	51
0.106676	51
0.122202	51
0.122204	51
0.122205	51
0.122208	51
0.12221	51
0.122211	51
0.12257	51
0.124432	51
0.124437	51
0.125021	51
0.125026	51
0.125041	51
0.131066	51
0.131066	51
0.131067	51
0.131067	51
0.131071	51
0.131071	51
0.131072	51
0.13108	51
0.131081	51
0.131086	51
0.131127	51
0.1315	51
0.133632	51
0.133643	51
0.133652	51
0.136838	51
0.136845	51
0.13685	51
0.136865	51
0.136869	51
0.136972	51
0.137456	51
0.13746	51
0.137486	51
0.140625	51
0.140626	51
0.140628	51
0.14064	51
0.14065	51
0.14791	51
0.147923	51
0.153356	51
0.153368	51
0.153376	51
0.154362	51
0.154367	51
0.154369	51
0.154486	51
0.155559	51
0.156395	51
0.156733	51
0.156805	51
0.174599	51
0.1746	51
0.1746	51
0.174601	51
0.174601	51
0.174602	51
0.174604	51
0.174607	51
0.174608	51
0.174608	51
0.180125	51
0.180125	51
0.180126	51
0.18013	51
0.180132	51
0.180142	51
0.180182	51
0.18023	51
0.18024	51
0.180292	51
0.180293	51
0.180297	51
0.189675	51
0.189675	51
0.189676	51
0.189676	51
0.189677	51
0.189678	51
0.189691	51
0.189812	51
0.189815	51
0.189825	51
0.189834	51
0.190567	51
0.190597	51
0.199459	51
0.199464	51
0.199465	51
0.19948	51
0.199494	51
0.209941	51
0.209941	51
0.209944	51
0.209945	51
0.229008	51
0.229008	51
0.229008	51
0.229009	51
0.22901	51
0.22901	51
0.22901	51
0.229011	51
0.229013	51
0.229077	51
0.236686	51
0.236696	51
0.236731	51
0.248397	51
0.248398	51
0.248398	51
0.248398	51
0.248408	51
0.248413	51
0.271853	51
0.271853	51
0.271855	51
0.271856	51
0.271856	51
0.271857	51
0.271859	51
0.271866	51
0.271868	51
0.271888	51
0.279282	51
0.279283	51
0.279286	51
0.279347	51
0.284198	51
0.284212	51
0.28593	51
0.285946	51
0.286021	51
0.286123	51
0.286125	51
0.286242	51
0.291848	51
0.291855	51
0.291888	51
0.291915	51
0.294551	51
0.309336	51
0.309338	51
0.309339	51
0.30934	51
0.30934	51
0.309341	51
0.309361	51
0.327873	51
0.327875	51
0.327878	51
0.327879	51
0.327884	51
0.327886	51
0.327887	51
0.333032	51
0.333035	51
0.333036	51
0.333043	51
0.335979	51
0.335984	51
0.336391	51
0.336392	51
0.336393	51
0.336405	51
0.352757	51
0.352757	51
0.352758	51
0.35276	51
0.352766	51
0.352787	51
0.355962	51
0.355965	51
0.355978	51
0.355992	51
0.36653	51
0.366531	51
0.366531	51
0.366536	51
0.367323	51
0.367325	51
0.367333	51
0.367342	51
0.371993	51
0.371994	51
0.371995	51
0.371996	51
0.371996	51
0.372004	51
0.372009	51
0.372063	51
0.378286	51
0.378288	51
0.378497	51
0.378532	51
0.378532	51
0.378557	51
0.420735	51
0.420736	51
0.420736	51
0.420736	51
0.420737	51
0.420739	51
0.420746	51
0.420747	51
0.421363	51
0.42137	51
0.421376	51
0.421377	51
0.425675	51
0.425701	51
0.425803	51
0.425808	51
0.427147	51
0.427154	51
0.427159	51
0.427163	51
0.431442	51
0.431443	51
0.431447	51
0.439591	51
0.439613	51
0.439749	51
0.439751	51
0.439765	51
0.439767	51
0.453961	51
0.453961	51
0.453962	51
0.453975	51
0.453977	51
0.453995	51
0.458048	51
0.458049	51
0.458059	51
0.458066	51
0.464623	51
0.464625	51
0.46463	51
0.464637	51
0.464643	51
0.478704	51
0.478705	51
0.478711	51
0.478714	51
0.481232	51
0.481234	51
0.481245	51
0.483324	51
0.510541	51
0.510542	51
0.510542	51
0.510544	51
0.510556	51
0.510561	51
0.510562	51
0.510579	51
0.51632	51
0.516325	51
0.516332	51
0.522966	51
0.522967	51
0.522968	51
0.522991	51
0.528813	51
0.528817	51
0.528817	51
0.52892	51
0.549211	51
0.549211	51
0.549215	51
0.549216	51
0.549217	51
0.54924	51
0.549251	51
0.549414	51
0.549429	51
0.54945	51
0.571646	51
0.571647	51
0.571648	51
0.571652	51
0.571657	51
0.571659	51
0.571689	51
0.575051	51
0.575056	51
0.575078	51
0.578024	51
0.578024	51
0.578048	51
0.578489	51
0.59196	51
0.591961	51
0.591965	51
0.591973	51
0.591979	51
0.591999	51
0.616132	51
0.616132	51
0.616133	51
0.616134	51
0.616139	51
0.616335	51
0.622894	51
0.622897	51
0.622905	51
0.623047	51
0.627526	51
0.630233	51
0.63024	51
0.630274	51
0.634109	51
0.63411	51
0.634114	51
0.634123	51
0.635174	51
0.636342	51
0.636351	51
0.636354	51
0.636362	51
0.636531	51
0.636533	51
0.636553	51
0.643489	51
0.643491	51
0.643492	51
0.643506	51
0.665586	51
0.665588	51
0.665589	51
0.665594	51
0.665608	51
0.665625	51
0.665656	51
0.671707	51
0.671713	51
0.671723	51
0.671732	51
0.687927	51
0.687929	51
0.688039	51
0.693971	51
0.693972	51
0.693975	51
0.693981	51
0.693988	51
0.693988	51
0.69399	51
0.694005	51
0.694019	51
0.71394	51
0.713941	51
0.713944	51
0.713952	51
0.714588	51
0.71459	51
0.714591	51
0.714593	51
0.714607	51
0.721042	51
0.721045	51
0.721117	51
0.722128	51
0.722128	51
0.72213	51
0.722167	51
0.724965	51
0.724967	51
0.724994	51
0.72717	51
0.727177	51
0.727184	51
0.727216	51
0.737764	51
0.737768	51
0.737777	51
0.737804	51
0.746034	51
0.746034	51
0.746034	51
0.746034	51
0.746041	51
0.74605	51
0.746087	51
0.751403	51
0.751411	51
0.752223	51
0.752225	51
0.752232	51
0.752234	51
0.7528	51
0.752809	51
0.752817	51
0.758579	51
0.75858	51
0.758581	51
0.758594	51
0.764742	51
0.764771	51
0.764926	51
0.767438	51
0.767477	51
0.767478	51
0.767479	51
0.767602	51
0.769711	51
0.769714	51
0.769738	51
0.774277	51
0.774281	51
0.77429	51
0.782104	51
0.782112	51
0.782122	51
0.782125	51
0.792009	51
0.792017	51
0.792017	51
0.801688	51
0.801688	51
0.808541	51
0.808542	51
0.808555	51
0.815528	51
0.815532	51
0.815536	51
0.815541	51
0.816858	51
0.816869	51
0.816896	51
0.82497	51
0.824973	51
0.824973	51
0.824977	51
0.824987	51
0.824992	51
0.825023	51
0.830404	51
0.830407	51
0.830409	51
0.83041	51
0.830415	51
0.830418	51
0.83043	51
0.831601	51
0.831604	51
0.831633	51
0.835749	51
0.835752	51
0.83577	51
0.842421	51
0.842422	51
0.842424	51
0.842431	51
0.842437	51
0.842468	51
0.848297	51
0.848304	51
0.848319	51
0.848366	51
0.853028	51
0.853028	51
0.853032	51
0.853124	51
0.855893	51
0.855894	51
0.855909	51
0.855919	51
0.85835	51
0.858354	51
0.858368	51
0.858389	51
0.878501	51
0.878506	51
0.878507	51
0.878528	51
0.878528	51
0.878599	51
0.878611	51
0.878624	51
0.878668	51
0.886406	51
0.886406	51
0.886408	51
0.886409	51
0.889284	51
0.889292	51
0.889311	51
0.890893	51
0.890893	51
0.890898	51
0.905312	51
0.905338	51
0.905341	51
0.907344	51
0.907355	51
0.907361	51
0.912401	51
0.912407	51
0.912442	51
0.92524	51
0.925241	51
0.925242	51
0.925245	51
0.92525	51
0.925255	51
0.938648	51
0.938648	51
0.93865	51
0.938651	51
0.938665	51
0.938668	51
0.938668	51
0.938681	51
0.94064	51
0.940662	51
0.940678	51
0.945221	51
0.945246	51
0.955151	51
0.955152	51
0.955158	51
0.955161	51
0.955169	51
0.966731	51
0.966735	51
0.966737	51
0.96674	51
0.980781	51
0.980788	51
0.980789	51
0.980822	51
1.00075	51
1.00075	51
1.00075	51
1.00075	51
1.00075	51
1.00076	51
1.00076	51
1.00445	51
1.00446	51
1.00446	51
1.00456	51
1.00456	51
1.00457	51
1.00719	51
1.00719	51
1.0072	51
1.00721	51
1.01353	51
1.01354	51
1.01355	51
1.01357	51
1.01362	51
1.01898	51
1.01899	51
1.01901	51
1.0196	51
1.02026	51
1.02684	51
1.02684	51
1.02843	51
1.02843	51
1.02844	51
1.02845	51
1.04393	51
1.04393	51
1.04393	51
1.04393	51
1.04393	51
1.04394	51
1.04802	51
1.04802	51
1.04803	51
1.05286	51
1.05286	51
1.05286	51
1.05287	51
1.05288	51
1.06145	51
1.06145	51
1.06145	51
1.06145	51
1.06146	51
1.06214	51
1.06215	51
1.0635	51
1.06712	51
1.06712	51
1.06735	51
1.06735	51
1.06735	51
1.06738	51
1.06872	51
1.06873	51
1.07038	51
1.07038	51
1.07038	51
1.08742	51
1.08743	51
1.08743	51
1.08743	51
1.08743	51
1.08744	51
1.08804	51
1.10012	51
1.10012	51
1.10012	51
1.10013	51
1.10014	51
1.10799	51
1.10799	51
1.10799	51
1.108	51
1.108	51
1.10801	51
1.13446	51
1.13446	51
1.13446	51
1.13446	51
1.13446	51
1.13447	51
1.13447	51
1.13447	51
1.15258	51
1.15259	51
1.1526	51
1.15261	51
1.15392	51
1.15392	51
1.15392	51
1.15392	51
1.15986	51
1.15987	51
1.17243	51
1.17243	51
1.17243	51
1.17243	51
1.17665	51
1.17931	51
1.17931	51
1.17932	51
1.17933	51
1.2037	51
1.2037	51
1.2037	51
1.20371	51
1.20371	51
1.20371	51
1.20371	51
1.20372	51
1.2119	51
1.2119	51
1.23622	51
1.23622	51
1.23622	51
1.23622	51
1.23623	51
1.23623	51
1.23623	51
1.23842	51
1.23842	51
1.23843	51
1.23844	51
1.23903	51
1.23903	51
1.23903	51
1.23905	51
1.23905	51
1.24209	51
1.2421	51
1.2421	51
1.24211	51
1.25307	51
1.25307	51
1.25307	51
1.25412	51
1.25412	51
1.25413	51
1.25415	51
1.26132	51
1.26132	51
1.26133	51
1.26134	51
1.2635	51
1.2635	51
1.26351	51
1.26352	51
1.26739	51
1.26739	51
1.2674	51
1.28902	51
1.28902	51
1.28902	51
1.28902	51
1.28903	51
1.28903	51
1.29545	51
1.29546	51
1.31308	51
1.31308	51
1.31308	51
1.31309	51
1.3258	51
1.3258	51
1.32581	51
1.32581	51
1.32581	51
1.32583	51
1.32663	51
1.32663	51
1.32663	51
1.33793	51
1.33793	51
1.33795	51
1.33823	51
1.33824	51
1.33825	51
1.34292	51
1.34293	51
1.34293	51
1.34294	51
1.36055	51
1.36055	51
1.36055	51
1.36058	51
1.36978	51
1.36978	51
1.36979	51
1.3698	51
1.3698	51
1.40956	51
1.40956	51
1.40956	51
1.40956	51
1.40957	51
1.40957	51
1.40959	51
1.42422	51
1.42423	51
1.42423	51
1.42423	51
1.42423	51
1.42423	51
1.42423	51
1.42497	51
1.42497	51
1.42498	51
1.43404	51
1.43405	51
1.43406	51
1.43407	51
1.45292	51
1.45293	51
1.45293	51
1.45293	51
1.45293	51
1.45293	51
1.45294	51
1.45295	51
1.48708	51
1.48708	51
1.48708	51
1.48708	51
1.48709	51
1.48709	51
1.48713	51
1.48843	51
1.48848	51
1.49242	51
1.49242	51
1.49242	51
1.49244	51
1.50311	51
1.50311	51
1.50312	51
1.50312	51
1.50312	51
1.50444	51
1.50444	51
1.50446	51
1.51138	51
1.51145	51
1.51264	51
1.51264	51
1.51264	51
1.51264	51
1.51266	51
1.51758	51
1.5176	51
1.5176	51
1.52212	51
1.52212	51
1.52212	51
1.52213	51
1.52214	51
1.52225	51
1.52227	51
1.52228	51
1.53366	51
1.53371	51
1.53798	51
1.53799	51
1.538	51
1.538	51
1.538	51
1.53801	51
1.54123	51
1.54124	51
1.54125	51
1.54472	51
1.54475	51
1.54478	51
1.55233	51
1.55233	51
1.55236	51
1.55238	51
1.55833	51
1.55834	51
1.55835	51
1.55835	51
1.55835	51
1.55901	51
1.55904	51
1.5713	51
1.5713	51
1.5713	51
1.5713	51
1.57131	51
1.57133	51
1.57135	51
1.57653	51
1.57653	51
1.57654	51
1.57659	51
1.58075	51
1.58075	51
1.58077	51
1.58206	51
1.58207	51
1.5821	51
1.58274	51
1.58275	51
1.58276	51
1.58277	51
1.58962	51
1.58962	51
1.58963	51
1.58963	51
1.58967	51
1.60194	51
1.60197	51
1.60198	51
1.60486	51
1.60486	51
1.60489	51
1.61248	51
1.61248	51
1.61248	51
1.61252	51
1.62198	51
1.62198	51
1.62198	51
1.62198	51
1.62198	51
1.62199	51
1.62199	51
1.62199	51
1.63263	51
1.63264	51
1.63267	51
1.63727	51
1.63728	51
1.63728	51
1.63728	51
1.63733	51
1.64998	51
1.64998	51
1.64999	51
1.65	51
1.65084	51
1.65123	51
1.65123	51
1.65123	51
1.65657	51
1.65657	51
1.65657	51
1.65658	51
1.65658	51
1.6566	51
1.6745	51
1.6745	51
1.6745	51
1.67451	51
1.67453	51
1.68454	51
1.68455	51
1.68455	51
1.68455	51
1.68458	51
1.69327	51
1.69328	51
1.69329	51
1.69901	51
1.69901	51
1.70675	51
1.70691	51
1.71305	51
1.71305	51
1.71305	51
1.71306	51
1.71312	51
1.71398	51
1.72165	51
1.72165	51
1.72165	51
1.72222	51
1.72222	51
1.72223	51
1.72223	51
1.73317	51
1.73317	51
1.73317	51
1.73317	51
1.73317	51
1.73322	51
1.73547	51
1.74847	51
1.74847	51
1.74848	51
1.74848	51
1.74848	51
1.74848	51
1.7486	51
1.75074	51
1.75196	51
1.75198	51
1.784	51
1.784	51
1.784	51
1.784	51
1.784	51
1.784	51
1.78401	51
1.78401	51
1.78401	51
1.78405	51
1.79212	51
1.79212	51
1.79212	51
1.79216	51
1.79919	51
1.79919	51
1.7992	51
1.79922	51
1.81996	51
1.81996	51
1.81996	51
1.81996	51
1.81998	51
1.82025	51
1.82409	51
1.8241	51
1.8241	51
1.8241	51
1.82411	51
1.82412	51
1.82413	51
1.82413	51
1.82501	51
1.82519	51
1.8252	51
1.8252	51
1.8252	51
1.82935	51
1.82935	51
1.82936	51
1.84494	51
1.84494	51
1.84494	51
1.84494	51
1.84494	51
1.84495	51
1.84496	51
1.84501	51
1.84997	51
1.84999	51
1.85	51
1.86669	51
1.86669	51
1.86669	51
1.86669	51
1.86669	51
1.86669	51
1.86671	51
1.8725	51
1.8725	51
1.8725	51
1.87251	51
1.87251	51
1.87254	51
1.89605	51
1.89605	51
1.89605	51
1.89605	51
1.89605	51
1.89606	51
1.89606	51
1.89607	51
1.89745	51
1.90229	51
1.90229	51
1.90229	51
1.90236	51
1.90884	51
1.90884	51
1.90885	51
1.90887	51
1.92045	51
1.92045	51
1.92045	51
1.92049	51
1.97707	51
1.97707	51
1.97707	51
1.97707	51
1.97707	51
1.97707	51
1.97716	51
1.98164	51
1.98164	51
1.98165	51
1.99184	51
1.99184	51
1.99185	51
1.99186	51
2.00053	51
2.00053	51
2.00053	51
2.00053	51
2.00053	51
2.00054	51
2.00093	51
2.00095	51
2.00104	51
2.02065	51
2.02065	51
2.02065	51
2.02066	51
2.02066	51
2.02066	51
2.02067	51
2.02068	51
2.025	51
2.025	51
2.02501	51
2.02504	51
2.04133	51
2.04133	51
2.04133	51
2.04134	51
2.04134	51
2.04714	51
2.04714	51
2.04715	51
2.05866	51
2.05867	51
2.05867	51
2.05868	51
2.05987	51
2.05988	51
2.05993	51
2.06522	51
2.06522	51
2.06523	51
2.06527	51
2.06838	51
2.06838	51
2.0854	51
2.08541	51
2.08542	51
2.0855	51
2.09606	51
2.09606	51
2.09608	51
2.09613	51
2.09931	51
2.09931	51
2.09932	51
2.09932	51
2.09933	51
2.10155	51
2.10156	51
2.10156	51
2.12631	51
2.12631	51
2.12631	51
2.12631	51
2.12631	51
2.12632	51
2.12636	51
2.14164	51
2.14164	51
2.14169	51
2.15866	51
2.15866	51
2.15866	51
2.15866	51
2.15866	51
2.15866	51
2.15867	51
2.15868	51
2.16513	51
2.16514	51
2.16514	51
2.16533	51
2.16533	51
2.16533	51
2.16534	51
2.17585	51
2.17585	51
2.17586	51
2.17587	51
2.18031	51
2.18031	51
2.18033	51
2.18033	51
2.19539	51
2.19539	51
2.19539	51
2.19541	51
2.24214	51
2.24214	51
2.24214	51
2.24214	51
2.24214	51
2.24214	51
2.24214	51
2.2422	51
2.2468	51
2.25858	51
2.25859	51
2.2586	51
2.2586	51
2.25861	51
2.28111	51
2.28111	51
2.28112	51
2.28112	51
2.28113	51
2.28114	51
2.28122	51
2.3051	51
2.3051	51
2.3051	51
2.3051	51
2.3051	51
2.3051	51
2.3051	51
2.3051	51
2.30511	51
2.30849	51
2.30957	51
2.30958	51
2.30958	51
2.30961	51
2.31125	51
2.31128	51
2.3113	51
2.33437	51
2.33438	51
2.33438	51
2.33438	51
2.33438	51
2.33439	51
2.3344	51
2.3344	51
2.34987	51
2.34987	51
2.34987	51
2.34987	51
2.34987	51
2.34992	51
2.35863	51
2.36297	51
2.36297	51
2.36299	51
2.3632	51
2.37642	51
2.37643	51
2.37643	51
2.37649	51
2.38155	51
2.38155	51
2.38155	51
2.39223	51
2.39223	51
2.39223	51
2.39224	51
2.39225	51
2.39225	51
2.39264	51
2.40547	51
2.40547	51
2.40547	51
2.40548	51
2.40548	51
2.40553	51
2.41401	51
2.41401	51
2.41402	51
2.41402	51
2.41407	51
2.41795	51
2.41795	51
2.41796	51
2.41802	51
2.41982	51
2.42014	51
2.42016	51
2.4202	51
2.42021	51
2.43051	51
2.43051	51
2.43051	51
2.43051	51
2.43051	51
2.43258	51
2.43259	51
2.43259	51
2.43558	51
2.4356	51
2.43889	51
2.43891	51
2.43893	51
2.46295	51
2.46295	51
2.46295	51
2.46296	51
2.46296	51
2.46297	51
2.46299	51
2.46301	51
2.46496	51
2.46497	51
2.46499	51
2.47045	51
2.47898	51
2.47901	51
2.47903	51
2.49289	51
2.49289	51
2.49289	51
2.49289	51
2.49289	51
2.4929	51
2.49291	51
2.493	51
2.49684	51
2.49684	51
2.49684	51
2.49684	51
2.49685	51
2.49689	51
2.49833	51
2.50161	51
2.50163	51
2.50164	51
2.50167	51
2.50612	51
2.50612	51
2.50612	51
2.50615	51
2.50617	51
2.52392	51
2.52393	51
2.52393	51
2.52393	51
2.52393	51
2.52393	51
2.5278	51
2.52781	51
2.52781	51
2.5636	51
2.5636	51
2.5636	51
2.5636	51
2.56361	51
2.56361	51
2.56363	51
2.56369	51
2.56542	51
2.56542	51
2.56542	51
2.57058	51
2.5706	51
2.57061	51
2.58144	51
2.58144	51
2.58145	51
2.58146	51
2.58583	51
2.58584	51
2.58586	51
2.58859	51
2.5886	51
2.58912	51
2.58913	51
2.58913	51
2.58914	51
2.64544	51
2.64544	51
2.64544	51
2.64544	51
2.64544	51
2.64544	51
2.64544	51
2.64546	51
2.64653	51
2.65899	51
2.65902	51
2.65904	51
2.6895	51
2.6895	51
2.6895	51
2.6895	51
2.6895	51
2.68951	51
2.68951	51
2.68951	51
2.69303	51
2.69304	51
2.69304	51
2.71758	51
2.71758	51
2.71758	51
2.71759	51
2.7176	51
2.71763	51
2.71764	51
2.71774	51
2.71775	51
2.71776	51
2.71776	51
2.74907	51
2.74907	51
2.74907	51
2.74907	51
2.74908	51
2.7491	51
2.75095	51
2.75097	51
2.75103	51
2.75314	51
2.75315	51
2.75315	51
2.7532	51
2.77198	51
2.77199	51
2.772	51
2.772	51
2.77202	51
2.77839	51
2.77839	51
2.77839	51
2.77839	51
2.77842	51
2.78028	51
2.78029	51
2.78029	51
2.78079	51
2.7808	51
2.78089	51
2.79384	51
2.79385	51
2.79385	51
2.79397	51
2.79398	51
2.80206	51
2.80211	51
2.82777	51
2.82777	51
2.82777	51
2.82777	51
2.82777	51
2.82777	51
2.82783	51
2.82786	51
2.84649	51
2.84649	51
2.84649	51
2.84649	51
2.84649	51
2.84649	51
2.84654	51
2.84778	51
2.84778	51
2.84789	51
2.85454	51
2.85454	51
2.85455	51
2.85668	51
2.85669	51
2.85669	51
2.85689	51
2.87738	51
2.87739	51
2.87739	51
2.8774	51
2.87745	51
2.88943	51
2.88943	51
2.88943	51
2.88943	51
2.88943	51
2.88944	51
2.90902	51
2.90902	51
2.90902	51
2.90902	51
2.90902	51
2.90903	51
2.90914	51
2.91069	51
2.914	51
2.91401	51
2.91401	51
2.92634	51
2.92634	51
2.92634	51
2.92634	51
2.92634	51
2.92634	51
2.92635	51
2.92635	51
2.92635	51
2.92638	51
2.92845	51
2.92845	51
2.92845	51
2.92847	51
2.93481	51
2.93481	51
2.93482	51
2.93483	51
2.93483	51
2.93484	51
2.95667	51
2.95668	51
2.9567	51
2.9567	51
2.95673	51
2.95852	51
2.95853	51
2.95854	51
2.95856	51
2.96366	51
2.96366	51
2.96366	51
2.96368	51
2.96374	51
2.96503	51
2.96504	51
2.96507	51
2.96772	51
2.96774	51
2.97385	51
2.97387	51
2.97387	51
2.97821	51
2.9783	51
2.98328	51
2.98329	51
2.98329	51
2.9833	51
2.9833	51
2.9833	51
2.98332	51
2.98509	51
2.9851	51
2.98512	51
2.98794	51
2.99036	51
2.99036	51
2.99037	51
2.99037	51
2.99037	51
2.9916	51
2.99162	51
2.99163	51
2.99472	51
2.99472	51
2.99473	51
3.01006	51
3.01007	51
3.01007	51
3.01009	51
3.06587	51
3.06587	51
3.06587	51
3.06587	51
3.06588	51
3.06588	51
3.06588	51
3.06589	51
3.06594	51
3.08023	51
3.09	51
3.09721	51
3.09721	51
3.09722	51
3.0973	51
3.10835	51
3.10835	51
3.10836	51
3.10836	51
3.1099	51
3.1099	51
3.1099	51
3.1099	51
3.11337	51
3.11338	51
3.11338	51
3.11338	51
3.14794	51
3.14794	51
3.14794	51
3.14794	51
3.14794	51
3.14794	51
3.14794	51
3.14795	51
3.14795	51
3.14797	51
3.148	51
3.15043	51
3.1529	51
3.1529	51
3.16406	51
3.16406	51
3.16406	51
3.16408	51
3.16408	51
3.16463	51
3.16504	51
3.16623	51
3.16623	51
3.17081	51
3.17081	51
3.1839	51
3.1839	51
3.1839	51
3.1839	51
3.1839	51
3.18391	51
3.18391	51
3.18391	51
3.18392	51
3.25249	51
3.2525	51
3.2525	51
3.2525	51
3.2525	51
3.2525	51
3.2525	51
3.25253	51
3.25268	51
3.25826	51
3.25894	51
3.25894	51
3.25896	51
3.26315	51
3.26315	51
3.2632	51
3.27131	51
3.27132	51
3.2751	51
3.27511	51
3.27512	51
3.27648	51
3.27648	51
3.27648	51
3.27648	51
3.27649	51
3.28553	51
3.28553	51
3.28553	51
3.28554	51
3.28554	51
3.28554	51
3.28559	51
3.28862	51
3.28863	51
3.28865	51
3.30936	51
3.30936	51
3.30936	51
3.30936	51
3.30937	51
3.30949	51
3.31504	51
3.31505	51
3.32156	51
3.32158	51
3.32159	51
3.3217	51
3.32456	51
3.32456	51
3.3336	51
3.33361	51
3.33361	51
3.33362	51
3.33364	51
3.3343	51
3.33431	51
3.33432	51
3.34553	51
3.34554	51
3.34555	51
3.34556	51
3.36408	51
3.36408	51
3.36408	51
3.36409	51
3.36409	51
3.36409	51
3.36798	51
3.36798	51
3.36798	51
3.36798	51
3.37479	51
3.37479	51
3.37479	51
3.37479	51
3.37772	51
3.37772	51
3.37773	51
3.37773	51
3.37774	51
3.37774	51
3.37774	51
3.37775	51
3.38849	51
3.38849	51
3.3885	51
3.38851	51
3.40873	51
3.40873	51
3.40874	51
3.40874	51
3.40879	51
3.40988	51
3.40988	51
3.40989	51
3.40993	51
3.41152	51
3.41152	51
3.41157	51
3.42063	51
3.42064	51
3.42064	51
3.42064	51
3.42065	51
3.42124	51
3.43914	51
3.43914	51
3.43914	51
3.43914	51
3.43915	51
3.43915	51
3.43916	51
3.46102	51
3.46102	51
3.46103	51
3.46103	51
3.46103	51
3.46104	51
3.46948	51
3.47054	51
3.47055	51
3.47055	51
3.49253	51
3.49253	51
3.49253	51
3.49253	51
3.49255	51
3.49256	51
3.49258	51
3.50175	51
3.50175	51
3.50175	51
3.50176	51
3.50176	51
3.50705	51
3.50705	51
3.50706	51
3.50706	51
3.51082	51
3.51083	51
3.51085	51
3.51087	51
3.51098	51
3.51098	51
3.51099	51
3.52426	51
3.52426	51
3.52426	51
3.52429	51
3.53727	51
3.53727	51
3.53728	51
3.53728	51
3.53728	51
3.53735	51
3.55002	51
3.55002	51
3.55002	51
3.55003	51
3.55003	51
3.56351	51
3.56352	51
3.56352	51
3.56352	51
3.56353	51
3.57929	51
3.57929	51
3.57931	51
3.57934	51
3.58683	51
3.58684	51
3.58687	51
3.58708	51
3.58772	51
3.58773	51
3.58773	51
3.58785	51
3.59205	51
3.59205	51
3.59205	51
3.59209	51
3.59787	51
3.59788	51
3.5979	51
3.5979	51
3.6002	51
3.60021	51
3.60026	51
3.60041	51
3.6302	51
3.6302	51
3.6302	51
3.63021	51
3.63021	51
3.63026	51
3.63027	51
3.63154	51
3.63154	51
3.63155	51
3.64673	51
3.64674	51
3.64675	51
3.68706	51
3.68706	51
3.68706	51
3.68706	51
3.68706	51
3.68706	51
3.68707	51
3.68707	51
3.68707	51
3.69603	51
3.69604	51
3.69604	51
3.69609	51
3.69755	51
3.70572	51
3.70572	51
3.70572	51
3.70572	51
3.70573	51
3.70574	51
3.70599	51
3.70599	51
3.70599	51
3.72213	51
3.72213	51
3.72213	51
3.73149	51
3.73149	51
3.7315	51
3.73152	51
3.73153	51
3.73472	51
3.73472	51
3.73472	51
3.73473	51
3.73495	51
3.76756	51
3.76756	51
3.76756	51
3.76756	51
3.76756	51
3.76756	51
3.76758	51
3.76762	51
3.79058	51
3.79058	51
3.79058	51
3.79058	51
3.79058	51
3.79063	51
3.79138	51
3.81185	51
3.81185	51
3.81188	51
3.90732	51
3.90732	51
3.90732	51
3.90732	51
3.90732	51
3.90734	51
3.90734	51
3.90735	51
3.90735	51
3.90736	51
3.91713	51
3.91713	51
3.91718	51
3.92848	51
3.92848	51
3.92848	51
3.92848	51
3.92857	51
3.92865	51
3.93294	51
3.93295	51
3.93297	51
3.93302	51
3.94145	51
3.94145	51
3.94145	51
3.94147	51
3.94157	51
3.95462	51
3.95463	51
3.95464	51
3.95464	51
3.95488	51
3.95707	51
3.95707	51
3.95708	51
3.95709	51
3.9571	51
3.97165	51
3.97167	51
3.97168	51
3.98282	51
3.98283	51
3.98283	51
3.98285	51
3.9829	51
3.98337	51
3.98338	51
3.98338	51
3.98338	51
3.98772	51
3.98772	51
3.98778	51
3.98864	51
3.98864	51
3.98865	51
3.98866	51
3.99263	51
3.99263	51
4.0003	51
4.0003	51
4.00036	51
4.00044	51
4.00182	51
4.00182	51
4.00186	51
4.02782	51
4.02782	51
4.02783	51
4.02783	51
4.02783	51
4.02785	51
4.02787	51
4.02944	51
4.02945	51
4.02974	51
4.03613	51
4.06102	51
4.06102	51
4.06103	51
4.06103	51
4.06103	51
4.06105	51
4.06772	51
4.06772	51
4.06773	51
4.06774	51
4.06792	51
4.07046	51
4.07734	51
4.07735	51
4.07735	51
4.07735	51
4.07736	51
4.0779	51
4.09306	51
4.09306	51
4.09308	51
4.09309	51
4.09472	51
4.09472	51
4.09472	51
4.09473	51
4.09476	51
4.11887	51
4.11888	51
4.11888	51
4.11889	51
4.1189	51
4.12234	51
4.12235	51
4.12235	51
4.12237	51
4.1294	51
4.12943	51
4.12956	51
4.14362	51
4.14364	51
4.14389	51
4.15009	51
4.1501	51
4.15053	51
4.15283	51
4.15283	51
4.15375	51
4.15376	51
4.15376	51
4.15389	51
4.16044	51
4.16044	51
4.16045	51
4.16045	51
4.16045	51
4.16046	51
4.16052	51
4.16052	51
4.1613	51
4.16131	51
4.16152	51
4.16772	51
4.16772	51
4.16772	51
4.16772	51
4.16773	51
4.16773	51
4.16775	51
4.16775	51
4.18231	51
4.18232	51
4.18232	51
4.18232	51
4.18233	51
4.18234	51
4.18562	51
4.18566	51
4.18571	51
4.18841	51
4.18841	51
4.18846	51
4.20026	51
4.20026	51
4.20027	51
4.20027	51
4.20028	51
4.2003	51
4.20044	51
4.20343	51
4.20344	51
4.20348	51
4.22865	51
4.22865	51
4.22865	51
4.22867	51
4.2287	51
4.24119	51
4.2412	51
4.2412	51
4.2412	51
4.24125	51
4.25296	51
4.25296	51
4.25297	51
4.25297	51
4.25297	51
4.25299	51
4.253	51
4.25322	51
4.25344	51
4.26109	51
4.26956	51
4.26956	51
4.26957	51
4.26959	51
4.29139	51
4.29139	51
4.29139	51
4.29139	51
4.2914	51
4.2914	51
4.2914	51
4.2914	51
4.29142	51
4.29208	51
4.30233	51
4.30233	51
4.30233	51
4.30234	51
4.30235	51
4.31971	51
4.31971	51
4.31971	51
4.31971	51
4.31972	51
4.31975	51
4.31976	51
4.33631	51
4.33631	51
4.33631	51
4.33631	51
4.33633	51
4.33634	51
4.3456	51
4.34561	51
4.34562	51
4.34562	51
4.35198	51
4.35199	51
4.352	51
4.35202	51
4.35204	51
4.36379	51
4.3638	51
4.3638	51
4.36381	51
4.36389	51
4.37797	51
4.37797	51
4.37798	51
4.37801	51
4.37802	51
4.40296	51
4.40296	51
4.40296	51
4.40296	51
4.40298	51
4.40299	51
4.40421	51
4.40422	51
4.40422	51
4.40427	51
4.40433	51
4.41046	51
4.41046	51
4.41046	51
4.41049	51
4.42185	51
4.42841	51
4.42841	51
4.42842	51
4.42844	51
4.4442	51
4.4442	51
4.4442	51
4.4442	51
4.4442	51
4.44421	51
4.44422	51
4.44429	51
4.44515	51
4.44516	51
4.44527	51
4.45191	51
4.45191	51
4.45192	51
4.45194	51
4.45196	51
4.45405	51
4.45407	51
4.45419	51
4.45496	51
4.45496	51
4.45509	51
4.45844	51
4.45845	51
4.45848	51
4.45876	51
4.45876	51
4.45879	51
4.4711	51
4.4711	51
4.47114	51
4.47371	51
4.47375	51
4.47817	51
4.4782	51
4.47823	51
4.49852	51
4.49852	51
4.49853	51
4.49853	51
4.49854	51
4.49854	51
4.49857	51
4.51678	51
4.5168	51
4.51682	51
4.52019	51
4.5202	51
4.52021	51
4.52025	51
4.55952	51
4.55952	51
4.55953	51
4.55953	51
4.55953	51
4.55953	51
4.55954	51
4.55954	51
4.5596	51
4.56595	51
4.56596	51
4.56598	51
4.56598	51
4.56895	51
4.56895	51
4.56895	51
4.57255	51
4.57257	51
4.57257	51
4.58584	51
4.58584	51
4.58584	51
4.58585	51
4.58601	51
4.6014	51
4.60141	51
4.60141	51
4.60152	51
4.60198	51
4.60198	51
4.60202	51
4.60207	51
4.60573	51
4.60573	51
4.60573	51
4.60573	51
4.60573	51
4.60577	51
4.64753	51
4.64753	51
4.64753	51
4.64753	51
4.64754	51
4.64756	51
4.64756	51
4.64756	51
4.64763	51
4.66021	51
4.66021	51
4.66022	51
4.66022	51
4.66022	51
4.67298	51
4.67299	51
4.673	51
4.673	51
4.67305	51
4.68577	51
4.68578	51
4.68579	51
4.68581	51
4.68584	51
4.69622	51
4.69623	51
4.69623	51
4.69623	51
4.69628	51
4.70409	51
4.70409	51
4.70409	51
4.709	51
4.709	51
4.70902	51
4.70914	51
4.71212	51
4.71728	51
4.71936	51
4.71948	51
4.72945	51
4.72945	51
4.72945	51
4.72946	51
4.72948	51
4.75005	51
4.75006	51
4.75006	51
4.75006	51
4.75006	51
4.75008	51
4.75013	51
4.7508	51
4.75666	51
4.75666	51
4.75667	51
4.75668	51
4.7576	51
4.7593	51
4.75985	51
4.76275	51
4.76275	51
4.76276	51
4.76276	51
4.76933	51
4.76934	51
4.76935	51
4.76955	51
4.77234	51
4.77235	51
4.77244	51
4.82697	51
4.82697	51
4.82697	51
4.82698	51
4.82698	51
4.82699	51
4.82894	51
4.83387	51
4.83389	51
4.83452	51
4.85702	51
4.85702	51
4.85702	51
4.85702	51
4.85703	51
4.85703	51
4.85704	51
4.85705	51
4.85708	51
4.85774	51
4.89563	51
4.89563	51
4.89564	51
4.89564	51
4.89564	51
4.89565	51
4.89565	51
4.89874	51
4.89875	51
4.89875	51
4.89875	51
4.89878	51
4.91068	51
4.91069	51
4.91071	51
4.9108	51
4.91619	51
4.91619	51
4.91619	51
4.91891	51
4.91891	51
4.91891	51
4.91891	51
4.91892	51
4.91893	51
4.91902	51
4.92304	51
4.92307	51
4.92387	51
4.92397	51
4.92397	51
4.92397	51
4.92399	51
4.92791	51
4.92791	51
4.92804	51
4.9291	51
4.9291	51
4.92913	51
4.92918	51
4.93458	51
4.93459	51
4.93487	51
4.93857	51
4.93857	51
4.93858	51
4.9386	51
4.94998	51
4.94998	51
4.94998	51
4.94999	51
4.94999	51
4.97796	51
4.97796	51
4.97797	51
4.97797	51
4.97799	51
4.97806	51
4.98693	51
4.98693	51
4.98693	51
4.99071	51
4.99109	51
5.00527	51
5.00527	51
5.00527	51
5.00527	51
5.00528	51
5.00528	51
5.0053	51
5.00676	51
5.00677	51
5.00679	51
5.07746	51
5.07746	51
5.07746	51
5.07746	51
5.07747	51
5.07747	51
5.0775	51
5.07754	51
5.07948	51
5.0795	51
5.0795	51
5.09933	51
5.09934	51
5.09934	51
5.09935	51
5.09935	51
5.09957	51
5.10764	51
5.10764	51
5.10814	51
5.11397	51
5.11397	51
5.11397	51
5.11399	51
5.11404	51
5.12094	51
5.12095	51
5.12095	51
5.12103	51
5.12824	51
5.12824	51
5.12824	51
5.12825	51
5.1284	51
5.12949	51
5.12951	51
5.12954	51
5.13738	51
5.13738	51
5.13738	51
5.13741	51
5.13746	51
5.13915	51
5.13915	51
5.13925	51
5.14291	51
5.14293	51
5.14293	51
5.143	51
5.14695	51
5.14695	51
5.14695	51
5.147	51
5.14701	51
5.15768	51
5.15768	51
5.15769	51
5.18122	51
5.18122	51
5.18123	51
5.18123	51
5.18124	51
5.18124	51
5.18129	51
5.19833	51
5.19834	51
5.19834	51
5.19835	51
5.19835	51
5.26731	51
5.26731	51
5.26732	51
5.26732	51
5.26732	51
5.26733	51
5.26736	51
5.28363	51
5.28363	51
5.28363	51
5.28365	51
5.28384	51
5.31731	51
5.31732	51
5.31732	51
5.31732	51
5.31732	51
5.31733	51
5.31735	51
5.31737	51
5.31749	51
5.31938	51
5.31939	51
5.31939	51
5.31941	51
5.3266	51
5.32661	51
5.32661	51
5.32661	51
5.3399	51
5.3399	51
5.35376	51
5.35376	51
5.35376	51
5.35377	51
5.35377	51
5.37938	51
5.37939	51
5.37939	51
5.3794	51
5.3794	51
5.37941	51
5.37943	51
5.37946	51
5.38333	51
5.38333	51
5.38335	51
5.38695	51
5.38695	51
5.387	51
5.39866	51
5.39866	51
5.39879	51
5.40942	51
5.40943	51
5.40943	51
5.40943	51
5.40951	51
5.41237	51
5.41237	51
5.41251	51
5.45083	51
5.45083	51
5.45083	51
5.45083	51
5.45083	51
5.45087	51
5.45097	51
5.46126	51
5.46129	51
5.46131	51
5.47249	51
5.47251	51
5.47885	51
5.47885	51
5.47886	51
5.47888	51
5.47916	51
5.47935	51
5.5063	51
5.5063	51
5.5063	51
5.50631	51
5.50631	51
5.50631	51
5.50632	51
5.50632	51
5.50648	51
5.51725	51
5.51726	51
5.51726	51
5.5173	51
5.52925	51
5.52925	51
5.52927	51
5.53393	51
5.54216	51
5.55613	51
5.55614	51
5.55614	51
5.55614	51
5.55614	51
5.55615	51
5.55616	51
5.55616	51
5.55618	51
5.55619	51
5.55889	51
5.55889	51
5.55899	51
5.57628	51
5.57629	51
5.5763	51
5.57669	51
5.5767	51
5.5802	51
5.58021	51
5.58055	51
5.58476	51
5.58476	51
5.5848	51
5.58481	51
5.63489	51
5.63489	51
5.6349	51
5.63491	51
5.63491	51
5.63494	51
5.64183	51
5.64184	51
5.64189	51
5.66223	51
5.66223	51
5.66223	51
5.66224	51
5.66225	51
5.66226	51
5.66236	51
5.67034	51
5.67034	51
5.67035	51
5.67037	51
5.6704	51
5.68152	51
5.68152	51
5.68156	51
5.68156	51
5.68157	51
5.68205	51
5.68206	51
5.68208	51
5.68394	51
5.68394	51
5.68395	51
5.68396	51
5.70392	51
5.70392	51
5.70394	51
5.70394	51
5.70397	51
5.70481	51
5.70482	51
5.70482	51
5.70484	51
5.70485	51
5.70487	51
5.70494	51
5.71326	51
5.71327	51
5.7133	51
5.71631	51
5.71633	51
5.71643	51
5.71916	51
5.71917	51
5.71917	51
5.7192	51
5.72174	51
5.72177	51
5.72178	51
5.72988	51
5.72988	51
5.72989	51
5.72989	51
5.72989	51
5.72993	51
5.73488	51
5.73488	51
5.73488	51
5.735	51
5.74253	51
5.74253	51
5.74254	51
5.74254	51
5.74254	51
5.74283	51
5.75188	51
5.75188	51
5.78538	51
5.78538	51
5.78538	51
5.78538	51
5.78538	51
5.78538	51
5.7854	51
5.7854	51
5.78541	51
5.78963	51
5.78966	51
5.78966	51
5.7899	51
5.8307	51
5.8307	51
5.8307	51
5.83071	51
5.83071	51
5.83072	51
5.83074	51
5.8357	51
5.83571	51
5.8358	51
5.86024	51
5.86024	51
5.86026	51
5.86028	51
5.86029	51
5.86034	51
5.86421	51
5.86422	51
5.86423	51
5.87788	51
5.87788	51
5.87788	51
5.87788	51
5.8779	51
5.8779	51
5.87793	51
5.8823	51
5.88231	51
5.88233	51
5.88235	51
5.88802	51
5.88802	51
5.88812	51
5.89317	51
5.89318	51
5.89326	51
5.89629	51
5.89629	51
5.89631	51
5.89817	51
5.89817	51
5.89817	51
5.8983	51
5.91019	51
5.91019	51
5.91021	51
5.91027	51
5.92275	51
5.92276	51
5.92276	51
5.92276	51
5.92277	51
5.92281	51
5.92289	51
5.9436	51
5.94361	51
5.94362	51
5.94362	51
5.9437	51
5.94372	51
5.98532	51
5.98532	51
5.98532	51
5.98532	51
5.98532	51
5.98537	51
5.98538	51
5.98545	51
5.98972	51
5.98975	51
5.98992	51
6.00846	51
6.00846	51
6.00846	51
6.00846	51
6.00846	51
6.00847	51
6.00848	51
6.00858	51
6.0355	51
6.0355	51
6.0355	51
6.03551	51
6.03552	51
6.03553	51
6.03562	51
6.04044	51
6.04044	51
6.04044	51
6.04059	51
6.05366	51
6.05366	51
6.05367	51
6.05367	51
6.05368	51
6.06059	51
6.0606	51
6.06061	51
6.06061	51
6.07054	51
6.07055	51
6.07055	51
6.07057	51
6.0706	51
6.07061	51
6.07961	51
6.07963	51
6.07967	51
6.0808	51
6.08081	51
6.08082	51
6.08096	51
6.08431	51
6.08432	51
6.08433	51
6.08449	51
6.10035	51
6.10035	51
6.10035	51
6.10036	51
6.10036	51
6.1004	51
6.10042	51
6.10045	51
6.1039	51
6.1039	51
6.10399	51
6.11504	51
6.11505	51
6.11849	51
6.1185	51
6.12608	51
6.12608	51
6.12608	51
6.12609	51
6.12612	51
6.14561	51
6.14562	51
6.14562	51
6.14562	51
6.14563	51
6.14563	51
6.1458	51
6.15871	51
6.15871	51
6.15872	51
6.15877	51
6.1866	51
6.1866	51
6.1866	51
6.1866	51
6.18661	51
6.18662	51
6.18663	51
6.18669	51
6.20675	51
6.20675	51
6.20676	51
6.20676	51
6.20677	51
6.20681	51
6.20701	51
6.21064	51
6.21064	51
6.21065	51
6.21082	51
6.2237	51
6.22375	51
6.22434	51
6.22881	51
6.22882	51
6.22883	51
6.22923	51
6.25221	51
6.25221	51
6.25221	51
6.25221	51
6.25222	51
6.25223	51
6.2523	51
6.25273	51
6.25273	51
6.25304	51
6.25593	51
6.25593	51
6.25594	51
6.25595	51
6.27488	51
6.27489	51
6.27489	51
6.2749	51
6.2749	51
6.27503	51
6.2798	51
6.27981	51
6.27982	51
6.27997	51
6.29383	51
6.29383	51
6.29384	51
6.29385	51
6.29386	51
6.2939	51
6.31701	51
6.31701	51
6.31702	51
6.31705	51
6.31706	51
6.3171	51
6.31841	51
6.31841	51
6.31846	51
6.32731	51
6.32731	51
6.32732	51
6.32754	51
6.33229	51
6.33229	51
6.33237	51
6.33371	51
6.33373	51
6.33389	51
6.34003	51
6.34004	51
6.34004	51
6.3401	51
6.34017	51
6.34359	51
6.34463	51
6.34467	51
6.34474	51
6.36475	51
6.36475	51
6.36475	51
6.36476	51
6.36476	51
6.36476	51
6.36476	51
6.36476	51
6.36483	51
6.36488	51
6.37025	51
6.37025	51
6.37025	51
6.37032	51
6.3746	51
6.3746	51
6.37494	51
6.37638	51
6.37638	51
6.37642	51
6.37643	51
6.37644	51
6.37647	51
6.37659	51
6.3818	51
6.38182	51
6.38184	51
6.38193	51
6.39378	51
6.39378	51
6.39378	51
6.39378	51
6.39379	51
6.39382	51
6.39596	51
6.39597	51
6.39597	51
6.39606	51
6.40727	51
6.40727	51
6.4073	51
6.40731	51
6.40735	51
6.40754	51
6.40754	51
6.40755	51
6.4077	51
6.42333	51
6.42334	51
6.42335	51
6.42335	51
6.42339	51
6.42344	51
6.44554	51
6.44556	51
6.44556	51
6.44557	51
6.44559	51
6.44562	51
6.44626	51
6.44626	51
6.44628	51
6.44643	51
6.45375	51
6.45376	51
6.45376	51
6.45376	51
6.45383	51
6.45399	51
6.45676	51
6.46954	51
6.46954	51
6.46955	51
6.46957	51
6.46958	51
6.4696	51
6.46976	51
6.47314	51
6.47315	51
6.47318	51
6.47348	51
6.50021	51
6.50022	51
6.50022	51
6.50023	51
6.50027	51
6.50047	51
6.50056	51
6.51894	51
6.51894	51
6.51895	51
6.51896	51
6.51897	51
6.51897	51
6.54052	51
6.54052	51
6.54052	51
6.54053	51
6.54053	51
6.54055	51
6.54066	51
6.54066	51
6.54066	51
6.54067	51
6.54109	51
6.61624	51
6.61624	51
6.61625	51
6.61625	51
6.61628	51
6.6163	51
6.61659	51
6.61933	51
6.61933	51
6.61957	51
6.62433	51
6.62436	51
6.64883	51
6.64883	51
6.64884	51
6.64885	51
6.64886	51
6.64886	51
6.64889	51
6.64891	51
6.67418	51
6.67418	51
6.6742	51
6.67423	51
6.67424	51
6.69934	51
6.69935	51
6.69935	51
6.69935	51
6.69936	51
6.69936	51
6.69936	51
6.71246	51
6.71246	51
6.71247	51
6.71247	51
6.71249	51
6.71261	51
6.7211	51
6.72112	51
6.72134	51
6.72353	51
6.72355	51
6.72358	51
6.75028	51
6.75028	51
6.75029	51
6.75031	51
6.75032	51
6.75036	51
6.75044	51
6.75296	51
6.75296	51
6.75313	51
6.75941	51
6.75941	51
6.75942	51
6.7595	51
6.76359	51
6.7636	51
6.76362	51
6.76366	51
6.77685	51
6.77686	51
6.77687	51
6.77689	51
6.77704	51
6.81827	51
6.81828	51
6.81828	51
6.8183	51
6.81831	51
6.81831	51
6.81831	51
6.81834	51
6.81837	51
6.81877	51
6.81877	51
6.81878	51
6.81881	51
6.8354	51
6.83542	51
6.83543	51
6.83543	51
6.83543	51
6.83551	51
6.85006	51
6.85006	51
6.85042	51
6.85244	51
6.85244	51
6.85245	51
6.85245	51
6.85248	51
6.85753	51
6.85753	51
6.85754	51
6.85755	51
6.8576	51
6.94355	51
6.94356	51
6.94356	51
6.94356	51
6.94359	51
6.94364	51
6.94367	51
6.94375	51
6.94506	51
6.94507	51
6.94507	51
6.95493	51
6.95494	51
6.95497	51
6.95498	51
6.95541	51
6.97366	51
6.97366	51
6.97367	51
6.97367	51
6.9737	51
6.97372	51
6.97376	51
6.97384	51
6.97526	51
6.97526	51
6.97529	51
7.00987	51
7.00988	51
7.00993	51
7.01	51
7.01023	51
7.01079	51
7.06736	51
7.06736	51
7.06737	51
7.06738	51
7.06738	51
7.06741	51
7.06742	51
7.06765	51
7.07176	51
7.07176	51
7.0718	51
7.07191	51
7.07327	51
7.07327	51
7.07328	51
7.07347	51
7.07455	51
7.07455	51
7.07489	51
7.07489	51
7.0749	51
7.07533	51
7.07929	51
7.09136	51
7.09137	51
7.09137	51
7.09138	51
7.0914	51
7.09141	51
7.09144	51
7.0917	51
7.09176	51
7.11088	51
7.11088	51
7.11091	51
7.11092	51
7.11096	51
7.11155	51
7.17816	51
7.17817	51
7.17819	51
7.17819	51
7.1782	51
7.17821	51
7.17838	51
7.17842	51
7.17867	51
7.19968	51
7.19969	51
7.19969	51
7.19969	51
7.1997	51
7.19972	51
7.19975	51
7.2086	51
7.20865	51
7.20879	51
7.20898	51
7.22277	51
7.22277	51
7.22278	51
7.22279	51
7.2229	51
7.25349	51
7.25349	51
7.2535	51
7.2535	51
7.25352	51
7.25354	51
7.25355	51
7.25356	51
7.27554	51
7.27556	51
7.27561	51
7.27567	51
7.28021	51
7.28021	51
7.28025	51
7.28037	51
7.28444	51
7.28444	51
7.28444	51
7.28445	51
7.28447	51
7.28474	51
7.29122	51
7.29122	51
7.29176	51
7.3706	51
7.37061	51
7.37063	51
7.37063	51
7.37065	51
7.37067	51
7.37068	51
7.3707	51
7.37114	51
7.37596	51
7.38765	51
7.38765	51
7.38766	51
7.38768	51
7.38862	51
7.42038	51
7.42039	51
7.42039	51
7.42039	51
7.4204	51
7.42041	51
7.42046	51
7.42054	51
7.42064	51
7.43824	51
7.43825	51
7.43825	51
7.43826	51
7.43827	51
7.43832	51
7.43838	51
7.43845	51
7.45937	51
7.4594	51
7.45941	51
7.45941	51
7.45965	51
7.46615	51
7.46616	51
7.46617	51
7.46623	51
7.475	51
7.475	51
7.47505	51
7.47506	51
7.48149	51
7.48149	51
7.48164	51
7.52176	51
7.52178	51
7.52182	51
7.52183	51
7.52187	51
7.52196	51
7.52197	51
7.53991	51
7.53991	51
7.53991	51
7.53991	51
7.53991	51
7.54	51
7.54026	51
7.59378	51
7.59378	51
7.59378	51
7.59378	51
7.59378	51
7.59378	51
7.59379	51
7.59379	51
7.59381	51
7.59884	51
7.61568	51
7.6159	51
7.63134	51
7.63134	51
7.63135	51
7.63136	51
7.6314	51
7.63152	51
7.63153	51
7.63192	51
7.69444	51
7.69445	51
7.69449	51
7.69449	51
7.69451	51
7.69454	51
7.69459	51
7.69532	51
7.7187	51
7.7187	51
7.71871	51
7.71871	51
7.71894	51
7.71895	51
7.73043	51
7.73043	51
7.73044	51
7.73045	51
7.73045	51
7.73053	51
7.73682	51
7.73684	51
7.73685	51
7.73698	51
7.74509	51
7.7451	51
7.74513	51
7.74518	51
7.74551	51
7.74948	51
7.74949	51
7.74949	51
7.74952	51
7.74981	51
7.78041	51
7.78041	51
7.78042	51
7.78044	51
7.78046	51
7.78047	51
7.7805	51
7.78063	51
7.98223	51
7.98227	51
7.98228	51
7.9823	51
7.98232	51
7.98234	51
7.98241	51
7.99256	51
7.99257	51
7.99272	51
7.99301	51
7.99306	51
8.06757	51
8.06758	51
8.06758	51
8.06758	51
8.0676	51
8.0677	51
8.06791	51
8.06795	51
8.0896	51
8.0896	51
8.0896	51
8.0896	51
8.08962	51
8.09024	51
8.09057	51
8.28236	51
8.28238	51
8.28241	51
8.28243	51
8.28248	51
8.28279	51
8.28301	51
8.40913	51
8.40914	51
8.40914	51
8.40914	51
8.40915	51
8.40918	51
8.40922	51
8.40984	51
8.41021	51
8.45986	51
8.45987	51
8.45987	51
8.45987	51
8.45987	51
8.45988	51
8.45998	51
8.46004	51
8.46008	51
8.63003	51
8.63004	51
8.63005	51
8.63005	51
8.63005	51
8.63007	51
8.63045	51
8.63051	51
9.66221	51
9.66222	51
9.66222	51
9.66231	51
9.66231	51
9.6624	51
9.66351	51
9.66354	51
9.66455	51
10.3545	51
10.3546	51
10.3546	51
10.3546	51
10.3547	51
10.3548	51
10.3566	51
10.7287	51
10.7287	51
10.7288	51
10.7288	51
10.7288	51
10.7289	51
10.7289	51
10.7291	51
10.7299	51
11.8882	51
11.8882	51
11.8882	51
11.8882	51
11.8883	51
11.8883	51
11.8886	51
12.0038	51
12.0038	51
12.0039	51
12.0039	51
12.0039	51
12.004	51
12.004	51
12.0044	51
12.0654	51
12.0654	51
12.0654	51
12.0655	51
12.0655	51
12.0655	51
12.0655	51
12.0655	51
12.0656	51
12.0658	51
12.4246	51
12.4246	51
12.4247	51
12.4247	51
12.4247	51
12.4248	51
12.4254	51
14.4788	51
14.4788	51
14.4789	51
14.4789	51
14.4789	51
14.4789	51
14.4791	51
14.4791	51
14.4793	51
14.6456	51
14.6457	51
14.6457	51
14.6457	51
14.6459	51
14.646	51
14.6463	51
14.6467	51
15.1129	51
15.1129	51
15.113	51
15.113	51
15.113	51
15.1133	51
15.1133	51
15.114	51
15.2236	51
15.2237	51
15.2237	51
15.2237	51
15.2237	51
15.2237	51
15.2237	51
15.2237	51
15.2245	51
15.453	51
15.453	51
15.4531	51
15.4531	51
15.4531	51
15.4531	51
15.4536	51
15.7869	51
15.7869	51
15.787	51
15.787	51
15.787	51
15.7871	51
16.578	51
16.578	51
16.578	51
16.578	51
16.5781	51
16.5782	51
16.5782	51
16.5783	51
16.5793	51
16.5799	51
16.5903	51
16.592	51
16.5924	51
17.5998	51
17.5998	51
17.5998	51
17.5998	51
17.5998	51
17.6	51
17.6001	51
17.6004	51
18.2211	51
18.2211	51
18.2211	51
18.2211	51
18.2211	51
18.2212	51
18.2226	51
18.2234	51
18.4467	51
18.4467	51
18.4467	51
18.4467	51
18.4468	51
18.4468	51
18.4469	51
18.4481	51
19.6981	51
19.6981	51
19.6981	51
19.6981	51
19.6982	51
19.6982	51
19.6984	51
19.9466	51
19.9466	51
19.9466	51
19.9467	51
19.9467	51
19.9468	51
19.9468	51
19.9471	51
19.9476	51
21.1026	51
21.1026	51
21.1026	51
21.1026	51
21.1027	51
21.1027	51
21.1028	51
21.1033	51
21.3251	51
21.3252	51
21.3252	51
21.3252	51
21.3252	51
21.3253	51
21.3253	51
21.3256	51
21.326	51
21.3417	51
21.3426	51
21.5102	51
21.5102	51
21.5102	51
21.5102	51
21.5103	51
21.5104	51
21.5104	51
21.5104	51
21.5107	51
21.5111	51
21.5133	51
21.5136	51
22.0709	51
22.0709	51
22.0709	51
22.0709	51
22.071	51
22.071	51
22.0711	51
22.0716	51
22.0716	51
22.7624	51
22.7624	51
22.7624	51
22.7625	51
22.7625	51
22.7626	51
22.7627	51
22.7636	51
22.7643	51
22.8261	51
22.8262	51
22.8262	51
22.8262	51
22.8262	51
22.8262	51
22.827	51
23.4035	51
23.4035	51
23.4035	51
23.4036	51
23.4036	51
23.4039	51
23.7898	51
23.7898	51
23.7898	51
23.7899	51
23.7902	51
23.7902	51
23.7903	51
23.9779	51
23.9779	51
23.9779	51
23.978	51
23.9781	51
23.9781	51
23.9781	51
23.9782	51
23.9786	51
23.9796	51
24.1355	51
24.1356	51
24.1356	51
24.1357	51
24.1358	51
24.1359	51
24.1387	51
24.1388	51
24.9726	51
24.9726	51
24.9726	51
24.9726	51
24.9726	51
24.9726	51
24.9726	51
24.9732	51
26.9288	51
26.9288	51
26.9288	51
26.9289	51
26.9289	51
26.9289	51
26.9291	51
26.9291	51
26.9305	51
26.9382	51
26.9395	51
26.9399	51
29.3712	51
29.3712	51
29.3712	51
29.3713	51
29.3714	51
29.3714	51
29.3719	51
29.3724	51
29.3725	51
29.8177	51
29.8177	51
29.8178	51
29.8178	51
29.8178	51
29.8179	51
29.8208	51
29.9613	51
29.9614	51
29.9614	51
29.9615	51
29.9615	51
29.9618	51
29.9619	51
29.9621	51
29.9621	51
30.8261	51
30.8262	51
30.8262	51
30.8262	51
30.8262	51
30.8262	51
30.8274	51
31.8877	51
31.8877	51
31.8878	51
31.8878	51
31.8878	51
31.888	51
31.8881	51
31.8894	51
32.0773	51
32.0773	51
32.0773	51
32.0774	51
32.0776	51
32.0777	51
32.0793	51
32.0808	51
32.435	51
32.435	51
32.435	51
32.4351	51
32.4351	51
32.4352	51
32.4352	51
32.4353	51
32.436	51
32.5911	51
32.5912	51
32.5912	51
32.5913	51
32.5915	51
32.5916	51
32.5917	51
32.5919	51
32.641	51
32.641	51
32.641	51
32.6411	51
32.6413	51
32.6413	51
32.6413	51
32.6423	51
32.6794	51
32.6794	51
32.6795	51
32.6795	51
32.6796	51
32.6796	51
32.68	51
32.9538	51
32.9539	51
32.9539	51
32.954	51
32.954	51
32.9541	51
32.9551	51
33.2405	51
33.2406	51
33.2406	51
33.2407	51
33.2407	51
33.2408	51
33.2411	51
33.2412	51
33.2415	51
33.8942	51
33.8942	51
33.8942	51
33.8942	51
33.8942	51
33.8943	51
33.8943	51
33.8948	51
34.0568	51
34.0569	51
34.0569	51
34.057	51
34.057	51
34.0571	51
34.0584	51
34.6899	51
34.6899	51
34.6899	51
34.6899	51
34.69	51
34.6902	51
34.9067	51
34.9067	51
34.9067	51
34.9067	51
34.9067	51
34.9067	51
34.9068	51
35.4696	51
35.4696	51
35.4697	51
35.4697	51
35.4698	51
35.4698	51
35.4699	51
35.4704	51
35.4708	51
35.4708	51
35.8567	51
35.8567	51
35.8567	51
35.8567	51
35.8567	51
35.8568	51
35.8569	51
35.857	51
36.7689	51
36.769	51
36.769	51
36.769	51
36.769	51
36.7691	51
36.7699	51
36.7723	51
36.7724	51
36.7727	51
37.0299	51
37.0299	51
37.0299	51
37.03	51
37.03	51
37.0301	51
37.0302	51
37.0312	51
37.9229	51
37.9229	51
37.9229	51
37.9229	51
37.9229	51
37.923	51
37.9233	51
37.9405	51
37.9407	51
37.9416	51
37.9433	51
38.0088	51
38.0088	51
38.0088	51
38.0089	51
38.0089	51
38.0091	51
38.0091	51
38.0097	51
38.0122	51
38.6949	51
38.6949	51
38.695	51
38.695	51
38.695	51
38.6952	51
38.6955	51
38.6971	51
41.69	51
41.69	51
41.69	51
41.69	51
41.69	51
41.69	51
41.6902	51
44.206	51
44.206	51
44.2061	51
44.2061	51
44.2061	51
44.2061	51
44.9243	51
44.9243	51
44.9243	51
44.9244	51
44.9245	51
44.9245	51
44.9251	51
44.9262	51
44.9264	51
46.0855	51
46.0855	51
46.0855	51
46.0856	51
46.0859	51
46.086	51
46.0872	51
46.0891	51
47.1359	51
47.1359	51
47.1359	51
47.1359	51
47.1359	51
47.136	51
47.1364	51
47.1365	51
47.1365	51
48.1838	51
48.1839	51
48.1839	51
48.184	51
48.1841	51
48.1841	51
48.1842	51
48.1848	51
51.4616	51
51.4616	51
51.4616	51
51.4617	51
51.4617	51
51.4618	51
51.4619	51
51.462	51
51.4625	51
52.5459	51
52.5459	51
52.5459	51
52.546	51
52.546	51
52.5461	51
52.5465	51
52.5467	51
54.0551	51
54.0551	51
54.0551	51
54.0551	51
54.0552	51
54.0552	51
54.4349	51
54.4349	51
54.435	51
54.435	51
54.435	51
54.435	51
54.4352	51
54.4353	51
54.436	51
54.4366	51
54.5259	51
54.5259	51
54.5259	51
54.5259	51
54.5259	51
54.5259	51
54.5262	51
54.5267	51
54.9689	51
54.9689	51
54.969	51
54.969	51
54.9691	51
54.9691	51
54.9694	51
54.9704	51
54.9705	51
55.2347	51
55.2348	51
55.2348	51
55.2349	51
55.235	51
55.235	51
55.2353	51
55.2357	51
55.6949	51
55.6949	51
55.6949	51
55.695	51
55.6951	51
55.6952	51
55.6952	51
55.6976	51
55.8098	51
55.8098	51
55.8098	51
55.8098	51
55.8099	51
55.8099	51
55.8102	51
55.8102	51
55.8107	51
55.811	51
55.8619	51
55.8619	51
55.8619	51
55.8619	51
55.8619	51
55.862	51
55.862	51
55.8622	51
56.7974	51
56.7975	51
56.7975	51
56.7975	51
56.7976	51
56.7977	51
56.7981	51
56.7981	51
56.9552	51
56.9552	51
56.9552	51
56.9553	51
56.9553	51
56.9555	51
56.9568	51
57.0821	51
57.0821	51
57.0822	51
57.0822	51
57.0822	51
57.0823	51
57.0959	51
57.0961	51
57.0967	51
57.3773	51
57.3773	51
57.3774	51
57.3774	51
57.3775	51
57.3776	51
58.0396	51
58.0396	51
58.0396	51
58.0397	51
58.0397	51
58.0398	51
58.0398	51
58.0398	51
58.0408	51
58.0416	51
58.0435	51
58.044	51
58.2552	51
58.2552	51
58.2552	51
58.2555	51
58.2555	51
58.2557	51
58.2583	51
58.2601	51
58.6056	51
58.6057	51
58.6057	51
58.6057	51
58.6057	51
58.6057	51
58.606	51
58.606	51
58.6524	51
58.6524	51
58.6526	51
58.6527	51
58.6528	51
58.6528	51
58.654	51
59.6062	51
59.6062	51
59.6062	51
59.6062	51
59.6063	51
59.6064	51
59.6064	51
59.6065	51
59.6125	51
60.9526	51
60.9526	51
60.9527	51
60.9527	51
60.9528	51
60.9529	51
60.9536	51
60.9536	51
60.9547	51
61.7473	51
61.7473	51
61.7473	51
61.7474	51
61.7474	51
61.7475	51
61.7478	51
62.1202	51
62.1202	51
62.1203	51
62.1203	51
62.1203	51
62.1204	51
62.1205	51
62.2235	51
62.2235	51
62.2235	51
62.2235	51
62.2235	51
62.2237	51
62.2237	51
62.2247	51
62.2251	51
62.2253	51
62.6158	51
62.6158	51
62.6159	51
62.6159	51
62.616	51
62.6161	51
62.6164	51
62.8643	51
62.8644	51
62.8644	51
62.8644	51
62.8644	51
62.8646	51
62.8647	51
62.8657	51
63.2295	51
63.2296	51
63.2296	51
63.2296	51
63.2296	51
63.2296	51
63.2296	51
65.9054	51
65.9054	51
65.9054	51
65.9054	51
65.9054	51
65.9055	51
65.9055	51
65.9055	51
65.9056	51
66.2841	51
66.2841	51
66.2841	51
66.2841	51
66.2842	51
66.2845	51
66.2846	51
66.285	51
66.2854	51
67.0094	51
67.0094	51
67.0095	51
67.0095	51
67.0095	51
67.0096	51
67.0099	51
67.0111	51
67.2147	51
67.2147	51
67.2147	51
67.2147	51
67.2148	51
67.2149	51
67.2151	51
67.2167	51
67.2178	51
67.3527	51
67.3527	51
67.3528	51
67.3529	51
67.3529	51
67.353	51
67.3531	51
67.3533	51
68.3674	51
68.3675	51
68.3675	51
68.3675	51
68.3675	51
68.3676	51
68.3686	51
69.2872	51
69.2872	51
69.2873	51
69.2873	51
69.2873	51
69.2874	51
69.2874	51
69.2876	51
70.1193	51
70.1193	51
70.1194	51
70.1194	51
70.1196	51
70.1196	51
70.1198	51
70.1198	51
70.1199	51
71.5176	51
71.5176	51
71.5176	51
71.5177	51
71.5178	51
71.5179	51
71.5188	51
71.9084	51
71.9084	51
71.9084	51
71.9085	51
71.9085	51
71.9085	51
71.9086	51
71.9087	51
71.9091	51
72.1592	51
72.1593	51
72.1593	51
72.1593	51
72.1594	51
72.1594	51
72.1608	51
72.1609	51
73.7537	51
73.7538	51
73.7538	51
73.7538	51
73.7539	51
73.7539	51
73.754	51
73.7541	51
73.7877	51
73.7877	51
73.7877	51
73.7877	51
73.788	51
74.255	51
74.255	51
74.255	51
74.255	51
74.255	51
74.255	51
74.2552	51
74.256	51
74.2563	51
75.2327	51
75.2327	51
75.2327	51
75.2328	51
75.2328	51
75.2328	51
75.2399	51
75.4685	51
75.4686	51
75.4686	51
75.4686	51
75.4687	51
75.4688	51
75.4689	51
75.4691	51
75.4692	51
75.6475	51
75.6475	51
75.6477	51
75.6477	51
75.6478	51
75.6479	51
75.6481	51
75.6511	51
75.6963	51
75.6964	51
75.6964	51
75.6964	51
75.6965	51
75.6967	51
75.6967	51
75.6974	51
76.4392	51
76.4392	51
76.4392	51
76.4393	51
76.4393	51
76.4394	51
76.4396	51
76.4398	51
77.4324	51
77.4324	51
77.4325	51
77.4325	51
77.4326	51
77.4328	51
77.4329	51
77.4343	51
77.4344	51
77.4345	51
79.1351	51
79.1352	51
79.1352	51
79.1352	51
79.1353	51
79.1353	51
79.1356	51
79.1358	51
79.1359	51
79.1696	51
79.1697	51
79.1699	51
79.1699	51
79.1702	51
79.1703	51
79.7232	51
79.7232	51
79.7232	51
79.7232	51
79.7233	51
79.7233	51
79.7238	51
79.7241	51
80.3291	51
80.3291	51
80.3292	51
80.3292	51
80.3292	51
80.3292	51
80.3294	51
80.3298	51
80.3303	51
80.5356	51
80.5357	51
80.5357	51
80.5357	51
80.5358	51
80.5358	51
80.5372	51
81.8245	51
81.8245	51
81.8246	51
81.8246	51
81.8246	51
81.8249	51
82.5686	51
82.5686	51
82.5686	51
82.5686	51
82.5686	51
82.5687	51
82.5687	51
82.5687	51
82.5696	51
82.5697	51
82.5705	51
83.062	51
83.062	51
83.0621	51
83.0621	51
83.0622	51
83.0622	51
83.0625	51
83.063	51
83.0904	51
83.0905	51
83.0905	51
83.0925	51
83.9928	51
83.9928	51
83.9928	51
83.993	51
83.993	51
83.9932	51
83.9933	51
83.9935	51
83.9936	51
84.1308	51
84.1308	51
84.1308	51
84.1309	51
84.1309	51
84.1309	51
84.1312	51
84.1313	51
84.3602	51
84.3602	51
84.3602	51
84.3602	51
84.3603	51
84.3603	51
84.3603	51
84.3611	51
84.6602	51
84.6603	51
84.6603	51
84.6603	51
84.6604	51
84.6605	51
84.6614	51
85.1153	51
85.1153	51
85.1153	51
85.1153	51
85.1153	51
85.1154	51
85.1156	51
85.1157	51
85.117	51
85.4957	51
85.4957	51
85.4957	51
85.4958	51
85.4958	51
85.4959	51
85.4968	51
85.4975	51
87.7037	51
87.7037	51
87.7037	51
87.7039	51
87.7039	51
87.704	51
87.7047	51
87.705	51
87.7168	51
87.717	51
87.7171	51
87.8393	51
87.8394	51
87.8394	51
87.8394	51
87.8394	51
87.8395	51
87.8397	51
88.4246	51
88.4246	51
88.4246	51
88.4247	51
88.4247	51
88.4248	51
88.4248	51
88.4249	51
88.4251	51
88.4501	51
88.4502	51
88.4503	51
88.4503	51
88.4516	51
88.4516	51
90.4004	51
90.4004	51
90.4004	51
90.4005	51
90.4007	51
90.4009	51
90.4024	51
90.4034	51
91.5603	51
91.5603	51
91.5603	51
91.5604	51
91.5605	51
91.5606	51
91.5607	51
91.5608	51
91.5614	51
91.8417	51
91.8417	51
91.8417	51
91.8417	51
91.8418	51
91.8419	51
91.8425	51
91.8447	51
91.8449	51
93.3561	51
93.3561	51
93.3561	51
93.3561	51
93.3561	51
93.3563	51
93.3793	51
93.3796	51
93.3796	51
93.3796	51
93.3804	51
93.3818	51
93.4231	51
93.4231	51
93.4231	51
93.4232	51
93.4233	51
93.4234	51
93.4234	51
93.424	51
93.4241	51
93.8135	51
93.8136	51
93.8136	51
93.8136	51
93.8137	51
93.8137	51
93.8153	51
93.8153	51
94.5244	51
94.5245	51
94.5245	51
94.5245	51
94.5246	51
94.5246	51
94.5256	51
94.53	51
94.9448	51
94.9448	51
94.9449	51
94.9449	51
94.9449	51
94.945	51
94.9453	51
94.9469	51
94.9471	51
94.9533	51
94.9533	51
94.9537	51
94.9541	51
95.1069	51
95.1069	51
95.1069	51
95.1069	51
95.107	51
95.1071	51
95.1072	51
95.1075	51
95.2803	51
95.2803	51
95.2803	51
95.2803	51
95.2805	51
95.2806	51
95.2817	51
95.4601	51
95.4601	51
95.4601	51
95.4601	51
95.4602	51
95.4602	51
95.4604	51
95.4604	51
95.4975	51
95.4976	51
95.4976	51
95.4978	51
95.4979	51
95.498	51
95.5005	51
95.5009	51
95.8461	51
95.8461	51
95.8462	51
95.8463	51
95.8463	51
95.8463	51
95.8464	51
95.8492	51
96.5787	51
96.5788	51
96.5788	51
96.5788	51
96.5789	51
96.5789	51
96.579	51
96.5804	51
96.9498	51
96.9498	51
96.9499	51
96.9499	51
96.9499	51
96.95	51
96.9502	51
96.9502	51
96.9503	51
97.1811	51
97.1811	51
97.1811	51
97.1812	51
97.1812	51
97.1813	51
97.1824	51
97.1825	51
97.953	51
97.953	51
97.953	51
97.953	51
97.953	51
97.9533	51
97.9535	51
99.8279	51
99.8279	51
99.828	51
99.828	51
99.828	51
99.8281	51
99.8284	51
99.8302	51
99.8305	51
