2.08988e-11	0
5.86375e-11	1
8.63783e-11	2
1.35473e-10	3
1.57869e-10	4
2.93443e-10	5
2.99688e-10	6
3.17681e-10	7
3.36816e-10	8
4.45705e-10	9
5.8886e-10	10
6.27331e-10	11
8.66385e-10	12
9.18434e-10	13
9.61326e-10	14
1.06004e-09	15
1.14043e-09	16
1.17148e-09	17
1.52662e-09	18
1.5367e-09	19
1.56653e-09	20
1.62263e-09	21
1.64418e-09	22
1.6465e-09	23
1.72429e-09	24
1.76171e-09	25
2.0584e-09	26
2.11818e-09	27
2.13456e-09	28
2.26372e-09	29
2.56429e-09	30
2.5701e-09	31
2.57104e-09	32
2.67638e-09	33
2.78369e-09	34
2.8028e-09	35
3.19958e-09	36
3.2041e-09	37
3.41937e-09	38
3.85711e-09	39
3.92934e-09	40
3.93334e-09	40
4.21521e-09	41
4.32249e-09	42
5.1331e-09	43
5.62699e-09	44
5.82919e-09	45
6.62436e-09	46
7.0525e-09	47
7.12024e-09	48
7.18774e-09	49
8.80973e-09	50
9.5494e-09	51
9.65898e-09	51
9.84878e-09	52
9.87906e-09	53
1.322e-08	54
1.54106e-08	54
1.68058e-08	54
2.21092e-08	55
2.45259e-08	55
2.76708e-08	55
2.80824e-08	55
3.13014e-08	55
3.18997e-08	55
4.22282e-08	55
4.78065e-08	55
4.79443e-08	55
5.37578e-08	55
6.6524e-08	55
7.30146e-08	55
7.39034e-08	55
7.43434e-08	55
7.70774e-08	55
8.30773e-08	55
9.28393e-08	55
9.43636e-08	55
9.54646e-08	55
9.72964e-08	55
1.01549e-07	55
1.0418e-07	55
1.04429e-07	55
1.08756e-07	55
1.19608e-07	55
1.21675e-07	55
1.22289e-07	55
1.22337e-07	55
1.23984e-07	55
1.2697e-07	55
1.29098e-07	55
1.36104e-07	55
1.43695e-07	55
1.50339e-07	55
1.51792e-07	55
1.5271e-07	55
1.55553e-07	55
1.55838e-07	55
1.57202e-07	55
1.59408e-07	55
1.60005e-07	55
1.63486e-07	55
1.67361e-07	55
1.71327e-07	55
1.7727e-07	55
1.7781e-07	55
1.86257e-07	55
1.88065e-07	55
1.94147e-07	55
1.99625e-07	55
2.0009e-07	55
2.01734e-07	55
2.02977e-07	55
2.04743e-07	55
2.0526e-07	55
2.07466e-07	55
2.0936e-07	55
2.20445e-07	55
2.23152e-07	55
2.26599e-07	55
2.27913e-07	55
2.30085e-07	55
2.31201e-07	55
2.34548e-07	55
2.39221e-07	55
2.40614e-07	55
2.44651e-07	55
2.47055e-07	55
2.47697e-07	55
2.48741e-07	55
2.49592e-07	55
2.51976e-07	55
2.61482e-07	55
2.62529e-07	55
2.64679e-07	55
2.68052e-07	55
2.69687e-07	55
2.75795e-07	55
2.77275e-07	55
2.86968e-07	55
2.96401e-07	55
2.96949e-07	55
3.09734e-07	55
3.132e-07	55
3.14345e-07	55
3.15356e-07	55
3.16867e-07	55
3.19936e-07	55
3.24176e-07	55
3.24893e-07	55
3.25584e-07	55
3.28471e-07	55
3.29598e-07	55
3.34e-07	55
3.35807e-07	55
3.40904e-07	55
3.4108e-07	55
3.42298e-07	55
3.45598e-07	55
3.49691e-07	55
3.51216e-07	55
3.51597e-07	55
3.53748e-07	55
3.5391e-07	55
3.57988e-07	55
3.61763e-07	55
3.67116e-07	55
3.74096e-07	55
3.79416e-07	55
3.826e-07	55
3.88449e-07	55
3.8947e-07	55
3.90787e-07	55
3.91347e-07	55
3.91687e-07	55
3.92531e-07	55
3.98873e-07	55
3.99312e-07	55
4.10111e-07	55
4.10416e-07	55
4.12438e-07	55
4.14751e-07	55
4.18195e-07	55
4.24889e-07	55
4.25506e-07	55
4.29344e-07	55
4.31972e-07	55
4.3276e-07	55
4.33936e-07	55
4.3961e-07	55
4.4585e-07	55
4.52485e-07	55
4.52774e-07	55
4.56875e-07	55
4.62292e-07	55
4.66097e-07	55
4.67353e-07	55
4.67638e-07	55
4.68267e-07	55
4.72659e-07	55
4.80892e-07	55
4.82433e-07	55
4.95321e-07	55
4.95468e-07	55
5.00014e-07	55
5.03485e-07	55
5.04225e-07	55
5.04446e-07	55
5.0452e-07	55
5.05004e-07	55
5.08153e-07	55
5.14034e-07	55
5.16011e-07	55
5.16973e-07	55
5.19696e-07	55
5.21564e-07	55
5.25272e-07	55
5.25458e-07	55
5.37848e-07	55
5.38005e-07	55
5.40099e-07	55
5.48344e-07	55
5.54773e-07	55
5.62002e-07	55
5.67399e-07	55
5.70947e-07	55
5.72386e-07	55
5.72584e-07	55
5.85164e-07	55
5.94533e-07	55
5.95242e-07	55
6.0291e-07	55
6.06849e-07	55
6.15902e-07	55
6.16032e-07	55
6.1625e-07	55
6.19196e-07	55
6.26393e-07	55
6.37253e-07	55
6.44491e-07	55
6.50926e-07	55
6.53981e-07	55
6.60609e-07	55
6.70315e-07	55
6.71979e-07	55
6.76562e-07	55
6.88875e-07	55
6.9435e-07	55
6.98774e-07	55
7.05541e-07	55
7.15145e-07	55
7.34145e-07	55
7.38812e-07	55
7.4565e-07	55
7.46584e-07	55
7.54043e-07	55
7.54434e-07	55
7.57195e-07	55
7.57579e-07	55
7.60087e-07	55
7.64132e-07	55
7.66314e-07	55
7.68555e-07	55
7.77241e-07	55
7.77946e-07	55
7.78306e-07	55
7.95421e-07	55
8.07e-07	55
8.13968e-07	55
8.16498e-07	55
8.2359e-07	55
8.27369e-07	55
8.3419e-07	55
8.38786e-07	55
8.4131e-07	55
8.45159e-07	55
8.45385e-07	55
8.50483e-07	55
8.58556e-07	55
8.58991e-07	55
8.78608e-07	55
8.79383e-07	55
8.87201e-07	55
8.91468e-07	55
8.94056e-07	55
9.01067e-07	55
9.08869e-07	55
9.10124e-07	55
9.13242e-07	55
9.21402e-07	55
9.46749e-07	55
9.48123e-07	55
9.52963e-07	55
9.5636e-07	55
9.6309e-07	55
9.64326e-07	55
9.76493e-07	55
9.94475e-07	55
9.96815e-07	55
9.99789e-07	55
1.0007e-06	55
1.00356e-06	55
1.00517e-06	55
1.01091e-06	55
1.02638e-06	55
1.02734e-06	55
1.0305e-06	55
1.03238e-06	55
1.03433e-06	55
1.0423e-06	55
1.04469e-06	55
1.04939e-06	55
1.0686e-06	55
1.06978e-06	55
1.07791e-06	55
1.08048e-06	55
1.09298e-06	55
1.09477e-06	55
1.10209e-06	55
1.13029e-06	55
1.15099e-06	55
1.15767e-06	55
1.17842e-06	55
1.17931e-06	55
1.18117e-06	55
1.18387e-06	55
1.19051e-06	55
1.19865e-06	55
1.21107e-06	55
1.21321e-06	55
1.22519e-06	55
1.22725e-06	55
1.23302e-06	55
1.24089e-06	55
1.25178e-06	55
1.25895e-06	55
1.26942e-06	55
1.27226e-06	55
1.27738e-06	55
1.29165e-06	55
1.29955e-06	55
1.2998e-06	55
1.30271e-06	55
1.30631e-06	55
1.32558e-06	55
1.33653e-06	55
1.35191e-06	55
1.35743e-06	55
1.36082e-06	55
1.36287e-06	55
1.36468e-06	55
1.36764e-06	55
1.37425e-06	55
1.38586e-06	55
1.3859e-06	55
1.38864e-06	55
1.3923e-06	55
1.39476e-06	55
1.39959e-06	55
1.41271e-06	55
1.41679e-06	55
1.43063e-06	55
1.43902e-06	55
1.44195e-06	55
1.44294e-06	55
1.44371e-06	55
1.44682e-06	55
1.44918e-06	55
1.45479e-06	55
1.45816e-06	55
1.47086e-06	55
1.47167e-06	55
1.47427e-06	55
1.48137e-06	55
1.50376e-06	55
1.50944e-06	55
1.5142e-06	55
1.5245e-06	55
1.52654e-06	55
1.53656e-06	55
1.55168e-06	55
1.56271e-06	55
1.57959e-06	55
1.61989e-06	55
1.62396e-06	55
1.62551e-06	55
1.62588e-06	55
1.62718e-06	55
1.67581e-06	55
1.67588e-06	55
1.68398e-06	55
1.69618e-06	55
1.69668e-06	55
1.70926e-06	55
1.71424e-06	55
1.72899e-06	55
1.72992e-06	55
1.73605e-06	55
1.75458e-06	55
1.77423e-06	55
1.77557e-06	55
1.78134e-06	55
1.79886e-06	55
1.81546e-06	55
1.82184e-06	55
1.82308e-06	55
1.82728e-06	55
1.83198e-06	55
1.83524e-06	55
1.83764e-06	55
1.86115e-06	55
1.86912e-06	55
1.86994e-06	55
1.8746e-06	55
1.8778e-06	55
1.88337e-06	55
1.88343e-06	55
1.88747e-06	55
1.89232e-06	55
1.90413e-06	55
1.92324e-06	55
1.92326e-06	55
1.93688e-06	55
1.93904e-06	55
1.96683e-06	55
1.99581e-06	55
2.00554e-06	55
2.01728e-06	55
2.03078e-06	55
2.05745e-06	55
2.05984e-06	55
2.06354e-06	55
2.08394e-06	55
2.10223e-06	55
2.1244e-06	55
2.16809e-06	55
2.18921e-06	55
2.19766e-06	55
2.20737e-06	55
2.21761e-06	55
2.22687e-06	55
2.23514e-06	55
2.24413e-06	55
2.27158e-06	55
2.29314e-06	55
2.39737e-06	55
2.40876e-06	55
2.43462e-06	55
2.44621e-06	55
2.44685e-06	55
2.4697e-06	55
2.48292e-06	55
2.49003e-06	55
2.50846e-06	55
2.53283e-06	55
2.53528e-06	55
2.56416e-06	55
2.57568e-06	55
2.5979e-06	55
2.59838e-06	55
2.59901e-06	55
2.606e-06	55
2.60988e-06	55
2.62076e-06	55
2.64447e-06	55
2.66773e-06	55
2.67259e-06	55
2.67525e-06	55
2.6845e-06	55
2.68556e-06	55
2.68765e-06	55
2.69043e-06	55
2.72011e-06	55
2.7325e-06	55
2.75187e-06	55
2.76986e-06	55
2.78236e-06	55
2.82173e-06	55
2.82914e-06	55
2.86086e-06	55
2.88246e-06	55
2.91121e-06	55
2.91211e-06	55
2.91795e-06	55
2.93442e-06	55
2.98178e-06	55
2.98399e-06	55
3.00486e-06	55
3.02947e-06	55
3.03064e-06	55
3.12335e-06	55
3.14476e-06	55
3.15817e-06	55
3.19433e-06	55
3.20371e-06	55
3.22678e-06	55
3.22731e-06	55
3.25254e-06	55
3.27444e-06	55
3.31044e-06	55
3.3483e-06	55
3.36257e-06	55
3.38184e-06	55
3.40148e-06	55
3.40753e-06	55
3.41205e-06	55
3.45634e-06	55
3.4683e-06	55
3.47179e-06	55
3.47573e-06	55
3.51903e-06	55
3.61673e-06	55
3.6289e-06	55
3.66425e-06	55
3.67161e-06	55
3.67654e-06	55
3.69783e-06	55
3.70222e-06	55
3.73215e-06	55
3.74205e-06	55
3.78956e-06	55
3.82099e-06	55
3.82151e-06	55
3.87574e-06	55
3.88761e-06	55
3.89979e-06	55
3.98683e-06	55
4.04197e-06	55
4.07706e-06	55
4.09065e-06	55
4.11013e-06	55
4.25835e-06	55
4.35314e-06	55
4.36213e-06	55
4.39575e-06	55
4.39909e-06	55
4.43314e-06	55
4.46165e-06	55
4.46884e-06	55
4.48063e-06	55
4.51458e-06	55
4.53517e-06	55
4.55625e-06	55
4.65841e-06	55
4.68183e-06	55
4.70913e-06	55
4.72939e-06	55
4.7698e-06	55
4.90142e-06	55
4.91564e-06	55
4.91808e-06	55
4.93348e-06	55
4.94187e-06	55
5.01072e-06	55
5.05193e-06	55
5.14017e-06	55
5.16156e-06	55
5.18035e-06	55
5.21288e-06	55
5.23791e-06	55
5.24759e-06	55
5.26969e-06	55
5.27927e-06	55
5.37493e-06	55
5.46616e-06	55
5.48296e-06	55
5.63082e-06	55
5.67518e-06	55
5.72712e-06	55
5.7725e-06	55
5.83215e-06	55
5.93689e-06	55
5.94725e-06	55
6.07845e-06	55
6.11281e-06	55
6.11761e-06	55
6.19679e-06	55
6.25261e-06	55
6.26369e-06	55
6.29752e-06	55
6.33747e-06	55
6.38875e-06	55
6.42925e-06	55
6.43442e-06	55
6.51967e-06	55
6.5279e-06	55
6.55429e-06	55
6.61627e-06	55
6.68133e-06	55
6.68371e-06	55
6.68991e-06	55
6.71817e-06	55
6.79704e-06	55
6.80961e-06	55
6.83295e-06	55
6.89179e-06	55
7.07516e-06	55
7.07587e-06	55
7.2481e-06	55
7.28759e-06	55
7.34434e-06	55
7.36513e-06	55
7.43075e-06	55
7.45215e-06	55
7.69584e-06	55
7.80153e-06	55
7.8723e-06	55
7.8933e-06	55
7.89501e-06	55
8.13005e-06	55
8.17366e-06	55
8.24727e-06	55
8.25812e-06	55
8.25886e-06	55
8.33206e-06	55
8.35664e-06	55
8.43873e-06	55
8.46549e-06	55
8.47083e-06	55
8.60073e-06	55
8.64884e-06	55
8.74249e-06	55
8.75354e-06	55
8.84716e-06	55
8.87918e-06	55
9.02315e-06	55
9.12138e-06	55
9.31107e-06	55
9.53391e-06	55
9.58854e-06	55
9.75127e-06	55
9.93096e-06	55
9.99463e-06	55
1.00216e-05	55
1.00476e-05	55
1.01621e-05	55
1.02795e-05	55
1.03396e-05	55
1.03534e-05	55
1.03697e-05	55
1.0381e-05	55
1.03918e-05	55
1.04223e-05	55
1.04763e-05	55
1.06124e-05	55
1.07999e-05	55
1.08804e-05	55
1.08884e-05	55
1.09036e-05	55
1.09531e-05	55
1.10197e-05	55
1.1161e-05	55
1.12698e-05	55
1.13089e-05	55
1.13741e-05	55
1.13789e-05	55
1.13814e-05	55
1.15913e-05	55
1.1889e-05	55
1.19124e-05	55
1.19921e-05	55
1.20848e-05	55
1.21883e-05	55
1.21903e-05	55
1.21937e-05	55
1.23521e-05	55
1.23907e-05	55
1.2444e-05	55
1.25419e-05	55
1.25548e-05	55
1.26488e-05	55
1.28117e-05	55
1.28391e-05	55
1.29616e-05	55
1.30168e-05	55
1.33378e-05	55
1.34462e-05	55
1.35322e-05	55
1.35638e-05	55
1.35853e-05	55
1.42096e-05	55
1.42942e-05	55
1.43894e-05	55
1.43956e-05	55
1.44095e-05	55
1.4413e-05	55
1.45525e-05	55
1.46367e-05	55
1.46841e-05	55
1.4922e-05	55
1.50854e-05	55
1.50983e-05	55
1.51251e-05	55
1.51257e-05	55
1.53942e-05	55
1.54598e-05	55
1.54943e-05	55
1.55344e-05	55
1.57509e-05	55
1.62475e-05	55
1.63176e-05	55
1.63289e-05	55
1.63337e-05	55
1.6364e-05	55
1.65346e-05	55
1.67079e-05	55
1.67863e-05	55
1.68353e-05	55
1.68735e-05	55
1.69e-05	55
1.72921e-05	55
1.74601e-05	55
1.74634e-05	55
1.75183e-05	55
1.76327e-05	55
1.77148e-05	55
1.77624e-05	55
1.7929e-05	55
1.80368e-05	55
1.82011e-05	55
1.82757e-05	55
1.83331e-05	55
1.83465e-05	55
1.84901e-05	55
1.85896e-05	55
1.86436e-05	55
1.8681e-05	55
1.88807e-05	55
1.90601e-05	55
1.91216e-05	55
1.91322e-05	55
1.91354e-05	55
1.94124e-05	55
1.95934e-05	55
1.97336e-05	55
1.97618e-05	55
1.9927e-05	55
2.01701e-05	55
2.02745e-05	55
2.05524e-05	55
2.05547e-05	55
2.05965e-05	55
2.0996e-05	55
2.11068e-05	55
2.11357e-05	55
2.11422e-05	55
2.13652e-05	55
2.15952e-05	55
2.17933e-05	55
2.18816e-05	55
2.19021e-05	55
2.19181e-05	55
2.20118e-05	55
2.21495e-05	55
2.25054e-05	55
2.25495e-05	55
2.26812e-05	55
2.27341e-05	55
2.27588e-05	55
2.33475e-05	55
2.35543e-05	55
2.35721e-05	55
2.37235e-05	55
2.37371e-05	55
2.37515e-05	55
2.38213e-05	55
2.40893e-05	55
2.42563e-05	55
2.48475e-05	55
2.50146e-05	55
2.50894e-05	55
2.51077e-05	55
2.5108e-05	55
2.51722e-05	55
2.5356e-05	55
2.53616e-05	55
2.53752e-05	55
2.53969e-05	55
2.55738e-05	55
2.56556e-05	55
2.57555e-05	55
2.58042e-05	55
2.61144e-05	55
2.61463e-05	55
2.69418e-05	55
2.70377e-05	55
2.70788e-05	55
2.72491e-05	55
2.73243e-05	55
2.74276e-05	55
2.75175e-05	55
2.75992e-05	55
2.7639e-05	55
2.76514e-05	55
2.77571e-05	55
2.79895e-05	55
2.80761e-05	55
2.81399e-05	55
2.81834e-05	55
2.81846e-05	55
2.84594e-05	55
2.86238e-05	55
2.87095e-05	55
2.88622e-05	55
2.89392e-05	55
2.91536e-05	55
2.93987e-05	55
2.94783e-05	55
2.96719e-05	55
2.97004e-05	55
2.97562e-05	55
2.982e-05	55
2.99187e-05	55
3.02073e-05	55
3.0297e-05	55
3.07211e-05	55
3.07972e-05	55
3.10988e-05	55
3.11013e-05	55
3.11431e-05	55
3.12995e-05	55
3.13536e-05	55
3.13965e-05	55
3.15164e-05	55
3.15469e-05	55
3.15725e-05	55
3.16264e-05	55
3.16397e-05	55
3.16523e-05	55
3.1679e-05	55
3.16798e-05	55
3.17326e-05	55
3.18737e-05	55
3.19941e-05	55
3.20393e-05	55
3.20664e-05	55
3.22936e-05	55
3.24789e-05	55
3.26279e-05	55
3.29824e-05	55
3.30863e-05	55
3.30983e-05	55
3.32086e-05	55
3.32352e-05	55
3.32486e-05	55
3.3462e-05	55
3.37341e-05	55
3.40484e-05	55
3.41193e-05	55
3.43109e-05	55
3.4342e-05	55
3.45911e-05	55
3.47166e-05	55
3.48123e-05	55
3.49687e-05	55
3.50037e-05	55
3.57363e-05	55
3.58154e-05	55
3.5861e-05	55
3.5884e-05	55
3.59557e-05	55
3.61958e-05	55
3.62246e-05	55
3.63517e-05	55
3.63994e-05	55
3.66492e-05	55
3.7046e-05	55
3.7275e-05	55
3.74895e-05	55
3.75386e-05	55
3.76301e-05	55
3.77432e-05	55
3.79875e-05	55
3.8213e-05	55
3.82653e-05	55
3.84453e-05	55
3.8733e-05	55
3.87973e-05	55
3.9105e-05	55
3.92238e-05	55
3.93544e-05	55
3.93671e-05	55
3.93932e-05	55
3.94291e-05	55
3.97043e-05	55
3.99748e-05	55
4.02323e-05	55
4.02449e-05	55
4.04299e-05	55
4.05856e-05	55
4.06286e-05	55
4.06389e-05	55
4.06826e-05	55
4.06862e-05	55
4.07791e-05	55
4.07887e-05	55
4.09216e-05	55
4.09862e-05	55
4.11758e-05	55
4.12421e-05	55
4.13391e-05	55
4.14531e-05	55
4.14549e-05	55
4.1542e-05	55
4.15973e-05	55
4.17042e-05	55
4.17075e-05	55
4.17235e-05	55
4.18567e-05	55
4.18655e-05	55
4.19531e-05	55
4.21156e-05	55
4.22331e-05	55
4.25136e-05	55
4.25626e-05	55
4.28978e-05	55
4.29164e-05	55
4.29948e-05	55
4.29981e-05	55
4.30165e-05	55
4.3033e-05	55
4.32057e-05	55
4.37126e-05	55
4.37239e-05	55
4.37842e-05	55
4.3923e-05	55
4.41298e-05	55
4.41658e-05	55
4.47875e-05	55
4.48543e-05	55
4.49289e-05	55
4.49771e-05	55
4.50076e-05	55
4.57239e-05	55
4.58898e-05	55
4.59599e-05	55
4.60624e-05	55
4.61292e-05	55
4.61775e-05	55
4.62012e-05	55
4.67996e-05	55
4.69082e-05	55
4.71417e-05	55
4.71608e-05	55
4.74171e-05	55
4.75287e-05	55
4.76492e-05	55
4.79282e-05	55
4.80171e-05	55
4.81457e-05	55
4.84842e-05	55
4.85251e-05	55
4.85605e-05	55
4.86332e-05	55
4.86344e-05	55
4.87054e-05	55
4.88482e-05	55
4.89034e-05	55
4.90239e-05	55
4.91079e-05	55
4.92329e-05	55
4.93364e-05	55
4.94976e-05	55
4.95027e-05	55
4.99692e-05	55
4.99914e-05	55
4.99969e-05	55
5.00035e-05	55
5.03527e-05	55
5.03966e-05	55
5.04921e-05	55
5.06234e-05	55
5.07708e-05	55
5.09788e-05	55
5.10237e-05	55
5.10392e-05	55
5.11375e-05	55
5.13045e-05	55
5.13961e-05	55
5.14758e-05	55
5.1523e-05	55
5.19829e-05	55
5.20568e-05	55
5.33301e-05	55
5.3338e-05	55
5.36803e-05	55
5.41753e-05	55
5.43475e-05	55
5.4493e-05	55
5.45799e-05	55
5.46086e-05	55
5.46701e-05	55
5.49986e-05	55
5.52503e-05	55
5.53347e-05	55
5.54529e-05	55
5.54651e-05	55
5.56561e-05	55
5.57292e-05	55
5.57839e-05	55
5.58088e-05	55
5.5947e-05	55
5.59892e-05	55
5.63427e-05	55
5.64404e-05	55
5.64609e-05	55
5.6801e-05	55
5.70512e-05	55
5.70995e-05	55
5.71387e-05	55
5.72832e-05	55
5.76679e-05	55
5.7717e-05	55
5.77384e-05	55
5.78374e-05	55
5.78661e-05	55
5.78747e-05	55
5.80555e-05	55
5.80756e-05	55
5.81835e-05	55
5.82623e-05	55
5.82848e-05	55
5.8478e-05	55
5.92214e-05	55
5.93903e-05	55
5.94839e-05	55
5.97772e-05	55
6.011e-05	55
6.01599e-05	55
6.03383e-05	55
6.04518e-05	55
6.06993e-05	55
6.09219e-05	55
6.1047e-05	55
6.12762e-05	55
6.13039e-05	55
6.13692e-05	55
6.14054e-05	55
6.1567e-05	55
6.18997e-05	55
6.20678e-05	55
6.22609e-05	55
6.22693e-05	55
6.22763e-05	55
6.26213e-05	55
6.3344e-05	55
6.3501e-05	55
6.37434e-05	55
6.37642e-05	55
6.37964e-05	55
6.38235e-05	55
6.38658e-05	55
6.39183e-05	55
6.40976e-05	55
6.41993e-05	55
6.45479e-05	55
6.49378e-05	55
6.49491e-05	55
6.55527e-05	55
6.56179e-05	55
6.5732e-05	55
6.57437e-05	55
6.60201e-05	55
6.62006e-05	55
6.63006e-05	55
6.63482e-05	55
6.64584e-05	55
6.6535e-05	55
6.6982e-05	55
6.77394e-05	55
6.78151e-05	55
6.8136e-05	55
6.81966e-05	55
6.84356e-05	55
6.86062e-05	55
6.93168e-05	55
6.94607e-05	55
6.99378e-05	55
7.05326e-05	55
7.0547e-05	55
7.06868e-05	55
7.08092e-05	55
7.08823e-05	55
7.14822e-05	55
7.15505e-05	55
7.19859e-05	55
7.21481e-05	55
7.22003e-05	55
7.22427e-05	55
7.2274e-05	55
7.23754e-05	55
7.25714e-05	55
7.27881e-05	55
7.2997e-05	55
7.32509e-05	55
7.36072e-05	55
7.3825e-05	55
7.4071e-05	55
7.4659e-05	55
7.47978e-05	55
7.50434e-05	55
7.51366e-05	55
7.53975e-05	55
7.63386e-05	55
7.667e-05	55
7.73066e-05	55
7.73966e-05	55
7.74346e-05	55
7.78031e-05	55
7.80465e-05	55
7.81632e-05	55
7.83216e-05	55
7.84938e-05	55
7.85933e-05	55
7.8782e-05	55
7.97886e-05	55
7.99443e-05	55
8.00456e-05	55
8.00708e-05	55
8.04944e-05	55
8.06084e-05	55
8.09013e-05	55
8.09925e-05	55
8.11016e-05	55
8.11543e-05	55
8.17044e-05	55
8.17572e-05	55
8.1815e-05	55
8.19655e-05	55
8.20658e-05	55
8.2146e-05	55
8.24261e-05	55
8.25831e-05	55
8.31859e-05	55
8.34314e-05	55
8.35048e-05	55
8.37922e-05	55
8.38266e-05	55
8.40535e-05	55
8.40579e-05	55
8.41112e-05	55
8.41442e-05	55
8.4201e-05	55
8.47022e-05	55
8.55283e-05	55
8.57018e-05	55
8.58328e-05	55
8.58644e-05	55
8.63733e-05	55
8.64531e-05	55
8.70561e-05	55
8.77284e-05	55
8.77938e-05	55
8.78721e-05	55
8.81757e-05	55
8.8885e-05	55
8.88945e-05	55
8.9001e-05	55
8.92819e-05	55
8.93963e-05	55
8.94988e-05	55
8.96584e-05	55
8.97311e-05	55
9.01111e-05	55
9.0611e-05	55
9.09748e-05	55
9.1205e-05	55
9.14755e-05	55
9.16532e-05	55
9.17242e-05	55
9.17743e-05	55
9.18391e-05	55
9.2023e-05	55
9.22247e-05	55
9.23585e-05	55
9.25936e-05	55
9.25977e-05	55
9.26295e-05	55
9.27415e-05	55
9.30705e-05	55
9.30841e-05	55
9.33997e-05	55
9.34876e-05	55
9.35105e-05	55
9.37433e-05	55
9.37468e-05	55
9.4345e-05	55
9.4382e-05	55
9.45645e-05	55
9.46052e-05	55
9.53582e-05	55
9.53946e-05	55
9.55912e-05	55
9.56833e-05	55
9.57334e-05	55
9.59952e-05	55
9.60421e-05	55
9.68095e-05	55
9.70276e-05	55
9.72315e-05	55
9.73263e-05	55
9.74279e-05	55
9.75372e-05	55
9.82093e-05	55
9.83288e-05	55
9.89164e-05	55
9.89654e-05	55
9.9373e-05	55
9.94956e-05	55
9.96243e-05	55
9.97006e-05	55
9.99167e-05	55
0.000100343	55
0.000100509	55
0.000100637	55
0.000101336	55
0.000101637	55
0.000101679	55
0.000101729	55
0.000102154	55
0.000102206	55
0.000102514	55
0.00010285	55
0.000103708	55
0.000103912	55
0.000104484	55
0.000104816	55
0.000104984	55
0.000105132	55
0.000105424	55
0.000105994	55
0.000106285	55
0.000106374	55
0.000107837	55
0.000108483	55
0.000108663	55
0.000108677	55
0.000108927	55
0.000109213	55
0.000109665	55
0.000110113	55
0.000110712	55
0.000110849	55
0.00011093	55
0.000111036	55
0.000111332	55
0.00011145	55
0.000111668	55
0.000112028	55
0.000112537	55
0.000113547	55
0.000115045	55
0.000115074	55
0.000115697	55
0.000115698	55
0.000115708	55
0.00011656	55
0.000116964	55
0.000117035	55
0.000117374	55
0.000118182	55
0.000118268	55
0.00011866	55
0.00011934	55
0.000120049	55
0.00012061	55
0.000121011	55
0.000121058	55
0.00012125	55
0.000121357	55
0.000121754	55
0.000122284	55
0.000122484	55
0.000122677	55
0.000122774	55
0.000123132	55
0.000123171	55
0.000123182	55
0.000123269	55
0.000123508	55
0.000123837	55
0.000124389	55
0.000125278	55
0.000125292	55
0.000125324	55
0.000125408	55
0.000125495	55
0.000125526	55
0.000125663	55
0.000125773	55
0.000125773	55
0.000126099	55
0.000126467	55
0.000127598	55
0.000127818	55
0.000128504	55
0.000129283	55
0.000129471	55
0.000129528	55
0.000129727	55
0.000130015	55
0.00013012	55
0.000130386	55
0.000130392	55
0.000130473	55
0.000130498	55
0.000130581	55
0.000130581	55
0.000131286	55
0.000131358	55
0.000131807	55
0.000131822	55
0.000131999	55
0.000133201	55
0.000133547	55
0.000133621	55
0.000133971	55
0.000134259	55
0.000134271	55
0.000135479	55
0.000135933	55
0.000136649	55
0.000136731	55
0.000137995	55
0.000138139	55
0.000138312	55
0.000138721	55
0.000138769	55
0.000139702	55
0.000139761	55
0.000139789	55
0.000139903	55
0.000140407	55
0.000140691	55
0.000141064	55
0.000141323	55
0.000141434	55
0.000141522	55
0.00014188	55
0.000142084	55
0.000142644	55
0.000142753	55
0.000142945	55
0.000143071	55
0.000144198	55
0.000144353	55
0.000145943	55
0.000146004	55
0.000146241	55
0.000146548	55
0.000147212	55
0.000148408	55
0.000148958	55
0.000149414	55
0.000149674	55
0.000150425	55
0.000150505	55
0.000150882	55
0.000151447	55
0.000151507	55
0.000152986	55
0.000153536	55
0.000154201	55
0.000154676	55
0.000155231	55
0.00015584	55
0.000156779	55
0.000156785	55
0.000158374	55
0.000158464	55
0.000158465	55
0.000159043	55
0.000159785	55
0.000160139	55
0.000161525	55
0.000162957	55
0.000163028	55
0.000163113	55
0.000163528	55
0.000163677	55
0.00016371	55
0.000163733	55
0.000163813	55
0.000164715	55
0.000165523	55
0.000165778	55
0.000166043	55
0.000166857	55
0.000167409	55
0.000167584	55
0.000168078	55
0.000168151	55
0.000168633	55
0.000169135	55
0.00016976	55
0.000170231	55
0.000170619	55
0.000170624	55
0.000170821	55
0.000171065	55
0.000171189	55
0.00017128	55
0.000172236	55
0.000172884	55
0.000173747	55
0.000173774	55
0.000173855	55
0.000174151	55
0.000174343	55
0.000174858	55
0.000175641	55
0.00017621	55
0.000177163	55
0.000177221	55
0.000178287	55
0.00017952	55
0.000180433	55
0.000180983	55
0.000182027	55
0.000182505	55
0.000184074	55
0.000184362	55
0.000184413	55
0.000184921	55
0.00018497	55
0.000185041	55
0.00018568	55
0.000185832	55
0.000187941	55
0.000187942	55
0.000188351	55
0.000189375	55
0.000189748	55
0.000190877	55
0.000191017	55
0.000191082	55
0.000191139	55
0.000191291	55
0.000191538	55
0.000192155	55
0.000192622	55
0.000192766	55
0.000192875	55
0.000193776	55
0.000193784	55
0.00019452	55
0.000195574	55
0.000195706	55
0.000196201	55
0.000197545	55
0.000198038	55
0.000198295	55
0.000198809	55
0.000199306	55
0.000199695	55
0.000200203	55
0.000200751	55
0.000202046	55
0.000202094	55
0.00020388	55
0.000204736	55
0.00020503	55
0.000206076	55
0.000206982	55
0.000207964	55
0.000208041	55
0.000209521	55
0.00020975	55
0.00021117	55
0.000211298	55
0.00021135	55
0.000212108	55
0.000213276	55
0.000214574	55
0.000214795	55
0.000214803	55
0.000214942	55
0.000215327	55
0.000215905	55
0.000216017	55
0.000216133	55
0.000216631	55
0.000216754	55
0.000219944	55
0.00022115	55
0.00022144	55
0.000222825	55
0.000223342	55
0.000223531	55
0.000224915	55
0.000225531	55
0.000225798	55
0.000227001	55
0.000227724	55
0.000227946	55
0.000228538	55
0.000228766	55
0.000228786	55
0.000229446	55
0.000229563	55
0.000230547	55
0.000230564	55
0.000232888	55
0.000233075	55
0.000234103	55
0.000234131	55
0.000235451	55
0.000236497	55
0.000236498	55
0.000237144	55
0.000237967	55
0.000238496	55
0.000240067	55
0.00024053	55
0.000240917	55
0.000244744	55
0.000245001	55
0.000245326	55
0.00024568	55
0.00024733	55
0.000247803	55
0.000247943	55
0.000249185	55
0.000252154	55
0.000253248	55
0.000253691	55
0.00025379	55
0.000253863	55
0.000255202	55
0.000255238	55
0.000255716	55
0.000256038	55
0.000257688	55
0.000258621	55
0.000258869	55
0.000259153	55
0.00026011	55
0.000261399	55
0.000261426	55
0.000261786	55
0.000263078	55
0.000263379	55
0.000263491	55
0.000264087	55
0.000264724	55
0.000264925	55
0.00026746	55
0.000268153	55
0.000268554	55
0.000269777	55
0.000270017	55
0.000270754	55
0.000273907	55
0.000275972	55
0.000276454	55
0.000277086	55
0.000278408	55
0.000280152	55
0.000280409	55
0.000282382	55
0.000287457	55
0.000287478	55
0.000288157	55
0.00028831	55
0.000288666	55
0.000291493	55
0.000292719	55
0.000294146	55
0.000294653	55
0.000295193	55
0.000297776	55
0.000298262	55
0.000298687	55
0.000298792	55
0.000300086	55
0.000300401	55
0.000302315	55
0.000302435	55
0.000305129	55
0.000305506	55
0.000306792	55
0.000307248	55
0.000307983	55
0.000308357	55
0.000310101	55
0.000310592	55
0.00031463	55
0.000315855	55
0.000317438	55
0.00031912	55
0.000322587	55
0.000323442	55
0.000324266	55
0.000325655	55
0.000330582	55
0.000336823	55
0.000336864	55
0.000337457	55
0.000337707	55
0.000338259	55
0.000338344	55
0.000339307	55
0.000342137	55
0.000343487	55
0.000344409	55
0.00034684	55
0.000347175	55
0.000348034	55
0.000350718	55
0.000350977	55
0.00035305	55
0.000353355	55
0.000353865	55
0.000353941	55
0.000356307	55
0.000359018	55
0.000361068	55
0.000361181	55
0.000362087	55
0.000362099	55
0.000362175	55
0.000362557	55
0.000366471	55
0.000372696	55
0.000379786	55
0.000380876	55
0.000382722	55
0.000383481	55
0.000383861	55
0.000387243	55
0.000387917	55
0.000390333	55
0.00039139	55
0.000392631	55
0.00039312	55
0.00039418	55
0.000394453	55
0.000395491	55
0.000395797	55
0.000396179	55
0.000397278	55
0.000399237	55
0.000399882	55
0.000400198	55
0.000404694	55
0.000407288	55
0.000408943	55
0.000410544	55
0.000410589	55
0.00041394	55
0.000422795	55
0.0004229	55
0.000423529	55
0.000424574	55
0.000428563	55
0.000429096	55
0.000432951	55
0.000433902	55
0.000437512	55
0.0004455	55
0.00044562	55
0.000445881	55
0.000449028	55
0.000456689	55
0.000460328	55
0.000461331	55
0.000463556	55
0.000466135	55
0.000466761	55
0.000473387	55
0.000475377	55
0.000477414	55
0.000477478	55
0.000478134	55
0.000482122	55
0.000482386	55
0.000482547	55
0.000484055	55
0.000484632	55
0.000494968	55
0.00049611	55
0.000496485	55
0.000510947	55
0.000511443	55
0.00052669	55
0.00052769	55
0.00052789	55
0.000531809	55
0.000532002	55
0.000534803	55
0.000549933	55
0.000550062	55
0.000557887	55
0.000561688	55
0.000563267	55
0.000573974	55
0.000578905	55
0.000580379	55
0.000583967	55
0.000584909	55
0.000586921	55
0.000598665	55
0.000600275	55
0.000603002	55
0.00060977	55
0.000615062	55
0.000624134	55
0.000627867	55
0.000631661	55
0.000645849	55
0.000664657	55
0.000678044	55
0.000683588	55
0.000683944	55
0.000685082	55
0.000698658	55
0.000704883	55
0.000718391	55
0.000727866	55
0.000739413	55
0.000742242	55
0.000745386	55
0.000760128	55
0.000760551	55
0.000786543	55
0.000809539	55
0.00081723	55
0.000824352	55
0.000834895	55
0.000840837	55
0.000851758	55
0.000899665	55
0.000909257	55
0.000939003	55
0.000965497	55
0.000986713	55
0.000999868	55
0.00101226	55
0.00102501	55
0.00103354	55
0.00104254	55
0.00107205	55
0.00108282	55
0.00110358	55
0.00111065	55
0.00113679	55
0.00116334	55
0.001211	55
0.00123791	55
0.00127613	55
0.00135216	55
0.00138243	55
0.00139457	55
0.00151235	55
0.00158886	55
0.00161989	55
0.00165205	55
0.00177036	55
0.00177183	55
0.00208693	55
0.00313858	55
0.0100887	55
0.0100889	55
0.0100898	55
0.01009	55
0.0100902	55
0.0100912	55
0.0100912	55
0.0100916	55
0.0100925	55
0.0100942	55
0.0100952	55
0.010096	55
0.0100997	55
0.0101006	55
0.0101018	55
0.0101035	55
0.0101094	55
0.010112	55
0.0101215	55
0.0101245	55
0.0101256	55
0.0101389	55
0.0101417	55
0.0101438	55
0.0101496	55
0.0101511	55
0.0102175	55
0.0102234	55
0.0102445	55
0.0102483	55
0.010265	55
0.0102654	55
0.0103074	55
0.0103464	55
0.0103563	55
0.0103757	55
0.0103877	55
0.010458	55
0.0104711	55
0.0105172	55
0.01052	55
0.0105416	55
0.0105971	55
0.0108377	55
0.0108951	55
0.0109904	55
0.0113714	55
0.0114024	55
0.0124958	55
0.0124973	55
0.0125554	55
0.0243738	55
0.0243738	55
0.0243739	55
0.0243739	55
0.0243739	55
0.0243741	55
0.0243741	55
0.0243742	55
0.0243744	55
0.0243745	55
0.0243746	55
0.0243749	55
0.0243749	55
0.024375	55
0.0243751	55
0.0243752	55
0.0243752	55
0.0243753	55
0.0243756	55
0.0243756	55
0.0243756	55
0.0243757	55
0.0243761	55
0.0243761	55
0.0243763	55
0.0243763	55
0.0243763	55
0.0243771	55
0.0243772	55
0.0243772	55
0.0243776	55
0.0243776	55
0.0243778	55
0.0243782	55
0.0243784	55
0.0243787	55
0.0243793	55
0.0243795	55
0.0243797	55
0.0243807	55
0.024381	55
0.0243824	55
0.0243833	55
0.0243853	55
0.0243859	55
0.0243918	55
0.0243929	55
0.0244213	55
0.0244265	55
0.0244897	55
0.0244946	55
0.0245051	55
0.024522	55
0.0248405	55
0.0248591	55
0.0253908	55
0.0253994	55
0.0594695	55
0.0594696	55
0.0594696	55
0.0594697	55
0.0594697	55
0.0594698	55
0.0594698	55
0.0594698	55
0.0594699	55
0.0594699	55
0.0594699	55
0.0594699	55
0.05947	55
0.0594701	55
0.0594702	55
0.0594702	55
0.0594703	55
0.0594703	55
0.0594704	55
0.0594705	55
0.0594705	55
0.0594708	55
0.0594709	55
0.0594709	55
0.0594709	55
0.059471	55
0.0594711	55
0.0594711	55
0.0594711	55
0.0594711	55
0.0594711	55
0.0594711	55
0.0594712	55
0.0594713	55
0.0594714	55
0.0594714	55
0.0594714	55
0.0594715	55
0.0594715	55
0.0594715	55
0.0594716	55
0.059472	55
0.059472	55
0.0594722	55
0.0594723	55
0.0594723	55
0.0594723	55
0.0594728	55
0.0594729	55
0.0594729	55
0.0594734	55
0.0594738	55
0.059475	55
0.0594756	55
0.0594758	55
0.059476	55
0.0594785	55
0.0594787	55
0.0594803	55
0.059482	55
0.0594828	55
0.0594852	55
0.059486	55
0.0594865	55
0.059487	55
0.0594894	55
0.0594964	55
0.0594996	55
0.0595068	55
0.0595108	55
0.0595302	55
0.0595316	55
0.0595443	55
0.059549	55
0.0595616	55
0.0595897	55
0.0595968	55
0.0596002	55
0.0596172	55
0.0596249	55
0.0596432	55
0.0596479	55
0.0596574	55
0.0596687	55
0.0597087	55
0.0597639	55
0.0597688	55
0.0597922	55
0.0598354	55
0.0598423	55
0.0598826	55
0.059907	55
0.0599312	55
0.0599755	55
0.0600061	55
0.0601018	55
0.0605095	55
0.0673945	55
0.0673953	55
0.0688922	55
0.0688927	55
0.0688934	55
0.0688949	55
0.0688955	55
0.0688983	55
0.0688995	55
0.0689023	55
0.0694851	55
0.0694869	55
0.0695387	55
0.0740452	55
0.0740458	55
0.0740461	55
0.0740462	55
0.0740468	55
0.0740471	55
0.0740481	55
0.0740561	55
0.0740587	55
0.0740597	55
0.0740806	55
0.0757806	55
0.0758022	55
0.0758117	55
0.0790716	55
0.0791009	55
0.083142	55
0.083142	55
0.0831436	55
0.0831443	55
0.083147	55
0.0831523	55
0.0831541	55
0.0831634	55
0.0832186	55
0.088094	55
0.0880947	55
0.0880951	55
0.0880955	55
0.0880973	55
0.0881048	55
0.088105	55
0.0881442	55
0.0893003	55
0.0893085	55
0.0893474	55
0.0893521	55
0.0909542	55
0.0909568	55
0.0910044	55
0.0936942	55
0.0936942	55
0.0936959	55
0.0936963	55
0.0937043	55
0.111309	55
0.111309	55
0.11131	55
0.11131	55
0.111312	55
0.111316	55
0.111319	55
0.111328	55
0.114108	55
0.114111	55
0.114143	55
0.118668	55
0.118673	55
0.118717	55
0.118819	55
0.129567	55
0.129616	55
0.129898	55
0.129899	55
0.134725	55
0.134741	55
0.134758	55
0.144572	55
0.144572	55
0.144572	55
0.144572	55
0.144572	55
0.144572	55
0.144584	55
0.14459	55
0.14463	55
0.150419	55
0.150419	55
0.150419	55
0.150431	55
0.150458	55
0.15536	55
0.155443	55
0.165003	55
0.165013	55
0.165014	55
0.172742	55
0.172742	55
0.172745	55
0.172746	55
0.172752	55
0.175209	55
0.17521	55
0.175264	55
0.193247	55
0.19325	55
0.193258	55
0.19326	55
0.193263	55
0.193274	55
0.205262	55
0.205262	55
0.205262	55
0.205262	55
0.205265	55
0.205267	55
0.205268	55
0.205268	55
0.205269	55
0.205269	55
0.205273	55
0.205299	55
0.207765	55
0.20777	55
0.207774	55
0.209533	55
0.209541	55
0.209548	55
0.218085	55
0.218105	55
0.230669	55
0.230671	55
0.230673	55
0.230673	55
0.230674	55
0.230677	55
0.230691	55
0.230718	55
0.231146	55
0.236651	55
0.236653	55
0.236659	55
0.23666	55
0.23666	55
0.23668	55
0.244428	55
0.24443	55
0.244431	55
0.244434	55
0.252371	55
0.252386	55
0.252387	55
0.252388	55
0.259129	55
0.259132	55
0.259141	55
0.259148	55
0.259163	55
0.261763	55
0.26177	55
0.261777	55
0.261783	55
0.261804	55
0.261819	55
0.273009	55
0.27301	55
0.273013	55
0.273014	55
0.27303	55
0.286001	55
0.286014	55
0.288693	55
0.288702	55
0.288708	55
0.290266	55
0.290315	55
0.290326	55
0.29781	55
0.297811	55
0.297811	55
0.297815	55
0.297815	55
0.297815	55
0.305764	55
0.305764	55
0.305857	55
0.315572	55
0.315573	55
0.315574	55
0.315574	55
0.315575	55
0.315576	55
0.31558	55
0.315701	55
0.32695	55
0.326951	55
0.326953	55
0.326959	55
0.326962	55
0.32698	55
0.330482	55
0.330483	55
0.330551	55
0.332601	55
0.332601	55
0.33267	55
0.334761	55
0.334761	55
0.334762	55
0.334763	55
0.334765	55
0.334774	55
0.335798	55
0.335799	55
0.335812	55
0.346689	55
0.346691	55
0.346691	55
0.346699	55
0.346704	55
0.346707	55
0.346708	55
0.370266	55
0.370266	55
0.370268	55
0.370271	55
0.370271	55
0.370275	55
0.370276	55
0.370282	55
0.388105	55
0.388109	55
0.388109	55
0.388118	55
0.393912	55
0.393912	55
0.393922	55
0.393977	55
0.393992	55
0.398916	55
0.398916	55
0.398927	55
0.401293	55
0.401302	55
0.401304	55
0.401339	55
0.403751	55
0.403756	55
0.403835	55
0.413013	55
0.41302	55
0.413029	55
0.415974	55
0.415982	55
0.415987	55
0.416776	55
0.423871	55
0.423878	55
0.423883	55
0.458224	55
0.458225	55
0.458227	55
0.458227	55
0.458227	55
0.458227	55
0.458231	55
0.458245	55
0.461151	55
0.461183	55
0.474885	55
0.474899	55
0.475087	55
0.477002	55
0.477003	55
0.477005	55
0.477007	55
0.477015	55
0.477027	55
0.482285	55
0.482293	55
0.482295	55
0.496174	55
0.496175	55
0.496176	55
0.496176	55
0.496176	55
0.496178	55
0.496185	55
0.496193	55
0.498321	55
0.498327	55
0.498346	55
0.498348	55
0.498387	55
0.498396	55
0.502294	55
0.502296	55
0.508245	55
0.508246	55
0.508247	55
0.508251	55
0.515231	55
0.515232	55
0.515281	55
0.515347	55
0.53504	55
0.535041	55
0.535041	55
0.535048	55
0.535076	55
0.535081	55
0.53811	55
0.53811	55
0.538111	55
0.538113	55
0.538113	55
0.538907	55
0.538907	55
0.538908	55
0.538913	55
0.558297	55
0.558297	55
0.558298	55
0.5583	55
0.558304	55
0.558353	55
0.562712	55
0.562713	55
0.562729	55
0.562775	55
0.564926	55
0.564926	55
0.564943	55
0.564948	55
0.564949	55
0.567081	55
0.567082	55
0.567083	55
0.567084	55
0.567094	55
0.568954	55
0.575155	55
0.575157	55
0.575161	55
0.575182	55
0.575205	55
0.581908	55
0.581923	55
0.581938	55
0.583147	55
0.583156	55
0.583165	55
0.596224	55
0.596224	55
0.596224	55
0.596232	55
0.596253	55
0.603427	55
0.608816	55
0.608822	55
0.608823	55
0.608841	55
0.614149	55
0.614152	55
0.614153	55
0.614155	55
0.634918	55
0.634918	55
0.634919	55
0.634919	55
0.634922	55
0.634924	55
0.634926	55
0.634929	55
0.634947	55
0.634959	55
0.641204	55
0.64121	55
0.641216	55
0.641258	55
0.64199	55
0.647432	55
0.647436	55
0.647467	55
0.647474	55
0.665248	55
0.665249	55
0.665252	55
0.665266	55
0.665271	55
0.665272	55
0.665329	55
0.722829	55
0.72283	55
0.722832	55
0.722833	55
0.722839	55
0.72284	55
0.722857	55
0.725354	55
0.725354	55
0.725381	55
0.739554	55
0.739557	55
0.739601	55
0.745171	55
0.745195	55
0.745201	55
0.750599	55
0.750608	55
0.750632	55
0.755792	55
0.755793	55
0.755796	55
0.7558	55
0.774377	55
0.774377	55
0.77438	55
0.774383	55
0.774394	55
0.774403	55
0.774404	55
0.774461	55
0.7794	55
0.779402	55
0.779402	55
0.779404	55
0.77942	55
0.779423	55
0.780466	55
0.780687	55
0.780693	55
0.7807	55
0.780714	55
0.780736	55
0.786627	55
0.786637	55
0.78703	55
0.787036	55
0.787043	55
0.78935	55
0.789396	55
0.789435	55
0.789495	55
0.789504	55
0.789621	55
0.811956	55
0.811956	55
0.811958	55
0.811959	55
0.811976	55
0.819994	55
0.819995	55
0.820002	55
0.820006	55
0.820007	55
0.820018	55
0.824858	55
0.824867	55
0.824877	55
0.824886	55
0.824973	55
0.824995	55
0.829442	55
0.829455	55
0.829475	55
0.82948	55
0.829487	55
0.846956	55
0.846957	55
0.846962	55
0.846963	55
0.846977	55
0.847002	55
0.849783	55
0.849794	55
0.849817	55
0.849822	55
0.85265	55
0.858526	55
0.858527	55
0.858543	55
0.858656	55
0.876754	55
0.876754	55
0.876765	55
0.876784	55
0.897871	55
0.897873	55
0.897873	55
0.897874	55
0.897876	55
0.897876	55
0.8979	55
0.898265	55
0.898298	55
0.8983	55
0.92725	55
0.92725	55
0.927252	55
0.927252	55
0.927255	55
0.927266	55
0.927274	55
0.927276	55
0.937154	55
0.937159	55
0.93716	55
0.937183	55
0.947309	55
0.94731	55
0.94731	55
0.947376	55
0.963774	55
0.963774	55
0.963775	55
0.963776	55
0.963781	55
0.963788	55
0.963877	55
0.966777	55
0.966782	55
0.966807	55
0.966812	55
0.975461	55
0.975461	55
0.975464	55
0.975465	55
0.975473	55
0.980502	55
0.980505	55
0.98973	55
1.0003	55
1.00031	55
1.00031	55
1.00032	55
1.00057	55
1.00178	55
1.00178	55
1.00179	55
1.00179	55
1.00227	55
1.00227	55
1.0023	55
1.00861	55
1.00867	55
1.0087	55
1.01686	55
1.01687	55
1.01688	55
1.0169	55
1.01799	55
1.01831	55
1.02301	55
1.02301	55
1.02302	55
1.02374	55
1.02898	55
1.02898	55
1.02899	55
1.02899	55
1.02899	55
1.02899	55
1.03737	55
1.03737	55
1.03737	55
1.03737	55
1.03738	55
1.03746	55
1.03747	55
1.0503	55
1.0503	55
1.0503	55
1.0503	55
1.05031	55
1.05031	55
1.05034	55
1.05065	55
1.05686	55
1.05687	55
1.05687	55
1.05689	55
1.05731	55
1.05733	55
1.05735	55
1.05742	55
1.0611	55
1.0611	55
1.06111	55
1.06112	55
1.06381	55
1.06383	55
1.06389	55
1.07434	55
1.07434	55
1.07901	55
1.09886	55
1.09886	55
1.09886	55
1.09886	55
1.09886	55
1.09886	55
1.09893	55
1.09896	55
1.1094	55
1.1094	55
1.1094	55
1.1094	55
1.10941	55
1.10942	55
1.11305	55
1.11305	55
1.11305	55
1.11313	55
1.12955	55
1.12955	55
1.12955	55
1.12955	55
1.12956	55
1.12956	55
1.12966	55
1.13205	55
1.13205	55
1.13634	55
1.13842	55
1.13842	55
1.13842	55
1.13845	55
1.13852	55
1.15446	55
1.15446	55
1.15446	55
1.15446	55
1.15463	55
1.16248	55
1.16249	55
1.1625	55
1.1692	55
1.1692	55
1.17676	55
1.17676	55
1.17676	55
1.17676	55
1.17678	55
1.20109	55
1.20109	55
1.2011	55
1.2011	55
1.2011	55
1.20111	55
1.20111	55
1.20472	55
1.20472	55
1.20472	55
1.20472	55
1.20472	55
1.20473	55
1.2048	55
1.20486	55
1.22745	55
1.22745	55
1.22746	55
1.22746	55
1.2275	55
1.23425	55
1.23425	55
1.23426	55
1.23427	55
1.24456	55
1.24457	55
1.24457	55
1.24459	55
1.24875	55
1.24876	55
1.24876	55
1.24881	55
1.25969	55
1.25969	55
1.25969	55
1.25969	55
1.25969	55
1.2597	55
1.25975	55
1.26314	55
1.26314	55
1.26314	55
1.26315	55
1.27246	55
1.27247	55
1.27247	55
1.27522	55
1.27522	55
1.27522	55
1.27523	55
1.27599	55
1.27602	55
1.27604	55
1.28077	55
1.28077	55
1.28077	55
1.28079	55
1.2808	55
1.29772	55
1.29772	55
1.29776	55
1.31386	55
1.31387	55
1.31387	55
1.31387	55
1.31387	55
1.31387	55
1.31387	55
1.31389	55
1.3139	55
1.33587	55
1.33587	55
1.33587	55
1.33587	55
1.33589	55
1.33699	55
1.337	55
1.33715	55
1.33798	55
1.3432	55
1.3432	55
1.34321	55
1.34322	55
1.35166	55
1.35166	55
1.35166	55
1.35166	55
1.35168	55
1.36218	55
1.36218	55
1.36219	55
1.41225	55
1.41225	55
1.41225	55
1.41225	55
1.41225	55
1.41226	55
1.41226	55
1.42839	55
1.4284	55
1.42841	55
1.4513	55
1.4513	55
1.4513	55
1.4513	55
1.4513	55
1.4513	55
1.45131	55
1.45131	55
1.45135	55
1.45888	55
1.45889	55
1.45891	55
1.46721	55
1.46721	55
1.46721	55
1.46722	55
1.48246	55
1.48246	55
1.48246	55
1.48942	55
1.48943	55
1.48943	55
1.48945	55
1.48947	55
1.4895	55
1.51557	55
1.51557	55
1.51558	55
1.51558	55
1.51564	55
1.51567	55
1.51567	55
1.53167	55
1.53168	55
1.53168	55
1.53168	55
1.53168	55
1.53168	55
1.53168	55
1.54912	55
1.54912	55
1.54912	55
1.54914	55
1.54917	55
1.55151	55
1.55151	55
1.55151	55
1.55154	55
1.55158	55
1.55317	55
1.56738	55
1.56739	55
1.56739	55
1.56739	55
1.56741	55
1.56741	55
1.57482	55
1.57492	55
1.58354	55
1.58355	55
1.58357	55
1.58821	55
1.58821	55
1.58821	55
1.58822	55
1.58825	55
1.60473	55
1.60473	55
1.60473	55
1.60474	55
1.60475	55
1.60475	55
1.60477	55
1.60479	55
1.61713	55
1.61713	55
1.61713	55
1.61715	55
1.63376	55
1.63376	55
1.63376	55
1.63376	55
1.63377	55
1.63377	55
1.63377	55
1.63378	55
1.63518	55
1.63762	55
1.63765	55
1.63874	55
1.63874	55
1.63875	55
1.64352	55
1.64356	55
1.64375	55
1.64718	55
1.64719	55
1.6473	55
1.64909	55
1.64909	55
1.64911	55
1.64912	55
1.65794	55
1.65799	55
1.66062	55
1.66062	55
1.66065	55
1.67767	55
1.67767	55
1.67767	55
1.67767	55
1.67768	55
1.67768	55
1.68553	55
1.68555	55
1.69128	55
1.69128	55
1.69129	55
1.69131	55
1.69131	55
1.69147	55
1.69147	55
1.69149	55
1.6915	55
1.69461	55
1.69462	55
1.69463	55
1.69464	55
1.69477	55
1.71056	55
1.71057	55
1.71058	55
1.71058	55
1.71076	55
1.7115	55
1.71151	55
1.71153	55
1.71154	55
1.71367	55
1.71368	55
1.71368	55
1.71379	55
1.72499	55
1.72501	55
1.72502	55
1.72556	55
1.72556	55
1.7256	55
1.72835	55
1.72835	55
1.72836	55
1.73278	55
1.73278	55
1.73279	55
1.73283	55
1.73284	55
1.73302	55
1.73306	55
1.73674	55
1.73674	55
1.73674	55
1.73676	55
1.74981	55
1.74982	55
1.74982	55
1.74984	55
1.75306	55
1.75306	55
1.75307	55
1.75309	55
1.75663	55
1.75663	55
1.75667	55
1.77651	55
1.77651	55
1.77651	55
1.77651	55
1.77651	55
1.77654	55
1.77679	55
1.78288	55
1.78289	55
1.7829	55
1.78303	55
1.78782	55
1.78783	55
1.78784	55
1.78821	55
1.80066	55
1.80067	55
1.80067	55
1.80071	55
1.80689	55
1.80689	55
1.80689	55
1.83042	55
1.83043	55
1.83043	55
1.83043	55
1.83043	55
1.83045	55
1.84256	55
1.84256	55
1.84256	55
1.84258	55
1.8426	55
1.84534	55
1.84535	55
1.84535	55
1.84536	55
1.84537	55
1.84551	55
1.85474	55
1.85475	55
1.85833	55
1.86229	55
1.86229	55
1.8623	55
1.8623	55
1.8623	55
1.86546	55
1.86546	55
1.86546	55
1.86547	55
1.8655	55
1.8663	55
1.86631	55
1.86632	55
1.86632	55
1.87206	55
1.87206	55
1.87206	55
1.87208	55
1.87208	55
1.87212	55
1.89604	55
1.89604	55
1.89604	55
1.89604	55
1.89605	55
1.89607	55
1.89625	55
1.91301	55
1.91302	55
1.91302	55
1.91371	55
1.91465	55
1.91466	55
1.91467	55
1.91541	55
1.91865	55
1.91867	55
1.91872	55
1.91872	55
1.91873	55
1.91873	55
1.91875	55
1.92616	55
1.92617	55
1.92618	55
1.9262	55
1.92621	55
1.92699	55
1.92702	55
1.92706	55
1.94384	55
1.94384	55
1.94384	55
1.94384	55
1.94388	55
1.95412	55
1.95412	55
1.95412	55
1.95419	55
1.95986	55
1.96235	55
1.96236	55
1.96399	55
1.98642	55
1.98642	55
1.98642	55
1.98642	55
1.98642	55
1.98644	55
1.98834	55
1.99496	55
1.99496	55
1.99496	55
1.99563	55
1.99563	55
1.99565	55
1.99898	55
2.00054	55
2.00054	55
2.00055	55
2.00932	55
2.00932	55
2.00932	55
2.00938	55
2.01598	55
2.03741	55
2.03741	55
2.03741	55
2.03741	55
2.03741	55
2.03741	55
2.03741	55
2.03742	55
2.03742	55
2.03744	55
2.0375	55
2.03786	55
2.03864	55
2.03865	55
2.04179	55
2.0418	55
2.0418	55
2.05959	55
2.05959	55
2.0596	55
2.06063	55
2.06063	55
2.06063	55
2.0607	55
2.06071	55
2.06071	55
2.06071	55
2.06071	55
2.06148	55
2.0662	55
2.06621	55
2.06622	55
2.06625	55
2.08671	55
2.08671	55
2.08671	55
2.08672	55
2.08675	55
2.09694	55
2.09695	55
2.09697	55
2.13194	55
2.13194	55
2.13195	55
2.13195	55
2.13195	55
2.13195	55
2.13424	55
2.13656	55
2.13658	55
2.1366	55
2.15078	55
2.15078	55
2.15079	55
2.15361	55
2.15361	55
2.15363	55
2.15863	55
2.15863	55
2.15863	55
2.16071	55
2.16071	55
2.16072	55
2.16072	55
2.16072	55
2.16072	55
2.16072	55
2.16075	55
2.16559	55
2.16559	55
2.1656	55
2.16562	55
2.16562	55
2.17703	55
2.17703	55
2.17703	55
2.17704	55
2.17704	55
2.18475	55
2.18475	55
2.18478	55
2.18696	55
2.18696	55
2.18698	55
2.19699	55
2.19699	55
2.19699	55
2.197	55
2.197	55
2.197	55
2.197	55
2.197	55
2.19714	55
2.20461	55
2.20461	55
2.20461	55
2.20461	55
2.20461	55
2.20712	55
2.20713	55
2.20715	55
2.20833	55
2.20834	55
2.20834	55
2.22508	55
2.22509	55
2.22509	55
2.22509	55
2.2251	55
2.23176	55
2.23177	55
2.23177	55
2.26254	55
2.26254	55
2.26254	55
2.26255	55
2.2725	55
2.2725	55
2.2725	55
2.27251	55
2.27251	55
2.27345	55
2.27346	55
2.27347	55
2.27348	55
2.27359	55
2.27359	55
2.27709	55
2.2771	55
2.27717	55
2.28134	55
2.28134	55
2.28363	55
2.28363	55
2.28364	55
2.28366	55
2.30753	55
2.30753	55
2.30753	55
2.30753	55
2.30753	55
2.30801	55
2.31277	55
2.31277	55
2.31278	55
2.31278	55
2.31278	55
2.32336	55
2.32336	55
2.32337	55
2.32338	55
2.32339	55
2.32681	55
2.32795	55
2.32795	55
2.32795	55
2.32961	55
2.32962	55
2.32965	55
2.33664	55
2.33664	55
2.33664	55
2.33664	55
2.33664	55
2.33664	55
2.33665	55
2.34373	55
2.34373	55
2.34373	55
2.34374	55
2.34375	55
2.36322	55
2.36322	55
2.36322	55
2.36322	55
2.36324	55
2.36331	55
2.36452	55
2.36452	55
2.36453	55
2.37782	55
2.37782	55
2.37782	55
2.37783	55
2.37783	55
2.37844	55
2.37844	55
2.37844	55
2.37845	55
2.37847	55
2.38709	55
2.38709	55
2.38714	55
2.39176	55
2.3967	55
2.3967	55
2.3967	55
2.3967	55
2.39672	55
2.39672	55
2.39673	55
2.42261	55
2.42261	55
2.42261	55
2.42261	55
2.42261	55
2.42262	55
2.42262	55
2.42264	55
2.43227	55
2.46412	55
2.46412	55
2.46412	55
2.46412	55
2.46413	55
2.46414	55
2.46415	55
2.46998	55
2.47633	55
2.47633	55
2.47638	55
2.47997	55
2.47997	55
2.47997	55
2.48541	55
2.48544	55
2.48544	55
2.49295	55
2.49296	55
2.49296	55
2.49297	55
2.49297	55
2.49298	55
2.49298	55
2.50259	55
2.50259	55
2.50259	55
2.5026	55
2.5026	55
2.50262	55
2.55213	55
2.55213	55
2.55213	55
2.55213	55
2.55214	55
2.55214	55
2.55214	55
2.55215	55
2.55216	55
2.58135	55
2.58135	55
2.58135	55
2.58137	55
2.58138	55
2.58379	55
2.5838	55
2.59685	55
2.59685	55
2.59686	55
2.59687	55
2.59687	55
2.59688	55
2.60084	55
2.61177	55
2.61177	55
2.61177	55
2.61178	55
2.6167	55
2.61672	55
2.61672	55
2.61928	55
2.61928	55
2.61929	55
2.6193	55
2.62304	55
2.63659	55
2.6366	55
2.6366	55
2.6366	55
2.6366	55
2.63664	55
2.63831	55
2.63831	55
2.63831	55
2.63832	55
2.63832	55
2.63832	55
2.63844	55
2.64047	55
2.64049	55
2.64049	55
2.6405	55
2.64337	55
2.68856	55
2.68856	55
2.68856	55
2.68857	55
2.68857	55
2.68858	55
2.68858	55
2.68859	55
2.68863	55
2.70761	55
2.70761	55
2.70763	55
2.70769	55
2.72234	55
2.72235	55
2.72235	55
2.72235	55
2.7413	55
2.7413	55
2.74131	55
2.74131	55
2.74132	55
2.75761	55
2.75761	55
2.75762	55
2.75848	55
2.75849	55
2.7594	55
2.75941	55
2.75942	55
2.76302	55
2.76302	55
2.76304	55
2.76612	55
2.76613	55
2.76613	55
2.76613	55
2.76614	55
2.76621	55
2.76799	55
2.76799	55
2.768	55
2.76801	55
2.76806	55
2.77999	55
2.78	55
2.78001	55
2.78001	55
2.78003	55
2.7807	55
2.7807	55
2.78071	55
2.78073	55
2.78114	55
2.78115	55
2.78125	55
2.78267	55
2.78268	55
2.78278	55
2.80878	55
2.80878	55
2.80879	55
2.80879	55
2.80879	55
2.80884	55
2.81953	55
2.81954	55
2.81954	55
2.81954	55
2.81954	55
2.81955	55
2.82881	55
2.82882	55
2.83133	55
2.83134	55
2.83134	55
2.83467	55
2.83467	55
2.83468	55
2.8347	55
2.8347	55
2.83935	55
2.83935	55
2.83941	55
2.84083	55
2.84083	55
2.84919	55
2.84919	55
2.84921	55
2.86896	55
2.86896	55
2.86896	55
2.86896	55
2.86896	55
2.86896	55
2.86897	55
2.86897	55
2.86897	55
2.86897	55
2.86911	55
2.87789	55
2.87789	55
2.87789	55
2.8779	55
2.87794	55
2.89339	55
2.89339	55
2.8934	55
2.8934	55
2.89341	55
2.89343	55
2.89667	55
2.89667	55
2.89668	55
2.89887	55
2.91713	55
2.91713	55
2.91717	55
2.91752	55
2.91752	55
2.91753	55
2.91755	55
2.95291	55
2.95291	55
2.95291	55
2.95291	55
2.95291	55
2.95291	55
2.95293	55
2.95294	55
2.96882	55
2.96882	55
2.96882	55
2.96882	55
2.96883	55
2.98055	55
2.98055	55
2.98056	55
2.98057	55
2.98059	55
3.00921	55
3.00921	55
3.00921	55
3.00922	55
3.00923	55
3.01965	55
3.01965	55
3.01965	55
3.01966	55
3.01966	55
3.03178	55
3.03178	55
3.03179	55
3.03179	55
3.03181	55
3.03184	55
3.03199	55
3.05172	55
3.05172	55
3.05172	55
3.05173	55
3.05173	55
3.0519	55
3.0585	55
3.05856	55
3.05859	55
3.05881	55
3.05881	55
3.05885	55
3.0659	55
3.06591	55
3.06592	55
3.06593	55
3.06594	55
3.0695	55
3.0804	55
3.0804	55
3.0804	55
3.08041	55
3.08041	55
3.08057	55
3.0836	55
3.08459	55
3.0846	55
3.08462	55
3.08466	55
3.08485	55
3.08769	55
3.08773	55
3.08794	55
3.09146	55
3.09146	55
3.09153	55
3.10351	55
3.10351	55
3.11404	55
3.11404	55
3.11404	55
3.11405	55
3.11405	55
3.13131	55
3.13131	55
3.13134	55
3.14164	55
3.14183	55
3.15616	55
3.15616	55
3.15616	55
3.15617	55
3.15617	55
3.15617	55
3.15617	55
3.15618	55
3.15618	55
3.15618	55
3.15619	55
3.15622	55
3.15696	55
3.15698	55
3.15699	55
3.15855	55
3.15856	55
3.16617	55
3.16618	55
3.16618	55
3.16621	55
3.16623	55
3.16916	55
3.16918	55
3.16919	55
3.17507	55
3.17508	55
3.17509	55
3.17922	55
3.17924	55
3.18074	55
3.18075	55
3.18078	55
3.18081	55
3.184	55
3.184	55
3.18403	55
3.18403	55
3.19476	55
3.19476	55
3.19476	55
3.19478	55
3.19479	55
3.19481	55
3.19809	55
3.1981	55
3.19811	55
3.19815	55
3.21203	55
3.21203	55
3.21203	55
3.21204	55
3.21204	55
3.2121	55
3.21213	55
3.21434	55
3.21436	55
3.21437	55
3.21451	55
3.23853	55
3.23853	55
3.23854	55
3.23854	55
3.23855	55
3.23856	55
3.23872	55
3.24094	55
3.24096	55
3.24097	55
3.24737	55
3.24739	55
3.24741	55
3.24752	55
3.25001	55
3.25001	55
3.25023	55
3.26701	55
3.26701	55
3.26702	55
3.26749	55
3.26753	55
3.27905	55
3.27905	55
3.27905	55
3.28291	55
3.28291	55
3.28291	55
3.28292	55
3.28305	55
3.29055	55
3.29055	55
3.29055	55
3.29057	55
3.29285	55
3.31315	55
3.31315	55
3.31315	55
3.31317	55
3.32722	55
3.32722	55
3.32723	55
3.32723	55
3.33042	55
3.33044	55
3.33044	55
3.33048	55
3.34105	55
3.34105	55
3.34106	55
3.34106	55
3.34106	55
3.34107	55
3.34112	55
3.36483	55
3.36483	55
3.36484	55
3.36486	55
3.36486	55
3.36493	55
3.36504	55
3.36753	55
3.37333	55
3.37334	55
3.37335	55
3.37335	55
3.3951	55
3.3951	55
3.3951	55
3.39511	55
3.39511	55
3.39511	55
3.39532	55
3.40281	55
3.40283	55
3.40283	55
3.40286	55
3.40291	55
3.41113	55
3.41114	55
3.41148	55
3.41454	55
3.41454	55
3.41454	55
3.41457	55
3.41457	55
3.42481	55
3.42482	55
3.42482	55
3.42505	55
3.43301	55
3.43301	55
3.43301	55
3.43302	55
3.43304	55
3.43551	55
3.43551	55
3.4356	55
3.43578	55
3.46739	55
3.46739	55
3.46739	55
3.4674	55
3.4674	55
3.4674	55
3.46742	55
3.46752	55
3.46774	55
3.48458	55
3.48459	55
3.48462	55
3.48951	55
3.48951	55
3.48952	55
3.48952	55
3.48954	55
3.49624	55
3.49625	55
3.49626	55
3.49626	55
3.49672	55
3.50383	55
3.50419	55
3.5042	55
3.50425	55
3.50445	55
3.50553	55
3.5056	55
3.50609	55
3.51944	55
3.51944	55
3.51945	55
3.51945	55
3.5196	55
3.53302	55
3.53302	55
3.53305	55
3.53355	55
3.55141	55
3.55142	55
3.55142	55
3.55142	55
3.56162	55
3.56162	55
3.56162	55
3.56162	55
3.56164	55
3.57388	55
3.57388	55
3.57389	55
3.5739	55
3.58027	55
3.58028	55
3.58824	55
3.58824	55
3.58825	55
3.58827	55
3.59061	55
3.59061	55
3.59062	55
3.59069	55
3.59507	55
3.59507	55
3.59507	55
3.59507	55
3.59515	55
3.60408	55
3.60411	55
3.60413	55
3.60414	55
3.6208	55
3.6208	55
3.62083	55
3.63412	55
3.63412	55
3.63415	55
3.63416	55
3.64802	55
3.64802	55
3.64802	55
3.64804	55
3.64805	55
3.64805	55
3.66176	55
3.66177	55
3.66177	55
3.66179	55
3.66181	55
3.676	55
3.67601	55
3.67601	55
3.67603	55
3.687	55
3.687	55
3.68701	55
3.68701	55
3.68704	55
3.69177	55
3.69177	55
3.69178	55
3.69178	55
3.69943	55
3.70841	55
3.70841	55
3.70842	55
3.70842	55
3.70842	55
3.7151	55
3.7151	55
3.71511	55
3.71511	55
3.71514	55
3.71518	55
3.71819	55
3.7182	55
3.73159	55
3.7316	55
3.7316	55
3.73161	55
3.73162	55
3.73164	55
3.74391	55
3.74391	55
3.74392	55
3.74392	55
3.74392	55
3.74393	55
3.74399	55
3.75071	55
3.76681	55
3.76681	55
3.76687	55
3.79349	55
3.79349	55
3.79349	55
3.79349	55
3.7935	55
3.79351	55
3.79353	55
3.79692	55
3.79692	55
3.79693	55
3.79694	55
3.79694	55
3.80124	55
3.80204	55
3.80205	55
3.80205	55
3.80206	55
3.81833	55
3.81833	55
3.81834	55
3.81834	55
3.81835	55
3.81837	55
3.82004	55
3.84096	55
3.84097	55
3.84097	55
3.84097	55
3.84097	55
3.84098	55
3.841	55
3.84112	55
3.8515	55
3.85151	55
3.85196	55
3.861	55
3.861	55
3.861	55
3.861	55
3.8688	55
3.8688	55
3.8688	55
3.88263	55
3.88263	55
3.88263	55
3.88263	55
3.88263	55
3.88265	55
3.88522	55
3.8853	55
3.89206	55
3.89207	55
3.89208	55
3.90174	55
3.90176	55
3.90179	55
3.90181	55
3.90185	55
3.90452	55
3.90454	55
3.90454	55
3.9069	55
3.90691	55
3.90692	55
3.91713	55
3.91713	55
3.91713	55
3.91713	55
3.91719	55
3.91884	55
3.92652	55
3.92652	55
3.92652	55
3.92653	55
3.92653	55
3.92653	55
3.945	55
3.945	55
3.945	55
3.945	55
3.94501	55
3.94502	55
3.94502	55
3.94503	55
3.96276	55
3.96277	55
3.96277	55
3.96278	55
3.97128	55
3.97128	55
3.97129	55
3.97129	55
3.9713	55
3.97131	55
3.98263	55
3.98264	55
3.98264	55
3.98266	55
3.99695	55
3.99695	55
3.99696	55
3.99696	55
4.0238	55
4.0238	55
4.0238	55
4.0238	55
4.0238	55
4.02382	55
4.02383	55
4.02384	55
4.02496	55
4.03752	55
4.03755	55
4.03858	55
4.0401	55
4.04012	55
4.04052	55
4.04172	55
4.06475	55
4.06476	55
4.06476	55
4.06478	55
4.06479	55
4.06557	55
4.06836	55
4.06836	55
4.06865	55
4.0717	55
4.0717	55
4.0717	55
4.0717	55
4.07179	55
4.09565	55
4.09566	55
4.09566	55
4.09566	55
4.09567	55
4.09587	55
4.10533	55
4.10534	55
4.10534	55
4.10583	55
4.14411	55
4.14411	55
4.14411	55
4.14412	55
4.14412	55
4.14414	55
4.14415	55
4.14416	55
4.1447	55
4.15494	55
4.15555	55
4.15559	55
4.15818	55
4.15819	55
4.15821	55
4.15929	55
4.16089	55
4.16091	55
4.16091	55
4.16092	55
4.16092	55
4.16352	55
4.16353	55
4.16353	55
4.16353	55
4.16353	55
4.16353	55
4.16401	55
4.17317	55
4.17318	55
4.19114	55
4.19114	55
4.19114	55
4.19115	55
4.19115	55
4.19116	55
4.19117	55
4.21827	55
4.21827	55
4.21827	55
4.21828	55
4.21831	55
4.22234	55
4.22234	55
4.22234	55
4.22235	55
4.22236	55
4.22469	55
4.23759	55
4.23759	55
4.2376	55
4.23773	55
4.25299	55
4.253	55
4.25303	55
4.25312	55
4.26119	55
4.2612	55
4.2612	55
4.2612	55
4.26121	55
4.26133	55
4.28143	55
4.28145	55
4.28145	55
4.28146	55
4.28148	55
4.28316	55
4.28332	55
4.28348	55
4.28353	55
4.28417	55
4.30706	55
4.30706	55
4.30707	55
4.30707	55
4.30711	55
4.30762	55
4.31245	55
4.33474	55
4.33474	55
4.33475	55
4.33475	55
4.33475	55
4.33479	55
4.33751	55
4.33751	55
4.33756	55
4.34222	55
4.34222	55
4.34222	55
4.34225	55
4.3423	55
4.34966	55
4.34968	55
4.34968	55
4.35642	55
4.35643	55
4.35644	55
4.35644	55
4.35647	55
4.3574	55
4.35763	55
4.37119	55
4.3712	55
4.3712	55
4.37121	55
4.37165	55
4.37207	55
4.37207	55
4.37209	55
4.37311	55
4.37693	55
4.37694	55
4.37694	55
4.37983	55
4.38027	55
4.39262	55
4.39263	55
4.39263	55
4.39264	55
4.39583	55
4.39583	55
4.39766	55
4.40036	55
4.40049	55
4.40348	55
4.40349	55
4.4035	55
4.40574	55
4.40644	55
4.41948	55
4.41949	55
4.4195	55
4.41952	55
4.42072	55
4.4313	55
4.43131	55
4.43208	55
4.43253	55
4.4374	55
4.4374	55
4.43743	55
4.44128	55
4.44324	55
4.44324	55
4.44325	55
4.44425	55
4.44656	55
4.44659	55
4.44662	55
4.45	55
4.45648	55
4.45648	55
4.45652	55
4.45653	55
4.4631	55
4.46311	55
4.46311	55
4.47928	55
4.47928	55
4.47929	55
4.47929	55
4.47929	55
4.4793	55
4.47933	55
4.4811	55
4.4856	55
4.4856	55
4.48562	55
4.48562	55
4.48648	55
4.50008	55
4.5001	55
4.50013	55
4.51118	55
4.51118	55
4.51118	55
4.51119	55
4.51386	55
4.51386	55
4.51387	55
4.51389	55
4.51987	55
4.51988	55
4.51988	55
4.51989	55
4.53096	55
4.53096	55
4.53096	55
4.53099	55
4.54436	55
4.54471	55
4.5567	55
4.5567	55
4.5567	55
4.5567	55
4.55671	55
4.55672	55
4.55672	55
4.55686	55
4.56007	55
4.56008	55
4.56008	55
4.5749	55
4.57504	55
4.58906	55
4.58906	55
4.58907	55
4.58907	55
4.58907	55
4.58907	55
4.58908	55
4.58958	55
4.5896	55
4.58966	55
4.62082	55
4.62083	55
4.62083	55
4.62083	55
4.62085	55
4.62091	55
4.62125	55
4.62125	55
4.62126	55
4.62129	55
4.63954	55
4.63954	55
4.63955	55
4.63956	55
4.63956	55
4.63979	55
4.64244	55
4.64245	55
4.64246	55
4.64246	55
4.64246	55
4.64794	55
4.66159	55
4.66159	55
4.66159	55
4.6616	55
4.66162	55
4.66165	55
4.67885	55
4.67886	55
4.67886	55
4.67886	55
4.67886	55
4.68186	55
4.68187	55
4.68187	55
4.68187	55
4.68189	55
4.68193	55
4.69874	55
4.69874	55
4.69874	55
4.69875	55
4.69875	55
4.69877	55
4.76386	55
4.76386	55
4.76386	55
4.76386	55
4.76386	55
4.76386	55
4.76387	55
4.76389	55
4.77483	55
4.77648	55
4.77649	55
4.78084	55
4.78085	55
4.78088	55
4.7842	55
4.78538	55
4.78538	55
4.78538	55
4.78539	55
4.7854	55
4.79465	55
4.81338	55
4.81338	55
4.81338	55
4.81338	55
4.81338	55
4.81339	55
4.81339	55
4.81339	55
4.84472	55
4.84472	55
4.84472	55
4.84473	55
4.84473	55
4.84475	55
4.84861	55
4.84861	55
4.84862	55
4.84867	55
4.86647	55
4.86647	55
4.86647	55
4.86647	55
4.86649	55
4.8707	55
4.9284	55
4.9284	55
4.9284	55
4.9284	55
4.9284	55
4.92841	55
4.92841	55
4.92844	55
4.93294	55
4.93294	55
4.93294	55
4.954	55
4.954	55
4.95401	55
4.95402	55
4.95403	55
4.9668	55
4.96681	55
4.96681	55
4.96681	55
4.98213	55
4.98213	55
4.98215	55
4.9822	55
4.98982	55
4.98982	55
4.98983	55
4.98983	55
4.98983	55
4.98986	55
4.99278	55
4.99278	55
4.99278	55
4.99279	55
4.99334	55
5.00974	55
5.00974	55
5.00974	55
5.00979	55
5.00989	55
5.00989	55
5.00989	55
5.00992	55
5.00993	55
5.01135	55
5.01136	55
5.01136	55
5.01142	55
5.01204	55
5.01205	55
5.01206	55
5.01963	55
5.02684	55
5.02684	55
5.02686	55
5.03783	55
5.03783	55
5.03783	55
5.03784	55
5.03784	55
5.03785	55
5.04806	55
5.04806	55
5.04807	55
5.04809	55
5.04864	55
5.04864	55
5.04865	55
5.04867	55
5.0625	55
5.0625	55
5.06252	55
5.06252	55
5.06252	55
5.07736	55
5.07737	55
5.07741	55
5.08255	55
5.08255	55
5.08256	55
5.08257	55
5.08935	55
5.08935	55
5.08936	55
5.08936	55
5.10069	55
5.10069	55
5.10069	55
5.10071	55
5.10071	55
5.11423	55
5.11424	55
5.11425	55
5.12169	55
5.1217	55
5.12342	55
5.12342	55
5.12342	55
5.12345	55
5.17469	55
5.17469	55
5.17469	55
5.17469	55
5.17469	55
5.17469	55
5.17472	55
5.17476	55
5.17756	55
5.17757	55
5.17759	55
5.19311	55
5.19313	55
5.19313	55
5.19919	55
5.1992	55
5.1992	55
5.19922	55
5.20519	55
5.2052	55
5.20521	55
5.20521	55
5.20684	55
5.20684	55
5.20685	55
5.20687	55
5.23097	55
5.23098	55
5.23099	55
5.23101	55
5.23101	55
5.24164	55
5.24164	55
5.24165	55
5.24165	55
5.24165	55
5.24172	55
5.24246	55
5.24266	55
5.24403	55
5.24666	55
5.273	55
5.273	55
5.273	55
5.27301	55
5.27301	55
5.27302	55
5.27302	55
5.27304	55
5.27333	55
5.27335	55
5.27342	55
5.28479	55
5.28479	55
5.2848	55
5.28482	55
5.29161	55
5.29162	55
5.29163	55
5.29164	55
5.31832	55
5.31832	55
5.31832	55
5.31832	55
5.31833	55
5.31836	55
5.31836	55
5.3205	55
5.32054	55
5.32149	55
5.32151	55
5.32152	55
5.32401	55
5.32402	55
5.32403	55
5.33406	55
5.33407	55
5.33419	55
5.33952	55
5.33953	55
5.33955	55
5.33959	55
5.33961	55
5.37478	55
5.37478	55
5.37478	55
5.37478	55
5.37479	55
5.3805	55
5.38051	55
5.38054	55
5.382	55
5.38201	55
5.39043	55
5.39043	55
5.39044	55
5.39047	55
5.39921	55
5.39922	55
5.39924	55
5.42354	55
5.42354	55
5.42355	55
5.42355	55
5.42356	55
5.42357	55
5.42357	55
5.42358	55
5.43253	55
5.43254	55
5.43255	55
5.43256	55
5.43847	55
5.43851	55
5.47949	55
5.47949	55
5.47949	55
5.47949	55
5.47949	55
5.47949	55
5.47951	55
5.47951	55
5.47951	55
5.47953	55
5.49934	55
5.49935	55
5.49939	55
5.50234	55
5.52499	55
5.52499	55
5.52499	55
5.525	55
5.525	55
5.525	55
5.52987	55
5.52988	55
5.52988	55
5.52989	55
5.56417	55
5.56417	55
5.56418	55
5.56418	55
5.56419	55
5.56421	55
5.56422	55
5.56424	55
5.56648	55
5.56648	55
5.56649	55
5.57252	55
5.59861	55
5.59862	55
5.59862	55
5.59863	55
5.59864	55
5.59865	55
5.59865	55
5.61352	55
5.61352	55
5.61353	55
5.61353	55
5.61353	55
5.61354	55
5.61354	55
5.61357	55
5.65145	55
5.65145	55
5.65146	55
5.65146	55
5.65146	55
5.67206	55
5.67206	55
5.67206	55
5.67207	55
5.6721	55
5.67241	55
5.67244	55
5.67244	55
5.67269	55
5.67273	55
5.67275	55
5.67277	55
5.67534	55
5.67535	55
5.67535	55
5.67537	55
5.67538	55
5.67792	55
5.67792	55
5.67793	55
5.67794	55
5.67794	55
5.68647	55
5.68648	55
5.6865	55
5.68651	55
5.6919	55
5.69191	55
5.69191	55
5.69193	55
5.70671	55
5.70672	55
5.74008	55
5.74008	55
5.74009	55
5.74009	55
5.74014	55
5.7738	55
5.7738	55
5.7738	55
5.77381	55
5.77381	55
5.77381	55
5.77382	55
5.77384	55
5.77385	55
5.7739	55
5.77532	55
5.77532	55
5.77535	55
5.79721	55
5.79721	55
5.79722	55
5.79722	55
5.79725	55
5.80429	55
5.8043	55
5.80431	55
5.80615	55
5.80616	55
5.80616	55
5.80619	55
5.81465	55
5.81466	55
5.81466	55
5.81466	55
5.81466	55
5.81467	55
5.81597	55
5.81597	55
5.81598	55
5.81603	55
5.81717	55
5.81717	55
5.81721	55
5.81787	55
5.81787	55
5.82307	55
5.82307	55
5.82307	55
5.82307	55
5.82308	55
5.86685	55
5.86686	55
5.86686	55
5.86686	55
5.86686	55
5.86686	55
5.8669	55
5.8669	55
5.87526	55
5.87526	55
5.87528	55
5.87744	55
5.87744	55
5.87746	55
5.89142	55
5.89142	55
5.89142	55
5.89144	55
5.89145	55
5.89145	55
5.89146	55
5.90004	55
5.90006	55
5.90006	55
5.90006	55
5.90008	55
5.91361	55
5.91364	55
5.91464	55
5.92214	55
5.92215	55
5.92215	55
5.92215	55
5.9222	55
5.92384	55
5.92385	55
5.92387	55
5.92389	55
5.92441	55
5.92442	55
5.92444	55
5.92445	55
5.97459	55
5.9746	55
5.9746	55
5.9746	55
5.97461	55
5.97461	55
5.97464	55
5.98166	55
5.98167	55
5.98168	55
5.98169	55
6.00334	55
6.00334	55
6.00334	55
6.00335	55
6.00336	55
6.00338	55
6.01532	55
6.04744	55
6.04744	55
6.04745	55
6.04745	55
6.04746	55
6.04746	55
6.04751	55
6.0564	55
6.0564	55
6.05641	55
6.05642	55
6.05645	55
6.05649	55
6.09373	55
6.09374	55
6.09374	55
6.09375	55
6.09378	55
6.1349	55
6.1349	55
6.1349	55
6.13491	55
6.13491	55
6.13493	55
6.13503	55
6.14078	55
6.14079	55
6.14084	55
6.16182	55
6.16183	55
6.16183	55
6.16184	55
6.16185	55
6.16189	55
6.17649	55
6.17649	55
6.1765	55
6.1765	55
6.1778	55
6.17781	55
6.17781	55
6.17781	55
6.17782	55
6.18149	55
6.18153	55
6.19379	55
6.19379	55
6.1938	55
6.19381	55
6.19754	55
6.19756	55
6.19756	55
6.19757	55
6.20713	55
6.20714	55
6.20714	55
6.20714	55
6.21224	55
6.21225	55
6.21948	55
6.2195	55
6.21951	55
6.24403	55
6.24403	55
6.24404	55
6.24404	55
6.24404	55
6.24406	55
6.24501	55
6.24503	55
6.24503	55
6.24505	55
6.24509	55
6.25137	55
6.25137	55
6.25138	55
6.25143	55
6.2547	55
6.25489	55
6.26792	55
6.26792	55
6.26792	55
6.26793	55
6.26796	55
6.28622	55
6.28623	55
6.28623	55
6.29321	55
6.29324	55
6.29326	55
6.30749	55
6.30751	55
6.30752	55
6.30756	55
6.30894	55
6.30894	55
6.30894	55
6.31028	55
6.31028	55
6.31032	55
6.31536	55
6.31538	55
6.31541	55
6.31544	55
6.32475	55
6.36828	55
6.36828	55
6.36828	55
6.36828	55
6.36828	55
6.36829	55
6.36832	55
6.36832	55
6.36838	55
6.38585	55
6.3859	55
6.38771	55
6.38772	55
6.38774	55
6.39222	55
6.39223	55
6.39224	55
6.39224	55
6.39464	55
6.39464	55
6.39465	55
6.39672	55
6.39673	55
6.39673	55
6.39675	55
6.46201	55
6.46202	55
6.46202	55
6.46203	55
6.46203	55
6.46204	55
6.46205	55
6.52552	55
6.52552	55
6.52553	55
6.52553	55
6.52554	55
6.52555	55
6.52555	55
6.52559	55
6.52635	55
6.52636	55
6.52636	55
6.52638	55
6.55219	55
6.5522	55
6.55222	55
6.55223	55
6.55404	55
6.56543	55
6.56544	55
6.56547	55
6.57565	55
6.57565	55
6.57565	55
6.5758	55
6.57769	55
6.5777	55
6.57772	55
6.59669	55
6.59669	55
6.5967	55
6.5967	55
6.5967	55
6.59674	55
6.59677	55
6.59835	55
6.5984	55
6.59842	55
6.62206	55
6.62206	55
6.62207	55
6.62208	55
6.62214	55
6.62985	55
6.62986	55
6.62986	55
6.62987	55
6.62987	55
6.6337	55
6.6337	55
6.6337	55
6.63372	55
6.64055	55
6.64056	55
6.64057	55
6.64641	55
6.64644	55
6.64646	55
6.64649	55
6.66345	55
6.66346	55
6.66347	55
6.66348	55
6.80943	55
6.80943	55
6.80943	55
6.80947	55
6.8095	55
6.80951	55
6.80952	55
6.8124	55
6.8124	55
6.8124	55
6.81242	55
6.81889	55
6.81889	55
6.81889	55
6.81898	55
6.82434	55
6.82434	55
6.82437	55
6.82438	55
6.82442	55
6.82452	55
6.82743	55
6.82743	55
6.82751	55
6.82751	55
6.8285	55
6.86869	55
6.86869	55
6.86869	55
6.8687	55
6.8687	55
6.86871	55
6.86871	55
6.86871	55
6.86871	55
6.86946	55
6.86948	55
6.86951	55
6.87084	55
6.87084	55
6.87087	55
6.8709	55
6.97758	55
6.97758	55
6.97758	55
6.9776	55
6.97761	55
6.97765	55
6.97784	55
7.00104	55
7.00123	55
7.00284	55
7.00285	55
7.00285	55
7.00287	55
7.00287	55
7.00557	55
7.00558	55
7.00558	55
7.00565	55
7.00748	55
7.00748	55
7.00748	55
7.01608	55
7.04208	55
7.04208	55
7.04209	55
7.04209	55
7.04212	55
7.04214	55
7.04215	55
7.04227	55
7.07043	55
7.07043	55
7.07044	55
7.07044	55
7.07045	55
7.07045	55
7.07064	55
7.07455	55
7.07456	55
7.07458	55
7.0746	55
7.07537	55
7.07538	55
7.07539	55
7.0754	55
7.08604	55
7.08605	55
7.08605	55
7.08605	55
7.12687	55
7.12687	55
7.12687	55
7.12689	55
7.12689	55
7.1269	55
7.13164	55
7.13165	55
7.13183	55
7.1608	55
7.1608	55
7.16082	55
7.16082	55
7.16085	55
7.16087	55
7.17155	55
7.17155	55
7.17155	55
7.17156	55
7.17158	55
7.17888	55
7.17889	55
7.17889	55
7.17901	55
7.19484	55
7.19485	55
7.19487	55
7.19488	55
7.19489	55
7.19507	55
7.20545	55
7.20545	55
7.20546	55
7.20547	55
7.2056	55
7.21875	55
7.21876	55
7.21877	55
7.21882	55
7.21886	55
7.2396	55
7.23961	55
7.23961	55
7.23961	55
7.23961	55
7.23961	55
7.23966	55
7.2398	55
7.25266	55
7.25268	55
7.25284	55
7.25285	55
7.25415	55
7.25416	55
7.25422	55
7.26395	55
7.26398	55
7.26407	55
7.27199	55
7.33312	55
7.33312	55
7.33313	55
7.33313	55
7.33314	55
7.33315	55
7.33315	55
7.33321	55
7.33325	55
7.35156	55
7.35157	55
7.35158	55
7.35159	55
7.3516	55
7.35172	55
7.35419	55
7.36313	55
7.36313	55
7.36317	55
7.36318	55
7.3632	55
7.36331	55
7.36473	55
7.36473	55
7.36473	55
7.36474	55
7.39703	55
7.39704	55
7.39704	55
7.39708	55
7.39716	55
7.40131	55
7.40132	55
7.40135	55
7.42598	55
7.42598	55
7.42599	55
7.42599	55
7.426	55
7.4265	55
7.42652	55
7.42653	55
7.42955	55
7.46693	55
7.46694	55
7.46695	55
7.46695	55
7.46697	55
7.46698	55
7.46699	55
7.46703	55
7.48626	55
7.48627	55
7.48627	55
7.48627	55
7.48628	55
7.48634	55
7.48634	55
7.5075	55
7.5075	55
7.50753	55
7.50753	55
7.51163	55
7.51164	55
7.51164	55
7.51174	55
7.55953	55
7.55953	55
7.55953	55
7.55954	55
7.55954	55
7.55954	55
7.55955	55
7.55965	55
7.5942	55
7.5942	55
7.5942	55
7.59421	55
7.59422	55
7.59422	55
7.59435	55
7.6269	55
7.62692	55
7.62694	55
7.62695	55
7.63413	55
7.63414	55
7.63414	55
7.63414	55
7.63415	55
7.63416	55
7.63418	55
7.67415	55
7.67417	55
7.67418	55
7.6742	55
7.6742	55
7.67424	55
7.69808	55
7.6981	55
7.6981	55
7.69813	55
7.72595	55
7.72596	55
7.72597	55
7.726	55
7.72607	55
7.77371	55
7.77371	55
7.77371	55
7.77372	55
7.77372	55
7.77373	55
7.77374	55
7.77375	55
7.77379	55
7.89038	55
7.89039	55
7.89039	55
7.8904	55
7.8904	55
7.89046	55
7.89062	55
7.89901	55
7.89919	55
7.96641	55
7.96642	55
7.96643	55
7.96643	55
7.96643	55
7.96643	55
7.96644	55
7.96657	55
8.01084	55
8.01084	55
8.01085	55
8.01087	55
8.01088	55
8.01092	55
8.01102	55
8.01318	55
8.01318	55
8.01319	55
8.01456	55
8.01456	55
8.01457	55
8.01458	55
8.03354	55
8.03356	55
8.03356	55
8.03358	55
8.03361	55
8.03885	55
8.03885	55
8.03886	55
8.03888	55
8.05617	55
8.05617	55
8.05617	55
8.05626	55
8.05629	55
8.07304	55
8.07304	55
8.07305	55
8.07305	55
8.07308	55
8.07311	55
8.09811	55
8.09811	55
8.09812	55
8.09812	55
8.09813	55
8.09813	55
8.09822	55
8.23089	55
8.2309	55
8.2309	55
8.2309	55
8.23095	55
8.23101	55
8.23107	55
8.26481	55
8.26482	55
8.26482	55
8.26483	55
8.26483	55
8.26484	55
8.26484	55
8.26486	55
8.29602	55
8.29602	55
8.29602	55
8.29605	55
8.29612	55
8.29624	55
8.43337	55
8.43337	55
8.43337	55
8.43337	55
8.43339	55
8.43342	55
8.43348	55
8.43623	55
8.45421	55
8.45422	55
8.45422	55
8.45423	55
8.45424	55
8.45428	55
8.46074	55
8.46075	55
8.46075	55
8.46078	55
8.46078	55
8.46078	55
8.46081	55
8.46822	55
8.46826	55
8.46826	55
8.46833	55
8.46834	55
8.75327	55
8.75328	55
8.75328	55
8.75328	55
8.7533	55
8.75332	55
8.75342	55
8.7543	55
8.78627	55
8.78628	55
8.78628	55
8.7863	55
8.78641	55
8.78652	55
8.86878	55
8.86878	55
8.86878	55
8.86882	55
8.86883	55
8.8689	55
8.86899	55
8.91272	55
8.91272	55
8.91273	55
8.91273	55
8.91273	55
8.91273	55
8.91278	55
8.91279	55
8.93237	55
8.93238	55
8.93238	55
8.93242	55
9.257	55
9.257	55
9.25703	55
9.25706	55
9.2571	55
9.25723	55
9.25735	55
9.2584	55
9.28163	55
9.28163	55
9.28165	55
9.28168	55
9.28172	55
9.35771	55
9.35771	55
9.35771	55
9.35772	55
9.35774	55
9.35779	55
9.3578	55
9.35783	55
9.3975	55
9.3975	55
9.3975	55
9.39752	55
9.39758	55
9.3976	55
9.39766	55
9.39914	55
9.39914	55
9.39917	55
9.39923	55
9.416	55
9.416	55
9.41601	55
9.41602	55
9.41604	55
9.41609	55
9.45424	55
9.45425	55
9.45427	55
9.45428	55
9.45429	55
9.45431	55
9.45436	55
9.46714	55
9.46722	55
9.47803	55
9.47803	55
9.47804	55
9.47805	55
9.47814	55
9.49921	55
9.49922	55
9.4993	55
9.4993	55
9.49945	55
9.50378	55
9.50379	55
9.50382	55
9.50386	55
9.50677	55
9.50684	55
9.53503	55
9.53503	55
9.53504	55
9.53505	55
9.53507	55
9.53509	55
10.0353	55
10.0353	55
10.0353	55
10.0353	55
10.0354	55
10.0354	55
10.0358	55
10.1465	55
10.1465	55
10.1465	55
10.1465	55
10.1466	55
10.1466	55
10.1466	55
10.1467	55
10.1794	55
10.1794	55
10.1794	55
10.1794	55
10.1794	55
10.1795	55
10.1796	55
10.2569	55
10.2569	55
10.2569	55
10.2569	55
10.257	55
10.257	55
10.257	55
10.2572	55
10.2574	55
10.2574	55
10.2574	55
10.2577	55
10.2897	55
10.2897	55
10.2898	55
10.2898	55
10.2898	55
10.2898	55
10.2899	55
10.2899	55
10.8435	55
10.8435	55
10.8435	55
10.8435	55
10.8436	55
10.8437	55
11.2106	55
11.2106	55
11.2106	55
11.2106	55
11.2107	55
11.2107	55
11.2108	55
11.215	55
12.3111	55
12.3112	55
12.3112	55
12.3112	55
12.3112	55
12.3113	55
12.3114	55
12.5241	55
12.5241	55
12.5241	55
12.5241	55
12.5241	55
12.5241	55
12.5242	55
12.5335	55
15.2902	55
15.2903	55
15.2903	55
15.2903	55
15.2903	55
15.2904	55
15.2904	55
15.2913	55
16.4962	55
16.4963	55
16.4963	55
16.4963	55
16.4963	55
16.4964	55
16.4968	55
16.4985	55
17.2616	55
17.2617	55
17.2617	55
17.2617	55
17.2617	55
17.2617	55
17.2618	55
17.5284	55
17.5284	55
17.5284	55
17.5284	55
17.5284	55
17.5289	55
18.2176	55
18.2176	55
18.2176	55
18.2176	55
18.2177	55
18.2177	55
18.2183	55
18.2189	55
18.9944	55
18.9944	55
18.9944	55
18.9944	55
18.9945	55
18.9946	55
19.0493	55
19.0493	55
19.0493	55
19.0493	55
19.0493	55
19.0494	55
19.0495	55
19.0496	55
19.6067	55
19.6067	55
19.6068	55
19.6068	55
19.6069	55
19.6069	55
19.607	55
19.8003	55
19.8003	55
19.8003	55
19.8004	55
19.8004	55
19.8006	55
19.9466	55
19.9467	55
19.9467	55
19.9467	55
19.9468	55
19.9469	55
19.9471	55
19.9476	55
20.6473	55
20.6474	55
20.6474	55
20.6474	55
20.6477	55
20.6478	55
20.6483	55
22.9077	55
22.9077	55
22.9077	55
22.9079	55
22.9079	55
22.9081	55
22.9089	55
22.9089	55
23.0288	55
23.0289	55
23.0289	55
23.0289	55
23.0289	55
23.029	55
23.0293	55
23.4906	55
23.4906	55
23.4906	55
23.4906	55
23.4909	55
23.4913	55
23.4915	55
24.0757	55
24.0757	55
24.0757	55
24.0758	55
24.0758	55
24.0758	55
24.0759	55
24.9623	55
24.9624	55
24.9624	55
24.9624	55
24.9625	55
24.9626	55
24.9629	55
25.2055	55
25.2055	55
25.2056	55
25.2056	55
25.2056	55
25.2058	55
25.2066	55
25.3018	55
25.3018	55
25.3018	55
25.3019	55
25.302	55
25.3023	55
25.3028	55
25.4991	55
25.4991	55
25.4992	55
25.4992	55
25.4993	55
25.4993	55
25.4994	55
25.4994	55
25.5	55
26.7776	55
26.7777	55
26.7777	55
26.7778	55
26.7778	55
26.7781	55
26.7782	55
26.7797	55
27.6329	55
27.6329	55
27.6329	55
27.6329	55
27.633	55
27.6331	55
27.6333	55
27.7762	55
27.7762	55
27.7763	55
27.7763	55
27.7763	55
27.7763	55
27.7764	55
29.8311	55
29.8311	55
29.8311	55
29.8311	55
29.8312	55
29.8313	55
29.8315	55
31.2809	55
31.2809	55
31.281	55
31.281	55
31.2811	55
31.2812	55
31.2813	55
31.2868	55
31.2868	55
31.287	55
31.2874	55
32.1496	55
32.1496	55
32.1496	55
32.1496	55
32.1496	55
32.1497	55
32.1503	55
32.2657	55
32.2658	55
32.2659	55
32.2659	55
32.2659	55
32.266	55
32.2661	55
32.5038	55
32.5039	55
32.5039	55
32.504	55
32.504	55
32.504	55
32.5046	55
33.2289	55
33.2289	55
33.2289	55
33.2289	55
33.2289	55
33.2292	55
34.0593	55
34.0594	55
34.0594	55
34.0595	55
34.0596	55
34.0597	55
34.0599	55
37.0378	55
37.0378	55
37.0379	55
37.0379	55
37.038	55
37.0384	55
37.0412	55
37.4608	55
37.4608	55
37.4608	55
37.4608	55
37.4608	55
37.4616	55
37.4625	55
37.4639	55
38.1885	55
38.1885	55
38.1885	55
38.1886	55
38.1889	55
38.1894	55
38.1928	55
38.6571	55
38.6571	55
38.6571	55
38.6571	55
38.6572	55
38.6572	55
38.6604	55
40.5079	55
40.5079	55
40.508	55
40.508	55
40.508	55
40.5081	55
40.5083	55
40.509	55
40.5767	55
40.5767	55
40.5767	55
40.5767	55
40.5768	55
40.5769	55
40.577	55
41.1136	55
41.1136	55
41.1137	55
41.1137	55
41.1137	55
41.1139	55
41.1142	55
43.1476	55
43.1476	55
43.1476	55
43.1477	55
43.1478	55
43.1478	55
43.1485	55
44.1942	55
44.1942	55
44.1942	55
44.1943	55
44.1944	55
44.1944	55
44.195	55
44.2416	55
44.2417	55
44.2418	55
44.2418	55
44.2419	55
44.2421	55
45.5483	55
45.5483	55
45.5483	55
45.5484	55
45.5486	55
45.5492	55
46.9279	55
46.9279	55
46.9279	55
46.928	55
46.9281	55
46.9281	55
46.9288	55
46.9291	55
46.9291	55
47.4161	55
47.4161	55
47.4161	55
47.4162	55
47.4162	55
47.4167	55
47.417	55
47.5001	55
47.5001	55
47.5001	55
47.5002	55
47.5003	55
47.5003	55
47.5005	55
47.5006	55
47.5006	55
47.5012	55
47.7498	55
47.7498	55
47.7499	55
47.7499	55
47.75	55
47.7503	55
48.0332	55
48.0332	55
48.0332	55
48.0332	55
48.0333	55
48.0333	55
48.034	55
48.0341	55
48.7323	55
48.7323	55
48.7323	55
48.7323	55
48.7324	55
48.7325	55
48.7328	55
49.8174	55
49.8175	55
49.8175	55
49.8175	55
49.8175	55
49.8175	55
49.8176	55
49.8185	55
50.172	55
50.1721	55
50.1721	55
50.1722	55
50.1723	55
50.1725	55
50.173	55
51.2828	55
51.2828	55
51.2828	55
51.2828	55
51.2828	55
51.2829	55
51.2834	55
52.2212	55
52.2212	55
52.2212	55
52.2212	55
52.2212	55
52.2213	55
52.222	55
52.6013	55
52.6013	55
52.6014	55
52.6014	55
52.6021	55
52.6022	55
54.2157	55
54.2157	55
54.2157	55
54.2157	55
54.2157	55
54.2158	55
54.2165	55
55.3414	55
55.3414	55
55.3414	55
55.3414	55
55.3415	55
55.3416	55
55.3418	55
55.3419	55
55.3427	55
57.1932	55
57.1933	55
57.1933	55
57.1933	55
57.1934	55
57.1934	55
57.1937	55
57.7164	55
57.7164	55
57.7164	55
57.7166	55
57.7166	55
57.7166	55
57.7167	55
57.717	55
57.9611	55
57.9611	55
57.9611	55
57.9612	55
57.9612	55
57.9614	55
57.9619	55
58.1097	55
58.1098	55
58.1098	55
58.1098	55
58.11	55
58.11	55
58.1101	55
58.1308	55
58.1309	55
58.1312	55
58.1425	55
58.1426	55
58.1427	55
58.1428	55
58.1431	55
58.1432	55
58.4469	55
58.4469	55
58.4469	55
58.447	55
58.447	55
58.447	55
58.4472	55
58.4475	55
58.4486	55
58.5469	55
58.5469	55
58.547	55
58.547	55
58.5471	55
58.5475	55
58.5478	55
59.25	55
59.25	55
59.25	55
59.2501	55
59.2501	55
59.2504	55
59.3649	55
59.3649	55
59.3649	55
59.3649	55
59.3649	55
59.3654	55
59.3658	55
59.3659	55
59.3686	55
59.6596	55
59.6596	55
59.6597	55
59.6597	55
59.6597	55
59.6597	55
59.6599	55
59.6608	55
60.7021	55
60.7021	55
60.7022	55
60.7022	55
60.7023	55
60.7026	55
60.7033	55
60.7034	55
61.418	55
61.418	55
61.418	55
61.418	55
61.4181	55
61.4186	55
61.4191	55
61.5255	55
61.5255	55
61.5255	55
61.5255	55
61.5255	55
61.5255	55
61.5256	55
62.0787	55
62.0788	55
62.0788	55
62.0788	55
62.0788	55
62.0788	55
62.0804	55
62.7135	55
62.7135	55
62.7136	55
62.7136	55
62.7137	55
62.7138	55
62.7138	55
62.8411	55
62.8411	55
62.8411	55
62.8412	55
62.8413	55
62.8413	55
63.3766	55
63.3766	55
63.3767	55
63.3767	55
63.3768	55
63.377	55
63.3771	55
63.38	55
63.6617	55
63.6617	55
63.6617	55
63.6618	55
63.6618	55
63.6619	55
63.6622	55
64.6281	55
64.6282	55
64.6282	55
64.6282	55
64.6283	55
64.6283	55
66.3034	55
66.3034	55
66.3035	55
66.3035	55
66.3035	55
66.3036	55
66.305	55
66.5805	55
66.5805	55
66.5806	55
66.5806	55
66.5807	55
66.5811	55
66.5812	55
66.7242	55
66.7242	55
66.7243	55
66.7243	55
66.7244	55
66.7246	55
66.7251	55
66.7273	55
68.0327	55
68.0327	55
68.0328	55
68.0328	55
68.033	55
68.0332	55
68.0332	55
68.034	55
68.0342	55
68.4204	55
68.4204	55
68.4205	55
68.4205	55
68.4205	55
68.4207	55
68.4207	55
71.0983	55
71.0984	55
71.0984	55
71.0985	55
71.0986	55
71.0986	55
71.1015	55
71.1015	55
72.7937	55
72.7937	55
72.7937	55
72.7937	55
72.7938	55
72.7938	55
72.794	55
73.9872	55
73.9873	55
73.9873	55
73.9873	55
73.9873	55
73.9873	55
73.9877	55
74.5071	55
74.5071	55
74.5071	55
74.5071	55
74.5073	55
74.5073	55
74.5074	55
75.7772	55
75.7772	55
75.7772	55
75.7772	55
75.7774	55
75.7778	55
75.7779	55
76.1082	55
76.1082	55
76.1083	55
76.1083	55
76.1083	55
76.1087	55
76.1089	55
77.6322	55
77.6322	55
77.6322	55
77.6322	55
77.6324	55
77.6326	55
80.1513	55
80.1513	55
80.1513	55
80.1513	55
80.1514	55
80.1514	55
80.1515	55
80.1531	55
82.097	55
82.097	55
82.097	55
82.097	55
82.0971	55
82.0975	55
82.5631	55
82.5631	55
82.5631	55
82.5631	55
82.5633	55
82.5633	55
82.5633	55
82.5649	55
82.5651	55
82.5661	55
82.6097	55
82.6098	55
82.6098	55
82.6099	55
82.61	55
82.6108	55
82.6112	55
82.6115	55
82.9559	55
82.956	55
82.956	55
82.956	55
82.9564	55
82.9567	55
82.9569	55
82.9584	55
85.8056	55
85.8056	55
85.8056	55
85.8057	55
85.8057	55
85.8057	55
85.9725	55
85.9726	55
85.9726	55
85.9726	55
85.9726	55
85.9727	55
85.9731	55
85.975	55
85.9751	55
86.0565	55
86.0566	55
86.0566	55
86.0566	55
86.0566	55
86.0566	55
86.0569	55
88.5191	55
88.5191	55
88.5191	55
88.5192	55
88.5192	55
88.5194	55
88.6016	55
88.6016	55
88.6016	55
88.6016	55
88.6017	55
88.6019	55
88.602	55
88.6022	55
88.6123	55
88.6124	55
88.6125	55
88.6143	55
89.3168	55
89.3168	55
89.3169	55
89.3169	55
89.317	55
89.3171	55
89.3174	55
89.3193	55
89.5162	55
89.5163	55
89.5163	55
89.5163	55
89.5164	55
89.517	55
90.6914	55
90.6914	55
90.6915	55
90.6915	55
90.6915	55
90.6915	55
90.6917	55
90.6922	55
90.6924	55
91.2465	55
91.2465	55
91.2465	55
91.2466	55
91.2466	55
91.2468	55
91.2469	55
91.2472	55
91.3809	55
91.3809	55
91.381	55
91.381	55
91.3811	55
91.3812	55
91.3812	55
92.1884	55
92.1884	55
92.1885	55
92.1886	55
92.1887	55
92.1888	55
92.1891	55
92.7807	55
92.7807	55
92.7807	55
92.7808	55
92.7808	55
92.7817	55
93.5556	55
93.5556	55
93.5556	55
93.5556	55
93.5557	55
93.5557	55
94.2496	55
94.2496	55
94.2496	55
94.2497	55
94.25	55
94.2502	55
94.2503	55
94.2993	55
94.2994	55
94.2994	55
94.2994	55
94.2995	55
94.2995	55
94.2997	55
94.3008	55
94.3011	55
94.304	55
95.6344	55
95.6344	55
95.6344	55
95.6345	55
95.6346	55
95.6351	55
95.6365	55
95.6371	55
96.2112	55
96.2112	55
96.2112	55
96.2112	55
96.2113	55
96.2113	55
96.2115	55
96.2331	55
96.2332	55
96.2333	55
96.2345	55
96.7227	55
96.7227	55
96.7227	55
96.7227	55
96.7228	55
96.723	55
96.7235	55
97.4107	55
97.4107	55
97.4107	55
97.4107	55
97.4109	55
97.411	55
97.4111	55
97.4113	55
97.6063	55
97.6063	55
97.6064	55
97.6064	55
97.6064	55
97.6065	55
97.6769	55
97.6769	55
97.6769	55
97.677	55
97.677	55
97.6771	55
97.6771	55
97.6781	55
98.926	55
98.926	55
98.926	55
98.9262	55
98.9262	55
98.9265	55
98.927	55
99.3982	55
99.3982	55
99.3982	55
99.3983	55
99.3983	55
99.399	55
99.3991	55
99.8511	55
99.8511	55
99.8511	55
99.8512	55
99.8514	55
99.8514	55
