5.52221e-11	0
9.87714e-11	1
1.00719e-10	2
1.62524e-10	3
1.82171e-10	4
2.92523e-10	5
3.2772e-10	6
3.7586e-10	7
5.38246e-10	8
5.39559e-10	9
5.65297e-10	10
6.21508e-10	11
6.34329e-10	12
6.5817e-10	13
7.74598e-10	14
9.22954e-10	15
1.05166e-09	16
1.07144e-09	17
1.10209e-09	18
1.4578e-09	19
1.4605e-09	20
1.59062e-09	21
1.60493e-09	22
1.60575e-09	23
1.70526e-09	24
1.70559e-09	25
1.88641e-09	26
2.02808e-09	27
2.2055e-09	28
2.29494e-09	29
2.35735e-09	30
2.88783e-09	31
2.97305e-09	31
2.97802e-09	32
3.314e-09	33
3.51237e-09	34
3.5903e-09	35
3.66767e-09	36
3.83767e-09	37
4.24146e-09	37
4.30589e-09	38
4.53062e-09	39
4.96688e-09	40
5.29291e-09	41
6.24741e-09	42
6.61224e-09	43
7.46303e-09	44
7.84635e-09	45
8.42243e-09	46
9.31502e-09	47
1.05037e-08	48
1.20137e-08	49
1.56721e-08	50
1.58258e-08	50
1.75285e-08	50
2.26905e-08	51
2.30471e-08	51
2.48432e-08	51
3.00315e-08	51
3.04649e-08	51
3.08967e-08	51
3.7825e-08	51
4.32169e-08	51
4.45798e-08	51
4.49201e-08	51
4.54199e-08	51
4.69257e-08	51
4.70552e-08	51
4.85325e-08	51
5.0542e-08	51
5.17997e-08	51
5.43927e-08	51
5.79026e-08	51
5.84654e-08	51
6.55345e-08	51
7.01203e-08	51
7.12852e-08	51
7.16026e-08	51
7.40199e-08	51
7.46555e-08	51
7.93e-08	51
7.96058e-08	51
8.28748e-08	51
8.31907e-08	51
8.33454e-08	51
8.40989e-08	51
8.8431e-08	51
8.99297e-08	51
9.03056e-08	51
9.23087e-08	51
9.38611e-08	51
9.45719e-08	51
9.63317e-08	51
9.87811e-08	51
9.98849e-08	51
1.02039e-07	51
1.02128e-07	51
1.04607e-07	51
1.04833e-07	51
1.05483e-07	51
1.0728e-07	51
1.09229e-07	51
1.16142e-07	51
1.17312e-07	51
1.17375e-07	51
1.25903e-07	51
1.30102e-07	51
1.32474e-07	51
1.40822e-07	51
1.44407e-07	51
1.44643e-07	51
1.49083e-07	51
1.52046e-07	51
1.52239e-07	51
1.55158e-07	51
1.57392e-07	51
1.61327e-07	51
1.63076e-07	51
1.67072e-07	51
1.68012e-07	51
1.68033e-07	51
1.69698e-07	51
1.77584e-07	51
1.79538e-07	51
1.86828e-07	51
1.87728e-07	51
1.89068e-07	51
1.93233e-07	51
1.97094e-07	51
2.00008e-07	51
2.02434e-07	51
2.14765e-07	51
2.18613e-07	51
2.19928e-07	51
2.23498e-07	51
2.23734e-07	51
2.30261e-07	51
2.3044e-07	51
2.31501e-07	51
2.35042e-07	51
2.36551e-07	51
2.46194e-07	51
2.49512e-07	51
2.54494e-07	51
2.55727e-07	51
2.62101e-07	51
2.63794e-07	51
2.68797e-07	51
2.78278e-07	51
2.7983e-07	51
2.86819e-07	51
2.92219e-07	51
2.93116e-07	51
2.98001e-07	51
3.02239e-07	51
3.03079e-07	51
3.10382e-07	51
3.1241e-07	51
3.13756e-07	51
3.2345e-07	51
3.23681e-07	51
3.28741e-07	51
3.29777e-07	51
3.32172e-07	51
3.37594e-07	51
3.41285e-07	51
3.43271e-07	51
3.45338e-07	51
3.46351e-07	51
3.49464e-07	51
3.53517e-07	51
3.56057e-07	51
3.64202e-07	51
3.65149e-07	51
3.66003e-07	51
3.67434e-07	51
3.70567e-07	51
3.76211e-07	51
3.78183e-07	51
3.81609e-07	51
3.91283e-07	51
3.99181e-07	51
3.99585e-07	51
4.08098e-07	51
4.11297e-07	51
4.16713e-07	51
4.20462e-07	51
4.20479e-07	51
4.2301e-07	51
4.34751e-07	51
4.36147e-07	51
4.37882e-07	51
4.37883e-07	51
4.40328e-07	51
4.42037e-07	51
4.45335e-07	51
4.45902e-07	51
4.468e-07	51
4.47234e-07	51
4.49435e-07	51
4.51407e-07	51
4.57195e-07	51
4.58572e-07	51
4.62492e-07	51
4.70228e-07	51
4.73949e-07	51
4.7589e-07	51
4.78053e-07	51
4.79713e-07	51
4.86741e-07	51
4.88058e-07	51
4.89002e-07	51
4.91457e-07	51
4.95521e-07	51
4.96946e-07	51
4.98023e-07	51
5.15542e-07	51
5.16328e-07	51
5.16972e-07	51
5.23664e-07	51
5.24643e-07	51
5.33331e-07	51
5.45607e-07	51
5.51547e-07	51
5.57484e-07	51
5.60644e-07	51
5.65796e-07	51
5.68345e-07	51
5.72648e-07	51
5.73989e-07	51
5.76841e-07	51
5.84156e-07	51
5.8465e-07	51
5.85346e-07	51
5.98956e-07	51
6.10186e-07	51
6.13858e-07	51
6.15014e-07	51
6.17161e-07	51
6.28206e-07	51
6.28446e-07	51
6.30222e-07	51
6.34909e-07	51
6.44711e-07	51
6.45928e-07	51
6.46701e-07	51
6.52722e-07	51
6.53648e-07	51
6.54485e-07	51
6.5471e-07	51
6.63202e-07	51
6.63681e-07	51
6.63859e-07	51
6.72026e-07	51
6.81533e-07	51
6.81585e-07	51
6.88964e-07	51
6.9041e-07	51
7.07139e-07	51
7.09194e-07	51
7.10102e-07	51
7.102e-07	51
7.15493e-07	51
7.18428e-07	51
7.25739e-07	51
7.26074e-07	51
7.44214e-07	51
7.51277e-07	51
7.5929e-07	51
7.61459e-07	51
7.64206e-07	51
7.67802e-07	51
7.71289e-07	51
7.71757e-07	51
7.81314e-07	51
7.83022e-07	51
7.88677e-07	51
7.89592e-07	51
7.92308e-07	51
7.92871e-07	51
7.9316e-07	51
8.00931e-07	51
8.0147e-07	51
8.1789e-07	51
8.28195e-07	51
8.30103e-07	51
8.31575e-07	51
8.3505e-07	51
8.37859e-07	51
8.3881e-07	51
8.42887e-07	51
8.5471e-07	51
8.68036e-07	51
8.74296e-07	51
8.76842e-07	51
8.77729e-07	51
8.84438e-07	51
8.93188e-07	51
9.03366e-07	51
9.04838e-07	51
9.11452e-07	51
9.13325e-07	51
9.18358e-07	51
9.18494e-07	51
9.21323e-07	51
9.21632e-07	51
9.41264e-07	51
9.43507e-07	51
9.56137e-07	51
9.57809e-07	51
9.57872e-07	51
9.77313e-07	51
9.81873e-07	51
9.83898e-07	51
9.84568e-07	51
9.85128e-07	51
9.90193e-07	51
9.94526e-07	51
9.98864e-07	51
1.00535e-06	51
1.00989e-06	51
1.01446e-06	51
1.02197e-06	51
1.02441e-06	51
1.03718e-06	51
1.04248e-06	51
1.04716e-06	51
1.04957e-06	51
1.07069e-06	51
1.07423e-06	51
1.08779e-06	51
1.0949e-06	51
1.1272e-06	51
1.13151e-06	51
1.16005e-06	51
1.17422e-06	51
1.19452e-06	51
1.2005e-06	51
1.21543e-06	51
1.22025e-06	51
1.22301e-06	51
1.23207e-06	51
1.23671e-06	51
1.24281e-06	51
1.25178e-06	51
1.25231e-06	51
1.25252e-06	51
1.25634e-06	51
1.26429e-06	51
1.27236e-06	51
1.28207e-06	51
1.28566e-06	51
1.29923e-06	51
1.32095e-06	51
1.32601e-06	51
1.32718e-06	51
1.33664e-06	51
1.35556e-06	51
1.36471e-06	51
1.38155e-06	51
1.38605e-06	51
1.39116e-06	51
1.39218e-06	51
1.41698e-06	51
1.43213e-06	51
1.44257e-06	51
1.44264e-06	51
1.44344e-06	51
1.45348e-06	51
1.46087e-06	51
1.46124e-06	51
1.46743e-06	51
1.47832e-06	51
1.48006e-06	51
1.48388e-06	51
1.49043e-06	51
1.52638e-06	51
1.54155e-06	51
1.54775e-06	51
1.55857e-06	51
1.56516e-06	51
1.58255e-06	51
1.58971e-06	51
1.5987e-06	51
1.60077e-06	51
1.6061e-06	51
1.60974e-06	51
1.6099e-06	51
1.62262e-06	51
1.62466e-06	51
1.62518e-06	51
1.62682e-06	51
1.63105e-06	51
1.65298e-06	51
1.65448e-06	51
1.65896e-06	51
1.68734e-06	51
1.70229e-06	51
1.70677e-06	51
1.70943e-06	51
1.71334e-06	51
1.7224e-06	51
1.75689e-06	51
1.7706e-06	51
1.7813e-06	51
1.78536e-06	51
1.79278e-06	51
1.79611e-06	51
1.79825e-06	51
1.81183e-06	51
1.81213e-06	51
1.8215e-06	51
1.83095e-06	51
1.85244e-06	51
1.85835e-06	51
1.87268e-06	51
1.8977e-06	51
1.90509e-06	51
1.91745e-06	51
1.91955e-06	51
1.93491e-06	51
1.94729e-06	51
1.94783e-06	51
1.95888e-06	51
1.95915e-06	51
1.96096e-06	51
1.96188e-06	51
1.96598e-06	51
2.01193e-06	51
2.02184e-06	51
2.02418e-06	51
2.03864e-06	51
2.05569e-06	51
2.05615e-06	51
2.0604e-06	51
2.06848e-06	51
2.08772e-06	51
2.11819e-06	51
2.12011e-06	51
2.15574e-06	51
2.16091e-06	51
2.17813e-06	51
2.19847e-06	51
2.23156e-06	51
2.2373e-06	51
2.25429e-06	51
2.25519e-06	51
2.26671e-06	51
2.27297e-06	51
2.29089e-06	51
2.33628e-06	51
2.33748e-06	51
2.37406e-06	51
2.37446e-06	51
2.37593e-06	51
2.39003e-06	51
2.39154e-06	51
2.41464e-06	51
2.4585e-06	51
2.48025e-06	51
2.50846e-06	51
2.52602e-06	51
2.57203e-06	51
2.62188e-06	51
2.64648e-06	51
2.66215e-06	51
2.77179e-06	51
2.7935e-06	51
2.82673e-06	51
2.92468e-06	51
2.95619e-06	51
3.03002e-06	51
3.04103e-06	51
3.05673e-06	51
3.16852e-06	51
3.18419e-06	51
3.22463e-06	51
3.22796e-06	51
3.3107e-06	51
3.35804e-06	51
3.37666e-06	51
3.4114e-06	51
3.45461e-06	51
3.48913e-06	51
3.50485e-06	51
3.52637e-06	51
3.58653e-06	51
3.59961e-06	51
3.61646e-06	51
3.65266e-06	51
3.6656e-06	51
3.67157e-06	51
3.67639e-06	51
3.70238e-06	51
3.70748e-06	51
3.72452e-06	51
3.72957e-06	51
3.74401e-06	51
3.74812e-06	51
3.76073e-06	51
3.90885e-06	51
3.9651e-06	51
3.97106e-06	51
3.99707e-06	51
4.0255e-06	51
4.11105e-06	51
4.14947e-06	51
4.17297e-06	51
4.18568e-06	51
4.18741e-06	51
4.21196e-06	51
4.22029e-06	51
4.22639e-06	51
4.23099e-06	51
4.31829e-06	51
4.3389e-06	51
4.37635e-06	51
4.54933e-06	51
4.56975e-06	51
4.57349e-06	51
4.64417e-06	51
4.66602e-06	51
4.69921e-06	51
4.73384e-06	51
4.85792e-06	51
4.89471e-06	51
4.92126e-06	51
4.96711e-06	51
5.02276e-06	51
5.04957e-06	51
5.15428e-06	51
5.27154e-06	51
5.30907e-06	51
5.311e-06	51
5.34359e-06	51
5.36115e-06	51
5.38689e-06	51
5.40934e-06	51
5.42703e-06	51
5.43272e-06	51
5.51802e-06	51
5.57901e-06	51
5.58668e-06	51
5.97913e-06	51
6.00152e-06	51
6.0321e-06	51
6.14291e-06	51
6.14593e-06	51
6.29375e-06	51
6.29624e-06	51
6.45315e-06	51
6.61734e-06	51
6.70928e-06	51
6.7146e-06	51
6.73545e-06	51
6.77473e-06	51
7.00515e-06	51
7.03008e-06	51
7.08448e-06	51
7.24634e-06	51
7.27927e-06	51
7.32846e-06	51
7.38032e-06	51
7.42583e-06	51
7.43151e-06	51
7.48764e-06	51
7.68674e-06	51
7.71461e-06	51
7.85459e-06	51
7.94406e-06	51
7.99607e-06	51
8.28154e-06	51
8.39427e-06	51
8.40791e-06	51
8.4588e-06	51
8.54989e-06	51
8.60099e-06	51
8.70409e-06	51
8.75442e-06	51
8.78985e-06	51
8.79807e-06	51
8.93198e-06	51
8.98293e-06	51
9.15001e-06	51
9.25215e-06	51
9.35988e-06	51
9.42234e-06	51
9.59016e-06	51
9.62017e-06	51
9.63314e-06	51
9.63812e-06	51
9.67684e-06	51
9.78891e-06	51
9.83677e-06	51
9.94748e-06	51
1.00703e-05	51
1.01583e-05	51
1.01948e-05	51
1.031e-05	51
1.04394e-05	51
1.04458e-05	51
1.08207e-05	51
1.08787e-05	51
1.10607e-05	51
1.11444e-05	51
1.11646e-05	51
1.1183e-05	51
1.11864e-05	51
1.12521e-05	51
1.13741e-05	51
1.16283e-05	51
1.18116e-05	51
1.19033e-05	51
1.19883e-05	51
1.2023e-05	51
1.20444e-05	51
1.21408e-05	51
1.2144e-05	51
1.21527e-05	51
1.22719e-05	51
1.22977e-05	51
1.23257e-05	51
1.23878e-05	51
1.25029e-05	51
1.26293e-05	51
1.27429e-05	51
1.27957e-05	51
1.29067e-05	51
1.3237e-05	51
1.32776e-05	51
1.33265e-05	51
1.33767e-05	51
1.34957e-05	51
1.35605e-05	51
1.3653e-05	51
1.37327e-05	51
1.39323e-05	51
1.39582e-05	51
1.40188e-05	51
1.4438e-05	51
1.44407e-05	51
1.45573e-05	51
1.46154e-05	51
1.47297e-05	51
1.47515e-05	51
1.47792e-05	51
1.50273e-05	51
1.51793e-05	51
1.53975e-05	51
1.5408e-05	51
1.55713e-05	51
1.56224e-05	51
1.57106e-05	51
1.58099e-05	51
1.58566e-05	51
1.59182e-05	51
1.59205e-05	51
1.61202e-05	51
1.61409e-05	51
1.61699e-05	51
1.62733e-05	51
1.6572e-05	51
1.65882e-05	51
1.65927e-05	51
1.66653e-05	51
1.67015e-05	51
1.67633e-05	51
1.68742e-05	51
1.68833e-05	51
1.73216e-05	51
1.7342e-05	51
1.74676e-05	51
1.75083e-05	51
1.77747e-05	51
1.78206e-05	51
1.79588e-05	51
1.8092e-05	51
1.81166e-05	51
1.81204e-05	51
1.82521e-05	51
1.83084e-05	51
1.83158e-05	51
1.83553e-05	51
1.84258e-05	51
1.84812e-05	51
1.84813e-05	51
1.84863e-05	51
1.85413e-05	51
1.86225e-05	51
1.86414e-05	51
1.90263e-05	51
1.91373e-05	51
1.91884e-05	51
1.9267e-05	51
1.92739e-05	51
1.93585e-05	51
1.95155e-05	51
1.96945e-05	51
1.98758e-05	51
1.98987e-05	51
1.99245e-05	51
1.99292e-05	51
2.01325e-05	51
2.01479e-05	51
2.0257e-05	51
2.02853e-05	51
2.03415e-05	51
2.0413e-05	51
2.04157e-05	51
2.06108e-05	51
2.07566e-05	51
2.09621e-05	51
2.1029e-05	51
2.11094e-05	51
2.11639e-05	51
2.14498e-05	51
2.17174e-05	51
2.1782e-05	51
2.17854e-05	51
2.21716e-05	51
2.2409e-05	51
2.25295e-05	51
2.31017e-05	51
2.31843e-05	51
2.33579e-05	51
2.33612e-05	51
2.3362e-05	51
2.34422e-05	51
2.34568e-05	51
2.35315e-05	51
2.35777e-05	51
2.36169e-05	51
2.38208e-05	51
2.38385e-05	51
2.38688e-05	51
2.39001e-05	51
2.39345e-05	51
2.45194e-05	51
2.46841e-05	51
2.47371e-05	51
2.47701e-05	51
2.49077e-05	51
2.49398e-05	51
2.50124e-05	51
2.51847e-05	51
2.53941e-05	51
2.53999e-05	51
2.57574e-05	51
2.58879e-05	51
2.6025e-05	51
2.61279e-05	51
2.618e-05	51
2.62734e-05	51
2.63744e-05	51
2.63763e-05	51
2.64082e-05	51
2.64168e-05	51
2.6508e-05	51
2.67543e-05	51
2.67572e-05	51
2.67588e-05	51
2.68167e-05	51
2.68594e-05	51
2.68884e-05	51
2.69039e-05	51
2.70264e-05	51
2.72732e-05	51
2.72892e-05	51
2.73036e-05	51
2.73202e-05	51
2.73231e-05	51
2.75394e-05	51
2.78931e-05	51
2.82261e-05	51
2.83274e-05	51
2.83288e-05	51
2.83409e-05	51
2.84722e-05	51
2.85982e-05	51
2.91341e-05	51
2.95124e-05	51
2.96569e-05	51
2.9791e-05	51
2.9863e-05	51
3.00206e-05	51
3.0036e-05	51
3.00981e-05	51
3.01494e-05	51
3.02128e-05	51
3.02539e-05	51
3.02848e-05	51
3.04754e-05	51
3.04866e-05	51
3.06957e-05	51
3.06992e-05	51
3.08757e-05	51
3.0934e-05	51
3.09795e-05	51
3.10017e-05	51
3.11084e-05	51
3.11561e-05	51
3.11985e-05	51
3.12859e-05	51
3.12956e-05	51
3.15076e-05	51
3.17604e-05	51
3.1974e-05	51
3.21664e-05	51
3.22631e-05	51
3.22753e-05	51
3.22789e-05	51
3.24309e-05	51
3.25217e-05	51
3.27619e-05	51
3.29691e-05	51
3.32768e-05	51
3.32887e-05	51
3.34196e-05	51
3.34519e-05	51
3.34993e-05	51
3.35238e-05	51
3.39021e-05	51
3.39278e-05	51
3.39617e-05	51
3.40245e-05	51
3.4048e-05	51
3.42414e-05	51
3.46092e-05	51
3.46596e-05	51
3.47154e-05	51
3.47636e-05	51
3.48222e-05	51
3.49409e-05	51
3.49432e-05	51
3.50097e-05	51
3.50977e-05	51
3.51027e-05	51
3.5165e-05	51
3.5347e-05	51
3.53725e-05	51
3.54252e-05	51
3.56412e-05	51
3.57674e-05	51
3.57733e-05	51
3.58632e-05	51
3.60497e-05	51
3.6179e-05	51
3.64913e-05	51
3.66337e-05	51
3.66394e-05	51
3.67139e-05	51
3.69703e-05	51
3.69934e-05	51
3.70056e-05	51
3.70074e-05	51
3.71072e-05	51
3.71881e-05	51
3.73127e-05	51
3.76287e-05	51
3.76857e-05	51
3.78355e-05	51
3.8072e-05	51
3.81224e-05	51
3.81267e-05	51
3.8436e-05	51
3.85012e-05	51
3.87929e-05	51
3.8901e-05	51
3.89552e-05	51
3.90506e-05	51
3.90871e-05	51
3.92048e-05	51
3.92123e-05	51
3.92328e-05	51
3.92555e-05	51
3.93867e-05	51
3.96318e-05	51
3.97272e-05	51
3.99217e-05	51
4.00049e-05	51
4.03338e-05	51
4.04184e-05	51
4.0458e-05	51
4.06758e-05	51
4.12457e-05	51
4.13444e-05	51
4.14733e-05	51
4.16422e-05	51
4.16855e-05	51
4.16975e-05	51
4.17365e-05	51
4.19592e-05	51
4.19597e-05	51
4.22844e-05	51
4.25739e-05	51
4.26087e-05	51
4.28014e-05	51
4.31005e-05	51
4.31982e-05	51
4.34333e-05	51
4.34511e-05	51
4.35519e-05	51
4.36867e-05	51
4.37393e-05	51
4.37939e-05	51
4.38148e-05	51
4.42098e-05	51
4.42251e-05	51
4.44831e-05	51
4.46122e-05	51
4.47834e-05	51
4.48346e-05	51
4.51831e-05	51
4.54446e-05	51
4.56583e-05	51
4.58154e-05	51
4.58372e-05	51
4.59012e-05	51
4.63909e-05	51
4.6681e-05	51
4.68736e-05	51
4.71041e-05	51
4.71133e-05	51
4.74665e-05	51
4.77748e-05	51
4.81335e-05	51
4.82719e-05	51
4.82929e-05	51
4.84642e-05	51
4.855e-05	51
4.86245e-05	51
4.86518e-05	51
4.8941e-05	51
4.90512e-05	51
4.94568e-05	51
4.94689e-05	51
4.95494e-05	51
4.95958e-05	51
4.96767e-05	51
4.97455e-05	51
5.03892e-05	51
5.05691e-05	51
5.08789e-05	51
5.14226e-05	51
5.15385e-05	51
5.15794e-05	51
5.17683e-05	51
5.1893e-05	51
5.19166e-05	51
5.19981e-05	51
5.21717e-05	51
5.23231e-05	51
5.23533e-05	51
5.24088e-05	51
5.24868e-05	51
5.25156e-05	51
5.28375e-05	51
5.32939e-05	51
5.36223e-05	51
5.37728e-05	51
5.37973e-05	51
5.39769e-05	51
5.40368e-05	51
5.41122e-05	51
5.44655e-05	51
5.47701e-05	51
5.51372e-05	51
5.51737e-05	51
5.52673e-05	51
5.58763e-05	51
5.5923e-05	51
5.60105e-05	51
5.60991e-05	51
5.68687e-05	51
5.68785e-05	51
5.70332e-05	51
5.73704e-05	51
5.74895e-05	51
5.80221e-05	51
5.81458e-05	51
5.8182e-05	51
5.81852e-05	51
5.84107e-05	51
5.85144e-05	51
5.86417e-05	51
5.8897e-05	51
5.89622e-05	51
5.90442e-05	51
5.90703e-05	51
5.91592e-05	51
5.92903e-05	51
5.94101e-05	51
5.96281e-05	51
5.97871e-05	51
5.99723e-05	51
6.00265e-05	51
6.00619e-05	51
6.00779e-05	51
6.01161e-05	51
6.02255e-05	51
6.05453e-05	51
6.07774e-05	51
6.0823e-05	51
6.13116e-05	51
6.17263e-05	51
6.19694e-05	51
6.21814e-05	51
6.22909e-05	51
6.23393e-05	51
6.24338e-05	51
6.25469e-05	51
6.30315e-05	51
6.30669e-05	51
6.31448e-05	51
6.34045e-05	51
6.34674e-05	51
6.35868e-05	51
6.39898e-05	51
6.40654e-05	51
6.41704e-05	51
6.41952e-05	51
6.42924e-05	51
6.44458e-05	51
6.46795e-05	51
6.46874e-05	51
6.51845e-05	51
6.52723e-05	51
6.52833e-05	51
6.52886e-05	51
6.53285e-05	51
6.53405e-05	51
6.53985e-05	51
6.54413e-05	51
6.56593e-05	51
6.59842e-05	51
6.59871e-05	51
6.62137e-05	51
6.64542e-05	51
6.67626e-05	51
6.6965e-05	51
6.83931e-05	51
6.86046e-05	51
6.91051e-05	51
6.92392e-05	51
6.97056e-05	51
7.00411e-05	51
7.02199e-05	51
7.0497e-05	51
7.14221e-05	51
7.18771e-05	51
7.21082e-05	51
7.23103e-05	51
7.23565e-05	51
7.26228e-05	51
7.29444e-05	51
7.32378e-05	51
7.33947e-05	51
7.37568e-05	51
7.41837e-05	51
7.47637e-05	51
7.49762e-05	51
7.54424e-05	51
7.57163e-05	51
7.58119e-05	51
7.58687e-05	51
7.63832e-05	51
7.66535e-05	51
7.6699e-05	51
7.6821e-05	51
7.70036e-05	51
7.72345e-05	51
7.74892e-05	51
7.78096e-05	51
7.8494e-05	51
7.86663e-05	51
7.87063e-05	51
7.87086e-05	51
7.88135e-05	51
7.91739e-05	51
7.94488e-05	51
7.94552e-05	51
7.96889e-05	51
8.07244e-05	51
8.09475e-05	51
8.09485e-05	51
8.09773e-05	51
8.10518e-05	51
8.10598e-05	51
8.10828e-05	51
8.23573e-05	51
8.24092e-05	51
8.24217e-05	51
8.2526e-05	51
8.29861e-05	51
8.30355e-05	51
8.32922e-05	51
8.4557e-05	51
8.47514e-05	51
8.5401e-05	51
8.69829e-05	51
8.7178e-05	51
8.72593e-05	51
8.88075e-05	51
8.88123e-05	51
8.89022e-05	51
8.94006e-05	51
8.95585e-05	51
9.0064e-05	51
9.01444e-05	51
9.04865e-05	51
9.05531e-05	51
9.07817e-05	51
9.12506e-05	51
9.15294e-05	51
9.15956e-05	51
9.18971e-05	51
9.21219e-05	51
9.24186e-05	51
9.29273e-05	51
9.31743e-05	51
9.3259e-05	51
9.35536e-05	51
9.36253e-05	51
9.43376e-05	51
9.45471e-05	51
9.47309e-05	51
9.47854e-05	51
9.54831e-05	51
9.54951e-05	51
9.55491e-05	51
9.56364e-05	51
9.57541e-05	51
9.59059e-05	51
9.60663e-05	51
9.60787e-05	51
9.65244e-05	51
9.66533e-05	51
9.72861e-05	51
9.73021e-05	51
9.77103e-05	51
9.78599e-05	51
9.8094e-05	51
9.82035e-05	51
9.87472e-05	51
9.90031e-05	51
9.94593e-05	51
9.94931e-05	51
9.97877e-05	51
9.99349e-05	51
9.99932e-05	51
0.000100158	51
0.000100534	51
0.000100571	51
0.000100825	51
0.000101277	51
0.000101506	51
0.000101856	51
0.00010196	51
0.000102069	51
0.000102254	51
0.000102572	51
0.000102963	51
0.000103449	51
0.000103875	51
0.000104009	51
0.000104497	51
0.000105	51
0.00010549	51
0.000105557	51
0.000105628	51
0.000105767	51
0.000106495	51
0.000106866	51
0.000107107	51
0.000107396	51
0.000109283	51
0.000109531	51
0.000109714	51
0.000109938	51
0.00010999	51
0.000109995	51
0.000110294	51
0.000110349	51
0.000110885	51
0.000111628	51
0.00011289	51
0.00011299	51
0.000113159	51
0.000113628	51
0.000113717	51
0.000113803	51
0.000114151	51
0.000114726	51
0.000114797	51
0.000114801	51
0.000115109	51
0.000115367	51
0.000115534	51
0.000116554	51
0.000116646	51
0.00011731	51
0.000117664	51
0.000118357	51
0.000118357	51
0.000118809	51
0.00011927	51
0.00011954	51
0.000119628	51
0.000119766	51
0.00011981	51
0.000121402	51
0.000121435	51
0.000121924	51
0.000122398	51
0.000122452	51
0.000122613	51
0.000122736	51
0.000123051	51
0.00012325	51
0.00012341	51
0.000124332	51
0.000124342	51
0.000124497	51
0.000124787	51
0.000125108	51
0.000125203	51
0.000125467	51
0.000125578	51
0.000126142	51
0.000126224	51
0.000126406	51
0.00012677	51
0.000126982	51
0.000127412	51
0.000127467	51
0.000127516	51
0.000127574	51
0.000127593	51
0.000128159	51
0.000128198	51
0.000129142	51
0.000129412	51
0.000129791	51
0.000129939	51
0.000130748	51
0.000131726	51
0.000132385	51
0.000132705	51
0.000132861	51
0.000133425	51
0.000133436	51
0.000133492	51
0.000133546	51
0.000133621	51
0.000133654	51
0.000134982	51
0.000135142	51
0.000135282	51
0.000135317	51
0.00013533	51
0.000135745	51
0.000136096	51
0.000136311	51
0.000137866	51
0.000137898	51
0.000137936	51
0.000137947	51
0.000137949	51
0.000138346	51
0.000139007	51
0.000140088	51
0.000140331	51
0.000140557	51
0.000140736	51
0.000141642	51
0.000141699	51
0.000143109	51
0.000143483	51
0.000144602	51
0.000144669	51
0.000145502	51
0.000145865	51
0.00014593	51
0.000146135	51
0.000146414	51
0.000146678	51
0.000146679	51
0.000147275	51
0.000147827	51
0.0001487	51
0.000148727	51
0.00014914	51
0.000149508	51
0.000149829	51
0.00015003	51
0.00015013	51
0.000150285	51
0.000150291	51
0.000150526	51
0.000153079	51
0.00015319	51
0.000153194	51
0.000153242	51
0.000154305	51
0.000154875	51
0.000155176	51
0.000156001	51
0.000156419	51
0.000157594	51
0.000158432	51
0.000158639	51
0.000159152	51
0.000160308	51
0.000160325	51
0.00016065	51
0.00016126	51
0.000162448	51
0.000162459	51
0.000163156	51
0.000164236	51
0.000164294	51
0.000164361	51
0.000164571	51
0.000166096	51
0.000166383	51
0.000167084	51
0.00016811	51
0.000169288	51
0.000169737	51
0.000170095	51
0.000170527	51
0.000170731	51
0.000170732	51
0.000171444	51
0.000171644	51
0.000172074	51
0.000173089	51
0.000174793	51
0.000174989	51
0.000175517	51
0.000175597	51
0.0001762	51
0.000176509	51
0.000177134	51
0.000177341	51
0.000179728	51
0.000180352	51
0.000180378	51
0.000180994	51
0.000181761	51
0.000182374	51
0.000184677	51
0.000184968	51
0.000185029	51
0.000185233	51
0.000186198	51
0.000187536	51
0.00018866	51
0.000189502	51
0.000189598	51
0.000191239	51
0.000192006	51
0.000192221	51
0.000192418	51
0.000194135	51
0.000194954	51
0.000195346	51
0.000197081	51
0.000197352	51
0.00019826	51
0.000198505	51
0.000199082	51
0.000199365	51
0.00020048	51
0.000200539	51
0.000200703	51
0.000201576	51
0.00020159	51
0.000202453	51
0.000203886	51
0.000203897	51
0.00020421	51
0.000204683	51
0.000204805	51
0.000204902	51
0.00020578	51
0.000205963	51
0.000206165	51
0.000207433	51
0.000210124	51
0.000210471	51
0.000212036	51
0.00021206	51
0.000212252	51
0.000213863	51
0.000214084	51
0.000214305	51
0.000215052	51
0.000215162	51
0.000215271	51
0.000216168	51
0.000217301	51
0.000217861	51
0.000218872	51
0.000219467	51
0.000219653	51
0.000222652	51
0.000222995	51
0.000223186	51
0.000223803	51
0.000224052	51
0.00022443	51
0.000225908	51
0.000226364	51
0.000226374	51
0.000226514	51
0.000226593	51
0.000227394	51
0.00023297	51
0.000233057	51
0.000234574	51
0.000235468	51
0.000239729	51
0.000241485	51
0.000243116	51
0.0002434	51
0.000245331	51
0.000246594	51
0.000246857	51
0.000247557	51
0.000248328	51
0.000250924	51
0.000250937	51
0.000253515	51
0.000255798	51
0.000255883	51
0.000256089	51
0.000256794	51
0.000257995	51
0.000259646	51
0.00026188	51
0.000263694	51
0.000265905	51
0.000266144	51
0.000269719	51
0.000270012	51
0.000270024	51
0.000272254	51
0.000277039	51
0.000278326	51
0.00027868	51
0.00027925	51
0.00028585	51
0.000286204	51
0.000289638	51
0.000290195	51
0.000290883	51
0.000292252	51
0.000292334	51
0.000292668	51
0.000294569	51
0.000295417	51
0.000297675	51
0.000302249	51
0.000303643	51
0.000303715	51
0.000305105	51
0.000308345	51
0.000308583	51
0.000310029	51
0.000312141	51
0.000312365	51
0.000313577	51
0.000314954	51
0.000316869	51
0.000321265	51
0.000321978	51
0.000322748	51
0.000323777	51
0.000328426	51
0.000331192	51
0.000331302	51
0.000333246	51
0.000334135	51
0.000339692	51
0.00034197	51
0.000343638	51
0.000344688	51
0.000346414	51
0.000347029	51
0.000349218	51
0.000352344	51
0.000353632	51
0.000354211	51
0.00036139	51
0.000364136	51
0.000364854	51
0.000366671	51
0.000366815	51
0.000367644	51
0.000368684	51
0.0003704	51
0.00037458	51
0.000376451	51
0.000382995	51
0.000393533	51
0.000402025	51
0.000408439	51
0.00041096	51
0.000412785	51
0.000413528	51
0.000417884	51
0.000418147	51
0.00041944	51
0.000421862	51
0.00042288	51
0.000429647	51
0.000429784	51
0.000430724	51
0.000434326	51
0.000436675	51
0.000438117	51
0.000446877	51
0.000447614	51
0.000447669	51
0.000451717	51
0.000453831	51
0.00045981	51
0.000461252	51
0.00046708	51
0.000468946	51
0.000475374	51
0.000478394	51
0.000488922	51
0.000494738	51
0.000503542	51
0.000505568	51
0.000506597	51
0.000506697	51
0.000510327	51
0.000513816	51
0.000524994	51
0.000530805	51
0.000542189	51
0.000543853	51
0.000556115	51
0.000560292	51
0.000568902	51
0.00056906	51
0.000572479	51
0.000574915	51
0.000579772	51
0.000593926	51
0.000602048	51
0.000620455	51
0.000627997	51
0.000640621	51
0.000641398	51
0.000649322	51
0.000651949	51
0.000668708	51
0.000669828	51
0.000680555	51
0.000685365	51
0.000714303	51
0.000714863	51
0.000754588	51
0.000755195	51
0.00075598	51
0.000778768	51
0.000794217	51
0.000818793	51
0.000839901	51
0.0008585	51
0.000881879	51
0.000888379	51
0.000889557	51
0.000917122	51
0.000966643	51
0.00105353	51
0.00106033	51
0.00106179	51
0.00106383	51
0.00106404	51
0.00106608	51
0.0011377	51
0.00115084	51
0.00115997	51
0.00127331	51
0.00130168	51
0.00133175	51
0.00151563	51
0.00152782	51
0.00163681	51
0.00164045	51
0.00173175	51
0.00489797	51
0.00489817	51
0.00489847	51
0.00489858	51
0.00489925	51
0.00490063	51
0.00490112	51
0.00490282	51
0.00490839	51
0.00491759	51
0.00613249	51
0.00927667	51
0.0156841	51
0.0156843	51
0.0156843	51
0.0156844	51
0.0156844	51
0.0156848	51
0.0156849	51
0.0156849	51
0.015685	51
0.015685	51
0.0156851	51
0.0156852	51
0.0156853	51
0.0156857	51
0.0156858	51
0.0156862	51
0.0156863	51
0.0156865	51
0.0156866	51
0.0156866	51
0.0156867	51
0.0156867	51
0.0156871	51
0.0156871	51
0.0156872	51
0.0156873	51
0.0156876	51
0.0156878	51
0.015688	51
0.015688	51
0.0156882	51
0.0156884	51
0.0156886	51
0.0156893	51
0.0156894	51
0.0156897	51
0.0156899	51
0.0156902	51
0.0156926	51
0.0156945	51
0.0156948	51
0.0156995	51
0.0157039	51
0.0157227	51
0.0157343	51
0.0157375	51
0.0157401	51
0.0157405	51
0.01575	51
0.0157553	51
0.0157804	51
0.0158095	51
0.015836	51
0.0158458	51
0.0158562	51
0.0158562	51
0.0158579	51
0.0158679	51
0.0158993	51
0.0159265	51
0.0159432	51
0.0159747	51
0.0159848	51
0.0159928	51
0.0160514	51
0.0160607	51
0.016075	51
0.0161205	51
0.0161473	51
0.0161608	51
0.0161673	51
0.0161695	51
0.0162289	51
0.0163434	51
0.0165674	51
0.0165721	51
0.0167318	51
0.0170382	51
0.0190492	51
0.0192324	51
0.0192325	51
0.0192327	51
0.0192327	51
0.0192327	51
0.0192329	51
0.0192336	51
0.0192343	51
0.0192349	51
0.0192349	51
0.0192352	51
0.0192357	51
0.0192364	51
0.0192366	51
0.0192367	51
0.0192368	51
0.0192375	51
0.0192376	51
0.0192386	51
0.0192389	51
0.0192403	51
0.0192426	51
0.0192429	51
0.019243	51
0.0192444	51
0.0192466	51
0.019247	51
0.0192476	51
0.0192496	51
0.0192567	51
0.0192633	51
0.0192666	51
0.0192669	51
0.0192675	51
0.0192864	51
0.0193476	51
0.0194138	51
0.0194397	51
0.0195308	51
0.0196034	51
0.0199199	51
0.0200942	51
0.0205502	51
0.0218082	51
0.0218083	51
0.0218083	51
0.0218088	51
0.0218089	51
0.0218089	51
0.021809	51
0.0218092	51
0.0218094	51
0.0218097	51
0.0218098	51
0.0218103	51
0.0218126	51
0.0218144	51
0.0218197	51
0.0218215	51
0.0218264	51
0.0244347	51
0.0244349	51
0.0244353	51
0.0244359	51
0.024436	51
0.0244366	51
0.024437	51
0.0244382	51
0.0244387	51
0.0244395	51
0.0244413	51
0.0244455	51
0.0244781	51
0.0244939	51
0.0245335	51
0.024537	51
0.0246151	51
0.0246316	51
0.0247417	51
0.0248726	51
0.0255471	51
0.0255471	51
0.0255474	51
0.0255474	51
0.0255475	51
0.0255475	51
0.0255476	51
0.0255477	51
0.0255477	51
0.0255478	51
0.0255479	51
0.025548	51
0.025548	51
0.025548	51
0.0255481	51
0.0255485	51
0.0255493	51
0.0255495	51
0.0255496	51
0.0255498	51
0.02555	51
0.0255502	51
0.0255504	51
0.0255509	51
0.0255516	51
0.0255517	51
0.0255519	51
0.0255525	51
0.0255526	51
0.0255529	51
0.0255537	51
0.0255539	51
0.0255552	51
0.0255564	51
0.0255596	51
0.025561	51
0.0255657	51
0.0256467	51
0.0257689	51
0.032213	51
0.032216	51
0.0322225	51
0.032256	51
0.0322772	51
0.0323363	51
0.0323922	51
0.0324756	51
0.0325046	51
0.0325783	51
0.0326201	51
0.0328626	51
0.0330685	51
0.0415963	51
0.0415969	51
0.0416005	51
0.0416082	51
0.0416122	51
0.0416136	51
0.0416267	51
0.0416273	51
0.0416291	51
0.0416467	51
0.0416513	51
0.0416542	51
0.041655	51
0.0416617	51
0.0416666	51
0.0416835	51
0.0417059	51
0.0417153	51
0.0417491	51
0.0417524	51
0.0417524	51
0.0417552	51
0.0417899	51
0.0418209	51
0.0418262	51
0.041832	51
0.041877	51
0.0419813	51
0.0419912	51
0.0420082	51
0.0420087	51
0.0420798	51
0.0421343	51
0.0421463	51
0.0421979	51
0.0422356	51
0.0423028	51
0.0437291	51
0.0437374	51
0.0437444	51
0.0437464	51
0.0437595	51
0.0437607	51
0.0437661	51
0.0437851	51
0.0437906	51
0.0438009	51
0.0438027	51
0.0438033	51
0.0438067	51
0.04381	51
0.0438104	51
0.0438174	51
0.0438189	51
0.043822	51
0.0438359	51
0.0438467	51
0.0438495	51
0.0438834	51
0.0438894	51
0.0439134	51
0.0439189	51
0.0439823	51
0.0440174	51
0.0440196	51
0.0440391	51
0.0440808	51
0.0440872	51
0.0442737	51
0.0443029	51
0.0443215	51
0.0443283	51
0.0443412	51
0.0445467	51
0.0448848	51
0.0452869	51
0.0452873	51
0.0452874	51
0.0452906	51
0.0452929	51
0.0452944	51
0.0452981	51
0.0631495	51
0.0631495	51
0.0631496	51
0.0631497	51
0.0631497	51
0.0631498	51
0.0631499	51
0.0631499	51
0.0631501	51
0.0631502	51
0.0631507	51
0.0631508	51
0.0631509	51
0.0631509	51
0.0631509	51
0.0631511	51
0.0631512	51
0.0631513	51
0.0631515	51
0.0631516	51
0.0631524	51
0.0631525	51
0.0631529	51
0.0631543	51
0.0631544	51
0.0631553	51
0.0631561	51
0.0631571	51
0.0631586	51
0.0631597	51
0.063161	51
0.063161	51
0.0631612	51
0.0631638	51
0.063167	51
0.0631671	51
0.0631802	51
0.0631808	51
0.0631861	51
0.063189	51
0.0631913	51
0.0631919	51
0.063192	51
0.0631978	51
0.0631983	51
0.0632029	51
0.0632049	51
0.0632185	51
0.0632201	51
0.0632255	51
0.0632261	51
0.0632271	51
0.0632277	51
0.0632349	51
0.0632359	51
0.0632405	51
0.0632482	51
0.0632524	51
0.0632576	51
0.0632774	51
0.0632846	51
0.063293	51
0.0632995	51
0.0633105	51
0.0633147	51
0.0633269	51
0.0633314	51
0.0633315	51
0.063334	51
0.0633436	51
0.0633521	51
0.0633664	51
0.0633676	51
0.0633755	51
0.0633993	51
0.063428	51
0.0634484	51
0.0634744	51
0.0635093	51
0.0635251	51
0.0635274	51
0.0635298	51
0.0635401	51
0.0635623	51
0.0635866	51
0.0635894	51
0.063658	51
0.0637121	51
0.0637779	51
0.0637957	51
0.0638427	51
0.0639747	51
0.0640331	51
0.0643262	51
0.0650731	51
0.0651189	51
0.0866872	51
0.0866874	51
0.0866874	51
0.0866875	51
0.0866876	51
0.0866879	51
0.0866879	51
0.086688	51
0.086688	51
0.0866882	51
0.0866885	51
0.0866889	51
0.086689	51
0.086689	51
0.086689	51
0.0866894	51
0.0866895	51
0.0866909	51
0.0866915	51
0.0866927	51
0.0866983	51
0.0867041	51
0.0867043	51
0.0867135	51
0.0867173	51
0.0867937	51
0.0945906	51
0.0946051	51
0.0946443	51
0.100524	51
0.100525	51
0.100528	51
0.100528	51
0.100531	51
0.100534	51
0.100601	51
0.100605	51
0.100617	51
0.100625	51
0.100653	51
0.102208	51
0.102208	51
0.102215	51
0.102215	51
0.10222	51
0.102221	51
0.103288	51
0.103297	51
0.116982	51
0.116982	51
0.116983	51
0.116983	51
0.116984	51
0.11699	51
0.116998	51
0.117025	51
0.117547	51
0.119991	51
0.126813	51
0.126816	51
0.126817	51
0.126831	51
0.131243	51
0.131243	51
0.131254	51
0.131275	51
0.131292	51
0.137368	51
0.137371	51
0.137397	51
0.1374	51
0.137537	51
0.158074	51
0.158074	51
0.158074	51
0.158075	51
0.158076	51
0.158076	51
0.158078	51
0.158081	51
0.158087	51
0.15809	51
0.158095	51
0.158435	51
0.160734	51
0.160734	51
0.160746	51
0.16076	51
0.174129	51
0.174129	51
0.174146	51
0.174151	51
0.17441	51
0.182634	51
0.182637	51
0.182638	51
0.18264	51
0.182641	51
0.185701	51
0.185705	51
0.185705	51
0.185723	51
0.192512	51
0.192512	51
0.192512	51
0.192518	51
0.192525	51
0.19256	51
0.19916	51
0.199161	51
0.199163	51
0.199165	51
0.199166	51
0.199174	51
0.208987	51
0.208989	51
0.208991	51
0.208992	51
0.208992	51
0.208993	51
0.208994	51
0.216081	51
0.216097	51
0.216174	51
0.220583	51
0.220625	51
0.220712	51
0.224992	51
0.224993	51
0.224993	51
0.224994	51
0.224994	51
0.224995	51
0.224999	51
0.225001	51
0.225002	51
0.225005	51
0.225023	51
0.225052	51
0.231347	51
0.231352	51
0.231352	51
0.231355	51
0.231361	51
0.231368	51
0.231379	51
0.231443	51
0.240476	51
0.240477	51
0.240478	51
0.240484	51
0.240484	51
0.240487	51
0.240488	51
0.240541	51
0.24795	51
0.247951	51
0.247952	51
0.24796	51
0.24797	51
0.248115	51
0.25177	51
0.262367	51
0.262368	51
0.262369	51
0.262372	51
0.262373	51
0.262393	51
0.262394	51
0.26241	51
0.262426	51
0.262876	51
0.262881	51
0.262914	51
0.26292	51
0.269379	51
0.26938	51
0.269383	51
0.269387	51
0.269394	51
0.275474	51
0.275476	51
0.275477	51
0.275485	51
0.275532	51
0.280408	51
0.280409	51
0.280411	51
0.280467	51
0.280806	51
0.299052	51
0.299052	51
0.299053	51
0.299073	51
0.299076	51
0.299082	51
0.299114	51
0.299117	51
0.302168	51
0.304151	51
0.304152	51
0.304152	51
0.304153	51
0.304158	51
0.304174	51
0.30418	51
0.308999	51
0.308999	51
0.309004	51
0.309006	51
0.309037	51
0.309147	51
0.319152	51
0.319153	51
0.319162	51
0.319198	51
0.327028	51
0.327031	51
0.327047	51
0.327048	51
0.327056	51
0.327513	51
0.32785	51
0.331621	51
0.331623	51
0.331634	51
0.331655	51
0.342141	51
0.342142	51
0.342142	51
0.342144	51
0.34215	51
0.342156	51
0.34689	51
0.346899	51
0.346901	51
0.346901	51
0.347703	51
0.347713	51
0.347716	51
0.361005	51
0.361007	51
0.361009	51
0.361012	51
0.361014	51
0.361031	51
0.372822	51
0.372822	51
0.372825	51
0.372825	51
0.372833	51
0.372834	51
0.372845	51
0.380792	51
0.380794	51
0.380794	51
0.380801	51
0.38085	51
0.399962	51
0.399962	51
0.399962	51
0.399967	51
0.399971	51
0.399978	51
0.399983	51
0.400017	51
0.402578	51
0.40261	51
0.41419	51
0.414194	51
0.414201	51
0.414204	51
0.419032	51
0.419035	51
0.419039	51
0.419079	51
0.436233	51
0.436233	51
0.436233	51
0.436238	51
0.436245	51
0.436248	51
0.436386	51
0.455037	51
0.455037	51
0.455039	51
0.45504	51
0.455041	51
0.455046	51
0.45505	51
0.460122	51
0.460122	51
0.460124	51
0.460127	51
0.460128	51
0.460137	51
0.460156	51
0.472217	51
0.472217	51
0.47222	51
0.472223	51
0.472225	51
0.472225	51
0.472226	51
0.473182	51
0.47425	51
0.47505	51
0.491649	51
0.49165	51
0.491652	51
0.491654	51
0.49166	51
0.491661	51
0.491662	51
0.491676	51
0.493537	51
0.493544	51
0.493547	51
0.493569	51
0.500787	51
0.500789	51
0.500797	51
0.500799	51
0.500819	51
0.501043	51
0.505116	51
0.505117	51
0.505132	51
0.505151	51
0.505175	51
0.512959	51
0.512966	51
0.512983	51
0.513159	51
0.538091	51
0.538092	51
0.538093	51
0.538095	51
0.538101	51
0.538102	51
0.538106	51
0.538125	51
0.551171	51
0.551175	51
0.551177	51
0.55118	51
0.551182	51
0.551183	51
0.55863	51
0.558631	51
0.558632	51
0.558635	51
0.558638	51
0.558641	51
0.559423	51
0.576241	51
0.576242	51
0.576247	51
0.576247	51
0.57625	51
0.576265	51
0.576269	51
0.576505	51
0.581038	51
0.581041	51
0.58107	51
0.581405	51
0.594074	51
0.594075	51
0.594075	51
0.594078	51
0.594103	51
0.608357	51
0.608358	51
0.60836	51
0.608364	51
0.612574	51
0.614613	51
0.614614	51
0.614626	51
0.616935	51
0.616966	51
0.616986	51
0.619952	51
0.619955	51
0.61996	51
0.619966	51
0.621999	51
0.622001	51
0.622001	51
0.622002	51
0.622014	51
0.622014	51
0.622022	51
0.622062	51
0.627132	51
0.627157	51
0.62717	51
0.641343	51
0.641344	51
0.641345	51
0.641346	51
0.641353	51
0.641362	51
0.641371	51
0.641389	51
0.641393	51
0.642711	51
0.642712	51
0.642715	51
0.642771	51
0.65176	51
0.651761	51
0.651761	51
0.651763	51
0.651764	51
0.651772	51
0.651774	51
0.656064	51
0.656073	51
0.656105	51
0.673995	51
0.673997	51
0.673997	51
0.673997	51
0.673998	51
0.674001	51
0.674003	51
0.674009	51
0.67401	51
0.67401	51
0.680112	51
0.680112	51
0.680113	51
0.680114	51
0.680115	51
0.680123	51
0.689783	51
0.689793	51
0.689795	51
0.689811	51
0.694694	51
0.694699	51
0.694705	51
0.694719	51
0.698501	51
0.698505	51
0.698509	51
0.698522	51
0.698523	51
0.698524	51
0.6989	51
0.703928	51
0.729056	51
0.729056	51
0.729057	51
0.72906	51
0.729061	51
0.729061	51
0.729061	51
0.729068	51
0.729091	51
0.735812	51
0.735816	51
0.735847	51
0.739765	51
0.739785	51
0.739827	51
0.739856	51
0.740689	51
0.740699	51
0.740706	51
0.745597	51
0.745604	51
0.745611	51
0.745615	51
0.745628	51
0.748088	51
0.748101	51
0.748171	51
0.753509	51
0.753514	51
0.753518	51
0.753533	51
0.755852	51
0.755857	51
0.755858	51
0.755896	51
0.755912	51
0.77968	51
0.77968	51
0.779681	51
0.779681	51
0.779683	51
0.779688	51
0.779692	51
0.779692	51
0.779894	51
0.784195	51
0.784212	51
0.784218	51
0.792533	51
0.792534	51
0.792535	51
0.792537	51
0.792542	51
0.792663	51
0.792663	51
0.792663	51
0.792726	51
0.809951	51
0.809951	51
0.809957	51
0.809958	51
0.809958	51
0.809959	51
0.810005	51
0.817101	51
0.817103	51
0.817105	51
0.817114	51
0.817116	51
0.820765	51
0.821757	51
0.821822	51
0.827506	51
0.833037	51
0.833046	51
0.833064	51
0.856782	51
0.856783	51
0.856783	51
0.856784	51
0.856784	51
0.856785	51
0.856786	51
0.856786	51
0.856787	51
0.856791	51
0.856794	51
0.856795	51
0.856943	51
0.860668	51
0.860676	51
0.860679	51
0.860687	51
0.860699	51
0.872728	51
0.872728	51
0.872732	51
0.872735	51
0.872864	51
0.875647	51
0.889501	51
0.889502	51
0.889504	51
0.889512	51
0.889565	51
0.889586	51
0.896345	51
0.896345	51
0.896348	51
0.896363	51
0.896392	51
0.900524	51
0.900525	51
0.900527	51
0.900537	51
0.900539	51
0.900547	51
0.90057	51
0.906413	51
0.906424	51
0.907142	51
0.931024	51
0.931025	51
0.931025	51
0.931026	51
0.931037	51
0.931042	51
0.93187	51
0.938296	51
0.938306	51
0.966898	51
0.966899	51
0.966899	51
0.966902	51
0.966903	51
0.966904	51
0.966913	51
0.967204	51
0.967212	51
0.967212	51
0.97095	51
0.97095	51
0.970957	51
0.970965	51
0.971727	51
0.97273	51
0.972748	51
0.972775	51
0.982125	51
0.982125	51
0.982125	51
0.982131	51
0.982155	51
0.98553	51
0.985531	51
0.985621	51
0.994003	51
0.994003	51
0.994005	51
0.994005	51
1.00136	51
1.00136	51
1.00138	51
1.0014	51
1.0112	51
1.0112	51
1.01121	51
1.01121	51
1.01507	51
1.01507	51
1.01507	51
1.01508	51
1.0182	51
1.0182	51
1.01822	51
1.01927	51
1.01964	51
1.0198	51
1.02075	51
1.02238	51
1.02238	51
1.02239	51
1.0224	51
1.02827	51
1.02828	51
1.02828	51
1.02828	51
1.02828	51
1.02828	51
1.0283	51
1.0283	51
1.02846	51
1.02847	51
1.02847	51
1.02848	51
1.03268	51
1.03269	51
1.03269	51
1.03269	51
1.03271	51
1.03271	51
1.03333	51
1.03333	51
1.03336	51
1.03743	51
1.03786	51
1.04425	51
1.04425	51
1.04426	51
1.04427	51
1.04427	51
1.04957	51
1.05145	51
1.05146	51
1.05341	51
1.05342	51
1.05342	51
1.05342	51
1.05342	51
1.05343	51
1.05347	51
1.05347	51
1.05347	51
1.05378	51
1.05378	51
1.05378	51
1.05378	51
1.05935	51
1.05936	51
1.05938	51
1.07294	51
1.07294	51
1.07294	51
1.07296	51
1.07296	51
1.07344	51
1.07348	51
1.08468	51
1.08468	51
1.08468	51
1.08469	51
1.08469	51
1.08469	51
1.08469	51
1.08469	51
1.08478	51
1.08619	51
1.0862	51
1.0862	51
1.0862	51
1.08625	51
1.09899	51
1.09899	51
1.09899	51
1.09905	51
1.10525	51
1.10526	51
1.10527	51
1.10536	51
1.10792	51
1.11021	51
1.11021	51
1.11022	51
1.11042	51
1.113	51
1.113	51
1.11302	51
1.12014	51
1.12014	51
1.12014	51
1.12015	51
1.12015	51
1.12016	51
1.1254	51
1.12541	51
1.12541	51
1.12541	51
1.12543	51
1.12546	51
1.1286	51
1.1286	51
1.1286	51
1.12868	51
1.12996	51
1.12997	51
1.12997	51
1.12997	51
1.12997	51
1.13455	51
1.13455	51
1.13456	51
1.13456	51
1.14326	51
1.14327	51
1.14327	51
1.14328	51
1.14328	51
1.14328	51
1.14447	51
1.14447	51
1.14451	51
1.14967	51
1.14967	51
1.14967	51
1.14971	51
1.14973	51
1.15061	51
1.15062	51
1.15062	51
1.15064	51
1.15064	51
1.15121	51
1.15461	51
1.15462	51
1.15463	51
1.15472	51
1.15482	51
1.18138	51
1.18138	51
1.18138	51
1.18138	51
1.18138	51
1.18138	51
1.18139	51
1.1814	51
1.1814	51
1.18293	51
1.18384	51
1.18384	51
1.18595	51
1.19746	51
1.21256	51
1.21256	51
1.21256	51
1.21256	51
1.21257	51
1.21257	51
1.21258	51
1.21258	51
1.2126	51
1.21295	51
1.21873	51
1.21873	51
1.21874	51
1.21948	51
1.21967	51
1.22135	51
1.22136	51
1.22175	51
1.22264	51
1.22265	51
1.2227	51
1.23198	51
1.23198	51
1.23199	51
1.23204	51
1.23204	51
1.23531	51
1.23532	51
1.2382	51
1.2382	51
1.2382	51
1.23821	51
1.23869	51
1.24795	51
1.24795	51
1.24796	51
1.24797	51
1.24797	51
1.24797	51
1.24799	51
1.24815	51
1.25796	51
1.25796	51
1.26882	51
1.26882	51
1.26882	51
1.26882	51
1.26884	51
1.26884	51
1.26885	51
1.26885	51
1.31006	51
1.31006	51
1.31006	51
1.31006	51
1.31006	51
1.31006	51
1.31007	51
1.31007	51
1.31007	51
1.31008	51
1.3102	51
1.31065	51
1.31764	51
1.31955	51
1.31956	51
1.31956	51
1.31967	51
1.31968	51
1.31969	51
1.3198	51
1.3198	51
1.3198	51
1.31982	51
1.33169	51
1.3317	51
1.3317	51
1.33172	51
1.33248	51
1.33248	51
1.33249	51
1.34742	51
1.34742	51
1.34742	51
1.34742	51
1.34742	51
1.34743	51
1.35452	51
1.35452	51
1.35453	51
1.35453	51
1.35454	51
1.35456	51
1.35463	51
1.35591	51
1.35592	51
1.35592	51
1.35965	51
1.35965	51
1.35966	51
1.36344	51
1.36345	51
1.36347	51
1.3635	51
1.3875	51
1.3875	51
1.3875	51
1.3875	51
1.38751	51
1.38751	51
1.38751	51
1.38751	51
1.38763	51
1.38854	51
1.38857	51
1.38861	51
1.38923	51
1.40251	51
1.40251	51
1.40251	51
1.40251	51
1.40251	51
1.40253	51
1.40255	51
1.40301	51
1.41037	51
1.41038	51
1.41038	51
1.41039	51
1.41565	51
1.41566	51
1.41566	51
1.41566	51
1.41993	51
1.41993	51
1.41994	51
1.41995	51
1.41995	51
1.41996	51
1.42769	51
1.42769	51
1.42769	51
1.42773	51
1.44315	51
1.44316	51
1.44316	51
1.44316	51
1.44317	51
1.44318	51
1.44318	51
1.44326	51
1.44753	51
1.44754	51
1.44801	51
1.45192	51
1.45195	51
1.452	51
1.45469	51
1.45469	51
1.45489	51
1.48333	51
1.48333	51
1.48333	51
1.48334	51
1.48334	51
1.48334	51
1.48336	51
1.50998	51
1.50998	51
1.50998	51
1.50998	51
1.50998	51
1.50998	51
1.50998	51
1.5101	51
1.51444	51
1.51445	51
1.51445	51
1.51598	51
1.51697	51
1.517	51
1.517	51
1.52095	51
1.52096	51
1.52096	51
1.52119	51
1.5212	51
1.5212	51
1.5212	51
1.52126	51
1.52127	51
1.52127	51
1.5224	51
1.52241	51
1.52244	51
1.52884	51
1.52885	51
1.52885	51
1.52885	51
1.52885	51
1.52893	51
1.52895	51
1.52958	51
1.52959	51
1.52963	51
1.53141	51
1.53143	51
1.53144	51
1.53145	51
1.53766	51
1.53768	51
1.53768	51
1.5379	51
1.54119	51
1.5412	51
1.54121	51
1.54121	51
1.54203	51
1.54205	51
1.54206	51
1.54797	51
1.54797	51
1.54797	51
1.54798	51
1.54798	51
1.54798	51
1.55145	51
1.55146	51
1.55147	51
1.55232	51
1.55233	51
1.55234	51
1.55234	51
1.55657	51
1.55657	51
1.55657	51
1.55658	51
1.55658	51
1.56003	51
1.56004	51
1.56005	51
1.56006	51
1.56625	51
1.56625	51
1.56625	51
1.56626	51
1.57545	51
1.57546	51
1.57546	51
1.57547	51
1.57548	51
1.57557	51
1.57573	51
1.57619	51
1.57622	51
1.57624	51
1.57629	51
1.57836	51
1.57836	51
1.57837	51
1.57837	51
1.58049	51
1.58049	51
1.5805	51
1.58061	51
1.58593	51
1.58608	51
1.59235	51
1.59236	51
1.59236	51
1.59236	51
1.59553	51
1.59554	51
1.59555	51
1.59555	51
1.60351	51
1.60351	51
1.60351	51
1.60351	51
1.60356	51
1.62556	51
1.62556	51
1.62556	51
1.62556	51
1.62556	51
1.62556	51
1.62557	51
1.62557	51
1.62558	51
1.62559	51
1.6256	51
1.63336	51
1.63336	51
1.63338	51
1.63338	51
1.63338	51
1.63341	51
1.6348	51
1.63482	51
1.63483	51
1.64008	51
1.64008	51
1.64008	51
1.64009	51
1.64015	51
1.65189	51
1.6519	51
1.6519	51
1.6519	51
1.65191	51
1.65194	51
1.66489	51
1.66489	51
1.66489	51
1.6649	51
1.6649	51
1.66492	51
1.66494	51
1.66578	51
1.66578	51
1.66584	51
1.67201	51
1.67201	51
1.67201	51
1.67202	51
1.67211	51
1.67284	51
1.67285	51
1.67286	51
1.67322	51
1.67793	51
1.68567	51
1.68571	51
1.69057	51
1.69058	51
1.71458	51
1.71458	51
1.71458	51
1.71458	51
1.71458	51
1.71458	51
1.71459	51
1.71459	51
1.71462	51
1.71592	51
1.71781	51
1.71782	51
1.71782	51
1.71783	51
1.71787	51
1.72522	51
1.72523	51
1.72525	51
1.72526	51
1.72666	51
1.72669	51
1.7267	51
1.72743	51
1.72744	51
1.72744	51
1.73265	51
1.73265	51
1.73266	51
1.73266	51
1.7327	51
1.73706	51
1.73707	51
1.73707	51
1.73713	51
1.73753	51
1.74121	51
1.74123	51
1.74123	51
1.75085	51
1.75085	51
1.75085	51
1.75086	51
1.75086	51
1.75086	51
1.75088	51
1.7639	51
1.76391	51
1.76392	51
1.76393	51
1.76394	51
1.7671	51
1.76711	51
1.76711	51
1.76711	51
1.76712	51
1.76713	51
1.76721	51
1.76926	51
1.76926	51
1.76933	51
1.77507	51
1.77508	51
1.77508	51
1.77508	51
1.77509	51
1.77562	51
1.77565	51
1.80445	51
1.80445	51
1.80445	51
1.80446	51
1.80446	51
1.80447	51
1.80447	51
1.8045	51
1.82324	51
1.82324	51
1.82325	51
1.82325	51
1.82332	51
1.82335	51
1.82418	51
1.8243	51
1.82995	51
1.82996	51
1.82996	51
1.82997	51
1.82997	51
1.83	51
1.83166	51
1.83691	51
1.83693	51
1.83694	51
1.83698	51
1.8419	51
1.8419	51
1.84191	51
1.84191	51
1.84214	51
1.85091	51
1.85091	51
1.85091	51
1.85094	51
1.85259	51
1.85259	51
1.85267	51
1.87838	51
1.87838	51
1.87838	51
1.87839	51
1.87839	51
1.87839	51
1.87839	51
1.87839	51
1.87839	51
1.87842	51
1.87842	51
1.87885	51
1.87886	51
1.87886	51
1.87887	51
1.88787	51
1.88788	51
1.88789	51
1.89256	51
1.89256	51
1.89262	51
1.8944	51
1.8944	51
1.89442	51
1.90485	51
1.90486	51
1.90486	51
1.90486	51
1.90487	51
1.9049	51
1.90508	51
1.90509	51
1.91358	51
1.91358	51
1.91362	51
1.91515	51
1.91516	51
1.91518	51
1.91521	51
1.91673	51
1.91673	51
1.91673	51
1.91868	51
1.91869	51
1.91873	51
1.92244	51
1.92244	51
1.92244	51
1.92244	51
1.92245	51
1.92245	51
1.92247	51
1.92249	51
1.92967	51
1.92967	51
1.92967	51
1.92967	51
1.92968	51
1.92968	51
1.94149	51
1.94149	51
1.94154	51
1.94609	51
1.94609	51
1.9461	51
1.9461	51
1.9461	51
1.9461	51
1.94614	51
1.94955	51
1.94956	51
1.94956	51
1.94965	51
1.96771	51
1.96771	51
1.96771	51
1.96771	51
1.96771	51
1.96772	51
1.96772	51
1.96772	51
1.96772	51
1.96778	51
1.96782	51
1.96782	51
1.97299	51
1.973	51
1.97302	51
1.97303	51
1.97307	51
1.97307	51
1.97307	51
1.97308	51
1.9731	51
1.97317	51
1.98038	51
1.98038	51
1.98039	51
1.98039	51
1.98041	51
1.98041	51
1.99003	51
1.99003	51
1.99003	51
1.99006	51
1.99006	51
1.99225	51
1.99225	51
1.99226	51
2.00905	51
2.00905	51
2.00905	51
2.00905	51
2.00906	51
2.00906	51
2.00906	51
2.00909	51
2.01328	51
2.02393	51
2.02393	51
2.02394	51
2.02394	51
2.02395	51
2.02395	51
2.02396	51
2.03307	51
2.03308	51
2.03308	51
2.03308	51
2.03308	51
2.03309	51
2.03314	51
2.04041	51
2.04041	51
2.04041	51
2.04041	51
2.04041	51
2.04044	51
2.04716	51
2.04716	51
2.04716	51
2.04717	51
2.0472	51
2.04831	51
2.04832	51
2.04833	51
2.04835	51
2.0503	51
2.05031	51
2.05031	51
2.05499	51
2.05499	51
2.05501	51
2.05501	51
2.07212	51
2.07212	51
2.07213	51
2.07213	51
2.07213	51
2.07214	51
2.07558	51
2.0756	51
2.07567	51
2.0952	51
2.0952	51
2.09521	51
2.09521	51
2.09521	51
2.09524	51
2.09532	51
2.10053	51
2.10053	51
2.10056	51
2.10072	51
2.11114	51
2.11114	51
2.11114	51
2.11114	51
2.11115	51
2.11117	51
2.1195	51
2.11951	51
2.12259	51
2.12261	51
2.12262	51
2.12266	51
2.13304	51
2.13304	51
2.13304	51
2.13305	51
2.13308	51
2.13795	51
2.13796	51
2.13796	51
2.14024	51
2.14024	51
2.14024	51
2.14028	51
2.14028	51
2.14148	51
2.14148	51
2.14149	51
2.14151	51
2.14817	51
2.14817	51
2.14817	51
2.14817	51
2.14818	51
2.15007	51
2.15008	51
2.1501	51
2.15342	51
2.15342	51
2.15343	51
2.15347	51
2.15347	51
2.15348	51
2.15348	51
2.16177	51
2.16178	51
2.16179	51
2.16185	51
2.17461	51
2.17462	51
2.17462	51
2.17465	51
2.17466	51
2.17468	51
2.17528	51
2.17528	51
2.17529	51
2.17531	51
2.1873	51
2.1873	51
2.18731	51
2.18733	51
2.18733	51
2.18738	51
2.19292	51
2.19292	51
2.19292	51
2.19293	51
2.19295	51
2.19318	51
2.2174	51
2.2174	51
2.2174	51
2.2174	51
2.21741	51
2.21741	51
2.21742	51
2.21745	51
2.21745	51
2.21746	51
2.21747	51
2.21773	51
2.22168	51
2.22168	51
2.2217	51
2.22171	51
2.22247	51
2.22249	51
2.22251	51
2.2246	51
2.2246	51
2.22462	51
2.22462	51
2.22465	51
2.23536	51
2.23536	51
2.23537	51
2.23538	51
2.23538	51
2.23538	51
2.23684	51
2.23695	51
2.24615	51
2.24619	51
2.2462	51
2.24622	51
2.26588	51
2.26589	51
2.26589	51
2.26589	51
2.2659	51
2.26598	51
2.2694	51
2.2694	51
2.26941	51
2.26945	51
2.26948	51
2.26955	51
2.27173	51
2.27174	51
2.27183	51
2.27246	51
2.27246	51
2.2725	51
2.28329	51
2.2833	51
2.28331	51
2.28342	51
2.29255	51
2.29256	51
2.29256	51
2.29511	51
2.29611	51
2.29611	51
2.29611	51
2.29612	51
2.29716	51
2.2972	51
2.29721	51
2.29727	51
2.30011	51
2.32629	51
2.32629	51
2.32629	51
2.32629	51
2.3263	51
2.32631	51
2.32631	51
2.32634	51
2.32818	51
2.32819	51
2.32822	51
2.32911	51
2.33535	51
2.33535	51
2.33537	51
2.33537	51
2.33544	51
2.33544	51
2.33544	51
2.33564	51
2.35714	51
2.35714	51
2.35715	51
2.35715	51
2.35715	51
2.35715	51
2.35716	51
2.3584	51
2.36015	51
2.36015	51
2.36016	51
2.36018	51
2.3602	51
2.36022	51
2.36217	51
2.36292	51
2.36469	51
2.3647	51
2.3647	51
2.36471	51
2.3648	51
2.36513	51
2.36513	51
2.36527	51
2.38286	51
2.38286	51
2.38286	51
2.38286	51
2.38286	51
2.38287	51
2.38289	51
2.38544	51
2.38687	51
2.38688	51
2.38691	51
2.40389	51
2.40389	51
2.40389	51
2.40389	51
2.4039	51
2.4039	51
2.4039	51
2.40391	51
2.40391	51
2.40392	51
2.41387	51
2.41387	51
2.41387	51
2.41388	51
2.41389	51
2.41548	51
2.41616	51
2.4234	51
2.4234	51
2.4234	51
2.4234	51
2.42342	51
2.44043	51
2.44043	51
2.44043	51
2.44043	51
2.44043	51
2.44044	51
2.44044	51
2.44047	51
2.44541	51
2.44542	51
2.44542	51
2.44543	51
2.44543	51
2.44544	51
2.44841	51
2.45449	51
2.45449	51
2.4545	51
2.45707	51
2.45707	51
2.45707	51
2.4732	51
2.4732	51
2.4732	51
2.47321	51
2.47321	51
2.47321	51
2.47323	51
2.48272	51
2.48272	51
2.48273	51
2.50449	51
2.50449	51
2.50449	51
2.50449	51
2.50449	51
2.5045	51
2.5045	51
2.5045	51
2.5045	51
2.50455	51
2.51208	51
2.51208	51
2.51344	51
2.51364	51
2.51365	51
2.51366	51
2.51366	51
2.52538	51
2.52539	51
2.52539	51
2.52541	51
2.52842	51
2.52842	51
2.52842	51
2.52842	51
2.52845	51
2.52845	51
2.52846	51
2.52847	51
2.54366	51
2.54366	51
2.54367	51
2.5437	51
2.54725	51
2.55527	51
2.55527	51
2.55528	51
2.5553	51
2.56074	51
2.56074	51
2.56074	51
2.56074	51
2.56075	51
2.56078	51
2.56134	51
2.56134	51
2.56135	51
2.56637	51
2.56637	51
2.56776	51
2.56776	51
2.56779	51
2.56779	51
2.57253	51
2.57255	51
2.57257	51
2.58389	51
2.58389	51
2.5839	51
2.58391	51
2.58392	51
2.58397	51
2.58424	51
2.58487	51
2.58487	51
2.58487	51
2.59049	51
2.59049	51
2.59049	51
2.5905	51
2.59051	51
2.59051	51
2.59052	51
2.59823	51
2.59824	51
2.59835	51
2.59863	51
2.59863	51
2.59869	51
2.59871	51
2.60594	51
2.60594	51
2.61836	51
2.61837	51
2.61837	51
2.61837	51
2.61837	51
2.61838	51
2.61838	51
2.61839	51
2.6184	51
2.6191	51
2.62936	51
2.62937	51
2.62937	51
2.62938	51
2.62938	51
2.62939	51
2.62945	51
2.63198	51
2.63202	51
2.63204	51
2.63939	51
2.63942	51
2.63943	51
2.63947	51
2.64116	51
2.64125	51
2.6416	51
2.64161	51
2.64163	51
2.64164	51
2.64476	51
2.64478	51
2.64488	51
2.64979	51
2.6498	51
2.6498	51
2.6498	51
2.64985	51
2.6525	51
2.6525	51
2.65255	51
2.65269	51
2.65448	51
2.65457	51
2.65855	51
2.65859	51
2.6589	51
2.65925	51
2.65937	51
2.67336	51
2.67336	51
2.67337	51
2.67337	51
2.67338	51
2.6734	51
2.6734	51
2.68257	51
2.68257	51
2.68259	51
2.6826	51
2.68263	51
2.68281	51
2.68282	51
2.68283	51
2.68716	51
2.68718	51
2.68719	51
2.68722	51
2.68841	51
2.68842	51
2.68847	51
2.68849	51
2.69036	51
2.69037	51
2.69037	51
2.69042	51
2.69804	51
2.69804	51
2.69804	51
2.69804	51
2.69805	51
2.69806	51
2.69806	51
2.71489	51
2.7149	51
2.7149	51
2.7149	51
2.7149	51
2.7149	51
2.71491	51
2.71494	51
2.71495	51
2.71496	51
2.71496	51
2.72049	51
2.72049	51
2.7205	51
2.73541	51
2.73541	51
2.73541	51
2.73542	51
2.73542	51
2.73542	51
2.73547	51
2.73696	51
2.73696	51
2.73699	51
2.73839	51
2.73839	51
2.73839	51
2.7384	51
2.7384	51
2.73842	51
2.73866	51
2.73866	51
2.73867	51
2.73868	51
2.73868	51
2.7387	51
2.74279	51
2.7428	51
2.74281	51
2.74502	51
2.74502	51
2.74504	51
2.74506	51
2.75903	51
2.75903	51
2.75904	51
2.75905	51
2.75905	51
2.75909	51
2.75988	51
2.75996	51
2.76169	51
2.76169	51
2.76171	51
2.76633	51
2.76633	51
2.76634	51
2.7703	51
2.77031	51
2.77033	51
2.77034	51
2.77721	51
2.77724	51
2.77735	51
2.78041	51
2.78042	51
2.78062	51
2.78132	51
2.79589	51
2.79589	51
2.7959	51
2.7959	51
2.79768	51
2.79769	51
2.7977	51
2.79931	51
2.80749	51
2.80749	51
2.80749	51
2.8075	51
2.80752	51
2.81569	51
2.8157	51
2.8157	51
2.81739	51
2.81749	51
2.81757	51
2.82454	51
2.82454	51
2.82454	51
2.82454	51
2.82454	51
2.82457	51
2.82457	51
2.82459	51
2.82471	51
2.82719	51
2.83006	51
2.83008	51
2.8301	51
2.83011	51
2.8323	51
2.83232	51
2.83232	51
2.83232	51
2.84553	51
2.84553	51
2.84553	51
2.84553	51
2.84554	51
2.84554	51
2.84555	51
2.84555	51
2.84558	51
2.8457	51
2.84645	51
2.84645	51
2.84645	51
2.84645	51
2.85322	51
2.85324	51
2.85327	51
2.85461	51
2.85461	51
2.85462	51
2.85472	51
2.85911	51
2.85911	51
2.85912	51
2.87178	51
2.87178	51
2.87178	51
2.87178	51
2.8726	51
2.87261	51
2.87261	51
2.89096	51
2.89096	51
2.89096	51
2.89096	51
2.89096	51
2.89097	51
2.89097	51
2.89097	51
2.89099	51
2.89101	51
2.89387	51
2.89389	51
2.8939	51
2.89784	51
2.89786	51
2.89788	51
2.89788	51
2.90977	51
2.90979	51
2.90983	51
2.91646	51
2.91646	51
2.91646	51
2.91651	51
2.92668	51
2.92669	51
2.92698	51
2.93203	51
2.93204	51
2.93204	51
2.95129	51
2.9513	51
2.95131	51
2.95131	51
2.95133	51
2.9601	51
2.96011	51
2.96027	51
2.98215	51
2.98215	51
2.98215	51
2.98215	51
2.98215	51
2.98216	51
2.98216	51
2.98216	51
2.98216	51
2.98216	51
2.98219	51
2.9846	51
2.98461	51
2.98464	51
2.98466	51
3.00752	51
3.00752	51
3.00752	51
3.00752	51
3.00753	51
3.00756	51
3.00757	51
3.00765	51
3.01258	51
3.01259	51
3.01259	51
3.0126	51
3.01261	51
3.01262	51
3.01262	51
3.01265	51
3.01938	51
3.0195	51
3.02461	51
3.02462	51
3.02462	51
3.02463	51
3.02464	51
3.02469	51
3.02531	51
3.02534	51
3.02536	51
3.03038	51
3.03038	51
3.03039	51
3.03326	51
3.03326	51
3.03328	51
3.03814	51
3.03815	51
3.03815	51
3.03816	51
3.03819	51
3.04427	51
3.04427	51
3.04427	51
3.04428	51
3.04428	51
3.04428	51
3.04429	51
3.0443	51
3.06011	51
3.06012	51
3.06012	51
3.06012	51
3.06013	51
3.06013	51
3.06016	51
3.07043	51
3.07044	51
3.07045	51
3.08126	51
3.08126	51
3.08126	51
3.08127	51
3.08129	51
3.08138	51
3.08975	51
3.08975	51
3.08976	51
3.08977	51
3.0898	51
3.09373	51
3.09377	51
3.09384	51
3.09736	51
3.09738	51
3.11134	51
3.11134	51
3.11134	51
3.11137	51
3.11143	51
3.11213	51
3.11214	51
3.11226	51
3.11851	51
3.11851	51
3.11852	51
3.11852	51
3.11978	51
3.12118	51
3.12118	51
3.12118	51
3.12118	51
3.12119	51
3.12119	51
3.12268	51
3.12269	51
3.1227	51
3.12272	51
3.12612	51
3.12616	51
3.12617	51
3.12825	51
3.12826	51
3.12826	51
3.1283	51
3.13924	51
3.13925	51
3.13925	51
3.13934	51
3.14015	51
3.14015	51
3.14018	51
3.16314	51
3.16315	51
3.16315	51
3.16315	51
3.16317	51
3.16338	51
3.16345	51
3.16937	51
3.16938	51
3.16953	51
3.17451	51
3.17451	51
3.17452	51
3.17452	51
3.17461	51
3.17569	51
3.17569	51
3.17569	51
3.17578	51
3.19146	51
3.19147	51
3.19147	51
3.19149	51
3.19156	51
3.19211	51
3.19211	51
3.19212	51
3.19238	51
3.20164	51
3.20164	51
3.20165	51
3.20166	51
3.20171	51
3.20371	51
3.20372	51
3.20374	51
3.20378	51
3.21125	51
3.21127	51
3.21127	51
3.21751	51
3.21751	51
3.21753	51
3.21753	51
3.21754	51
3.21757	51
3.21765	51
3.21969	51
3.21969	51
3.21973	51
3.21988	51
3.2221	51
3.2221	51
3.22236	51
3.23485	51
3.23485	51
3.23486	51
3.23491	51
3.23576	51
3.2361	51
3.23779	51
3.2378	51
3.23805	51
3.23978	51
3.23978	51
3.23978	51
3.23978	51
3.2398	51
3.25621	51
3.25622	51
3.25623	51
3.25623	51
3.25623	51
3.25624	51
3.25638	51
3.25645	51
3.25698	51
3.25734	51
3.25901	51
3.25901	51
3.25902	51
3.25903	51
3.25907	51
3.2856	51
3.2856	51
3.2856	51
3.2856	51
3.2856	51
3.2856	51
3.28562	51
3.28562	51
3.28592	51
3.29035	51
3.29036	51
3.29037	51
3.29038	51
3.29056	51
3.29598	51
3.29599	51
3.29599	51
3.296	51
3.29603	51
3.31486	51
3.31487	51
3.31487	51
3.31487	51
3.31488	51
3.31508	51
3.32268	51
3.32271	51
3.32273	51
3.32312	51
3.32331	51
3.33076	51
3.33077	51
3.33077	51
3.33077	51
3.33079	51
3.33079	51
3.35384	51
3.35384	51
3.35384	51
3.35384	51
3.35384	51
3.35384	51
3.35387	51
3.35388	51
3.36062	51
3.36825	51
3.36825	51
3.36825	51
3.3683	51
3.36835	51
3.37713	51
3.37713	51
3.37716	51
3.37733	51
3.38427	51
3.38429	51
3.38452	51
3.38544	51
3.38545	51
3.38545	51
3.38593	51
3.3934	51
3.39343	51
3.39346	51
3.39358	51
3.39443	51
3.3974	51
3.3974	51
3.39938	51
3.39938	51
3.39939	51
3.39939	51
3.39993	51
3.40013	51
3.40013	51
3.40151	51
3.40151	51
3.40152	51
3.43331	51
3.43331	51
3.43332	51
3.43332	51
3.43332	51
3.43332	51
3.43332	51
3.43333	51
3.43333	51
3.43334	51
3.43334	51
3.43336	51
3.43337	51
3.43713	51
3.43715	51
3.43717	51
3.45316	51
3.45316	51
3.45317	51
3.45317	51
3.45317	51
3.45318	51
3.4532	51
3.45398	51
3.46461	51
3.46462	51
3.46462	51
3.46462	51
3.46462	51
3.46463	51
3.46467	51
3.46467	51
3.46473	51
3.46475	51
3.46655	51
3.46657	51
3.46659	51
3.48111	51
3.48111	51
3.48112	51
3.48112	51
3.48115	51
3.48234	51
3.48234	51
3.48235	51
3.48235	51
3.48238	51
3.48594	51
3.48595	51
3.48595	51
3.48595	51
3.48597	51
3.49018	51
3.49019	51
3.4902	51
3.4902	51
3.4902	51
3.49065	51
3.49066	51
3.49068	51
3.5233	51
3.5233	51
3.52331	51
3.52332	51
3.52333	51
3.52334	51
3.52335	51
3.52954	51
3.52955	51
3.53021	51
3.53025	51
3.53033	51
3.54516	51
3.54516	51
3.54516	51
3.54516	51
3.54517	51
3.54517	51
3.54518	51
3.54522	51
3.54528	51
3.54964	51
3.54965	51
3.54965	51
3.54967	51
3.56189	51
3.5619	51
3.5619	51
3.5619	51
3.56194	51
3.56205	51
3.56212	51
3.57046	51
3.57048	51
3.57049	51
3.57049	51
3.5705	51
3.57189	51
3.57189	51
3.57189	51
3.57189	51
3.57199	51
3.57594	51
3.57821	51
3.57823	51
3.57823	51
3.57826	51
3.57843	51
3.57843	51
3.57843	51
3.57851	51
3.58912	51
3.58912	51
3.58916	51
3.5893	51
3.60303	51
3.60303	51
3.60303	51
3.60304	51
3.60305	51
3.60306	51
3.60314	51
3.60502	51
3.60748	51
3.60749	51
3.60753	51
3.61661	51
3.61661	51
3.61665	51
3.62348	51
3.62349	51
3.62349	51
3.62391	51
3.62926	51
3.62928	51
3.63059	51
3.63059	51
3.63059	51
3.6306	51
3.63171	51
3.63833	51
3.63833	51
3.63833	51
3.63836	51
3.63984	51
3.6399	51
3.64114	51
3.64433	51
3.64434	51
3.64435	51
3.64435	51
3.65114	51
3.65114	51
3.65173	51
3.65173	51
3.65173	51
3.65176	51
3.65223	51
3.65329	51
3.65329	51
3.65331	51
3.65337	51
3.65343	51
3.65345	51
3.65352	51
3.6554	51
3.65542	51
3.65549	51
3.65924	51
3.65924	51
3.65937	51
3.66826	51
3.66826	51
3.66826	51
3.66827	51
3.66827	51
3.66827	51
3.66829	51
3.6701	51
3.67713	51
3.67713	51
3.67714	51
3.67722	51
3.67726	51
3.68558	51
3.68559	51
3.68559	51
3.68631	51
3.68723	51
3.68723	51
3.68728	51
3.70511	51
3.70511	51
3.70512	51
3.70512	51
3.70512	51
3.70512	51
3.70512	51
3.70512	51
3.70512	51
3.70513	51
3.70514	51
3.70977	51
3.70978	51
3.71875	51
3.71875	51
3.71876	51
3.71876	51
3.72198	51
3.72198	51
3.72199	51
3.722	51
3.72594	51
3.72594	51
3.72595	51
3.73489	51
3.73489	51
3.7349	51
3.7349	51
3.7349	51
3.73492	51
3.73492	51
3.74715	51
3.74716	51
3.74716	51
3.74718	51
3.74719	51
3.74727	51
3.75292	51
3.75292	51
3.75292	51
3.75293	51
3.75295	51
3.75745	51
3.75745	51
3.75745	51
3.75749	51
3.76205	51
3.76205	51
3.76205	51
3.76211	51
3.76216	51
3.76368	51
3.76371	51
3.76379	51
3.76634	51
3.76634	51
3.76635	51
3.78377	51
3.78377	51
3.78377	51
3.78377	51
3.78378	51
3.78379	51
3.78379	51
3.78385	51
3.788	51
3.78806	51
3.79799	51
3.798	51
3.79801	51
3.79801	51
3.80387	51
3.80388	51
3.80389	51
3.80389	51
3.80828	51
3.80829	51
3.80829	51
3.80831	51
3.80854	51
3.81354	51
3.81359	51
3.81424	51
3.81424	51
3.81429	51
3.83893	51
3.83894	51
3.83894	51
3.83895	51
3.83896	51
3.83903	51
3.85349	51
3.85349	51
3.8535	51
3.85351	51
3.85353	51
3.85392	51
3.85392	51
3.85392	51
3.85392	51
3.88013	51
3.88014	51
3.88014	51
3.88014	51
3.88014	51
3.88014	51
3.88014	51
3.88015	51
3.88015	51
3.88019	51
3.88248	51
3.88248	51
3.88268	51
3.88576	51
3.88576	51
3.88576	51
3.88581	51
3.88774	51
3.88775	51
3.88776	51
3.88777	51
3.8911	51
3.89111	51
3.89112	51
3.89126	51
3.90187	51
3.90189	51
3.90191	51
3.90195	51
3.92809	51
3.92809	51
3.92809	51
3.92809	51
3.92809	51
3.9281	51
3.9281	51
3.92811	51
3.92814	51
3.92816	51
3.93417	51
3.93418	51
3.9552	51
3.9552	51
3.9552	51
3.9552	51
3.95521	51
3.95521	51
3.95523	51
3.95534	51
3.96788	51
3.96789	51
3.9679	51
3.96792	51
3.96794	51
3.96795	51
3.97844	51
3.97844	51
3.97857	51
4.00576	51
4.00576	51
4.00576	51
4.00576	51
4.00577	51
4.00577	51
4.00578	51
4.00579	51
4.0058	51
4.0058	51
4.02126	51
4.02127	51
4.02128	51
4.0213	51
4.02543	51
4.02544	51
4.02545	51
4.02545	51
4.02781	51
4.02781	51
4.02785	51
4.02831	51
4.02833	51
4.02835	51
4.03068	51
4.03069	51
4.03073	51
4.03074	51
4.03075	51
4.03284	51
4.05175	51
4.05176	51
4.05176	51
4.05176	51
4.05176	51
4.05177	51
4.05178	51
4.0518	51
4.05634	51
4.05634	51
4.05634	51
4.05636	51
4.05637	51
4.05641	51
4.08449	51
4.08449	51
4.08449	51
4.0845	51
4.0845	51
4.0845	51
4.08451	51
4.08458	51
4.08459	51
4.09073	51
4.09074	51
4.10622	51
4.10622	51
4.10622	51
4.10623	51
4.10623	51
4.10718	51
4.10811	51
4.10811	51
4.12269	51
4.12269	51
4.1227	51
4.1227	51
4.1227	51
4.1227	51
4.1227	51
4.12272	51
4.12273	51
4.12275	51
4.1228	51
4.12428	51
4.1243	51
4.12433	51
4.12513	51
4.12581	51
4.12861	51
4.12862	51
4.12867	51
4.12911	51
4.13524	51
4.13525	51
4.13526	51
4.13527	51
4.15238	51
4.15238	51
4.15239	51
4.1524	51
4.1524	51
4.16812	51
4.16812	51
4.16813	51
4.16813	51
4.16817	51
4.18079	51
4.18079	51
4.1808	51
4.18084	51
4.18086	51
4.18469	51
4.18469	51
4.18472	51
4.18475	51
4.18774	51
4.18776	51
4.1878	51
4.18784	51
4.19941	51
4.19941	51
4.19942	51
4.19947	51
4.20351	51
4.20353	51
4.21412	51
4.21412	51
4.21414	51
4.21415	51
4.21415	51
4.21423	51
4.21775	51
4.21775	51
4.21775	51
4.21775	51
4.21776	51
4.21777	51
4.21783	51
4.2194	51
4.21941	51
4.21942	51
4.21946	51
4.23163	51
4.23164	51
4.23863	51
4.23863	51
4.23863	51
4.23864	51
4.23865	51
4.23866	51
4.24555	51
4.24556	51
4.24556	51
4.27082	51
4.27082	51
4.27082	51
4.27082	51
4.27084	51
4.27086	51
4.27087	51
4.27091	51
4.28854	51
4.28854	51
4.28854	51
4.28855	51
4.28855	51
4.28856	51
4.28856	51
4.28857	51
4.28859	51
4.2886	51
4.28864	51
4.28867	51
4.28867	51
4.2887	51
4.28873	51
4.29206	51
4.29212	51
4.29636	51
4.2964	51
4.29642	51
4.30206	51
4.30206	51
4.30207	51
4.3021	51
4.30628	51
4.30628	51
4.30629	51
4.30631	51
4.3092	51
4.32246	51
4.32246	51
4.32246	51
4.32247	51
4.32248	51
4.32248	51
4.3225	51
4.32529	51
4.32529	51
4.32533	51
4.33698	51
4.33699	51
4.33699	51
4.337	51
4.337	51
4.33702	51
4.33703	51
4.33752	51
4.33752	51
4.33752	51
4.33761	51
4.34036	51
4.34037	51
4.34037	51
4.34038	51
4.34039	51
4.34044	51
4.34055	51
4.35276	51
4.35276	51
4.35279	51
4.37118	51
4.37118	51
4.37119	51
4.37119	51
4.3712	51
4.3712	51
4.37123	51
4.37173	51
4.37173	51
4.37174	51
4.37767	51
4.3777	51
4.37771	51
4.3884	51
4.3884	51
4.3884	51
4.3884	51
4.38841	51
4.38841	51
4.38842	51
4.38842	51
4.38844	51
4.38844	51
4.38868	51
4.39695	51
4.39695	51
4.39696	51
4.39697	51
4.40049	51
4.4005	51
4.40051	51
4.40053	51
4.40108	51
4.40108	51
4.40119	51
4.4186	51
4.4186	51
4.4186	51
4.4186	51
4.41862	51
4.42037	51
4.42038	51
4.42038	51
4.42046	51
4.42826	51
4.42826	51
4.42827	51
4.42829	51
4.42831	51
4.44469	51
4.4447	51
4.44472	51
4.44477	51
4.44484	51
4.44829	51
4.44829	51
4.4483	51
4.4483	51
4.44832	51
4.44981	51
4.44982	51
4.44986	51
4.44987	51
4.45157	51
4.45158	51
4.45158	51
4.45161	51
4.45162	51
4.47019	51
4.47019	51
4.4702	51
4.47021	51
4.47023	51
4.47028	51
4.47922	51
4.47925	51
4.47929	51
4.47932	51
4.48064	51
4.48066	51
4.48076	51
4.48541	51
4.48542	51
4.48543	51
4.48544	51
4.48548	51
4.5054	51
4.5054	51
4.5054	51
4.50541	51
4.50541	51
4.50542	51
4.50549	51
4.50665	51
4.5068	51
4.5071	51
4.51316	51
4.51317	51
4.51319	51
4.51319	51
4.51336	51
4.51615	51
4.51615	51
4.51615	51
4.51619	51
4.51629	51
4.52587	51
4.52588	51
4.52594	51
4.52608	51
4.53037	51
4.53038	51
4.5304	51
4.53134	51
4.53134	51
4.53134	51
4.53134	51
4.53135	51
4.53214	51
4.55082	51
4.55082	51
4.55083	51
4.55083	51
4.55087	51
4.5509	51
4.55172	51
4.55291	51
4.55295	51
4.57265	51
4.57266	51
4.57266	51
4.57267	51
4.57267	51
4.57268	51
4.57276	51
4.57282	51
4.59878	51
4.5988	51
4.5988	51
4.59893	51
4.59898	51
4.59914	51
4.60853	51
4.60855	51
4.60857	51
4.60857	51
4.6086	51
4.61295	51
4.61296	51
4.61309	51
4.63248	51
4.63248	51
4.63249	51
4.63249	51
4.63249	51
4.63249	51
4.6325	51
4.6325	51
4.6325	51
4.63251	51
4.63253	51
4.63256	51
4.63301	51
4.63304	51
4.63305	51
4.63876	51
4.63876	51
4.63876	51
4.63877	51
4.64458	51
4.6446	51
4.6446	51
4.64463	51
4.64843	51
4.64843	51
4.64844	51
4.64868	51
4.64868	51
4.64871	51
4.65834	51
4.65835	51
4.65835	51
4.65839	51
4.6585	51
4.6698	51
4.66981	51
4.66981	51
4.66981	51
4.66984	51
4.66985	51
4.66997	51
4.67484	51
4.67484	51
4.67717	51
4.67717	51
4.6772	51
4.6772	51
4.69785	51
4.69785	51
4.69785	51
4.69785	51
4.69786	51
4.69786	51
4.69787	51
4.69787	51
4.69788	51
4.69793	51
4.69802	51
4.71696	51
4.71696	51
4.71696	51
4.71697	51
4.71697	51
4.71697	51
4.71697	51
4.71698	51
4.71853	51
4.71855	51
4.71856	51
4.72646	51
4.72646	51
4.72647	51
4.72647	51
4.72656	51
4.74785	51
4.74785	51
4.74785	51
4.74785	51
4.7479	51
4.74791	51
4.75352	51
4.75352	51
4.75353	51
4.75353	51
4.75355	51
4.75624	51
4.75626	51
4.75627	51
4.75628	51
4.76147	51
4.76148	51
4.76148	51
4.76151	51
4.77792	51
4.77793	51
4.77794	51
4.77794	51
4.778	51
4.77807	51
4.79106	51
4.79107	51
4.7911	51
4.79112	51
4.79935	51
4.79937	51
4.79938	51
4.79939	51
4.79942	51
4.79966	51
4.80089	51
4.80089	51
4.8009	51
4.80138	51
4.81377	51
4.81377	51
4.81378	51
4.81379	51
4.81379	51
4.81379	51
4.81383	51
4.81383	51
4.81383	51
4.81566	51
4.81567	51
4.8157	51
4.81573	51
4.83311	51
4.83311	51
4.83312	51
4.83314	51
4.83315	51
4.83323	51
4.83653	51
4.83657	51
4.84138	51
4.84138	51
4.84142	51
4.84144	51
4.84741	51
4.84742	51
4.84743	51
4.84744	51
4.8475	51
4.84771	51
4.84774	51
4.84946	51
4.84947	51
4.881	51
4.881	51
4.881	51
4.881	51
4.881	51
4.88101	51
4.88101	51
4.88101	51
4.88101	51
4.88104	51
4.88109	51
4.88109	51
4.88109	51
4.89387	51
4.89388	51
4.89388	51
4.89391	51
4.89391	51
4.89394	51
4.89702	51
4.89704	51
4.89704	51
4.89708	51
4.90009	51
4.90012	51
4.90162	51
4.90164	51
4.90165	51
4.90181	51
4.90182	51
4.90183	51
4.90185	51
4.90204	51
4.91515	51
4.91516	51
4.91517	51
4.91518	51
4.91532	51
4.92145	51
4.92148	51
4.9215	51
4.92152	51
4.98625	51
4.98625	51
4.98625	51
4.98625	51
4.98625	51
4.98626	51
4.98627	51
4.98628	51
4.98635	51
4.98641	51
4.98932	51
4.98933	51
4.98933	51
4.98935	51
4.98939	51
4.9897	51
4.99015	51
4.99016	51
4.99018	51
5.02152	51
5.02154	51
5.02154	51
5.02155	51
5.02156	51
5.0216	51
5.02163	51
5.02169	51
5.03724	51
5.03725	51
5.03726	51
5.03727	51
5.0373	51
5.03733	51
5.03765	51
5.0384	51
5.0384	51
5.03841	51
5.03866	51
5.08739	51
5.08739	51
5.0874	51
5.08741	51
5.08742	51
5.08742	51
5.08742	51
5.08743	51
5.08743	51
5.08745	51
5.08748	51
5.08761	51
5.09065	51
5.09068	51
5.09073	51
5.09083	51
5.09339	51
5.09339	51
5.09339	51
5.09373	51
5.09373	51
5.09373	51
5.10435	51
5.10437	51
5.10437	51
5.1044	51
5.10449	51
5.13441	51
5.13441	51
5.13443	51
5.13443	51
5.13444	51
5.13445	51
5.13447	51
5.13448	51
5.13454	51
5.14021	51
5.14027	51
5.14035	51
5.1538	51
5.15381	51
5.15381	51
5.15385	51
5.15389	51
5.1539	51
5.1544	51
5.15441	51
5.15446	51
5.15467	51
5.17279	51
5.17279	51
5.1728	51
5.17282	51
5.17283	51
5.17287	51
5.17288	51
5.17313	51
5.17839	51
5.1784	51
5.1784	51
5.1784	51
5.17852	51
5.23371	51
5.23372	51
5.23372	51
5.23372	51
5.23373	51
5.23373	51
5.23377	51
5.23377	51
5.23382	51
5.23391	51
5.23394	51
5.2579	51
5.25792	51
5.25792	51
5.25793	51
5.25793	51
5.25795	51
5.29378	51
5.29379	51
5.2938	51
5.29389	51
5.29393	51
5.29394	51
5.29403	51
5.29453	51
5.30471	51
5.30471	51
5.30471	51
5.30475	51
5.30477	51
5.3048	51
5.30706	51
5.30707	51
5.3073	51
5.31694	51
5.31696	51
5.31696	51
5.31697	51
5.317	51
5.31709	51
5.34722	51
5.34723	51
5.34723	51
5.34724	51
5.34725	51
5.34725	51
5.34725	51
5.34727	51
5.34729	51
5.34733	51
5.34734	51
5.35024	51
5.35052	51
5.36782	51
5.36784	51
5.36785	51
5.3679	51
5.3681	51
5.369	51
5.37747	51
5.37747	51
5.37749	51
5.37749	51
5.3775	51
5.37751	51
5.37754	51
5.3777	51
5.38169	51
5.38181	51
5.39401	51
5.39401	51
5.39403	51
5.39404	51
5.39405	51
5.39406	51
5.39407	51
5.39458	51
5.39496	51
5.3964	51
5.3964	51
5.39655	51
5.40146	51
5.40159	51
5.40337	51
5.40338	51
5.40338	51
5.40338	51
5.40339	51
5.40341	51
5.40383	51
5.43186	51
5.43192	51
5.43197	51
5.43208	51
5.43215	51
5.43293	51
5.47026	51
5.47028	51
5.47028	51
5.47029	51
5.47029	51
5.47032	51
5.47033	51
5.47037	51
5.47044	51
5.47047	51
5.49128	51
5.49128	51
5.49131	51
5.49133	51
5.49144	51
5.49169	51
5.50899	51
5.50899	51
5.509	51
5.50901	51
5.50901	51
5.50903	51
5.50904	51
5.50904	51
5.50919	51
5.50921	51
5.5212	51
5.52128	51
5.52184	51
5.5605	51
5.5605	51
5.5605	51
5.56051	51
5.56051	51
5.56053	51
5.56055	51
5.56055	51
5.56059	51
5.5606	51
5.56093	51
5.59858	51
5.59858	51
5.59859	51
5.5986	51
5.59862	51
5.59862	51
5.59866	51
5.59871	51
5.59873	51
5.59876	51
5.5994	51
5.59943	51
5.59944	51
5.60064	51
5.6007	51
5.60082	51
5.6407	51
5.6407	51
5.6407	51
5.64071	51
5.64071	51
5.64072	51
5.64075	51
5.64075	51
5.64077	51
5.64081	51
5.64087	51
5.65593	51
5.65641	51
5.65654	51
5.6592	51
5.6592	51
5.65921	51
5.65931	51
5.65931	51
5.65942	51
7.50675	51
7.50675	51
7.50677	51
7.50678	51
7.5068	51
7.50685	51
7.50687	51
7.50702	51
7.50715	51
7.52881	51
7.52912	51
7.52972	51
7.56596	51
7.56597	51
7.56599	51
7.56601	51
7.56603	51
7.56603	51
7.56606	51
7.56615	51
7.56633	51
7.62483	51
7.62484	51
7.62484	51
7.62485	51
7.62485	51
7.62486	51
7.62487	51
7.62496	51
7.62499	51
7.62503	51
7.62513	51
7.62568	51
7.64115	51
7.64116	51
7.6412	51
7.64121	51
7.68081	51
7.68082	51
7.68082	51
7.68083	51
7.68084	51
7.68085	51
7.68086	51
7.68086	51
7.68089	51
7.6809	51
7.68093	51
7.69277	51
7.69277	51
7.69279	51
7.69312	51
7.69483	51
7.69646	51
7.69646	51
7.69647	51
7.69757	51
7.70038	51
7.70038	51
7.70043	51
7.70098	51
7.7611	51
7.76111	51
7.76112	51
7.76112	51
7.76113	51
7.76114	51
7.76115	51
7.76116	51
7.76117	51
7.76118	51
7.76126	51
7.76568	51
7.76568	51
7.76569	51
7.76571	51
7.76585	51
7.77709	51
7.77709	51
7.7771	51
7.77713	51
7.77726	51
7.86627	51
7.86627	51
7.86627	51
7.86628	51
7.86629	51
7.86629	51
7.86629	51
7.86631	51
7.86632	51
7.86638	51
7.86716	51
7.90385	51
7.90386	51
7.90389	51
7.90389	51
7.90389	51
7.90393	51
7.90395	51
7.90432	51
7.90453	51
7.90454	51
8.87932	51
8.87933	51
8.87933	51
8.87934	51
8.87939	51
8.87941	51
8.87942	51
8.87957	51
8.87977	51
8.98969	51
8.9897	51
8.9897	51
8.98971	51
8.98973	51
8.98974	51
8.98974	51
8.9898	51
8.98981	51
8.98983	51
8.98998	51
9.00561	51
9.00565	51
9.00573	51
9.00709	51
9.05783	51
9.05784	51
9.05784	51
9.05784	51
9.05785	51
9.05785	51
9.05786	51
9.05788	51
9.05808	51
9.05822	51
9.05822	51
9.37036	51
9.37037	51
9.3704	51
9.37047	51
9.3705	51
9.37052	51
9.37053	51
9.37063	51
9.37072	51
9.37091	51
9.37104	51
9.40944	51
9.40944	51
9.40946	51
9.40947	51
9.40947	51
9.40947	51
9.40949	51
9.40951	51
9.40962	51
9.40963	51
9.41092	51
10.0121	51
10.0122	51
10.0122	51
10.0122	51
10.0123	51
10.0123	51
10.0123	51
10.0124	51
10.0127	51
10.0129	51
10.0131	51
10.0389	51
10.0389	51
10.039	51
10.039	51
10.039	51
10.0391	51
10.0392	51
10.0393	51
10.303	51
10.303	51
10.303	51
10.303	51
10.3031	51
10.3031	51
10.3032	51
10.3033	51
10.304	51
11.0456	51
11.0456	51
11.0456	51
11.0456	51
11.0456	51
11.0457	51
11.0457	51
11.0457	51
11.0459	51
11.0475	51
11.0478	51
11.3894	51
11.3894	51
11.3894	51
11.3894	51
11.3894	51
11.3894	51
11.3896	51
11.3896	51
11.3896	51
11.3897	51
11.8878	51
11.8878	51
11.8879	51
11.8879	51
11.8879	51
11.8879	51
11.888	51
11.8885	51
11.8887	51
11.8888	51
12.5997	51
12.5997	51
12.5997	51
12.5997	51
12.5998	51
12.5999	51
12.5999	51
12.6	51
12.6002	51
12.6008	51
12.7466	51
12.7467	51
12.7467	51
12.7467	51
12.7468	51
12.7468	51
12.7468	51
12.7472	51
12.7473	51
12.7475	51
12.7476	51
13.1204	51
13.1204	51
13.1204	51
13.1204	51
13.1204	51
13.1205	51
13.1205	51
13.1205	51
13.1207	51
13.1213	51
13.1216	51
13.4321	51
13.4321	51
13.4321	51
13.4321	51
13.4321	51
13.4321	51
13.4322	51
13.4323	51
13.4325	51
13.4325	51
14.3195	51
14.3195	51
14.3196	51
14.3196	51
14.3196	51
14.3196	51
14.3197	51
14.3197	51
14.3216	51
15.3584	51
15.3584	51
15.3584	51
15.3584	51
15.3584	51
15.3585	51
15.3585	51
15.3586	51
15.3587	51
15.3595	51
15.3605	51
15.4877	51
15.4878	51
15.4878	51
15.4878	51
15.4878	51
15.4879	51
15.488	51
15.488	51
15.4884	51
15.7029	51
15.7029	51
15.703	51
15.703	51
15.703	51
15.7031	51
15.7032	51
15.7034	51
15.7039	51
15.7054	51
15.7056	51
15.7063	51
15.9096	51
15.9096	51
15.9096	51
15.9097	51
15.9097	51
15.9097	51
15.9097	51
15.9098	51
15.9101	51
16.229	51
16.229	51
16.229	51
16.229	51
16.2291	51
16.2291	51
16.2291	51
16.2292	51
16.2332	51
16.2333	51
16.2347	51
16.2722	51
16.2723	51
16.2723	51
16.2723	51
16.2724	51
16.2724	51
16.2725	51
16.2727	51
16.2732	51
16.3473	51
16.3473	51
16.3473	51
16.3473	51
16.3474	51
16.3474	51
16.3475	51
16.3476	51
16.3477	51
16.3479	51
16.3482	51
16.3495	51
16.4055	51
16.4055	51
16.4055	51
16.4055	51
16.4056	51
16.4056	51
16.4056	51
16.4056	51
16.4056	51
16.4056	51
16.4057	51
17.8745	51
17.8746	51
17.8746	51
17.8746	51
17.8746	51
17.8747	51
17.8747	51
17.8749	51
17.8752	51
17.8752	51
17.8753	51
17.877	51
17.929	51
17.929	51
17.929	51
17.929	51
17.929	51
17.9291	51
17.9291	51
17.9292	51
17.9294	51
17.9302	51
17.9327	51
17.9366	51
17.9372	51
17.9824	51
17.9824	51
17.9824	51
17.9824	51
17.9824	51
17.9824	51
17.9825	51
17.9825	51
17.9825	51
17.9836	51
18.2486	51
18.2486	51
18.2486	51
18.2486	51
18.2488	51
18.2488	51
18.2489	51
18.2492	51
18.2496	51
18.2496	51
18.4226	51
18.4226	51
18.4227	51
18.4227	51
18.4227	51
18.4228	51
18.4229	51
18.4233	51
18.4234	51
18.4238	51
18.4239	51
18.4392	51
18.4394	51
18.4849	51
18.4849	51
18.485	51
18.485	51
18.485	51
18.485	51
18.485	51
18.485	51
18.4851	51
18.4851	51
18.5055	51
18.5055	51
18.5055	51
18.5062	51
19.0839	51
19.0839	51
19.0839	51
19.0839	51
19.084	51
19.084	51
19.0841	51
19.0842	51
19.0842	51
19.085	51
20.2672	51
20.2672	51
20.2672	51
20.2672	51
20.2672	51
20.2672	51
20.2672	51
20.2673	51
20.2675	51
20.2676	51
20.2678	51
20.2686	51
20.3669	51
20.3669	51
20.3669	51
20.3669	51
20.3669	51
20.3669	51
20.3669	51
20.3671	51
20.3672	51
20.5071	51
20.5071	51
20.5071	51
20.5071	51
20.5072	51
20.5072	51
20.5073	51
20.5073	51
20.5082	51
20.5086	51
20.7724	51
20.7724	51
20.7724	51
20.7725	51
20.7725	51
20.7725	51
20.7725	51
20.7725	51
20.7725	51
20.7727	51
20.7731	51
21.3531	51
21.3531	51
21.3531	51
21.3532	51
21.3532	51
21.3532	51
21.3532	51
21.3532	51
21.3533	51
21.3536	51
21.354	51
21.5171	51
21.5171	51
21.5171	51
21.5171	51
21.5171	51
21.5171	51
21.5171	51
21.5172	51
21.5188	51
21.5773	51
21.5773	51
21.5773	51
21.5773	51
21.5774	51
21.5774	51
21.5775	51
21.5779	51
21.5779	51
21.5786	51
22.974	51
22.974	51
22.974	51
22.9741	51
22.9741	51
22.9742	51
22.9743	51
22.9744	51
22.9745	51
22.9746	51
22.9751	51
22.9755	51
22.9767	51
22.9768	51
22.9771	51
22.9792	51
22.9796	51
23.1137	51
23.1137	51
23.1138	51
23.1138	51
23.1138	51
23.1138	51
23.1139	51
23.1141	51
23.1142	51
23.1146	51
24.9078	51
24.9078	51
24.9079	51
24.9079	51
24.9079	51
24.908	51
24.908	51
24.9081	51
24.9082	51
24.9088	51
25.0861	51
25.0861	51
25.0861	51
25.0861	51
25.0861	51
25.0861	51
25.0862	51
25.0862	51
25.0862	51
25.0866	51
25.0877	51
25.0879	51
25.1724	51
25.1725	51
25.1725	51
25.1725	51
25.1725	51
25.1726	51
25.1726	51
25.1727	51
25.173	51
25.7038	51
25.7038	51
25.7038	51
25.7039	51
25.7039	51
25.7039	51
25.7039	51
25.704	51
25.704	51
25.7044	51
25.7045	51
26.1305	51
26.1305	51
26.1305	51
26.1306	51
26.1306	51
26.1306	51
26.1306	51
26.1307	51
26.1309	51
27.8279	51
27.828	51
27.828	51
27.828	51
27.828	51
27.828	51
27.8282	51
27.8283	51
27.8283	51
27.829	51
27.8986	51
27.8987	51
27.8987	51
27.8987	51
27.8988	51
27.8988	51
27.8988	51
27.899	51
27.8996	51
27.9005	51
28.0353	51
28.0353	51
28.0354	51
28.0354	51
28.0354	51
28.0355	51
28.0355	51
28.0356	51
28.0372	51
28.0374	51
28.0424	51
28.3039	51
28.304	51
28.304	51
28.304	51
28.304	51
28.304	51
28.304	51
28.3043	51
28.3044	51
28.3051	51
28.3054	51
28.5172	51
28.5172	51
28.5172	51
28.5173	51
28.5173	51
28.5174	51
28.5175	51
28.5177	51
28.5194	51
28.5736	51
28.5736	51
28.5736	51
28.5737	51
28.5737	51
28.5737	51
28.5738	51
28.5738	51
28.574	51
28.574	51
28.5745	51
28.5749	51
28.5751	51
28.7949	51
28.7949	51
28.795	51
28.795	51
28.795	51
28.795	51
28.795	51
28.7951	51
28.7954	51
28.9893	51
28.9893	51
28.9893	51
28.9894	51
28.9894	51
28.9894	51
28.9894	51
28.9894	51
28.9914	51
28.9915	51
28.9938	51
29.0023	51
29.0023	51
29.0024	51
29.0026	51
29.0068	51
29.0141	51
29.0336	51
29.0337	51
29.0337	51
29.0338	51
29.0341	51
29.0343	51
29.0371	51
29.0378	51
29.0379	51
29.0631	51
29.0631	51
29.0631	51
29.0631	51
29.0631	51
29.0632	51
29.0635	51
29.0637	51
29.0641	51
29.0645	51
29.947	51
29.9471	51
29.9471	51
29.9471	51
29.9472	51
29.9472	51
29.9473	51
29.9474	51
29.9475	51
31.3778	51
31.3779	51
31.3779	51
31.3779	51
31.3779	51
31.378	51
31.378	51
31.378	51
31.3781	51
31.3783	51
31.3816	51
31.4982	51
31.4982	51
31.4982	51
31.4982	51
31.4983	51
31.4983	51
31.4984	51
31.4985	51
31.4986	51
31.4987	51
31.4988	51
32.0496	51
32.0496	51
32.0496	51
32.0496	51
32.0496	51
32.0496	51
32.0497	51
32.0497	51
32.0525	51
32.4043	51
32.4043	51
32.4044	51
32.4044	51
32.4044	51
32.4044	51
32.4045	51
32.4051	51
32.4058	51
32.4069	51
32.4077	51
32.4543	51
32.4543	51
32.4543	51
32.4543	51
32.4543	51
32.4544	51
32.4544	51
32.4544	51
32.4559	51
32.456	51
32.4572	51
32.5655	51
32.5655	51
32.5655	51
32.5655	51
32.5655	51
32.5656	51
32.5656	51
32.5657	51
32.5663	51
32.5666	51
32.5669	51
32.567	51
32.5672	51
32.69	51
32.69	51
32.69	51
32.6901	51
32.6901	51
32.6901	51
32.6901	51
32.6902	51
32.6904	51
33.029	51
33.0291	51
33.0291	51
33.0291	51
33.0291	51
33.0291	51
33.0292	51
33.0294	51
33.0306	51
33.0311	51
33.0319	51
33.2156	51
33.2156	51
33.2157	51
33.2157	51
33.2157	51
33.2157	51
33.2157	51
33.2158	51
33.2162	51
33.5812	51
33.5812	51
33.5812	51
33.5813	51
33.5813	51
33.5813	51
33.5814	51
33.5815	51
33.8862	51
33.8862	51
33.8863	51
33.8864	51
33.8864	51
33.8864	51
33.8864	51
33.8866	51
33.8867	51
33.8871	51
33.8878	51
34.2634	51
34.2634	51
34.2634	51
34.2634	51
34.2636	51
34.2636	51
34.2636	51
34.2637	51
34.2638	51
34.2638	51
34.2643	51
34.2644	51
34.2979	51
34.298	51
34.298	51
34.2981	51
34.2981	51
34.2982	51
34.2983	51
34.2985	51
34.2993	51
34.4809	51
34.4809	51
34.481	51
34.481	51
34.481	51
34.481	51
34.4811	51
34.4812	51
34.4812	51
34.4815	51
34.7532	51
34.7532	51
34.7532	51
34.7532	51
34.7533	51
34.7533	51
34.7534	51
34.7535	51
34.7536	51
34.7545	51
34.8711	51
34.8711	51
34.8711	51
34.8711	51
34.8712	51
34.8712	51
34.8712	51
34.8714	51
34.872	51
34.8723	51
35.2417	51
35.2417	51
35.2417	51
35.2417	51
35.2418	51
35.2418	51
35.2418	51
35.2419	51
35.2427	51
35.2437	51
35.5007	51
35.5007	51
35.5007	51
35.5007	51
35.5007	51
35.5009	51
35.5009	51
35.501	51
35.5015	51
35.5018	51
36.3128	51
36.3128	51
36.3128	51
36.3128	51
36.3128	51
36.3128	51
36.313	51
36.313	51
36.313	51
36.3169	51
36.6843	51
36.6843	51
36.6843	51
36.6843	51
36.6844	51
36.6845	51
36.6845	51
36.6845	51
36.6847	51
36.685	51
36.6856	51
37.155	51
37.155	51
37.155	51
37.155	51
37.1551	51
37.1551	51
37.1551	51
37.1552	51
37.1569	51
37.1587	51
37.5318	51
37.5318	51
37.5318	51
37.5318	51
37.5318	51
37.5319	51
37.532	51
37.5321	51
37.5322	51
37.5324	51
37.5325	51
37.8773	51
37.8773	51
37.8774	51
37.8774	51
37.8774	51
37.8774	51
37.8774	51
37.8777	51
37.8781	51
37.8783	51
37.8784	51
37.9471	51
37.9471	51
37.9472	51
37.9472	51
37.9472	51
37.9472	51
37.9473	51
37.9475	51
37.9475	51
38.9366	51
38.9366	51
38.9366	51
38.9367	51
38.9367	51
38.9367	51
38.9368	51
38.9368	51
38.9384	51
38.9395	51
39.2637	51
39.2638	51
39.2638	51
39.2638	51
39.2638	51
39.2638	51
39.264	51
39.264	51
39.2647	51
39.5053	51
39.5053	51
39.5053	51
39.5053	51
39.5054	51
39.5054	51
39.5054	51
39.5055	51
39.5057	51
39.5058	51
39.5063	51
39.8417	51
39.8417	51
39.8417	51
39.8417	51
39.8417	51
39.8417	51
39.8417	51
39.8418	51
39.8418	51
39.8429	51
39.8445	51
40.046	51
40.046	51
40.046	51
40.0461	51
40.0461	51
40.0461	51
40.0461	51
40.0461	51
40.0462	51
40.0465	51
40.4701	51
40.4701	51
40.4701	51
40.4702	51
40.4702	51
40.4702	51
40.4702	51
40.4703	51
40.4706	51
40.4878	51
40.4878	51
40.4883	51
40.4887	51
41.2333	51
41.2334	51
41.2334	51
41.2334	51
41.2334	51
41.2334	51
41.2335	51
41.2335	51
41.2337	51
41.2342	51
41.2343	51
43.1535	51
43.1535	51
43.1535	51
43.1535	51
43.1536	51
43.1536	51
43.1538	51
43.154	51
43.1541	51
43.1543	51
43.1561	51
43.2199	51
43.2199	51
43.2199	51
43.22	51
43.22	51
43.22	51
43.2203	51
43.2204	51
43.2205	51
43.2815	51
43.2815	51
43.2815	51
43.2816	51
43.2816	51
43.2816	51
43.2816	51
43.2817	51
43.2817	51
43.2819	51
43.2959	51
43.2961	51
43.2963	51
43.2969	51
43.4011	51
43.4011	51
43.4011	51
43.4011	51
43.4011	51
43.4011	51
43.4013	51
43.4014	51
43.4016	51
43.4022	51
43.8532	51
43.8532	51
43.8532	51
43.8533	51
43.8534	51
43.8535	51
43.8536	51
43.8538	51
43.8538	51
43.8543	51
43.8543	51
43.906	51
43.906	51
43.906	51
43.906	51
43.9061	51
43.9061	51
43.9061	51
43.9062	51
43.9062	51
43.9065	51
44.2565	51
44.2565	51
44.2565	51
44.2566	51
44.2567	51
44.2567	51
44.2567	51
44.2568	51
44.2579	51
44.258	51
44.2582	51
44.2589	51
44.4196	51
44.4196	51
44.4196	51
44.4196	51
44.4197	51
44.4197	51
44.4198	51
44.42	51
44.4201	51
45.0263	51
45.0263	51
45.0263	51
45.0264	51
45.0264	51
45.0264	51
45.0265	51
45.0265	51
45.0265	51
45.0266	51
45.0266	51
45.0844	51
45.0844	51
45.0845	51
45.0845	51
45.0845	51
45.0845	51
45.0846	51
45.0848	51
45.0848	51
45.0865	51
45.2086	51
45.2086	51
45.2086	51
45.2086	51
45.2086	51
45.2087	51
45.2087	51
45.2087	51
45.2088	51
45.2089	51
46.2361	51
46.2361	51
46.2361	51
46.2361	51
46.2362	51
46.2362	51
46.2362	51
46.2362	51
46.2364	51
46.2397	51
46.2941	51
46.2941	51
46.2942	51
46.2942	51
46.2942	51
46.2943	51
46.2943	51
46.2943	51
46.2943	51
46.2943	51
46.3585	51
46.3586	51
46.3586	51
46.3586	51
46.3586	51
46.3588	51
46.3589	51
46.3591	51
46.3604	51
47.1531	51
47.1531	51
47.1532	51
47.1532	51
47.1532	51
47.1532	51
47.1533	51
47.1535	51
47.1551	51
47.1586	51
47.1871	51
47.1871	51
47.1871	51
47.1872	51
47.1873	51
47.1873	51
47.1875	51
47.1876	51
47.1877	51
48.1482	51
48.1482	51
48.1482	51
48.1482	51
48.1482	51
48.1483	51
48.1484	51
48.1486	51
48.1486	51
48.1492	51
48.1494	51
48.9005	51
48.9005	51
48.9005	51
48.9006	51
48.9006	51
48.9006	51
48.9007	51
48.9007	51
48.9011	51
50.4902	51
50.4902	51
50.4902	51
50.4903	51
50.4903	51
50.4903	51
50.4904	51
50.4905	51
50.4908	51
50.491	51
50.9325	51
50.9326	51
50.9326	51
50.9326	51
50.9326	51
50.9326	51
50.9326	51
50.9328	51
50.9329	51
50.9331	51
50.9335	51
51.0411	51
51.0411	51
51.0411	51
51.0411	51
51.0411	51
51.0412	51
51.0412	51
51.0413	51
51.0418	51
51.042	51
51.3486	51
51.3486	51
51.3486	51
51.3487	51
51.3487	51
51.3488	51
51.3488	51
51.3489	51
51.3495	51
51.6207	51
51.6207	51
51.6207	51
51.6207	51
51.6208	51
51.6208	51
51.6208	51
51.6208	51
51.6209	51
51.935	51
51.935	51
51.9351	51
51.9351	51
51.9351	51
51.9351	51
51.9352	51
51.9352	51
51.9353	51
51.9399	51
51.9408	51
51.9412	51
52.2937	51
52.2937	51
52.2938	51
52.2938	51
52.2938	51
52.2938	51
52.2941	51
52.2941	51
52.2942	51
52.4913	51
52.4913	51
52.4913	51
52.4913	51
52.4914	51
52.4914	51
52.4915	51
52.4916	51
52.4921	51
53.1507	51
53.1507	51
53.1507	51
53.1508	51
53.1508	51
53.1508	51
53.1508	51
53.151	51
53.1512	51
54.545	51
54.5451	51
54.5451	51
54.5451	51
54.5451	51
54.5451	51
54.5452	51
54.5453	51
54.6188	51
54.6188	51
54.6188	51
54.6189	51
54.6189	51
54.6189	51
54.619	51
54.6191	51
54.6191	51
54.6197	51
54.6198	51
54.6199	51
54.6226	51
54.6236	51
54.7845	51
54.7845	51
54.7845	51
54.7845	51
54.7845	51
54.7846	51
54.7846	51
54.7846	51
54.7848	51
54.7851	51
54.7853	51
54.9779	51
54.9779	51
54.9779	51
54.9779	51
54.9779	51
54.978	51
54.978	51
54.9781	51
54.9796	51
55.0106	51
55.0106	51
55.0106	51
55.0106	51
55.0107	51
55.0107	51
55.0108	51
55.011	51
55.0112	51
55.4049	51
55.4049	51
55.4049	51
55.4049	51
55.4049	51
55.405	51
55.4051	51
55.4052	51
55.4053	51
55.4056	51
55.4057	51
56.0089	51
56.009	51
56.009	51
56.009	51
56.009	51
56.009	51
56.0091	51
56.0091	51
56.0094	51
56.2508	51
56.2508	51
56.2508	51
56.2508	51
56.2508	51
56.2508	51
56.2509	51
56.2509	51
56.2513	51
56.2516	51
56.2517	51
56.2744	51
56.2744	51
56.2744	51
56.2745	51
56.2745	51
56.2746	51
56.2746	51
56.4984	51
56.4984	51
56.4984	51
56.4984	51
56.4984	51
56.4985	51
56.4987	51
56.4988	51
56.5007	51
56.8732	51
56.8733	51
56.8733	51
56.8733	51
56.8733	51
56.8734	51
56.8736	51
56.8736	51
56.8754	51
56.9625	51
56.9625	51
56.9625	51
56.9625	51
56.9626	51
56.9626	51
56.9627	51
56.9628	51
56.9636	51
56.9639	51
56.9646	51
58.2338	51
58.2338	51
58.2338	51
58.2338	51
58.2338	51
58.2339	51
58.2339	51
58.2339	51
58.234	51
58.2341	51
58.2352	51
58.2366	51
58.3554	51
58.3554	51
58.3554	51
58.3555	51
58.3555	51
58.3555	51
58.3555	51
58.3556	51
58.3556	51
58.3568	51
58.3613	51
58.3625	51
58.3654	51
58.8927	51
58.8927	51
58.8927	51
58.8927	51
58.8927	51
58.8927	51
58.8927	51
58.8928	51
58.8928	51
58.8931	51
59.3635	51
59.3635	51
59.3635	51
59.3635	51
59.3636	51
59.3636	51
59.3636	51
59.3638	51
59.3642	51
59.3643	51
60.1923	51
60.1923	51
60.1923	51
60.1923	51
60.1924	51
60.1924	51
60.1925	51
60.1925	51
60.1925	51
60.1932	51
61.5385	51
61.5385	51
61.5386	51
61.5386	51
61.5386	51
61.5387	51
61.5388	51
61.539	51
61.5394	51
61.5394	51
61.54	51
61.5425	51
62.0992	51
62.0992	51
62.0993	51
62.0993	51
62.0993	51
62.0994	51
62.0994	51
62.0995	51
62.0996	51
62.0996	51
62.1	51
62.1018	51
62.4743	51
62.4743	51
62.4743	51
62.4743	51
62.4744	51
62.4744	51
62.4745	51
62.4745	51
62.4746	51
62.9738	51
62.9738	51
62.9738	51
62.9738	51
62.9738	51
62.9739	51
62.9739	51
62.9741	51
62.9744	51
62.9747	51
62.9749	51
63.0348	51
63.0348	51
63.0348	51
63.0348	51
63.0348	51
63.0348	51
63.0348	51
63.035	51
63.0351	51
63.4696	51
63.4696	51
63.4696	51
63.4696	51
63.4696	51
63.4697	51
63.4697	51
63.4698	51
63.4698	51
63.4715	51
63.4721	51
63.5346	51
63.5346	51
63.5346	51
63.5346	51
63.5347	51
63.5348	51
63.5349	51
63.5349	51
63.5355	51
63.5365	51
63.6905	51
63.6905	51
63.6906	51
63.6906	51
63.6906	51
63.6907	51
63.6907	51
63.691	51
63.6914	51
63.6915	51
63.6924	51
64.073	51
64.073	51
64.073	51
64.073	51
64.0731	51
64.0731	51
64.0733	51
64.0733	51
64.0735	51
64.0751	51
64.7177	51
64.7178	51
64.7178	51
64.7178	51
64.7178	51
64.7179	51
64.7181	51
64.7183	51
64.7184	51
65.4949	51
65.4949	51
65.4949	51
65.4949	51
65.495	51
65.495	51
65.495	51
65.4952	51
65.4953	51
65.4954	51
65.6374	51
65.6374	51
65.6374	51
65.6374	51
65.6374	51
65.6375	51
65.6376	51
65.6376	51
65.6379	51
65.6387	51
65.6396	51
66.2204	51
66.2204	51
66.2204	51
66.2204	51
66.2204	51
66.2204	51
66.2206	51
66.2207	51
66.221	51
66.4929	51
66.4929	51
66.4929	51
66.4929	51
66.4929	51
66.4929	51
66.493	51
66.493	51
66.4949	51
66.495	51
68.8611	51
68.8611	51
68.8612	51
68.8612	51
68.8612	51
68.8612	51
68.8612	51
68.8615	51
68.8619	51
68.8622	51
68.8626	51
69.3818	51
69.3819	51
69.3819	51
69.3819	51
69.3819	51
69.382	51
69.382	51
69.382	51
69.3821	51
69.3842	51
70.1681	51
70.1681	51
70.1681	51
70.1682	51
70.1682	51
70.1683	51
70.1683	51
70.1683	51
70.1684	51
70.1689	51
70.1696	51
70.2314	51
70.2315	51
70.2315	51
70.2315	51
70.2315	51
70.2315	51
70.2317	51
70.2319	51
70.2319	51
70.2333	51
71.0953	51
71.0953	51
71.0953	51
71.0953	51
71.0954	51
71.0954	51
71.0954	51
71.0961	51
71.0985	51
71.422	51
71.422	51
71.422	51
71.4221	51
71.4221	51
71.4221	51
71.4222	51
71.4222	51
71.4223	51
71.4223	51
71.4237	51
71.4241	51
71.4275	51
71.8707	51
71.8707	51
71.8707	51
71.8708	51
71.8708	51
71.8709	51
71.8709	51
71.8709	51
71.8711	51
71.8715	51
72.1894	51
72.1894	51
72.1894	51
72.1895	51
72.1895	51
72.1895	51
72.1896	51
72.1897	51
72.1898	51
72.19	51
72.3543	51
72.3543	51
72.3543	51
72.3543	51
72.3543	51
72.3544	51
72.3545	51
72.3547	51
72.355	51
72.3554	51
72.3554	51
72.3559	51
72.5852	51
72.5852	51
72.5852	51
72.5853	51
72.5853	51
72.5853	51
72.5854	51
72.5855	51
72.5859	51
72.6073	51
72.6075	51
72.6076	51
72.6076	51
72.609	51
72.609	51
72.6092	51
72.6107	51
72.9581	51
72.9582	51
72.9582	51
72.9582	51
72.9582	51
72.9582	51
72.9582	51
72.9582	51
72.9583	51
72.9584	51
73.9744	51
73.9744	51
73.9744	51
73.9744	51
73.9744	51
73.9744	51
73.9745	51
73.9745	51
73.9746	51
73.9748	51
74.1012	51
74.1013	51
74.1013	51
74.1013	51
74.1013	51
74.1014	51
74.1016	51
74.1016	51
74.1016	51
74.1017	51
74.5202	51
74.5202	51
74.5203	51
74.5203	51
74.5203	51
74.5203	51
74.5203	51
74.5204	51
74.5204	51
74.757	51
74.757	51
74.757	51
74.757	51
74.7571	51
74.7571	51
74.7573	51
74.7573	51
74.7573	51
74.7576	51
74.7605	51
74.9797	51
74.9797	51
74.9798	51
74.9798	51
74.9799	51
74.9799	51
74.98	51
74.98	51
74.9805	51
75.645	51
75.645	51
75.6451	51
75.6451	51
75.6451	51
75.6451	51
75.6451	51
75.6452	51
75.6453	51
75.6463	51
75.7236	51
75.7236	51
75.7237	51
75.7237	51
75.7238	51
75.7238	51
75.7239	51
75.7239	51
75.7241	51
75.7248	51
76.6415	51
76.6415	51
76.6415	51
76.6415	51
76.6415	51
76.6416	51
76.6416	51
76.6417	51
76.642	51
76.642	51
76.6432	51
77.5266	51
77.5266	51
77.5266	51
77.5266	51
77.5267	51
77.5267	51
77.5267	51
77.5268	51
77.5269	51
77.527	51
77.6879	51
77.6879	51
77.6879	51
77.6879	51
77.6879	51
77.688	51
77.688	51
77.6884	51
77.69	51
78.15	51
78.15	51
78.15	51
78.15	51
78.1501	51
78.1501	51
78.1501	51
78.1504	51
78.4472	51
78.4473	51
78.4473	51
78.4473	51
78.4473	51
78.4475	51
78.4475	51
78.4475	51
78.4476	51
78.4485	51
78.4485	51
78.4491	51
78.8124	51
78.8124	51
78.8125	51
78.8125	51
78.8125	51
78.8126	51
78.8127	51
78.8127	51
78.8196	51
78.8203	51
79.2625	51
79.2625	51
79.2625	51
79.2625	51
79.2625	51
79.2625	51
79.2625	51
79.2625	51
79.2626	51
79.2629	51
79.2629	51
79.2636	51
79.523	51
79.523	51
79.523	51
79.523	51
79.5231	51
79.5231	51
79.5231	51
79.5232	51
79.5236	51
79.5237	51
79.5239	51
80.4177	51
80.4178	51
80.4178	51
80.4178	51
80.4178	51
80.4178	51
80.4179	51
80.418	51
80.4181	51
80.5222	51
80.5222	51
80.5222	51
80.5223	51
80.5223	51
80.5223	51
80.5223	51
80.5223	51
80.5239	51
80.5241	51
81.5881	51
81.5881	51
81.5881	51
81.5881	51
81.5882	51
81.5882	51
81.5882	51
81.5886	51
81.5892	51
81.5905	51
81.5908	51
83.3671	51
83.3672	51
83.3672	51
83.3672	51
83.3673	51
83.3674	51
83.3675	51
83.3675	51
83.3679	51
83.9508	51
83.9508	51
83.9508	51
83.9509	51
83.9509	51
83.9509	51
83.9509	51
83.9509	51
83.9511	51
83.9512	51
83.9518	51
84.4495	51
84.4495	51
84.4496	51
84.4496	51
84.4496	51
84.4497	51
84.4497	51
84.4498	51
84.4501	51
84.4504	51
84.4505	51
84.4507	51
84.4907	51
84.4907	51
84.4908	51
84.4909	51
84.4911	51
84.4913	51
84.4918	51
84.492	51
84.5564	51
84.5564	51
84.5564	51
84.5564	51
84.5564	51
84.5565	51
84.5566	51
84.5566	51
84.5566	51
84.557	51
84.5572	51
85.5748	51
85.5748	51
85.5748	51
85.5748	51
85.5749	51
85.5749	51
85.575	51
85.5751	51
85.5759	51
85.5764	51
85.5787	51
85.5792	51
85.5795	51
85.8758	51
85.8758	51
85.8758	51
85.8758	51
85.8758	51
85.8758	51
85.8758	51
85.8761	51
85.8765	51
85.8784	51
85.9647	51
85.9647	51
85.9647	51
85.9647	51
85.9648	51
85.9648	51
85.9651	51
85.9651	51
85.9654	51
85.9656	51
86.5461	51
86.5461	51
86.5461	51
86.5461	51
86.5462	51
86.5462	51
86.5462	51
86.5462	51
86.5462	51
86.548	51
86.5655	51
86.5656	51
86.5657	51
86.5659	51
86.5662	51
86.5664	51
86.6615	51
86.6615	51
86.6615	51
86.6615	51
86.6616	51
86.6616	51
86.6616	51
86.6616	51
86.6617	51
86.6622	51
86.6626	51
86.6639	51
86.8919	51
86.8919	51
86.8919	51
86.8919	51
86.8919	51
86.8919	51
86.8921	51
86.8922	51
86.8923	51
87.505	51
87.505	51
87.505	51
87.5051	51
87.5051	51
87.5052	51
87.5052	51
87.5052	51
87.5053	51
87.5061	51
87.5063	51
87.7496	51
87.7496	51
87.7496	51
87.7496	51
87.7497	51
87.7497	51
87.7498	51
87.7499	51
87.7502	51
87.9541	51
87.9541	51
87.9541	51
87.9542	51
87.9542	51
87.9542	51
87.9542	51
87.9547	51
87.9565	51
87.9567	51
87.9577	51
88.0424	51
88.0424	51
88.0424	51
88.0425	51
88.0425	51
88.0425	51
88.0425	51
88.0428	51
88.0436	51
88.0437	51
88.4943	51
88.4943	51
88.4943	51
88.4944	51
88.4944	51
88.4944	51
88.4945	51
88.4947	51
88.495	51
88.4959	51
88.6715	51
88.6715	51
88.6715	51
88.6715	51
88.6715	51
88.6716	51
88.6716	51
88.6717	51
88.6717	51
88.6731	51
88.8964	51
88.8964	51
88.8964	51
88.8964	51
88.8964	51
88.8964	51
88.8965	51
88.8966	51
88.8977	51
88.9012	51
88.957	51
88.957	51
88.957	51
88.9571	51
88.9571	51
88.9572	51
88.9572	51
88.9573	51
88.9576	51
88.9586	51
89.2692	51
89.2692	51
89.2692	51
89.2692	51
89.2692	51
89.2693	51
89.2694	51
89.2696	51
89.2699	51
89.2699	51
89.2721	51
89.3617	51
89.3617	51
89.3617	51
89.3617	51
89.3617	51
89.3617	51
89.3617	51
89.3617	51
89.3618	51
89.3621	51
89.3625	51
89.363	51
89.3637	51
89.8086	51
89.8086	51
89.8086	51
89.8086	51
89.8087	51
89.8088	51
89.8089	51
89.8092	51
89.8106	51
89.8113	51
90.0431	51
90.0431	51
90.0431	51
90.0432	51
90.0432	51
90.0432	51
90.0433	51
90.0436	51
90.0547	51
90.0562	51
90.0594	51
90.0594	51
90.0595	51
90.0599	51
90.0611	51
90.7024	51
90.7024	51
90.7024	51
90.7024	51
90.7024	51
90.7024	51
90.7026	51
90.7027	51
90.7029	51
90.703	51
90.7033	51
91.0691	51
91.0691	51
91.0691	51
91.0691	51
91.0691	51
91.0692	51
91.0692	51
91.0693	51
91.0695	51
91.7698	51
91.7698	51
91.7699	51
91.7699	51
91.7699	51
91.77	51
91.7701	51
91.7701	51
91.772	51
91.7732	51
91.7736	51
91.8987	51
91.8987	51
91.8988	51
91.8988	51
91.8988	51
91.8989	51
91.899	51
91.8997	51
91.9001	51
91.9002	51
91.9006	51
91.9173	51
91.9173	51
91.9174	51
91.9175	51
91.9182	51
91.9191	51
92.1077	51
92.1077	51
92.1078	51
92.1078	51
92.1079	51
92.108	51
92.1081	51
92.1081	51
92.1083	51
92.1095	51
92.1097	51
92.4749	51
92.4749	51
92.4749	51
92.4749	51
92.475	51
92.475	51
92.475	51
92.4751	51
92.4773	51
92.5683	51
92.5683	51
92.5683	51
92.5683	51
92.5684	51
92.5685	51
92.5686	51
92.5686	51
92.5686	51
92.5694	51
92.9877	51
92.9877	51
92.9877	51
92.9877	51
92.9877	51
92.9877	51
92.9878	51
92.9878	51
92.9879	51
92.9885	51
93.9399	51
93.9399	51
93.9399	51
93.94	51
93.94	51
93.9401	51
93.9402	51
93.9404	51
93.9415	51
93.9418	51
94.5529	51
94.5529	51
94.5529	51
94.5529	51
94.5529	51
94.5529	51
94.553	51
94.553	51
94.5534	51
94.5537	51
94.5537	51
94.6114	51
94.6115	51
94.6115	51
94.6115	51
94.6116	51
94.6116	51
94.6116	51
94.6119	51
94.6142	51
94.934	51
94.934	51
94.934	51
94.9341	51
94.9341	51
94.9344	51
94.9344	51
94.9347	51
95.0135	51
95.0135	51
95.0136	51
95.0136	51
95.0136	51
95.0136	51
95.0136	51
95.0137	51
95.0137	51
95.0151	51
95.0168	51
95.5867	51
95.5867	51
95.5867	51
95.5868	51
95.5868	51
95.5868	51
95.5869	51
95.5869	51
95.5873	51
95.7587	51
95.7587	51
95.7587	51
95.7587	51
95.7587	51
95.7588	51
95.7588	51
95.7589	51
96.3992	51
96.3992	51
96.3992	51
96.3993	51
96.3993	51
96.3995	51
96.3996	51
96.3996	51
96.4006	51
96.407	51
96.4071	51
96.4074	51
96.7745	51
96.7745	51
96.7745	51
96.7745	51
96.7745	51
96.7745	51
96.7747	51
96.7748	51
96.7749	51
97.3118	51
97.3118	51
97.3118	51
97.3119	51
97.3119	51
97.3119	51
97.3119	51
97.3119	51
97.312	51
97.3121	51
97.3121	51
97.3128	51
97.3134	51
97.3142	51
97.5349	51
97.5349	51
97.5349	51
97.535	51
97.535	51
97.535	51
97.5351	51
97.5351	51
97.5357	51
97.5375	51
97.5385	51
97.5435	51
97.5436	51
97.5437	51
97.5451	51
97.5451	51
97.5451	51
98.0326	51
98.0326	51
98.0327	51
98.0327	51
98.0327	51
98.0328	51
98.033	51
98.033	51
98.0333	51
98.0335	51
98.6418	51
98.6418	51
98.6418	51
98.6418	51
98.6419	51
98.6419	51
98.6419	51
98.6419	51
98.6421	51
98.6424	51
98.6428	51
98.9931	51
98.9931	51
98.9931	51
98.9931	51
98.9932	51
98.9932	51
98.9933	51
98.9935	51
98.9936	51
98.9943	51
99.5588	51
99.5588	51
99.5588	51
99.5588	51
99.5589	51
99.5589	51
99.5589	51
99.559	51
99.559	51
99.5593	51
