1.3634e-10	0
1.86212e-10	1
2.91773e-10	2
3.89322e-10	3
3.92777e-10	4
4.25994e-10	5
5.01393e-10	6
6.22359e-10	7
8.41044e-10	8
8.65427e-10	9
8.76108e-10	10
1.0745e-09	11
1.10061e-09	12
1.27629e-09	13
1.32379e-09	14
1.56597e-09	15
1.64738e-09	16
1.74502e-09	17
1.75057e-09	18
1.75823e-09	19
1.99996e-09	20
2.0312e-09	21
2.3312e-09	22
2.35712e-09	23
2.41052e-09	24
2.48323e-09	25
2.49292e-09	26
2.5213e-09	27
2.64995e-09	28
2.8279e-09	29
2.95406e-09	30
2.98026e-09	31
2.99766e-09	32
3.09099e-09	33
3.71125e-09	34
3.84275e-09	35
3.87108e-09	36
3.88049e-09	37
4.4032e-09	38
4.61828e-09	39
4.88866e-09	39
5.12788e-09	39
5.21832e-09	40
5.32738e-09	41
5.45285e-09	42
5.79639e-09	42
7.30376e-09	43
7.44555e-09	44
8.48308e-09	45
8.64278e-09	46
1.11843e-08	47
1.16991e-08	47
1.38295e-08	48
1.40325e-08	48
1.76087e-08	49
1.96369e-08	49
2.05676e-08	50
2.09485e-08	50
2.10096e-08	50
2.20076e-08	50
2.21193e-08	50
2.43419e-08	51
2.51305e-08	51
2.7405e-08	51
2.80253e-08	51
2.98143e-08	51
3.10034e-08	51
4.46258e-08	51
4.48943e-08	51
4.62404e-08	51
4.67487e-08	51
4.86486e-08	51
5.10635e-08	51
5.20652e-08	51
5.41307e-08	51
5.45351e-08	51
6.39736e-08	51
6.49986e-08	51
7.21249e-08	51
7.70992e-08	51
7.83227e-08	51
7.97714e-08	51
8.36293e-08	51
8.46286e-08	51
9.0653e-08	51
9.44511e-08	51
9.46503e-08	51
9.73881e-08	51
9.99347e-08	51
1.03745e-07	51
1.07151e-07	51
1.08373e-07	51
1.1229e-07	51
1.16258e-07	51
1.16595e-07	51
1.20522e-07	51
1.21759e-07	51
1.34903e-07	51
1.34969e-07	51
1.3532e-07	51
1.36508e-07	51
1.41993e-07	51
1.46095e-07	51
1.46342e-07	51
1.47253e-07	51
1.51069e-07	51
1.52211e-07	51
1.52866e-07	51
1.52943e-07	51
1.54973e-07	51
1.60627e-07	51
1.61676e-07	51
1.69983e-07	51
1.72789e-07	51
1.74757e-07	51
1.81989e-07	51
1.93581e-07	51
2.01913e-07	51
2.09039e-07	51
2.09057e-07	51
2.12305e-07	51
2.24668e-07	51
2.32269e-07	51
2.35595e-07	51
2.39595e-07	51
2.45483e-07	51
2.48761e-07	51
2.49131e-07	51
2.53793e-07	51
2.55255e-07	51
2.5708e-07	51
2.60525e-07	51
2.66656e-07	51
2.71792e-07	51
2.72245e-07	51
2.73514e-07	51
2.79291e-07	51
2.8084e-07	51
2.83433e-07	51
2.87376e-07	51
2.8818e-07	51
2.90669e-07	51
2.92421e-07	51
2.93267e-07	51
2.93566e-07	51
2.95718e-07	51
2.99859e-07	51
3.01332e-07	51
3.05764e-07	51
3.09083e-07	51
3.12683e-07	51
3.15152e-07	51
3.15501e-07	51
3.17407e-07	51
3.21921e-07	51
3.3127e-07	51
3.36789e-07	51
3.48984e-07	51
3.50347e-07	51
3.50734e-07	51
3.54309e-07	51
3.55574e-07	51
3.5688e-07	51
3.57043e-07	51
3.6969e-07	51
3.7024e-07	51
3.7525e-07	51
3.7667e-07	51
3.9271e-07	51
3.95114e-07	51
3.9713e-07	51
3.99592e-07	51
4.0077e-07	51
4.04407e-07	51
4.05468e-07	51
4.07404e-07	51
4.0875e-07	51
4.08802e-07	51
4.09239e-07	51
4.09281e-07	51
4.11075e-07	51
4.13727e-07	51
4.16531e-07	51
4.27842e-07	51
4.34304e-07	51
4.34816e-07	51
4.3956e-07	51
4.47035e-07	51
4.49686e-07	51
4.5928e-07	51
4.60007e-07	51
4.60043e-07	51
4.68632e-07	51
4.68757e-07	51
4.76505e-07	51
4.79527e-07	51
4.84504e-07	51
4.87648e-07	51
4.89381e-07	51
4.90107e-07	51
4.90912e-07	51
4.91304e-07	51
4.94537e-07	51
5.1053e-07	51
5.11318e-07	51
5.11517e-07	51
5.11929e-07	51
5.15742e-07	51
5.19728e-07	51
5.34451e-07	51
5.35123e-07	51
5.42917e-07	51
5.43882e-07	51
5.49446e-07	51
5.53833e-07	51
5.53944e-07	51
5.60733e-07	51
5.63945e-07	51
5.65123e-07	51
5.66389e-07	51
5.69098e-07	51
5.72239e-07	51
5.72339e-07	51
5.8014e-07	51
5.90357e-07	51
5.93038e-07	51
5.9738e-07	51
6.00468e-07	51
6.04857e-07	51
6.07865e-07	51
6.10114e-07	51
6.12452e-07	51
6.15295e-07	51
6.24617e-07	51
6.37176e-07	51
6.52532e-07	51
6.52828e-07	51
6.58185e-07	51
6.60221e-07	51
6.67289e-07	51
6.71937e-07	51
6.74458e-07	51
6.76315e-07	51
6.76857e-07	51
6.81222e-07	51
6.82863e-07	51
6.93702e-07	51
6.95105e-07	51
6.97103e-07	51
7.03998e-07	51
7.14358e-07	51
7.16495e-07	51
7.2386e-07	51
7.30272e-07	51
7.33478e-07	51
7.33684e-07	51
7.48899e-07	51
7.4996e-07	51
7.50607e-07	51
7.52783e-07	51
7.54378e-07	51
7.5456e-07	51
7.56378e-07	51
7.59764e-07	51
7.60822e-07	51
7.7059e-07	51
7.77715e-07	51
7.8004e-07	51
7.9691e-07	51
8.04271e-07	51
8.09116e-07	51
8.09985e-07	51
8.12133e-07	51
8.12797e-07	51
8.14036e-07	51
8.17943e-07	51
8.18723e-07	51
8.19589e-07	51
8.22683e-07	51
8.2969e-07	51
8.30306e-07	51
8.34663e-07	51
8.39716e-07	51
8.52219e-07	51
8.52737e-07	51
8.56125e-07	51
8.66554e-07	51
8.73262e-07	51
8.75609e-07	51
8.76079e-07	51
8.76516e-07	51
8.78275e-07	51
8.81841e-07	51
8.83239e-07	51
8.85812e-07	51
8.9345e-07	51
8.94764e-07	51
9.01126e-07	51
9.01314e-07	51
9.07213e-07	51
9.09065e-07	51
9.17811e-07	51
9.2382e-07	51
9.34054e-07	51
9.39841e-07	51
9.4262e-07	51
9.43038e-07	51
9.48439e-07	51
9.66944e-07	51
9.67729e-07	51
9.68778e-07	51
9.72881e-07	51
9.80848e-07	51
9.81123e-07	51
9.88441e-07	51
9.9811e-07	51
1.00037e-06	51
1.00132e-06	51
1.00447e-06	51
1.02932e-06	51
1.033e-06	51
1.03988e-06	51
1.04596e-06	51
1.05257e-06	51
1.0561e-06	51
1.06116e-06	51
1.06521e-06	51
1.06671e-06	51
1.06789e-06	51
1.07717e-06	51
1.08372e-06	51
1.09994e-06	51
1.10013e-06	51
1.10648e-06	51
1.10958e-06	51
1.11384e-06	51
1.12166e-06	51
1.12256e-06	51
1.12552e-06	51
1.12776e-06	51
1.13103e-06	51
1.13616e-06	51
1.14118e-06	51
1.14985e-06	51
1.15539e-06	51
1.15608e-06	51
1.15937e-06	51
1.17071e-06	51
1.17474e-06	51
1.17489e-06	51
1.18697e-06	51
1.18943e-06	51
1.19517e-06	51
1.19752e-06	51
1.20179e-06	51
1.20582e-06	51
1.22343e-06	51
1.22949e-06	51
1.23107e-06	51
1.23366e-06	51
1.23521e-06	51
1.24659e-06	51
1.2595e-06	51
1.26719e-06	51
1.26957e-06	51
1.27465e-06	51
1.27977e-06	51
1.28013e-06	51
1.28174e-06	51
1.28302e-06	51
1.29072e-06	51
1.2917e-06	51
1.30186e-06	51
1.31181e-06	51
1.32173e-06	51
1.33031e-06	51
1.34259e-06	51
1.34518e-06	51
1.35557e-06	51
1.367e-06	51
1.36972e-06	51
1.37123e-06	51
1.3801e-06	51
1.40809e-06	51
1.40824e-06	51
1.41037e-06	51
1.43495e-06	51
1.43846e-06	51
1.4403e-06	51
1.45226e-06	51
1.45983e-06	51
1.46018e-06	51
1.4618e-06	51
1.46524e-06	51
1.46824e-06	51
1.50089e-06	51
1.50198e-06	51
1.51548e-06	51
1.5383e-06	51
1.53991e-06	51
1.5526e-06	51
1.56524e-06	51
1.56698e-06	51
1.58259e-06	51
1.6134e-06	51
1.63312e-06	51
1.63962e-06	51
1.66171e-06	51
1.6645e-06	51
1.67099e-06	51
1.67615e-06	51
1.69483e-06	51
1.73517e-06	51
1.74238e-06	51
1.74526e-06	51
1.76656e-06	51
1.78411e-06	51
1.81996e-06	51
1.82932e-06	51
1.82949e-06	51
1.8302e-06	51
1.83524e-06	51
1.83572e-06	51
1.84043e-06	51
1.84994e-06	51
1.86047e-06	51
1.88274e-06	51
1.8884e-06	51
1.89243e-06	51
1.89765e-06	51
1.90213e-06	51
1.90685e-06	51
1.92652e-06	51
1.97568e-06	51
1.97801e-06	51
1.98597e-06	51
1.9993e-06	51
2.00609e-06	51
2.0221e-06	51
2.02886e-06	51
2.04544e-06	51
2.05981e-06	51
2.07231e-06	51
2.07861e-06	51
2.09725e-06	51
2.0996e-06	51
2.11742e-06	51
2.14182e-06	51
2.14618e-06	51
2.15951e-06	51
2.16153e-06	51
2.1625e-06	51
2.1786e-06	51
2.18898e-06	51
2.19052e-06	51
2.19289e-06	51
2.21687e-06	51
2.27735e-06	51
2.28587e-06	51
2.3058e-06	51
2.31867e-06	51
2.32495e-06	51
2.35558e-06	51
2.41238e-06	51
2.42212e-06	51
2.43235e-06	51
2.47858e-06	51
2.48126e-06	51
2.48486e-06	51
2.48748e-06	51
2.50167e-06	51
2.51213e-06	51
2.53079e-06	51
2.54815e-06	51
2.56961e-06	51
2.58219e-06	51
2.594e-06	51
2.67855e-06	51
2.71736e-06	51
2.72034e-06	51
2.7953e-06	51
2.79936e-06	51
2.82014e-06	51
2.82562e-06	51
2.83824e-06	51
2.89311e-06	51
2.91435e-06	51
2.93409e-06	51
2.94324e-06	51
2.96367e-06	51
2.97798e-06	51
3.00669e-06	51
3.10344e-06	51
3.1364e-06	51
3.19337e-06	51
3.20022e-06	51
3.2103e-06	51
3.24832e-06	51
3.2489e-06	51
3.28213e-06	51
3.29228e-06	51
3.30019e-06	51
3.33185e-06	51
3.34075e-06	51
3.34308e-06	51
3.35023e-06	51
3.36314e-06	51
3.43364e-06	51
3.4898e-06	51
3.49994e-06	51
3.51587e-06	51
3.57995e-06	51
3.58574e-06	51
3.71956e-06	51
3.74775e-06	51
3.74893e-06	51
3.76214e-06	51
3.78615e-06	51
3.79904e-06	51
3.80072e-06	51
4.06395e-06	51
4.08049e-06	51
4.1102e-06	51
4.15993e-06	51
4.17904e-06	51
4.18146e-06	51
4.18475e-06	51
4.29049e-06	51
4.31331e-06	51
4.33532e-06	51
4.35699e-06	51
4.35902e-06	51
4.36295e-06	51
4.45799e-06	51
4.46812e-06	51
4.51604e-06	51
4.59653e-06	51
4.646e-06	51
4.65406e-06	51
4.68517e-06	51
4.70077e-06	51
4.73265e-06	51
4.74791e-06	51
4.76521e-06	51
4.80466e-06	51
4.83609e-06	51
4.91927e-06	51
4.93462e-06	51
5.02197e-06	51
5.03804e-06	51
5.07054e-06	51
5.19433e-06	51
5.28668e-06	51
5.396e-06	51
5.46531e-06	51
5.49143e-06	51
5.51999e-06	51
5.53004e-06	51
5.53197e-06	51
5.5336e-06	51
5.542e-06	51
5.61363e-06	51
5.68876e-06	51
5.7226e-06	51
5.82434e-06	51
5.86664e-06	51
5.95833e-06	51
6.09983e-06	51
6.20235e-06	51
6.20361e-06	51
6.37099e-06	51
6.37284e-06	51
6.37441e-06	51
6.37756e-06	51
6.40385e-06	51
6.53677e-06	51
6.59826e-06	51
7.05246e-06	51
7.10476e-06	51
7.12696e-06	51
7.20422e-06	51
7.38825e-06	51
7.43549e-06	51
7.52253e-06	51
7.53831e-06	51
7.54826e-06	51
7.55943e-06	51
7.62833e-06	51
7.63552e-06	51
7.67326e-06	51
7.68749e-06	51
8.03662e-06	51
8.22311e-06	51
8.31755e-06	51
8.37244e-06	51
8.41635e-06	51
8.43515e-06	51
8.48586e-06	51
8.56883e-06	51
8.67466e-06	51
8.68807e-06	51
9.18758e-06	51
9.37344e-06	51
9.39526e-06	51
9.60039e-06	51
9.66307e-06	51
9.73144e-06	51
9.7427e-06	51
9.82618e-06	51
9.8959e-06	51
9.94924e-06	51
1.00112e-05	51
1.0216e-05	51
1.02767e-05	51
1.03721e-05	51
1.05306e-05	51
1.07546e-05	51
1.08229e-05	51
1.08923e-05	51
1.09217e-05	51
1.09487e-05	51
1.10377e-05	51
1.10426e-05	51
1.12918e-05	51
1.1345e-05	51
1.1353e-05	51
1.14297e-05	51
1.14802e-05	51
1.16204e-05	51
1.16314e-05	51
1.16872e-05	51
1.17008e-05	51
1.18483e-05	51
1.19114e-05	51
1.25669e-05	51
1.2675e-05	51
1.29117e-05	51
1.29941e-05	51
1.30546e-05	51
1.32739e-05	51
1.33327e-05	51
1.3364e-05	51
1.34234e-05	51
1.34684e-05	51
1.36861e-05	51
1.38812e-05	51
1.39666e-05	51
1.41286e-05	51
1.42321e-05	51
1.42427e-05	51
1.42839e-05	51
1.43268e-05	51
1.43481e-05	51
1.43744e-05	51
1.43807e-05	51
1.47328e-05	51
1.5187e-05	51
1.54614e-05	51
1.55552e-05	51
1.56104e-05	51
1.56725e-05	51
1.59665e-05	51
1.61314e-05	51
1.64205e-05	51
1.64467e-05	51
1.65485e-05	51
1.65815e-05	51
1.65971e-05	51
1.66417e-05	51
1.67327e-05	51
1.67668e-05	51
1.68502e-05	51
1.68597e-05	51
1.68827e-05	51
1.69712e-05	51
1.7094e-05	51
1.7259e-05	51
1.7538e-05	51
1.77021e-05	51
1.78332e-05	51
1.78362e-05	51
1.78636e-05	51
1.78908e-05	51
1.79322e-05	51
1.8153e-05	51
1.81598e-05	51
1.83255e-05	51
1.83877e-05	51
1.84173e-05	51
1.84215e-05	51
1.85003e-05	51
1.85229e-05	51
1.85243e-05	51
1.88918e-05	51
1.90311e-05	51
1.91202e-05	51
1.93964e-05	51
1.95535e-05	51
1.97303e-05	51
1.97783e-05	51
1.97994e-05	51
1.98527e-05	51
1.98973e-05	51
2.00313e-05	51
2.00353e-05	51
2.00363e-05	51
2.00547e-05	51
2.00981e-05	51
2.02907e-05	51
2.03029e-05	51
2.03256e-05	51
2.05216e-05	51
2.07352e-05	51
2.07831e-05	51
2.08363e-05	51
2.10476e-05	51
2.10586e-05	51
2.15406e-05	51
2.161e-05	51
2.16326e-05	51
2.16974e-05	51
2.17522e-05	51
2.18931e-05	51
2.19141e-05	51
2.21282e-05	51
2.21569e-05	51
2.22075e-05	51
2.22969e-05	51
2.2366e-05	51
2.28282e-05	51
2.28357e-05	51
2.2844e-05	51
2.28501e-05	51
2.28635e-05	51
2.2966e-05	51
2.29876e-05	51
2.32202e-05	51
2.32334e-05	51
2.33656e-05	51
2.33744e-05	51
2.3573e-05	51
2.37272e-05	51
2.39971e-05	51
2.40936e-05	51
2.41395e-05	51
2.41876e-05	51
2.42554e-05	51
2.44231e-05	51
2.45513e-05	51
2.49349e-05	51
2.4993e-05	51
2.50326e-05	51
2.52781e-05	51
2.53231e-05	51
2.55102e-05	51
2.56293e-05	51
2.56392e-05	51
2.57143e-05	51
2.57608e-05	51
2.57949e-05	51
2.58692e-05	51
2.60299e-05	51
2.62409e-05	51
2.6409e-05	51
2.64725e-05	51
2.64874e-05	51
2.66763e-05	51
2.66965e-05	51
2.6759e-05	51
2.67764e-05	51
2.67925e-05	51
2.68343e-05	51
2.71543e-05	51
2.72634e-05	51
2.75748e-05	51
2.76414e-05	51
2.76853e-05	51
2.79863e-05	51
2.84944e-05	51
2.84969e-05	51
2.85565e-05	51
2.85779e-05	51
2.88647e-05	51
2.8982e-05	51
2.90891e-05	51
2.9125e-05	51
2.91711e-05	51
2.92179e-05	51
2.92229e-05	51
2.93164e-05	51
2.9368e-05	51
2.94668e-05	51
2.95677e-05	51
2.97782e-05	51
2.9842e-05	51
3.0098e-05	51
3.00992e-05	51
3.01225e-05	51
3.02675e-05	51
3.03875e-05	51
3.06336e-05	51
3.07166e-05	51
3.08104e-05	51
3.09197e-05	51
3.10289e-05	51
3.11317e-05	51
3.13493e-05	51
3.16557e-05	51
3.17542e-05	51
3.18215e-05	51
3.20561e-05	51
3.20563e-05	51
3.21572e-05	51
3.21898e-05	51
3.2567e-05	51
3.26378e-05	51
3.26432e-05	51
3.26784e-05	51
3.26945e-05	51
3.27784e-05	51
3.28147e-05	51
3.28978e-05	51
3.29131e-05	51
3.29481e-05	51
3.29764e-05	51
3.30459e-05	51
3.3202e-05	51
3.32536e-05	51
3.35088e-05	51
3.35378e-05	51
3.38024e-05	51
3.3963e-05	51
3.40298e-05	51
3.40819e-05	51
3.41429e-05	51
3.42113e-05	51
3.43361e-05	51
3.45508e-05	51
3.463e-05	51
3.4687e-05	51
3.48371e-05	51
3.48517e-05	51
3.50173e-05	51
3.51977e-05	51
3.54491e-05	51
3.55226e-05	51
3.55387e-05	51
3.55607e-05	51
3.57431e-05	51
3.57825e-05	51
3.60781e-05	51
3.67283e-05	51
3.67936e-05	51
3.68625e-05	51
3.69919e-05	51
3.76346e-05	51
3.76981e-05	51
3.77054e-05	51
3.78282e-05	51
3.84254e-05	51
3.84537e-05	51
3.86239e-05	51
3.90199e-05	51
3.90992e-05	51
3.91011e-05	51
3.91572e-05	51
3.96477e-05	51
3.98649e-05	51
4.01482e-05	51
4.03949e-05	51
4.04873e-05	51
4.06484e-05	51
4.067e-05	51
4.069e-05	51
4.08759e-05	51
4.10171e-05	51
4.10813e-05	51
4.16457e-05	51
4.16667e-05	51
4.17241e-05	51
4.19787e-05	51
4.23295e-05	51
4.25736e-05	51
4.25812e-05	51
4.277e-05	51
4.28754e-05	51
4.2888e-05	51
4.29614e-05	51
4.32398e-05	51
4.32572e-05	51
4.33338e-05	51
4.34298e-05	51
4.35184e-05	51
4.36379e-05	51
4.37467e-05	51
4.38331e-05	51
4.3892e-05	51
4.39188e-05	51
4.3937e-05	51
4.43089e-05	51
4.44479e-05	51
4.4452e-05	51
4.46141e-05	51
4.47167e-05	51
4.47183e-05	51
4.48708e-05	51
4.48779e-05	51
4.51151e-05	51
4.51436e-05	51
4.53247e-05	51
4.54462e-05	51
4.55393e-05	51
4.58593e-05	51
4.65827e-05	51
4.67505e-05	51
4.6858e-05	51
4.70541e-05	51
4.7202e-05	51
4.73243e-05	51
4.73636e-05	51
4.74353e-05	51
4.77076e-05	51
4.77724e-05	51
4.79118e-05	51
4.7958e-05	51
4.80066e-05	51
4.8056e-05	51
4.81798e-05	51
4.86393e-05	51
4.87794e-05	51
4.89375e-05	51
4.9216e-05	51
4.93136e-05	51
4.96657e-05	51
4.9861e-05	51
4.99766e-05	51
5.00462e-05	51
5.00506e-05	51
5.00803e-05	51
5.03088e-05	51
5.10271e-05	51
5.12306e-05	51
5.13261e-05	51
5.1575e-05	51
5.16728e-05	51
5.174e-05	51
5.17979e-05	51
5.20025e-05	51
5.2077e-05	51
5.26372e-05	51
5.27938e-05	51
5.2836e-05	51
5.30284e-05	51
5.31948e-05	51
5.32272e-05	51
5.45462e-05	51
5.45936e-05	51
5.4874e-05	51
5.49126e-05	51
5.53851e-05	51
5.57806e-05	51
5.58821e-05	51
5.60421e-05	51
5.61125e-05	51
5.62824e-05	51
5.66221e-05	51
5.66289e-05	51
5.67785e-05	51
5.70499e-05	51
5.72848e-05	51
5.74765e-05	51
5.75829e-05	51
5.76368e-05	51
5.80339e-05	51
5.81266e-05	51
5.84545e-05	51
5.90985e-05	51
5.91727e-05	51
5.94037e-05	51
5.95058e-05	51
6.00161e-05	51
6.00992e-05	51
6.01929e-05	51
6.02454e-05	51
6.02493e-05	51
6.04171e-05	51
6.08028e-05	51
6.1003e-05	51
6.17152e-05	51
6.1748e-05	51
6.21037e-05	51
6.23636e-05	51
6.24748e-05	51
6.26479e-05	51
6.26897e-05	51
6.27956e-05	51
6.29231e-05	51
6.34811e-05	51
6.4555e-05	51
6.50428e-05	51
6.50646e-05	51
6.51865e-05	51
6.52051e-05	51
6.52346e-05	51
6.5535e-05	51
6.63026e-05	51
6.66946e-05	51
6.69001e-05	51
6.69102e-05	51
6.72356e-05	51
6.7262e-05	51
6.75881e-05	51
6.78891e-05	51
6.83418e-05	51
6.88936e-05	51
6.90085e-05	51
6.9635e-05	51
7.00105e-05	51
7.00976e-05	51
7.01026e-05	51
7.01503e-05	51
7.02912e-05	51
7.0714e-05	51
7.07903e-05	51
7.0893e-05	51
7.09819e-05	51
7.14688e-05	51
7.17147e-05	51
7.22099e-05	51
7.24347e-05	51
7.24418e-05	51
7.24661e-05	51
7.25252e-05	51
7.25356e-05	51
7.27261e-05	51
7.3177e-05	51
7.34982e-05	51
7.35012e-05	51
7.40381e-05	51
7.40468e-05	51
7.40578e-05	51
7.41367e-05	51
7.42242e-05	51
7.4349e-05	51
7.48755e-05	51
7.5287e-05	51
7.53241e-05	51
7.544e-05	51
7.55897e-05	51
7.62612e-05	51
7.62735e-05	51
7.63417e-05	51
7.64483e-05	51
7.64786e-05	51
7.66377e-05	51
7.67635e-05	51
7.6777e-05	51
7.67966e-05	51
7.69278e-05	51
7.71418e-05	51
7.8466e-05	51
7.85703e-05	51
7.85712e-05	51
7.9597e-05	51
7.97108e-05	51
8.01992e-05	51
8.11845e-05	51
8.1445e-05	51
8.18115e-05	51
8.18285e-05	51
8.19917e-05	51
8.23151e-05	51
8.24477e-05	51
8.25737e-05	51
8.30875e-05	51
8.32123e-05	51
8.32138e-05	51
8.39801e-05	51
8.42479e-05	51
8.42503e-05	51
8.46967e-05	51
8.4723e-05	51
8.51152e-05	51
8.61501e-05	51
8.78253e-05	51
8.81018e-05	51
8.81298e-05	51
8.81886e-05	51
8.85741e-05	51
8.86222e-05	51
8.87238e-05	51
8.90124e-05	51
8.91387e-05	51
8.9358e-05	51
8.9485e-05	51
8.95621e-05	51
9.02924e-05	51
9.06976e-05	51
9.07275e-05	51
9.08381e-05	51
9.13267e-05	51
9.14522e-05	51
9.27533e-05	51
9.2865e-05	51
9.30301e-05	51
9.32116e-05	51
9.3584e-05	51
9.42973e-05	51
9.43084e-05	51
9.50496e-05	51
9.51847e-05	51
9.56736e-05	51
9.57053e-05	51
9.68659e-05	51
9.69879e-05	51
9.73157e-05	51
9.74716e-05	51
9.80521e-05	51
9.82142e-05	51
9.84205e-05	51
9.84264e-05	51
9.84872e-05	51
9.85466e-05	51
9.8834e-05	51
9.89684e-05	51
9.90065e-05	51
9.9151e-05	51
9.97318e-05	51
0.000100621	51
0.00010154	51
0.000101838	51
0.000101945	51
0.000102466	51
0.000102734	51
0.000103133	51
0.000103821	51
0.000103909	51
0.000104001	51
0.000104373	51
0.000104718	51
0.000104829	51
0.000105902	51
0.00010611	51
0.000106119	51
0.000106574	51
0.000106721	51
0.00010714	51
0.00010784	51
0.000108203	51
0.000108246	51
0.000108856	51
0.000108884	51
0.000109088	51
0.000109103	51
0.000109135	51
0.00010951	51
0.000110071	51
0.000110102	51
0.000110506	51
0.000110529	51
0.000112227	51
0.00011238	51
0.000112516	51
0.000112564	51
0.00011283	51
0.000113057	51
0.000113211	51
0.000113677	51
0.000113908	51
0.000113941	51
0.000113976	51
0.000114168	51
0.000114498	51
0.000114753	51
0.0001155	51
0.000116201	51
0.000116865	51
0.000117008	51
0.000117938	51
0.000118227	51
0.000118556	51
0.000118667	51
0.000118949	51
0.000119349	51
0.00011938	51
0.00011956	51
0.000119818	51
0.000119924	51
0.000119943	51
0.000120039	51
0.000120206	51
0.000121944	51
0.000123139	51
0.000123213	51
0.000124169	51
0.00012477	51
0.000124838	51
0.000124875	51
0.000126189	51
0.000126223	51
0.000126769	51
0.000127955	51
0.0001282	51
0.000128974	51
0.000129571	51
0.000129865	51
0.000130796	51
0.000130809	51
0.000131139	51
0.000131489	51
0.000131696	51
0.000131827	51
0.000132238	51
0.000132291	51
0.00013242	51
0.000132574	51
0.0001326	51
0.000132668	51
0.00013276	51
0.000133973	51
0.000134055	51
0.000134125	51
0.000134396	51
0.000135805	51
0.000136302	51
0.000136665	51
0.000136688	51
0.000136855	51
0.000136915	51
0.000137142	51
0.000137261	51
0.000137452	51
0.000137775	51
0.000137811	51
0.000138163	51
0.000138325	51
0.000139027	51
0.000139202	51
0.000139336	51
0.000139615	51
0.000140126	51
0.00014026	51
0.000141098	51
0.000141372	51
0.000142009	51
0.000142463	51
0.000142536	51
0.000142645	51
0.00014348	51
0.000144161	51
0.000145432	51
0.00014606	51
0.00014644	51
0.000146799	51
0.000147174	51
0.000147434	51
0.000148868	51
0.000149736	51
0.000150251	51
0.000150466	51
0.000150697	51
0.000151218	51
0.000151607	51
0.000151635	51
0.00015224	51
0.000152564	51
0.000152785	51
0.000153022	51
0.000153781	51
0.000153844	51
0.000154687	51
0.000154839	51
0.000156056	51
0.000156543	51
0.000157522	51
0.00015964	51
0.000159699	51
0.00015996	51
0.000159983	51
0.000161975	51
0.000162048	51
0.00016301	51
0.000163589	51
0.000165103	51
0.000165233	51
0.000166458	51
0.000167064	51
0.000167391	51
0.000167496	51
0.000167846	51
0.000168787	51
0.000168954	51
0.000169226	51
0.000169591	51
0.000170517	51
0.000171205	51
0.000171247	51
0.000171256	51
0.000172218	51
0.000172433	51
0.000173179	51
0.000173337	51
0.000173386	51
0.000174405	51
0.000176329	51
0.000176543	51
0.00017672	51
0.000178182	51
0.000178594	51
0.000178786	51
0.000179881	51
0.000180971	51
0.000181939	51
0.000182851	51
0.000183394	51
0.000186588	51
0.000188919	51
0.000189218	51
0.000189539	51
0.000189631	51
0.00019072	51
0.000192007	51
0.000192658	51
0.000192666	51
0.000195183	51
0.000196049	51
0.000196083	51
0.000196197	51
0.000196527	51
0.000196952	51
0.000197033	51
0.000197089	51
0.000199023	51
0.000199151	51
0.00019975	51
0.00020016	51
0.00020047	51
0.000201086	51
0.000201297	51
0.000201971	51
0.000202344	51
0.00020288	51
0.000203127	51
0.000203525	51
0.000203672	51
0.000203711	51
0.00020636	51
0.00020815	51
0.000208366	51
0.000208394	51
0.000208772	51
0.000209554	51
0.000210218	51
0.00021161	51
0.000212375	51
0.000214627	51
0.000216316	51
0.000216366	51
0.000217633	51
0.000217679	51
0.00021788	51
0.000217932	51
0.00021794	51
0.00021821	51
0.000218561	51
0.000218953	51
0.000220049	51
0.000221541	51
0.000224881	51
0.000225007	51
0.000225288	51
0.000227377	51
0.000227433	51
0.000228804	51
0.000230686	51
0.000231397	51
0.000232086	51
0.000232478	51
0.000233772	51
0.000234363	51
0.000235325	51
0.000235417	51
0.000237046	51
0.00024038	51
0.000240809	51
0.000242584	51
0.000242588	51
0.000242657	51
0.000245387	51
0.000245724	51
0.000245767	51
0.000246955	51
0.000248024	51
0.000248077	51
0.000249132	51
0.000250273	51
0.000250715	51
0.000252214	51
0.000253551	51
0.000253832	51
0.000254422	51
0.000255784	51
0.00025669	51
0.000258727	51
0.000264509	51
0.000266333	51
0.000266525	51
0.000267281	51
0.000269621	51
0.00026995	51
0.000271482	51
0.000271858	51
0.000272321	51
0.000273947	51
0.000274825	51
0.000276032	51
0.000280116	51
0.000280135	51
0.0002815	51
0.000281995	51
0.000282304	51
0.000283079	51
0.000283352	51
0.000285987	51
0.000287319	51
0.000289421	51
0.000289828	51
0.000291037	51
0.000292386	51
0.000292388	51
0.000297668	51
0.0002985	51
0.000298532	51
0.000299489	51
0.00030069	51
0.00030104	51
0.000301955	51
0.00030499	51
0.000311288	51
0.000311519	51
0.000314028	51
0.000317135	51
0.000318953	51
0.000319783	51
0.000319954	51
0.000323209	51
0.000326013	51
0.000329449	51
0.000330508	51
0.000333648	51
0.000337298	51
0.000338268	51
0.000340457	51
0.000342225	51
0.000343638	51
0.000344284	51
0.000344403	51
0.000346671	51
0.000348412	51
0.000348443	51
0.000350037	51
0.000351392	51
0.000352476	51
0.00035369	51
0.000355849	51
0.00035623	51
0.000356324	51
0.000360179	51
0.000362257	51
0.000362385	51
0.000363713	51
0.000369213	51
0.000369301	51
0.000369613	51
0.000370014	51
0.000377849	51
0.000378543	51
0.000379717	51
0.000380476	51
0.000384549	51
0.000386232	51
0.000389543	51
0.000394225	51
0.000396594	51
0.000396662	51
0.000400342	51
0.000400417	51
0.000403784	51
0.000403917	51
0.000404546	51
0.000406148	51
0.000408624	51
0.000409805	51
0.000412558	51
0.000412642	51
0.000414487	51
0.00042242	51
0.000429941	51
0.000433933	51
0.000436228	51
0.000436822	51
0.000441474	51
0.000443306	51
0.000446191	51
0.000453247	51
0.000453434	51
0.00045448	51
0.000455469	51
0.000458347	51
0.000458497	51
0.00045981	51
0.000460465	51
0.000461708	51
0.000471086	51
0.000471229	51
0.000473353	51
0.00047447	51
0.00048014	51
0.000481366	51
0.000490982	51
0.000491616	51
0.000492027	51
0.000494964	51
0.000505006	51
0.000508205	51
0.000509798	51
0.000514409	51
0.000525184	51
0.000538347	51
0.000550122	51
0.00055546	51
0.000559499	51
0.000562834	51
0.00056524	51
0.000572724	51
0.000582249	51
0.000587255	51
0.000596174	51
0.000605137	51
0.000616039	51
0.0006212	51
0.000635213	51
0.000637588	51
0.000643485	51
0.000644072	51
0.000648387	51
0.000658909	51
0.000659663	51
0.000661933	51
0.000670389	51
0.000672586	51
0.000682562	51
0.000693896	51
0.000702889	51
0.000705095	51
0.000709777	51
0.000715051	51
0.000715603	51
0.000725153	51
0.000752461	51
0.000766647	51
0.000785957	51
0.000806045	51
0.00088247	51
0.00088303	51
0.000885488	51
0.000897338	51
0.000899774	51
0.000900018	51
0.000949283	51
0.000957031	51
0.000968253	51
0.000974946	51
0.00098686	51
0.00100504	51
0.00102912	51
0.00106839	51
0.00106952	51
0.00110835	51
0.00112781	51
0.00114539	51
0.00119305	51
0.0012059	51
0.0013271	51
0.0013275	51
0.00134336	51
0.00135213	51
0.00151129	51
0.00157109	51
0.00180358	51
0.00217928	51
0.00225537	51
0.00251432	51
0.00258594	51
0.00270269	51
0.0052843	51
0.0052857	51
0.00528669	51
0.00529067	51
0.0052943	51
0.0175439	51
0.0175441	51
0.0175442	51
0.0175444	51
0.0175444	51
0.0175444	51
0.0175447	51
0.0175447	51
0.0175449	51
0.017545	51
0.0175452	51
0.0175452	51
0.0175453	51
0.0175454	51
0.0175457	51
0.0175461	51
0.0175468	51
0.0175472	51
0.01755	51
0.0175514	51
0.017552	51
0.0175525	51
0.0175548	51
0.0175551	51
0.0175581	51
0.0175616	51
0.0175622	51
0.0175658	51
0.0175669	51
0.0175711	51
0.0175731	51
0.0175743	51
0.0175759	51
0.0175778	51
0.0175793	51
0.017585	51
0.0175866	51
0.0175898	51
0.0175902	51
0.0175916	51
0.0175935	51
0.0175986	51
0.0176045	51
0.0176071	51
0.0176093	51
0.0176147	51
0.0176236	51
0.017634	51
0.0176346	51
0.0176356	51
0.0176376	51
0.017638	51
0.0176398	51
0.0176399	51
0.0176463	51
0.0176492	51
0.0176492	51
0.0176517	51
0.0176614	51
0.0176669	51
0.0176757	51
0.0176788	51
0.0176815	51
0.0176823	51
0.0176899	51
0.0177044	51
0.0177105	51
0.0177164	51
0.0177175	51
0.0177262	51
0.0177269	51
0.0177301	51
0.0177363	51
0.0177368	51
0.0177507	51
0.0177788	51
0.0178018	51
0.0178248	51
0.0178259	51
0.0178439	51
0.0178466	51
0.0178529	51
0.0178529	51
0.0178531	51
0.0178531	51
0.0178532	51
0.0178534	51
0.0178535	51
0.0178537	51
0.0178537	51
0.0178541	51
0.0178541	51
0.0178543	51
0.0178546	51
0.0178547	51
0.0178554	51
0.0178556	51
0.0178558	51
0.0178561	51
0.0178566	51
0.0178574	51
0.0178583	51
0.0178608	51
0.0178754	51
0.0178754	51
0.0178945	51
0.0179056	51
0.0179359	51
0.0179481	51
0.0179562	51
0.0179718	51
0.0179918	51
0.0180127	51
0.0180197	51
0.0180599	51
0.0181307	51
0.0181364	51
0.0181934	51
0.01829	51
0.0185042	51
0.0185611	51
0.0286096	51
0.0286097	51
0.0286099	51
0.0286103	51
0.0286105	51
0.0286106	51
0.0286107	51
0.0286129	51
0.0286222	51
0.0286263	51
0.0286307	51
0.0287356	51
0.0394409	51
0.039441	51
0.039441	51
0.0394411	51
0.0394411	51
0.0394412	51
0.0394414	51
0.0394414	51
0.0394415	51
0.0394415	51
0.0394417	51
0.0394417	51
0.0394418	51
0.0394418	51
0.039442	51
0.039442	51
0.0394422	51
0.0394424	51
0.0394424	51
0.0394424	51
0.0394425	51
0.0394426	51
0.0394427	51
0.0394429	51
0.0394432	51
0.0394433	51
0.0394436	51
0.0394442	51
0.0394445	51
0.0394446	51
0.0394451	51
0.0394461	51
0.0394465	51
0.039447	51
0.0394482	51
0.0394502	51
0.0394511	51
0.0394515	51
0.0394525	51
0.0394567	51
0.0394598	51
0.0394611	51
0.039464	51
0.0394668	51
0.0394671	51
0.0394688	51
0.0394772	51
0.0394791	51
0.0394965	51
0.039499	51
0.0395055	51
0.0395074	51
0.0395125	51
0.0395157	51
0.0395232	51
0.039525	51
0.0395259	51
0.0395274	51
0.0395519	51
0.0395775	51
0.039579	51
0.0396479	51
0.0396969	51
0.0397364	51
0.0397509	51
0.0399954	51
0.0401115	51
0.0401307	51
0.0401374	51
0.040189	51
0.040225	51
0.0404088	51
0.0404403	51
0.040586	51
0.0405877	51
0.0410443	51
0.0423932	51
0.0423967	51
0.0423981	51
0.0423986	51
0.042682	51
0.0457129	51
0.0457129	51
0.0457132	51
0.0457133	51
0.0457137	51
0.045714	51
0.0457145	51
0.0457146	51
0.0457147	51
0.0457147	51
0.0457158	51
0.0457161	51
0.0457171	51
0.0457175	51
0.0457187	51
0.0457202	51
0.0457204	51
0.0457212	51
0.0457217	51
0.045722	51
0.0457229	51
0.0457232	51
0.0457245	51
0.0457262	51
0.0457267	51
0.045727	51
0.0457288	51
0.0457322	51
0.0457329	51
0.0457465	51
0.0457489	51
0.045757	51
0.045763	51
0.0457652	51
0.0457656	51
0.0457746	51
0.0457752	51
0.0457789	51
0.0457814	51
0.0457861	51
0.0457995	51
0.0458048	51
0.0458155	51
0.045825	51
0.0458397	51
0.04584	51
0.0458463	51
0.0458819	51
0.0459333	51
0.0459363	51
0.0459408	51
0.0459416	51
0.0459547	51
0.0459553	51
0.0459626	51
0.045967	51
0.045973	51
0.0459785	51
0.045988	51
0.046004	51
0.0460372	51
0.0460387	51
0.0460869	51
0.0461132	51
0.0461223	51
0.0461313	51
0.0461881	51
0.0462842	51
0.0462863	51
0.0463689	51
0.0465907	51
0.0467983	51
0.0469515	51
0.0470097	51
0.0470097	51
0.0472071	51
0.0544413	51
0.0544419	51
0.0544422	51
0.0544436	51
0.0544439	51
0.0544461	51
0.0544461	51
0.0544486	51
0.0544504	51
0.0544509	51
0.0544533	51
0.0544541	51
0.0545089	51
0.0556522	51
0.0562865	51
0.0571713	51
0.0571727	51
0.0571789	51
0.057182	51
0.0592129	51
0.0712833	51
0.0712839	51
0.0712842	51
0.0712845	51
0.0712849	51
0.0712856	51
0.0712857	51
0.0712867	51
0.0712868	51
0.0712875	51
0.0712906	51
0.0712937	51
0.0713041	51
0.0713076	51
0.0713195	51
0.071322	51
0.0713224	51
0.0713224	51
0.0713439	51
0.0713596	51
0.0713782	51
0.0713833	51
0.071394	51
0.0713989	51
0.0713998	51
0.0714039	51
0.0714081	51
0.0714743	51
0.0715215	51
0.0715215	51
0.0715528	51
0.0716622	51
0.0716818	51
0.0716848	51
0.0716905	51
0.0717197	51
0.0717389	51
0.0718171	51
0.0718205	51
0.0718304	51
0.071883	51
0.0719481	51
0.0719711	51
0.0720948	51
0.0721147	51
0.0721339	51
0.0723039	51
0.0750353	51
0.0750648	51
0.075682	51
0.0815871	51
0.081588	51
0.0815881	51
0.0815882	51
0.0815883	51
0.0815885	51
0.0815886	51
0.0815887	51
0.0815889	51
0.0815889	51
0.0815896	51
0.0815899	51
0.0815902	51
0.081591	51
0.0815913	51
0.0815916	51
0.0815938	51
0.081596	51
0.081597	51
0.0815977	51
0.0816002	51
0.0816051	51
0.0816093	51
0.0816238	51
0.0871424	51
0.0871448	51
0.0871449	51
0.0871462	51
0.0871484	51
0.0871645	51
0.0871666	51
0.0872254	51
0.0872619	51
0.0873799	51
0.088066	51
0.100066	51
0.100067	51
0.100067	51
0.100067	51
0.100067	51
0.100068	51
0.100068	51
0.100069	51
0.100069	51
0.10007	51
0.100071	51
0.100072	51
0.100072	51
0.100076	51
0.100082	51
0.100136	51
0.106367	51
0.106368	51
0.106372	51
0.106378	51
0.106378	51
0.106414	51
0.10897	51
0.108973	51
0.10898	51
0.108993	51
0.109536	51
0.128738	51
0.128739	51
0.128739	51
0.128739	51
0.128739	51
0.128739	51
0.128739	51
0.128739	51
0.12874	51
0.12874	51
0.12874	51
0.12874	51
0.128785	51
0.130416	51
0.130421	51
0.130437	51
0.130438	51
0.131426	51
0.131428	51
0.131476	51
0.135216	51
0.135217	51
0.135224	51
0.135242	51
0.135307	51
0.144311	51
0.144312	51
0.144314	51
0.14432	51
0.144321	51
0.144489	51
0.144533	51
0.144536	51
0.144578	51
0.146092	51
0.146093	51
0.146096	51
0.146098	51
0.146115	51
0.147322	51
0.147335	51
0.147338	51
0.147478	51
0.147567	51
0.147575	51
0.147851	51
0.154532	51
0.154533	51
0.154545	51
0.164113	51
0.164113	51
0.164119	51
0.164146	51
0.170751	51
0.170752	51
0.170758	51
0.170772	51
0.17114	51
0.180953	51
0.180955	51
0.180957	51
0.180964	51
0.180991	51
0.181027	51
0.185654	51
0.185656	51
0.185661	51
0.185671	51
0.185673	51
0.192353	51
0.192353	51
0.192355	51
0.192367	51
0.192368	51
0.192368	51
0.193922	51
0.193946	51
0.19396	51
0.200708	51
0.200712	51
0.200713	51
0.200714	51
0.208361	51
0.208365	51
0.208366	51
0.208369	51
0.208381	51
0.20957	51
0.209571	51
0.209571	51
0.209572	51
0.209704	51
0.209706	51
0.209711	51
0.209721	51
0.217141	51
0.217142	51
0.217145	51
0.217145	51
0.220027	51
0.220029	51
0.220031	51
0.220037	51
0.228616	51
0.228622	51
0.228624	51
0.234831	51
0.234831	51
0.234832	51
0.234832	51
0.235749	51
0.240061	51
0.240064	51
0.240067	51
0.240089	51
0.259814	51
0.259814	51
0.259814	51
0.259815	51
0.259815	51
0.259816	51
0.259816	51
0.259818	51
0.260637	51
0.260652	51
0.260655	51
0.262968	51
0.262968	51
0.262971	51
0.262973	51
0.262977	51
0.263982	51
0.263982	51
0.263983	51
0.26879	51
0.268793	51
0.268794	51
0.268799	51
0.271299	51
0.272011	51
0.272016	51
0.272022	51
0.282056	51
0.282057	51
0.282057	51
0.282057	51
0.282065	51
0.28213	51
0.28314	51
0.283143	51
0.283146	51
0.283427	51
0.283427	51
0.28343	51
0.283431	51
0.284867	51
0.292248	51
0.292251	51
0.292255	51
0.292257	51
0.292267	51
0.292303	51
0.309714	51
0.309716	51
0.309717	51
0.309717	51
0.309717	51
0.309717	51
0.309719	51
0.309723	51
0.309762	51
0.32044	51
0.320443	51
0.320448	51
0.33499	51
0.33499	51
0.334992	51
0.334994	51
0.334995	51
0.335468	51
0.343467	51
0.343477	51
0.347051	51
0.347052	51
0.347054	51
0.352275	51
0.352279	51
0.352292	51
0.366787	51
0.366787	51
0.366788	51
0.36679	51
0.36679	51
0.366792	51
0.366794	51
0.378124	51
0.378124	51
0.378128	51
0.395911	51
0.395911	51
0.395912	51
0.395914	51
0.395916	51
0.395918	51
0.395929	51
0.396871	51
0.396878	51
0.397486	51
0.415738	51
0.415738	51
0.415738	51
0.415739	51
0.415739	51
0.415741	51
0.415744	51
0.415753	51
0.43058	51
0.43058	51
0.43058	51
0.430582	51
0.430601	51
0.432577	51
0.432577	51
0.432589	51
0.432592	51
0.432597	51
0.444965	51
0.444966	51
0.44497	51
0.444973	51
0.444973	51
0.444975	51
0.444976	51
0.444981	51
0.445741	51
0.445748	51
0.445766	51
0.445805	51
0.459692	51
0.459694	51
0.459702	51
0.459707	51
0.460077	51
0.46478	51
0.464782	51
0.465038	51
0.468129	51
0.468131	51
0.468132	51
0.468921	51
0.468923	51
0.468939	51
0.480189	51
0.480189	51
0.480201	51
0.480207	51
0.480217	51
0.484155	51
0.485348	51
0.485349	51
0.485353	51
0.485361	51
0.48902	51
0.489021	51
0.489027	51
0.489038	51
0.500149	51
0.500151	51
0.500151	51
0.500152	51
0.500152	51
0.500156	51
0.504	51
0.504004	51
0.504006	51
0.504006	51
0.507531	51
0.507532	51
0.507532	51
0.539667	51
0.539668	51
0.539668	51
0.539668	51
0.53967	51
0.539679	51
0.541118	51
0.541119	51
0.541119	51
0.541127	51
0.543362	51
0.543363	51
0.543379	51
0.54574	51
0.545741	51
0.545747	51
0.545748	51
0.559831	51
0.559832	51
0.559838	51
0.559839	51
0.559846	51
0.559856	51
0.560232	51
0.5628	51
0.564258	51
0.564268	51
0.566156	51
0.566158	51
0.566159	51
0.566165	51
0.566461	51
0.570406	51
0.570408	51
0.57041	51
0.570416	51
0.57095	51
0.570967	51
0.570968	51
0.583019	51
0.583019	51
0.583021	51
0.583023	51
0.583029	51
0.583035	51
0.586157	51
0.586158	51
0.586163	51
0.586174	51
0.586748	51
0.594696	51
0.594752	51
0.598008	51
0.601096	51
0.601098	51
0.601098	51
0.601124	51
0.602775	51
0.602777	51
0.602908	51
0.606186	51
0.606187	51
0.606187	51
0.606191	51
0.606952	51
0.610007	51
0.610008	51
0.610019	51
0.615097	51
0.615103	51
0.615107	51
0.615111	51
0.615124	51
0.625138	51
0.625139	51
0.625139	51
0.625144	51
0.62517	51
0.62518	51
0.625208	51
0.626051	51
0.626052	51
0.626064	51
0.626091	51
0.633646	51
0.633646	51
0.633647	51
0.633658	51
0.63367	51
0.634477	51
0.63448	51
0.636924	51
0.647664	51
0.647665	51
0.647668	51
0.647669	51
0.647678	51
0.647844	51
0.647861	51
0.647863	51
0.647865	51
0.64965	51
0.649652	51
0.64966	51
0.64971	51
0.650071	51
0.653778	51
0.660267	51
0.660268	51
0.66027	51
0.66027	51
0.663203	51
0.663203	51
0.663203	51
0.663203	51
0.663205	51
0.663207	51
0.663208	51
0.66321	51
0.663216	51
0.670174	51
0.670175	51
0.683063	51
0.683063	51
0.683064	51
0.683064	51
0.683065	51
0.683065	51
0.683067	51
0.683068	51
0.693276	51
0.693276	51
0.693281	51
0.693282	51
0.693282	51
0.6933	51
0.694684	51
0.69469	51
0.694701	51
0.696327	51
0.696332	51
0.696335	51
0.696339	51
0.696555	51
0.696556	51
0.705392	51
0.705393	51
0.705394	51
0.705395	51
0.705407	51
0.705409	51
0.710913	51
0.716146	51
0.71615	51
0.716154	51
0.716212	51
0.725532	51
0.725533	51
0.725534	51
0.725543	51
0.725594	51
0.726287	51
0.726289	51
0.726313	51
0.72643	51
0.736863	51
0.736863	51
0.736863	51
0.736864	51
0.73687	51
0.736891	51
0.736893	51
0.748723	51
0.748726	51
0.748729	51
0.748737	51
0.748763	51
0.752238	51
0.752238	51
0.752239	51
0.752239	51
0.75225	51
0.758239	51
0.758259	51
0.807647	51
0.807648	51
0.807649	51
0.807649	51
0.807649	51
0.807649	51
0.80765	51
0.807652	51
0.807653	51
0.807664	51
0.80767	51
0.810048	51
0.810053	51
0.810058	51
0.81006	51
0.812395	51
0.8124	51
0.822649	51
0.822652	51
0.822654	51
0.822656	51
0.822667	51
0.822733	51
0.844581	51
0.844581	51
0.844582	51
0.844583	51
0.844587	51
0.84459	51
0.8446	51
0.844776	51
0.848942	51
0.848943	51
0.848943	51
0.848956	51
0.848971	51
0.858206	51
0.858211	51
0.858372	51
0.858374	51
0.859772	51
0.859773	51
0.859774	51
0.859775	51
0.859782	51
0.861344	51
0.861358	51
0.861359	51
0.861801	51
0.861804	51
0.861813	51
0.863354	51
0.864978	51
0.864982	51
0.864999	51
0.867458	51
0.867462	51
0.867465	51
0.867486	51
0.873274	51
0.873276	51
0.87328	51
0.873308	51
0.875163	51
0.875163	51
0.875172	51
0.878783	51
0.880123	51
0.880123	51
0.880124	51
0.880125	51
0.880128	51
0.88015	51
0.885348	51
0.885351	51
0.885367	51
0.896563	51
0.896563	51
0.896564	51
0.896564	51
0.896675	51
0.90159	51
0.91134	51
0.911342	51
0.911347	51
0.911347	51
0.911348	51
0.911362	51
0.91138	51
0.914455	51
0.914457	51
0.914507	51
0.919357	51
0.91936	51
0.919366	51
0.919442	51
0.920477	51
0.922239	51
0.92224	51
0.922242	51
0.928708	51
0.928709	51
0.928709	51
0.928712	51
0.928716	51
0.928753	51
0.93111	51
0.931115	51
0.931121	51
0.931179	51
0.951011	51
0.951013	51
0.951013	51
0.951047	51
0.951095	51
0.961187	51
0.961188	51
0.961188	51
0.966679	51
0.96668	51
0.96669	51
0.966692	51
0.966709	51
0.969768	51
0.969775	51
0.969783	51
0.96979	51
0.97328	51
0.973289	51
0.973289	51
0.975107	51
0.975109	51
0.975119	51
0.975121	51
0.975141	51
0.97544	51
0.977088	51
0.992062	51
0.992075	51
0.992103	51
1.00277	51
1.00277	51
1.00277	51
1.00277	51
1.00277	51
1.00277	51
1.00277	51
1.00284	51
1.02107	51
1.02107	51
1.02108	51
1.02109	51
1.02636	51
1.02636	51
1.02639	51
1.0264	51
1.0264	51
1.02647	51
1.02938	51
1.02939	51
1.03144	51
1.03144	51
1.03144	51
1.03145	51
1.03146	51
1.03915	51
1.03915	51
1.03916	51
1.03916	51
1.04147	51
1.04147	51
1.04149	51
1.04151	51
1.05583	51
1.05584	51
1.05584	51
1.05589	51
1.05991	51
1.05993	51
1.05997	51
1.0715	51
1.0715	51
1.0715	51
1.0715	51
1.0715	51
1.07151	51
1.07157	51
1.0718	51
1.08093	51
1.08094	51
1.08095	51
1.08095	51
1.1057	51
1.1057	51
1.10596	51
1.10782	51
1.10782	51
1.10783	51
1.10783	51
1.10783	51
1.11626	51
1.11626	51
1.11626	51
1.11629	51
1.12605	51
1.12606	51
1.12606	51
1.12606	51
1.12607	51
1.1281	51
1.12811	51
1.15244	51
1.15244	51
1.15244	51
1.15244	51
1.15244	51
1.15244	51
1.15244	51
1.15247	51
1.15858	51
1.15858	51
1.15858	51
1.17844	51
1.17844	51
1.17849	51
1.18083	51
1.18083	51
1.18084	51
1.18708	51
1.18708	51
1.18708	51
1.18708	51
1.1956	51
1.19561	51
1.19561	51
1.19561	51
1.21209	51
1.21209	51
1.21209	51
1.2121	51
1.2121	51
1.2121	51
1.2121	51
1.2121	51
1.2121	51
1.21219	51
1.22014	51
1.22014	51
1.22023	51
1.22047	51
1.22048	51
1.22049	51
1.2205	51
1.24015	51
1.24015	51
1.24016	51
1.24016	51
1.24092	51
1.24119	51
1.24319	51
1.2432	51
1.24324	51
1.24895	51
1.24896	51
1.24896	51
1.24896	51
1.24896	51
1.24899	51
1.2523	51
1.25231	51
1.25232	51
1.25453	51
1.25453	51
1.25454	51
1.25869	51
1.2587	51
1.2587	51
1.26059	51
1.26059	51
1.2606	51
1.26062	51
1.26223	51
1.26223	51
1.26225	51
1.26227	51
1.26268	51
1.26268	51
1.26269	51
1.27638	51
1.27638	51
1.27638	51
1.27684	51
1.27753	51
1.27754	51
1.27755	51
1.27808	51
1.2925	51
1.2925	51
1.2925	51
1.29252	51
1.29394	51
1.31532	51
1.31532	51
1.31533	51
1.31533	51
1.31533	51
1.31604	51
1.31876	51
1.31876	51
1.33152	51
1.33152	51
1.33152	51
1.33153	51
1.33157	51
1.35913	51
1.35913	51
1.35913	51
1.35914	51
1.35916	51
1.36412	51
1.36412	51
1.36412	51
1.36412	51
1.36413	51
1.36413	51
1.36414	51
1.36422	51
1.37142	51
1.37144	51
1.37165	51
1.37216	51
1.37219	51
1.37224	51
1.37671	51
1.37671	51
1.37673	51
1.38533	51
1.38533	51
1.38534	51
1.38535	51
1.38541	51
1.38745	51
1.38746	51
1.38748	51
1.40909	51
1.40909	51
1.40909	51
1.40909	51
1.40909	51
1.40922	51
1.4109	51
1.41989	51
1.41989	51
1.41989	51
1.41989	51
1.4199	51
1.43103	51
1.43103	51
1.43484	51
1.43485	51
1.44898	51
1.44898	51
1.44898	51
1.44899	51
1.449	51
1.46719	51
1.46719	51
1.46719	51
1.46719	51
1.4672	51
1.4672	51
1.4672	51
1.46721	51
1.48561	51
1.48561	51
1.48561	51
1.48562	51
1.48562	51
1.48562	51
1.48562	51
1.48651	51
1.48652	51
1.49033	51
1.49033	51
1.50052	51
1.50052	51
1.50052	51
1.50053	51
1.50053	51
1.50053	51
1.50054	51
1.50939	51
1.50939	51
1.50939	51
1.50939	51
1.5094	51
1.5094	51
1.50955	51
1.51055	51
1.51056	51
1.51057	51
1.51218	51
1.5169	51
1.5169	51
1.5169	51
1.51691	51
1.52394	51
1.52394	51
1.52395	51
1.52397	51
1.53089	51
1.53089	51
1.5309	51
1.53314	51
1.53314	51
1.53315	51
1.53315	51
1.53446	51
1.53446	51
1.53446	51
1.53446	51
1.53449	51
1.53543	51
1.53544	51
1.53545	51
1.54223	51
1.55515	51
1.55515	51
1.55515	51
1.55515	51
1.55516	51
1.55516	51
1.55517	51
1.57959	51
1.57959	51
1.57959	51
1.5796	51
1.57962	51
1.58221	51
1.58221	51
1.58221	51
1.58222	51
1.58772	51
1.58772	51
1.58773	51
1.58773	51
1.58773	51
1.59325	51
1.59325	51
1.59325	51
1.59326	51
1.59326	51
1.59359	51
1.59651	51
1.59651	51
1.59652	51
1.59654	51
1.59694	51
1.59695	51
1.59698	51
1.60203	51
1.60203	51
1.60219	51
1.61268	51
1.61279	51
1.61289	51
1.62594	51
1.62594	51
1.62594	51
1.62594	51
1.62597	51
1.62777	51
1.62777	51
1.62779	51
1.62786	51
1.62787	51
1.62787	51
1.64225	51
1.64225	51
1.64225	51
1.64226	51
1.64226	51
1.64417	51
1.64417	51
1.64417	51
1.64418	51
1.64428	51
1.66828	51
1.66828	51
1.66828	51
1.66828	51
1.66828	51
1.66829	51
1.6683	51
1.67004	51
1.67305	51
1.67842	51
1.67846	51
1.6785	51
1.69782	51
1.69782	51
1.69783	51
1.69783	51
1.69785	51
1.69785	51
1.70535	51
1.70535	51
1.70535	51
1.70536	51
1.70536	51
1.72021	51
1.72021	51
1.72022	51
1.72023	51
1.72023	51
1.7267	51
1.7267	51
1.7267	51
1.72671	51
1.72671	51
1.73727	51
1.73727	51
1.73727	51
1.73728	51
1.73729	51
1.73778	51
1.73778	51
1.73779	51
1.74812	51
1.74812	51
1.75875	51
1.75876	51
1.75877	51
1.75878	51
1.76969	51
1.76969	51
1.76969	51
1.7697	51
1.7697	51
1.7697	51
1.7697	51
1.76971	51
1.79274	51
1.79275	51
1.79275	51
1.79275	51
1.79275	51
1.79276	51
1.79324	51
1.79324	51
1.79324	51
1.79324	51
1.79361	51
1.79443	51
1.79444	51
1.79444	51
1.79448	51
1.80741	51
1.80741	51
1.80741	51
1.80742	51
1.80747	51
1.81143	51
1.81144	51
1.81194	51
1.81319	51
1.81319	51
1.81324	51
1.83004	51
1.83004	51
1.83008	51
1.83418	51
1.83418	51
1.83418	51
1.84594	51
1.84594	51
1.84595	51
1.84597	51
1.84746	51
1.84746	51
1.84746	51
1.85163	51
1.85163	51
1.85163	51
1.85163	51
1.85163	51
1.85165	51
1.87091	51
1.87091	51
1.87092	51
1.87093	51
1.87231	51
1.87231	51
1.87233	51
1.87234	51
1.88214	51
1.88214	51
1.88214	51
1.88214	51
1.88215	51
1.88216	51
1.88217	51
1.88468	51
1.88469	51
1.8847	51
1.8848	51
1.88714	51
1.88714	51
1.88714	51
1.88727	51
1.89541	51
1.89543	51
1.89544	51
1.89557	51
1.89557	51
1.89558	51
1.92142	51
1.92142	51
1.92142	51
1.92142	51
1.92142	51
1.92143	51
1.92143	51
1.92144	51
1.92439	51
1.92439	51
1.9244	51
1.9244	51
1.92864	51
1.92865	51
1.97159	51
1.97159	51
1.97159	51
1.97159	51
1.97159	51
1.9716	51
1.97162	51
1.97413	51
1.97414	51
1.97415	51
1.9756	51
1.97561	51
1.97563	51
1.98045	51
1.98046	51
1.98046	51
2.00022	51
2.00022	51
2.00022	51
2.00023	51
2.00023	51
2.00023	51
2.00024	51
2.0004	51
2.00246	51
2.01589	51
2.01589	51
2.01591	51
2.01674	51
2.01675	51
2.02917	51
2.02917	51
2.02917	51
2.02918	51
2.02918	51
2.02918	51
2.02919	51
2.02921	51
2.02994	51
2.02994	51
2.02995	51
2.02996	51
2.03748	51
2.03751	51
2.04517	51
2.05468	51
2.05468	51
2.05469	51
2.05469	51
2.05469	51
2.05469	51
2.05469	51
2.05469	51
2.06389	51
2.06389	51
2.06389	51
2.06389	51
2.06389	51
2.0639	51
2.08863	51
2.08863	51
2.08863	51
2.08863	51
2.08863	51
2.08863	51
2.08864	51
2.08867	51
2.09627	51
2.09627	51
2.09628	51
2.1019	51
2.1019	51
2.10191	51
2.10195	51
2.10374	51
2.10374	51
2.10375	51
2.10376	51
2.10487	51
2.10488	51
2.1095	51
2.1095	51
2.10951	51
2.1504	51
2.1504	51
2.1504	51
2.1504	51
2.15041	51
2.15042	51
2.15044	51
2.15743	51
2.15743	51
2.15744	51
2.15744	51
2.15744	51
2.15748	51
2.1575	51
2.15763	51
2.15943	51
2.15945	51
2.15945	51
2.16062	51
2.16077	51
2.16078	51
2.16089	51
2.16665	51
2.16666	51
2.16713	51
2.18015	51
2.18016	51
2.18017	51
2.18077	51
2.18224	51
2.18224	51
2.18235	51
2.1905	51
2.19051	51
2.19052	51
2.19101	51
2.19296	51
2.19297	51
2.19297	51
2.1939	51
2.21357	51
2.21357	51
2.21357	51
2.21357	51
2.21358	51
2.21358	51
2.21358	51
2.21389	51
2.21706	51
2.21706	51
2.21713	51
2.2261	51
2.22721	51
2.22722	51
2.22723	51
2.22723	51
2.22727	51
2.2361	51
2.23613	51
2.26775	51
2.26775	51
2.26775	51
2.26775	51
2.26775	51
2.26775	51
2.26775	51
2.26776	51
2.27234	51
2.27234	51
2.27236	51
2.30476	51
2.30476	51
2.30476	51
2.30477	51
2.30477	51
2.30477	51
2.30477	51
2.30477	51
2.30478	51
2.30478	51
2.30481	51
2.30607	51
2.30607	51
2.3061	51
2.30613	51
2.32008	51
2.32009	51
2.32012	51
2.3316	51
2.3316	51
2.3316	51
2.3316	51
2.3316	51
2.3316	51
2.33294	51
2.33294	51
2.33295	51
2.33296	51
2.33793	51
2.33793	51
2.33793	51
2.33793	51
2.33795	51
2.34861	51
2.34863	51
2.34872	51
2.36161	51
2.36173	51
2.39615	51
2.39615	51
2.39615	51
2.39615	51
2.39615	51
2.39615	51
2.39615	51
2.39615	51
2.39615	51
2.39615	51
2.39616	51
2.39691	51
2.41217	51
2.41558	51
2.41558	51
2.41559	51
2.41559	51
2.41559	51
2.41561	51
2.41894	51
2.41894	51
2.41894	51
2.43261	51
2.43262	51
2.43262	51
2.43262	51
2.43265	51
2.43772	51
2.43772	51
2.43772	51
2.43773	51
2.43773	51
2.43798	51
2.43798	51
2.438	51
2.44294	51
2.44296	51
2.44297	51
2.44416	51
2.44416	51
2.4442	51
2.46167	51
2.46167	51
2.46167	51
2.46167	51
2.46168	51
2.46168	51
2.46168	51
2.46168	51
2.50063	51
2.50063	51
2.50063	51
2.50064	51
2.50064	51
2.50064	51
2.50065	51
2.50065	51
2.50086	51
2.50086	51
2.50086	51
2.51397	51
2.51398	51
2.51398	51
2.5286	51
2.52861	51
2.52862	51
2.53503	51
2.53503	51
2.53504	51
2.53504	51
2.53504	51
2.53504	51
2.53504	51
2.53504	51
2.53539	51
2.5354	51
2.5354	51
2.5354	51
2.53832	51
2.53833	51
2.53835	51
2.55103	51
2.55103	51
2.55104	51
2.55104	51
2.55786	51
2.55787	51
2.5579	51
2.57792	51
2.57792	51
2.57792	51
2.57792	51
2.57792	51
2.57794	51
2.57901	51
2.57902	51
2.57904	51
2.57986	51
2.57987	51
2.57988	51
2.57989	51
2.58608	51
2.58609	51
2.58612	51
2.59145	51
2.59146	51
2.59147	51
2.59676	51
2.59676	51
2.59676	51
2.59676	51
2.59677	51
2.59925	51
2.59925	51
2.59925	51
2.60339	51
2.6034	51
2.6034	51
2.60341	51
2.61024	51
2.61024	51
2.61024	51
2.61024	51
2.61027	51
2.62336	51
2.62336	51
2.62336	51
2.62338	51
2.62343	51
2.63592	51
2.63592	51
2.63592	51
2.63592	51
2.63595	51
2.63978	51
2.66779	51
2.66779	51
2.66779	51
2.66779	51
2.66779	51
2.66779	51
2.66781	51
2.67707	51
2.67707	51
2.67707	51
2.68798	51
2.68804	51
2.69752	51
2.69752	51
2.69752	51
2.69753	51
2.69755	51
2.6994	51
2.6994	51
2.70044	51
2.70044	51
2.70044	51
2.70044	51
2.70045	51
2.70049	51
2.70226	51
2.72938	51
2.72938	51
2.72938	51
2.72938	51
2.72938	51
2.72938	51
2.72938	51
2.7294	51
2.73189	51
2.74126	51
2.74128	51
2.74128	51
2.74572	51
2.74572	51
2.74573	51
2.74573	51
2.75204	51
2.75461	51
2.75461	51
2.75461	51
2.75666	51
2.75666	51
2.75666	51
2.75672	51
2.75788	51
2.75788	51
2.76108	51
2.7619	51
2.76416	51
2.76416	51
2.76416	51
2.76417	51
2.76422	51
2.80334	51
2.80334	51
2.80334	51
2.80334	51
2.80334	51
2.80334	51
2.80334	51
2.80335	51
2.80336	51
2.8034	51
2.80341	51
2.80341	51
2.82048	51
2.82048	51
2.82048	51
2.82985	51
2.82985	51
2.82985	51
2.82985	51
2.82986	51
2.8299	51
2.85673	51
2.85673	51
2.85673	51
2.85674	51
2.85674	51
2.85674	51
2.85674	51
2.85675	51
2.86851	51
2.86851	51
2.86896	51
2.86896	51
2.86896	51
2.86897	51
2.88549	51
2.88549	51
2.88549	51
2.88549	51
2.8855	51
2.8855	51
2.8855	51
2.92243	51
2.92243	51
2.92243	51
2.92243	51
2.92244	51
2.92244	51
2.92245	51
2.92316	51
2.92316	51
2.92317	51
2.92318	51
2.93178	51
2.93178	51
2.93178	51
2.9318	51
2.94797	51
2.94797	51
2.94798	51
2.94798	51
2.94799	51
2.948	51
2.96442	51
2.96442	51
2.96442	51
2.96442	51
2.96443	51
2.97338	51
2.97338	51
2.97338	51
2.97341	51
2.98088	51
2.98089	51
2.98097	51
2.98366	51
2.98366	51
2.98366	51
2.9837	51
2.98814	51
2.98816	51
2.98816	51
2.99568	51
2.99569	51
2.99569	51
2.9957	51
2.9957	51
2.99571	51
3.02745	51
3.02745	51
3.02745	51
3.02745	51
3.02746	51
3.02746	51
3.02746	51
3.03636	51
3.03637	51
3.03637	51
3.0364	51
3.03642	51
3.04369	51
3.04369	51
3.04369	51
3.04376	51
3.05018	51
3.05018	51
3.05018	51
3.05019	51
3.0592	51
3.0592	51
3.05921	51
3.05921	51
3.05922	51
3.08581	51
3.08581	51
3.08581	51
3.08581	51
3.08582	51
3.08582	51
3.08582	51
3.0935	51
3.0935	51
3.09351	51
3.09351	51
3.09477	51
3.09478	51
3.09478	51
3.10186	51
3.10186	51
3.10187	51
3.10398	51
3.10398	51
3.10398	51
3.10401	51
3.11193	51
3.11193	51
3.11193	51
3.11194	51
3.11195	51
3.13322	51
3.13323	51
3.13323	51
3.13323	51
3.13327	51
3.13813	51
3.13813	51
3.13813	51
3.13815	51
3.13816	51
3.14278	51
3.14279	51
3.1428	51
3.14425	51
3.14426	51
3.14426	51
3.14428	51
3.14758	51
3.14759	51
3.14759	51
3.1476	51
3.15536	51
3.15536	51
3.15536	51
3.15538	51
3.15538	51
3.15539	51
3.16426	51
3.16426	51
3.16427	51
3.16427	51
3.1645	51
3.16451	51
3.16451	51
3.17721	51
3.17721	51
3.17722	51
3.17723	51
3.18582	51
3.18583	51
3.18583	51
3.18583	51
3.18916	51
3.18917	51
3.18917	51
3.1892	51
3.19173	51
3.19174	51
3.19174	51
3.1933	51
3.1933	51
3.1933	51
3.1933	51
3.19916	51
3.19916	51
3.19917	51
3.20571	51
3.20571	51
3.20573	51
3.21896	51
3.21896	51
3.21896	51
3.21897	51
3.23588	51
3.23588	51
3.23588	51
3.23588	51
3.23588	51
3.23589	51
3.23589	51
3.24749	51
3.2475	51
3.24751	51
3.2564	51
3.2564	51
3.25641	51
3.25653	51
3.2609	51
3.2609	51
3.26091	51
3.26093	51
3.27531	51
3.27532	51
3.27532	51
3.27532	51
3.27533	51
3.27533	51
3.27533	51
3.27533	51
3.28061	51
3.28061	51
3.28062	51
3.28065	51
3.29276	51
3.29276	51
3.29276	51
3.29278	51
3.29279	51
3.31686	51
3.31686	51
3.31686	51
3.31686	51
3.31687	51
3.31687	51
3.31687	51
3.32653	51
3.32654	51
3.32657	51
3.3297	51
3.3297	51
3.32971	51
3.32971	51
3.33595	51
3.33595	51
3.33596	51
3.33601	51
3.33901	51
3.33901	51
3.33901	51
3.34165	51
3.34165	51
3.34167	51
3.34706	51
3.34706	51
3.34706	51
3.34707	51
3.34707	51
3.34826	51
3.34827	51
3.34829	51
3.35157	51
3.35157	51
3.35157	51
3.36266	51
3.36269	51
3.36271	51
3.36271	51
3.36272	51
3.36273	51
3.36312	51
3.36314	51
3.37322	51
3.37322	51
3.37323	51
3.37323	51
3.37325	51
3.37943	51
3.37943	51
3.37944	51
3.38739	51
3.3874	51
3.38742	51
3.38814	51
3.38817	51
3.39369	51
3.3978	51
3.40125	51
3.40126	51
3.40126	51
3.40133	51
3.40242	51
3.40242	51
3.40243	51
3.40243	51
3.40243	51
3.40244	51
3.40703	51
3.40703	51
3.40704	51
3.40704	51
3.41054	51
3.4155	51
3.4155	51
3.41552	51
3.43826	51
3.43826	51
3.43826	51
3.43826	51
3.43826	51
3.43827	51
3.43828	51
3.43828	51
3.44079	51
3.44079	51
3.44081	51
3.44199	51
3.44199	51
3.44202	51
3.45126	51
3.45126	51
3.45126	51
3.45308	51
3.45308	51
3.45308	51
3.45309	51
3.46914	51
3.46914	51
3.46914	51
3.46914	51
3.46915	51
3.46916	51
3.47811	51
3.47811	51
3.47812	51
3.47812	51
3.48358	51
3.48358	51
3.48358	51
3.48359	51
3.51823	51
3.51823	51
3.51824	51
3.51824	51
3.51825	51
3.51826	51
3.51827	51
3.52609	51
3.5261	51
3.5261	51
3.5261	51
3.52612	51
3.5262	51
3.52622	51
3.52622	51
3.52626	51
3.52627	51
3.52628	51
3.5263	51
3.53304	51
3.53304	51
3.53304	51
3.53304	51
3.53305	51
3.53765	51
3.53766	51
3.53766	51
3.53766	51
3.53766	51
3.54835	51
3.54835	51
3.54836	51
3.54836	51
3.54842	51
3.55109	51
3.55109	51
3.55109	51
3.5511	51
3.57689	51
3.57689	51
3.57689	51
3.57691	51
3.57693	51
3.57898	51
3.57898	51
3.57898	51
3.579	51
3.57984	51
3.57984	51
3.57986	51
3.60593	51
3.60593	51
3.60593	51
3.60593	51
3.60594	51
3.60595	51
3.61073	51
3.61074	51
3.61074	51
3.61084	51
3.61215	51
3.61215	51
3.61992	51
3.61993	51
3.61993	51
3.61993	51
3.61995	51
3.61997	51
3.62062	51
3.64	51
3.64	51
3.64001	51
3.64001	51
3.64002	51
3.64009	51
3.64228	51
3.64228	51
3.6423	51
3.64543	51
3.64543	51
3.64949	51
3.64954	51
3.6548	51
3.65481	51
3.65481	51
3.65482	51
3.65483	51
3.65619	51
3.65619	51
3.65632	51
3.66535	51
3.66535	51
3.66536	51
3.66536	51
3.66536	51
3.66536	51
3.66536	51
3.66538	51
3.66539	51
3.66877	51
3.66878	51
3.67368	51
3.67368	51
3.67369	51
3.6737	51
3.7035	51
3.7035	51
3.7035	51
3.7035	51
3.7035	51
3.70351	51
3.70351	51
3.70352	51
3.7112	51
3.7112	51
3.7112	51
3.71122	51
3.71122	51
3.71549	51
3.7155	51
3.7155	51
3.72208	51
3.72208	51
3.72209	51
3.72209	51
3.72209	51
3.72209	51
3.7221	51
3.76122	51
3.76123	51
3.76124	51
3.76124	51
3.76125	51
3.76409	51
3.76409	51
3.76414	51
3.80061	51
3.80061	51
3.80061	51
3.80062	51
3.80062	51
3.80063	51
3.81048	51
3.81048	51
3.81049	51
3.81049	51
3.81049	51
3.8105	51
3.8105	51
3.81059	51
3.81634	51
3.81634	51
3.81634	51
3.81635	51
3.81635	51
3.81636	51
3.8219	51
3.8219	51
3.82193	51
3.84459	51
3.84459	51
3.84459	51
3.8446	51
3.84461	51
3.84463	51
3.853	51
3.88331	51
3.88332	51
3.88332	51
3.88332	51
3.88332	51
3.88332	51
3.88333	51
3.88333	51
3.88334	51
3.8891	51
3.8891	51
3.88917	51
3.88935	51
3.88936	51
3.88936	51
3.88936	51
3.89356	51
3.89356	51
3.89357	51
3.89357	51
3.89357	51
3.89359	51
3.90025	51
3.90025	51
3.90025	51
3.90028	51
3.91162	51
3.91162	51
3.91163	51
3.91163	51
3.91165	51
3.91292	51
3.91292	51
3.91293	51
3.92073	51
3.92073	51
3.92073	51
3.93493	51
3.93493	51
3.93669	51
3.93669	51
3.93669	51
3.9367	51
3.94737	51
3.94737	51
3.94738	51
3.94739	51
3.96313	51
3.96313	51
3.96314	51
3.96314	51
4.02597	51
4.02597	51
4.02597	51
4.02597	51
4.02598	51
4.02599	51
4.02604	51
4.02715	51
4.04747	51
4.04747	51
4.04747	51
4.04748	51
4.04748	51
4.04749	51
4.05913	51
4.05925	51
4.07903	51
4.07903	51
4.07903	51
4.07903	51
4.07903	51
4.07905	51
4.07905	51
4.07907	51
4.07913	51
4.08463	51
4.08463	51
4.08465	51
4.08634	51
4.09154	51
4.09155	51
4.09155	51
4.09156	51
4.09156	51
4.09159	51
4.09239	51
4.0924	51
4.09262	51
4.09392	51
4.09393	51
4.09403	51
4.09517	51
4.11164	51
4.11164	51
4.11164	51
4.11164	51
4.11165	51
4.1118	51
4.11724	51
4.11746	51
4.12568	51
4.12568	51
4.12569	51
4.12569	51
4.12569	51
4.12569	51
4.12572	51
4.12572	51
4.13932	51
4.13932	51
4.13932	51
4.13938	51
4.19516	51
4.19516	51
4.19516	51
4.19516	51
4.19517	51
4.19517	51
4.19517	51
4.19518	51
4.19518	51
4.21249	51
4.21249	51
4.21251	51
4.21251	51
4.21254	51
4.21627	51
4.21629	51
4.21632	51
4.22268	51
4.22269	51
4.22269	51
4.22276	51
4.25377	51
4.25378	51
4.25378	51
4.25378	51
4.25379	51
4.25379	51
4.26048	51
4.26048	51
4.26049	51
4.26049	51
4.27956	51
4.27957	51
4.27957	51
4.27957	51
4.2796	51
4.28393	51
4.28393	51
4.28395	51
4.28399	51
4.28629	51
4.28629	51
4.2863	51
4.28631	51
4.29502	51
4.29502	51
4.29503	51
4.29508	51
4.29732	51
4.29733	51
4.29743	51
4.30875	51
4.30875	51
4.30879	51
4.30989	51
4.30993	51
4.32091	51
4.32092	51
4.32093	51
4.32095	51
4.36067	51
4.36068	51
4.36068	51
4.36068	51
4.36068	51
4.36068	51
4.36069	51
4.3607	51
4.3607	51
4.36072	51
4.37966	51
4.37966	51
4.37967	51
4.37967	51
4.37967	51
4.38126	51
4.38126	51
4.38127	51
4.3813	51
4.3981	51
4.3981	51
4.3981	51
4.3981	51
4.39816	51
4.42975	51
4.42976	51
4.42976	51
4.42976	51
4.42977	51
4.42977	51
4.42977	51
4.44068	51
4.44068	51
4.44076	51
4.44168	51
4.45036	51
4.45036	51
4.45038	51
4.4506	51
4.45906	51
4.45906	51
4.45907	51
4.45907	51
4.45912	51
4.47392	51
4.47392	51
4.47392	51
4.47393	51
4.47393	51
4.47395	51
4.47397	51
4.49057	51
4.49057	51
4.49057	51
4.49058	51
4.49065	51
4.49869	51
4.49869	51
4.49869	51
4.4987	51
4.49873	51
4.49878	51
4.49972	51
4.49973	51
4.49973	51
4.49973	51
4.5002	51
4.50021	51
4.50021	51
4.52777	51
4.52777	51
4.52778	51
4.52778	51
4.52778	51
4.52778	51
4.53547	51
4.53548	51
4.53548	51
4.53549	51
4.55373	51
4.55373	51
4.55374	51
4.55374	51
4.55376	51
4.55496	51
4.55496	51
4.55499	51
4.55686	51
4.55687	51
4.55689	51
4.56745	51
4.56745	51
4.56746	51
4.56746	51
4.5675	51
4.58261	51
4.58261	51
4.58261	51
4.58261	51
4.58262	51
4.58263	51
4.59069	51
4.59069	51
4.59069	51
4.60328	51
4.60328	51
4.60328	51
4.60331	51
4.60335	51
4.62396	51
4.62396	51
4.62396	51
4.62398	51
4.62398	51
4.62399	51
4.62553	51
4.62553	51
4.62556	51
4.63439	51
4.63439	51
4.6344	51
4.63443	51
4.63444	51
4.63501	51
4.63501	51
4.63507	51
4.63526	51
4.63533	51
4.63533	51
4.63533	51
4.64344	51
4.64344	51
4.64344	51
4.64345	51
4.64345	51
4.64347	51
4.66186	51
4.66186	51
4.66187	51
4.66187	51
4.66189	51
4.66193	51
4.69375	51
4.69375	51
4.69376	51
4.69376	51
4.69376	51
4.69377	51
4.69377	51
4.70162	51
4.70163	51
4.70163	51
4.70164	51
4.70164	51
4.70744	51
4.70744	51
4.70744	51
4.70745	51
4.70748	51
4.72927	51
4.72927	51
4.72928	51
4.72928	51
4.72929	51
4.72929	51
4.74286	51
4.74286	51
4.74286	51
4.74287	51
4.74294	51
4.76667	51
4.76667	51
4.76667	51
4.76667	51
4.76668	51
4.76668	51
4.76668	51
4.76867	51
4.76868	51
4.76869	51
4.81094	51
4.81094	51
4.81095	51
4.81095	51
4.81095	51
4.81095	51
4.81096	51
4.81096	51
4.81304	51
4.81304	51
4.81305	51
4.81488	51
4.81488	51
4.81488	51
4.81489	51
4.84885	51
4.84886	51
4.84886	51
4.84886	51
4.84886	51
4.84886	51
4.84889	51
4.86719	51
4.8672	51
4.8672	51
4.8672	51
4.8672	51
4.8672	51
4.8672	51
4.87086	51
4.87087	51
4.87087	51
4.87088	51
4.87534	51
4.87534	51
4.87534	51
4.87535	51
4.87537	51
4.87721	51
4.88437	51
4.88438	51
4.88438	51
4.8845	51
4.91276	51
4.91276	51
4.91276	51
4.91277	51
4.91277	51
4.91277	51
4.91277	51
4.91277	51
4.9128	51
4.91822	51
4.91823	51
4.91823	51
4.91827	51
4.92205	51
4.93169	51
4.93169	51
4.9317	51
4.94836	51
4.94836	51
4.94845	51
4.95601	51
4.95601	51
4.95602	51
4.95608	51
4.96949	51
4.96949	51
4.96949	51
4.9695	51
4.9695	51
4.96951	51
4.96953	51
4.97212	51
4.97213	51
4.97214	51
4.97219	51
4.99679	51
4.99679	51
4.99679	51
4.99679	51
4.99679	51
4.99679	51
4.9968	51
4.99682	51
5.00088	51
5.00089	51
5.0009	51
5.00092	51
5.00095	51
5.01902	51
5.01902	51
5.01903	51
5.01904	51
5.01905	51
5.01906	51
5.0299	51
5.02994	51
5.05988	51
5.05988	51
5.05988	51
5.05988	51
5.05988	51
5.05988	51
5.05989	51
5.05992	51
5.05992	51
5.08371	51
5.08372	51
5.08372	51
5.08864	51
5.08864	51
5.08864	51
5.08865	51
5.09117	51
5.09118	51
5.09118	51
5.09121	51
5.11717	51
5.11718	51
5.11718	51
5.11718	51
5.11719	51
5.1172	51
5.1172	51
5.11722	51
5.12229	51
5.1223	51
5.1223	51
5.12231	51
5.14232	51
5.14232	51
5.14232	51
5.14233	51
5.14235	51
5.14236	51
5.14522	51
5.14522	51
5.14523	51
5.14523	51
5.1453	51
5.1466	51
5.14661	51
5.14664	51
5.14665	51
5.14854	51
5.14855	51
5.14855	51
5.14858	51
5.14872	51
5.14873	51
5.14876	51
5.17376	51
5.17376	51
5.17377	51
5.17378	51
5.17378	51
5.17379	51
5.20211	51
5.20211	51
5.20211	51
5.20213	51
5.20214	51
5.20216	51
5.20216	51
5.20527	51
5.20528	51
5.20534	51
5.21848	51
5.21849	51
5.21849	51
5.21849	51
5.21849	51
5.2185	51
5.21852	51
5.21853	51
5.23162	51
5.23163	51
5.23163	51
5.23169	51
5.23261	51
5.23261	51
5.23262	51
5.23263	51
5.23376	51
5.23376	51
5.23376	51
5.23377	51
5.23377	51
5.23381	51
5.23382	51
5.24122	51
5.24123	51
5.24161	51
5.24163	51
5.24166	51
5.2487	51
5.24882	51
5.26249	51
5.2625	51
5.2625	51
5.26251	51
5.26252	51
5.26255	51
5.28099	51
5.28099	51
5.281	51
5.281	51
5.28101	51
5.2811	51
5.28342	51
5.28365	51
5.28365	51
5.28366	51
5.28366	51
5.33164	51
5.33164	51
5.33164	51
5.33164	51
5.33164	51
5.33165	51
5.33173	51
5.39514	51
5.39514	51
5.39514	51
5.39515	51
5.39516	51
5.39517	51
5.39517	51
5.39521	51
5.3955	51
5.42246	51
5.42246	51
5.42246	51
5.42247	51
5.42247	51
5.42247	51
5.42247	51
5.42248	51
5.4225	51
5.43473	51
5.43473	51
5.43474	51
5.43474	51
5.43475	51
5.43947	51
5.43947	51
5.43947	51
5.44721	51
5.44722	51
5.44722	51
5.44723	51
5.44723	51
5.49268	51
5.49269	51
5.49269	51
5.49269	51
5.4927	51
5.49271	51
5.49271	51
5.49275	51
5.49326	51
5.49327	51
5.49327	51
5.49328	51
5.49329	51
5.49351	51
5.49918	51
5.49919	51
5.49919	51
5.49924	51
5.52172	51
5.52172	51
5.52172	51
5.52172	51
5.52174	51
5.5257	51
5.5257	51
5.5257	51
5.5257	51
5.5257	51
5.52573	51
5.53663	51
5.53663	51
5.53665	51
5.53666	51
5.53669	51
5.53709	51
5.55015	51
5.55015	51
5.55016	51
5.55017	51
5.5502	51
5.57582	51
5.57582	51
5.57582	51
5.57582	51
5.57584	51
5.57584	51
5.57584	51
5.57586	51
5.58771	51
5.58772	51
5.58778	51
5.59511	51
5.59511	51
5.59511	51
5.59512	51
5.59513	51
5.62561	51
5.62562	51
5.62563	51
5.62563	51
5.62564	51
5.62566	51
5.63541	51
5.63541	51
5.63542	51
5.63545	51
5.63546	51
5.63552	51
5.63557	51
5.64585	51
5.64585	51
5.64585	51
5.64585	51
5.64586	51
5.64592	51
5.64593	51
5.65496	51
5.65496	51
5.65497	51
5.6563	51
5.65631	51
5.65633	51
5.65635	51
5.65829	51
5.65829	51
5.6583	51
5.65831	51
5.65956	51
5.65961	51
5.66934	51
5.66934	51
5.66935	51
5.66935	51
5.66937	51
5.66937	51
5.66985	51
5.66986	51
5.66989	51
5.67132	51
5.67133	51
5.67134	51
5.69253	51
5.69253	51
5.69253	51
5.69254	51
5.69255	51
5.69266	51
5.69931	51
5.69931	51
5.69938	51
5.71444	51
5.71444	51
5.71447	51
5.71452	51
5.71458	51
5.7147	51
5.73511	51
5.73511	51
5.73511	51
5.73512	51
5.73512	51
5.73512	51
5.73515	51
5.76946	51
5.76946	51
5.76946	51
5.76946	51
5.76947	51
5.76949	51
5.76952	51
5.76958	51
5.77303	51
5.77316	51
5.77356	51
5.77652	51
5.77652	51
5.77665	51
5.79352	51
5.79352	51
5.79353	51
5.79353	51
5.79356	51
5.82637	51
5.82638	51
5.82638	51
5.82638	51
5.82641	51
5.82642	51
5.82656	51
5.82789	51
5.82789	51
5.828	51
5.84472	51
5.84472	51
5.84472	51
5.84477	51
5.8677	51
5.8677	51
5.8677	51
5.8677	51
5.86771	51
5.86772	51
5.86773	51
5.8703	51
5.89238	51
5.89238	51
5.89239	51
5.89239	51
5.89245	51
5.89245	51
5.89264	51
5.90014	51
5.90014	51
5.90015	51
5.90016	51
5.90021	51
5.9003	51
5.92079	51
5.92079	51
5.92079	51
5.92079	51
5.92081	51
5.97493	51
5.97493	51
5.97493	51
5.97493	51
5.97495	51
5.97496	51
5.97505	51
5.97506	51
5.98766	51
5.98766	51
5.98767	51
5.98768	51
5.98774	51
5.98776	51
6.00511	51
6.00511	51
6.00512	51
6.00513	51
6.00522	51
6.02209	51
6.0221	51
6.0221	51
6.0221	51
6.02211	51
6.02212	51
6.0336	51
6.03362	51
6.03362	51
6.03362	51
6.03367	51
6.06393	51
6.06393	51
6.06394	51
6.06394	51
6.06395	51
6.06661	51
6.06661	51
6.06664	51
6.07041	51
6.07043	51
6.07045	51
6.07625	51
6.07625	51
6.07625	51
6.07626	51
6.07626	51
6.07626	51
6.0763	51
6.07632	51
6.08918	51
6.08918	51
6.08926	51
6.08987	51
6.08988	51
6.08989	51
6.08992	51
6.0901	51
6.09011	51
6.09025	51
6.09395	51
6.09397	51
6.09397	51
6.09535	51
6.09535	51
6.09535	51
6.09538	51
6.09816	51
6.09816	51
6.09817	51
6.0984	51
6.10896	51
6.10896	51
6.10896	51
6.10896	51
6.11909	51
6.11909	51
6.1191	51
6.11911	51
6.11917	51
6.14429	51
6.14429	51
6.14429	51
6.1443	51
6.14435	51
6.16413	51
6.16413	51
6.16413	51
6.16413	51
6.16415	51
6.16415	51
6.16419	51
6.1644	51
6.16848	51
6.16848	51
6.16848	51
6.16849	51
6.17717	51
6.17718	51
6.17729	51
6.19259	51
6.19259	51
6.1926	51
6.19261	51
6.20118	51
6.2012	51
6.20124	51
6.20448	51
6.20449	51
6.20449	51
6.20451	51
6.20452	51
6.20459	51
6.20872	51
6.20872	51
6.20873	51
6.20874	51
6.21858	51
6.21858	51
6.21858	51
6.2186	51
6.21901	51
6.22247	51
6.22247	51
6.22247	51
6.22248	51
6.2225	51
6.22254	51
6.23851	51
6.23851	51
6.23852	51
6.23852	51
6.23857	51
6.26217	51
6.26218	51
6.26219	51
6.26219	51
6.26223	51
6.26228	51
6.26257	51
6.26257	51
6.26257	51
6.26258	51
6.28596	51
6.28597	51
6.28597	51
6.28598	51
6.28599	51
6.28606	51
6.31035	51
6.31035	51
6.31035	51
6.31035	51
6.31042	51
6.32358	51
6.32359	51
6.3236	51
6.3236	51
6.32366	51
6.33993	51
6.33993	51
6.33994	51
6.33995	51
6.33999	51
6.36226	51
6.36226	51
6.36226	51
6.36228	51
6.36228	51
6.36236	51
6.36585	51
6.36586	51
6.366	51
6.37601	51
6.37601	51
6.37601	51
6.37601	51
6.37602	51
6.37615	51
6.38133	51
6.38134	51
6.38136	51
6.40081	51
6.40081	51
6.40081	51
6.40082	51
6.40082	51
6.40085	51
6.40098	51
6.43282	51
6.43282	51
6.43282	51
6.43282	51
6.43283	51
6.43284	51
6.43288	51
6.43297	51
6.47715	51
6.47715	51
6.47716	51
6.47716	51
6.47717	51
6.47718	51
6.47718	51
6.47726	51
6.47738	51
6.50015	51
6.50015	51
6.50019	51
6.50328	51
6.5033	51
6.50336	51
6.51376	51
6.51376	51
6.51376	51
6.51376	51
6.51377	51
6.51396	51
6.52676	51
6.52678	51
6.52678	51
6.52681	51
6.55607	51
6.55607	51
6.55608	51
6.55608	51
6.55608	51
6.5561	51
6.5561	51
6.55613	51
6.55613	51
6.55613	51
6.55619	51
6.55629	51
6.56614	51
6.56614	51
6.56615	51
6.5662	51
6.57255	51
6.57255	51
6.57257	51
6.58058	51
6.58058	51
6.58058	51
6.5806	51
6.58061	51
6.58063	51
6.59237	51
6.59237	51
6.59238	51
6.59239	51
6.59239	51
6.59245	51
6.59246	51
6.60009	51
6.60009	51
6.6001	51
6.60019	51
6.62454	51
6.62455	51
6.62456	51
6.62458	51
6.62461	51
6.62726	51
6.63307	51
6.63307	51
6.63307	51
6.63308	51
6.63308	51
6.63308	51
6.63309	51
6.65206	51
6.65206	51
6.65209	51
6.65214	51
6.65219	51
6.65219	51
6.66017	51
6.66018	51
6.66029	51
6.68395	51
6.68395	51
6.68395	51
6.68395	51
6.68396	51
6.68396	51
6.68396	51
6.68397	51
6.68409	51
6.68472	51
6.68473	51
6.68473	51
6.68474	51
6.72975	51
6.72975	51
6.72976	51
6.72976	51
6.72977	51
6.72979	51
6.72982	51
6.72991	51
6.75957	51
6.75965	51
6.75974	51
6.75975	51
6.7609	51
6.76093	51
6.78414	51
6.78414	51
6.78415	51
6.78419	51
6.78445	51
6.78642	51
6.78642	51
6.78646	51
6.94135	51
6.94135	51
6.94136	51
6.94136	51
6.94137	51
6.94138	51
6.94139	51
6.94139	51
6.94163	51
6.96553	51
6.96561	51
6.96568	51
6.98451	51
6.98451	51
6.98452	51
6.98453	51
6.98453	51
6.98454	51
6.98458	51
6.98465	51
6.99841	51
7.00823	51
7.00823	51
7.00823	51
7.00823	51
7.00826	51
7.00828	51
7.00835	51
7.06703	51
7.06704	51
7.06705	51
7.06705	51
7.06708	51
7.0671	51
7.06711	51
7.06715	51
7.08186	51
7.08187	51
7.08192	51
7.08205	51
7.09581	51
7.09581	51
7.09581	51
7.09581	51
7.09589	51
7.09596	51
7.10839	51
7.10839	51
7.1085	51
7.10925	51
7.10926	51
7.10926	51
7.10941	51
7.14547	51
7.14547	51
7.14548	51
7.14549	51
7.1455	51
7.14552	51
7.14555	51
7.15243	51
7.15244	51
7.15244	51
7.15255	51
7.15693	51
7.15693	51
7.15694	51
7.15695	51
7.15699	51
7.16198	51
7.16198	51
7.16199	51
7.16218	51
7.18962	51
7.18962	51
7.18964	51
7.18964	51
7.18967	51
7.19256	51
7.19258	51
7.19259	51
7.19269	51
7.23224	51
7.23224	51
7.23224	51
7.23226	51
7.23227	51
7.23234	51
7.23251	51
7.2476	51
7.2476	51
7.2476	51
7.24761	51
7.24775	51
7.24775	51
7.26529	51
7.2653	51
7.26537	51
7.26538	51
7.26542	51
7.26551	51
7.37218	51
7.37218	51
7.37218	51
7.37219	51
7.37219	51
7.37219	51
7.37221	51
7.37222	51
7.37227	51
7.3723	51
7.38631	51
7.38631	51
7.38632	51
7.38633	51
7.38646	51
7.40604	51
7.40605	51
7.40605	51
7.40607	51
7.40607	51
7.40615	51
7.97339	51
7.9734	51
7.9734	51
7.97341	51
7.97346	51
7.97346	51
7.97349	51
7.97361	51
7.98154	51
7.98155	51
7.98155	51
7.98157	51
7.98171	51
7.98537	51
7.98539	51
7.98552	51
7.98749	51
7.98749	51
7.98757	51
8.02159	51
8.0216	51
8.0216	51
8.02165	51
8.02166	51
8.02166	51
8.02177	51
8.02186	51
8.02443	51
8.02444	51
8.0418	51
8.0418	51
8.0419	51
8.0483	51
8.0483	51
8.04831	51
8.04833	51
8.04835	51
8.04842	51
8.19347	51
8.19347	51
8.19348	51
8.19348	51
8.1935	51
8.19354	51
8.19357	51
8.19359	51
8.19507	51
8.19507	51
8.19509	51
8.19509	51
8.23468	51
8.23468	51
8.2347	51
8.23471	51
8.23473	51
8.23474	51
8.23474	51
8.23483	51
8.24797	51
8.24798	51
8.24798	51
8.24801	51
8.24808	51
8.25057	51
8.25348	51
8.25348	51
8.25351	51
8.25351	51
8.25365	51
8.29546	51
8.29546	51
8.29547	51
8.29552	51
8.29554	51
8.29554	51
8.29556	51
8.2961	51
8.31515	51
8.31515	51
8.31517	51
8.31518	51
8.3152	51
8.31522	51
8.32603	51
8.32605	51
8.32642	51
8.38313	51
8.38313	51
8.38313	51
8.38314	51
8.38316	51
8.38316	51
8.38317	51
8.38319	51
8.38344	51
8.38689	51
8.38914	51
8.39072	51
8.41877	51
8.41879	51
8.41879	51
8.4188	51
8.4188	51
8.4188	51
8.41883	51
8.41884	51
8.41888	51
8.41902	51
8.44044	51
8.44045	51
8.44045	51
8.44046	51
8.44046	51
8.44064	51
8.49934	51
8.49934	51
8.49936	51
8.49942	51
8.49942	51
8.49945	51
8.49946	51
8.49985	51
8.84055	51
8.84059	51
8.84061	51
8.84063	51
8.84064	51
8.8407	51
8.84077	51
8.90672	51
8.90672	51
8.90673	51
8.90674	51
8.90674	51
8.90676	51
8.90676	51
8.90681	51
8.90689	51
9.47145	51
9.47147	51
9.47152	51
9.47152	51
9.47153	51
9.4716	51
9.47176	51
9.47202	51
9.47211	51
9.47238	51
9.53079	51
9.5308	51
9.53081	51
9.53085	51
9.53086	51
9.53087	51
9.53115	51
9.69704	51
9.69707	51
9.6971	51
9.69712	51
9.69718	51
9.69723	51
9.69734	51
9.69735	51
9.6981	51
9.71648	51
9.72976	51
9.72976	51
9.72978	51
9.72983	51
9.72986	51
9.73002	51
9.73023	51
9.76825	51
9.76828	51
9.7683	51
9.7683	51
9.76836	51
9.76836	51
9.76837	51
9.76876	51
9.87825	51
9.87826	51
9.87828	51
9.87828	51
9.87829	51
9.87832	51
9.87834	51
9.87845	51
9.87856	51
9.88436	51
9.88436	51
9.88437	51
9.88487	51
9.90379	51
9.90381	51
9.90381	51
9.90393	51
9.90394	51
9.90441	51
10.2259	51
10.226	51
10.226	51
10.226	51
10.226	51
10.2261	51
10.2263	51
10.2267	51
10.2398	51
10.2399	51
10.2399	51
10.2404	51
10.4782	51
10.4782	51
10.4782	51
10.4782	51
10.4783	51
10.4783	51
10.4784	51
10.4784	51
10.4789	51
10.549	51
10.549	51
10.549	51
10.549	51
10.5491	51
10.5491	51
10.5492	51
10.5493	51
10.5495	51
10.9555	51
10.9555	51
10.9555	51
10.9556	51
10.9556	51
10.9558	51
10.9558	51
10.9563	51
10.9573	51
10.9598	51
10.96	51
11.0974	51
11.0975	51
11.0975	51
11.0975	51
11.0975	51
11.0975	51
11.0975	51
11.0975	51
11.0975	51
11.0976	51
11.2415	51
11.2415	51
11.2416	51
11.2416	51
11.2416	51
11.2417	51
11.242	51
11.3757	51
11.3757	51
11.3757	51
11.3757	51
11.3757	51
11.3758	51
11.3758	51
11.376	51
11.376	51
12.2672	51
12.2672	51
12.2672	51
12.2672	51
12.2672	51
12.2673	51
12.2674	51
12.2678	51
12.3539	51
12.3539	51
12.354	51
12.354	51
12.3542	51
12.3542	51
12.3542	51
12.3543	51
12.3548	51
12.3711	51
12.3711	51
12.3711	51
12.3712	51
12.3716	51
12.3799	51
12.3799	51
12.3799	51
12.38	51
12.38	51
12.3806	51
12.3816	51
13.7359	51
13.7359	51
13.7359	51
13.7359	51
13.7361	51
13.7362	51
13.7362	51
13.7363	51
14.0802	51
14.0802	51
14.0802	51
14.0802	51
14.0802	51
14.0802	51
14.0803	51
14.0806	51
14.0902	51
14.0902	51
14.0902	51
14.0905	51
15.4445	51
15.4445	51
15.4445	51
15.4446	51
15.4447	51
15.4447	51
15.4448	51
16.1351	51
16.1351	51
16.1352	51
16.1352	51
16.1353	51
16.1354	51
16.1369	51
16.2604	51
16.2604	51
16.2604	51
16.2605	51
16.2605	51
16.2606	51
16.2607	51
16.2607	51
16.2617	51
17.6017	51
17.6017	51
17.6017	51
17.6017	51
17.6017	51
17.6019	51
17.6027	51
17.6033	51
18.1157	51
18.1157	51
18.1157	51
18.1157	51
18.1158	51
18.1159	51
18.1159	51
18.1161	51
18.1163	51
18.1174	51
18.4169	51
18.4169	51
18.4169	51
18.4169	51
18.4169	51
18.4169	51
18.417	51
18.4538	51
18.4538	51
18.4538	51
18.4538	51
18.4541	51
18.7208	51
18.7208	51
18.7209	51
18.7209	51
18.721	51
18.721	51
18.721	51
18.7227	51
18.9818	51
18.9818	51
18.9818	51
18.9819	51
18.9819	51
18.9819	51
18.9819	51
18.9819	51
18.9828	51
18.9908	51
18.9909	51
18.9912	51
20.6064	51
20.6064	51
20.6064	51
20.6065	51
20.6066	51
20.6067	51
20.6068	51
20.6072	51
20.6086	51
20.6086	51
20.6122	51
20.6371	51
20.6373	51
20.6374	51
20.6374	51
20.6377	51
22.4402	51
22.4402	51
22.4402	51
22.4402	51
22.4402	51
22.4402	51
22.4403	51
22.4404	51
22.4405	51
22.4406	51
22.9738	51
22.9739	51
22.9739	51
22.9739	51
22.9741	51
22.9741	51
22.9741	51
22.9745	51
23.1904	51
23.1904	51
23.1904	51
23.1905	51
23.1905	51
23.1906	51
23.1907	51
23.9184	51
23.9184	51
23.9185	51
23.9185	51
23.9185	51
23.9186	51
23.9187	51
23.9187	51
23.9189	51
23.9987	51
23.9987	51
23.9988	51
23.9988	51
23.9988	51
23.9989	51
23.9989	51
23.9993	51
24	51
24.4649	51
24.4649	51
24.4649	51
24.465	51
24.465	51
24.4651	51
24.4652	51
24.4658	51
25.9989	51
25.9989	51
25.9989	51
25.9989	51
25.9989	51
25.999	51
25.9991	51
25.9993	51
25.9996	51
26.2781	51
26.2781	51
26.2781	51
26.2781	51
26.2782	51
26.2782	51
26.2785	51
26.2786	51
28.4811	51
28.4812	51
28.4812	51
28.4812	51
28.4812	51
28.4812	51
28.4813	51
28.4814	51
29.1256	51
29.1257	51
29.1257	51
29.1257	51
29.1257	51
29.1257	51
29.1258	51
29.1275	51
30.2076	51
30.2076	51
30.2076	51
30.2076	51
30.2079	51
30.2079	51
30.2084	51
30.6599	51
30.6599	51
30.6599	51
30.6599	51
30.66	51
30.66	51
30.6601	51
30.6603	51
31.1863	51
31.1863	51
31.1863	51
31.1863	51
31.1863	51
31.1864	51
31.1864	51
31.1864	51
31.1868	51
31.1871	51
31.3607	51
31.3608	51
31.3608	51
31.3608	51
31.3609	51
31.3609	51
31.361	51
31.3612	51
34.0279	51
34.028	51
34.028	51
34.028	51
34.028	51
34.0281	51
34.0282	51
34.0307	51
34.7225	51
34.7225	51
34.7225	51
34.7225	51
34.7225	51
34.7226	51
34.7226	51
34.7226	51
34.8188	51
34.8188	51
34.8188	51
34.8188	51
34.8188	51
34.8188	51
34.8189	51
34.8189	51
35.2772	51
35.2772	51
35.2772	51
35.2773	51
35.2774	51
35.2776	51
35.2777	51
35.6781	51
35.6781	51
35.6781	51
35.6781	51
35.6783	51
35.6784	51
35.6784	51
35.6785	51
36.1112	51
36.1112	51
36.1112	51
36.1113	51
36.1113	51
36.1115	51
36.112	51
36.1125	51
36.3715	51
36.3715	51
36.3715	51
36.3715	51
36.3715	51
36.3715	51
36.3716	51
36.3719	51
36.38	51
36.3802	51
36.4302	51
36.4302	51
36.4302	51
36.4302	51
36.4303	51
36.4303	51
36.4304	51
36.4307	51
36.8479	51
36.8479	51
36.848	51
36.848	51
36.848	51
36.8481	51
36.8481	51
36.8482	51
36.8487	51
37.1185	51
37.1185	51
37.1185	51
37.1186	51
37.1186	51
37.1186	51
37.1188	51
37.1188	51
37.1189	51
40.6073	51
40.6073	51
40.6073	51
40.6073	51
40.6073	51
40.6074	51
40.6075	51
40.6076	51
40.9401	51
40.9402	51
40.9403	51
40.9404	51
40.9405	51
40.9406	51
40.9409	51
41.441	51
41.441	51
41.441	51
41.441	51
41.4411	51
41.4412	51
41.4415	51
41.6595	51
41.6595	51
41.6596	51
41.6596	51
41.6597	51
41.6598	51
41.6598	51
41.6599	51
41.6599	51
41.6846	51
41.6846	51
41.6847	51
41.6854	51
41.6859	51
42.2864	51
42.2864	51
42.2864	51
42.2864	51
42.2864	51
42.2866	51
42.2867	51
42.2869	51
42.2873	51
43.0314	51
43.0314	51
43.0314	51
43.0314	51
43.0316	51
43.0316	51
43.0318	51
43.0319	51
44.1347	51
44.1347	51
44.1347	51
44.1348	51
44.1348	51
44.1348	51
44.1358	51
44.3034	51
44.3034	51
44.3035	51
44.3035	51
44.3035	51
44.3036	51
44.3036	51
44.3036	51
44.3046	51
44.4397	51
44.4397	51
44.4398	51
44.4398	51
44.4399	51
44.4401	51
44.4404	51
44.4426	51
44.4429	51
44.6629	51
44.663	51
44.663	51
44.663	51
44.663	51
44.663	51
44.663	51
44.6631	51
44.6631	51
44.6633	51
44.6797	51
44.6798	51
44.6798	51
44.6801	51
44.9365	51
44.9365	51
44.9365	51
44.9366	51
44.9368	51
44.937	51
44.937	51
44.9373	51
45.0567	51
45.0567	51
45.0568	51
45.0568	51
45.0568	51
45.0569	51
45.0572	51
45.0581	51
47.6458	51
47.6459	51
47.6459	51
47.6459	51
47.6459	51
47.6459	51
47.6459	51
47.6464	51
48.8132	51
48.8132	51
48.8132	51
48.8132	51
48.8132	51
48.8133	51
48.8133	51
48.8144	51
49.3477	51
49.3477	51
49.3478	51
49.3478	51
49.3478	51
49.3479	51
49.348	51
49.443	51
49.443	51
49.443	51
49.4431	51
49.4431	51
49.4432	51
49.4433	51
49.4433	51
49.4434	51
49.5175	51
49.5176	51
49.5176	51
49.5176	51
49.5176	51
49.5177	51
49.5178	51
49.5178	51
49.518	51
49.69	51
49.6901	51
49.6901	51
49.6901	51
49.6901	51
49.6902	51
49.6904	51
50.0486	51
50.0486	51
50.0487	51
50.0487	51
50.0487	51
50.0487	51
50.0488	51
50.0495	51
51.4109	51
51.4109	51
51.4109	51
51.411	51
51.411	51
51.411	51
51.4111	51
51.4115	51
52.2244	51
52.2244	51
52.2244	51
52.2244	51
52.2245	51
52.2245	51
52.2247	51
52.2262	51
52.2265	51
54.8286	51
54.8286	51
54.8286	51
54.8286	51
54.8286	51
54.8287	51
54.8287	51
54.8292	51
55.006	51
55.006	51
55.006	51
55.006	51
55.006	51
55.0061	51
55.0062	51
55.1407	51
55.1407	51
55.1407	51
55.1407	51
55.1408	51
55.1409	51
55.1412	51
55.1414	51
55.5928	51
55.5929	51
55.5929	51
55.593	51
55.593	51
55.593	51
55.5931	51
55.5932	51
55.5933	51
55.594	51
55.5941	51
56.0756	51
56.0757	51
56.0757	51
56.0757	51
56.0758	51
56.0759	51
56.0759	51
56.0762	51
56.8359	51
56.836	51
56.836	51
56.836	51
56.836	51
56.8361	51
56.8361	51
56.8361	51
57.5988	51
57.5988	51
57.5988	51
57.5988	51
57.5989	51
57.5991	51
57.5991	51
57.5992	51
57.6794	51
57.6794	51
57.6794	51
57.6796	51
57.6796	51
57.6798	51
57.6801	51
57.6967	51
57.6979	51
59.369	51
59.369	51
59.369	51
59.369	51
59.369	51
59.369	51
59.3691	51
59.3692	51
59.3692	51
59.37	51
59.516	51
59.516	51
59.5161	51
59.5161	51
59.5161	51
59.5161	51
59.5164	51
60.8764	51
60.8764	51
60.8764	51
60.8764	51
60.8765	51
60.8765	51
60.8765	51
60.8766	51
60.8766	51
60.8767	51
60.8782	51
61.5813	51
61.5813	51
61.5813	51
61.5814	51
61.5814	51
61.5815	51
61.5815	51
61.5817	51
61.5924	51
62.8734	51
62.8734	51
62.8734	51
62.8734	51
62.8735	51
62.8735	51
62.8737	51
62.8742	51
63.1371	51
63.1371	51
63.1371	51
63.1371	51
63.1371	51
63.1372	51
63.1372	51
63.1373	51
63.1385	51
63.1921	51
63.1921	51
63.1922	51
63.1922	51
63.1922	51
63.1923	51
63.1925	51
63.2634	51
63.2635	51
63.2635	51
63.2636	51
63.2637	51
63.2637	51
63.2644	51
63.2644	51
63.2652	51
63.6082	51
63.6083	51
63.6083	51
63.6083	51
63.6084	51
63.6084	51
63.6088	51
63.6096	51
63.8133	51
63.8133	51
63.8134	51
63.8134	51
63.8135	51
63.8136	51
63.8136	51
63.8142	51
63.8767	51
63.8767	51
63.8767	51
63.8768	51
63.8768	51
63.8768	51
63.8773	51
63.8805	51
63.9407	51
63.9407	51
63.9407	51
63.9407	51
63.9408	51
63.9408	51
63.9409	51
63.9418	51
64.3024	51
64.3024	51
64.3025	51
64.3025	51
64.3025	51
64.3025	51
64.3026	51
64.3026	51
64.366	51
64.366	51
64.3661	51
64.3662	51
64.3662	51
64.3662	51
64.3664	51
64.3671	51
64.5703	51
64.5703	51
64.5703	51
64.5703	51
64.5705	51
64.5705	51
64.5707	51
64.5709	51
65.2032	51
65.2032	51
65.2033	51
65.2033	51
65.2033	51
65.2033	51
65.2036	51
65.261	51
65.261	51
65.261	51
65.261	51
65.2611	51
65.2611	51
65.2612	51
65.2612	51
65.2613	51
66.9365	51
66.9366	51
66.9366	51
66.9366	51
66.9367	51
66.9367	51
66.9368	51
66.9369	51
67.4393	51
67.4393	51
67.4393	51
67.4393	51
67.4394	51
67.4394	51
67.4395	51
67.4396	51
67.7371	51
67.7371	51
67.7371	51
67.7371	51
67.7371	51
67.7372	51
67.7373	51
67.9965	51
67.9966	51
67.9966	51
67.9966	51
67.9967	51
67.9967	51
67.9968	51
67.9976	51
68.3047	51
68.3047	51
68.3047	51
68.3048	51
68.3048	51
68.3048	51
68.3049	51
68.305	51
68.3059	51
69.0693	51
69.0693	51
69.0693	51
69.0693	51
69.0694	51
69.0694	51
69.0695	51
69.0698	51
69.963	51
69.963	51
69.963	51
69.9631	51
69.9631	51
69.9631	51
69.9632	51
69.9644	51
70.2253	51
70.2253	51
70.2254	51
70.2254	51
70.2254	51
70.2254	51
70.2255	51
70.2258	51
70.7845	51
70.7845	51
70.7845	51
70.7846	51
70.7846	51
70.7847	51
70.7849	51
70.7858	51
71.1974	51
71.1974	51
71.1975	51
71.1975	51
71.1976	51
71.198	51
71.1986	51
71.6119	51
71.6119	51
71.6119	51
71.6119	51
71.612	51
71.612	51
71.6122	51
71.6123	51
71.8347	51
71.8348	51
71.8348	51
71.8348	51
71.8348	51
71.8349	51
71.835	51
71.8354	51
72.0377	51
72.0377	51
72.0377	51
72.0377	51
72.0378	51
72.0379	51
72.038	51
72.038	51
72.0383	51
72.55	51
72.55	51
72.55	51
72.55	51
72.5502	51
72.5502	51
72.5502	51
72.5503	51
72.5503	51
73.1344	51
73.1344	51
73.1344	51
73.1345	51
73.1345	51
73.1346	51
73.1351	51
73.1354	51
74.2369	51
74.2369	51
74.2369	51
74.237	51
74.237	51
74.2371	51
74.2375	51
75.1087	51
75.1087	51
75.1087	51
75.1087	51
75.1088	51
75.1088	51
75.1088	51
75.109	51
75.568	51
75.568	51
75.568	51
75.568	51
75.5681	51
75.5681	51
75.5682	51
75.5683	51
75.5683	51
75.5692	51
75.801	51
75.801	51
75.801	51
75.801	51
75.801	51
75.8011	51
75.8012	51
75.8014	51
76.7259	51
76.7259	51
76.7259	51
76.7259	51
76.7259	51
76.726	51
76.7261	51
79.8783	51
79.8783	51
79.8783	51
79.8783	51
79.8784	51
79.8784	51
79.8788	51
79.8802	51
79.954	51
79.954	51
79.9541	51
79.9542	51
79.9542	51
79.9543	51
79.957	51
80.0574	51
80.0575	51
80.0575	51
80.0575	51
80.0575	51
80.0578	51
80.0579	51
80.0581	51
80.0601	51
80.1788	51
80.1789	51
80.1789	51
80.1789	51
80.1789	51
80.1791	51
80.1793	51
80.1793	51
80.1795	51
80.18	51
80.3165	51
80.3165	51
80.3165	51
80.3165	51
80.3166	51
80.3167	51
80.3167	51
80.3173	51
80.3321	51
80.3321	51
80.3326	51
80.333	51
80.3492	51
80.3492	51
80.3493	51
81.0009	51
81.001	51
81.001	51
81.0011	51
81.0011	51
81.0011	51
81.0011	51
81.0012	51
81.0014	51
81.0015	51
83.5066	51
83.5066	51
83.5066	51
83.5067	51
83.5067	51
83.5068	51
83.5072	51
83.5074	51
84.1372	51
84.1372	51
84.1372	51
84.1372	51
84.1374	51
84.1374	51
84.1376	51
85.0065	51
85.0065	51
85.0066	51
85.0066	51
85.0066	51
85.0066	51
85.007	51
85.007	51
85.8037	51
85.8037	51
85.8037	51
85.8037	51
85.8038	51
85.8038	51
85.8038	51
85.8038	51
85.8044	51
86.2028	51
86.2028	51
86.2028	51
86.2028	51
86.203	51
86.2031	51
86.2031	51
86.2041	51
86.3525	51
86.3525	51
86.3525	51
86.3526	51
86.3527	51
86.3528	51
86.3528	51
86.3529	51
86.3535	51
86.5085	51
86.5085	51
86.5086	51
86.5087	51
86.5087	51
86.5087	51
86.5092	51
87.2362	51
87.2362	51
87.2362	51
87.2362	51
87.2364	51
87.2364	51
87.2365	51
87.2366	51
87.2369	51
87.2933	51
87.2934	51
87.2934	51
87.2934	51
87.2934	51
87.2934	51
87.2941	51
88.7819	51
88.782	51
88.782	51
88.782	51
88.7821	51
88.7821	51
88.7822	51
88.7824	51
89.3629	51
89.363	51
89.363	51
89.363	51
89.363	51
89.3631	51
89.3634	51
89.3641	51
89.3648	51
90.1086	51
90.1087	51
90.1087	51
90.1087	51
90.1087	51
90.1087	51
90.1089	51
90.1092	51
90.1263	51
90.1264	51
90.1266	51
90.1976	51
90.1976	51
90.1976	51
90.1976	51
90.1978	51
90.1978	51
90.1988	51
90.1996	51
90.2	51
90.5755	51
90.5755	51
90.5755	51
90.5755	51
90.5756	51
90.5757	51
90.5758	51
90.5764	51
91.41	51
91.41	51
91.4101	51
91.4101	51
91.4101	51
91.4101	51
91.4111	51
91.7904	51
91.7904	51
91.7905	51
91.7905	51
91.7906	51
91.7906	51
91.7907	51
91.7907	51
91.791	51
91.8854	51
91.8854	51
91.8855	51
91.8855	51
91.8856	51
91.8857	51
91.8858	51
91.8861	51
91.8864	51
92.9281	51
92.9281	51
92.9281	51
92.9282	51
92.9283	51
92.9284	51
92.9284	51
92.9284	51
92.9322	51
93.5221	51
93.5221	51
93.5221	51
93.5222	51
93.5222	51
93.5226	51
93.5226	51
93.523	51
93.5232	51
93.7519	51
93.7519	51
93.7519	51
93.752	51
93.7521	51
93.7521	51
93.7528	51
93.7667	51
93.7668	51
94.0483	51
94.0483	51
94.0483	51
94.0483	51
94.0484	51
94.0485	51
94.0602	51
94.5624	51
94.5624	51
94.5624	51
94.5624	51
94.5624	51
94.5624	51
94.5625	51
94.5627	51
94.5627	51
94.5629	51
94.5643	51
95.7624	51
95.7625	51
95.7626	51
95.7626	51
95.7626	51
95.7626	51
95.7631	51
95.7637	51
97.1725	51
97.1725	51
97.1726	51
97.1726	51
97.1726	51
97.1728	51
97.1729	51
97.7094	51
97.7094	51
97.7095	51
97.7095	51
97.7096	51
97.7097	51
97.7102	51
97.7102	51
97.7105	51
97.8427	51
97.8427	51
97.8428	51
97.8428	51
97.8428	51
97.8428	51
97.8432	51
97.8439	51
99.2259	51
99.2259	51
99.226	51
99.2261	51
99.2261	51
99.2261	51
99.2262	51
99.2262	51
99.2262	51
99.5346	51
99.5346	51
99.5347	51
99.5347	51
99.5347	51
99.5351	51
99.5351	51
99.5478	51
99.5481	51
99.5486	51
99.5493	51
99.8927	51
99.8927	51
99.8928	51
99.8928	51
99.8928	51
99.8928	51
99.8929	51
99.8929	51
99.8935	51
