6.66793e-12	0
5.25826e-11	1
2.1989e-10	2
3.3199e-10	3
3.81722e-10	4
4.47109e-10	5
4.67422e-10	6
4.7972e-10	7
5.63021e-10	8
5.88103e-10	9
6.51855e-10	10
6.65532e-10	11
7.20465e-10	12
7.42007e-10	13
7.64105e-10	14
8.2964e-10	15
9.18623e-10	16
9.92908e-10	17
9.98479e-10	17
1.01532e-09	18
1.03311e-09	19
1.0342e-09	20
1.04486e-09	21
1.08819e-09	22
1.31783e-09	23
1.34751e-09	24
1.37762e-09	25
1.44203e-09	26
1.6767e-09	27
2.18617e-09	28
2.31864e-09	29
2.36605e-09	30
2.52116e-09	31
2.56881e-09	32
2.58232e-09	32
2.5888e-09	33
2.66204e-09	34
3.05553e-09	34
3.08624e-09	35
3.18522e-09	36
3.20031e-09	37
3.52688e-09	38
3.82718e-09	39
3.93581e-09	39
4.0521e-09	39
4.22832e-09	40
4.67838e-09	41
4.95984e-09	42
4.96122e-09	43
5.35609e-09	44
5.76299e-09	45
5.91115e-09	46
6.57611e-09	47
6.82079e-09	48
7.27543e-09	48
7.64959e-09	49
7.93925e-09	50
9.38924e-09	51
1.15589e-08	51
1.50601e-08	51
1.91965e-08	51
1.98055e-08	51
2.48171e-08	51
2.51089e-08	51
2.78845e-08	51
3.013e-08	51
3.36533e-08	51
4.10109e-08	51
4.12463e-08	52
4.65586e-08	53
4.68704e-08	53
4.95808e-08	53
5.01558e-08	53
5.08933e-08	53
5.42474e-08	53
5.47044e-08	53
5.58234e-08	53
6.26439e-08	53
6.83987e-08	53
6.98023e-08	53
7.13012e-08	53
7.44176e-08	53
7.61599e-08	53
7.71064e-08	53
8.74648e-08	53
8.80731e-08	53
9.64938e-08	53
1.00109e-07	53
1.03137e-07	53
1.07251e-07	53
1.13503e-07	53
1.14413e-07	53
1.19748e-07	53
1.20032e-07	53
1.23097e-07	53
1.25315e-07	53
1.25636e-07	53
1.3004e-07	53
1.30654e-07	53
1.38823e-07	53
1.43043e-07	53
1.46201e-07	53
1.48415e-07	53
1.50973e-07	53
1.52413e-07	53
1.72849e-07	53
1.74733e-07	53
1.77804e-07	53
1.83378e-07	53
1.85912e-07	53
1.85937e-07	53
1.94513e-07	53
1.95033e-07	53
2.05471e-07	53
2.05925e-07	53
2.07268e-07	53
2.07934e-07	53
2.11336e-07	53
2.13005e-07	53
2.1877e-07	53
2.2171e-07	53
2.21944e-07	53
2.27371e-07	53
2.29983e-07	53
2.34652e-07	53
2.36413e-07	53
2.38987e-07	53
2.40369e-07	53
2.42818e-07	53
2.45326e-07	53
2.46228e-07	53
2.5928e-07	53
2.63287e-07	53
2.68547e-07	53
2.68817e-07	53
2.71971e-07	53
2.80582e-07	53
2.82414e-07	53
2.86126e-07	53
2.86406e-07	53
2.874e-07	53
2.89707e-07	53
2.90851e-07	53
2.96961e-07	53
2.99084e-07	53
2.99455e-07	53
2.99497e-07	53
3.19761e-07	53
3.20325e-07	53
3.22674e-07	53
3.35242e-07	53
3.48324e-07	53
3.49033e-07	53
3.51039e-07	53
3.5298e-07	53
3.53984e-07	53
3.54093e-07	53
3.55709e-07	53
3.58523e-07	53
3.58526e-07	53
3.59412e-07	53
3.62964e-07	53
3.64341e-07	53
3.66156e-07	53
3.67227e-07	53
3.72442e-07	53
3.75936e-07	53
3.76505e-07	53
3.7899e-07	53
3.80556e-07	53
3.87271e-07	53
3.89699e-07	53
3.90993e-07	53
3.91491e-07	53
3.94955e-07	53
3.97495e-07	53
4.02127e-07	53
4.0625e-07	53
4.07808e-07	53
4.20993e-07	53
4.22785e-07	53
4.24535e-07	53
4.25207e-07	53
4.32439e-07	53
4.41607e-07	53
4.41772e-07	53
4.445e-07	53
4.46709e-07	53
4.47643e-07	53
4.49215e-07	53
4.51697e-07	53
4.55388e-07	53
4.58781e-07	53
4.5912e-07	53
4.7659e-07	53
4.78711e-07	53
4.94641e-07	53
4.9465e-07	53
5.00252e-07	53
5.02006e-07	53
5.02694e-07	53
5.03382e-07	53
5.08206e-07	53
5.17546e-07	53
5.23319e-07	53
5.29786e-07	53
5.31866e-07	53
5.32399e-07	53
5.32793e-07	53
5.42902e-07	53
5.45141e-07	53
5.47687e-07	53
5.49414e-07	53
5.57609e-07	53
5.6136e-07	53
5.65315e-07	53
5.65838e-07	53
5.66595e-07	53
5.87251e-07	53
5.88604e-07	53
5.9429e-07	53
5.96942e-07	53
6.00841e-07	53
6.01256e-07	53
6.03324e-07	53
6.17487e-07	53
6.18846e-07	53
6.19175e-07	53
6.19965e-07	53
6.2228e-07	53
6.27436e-07	53
6.28181e-07	53
6.30049e-07	53
6.34542e-07	53
6.35423e-07	53
6.35827e-07	53
6.36759e-07	53
6.37373e-07	53
6.42048e-07	53
6.43049e-07	53
6.49982e-07	53
6.51407e-07	53
6.56791e-07	53
6.60147e-07	53
6.61403e-07	53
6.63505e-07	53
6.64823e-07	53
6.65121e-07	53
6.66952e-07	53
6.706e-07	53
6.71555e-07	53
6.71608e-07	53
6.80293e-07	53
6.81888e-07	53
6.82407e-07	53
6.92141e-07	53
6.93803e-07	53
6.96323e-07	53
6.97772e-07	53
7.09368e-07	53
7.09729e-07	53
7.18036e-07	53
7.28201e-07	53
7.33727e-07	53
7.40214e-07	53
7.46617e-07	53
7.46994e-07	53
7.65307e-07	53
7.66315e-07	53
7.76806e-07	53
7.83298e-07	53
7.93402e-07	53
7.9383e-07	53
8.00822e-07	53
8.06492e-07	53
8.07419e-07	53
8.11757e-07	53
8.20456e-07	53
8.22815e-07	53
8.26845e-07	53
8.30141e-07	53
8.32725e-07	53
8.32802e-07	53
8.41054e-07	53
8.43101e-07	53
8.43521e-07	53
8.44557e-07	53
8.52291e-07	53
8.54127e-07	53
8.56591e-07	53
8.58648e-07	53
8.6366e-07	53
8.72173e-07	53
8.85052e-07	53
8.87334e-07	53
8.9587e-07	53
9.03236e-07	53
9.13632e-07	53
9.17704e-07	53
9.30456e-07	53
9.35675e-07	53
9.46286e-07	53
9.70205e-07	53
9.87808e-07	53
1.00201e-06	53
1.00253e-06	53
1.00776e-06	53
1.00943e-06	53
1.01388e-06	53
1.01668e-06	53
1.03356e-06	53
1.04447e-06	53
1.04569e-06	53
1.05356e-06	53
1.05726e-06	53
1.05807e-06	53
1.08172e-06	53
1.08236e-06	53
1.08509e-06	53
1.09488e-06	53
1.09507e-06	53
1.09637e-06	53
1.09817e-06	53
1.09909e-06	53
1.09967e-06	53
1.11571e-06	53
1.11644e-06	53
1.12904e-06	53
1.12983e-06	53
1.1329e-06	53
1.13904e-06	53
1.1443e-06	53
1.14696e-06	53
1.16588e-06	53
1.17494e-06	53
1.18078e-06	53
1.18472e-06	53
1.1987e-06	53
1.20052e-06	53
1.20084e-06	53
1.20378e-06	53
1.20433e-06	53
1.21459e-06	53
1.2194e-06	53
1.21975e-06	53
1.22481e-06	53
1.22904e-06	53
1.23309e-06	53
1.24903e-06	53
1.25849e-06	53
1.28143e-06	53
1.28436e-06	53
1.30747e-06	53
1.30843e-06	53
1.3203e-06	53
1.37759e-06	53
1.39627e-06	53
1.40905e-06	53
1.41532e-06	53
1.41651e-06	53
1.43011e-06	53
1.44216e-06	53
1.45122e-06	53
1.45329e-06	53
1.45877e-06	53
1.46461e-06	53
1.47434e-06	53
1.47525e-06	53
1.47536e-06	53
1.47934e-06	53
1.48465e-06	53
1.49262e-06	53
1.49551e-06	53
1.50993e-06	53
1.5107e-06	53
1.51433e-06	53
1.53804e-06	53
1.54206e-06	53
1.56329e-06	53
1.56449e-06	53
1.5656e-06	53
1.58631e-06	53
1.59177e-06	53
1.59454e-06	53
1.63078e-06	53
1.64497e-06	53
1.65587e-06	53
1.67864e-06	53
1.68229e-06	53
1.6844e-06	53
1.70352e-06	53
1.70832e-06	53
1.71872e-06	53
1.74003e-06	53
1.74313e-06	53
1.75149e-06	53
1.77102e-06	53
1.77529e-06	53
1.79625e-06	53
1.81918e-06	53
1.81925e-06	53
1.82302e-06	53
1.8402e-06	53
1.84721e-06	53
1.86498e-06	53
1.87882e-06	53
1.88411e-06	53
1.90682e-06	53
1.91341e-06	53
1.91676e-06	53
1.93204e-06	53
1.94203e-06	53
1.96813e-06	53
1.98616e-06	53
1.98799e-06	53
2.00221e-06	53
2.00832e-06	53
2.00895e-06	53
2.03655e-06	53
2.03737e-06	53
2.05293e-06	53
2.06635e-06	53
2.08524e-06	53
2.09029e-06	53
2.09288e-06	53
2.09953e-06	53
2.11278e-06	53
2.13548e-06	53
2.15672e-06	53
2.18131e-06	53
2.1815e-06	53
2.18253e-06	53
2.19229e-06	53
2.20371e-06	53
2.2056e-06	53
2.22535e-06	53
2.23223e-06	53
2.27548e-06	53
2.2842e-06	53
2.29334e-06	53
2.29923e-06	53
2.32916e-06	53
2.34492e-06	53
2.36056e-06	53
2.37616e-06	53
2.38286e-06	53
2.39315e-06	53
2.45797e-06	53
2.45946e-06	53
2.50125e-06	53
2.50539e-06	53
2.51113e-06	53
2.53738e-06	53
2.54712e-06	53
2.55275e-06	53
2.58465e-06	53
2.58581e-06	53
2.6012e-06	53
2.61374e-06	53
2.6566e-06	53
2.66897e-06	53
2.6713e-06	53
2.67719e-06	53
2.68705e-06	53
2.7103e-06	53
2.73293e-06	53
2.73627e-06	53
2.74174e-06	53
2.75299e-06	53
2.76655e-06	53
2.7718e-06	53
2.79328e-06	53
2.80144e-06	53
2.8021e-06	53
2.82046e-06	53
2.85217e-06	53
2.91278e-06	53
2.92044e-06	53
2.9209e-06	53
2.95311e-06	53
2.99836e-06	53
3.02066e-06	53
3.03208e-06	53
3.0334e-06	53
3.04844e-06	53
3.04969e-06	53
3.0577e-06	53
3.08447e-06	53
3.09598e-06	53
3.16505e-06	53
3.1653e-06	53
3.1799e-06	53
3.18683e-06	53
3.21347e-06	53
3.2411e-06	53
3.29888e-06	53
3.31521e-06	53
3.33648e-06	53
3.37751e-06	53
3.38259e-06	53
3.41725e-06	53
3.44628e-06	53
3.51826e-06	53
3.56761e-06	53
3.64367e-06	53
3.67583e-06	53
3.71052e-06	53
3.72065e-06	53
3.73806e-06	53
3.769e-06	53
3.77779e-06	53
3.79338e-06	53
3.93183e-06	53
3.96921e-06	53
4.0122e-06	53
4.06472e-06	53
4.09371e-06	53
4.13764e-06	53
4.29052e-06	53
4.35848e-06	53
4.36355e-06	53
4.45082e-06	53
4.45583e-06	53
4.47617e-06	53
4.56126e-06	53
4.56718e-06	53
4.70588e-06	53
4.71465e-06	53
4.85125e-06	53
4.87793e-06	53
4.91166e-06	53
4.92353e-06	53
4.98401e-06	53
5.04136e-06	53
5.05743e-06	53
5.05836e-06	53
5.06937e-06	53
5.07968e-06	53
5.10129e-06	53
5.11857e-06	53
5.14501e-06	53
5.15364e-06	53
5.25727e-06	53
5.26875e-06	53
5.28191e-06	53
5.28416e-06	53
5.29214e-06	53
5.30384e-06	53
5.31444e-06	53
5.35604e-06	53
5.40435e-06	53
5.43397e-06	53
5.57791e-06	53
5.60402e-06	53
5.67701e-06	53
5.7393e-06	53
5.7977e-06	53
5.86081e-06	53
5.92362e-06	53
5.93711e-06	53
5.97157e-06	53
6.03748e-06	53
6.06453e-06	53
6.07172e-06	53
6.13416e-06	53
6.1616e-06	53
6.28397e-06	53
6.31053e-06	53
6.32792e-06	53
6.33655e-06	53
6.35915e-06	53
6.41323e-06	53
6.53385e-06	53
6.67211e-06	53
6.73547e-06	53
6.78594e-06	53
6.92433e-06	53
7.00697e-06	53
7.02631e-06	53
7.12109e-06	53
7.19817e-06	53
7.23832e-06	53
7.24933e-06	53
7.2845e-06	53
7.76118e-06	53
7.95085e-06	53
7.95402e-06	53
7.98272e-06	53
8.05449e-06	53
8.24436e-06	53
8.38276e-06	53
8.46065e-06	53
8.55769e-06	53
8.62472e-06	53
8.65898e-06	53
8.73523e-06	53
8.96955e-06	53
9.18289e-06	53
9.25403e-06	53
9.27709e-06	53
9.32306e-06	53
9.38196e-06	53
9.4587e-06	53
9.4672e-06	53
9.50799e-06	53
9.58644e-06	53
9.5983e-06	53
9.85016e-06	53
9.94933e-06	53
1.01094e-05	53
1.01285e-05	53
1.01989e-05	53
1.02056e-05	53
1.04465e-05	53
1.05688e-05	53
1.06152e-05	53
1.07015e-05	53
1.07459e-05	53
1.07469e-05	53
1.07485e-05	53
1.07832e-05	53
1.09419e-05	53
1.10236e-05	53
1.11646e-05	53
1.12324e-05	53
1.13126e-05	53
1.1464e-05	53
1.14857e-05	53
1.14862e-05	53
1.15964e-05	53
1.18534e-05	53
1.19008e-05	53
1.19807e-05	53
1.21401e-05	53
1.22695e-05	53
1.22717e-05	53
1.24207e-05	53
1.25786e-05	53
1.2695e-05	53
1.31155e-05	53
1.31182e-05	53
1.32309e-05	53
1.3269e-05	53
1.33263e-05	53
1.33277e-05	53
1.35264e-05	53
1.36831e-05	53
1.37418e-05	53
1.39315e-05	53
1.4107e-05	53
1.42181e-05	53
1.43975e-05	53
1.44163e-05	53
1.44866e-05	53
1.47273e-05	53
1.47647e-05	53
1.48972e-05	53
1.49529e-05	53
1.49774e-05	53
1.52637e-05	53
1.52726e-05	53
1.54326e-05	53
1.54418e-05	53
1.5461e-05	53
1.56082e-05	53
1.58231e-05	53
1.59591e-05	53
1.61056e-05	53
1.63803e-05	53
1.65181e-05	53
1.66445e-05	53
1.66611e-05	53
1.66985e-05	53
1.71531e-05	53
1.71826e-05	53
1.72134e-05	53
1.74499e-05	53
1.76022e-05	53
1.76545e-05	53
1.77213e-05	53
1.78088e-05	53
1.80076e-05	53
1.80146e-05	53
1.80335e-05	53
1.82337e-05	53
1.8257e-05	53
1.85232e-05	53
1.85429e-05	53
1.86959e-05	53
1.88546e-05	53
1.89051e-05	53
1.89592e-05	53
1.91034e-05	53
1.91701e-05	53
1.93143e-05	53
1.94103e-05	53
1.94167e-05	53
1.94694e-05	53
1.99401e-05	53
1.99666e-05	53
1.99736e-05	53
2.00278e-05	53
2.00554e-05	53
2.02445e-05	53
2.0278e-05	53
2.02911e-05	53
2.05057e-05	53
2.10572e-05	53
2.10886e-05	53
2.11509e-05	53
2.11859e-05	53
2.12519e-05	53
2.17011e-05	53
2.19508e-05	53
2.22411e-05	53
2.23509e-05	53
2.25893e-05	53
2.26419e-05	53
2.26933e-05	53
2.28417e-05	53
2.28616e-05	53
2.28861e-05	53
2.29882e-05	53
2.31076e-05	53
2.31232e-05	53
2.32107e-05	53
2.33065e-05	53
2.35788e-05	53
2.38592e-05	53
2.39775e-05	53
2.42029e-05	53
2.45497e-05	53
2.47025e-05	53
2.48076e-05	53
2.48113e-05	53
2.49057e-05	53
2.49062e-05	53
2.50509e-05	53
2.52041e-05	53
2.52553e-05	53
2.52659e-05	53
2.53465e-05	53
2.53478e-05	53
2.56364e-05	53
2.58232e-05	53
2.58863e-05	53
2.60376e-05	53
2.60691e-05	53
2.62801e-05	53
2.68415e-05	53
2.68875e-05	53
2.70791e-05	53
2.73217e-05	53
2.75648e-05	53
2.75929e-05	53
2.76977e-05	53
2.77663e-05	53
2.77666e-05	53
2.79205e-05	53
2.79813e-05	53
2.80352e-05	53
2.80575e-05	53
2.81227e-05	53
2.82408e-05	53
2.82474e-05	53
2.83542e-05	53
2.83632e-05	53
2.83811e-05	53
2.84185e-05	53
2.84279e-05	53
2.85984e-05	53
2.86024e-05	53
2.87553e-05	53
2.87651e-05	53
2.89973e-05	53
2.90736e-05	53
2.90929e-05	53
2.91193e-05	53
2.91356e-05	53
2.93065e-05	53
2.95635e-05	53
2.96805e-05	53
2.96905e-05	53
2.99786e-05	53
3.02678e-05	53
3.04156e-05	53
3.10577e-05	53
3.10624e-05	53
3.12092e-05	53
3.13626e-05	53
3.14138e-05	53
3.14796e-05	53
3.14835e-05	53
3.15106e-05	53
3.15478e-05	53
3.1594e-05	53
3.16508e-05	53
3.20927e-05	53
3.23094e-05	53
3.24926e-05	53
3.25699e-05	53
3.26066e-05	53
3.26538e-05	53
3.27683e-05	53
3.28815e-05	53
3.28932e-05	53
3.29879e-05	53
3.30442e-05	53
3.30557e-05	53
3.30671e-05	53
3.33327e-05	53
3.33348e-05	53
3.34274e-05	53
3.36923e-05	53
3.39949e-05	53
3.42413e-05	53
3.42955e-05	53
3.46178e-05	53
3.48962e-05	53
3.49362e-05	53
3.52923e-05	53
3.54239e-05	53
3.56205e-05	53
3.583e-05	53
3.6267e-05	53
3.63185e-05	53
3.64643e-05	53
3.67191e-05	53
3.70585e-05	53
3.75271e-05	53
3.81088e-05	53
3.82709e-05	53
3.82814e-05	53
3.85507e-05	53
3.85759e-05	53
3.86093e-05	53
3.88017e-05	53
3.92608e-05	53
3.93179e-05	53
3.95336e-05	53
3.96103e-05	53
3.96287e-05	53
3.99893e-05	53
4.01425e-05	53
4.02044e-05	53
4.05384e-05	53
4.05498e-05	53
4.05728e-05	53
4.08396e-05	53
4.09771e-05	53
4.14178e-05	53
4.14664e-05	53
4.17331e-05	53
4.17873e-05	53
4.21845e-05	53
4.23246e-05	53
4.2347e-05	53
4.23981e-05	53
4.24533e-05	53
4.24935e-05	53
4.25363e-05	53
4.27275e-05	53
4.27604e-05	53
4.27747e-05	53
4.29325e-05	53
4.35168e-05	53
4.38603e-05	53
4.41742e-05	53
4.41986e-05	53
4.44897e-05	53
4.5008e-05	53
4.50099e-05	53
4.50384e-05	53
4.52131e-05	53
4.528e-05	53
4.5439e-05	53
4.55902e-05	53
4.58348e-05	53
4.59128e-05	53
4.59927e-05	53
4.601e-05	53
4.60134e-05	53
4.61815e-05	53
4.62583e-05	53
4.63484e-05	53
4.63532e-05	53
4.6483e-05	53
4.66416e-05	53
4.71491e-05	53
4.73516e-05	53
4.74183e-05	53
4.77281e-05	53
4.85651e-05	53
4.87196e-05	53
4.87474e-05	53
4.90424e-05	53
4.92383e-05	53
4.92821e-05	53
4.95457e-05	53
4.97677e-05	53
5.03296e-05	53
5.0437e-05	53
5.06614e-05	53
5.07903e-05	53
5.08212e-05	53
5.17538e-05	53
5.19996e-05	53
5.21515e-05	53
5.2276e-05	53
5.22959e-05	53
5.282e-05	53
5.28625e-05	53
5.28761e-05	53
5.31599e-05	53
5.31903e-05	53
5.33103e-05	53
5.33277e-05	53
5.3329e-05	53
5.33864e-05	53
5.34432e-05	53
5.35779e-05	53
5.39594e-05	53
5.39977e-05	53
5.45615e-05	53
5.45806e-05	53
5.45984e-05	53
5.46371e-05	53
5.47467e-05	53
5.48137e-05	53
5.48199e-05	53
5.48419e-05	53
5.49934e-05	53
5.53205e-05	53
5.54558e-05	53
5.60999e-05	53
5.62916e-05	53
5.63025e-05	53
5.68078e-05	53
5.6948e-05	53
5.74891e-05	53
5.75202e-05	53
5.78036e-05	53
5.78591e-05	53
5.81688e-05	53
5.8217e-05	53
5.84676e-05	53
5.87396e-05	53
5.89073e-05	53
5.91067e-05	53
5.91443e-05	53
5.92985e-05	53
5.94681e-05	53
5.95206e-05	53
5.96505e-05	53
5.96845e-05	53
5.97409e-05	53
5.99272e-05	53
6.00923e-05	53
6.02541e-05	53
6.02614e-05	53
6.07441e-05	53
6.07677e-05	53
6.08309e-05	53
6.15066e-05	53
6.18294e-05	53
6.23506e-05	53
6.24885e-05	53
6.28247e-05	53
6.31953e-05	53
6.3311e-05	53
6.34254e-05	53
6.34319e-05	53
6.34624e-05	53
6.39498e-05	53
6.45083e-05	53
6.45535e-05	53
6.47009e-05	53
6.48114e-05	53
6.50631e-05	53
6.53497e-05	53
6.55466e-05	53
6.59206e-05	53
6.60678e-05	53
6.65286e-05	53
6.67681e-05	53
6.67945e-05	53
6.72516e-05	53
6.73355e-05	53
6.73894e-05	53
6.74175e-05	53
6.76052e-05	53
6.77473e-05	53
6.78117e-05	53
6.78241e-05	53
6.78256e-05	53
6.7828e-05	53
6.79914e-05	53
6.80022e-05	53
6.82412e-05	53
6.82656e-05	53
6.85258e-05	53
6.85414e-05	53
6.87009e-05	53
6.88357e-05	53
6.89323e-05	53
6.90677e-05	53
6.90991e-05	53
6.92172e-05	53
6.9487e-05	53
6.97599e-05	53
6.98186e-05	53
6.98468e-05	53
7.00427e-05	53
7.04531e-05	53
7.06669e-05	53
7.07456e-05	53
7.10187e-05	53
7.16263e-05	53
7.17546e-05	53
7.20039e-05	53
7.20398e-05	53
7.22762e-05	53
7.2334e-05	53
7.25703e-05	53
7.26811e-05	53
7.28045e-05	53
7.39389e-05	53
7.39939e-05	53
7.42084e-05	53
7.42208e-05	53
7.4258e-05	53
7.42966e-05	53
7.43822e-05	53
7.43836e-05	53
7.44669e-05	53
7.46939e-05	53
7.46962e-05	53
7.48205e-05	53
7.50051e-05	53
7.50289e-05	53
7.51314e-05	53
7.5752e-05	53
7.5848e-05	53
7.58815e-05	53
7.62322e-05	53
7.62609e-05	53
7.66775e-05	53
7.68015e-05	53
7.6964e-05	53
7.74406e-05	53
7.74953e-05	53
7.7565e-05	53
7.81892e-05	53
7.83876e-05	53
7.85306e-05	53
7.87889e-05	53
7.88412e-05	53
7.88498e-05	53
7.94202e-05	53
7.9572e-05	53
8.01878e-05	53
8.03618e-05	53
8.03894e-05	53
8.05828e-05	53
8.0705e-05	53
8.10295e-05	53
8.11308e-05	53
8.12506e-05	53
8.15713e-05	53
8.15887e-05	53
8.20311e-05	53
8.20932e-05	53
8.2689e-05	53
8.2764e-05	53
8.29756e-05	53
8.30312e-05	53
8.30765e-05	53
8.36366e-05	53
8.37485e-05	53
8.38869e-05	53
8.41829e-05	53
8.47244e-05	53
8.47405e-05	53
8.50833e-05	53
8.5216e-05	53
8.54757e-05	53
8.5878e-05	53
8.59655e-05	53
8.60382e-05	53
8.61875e-05	53
8.62625e-05	53
8.63913e-05	53
8.64901e-05	53
8.66584e-05	53
8.68181e-05	53
8.69214e-05	53
8.6989e-05	53
8.73278e-05	53
8.77426e-05	53
8.80679e-05	53
8.91371e-05	53
8.92468e-05	53
8.94095e-05	53
8.99396e-05	53
9.06613e-05	53
9.09564e-05	53
9.10476e-05	53
9.12137e-05	53
9.14416e-05	53
9.15116e-05	53
9.16049e-05	53
9.16115e-05	53
9.16925e-05	53
9.17042e-05	53
9.17954e-05	53
9.19762e-05	53
9.21284e-05	53
9.24452e-05	53
9.26867e-05	53
9.26882e-05	53
9.27995e-05	53
9.28479e-05	53
9.37655e-05	53
9.39728e-05	53
9.39763e-05	53
9.40712e-05	53
9.45e-05	53
9.45703e-05	53
9.51558e-05	53
9.56515e-05	53
9.60141e-05	53
9.6015e-05	53
9.60477e-05	53
9.64745e-05	53
9.66033e-05	53
9.68574e-05	53
9.68623e-05	53
9.70505e-05	53
9.73114e-05	53
9.74251e-05	53
9.757e-05	53
9.76208e-05	53
9.82406e-05	53
9.97899e-05	53
9.98228e-05	53
9.99222e-05	53
9.99924e-05	53
0.000100065	53
0.000100166	53
0.000100929	53
0.000101903	53
0.000102342	53
0.000102771	53
0.0001031	53
0.000103521	53
0.000103593	53
0.000103978	53
0.000104033	53
0.00010404	53
0.000104367	53
0.000104425	53
0.000104612	53
0.000104643	53
0.000104709	53
0.000104764	53
0.000104874	53
0.00010499	53
0.000105306	53
0.000105491	53
0.000105904	53
0.00010593	53
0.000106338	53
0.00010638	53
0.00010672	53
0.000107013	53
0.000107293	53
0.000107474	53
0.00010868	53
0.000109007	53
0.000109243	53
0.000110181	53
0.000110217	53
0.000110518	53
0.000110808	53
0.000110976	53
0.000111006	53
0.00011108	53
0.000111171	53
0.000111425	53
0.000111662	53
0.000112433	53
0.000112655	53
0.000112864	53
0.000113091	53
0.000113379	53
0.000113659	53
0.000113887	53
0.000114324	53
0.000114336	53
0.000115031	53
0.000115371	53
0.000115488	53
0.0001156	53
0.000115665	53
0.000116014	53
0.000116159	53
0.00011807	53
0.000118418	53
0.000119091	53
0.000119165	53
0.000121052	53
0.000121066	53
0.000122365	53
0.00012256	53
0.000122667	53
0.00012333	53
0.000123576	53
0.000124047	53
0.000124393	53
0.000124508	53
0.000124848	53
0.000124853	53
0.000124912	53
0.000125167	53
0.000125207	53
0.000126521	53
0.000126552	53
0.00012672	53
0.00012675	53
0.000126759	53
0.000126801	53
0.000127017	53
0.000127142	53
0.000127579	53
0.000128511	53
0.000128774	53
0.000128852	53
0.000129735	53
0.00012982	53
0.000130036	53
0.000130148	53
0.000130701	53
0.000130805	53
0.000131024	53
0.000131147	53
0.0001312	53
0.000132747	53
0.000132897	53
0.000132988	53
0.000133112	53
0.000133488	53
0.000134861	53
0.000135135	53
0.000135357	53
0.000135567	53
0.000136001	53
0.000136424	53
0.000136684	53
0.000136698	53
0.000136746	53
0.000137122	53
0.000137282	53
0.000137615	53
0.000137721	53
0.000137889	53
0.000138456	53
0.000139243	53
0.000139479	53
0.000139567	53
0.000139732	53
0.000139881	53
0.000140072	53
0.000140284	53
0.000140318	53
0.000140633	53
0.000140688	53
0.000141003	53
0.00014209	53
0.000142152	53
0.000142169	53
0.000143213	53
0.000143823	53
0.000144114	53
0.00014515	53
0.000145255	53
0.000146744	53
0.000146793	53
0.000148007	53
0.000148196	53
0.00014846	53
0.000149087	53
0.000149254	53
0.000149825	53
0.000149986	53
0.000149997	53
0.000151288	53
0.000152173	53
0.000153073	53
0.000153793	53
0.00015472	53
0.000154955	53
0.000155107	53
0.000155296	53
0.000155803	53
0.000156315	53
0.000157009	53
0.000157275	53
0.000157325	53
0.000157417	53
0.000158314	53
0.000158472	53
0.000158682	53
0.000158858	53
0.000158999	53
0.000159847	53
0.000160599	53
0.000160662	53
0.000161787	53
0.000162416	53
0.000162927	53
0.000163162	53
0.000163583	53
0.00016417	53
0.000164252	53
0.000164663	53
0.000164879	53
0.000165193	53
0.000166493	53
0.000167214	53
0.00016852	53
0.000169025	53
0.000169215	53
0.000169646	53
0.000169912	53
0.000170055	53
0.000173411	53
0.000173597	53
0.000174012	53
0.000174354	53
0.000174376	53
0.000174836	53
0.000176554	53
0.000177296	53
0.000177956	53
0.000182635	53
0.000183098	53
0.000183606	53
0.000184033	53
0.00018439	53
0.00018444	53
0.000184556	53
0.000185274	53
0.000186465	53
0.000188717	53
0.000188911	53
0.000190125	53
0.000191064	53
0.000193762	53
0.000195726	53
0.000196508	53
0.000198678	53
0.000199317	53
0.000201895	53
0.000202104	53
0.000203698	53
0.000203757	53
0.000203857	53
0.000205651	53
0.000205735	53
0.000208875	53
0.000209835	53
0.000210612	53
0.000210727	53
0.000210967	53
0.000211247	53
0.000211617	53
0.000212179	53
0.000213163	53
0.000214996	53
0.000216126	53
0.000217543	53
0.000217577	53
0.000218017	53
0.000221164	53
0.000221442	53
0.000221481	53
0.000222109	53
0.000222741	53
0.000224632	53
0.000226055	53
0.000226784	53
0.000227098	53
0.000227183	53
0.000227961	53
0.000228217	53
0.000228514	53
0.000228897	53
0.000232552	53
0.000234758	53
0.000236428	53
0.000238163	53
0.000238602	53
0.000239363	53
0.00024083	53
0.000241552	53
0.0002423	53
0.000244917	53
0.000247146	53
0.000247463	53
0.000248745	53
0.000249794	53
0.000252052	53
0.000252221	53
0.000252279	53
0.000252483	53
0.000252495	53
0.000253211	53
0.000254842	53
0.000255186	53
0.000255474	53
0.000257873	53
0.000259563	53
0.000259895	53
0.000260347	53
0.000262582	53
0.000266283	53
0.000266318	53
0.000266534	53
0.000267973	53
0.000269842	53
0.000270104	53
0.000270716	53
0.000275977	53
0.000278677	53
0.000281525	53
0.000281681	53
0.000282314	53
0.000282426	53
0.000283917	53
0.000285027	53
0.000285067	53
0.000287168	53
0.000287807	53
0.000290979	53
0.000293025	53
0.000294013	53
0.000296623	53
0.000297263	53
0.000297442	53
0.000297558	53
0.000301756	53
0.000304159	53
0.000305974	53
0.000307366	53
0.000311319	53
0.000316856	53
0.000320227	53
0.000320742	53
0.000320806	53
0.000329845	53
0.000331812	53
0.000335362	53
0.000336424	53
0.000336825	53
0.000337575	53
0.00034018	53
0.000340874	53
0.000345427	53
0.000345769	53
0.000345889	53
0.000349493	53
0.000351189	53
0.000352569	53
0.000354087	53
0.000361115	53
0.000363508	53
0.00036566	53
0.000373137	53
0.000377108	53
0.000384808	53
0.000386901	53
0.000387938	53
0.000388604	53
0.000390848	53
0.000391754	53
0.000395747	53
0.000399961	53
0.000400111	53
0.000405942	53
0.000406743	53
0.000406833	53
0.000410224	53
0.000412744	53
0.000422823	53
0.000425231	53
0.000425728	53
0.000428843	53
0.000429158	53
0.000435765	53
0.000458401	53
0.000458427	53
0.000461525	53
0.000465436	53
0.000475335	53
0.000475973	53
0.000478832	53
0.000480748	53
0.000485468	53
0.000487723	53
0.000488673	53
0.000501386	53
0.000502123	53
0.000511278	53
0.000511707	53
0.00053736	53
0.000560871	53
0.000561547	53
0.00056873	53
0.000575778	53
0.000580178	53
0.000582189	53
0.000582791	53
0.000583592	53
0.000587653	53
0.000593096	53
0.000594025	53
0.00059885	53
0.000602759	53
0.00060606	53
0.000607396	53
0.00060924	53
0.00063174	53
0.000633771	53
0.00063625	53
0.000641876	53
0.000645947	53
0.000648094	53
0.000657027	53
0.000660501	53
0.000669131	53
0.000670739	53
0.000670908	53
0.000682274	53
0.000682366	53
0.000696775	53
0.000702445	53
0.00071471	53
0.000715337	53
0.000716754	53
0.000718792	53
0.000740579	53
0.0007475	53
0.000766016	53
0.000766269	53
0.00077825	53
0.000849246	53
0.000903444	53
0.000906076	53
0.000915278	53
0.000922092	53
0.000925531	53
0.000930815	53
0.000960765	53
0.00102075	53
0.00111221	53
0.00112671	53
0.00116466	53
0.00127317	53
0.00139086	53
0.00156418	53
0.00167356	53
0.0020392	53
0.00238325	53
0.00425827	53
0.0042599	53
0.0042602	53
0.00426424	53
0.00426585	53
0.00544782	53
0.00549818	53
0.0098158	53
0.00981583	53
0.00981586	53
0.00981589	53
0.00981589	53
0.00981631	53
0.00981641	53
0.00981659	53
0.00981668	53
0.00981673	53
0.00981689	53
0.00981717	53
0.00981719	53
0.00981747	53
0.00981747	53
0.0098175	53
0.0098176	53
0.0098178	53
0.00981789	53
0.00981794	53
0.00981812	53
0.00981815	53
0.00981816	53
0.0098182	53
0.00981821	53
0.00981832	53
0.00981867	53
0.0098196	53
0.00982094	53
0.00982154	53
0.00982388	53
0.00982778	53
0.00982789	53
0.0098309	53
0.00983277	53
0.00983343	53
0.0098461	53
0.00985308	53
0.00986897	53
0.00987124	53
0.00987786	53
0.00989259	53
0.00990096	53
0.00993328	53
0.00994077	53
0.00995961	53
0.00997037	53
0.00997922	53
0.0099942	53
0.00999654	53
0.0100435	53
0.0100451	53
0.0100497	53
0.0100715	53
0.010125	53
0.0102197	53
0.0102617	53
0.010349	53
0.0104003	53
0.0107784	53
0.0109231	53
0.0115849	53
0.0116118	53
0.0116242	53
0.0117102	53
0.0117152	53
0.011722	53
0.0117828	53
0.0117831	53
0.011784	53
0.0117841	53
0.0117863	53
0.0117888	53
0.0117943	53
0.0118014	53
0.0118259	53
0.0118281	53
0.0118869	53
0.011928	53
0.0119854	53
0.0119944	53
0.0120773	53
0.0122409	53
0.0127986	53
0.0129081	53
0.0131606	53
0.013288	53
0.0132888	53
0.0146643	53
0.0269977	53
0.0269979	53
0.026998	53
0.0269987	53
0.0269988	53
0.0269988	53
0.0269989	53
0.0269991	53
0.0269991	53
0.0269991	53
0.0269992	53
0.0269995	53
0.0269996	53
0.0269999	53
0.027	53
0.0270001	53
0.0270005	53
0.0270006	53
0.027001	53
0.0270012	53
0.0270018	53
0.0270019	53
0.0270023	53
0.0270025	53
0.0270025	53
0.0270035	53
0.0270038	53
0.0270047	53
0.0270066	53
0.0270105	53
0.0270107	53
0.0270121	53
0.0270123	53
0.0270153	53
0.027016	53
0.0270181	53
0.0270185	53
0.0270193	53
0.0270232	53
0.0270257	53
0.0270285	53
0.0270313	53
0.027032	53
0.0270328	53
0.0270341	53
0.0270419	53
0.0270433	53
0.0270438	53
0.027044	53
0.0270453	53
0.0270484	53
0.0270494	53
0.02705	53
0.027054	53
0.0270543	53
0.0270581	53
0.0270583	53
0.0270631	53
0.0270644	53
0.0270645	53
0.0270647	53
0.027065	53
0.0270658	53
0.0270665	53
0.0270704	53
0.0270728	53
0.0270768	53
0.0270782	53
0.0270799	53
0.0270804	53
0.0270841	53
0.0270851	53
0.0270866	53
0.027092	53
0.0270929	53
0.0270983	53
0.0271008	53
0.027102	53
0.0271052	53
0.0271058	53
0.0271082	53
0.02711	53
0.0271147	53
0.0271153	53
0.0271154	53
0.027125	53
0.0271284	53
0.0271287	53
0.0271394	53
0.0271395	53
0.0271411	53
0.0271483	53
0.0271491	53
0.0271513	53
0.0271515	53
0.0271529	53
0.0271552	53
0.0271575	53
0.0271603	53
0.0271695	53
0.0271866	53
0.0271868	53
0.0271977	53
0.0272074	53
0.0272174	53
0.0272177	53
0.0272362	53
0.0272402	53
0.0272503	53
0.0272514	53
0.0272557	53
0.0272562	53
0.0272675	53
0.0272762	53
0.0272861	53
0.0272881	53
0.0272928	53
0.0272952	53
0.0273027	53
0.0273131	53
0.0273259	53
0.0273454	53
0.0273466	53
0.0273485	53
0.0273606	53
0.0273785	53
0.0273855	53
0.0273968	53
0.0274233	53
0.0274366	53
0.0274538	53
0.0274671	53
0.0274758	53
0.027486	53
0.0274995	53
0.027531	53
0.0275323	53
0.0275521	53
0.0275919	53
0.0276014	53
0.0276315	53
0.0276562	53
0.0276669	53
0.0276718	53
0.0276738	53
0.0278207	53
0.0278456	53
0.027846	53
0.027912	53
0.0279638	53
0.0281294	53
0.0282016	53
0.0283132	53
0.0283254	53
0.0284318	53
0.03514	53
0.0351405	53
0.0351405	53
0.0351406	53
0.0351413	53
0.0351413	53
0.0351413	53
0.0351415	53
0.0351416	53
0.0351416	53
0.0351418	53
0.0351419	53
0.0351425	53
0.0351425	53
0.0351434	53
0.0351438	53
0.035144	53
0.035144	53
0.0351441	53
0.0351443	53
0.0351448	53
0.035145	53
0.0351451	53
0.0351452	53
0.0351456	53
0.0351458	53
0.0351461	53
0.0351486	53
0.0351499	53
0.0351502	53
0.0351516	53
0.0351558	53
0.035158	53
0.0351588	53
0.0351629	53
0.0351741	53
0.0352	53
0.0352068	53
0.0352204	53
0.0352519	53
0.0352565	53
0.0352621	53
0.0352724	53
0.0352757	53
0.0352885	53
0.0352886	53
0.0353537	53
0.0354085	53
0.035423	53
0.03554	53
0.0355983	53
0.0356086	53
0.0357364	53
0.0357377	53
0.0357407	53
0.0357421	53
0.0357423	53
0.035832	53
0.0358944	53
0.0361561	53
0.0368403	53
0.0402612	53
0.0489021	53
0.0489022	53
0.0489023	53
0.0489024	53
0.0489025	53
0.0489025	53
0.0489025	53
0.0489029	53
0.0489029	53
0.0489031	53
0.0489032	53
0.0489033	53
0.0489038	53
0.048904	53
0.0489054	53
0.0489058	53
0.0489064	53
0.0489065	53
0.0489079	53
0.048908	53
0.0489082	53
0.0489082	53
0.048909	53
0.0489139	53
0.0489151	53
0.0489152	53
0.0489175	53
0.0489179	53
0.0489234	53
0.0489283	53
0.0489295	53
0.0489349	53
0.0489469	53
0.0489604	53
0.0490113	53
0.0490144	53
0.049015	53
0.049022	53
0.0490562	53
0.0491143	53
0.04915	53
0.0491556	53
0.0491574	53
0.0491754	53
0.0492431	53
0.049306	53
0.0493222	53
0.0494549	53
0.0495301	53
0.0496446	53
0.0504678	53
0.0530334	53
0.0530336	53
0.0530338	53
0.0530345	53
0.0530356	53
0.0530385	53
0.05304	53
0.0530401	53
0.0530408	53
0.053057	53
0.0531362	53
0.053234	53
0.0532725	53
0.0556331	53
0.0556333	53
0.0556335	53
0.0557553	53
0.0558298	53
0.0600136	53
0.0600164	53
0.0600514	53
0.0600586	53
0.0636771	53
0.0636795	53
0.0636878	53
0.0636903	53
0.0637135	53
0.0702617	53
0.0702617	53
0.0702619	53
0.0702619	53
0.070262	53
0.0702624	53
0.0702626	53
0.0702628	53
0.0702631	53
0.0702636	53
0.0702641	53
0.0702641	53
0.0702647	53
0.0702647	53
0.0702653	53
0.0702663	53
0.070267	53
0.0702676	53
0.0702744	53
0.0703162	53
0.0703872	53
0.0708264	53
0.0708349	53
0.0772995	53
0.0772995	53
0.0773019	53
0.0773025	53
0.0773031	53
0.0773034	53
0.0773035	53
0.0773052	53
0.0773641	53
0.0773872	53
0.0773989	53
0.0774036	53
0.0774052	53
0.0774248	53
0.0774302	53
0.0774485	53
0.0774818	53
0.0775282	53
0.0775556	53
0.0776307	53
0.0777126	53
0.0778177	53
0.0779203	53
0.0780883	53
0.0786267	53
0.0786406	53
0.0786619	53
0.0803756	53
0.0803769	53
0.0803822	53
0.0803827	53
0.0803858	53
0.080391	53
0.0810758	53
0.0960573	53
0.0960576	53
0.0960578	53
0.096058	53
0.0960585	53
0.096059	53
0.0960594	53
0.0960597	53
0.09606	53
0.0960601	53
0.0960601	53
0.0960621	53
0.0960624	53
0.0960841	53
0.0960971	53
0.0961079	53
0.0961257	53
0.0962563	53
0.0962567	53
0.0962573	53
0.0962583	53
0.0962584	53
0.0962587	53
0.0962631	53
0.0962682	53
0.120899	53
0.1209	53
0.1209	53
0.1209	53
0.120901	53
0.120901	53
0.120902	53
0.120903	53
0.120907	53
0.120909	53
0.120917	53
0.12092	53
0.121035	53
0.124744	53
0.124752	53
0.124764	53
0.125032	53
0.125263	53
0.13054	53
0.130551	53
0.130555	53
0.136611	53
0.136614	53
0.136615	53
0.136615	53
0.136624	53
0.141825	53
0.141827	53
0.141829	53
0.14183	53
0.141834	53
0.152287	53
0.152288	53
0.152289	53
0.152295	53
0.152296	53
0.152303	53
0.152308	53
0.152319	53
0.153806	53
0.153806	53
0.153806	53
0.153811	53
0.153816	53
0.153817	53
0.153823	53
0.155258	53
0.166015	53
0.166016	53
0.166018	53
0.16602	53
0.166023	53
0.166024	53
0.166027	53
0.166032	53
0.166035	53
0.17125	53
0.171454	53
0.171463	53
0.175339	53
0.175347	53
0.175384	53
0.1765	53
0.176517	53
0.176632	53
0.18067	53
0.184223	53
0.184224	53
0.184224	53
0.184225	53
0.191284	53
0.191286	53
0.191286	53
0.191286	53
0.191287	53
0.191287	53
0.191288	53
0.191293	53
0.191294	53
0.191296	53
0.191302	53
0.191819	53
0.19734	53
0.197365	53
0.200283	53
0.200283	53
0.200294	53
0.200296	53
0.200302	53
0.20031	53
0.201633	53
0.201644	53
0.201667	53
0.212065	53
0.212067	53
0.21207	53
0.21207	53
0.212071	53
0.212071	53
0.2121	53
0.213231	53
0.213235	53
0.213236	53
0.213269	53
0.219893	53
0.219894	53
0.219898	53
0.219903	53
0.223192	53
0.223201	53
0.226054	53
0.226062	53
0.226525	53
0.226526	53
0.226541	53
0.226563	53
0.228108	53
0.228117	53
0.22813	53
0.24421	53
0.24421	53
0.24421	53
0.244212	53
0.244213	53
0.244219	53
0.244221	53
0.244228	53
0.24423	53
0.250837	53
0.250838	53
0.250841	53
0.250842	53
0.250842	53
0.250842	53
0.250843	53
0.256873	53
0.256873	53
0.256879	53
0.256928	53
0.259078	53
0.262113	53
0.262113	53
0.262113	53
0.262118	53
0.262122	53
0.270738	53
0.27074	53
0.270742	53
0.270753	53
0.270804	53
0.306275	53
0.306276	53
0.306276	53
0.306276	53
0.306277	53
0.306278	53
0.30628	53
0.306282	53
0.306283	53
0.306288	53
0.306289	53
0.306294	53
0.306301	53
0.308549	53
0.308551	53
0.308551	53
0.308553	53
0.308582	53
0.308693	53
0.30945	53
0.309463	53
0.309476	53
0.312536	53
0.312537	53
0.312542	53
0.312545	53
0.315177	53
0.317123	53
0.317128	53
0.317133	53
0.317164	53
0.325202	53
0.325203	53
0.325208	53
0.325212	53
0.325322	53
0.33052	53
0.330523	53
0.330524	53
0.330527	53
0.330541	53
0.3306	53
0.330918	53
0.331014	53
0.331015	53
0.331186	53
0.33186	53
0.332397	53
0.338406	53
0.338407	53
0.338413	53
0.338414	53
0.338416	53
0.338425	53
0.338506	53
0.34414	53
0.34414	53
0.344142	53
0.347785	53
0.347795	53
0.3478	53
0.347833	53
0.349541	53
0.349548	53
0.368165	53
0.368165	53
0.368165	53
0.368168	53
0.36817	53
0.36817	53
0.368171	53
0.368185	53
0.374258	53
0.37426	53
0.374264	53
0.374364	53
0.378261	53
0.378262	53
0.378263	53
0.37827	53
0.378287	53
0.378921	53
0.37896	53
0.37898	53
0.383311	53
0.383325	53
0.383348	53
0.383499	53
0.383502	53
0.383516	53
0.38373	53
0.383731	53
0.386978	53
0.389673	53
0.389681	53
0.389688	53
0.397117	53
0.397117	53
0.397118	53
0.397118	53
0.397119	53
0.397123	53
0.397123	53
0.397123	53
0.397124	53
0.397133	53
0.397142	53
0.397494	53
0.397499	53
0.397524	53
0.404036	53
0.404041	53
0.40406	53
0.411548	53
0.411554	53
0.411557	53
0.411563	53
0.411755	53
0.412947	53
0.412952	53
0.412987	53
0.421532	53
0.421532	53
0.421533	53
0.422047	53
0.431566	53
0.431583	53
0.431588	53
0.475151	53
0.475152	53
0.475153	53
0.475153	53
0.475154	53
0.475154	53
0.475155	53
0.475156	53
0.475156	53
0.475162	53
0.475166	53
0.475173	53
0.475262	53
0.477682	53
0.477683	53
0.477683	53
0.477684	53
0.477685	53
0.477737	53
0.477741	53
0.488782	53
0.488782	53
0.488783	53
0.488783	53
0.488784	53
0.488788	53
0.488793	53
0.48882	53
0.501737	53
0.501738	53
0.501739	53
0.501739	53
0.501746	53
0.501756	53
0.501791	53
0.506138	53
0.506138	53
0.506184	53
0.506185	53
0.506188	53
0.506195	53
0.506219	53
0.513839	53
0.513839	53
0.513842	53
0.513846	53
0.51386	53
0.528875	53
0.528876	53
0.528877	53
0.528878	53
0.528878	53
0.529067	53
0.530532	53
0.530534	53
0.53067	53
0.54154	53
0.541542	53
0.541545	53
0.541546	53
0.541551	53
0.541554	53
0.541561	53
0.541569	53
0.545231	53
0.547973	53
0.547975	53
0.547979	53
0.547985	53
0.548103	53
0.550657	53
0.55066	53
0.551524	53
0.551529	53
0.551532	53
0.567446	53
0.567446	53
0.567447	53
0.567449	53
0.56745	53
0.567452	53
0.567454	53
0.567455	53
0.567456	53
0.567507	53
0.572412	53
0.578662	53
0.578662	53
0.578662	53
0.578663	53
0.578671	53
0.578707	53
0.580622	53
0.580624	53
0.580636	53
0.580737	53
0.586544	53
0.586545	53
0.593253	53
0.593265	53
0.59327	53
0.593315	53
0.609764	53
0.609764	53
0.609765	53
0.609769	53
0.609769	53
0.609776	53
0.609777	53
0.60979	53
0.609808	53
0.610257	53
0.610261	53
0.610264	53
0.610282	53
0.628341	53
0.628341	53
0.628343	53
0.628343	53
0.628344	53
0.628345	53
0.62875	53
0.631568	53
0.632392	53
0.632401	53
0.636317	53
0.636317	53
0.636336	53
0.645754	53
0.645761	53
0.645767	53
0.645768	53
0.645785	53
0.647696	53
0.64772	53
0.649865	53
0.649869	53
0.649874	53
0.649901	53
0.650249	53
0.653111	53
0.653117	53
0.653117	53
0.65312	53
0.653163	53
0.660539	53
0.66054	53
0.660542	53
0.660543	53
0.66056	53
0.662569	53
0.662574	53
0.662574	53
0.662578	53
0.662579	53
0.671643	53
0.671643	53
0.671649	53
0.671679	53
0.672325	53
0.672334	53
0.673099	53
0.673147	53
0.673281	53
0.673281	53
0.673281	53
0.673293	53
0.673352	53
0.6744	53
0.674404	53
0.674418	53
0.674427	53
0.67552	53
0.675558	53
0.675662	53
0.681295	53
0.681297	53
0.681307	53
0.681308	53
0.681328	53
0.692485	53
0.692487	53
0.692492	53
0.692498	53
0.692515	53
0.69627	53
0.696273	53
0.696276	53
0.696294	53
0.701884	53
0.701901	53
0.719255	53
0.719256	53
0.719257	53
0.719258	53
0.719262	53
0.719262	53
0.719267	53
0.733182	53
0.733183	53
0.733183	53
0.733186	53
0.733191	53
0.733192	53
0.733192	53
0.733959	53
0.744317	53
0.744318	53
0.744319	53
0.74432	53
0.74435	53
0.748721	53
0.748722	53
0.748724	53
0.748726	53
0.74888	53
0.751853	53
0.751863	53
0.751864	53
0.753425	53
0.753428	53
0.761451	53
0.761457	53
0.761458	53
0.76146	53
0.761467	53
0.774306	53
0.77431	53
0.774313	53
0.774315	53
0.774315	53
0.774315	53
0.774319	53
0.77432	53
0.774403	53
0.775213	53
0.775219	53
0.775223	53
0.775238	53
0.77524	53
0.775581	53
0.775581	53
0.775584	53
0.788092	53
0.788094	53
0.788097	53
0.788106	53
0.792769	53
0.79277	53
0.792775	53
0.792777	53
0.792786	53
0.792851	53
0.793998	53
0.796321	53
0.796323	53
0.796328	53
0.796499	53
0.796501	53
0.796505	53
0.796521	53
0.796522	53
0.797255	53
0.797256	53
0.79727	53
0.797321	53
0.79829	53
0.798297	53
0.798302	53
0.798327	53
0.803142	53
0.803148	53
0.803189	53
0.804927	53
0.804931	53
0.804932	53
0.812414	53
0.812419	53
0.812421	53
0.812441	53
0.82248	53
0.82248	53
0.822485	53
0.822486	53
0.822489	53
0.822489	53
0.822491	53
0.822495	53
0.822505	53
0.822533	53
0.823174	53
0.823181	53
0.823334	53
0.826154	53
0.826155	53
0.826194	53
0.847409	53
0.847411	53
0.847411	53
0.847412	53
0.847413	53
0.847413	53
0.847413	53
0.847413	53
0.847413	53
0.849184	53
0.867191	53
0.867191	53
0.867194	53
0.867198	53
0.867205	53
0.867214	53
0.869608	53
0.869608	53
0.86961	53
0.869611	53
0.869633	53
0.879131	53
0.879132	53
0.879137	53
0.879141	53
0.90121	53
0.901212	53
0.901215	53
0.901215	53
0.901221	53
0.901227	53
0.901231	53
0.905325	53
0.905334	53
0.90537	53
0.907477	53
0.907498	53
0.907501	53
0.90766	53
0.920003	53
0.920003	53
0.920004	53
0.920005	53
0.920005	53
0.92001	53
0.920018	53
0.920024	53
0.920024	53
0.92013	53
0.922303	53
0.922307	53
0.926761	53
0.931242	53
0.931245	53
0.931245	53
0.931258	53
0.939201	53
0.939202	53
0.939202	53
0.939204	53
0.939223	53
0.939564	53
0.939564	53
0.942193	53
0.942194	53
0.942197	53
0.942207	53
0.942217	53
0.94496	53
0.944961	53
0.944984	53
0.957504	53
0.957506	53
0.957508	53
0.957509	53
0.957516	53
0.957516	53
0.957522	53
0.958773	53
0.959892	53
0.959893	53
0.959897	53
0.959902	53
0.988208	53
0.988208	53
0.988209	53
0.988209	53
0.98821	53
0.98821	53
0.988211	53
0.988214	53
0.988231	53
0.993527	53
0.993531	53
0.993547	53
0.99885	53
0.998858	53
0.998859	53
1.00001	53
1.00001	53
1.00001	53
1.01018	53
1.01018	53
1.01018	53
1.01019	53
1.01035	53
1.01634	53
1.01635	53
1.01635	53
1.01643	53
1.02909	53
1.0291	53
1.02911	53
1.02914	53
1.03637	53
1.03637	53
1.03637	53
1.03639	53
1.0368	53
1.03915	53
1.03918	53
1.03934	53
1.04639	53
1.04639	53
1.0464	53
1.04641	53
1.04984	53
1.04985	53
1.04987	53
1.05039	53
1.05039	53
1.0504	53
1.05081	53
1.05081	53
1.05082	53
1.05223	53
1.05225	53
1.05238	53
1.05258	53
1.0526	53
1.05716	53
1.05716	53
1.05716	53
1.05717	53
1.05719	53
1.0572	53
1.0572	53
1.05977	53
1.05978	53
1.05979	53
1.0598	53
1.06177	53
1.06177	53
1.06189	53
1.08552	53
1.08552	53
1.08552	53
1.08552	53
1.08553	53
1.08553	53
1.08553	53
1.08553	53
1.08562	53
1.08731	53
1.08731	53
1.08736	53
1.08736	53
1.08768	53
1.0969	53
1.0969	53
1.09691	53
1.09692	53
1.09935	53
1.09936	53
1.11491	53
1.11491	53
1.11492	53
1.11492	53
1.11493	53
1.11493	53
1.11496	53
1.11704	53
1.11704	53
1.11704	53
1.12138	53
1.12139	53
1.12139	53
1.12246	53
1.13162	53
1.13163	53
1.13163	53
1.13163	53
1.13173	53
1.13186	53
1.13187	53
1.13188	53
1.1319	53
1.14221	53
1.14221	53
1.14222	53
1.14223	53
1.14223	53
1.14462	53
1.14468	53
1.14469	53
1.14469	53
1.145	53
1.14534	53
1.1528	53
1.1528	53
1.1528	53
1.15282	53
1.15282	53
1.16053	53
1.16053	53
1.16053	53
1.16054	53
1.16054	53
1.16054	53
1.16055	53
1.1689	53
1.1689	53
1.16891	53
1.16892	53
1.17164	53
1.18738	53
1.18738	53
1.18738	53
1.18738	53
1.18738	53
1.18738	53
1.1874	53
1.19002	53
1.19004	53
1.19005	53
1.19689	53
1.19689	53
1.19689	53
1.1969	53
1.1969	53
1.19692	53
1.19692	53
1.19876	53
1.19879	53
1.1988	53
1.20189	53
1.20189	53
1.20196	53
1.20252	53
1.20252	53
1.20253	53
1.21701	53
1.21717	53
1.22205	53
1.22227	53
1.22238	53
1.22243	53
1.22245	53
1.22245	53
1.22306	53
1.2245	53
1.2245	53
1.22451	53
1.22478	53
1.22519	53
1.22519	53
1.2252	53
1.22524	53
1.24001	53
1.24002	53
1.24002	53
1.24002	53
1.24003	53
1.2407	53
1.25936	53
1.25936	53
1.25936	53
1.25936	53
1.25936	53
1.25936	53
1.25937	53
1.25937	53
1.25937	53
1.27606	53
1.27607	53
1.27607	53
1.27607	53
1.27607	53
1.27616	53
1.28296	53
1.28297	53
1.28297	53
1.283	53
1.28375	53
1.29457	53
1.29457	53
1.29458	53
1.29458	53
1.29467	53
1.29568	53
1.29568	53
1.29572	53
1.29665	53
1.29666	53
1.29671	53
1.304	53
1.30403	53
1.30786	53
1.30786	53
1.30786	53
1.30786	53
1.30786	53
1.32113	53
1.32113	53
1.32113	53
1.32113	53
1.32113	53
1.32113	53
1.32113	53
1.32114	53
1.32118	53
1.32275	53
1.34058	53
1.34058	53
1.34059	53
1.34059	53
1.34159	53
1.34159	53
1.3416	53
1.34161	53
1.34223	53
1.34223	53
1.34224	53
1.34224	53
1.34883	53
1.34883	53
1.34883	53
1.34884	53
1.34884	53
1.3535	53
1.36417	53
1.36417	53
1.36418	53
1.3645	53
1.3645	53
1.36451	53
1.36458	53
1.38506	53
1.38506	53
1.38506	53
1.38506	53
1.38506	53
1.38506	53
1.38507	53
1.38507	53
1.38508	53
1.38855	53
1.38856	53
1.39198	53
1.392	53
1.392	53
1.40385	53
1.40385	53
1.40386	53
1.40386	53
1.40386	53
1.40388	53
1.40953	53
1.40953	53
1.40954	53
1.41719	53
1.4172	53
1.4172	53
1.4172	53
1.42327	53
1.42327	53
1.42327	53
1.42327	53
1.42327	53
1.42327	53
1.42429	53
1.42429	53
1.42429	53
1.4243	53
1.4243	53
1.42446	53
1.42782	53
1.42783	53
1.42786	53
1.4281	53
1.4281	53
1.4281	53
1.45121	53
1.45121	53
1.45121	53
1.45121	53
1.45121	53
1.45122	53
1.45122	53
1.4513	53
1.4547	53
1.4547	53
1.45471	53
1.4551	53
1.4551	53
1.45511	53
1.4623	53
1.46231	53
1.46237	53
1.4641	53
1.4641	53
1.46411	53
1.46412	53
1.46782	53
1.46782	53
1.46783	53
1.46784	53
1.46793	53
1.47401	53
1.47401	53
1.47409	53
1.47623	53
1.47623	53
1.47625	53
1.47626	53
1.49651	53
1.49651	53
1.49651	53
1.49652	53
1.51137	53
1.51137	53
1.51137	53
1.51137	53
1.51137	53
1.51137	53
1.51138	53
1.51138	53
1.51138	53
1.51138	53
1.51138	53
1.51141	53
1.52337	53
1.52341	53
1.52945	53
1.52945	53
1.52946	53
1.52946	53
1.52998	53
1.53112	53
1.53112	53
1.53121	53
1.55126	53
1.55126	53
1.55126	53
1.55127	53
1.55127	53
1.55148	53
1.55635	53
1.55636	53
1.55637	53
1.55644	53
1.56425	53
1.56425	53
1.56425	53
1.56427	53
1.56428	53
1.58383	53
1.58383	53
1.58383	53
1.58383	53
1.58383	53
1.58384	53
1.58385	53
1.58409	53
1.58424	53
1.59909	53
1.59909	53
1.59909	53
1.59909	53
1.5991	53
1.59911	53
1.60106	53
1.60108	53
1.60182	53
1.60183	53
1.60183	53
1.60185	53
1.60696	53
1.60696	53
1.60697	53
1.60701	53
1.61398	53
1.61398	53
1.61399	53
1.61399	53
1.614	53
1.6344	53
1.6344	53
1.6344	53
1.6344	53
1.6344	53
1.63441	53
1.63442	53
1.63595	53
1.63595	53
1.63595	53
1.63596	53
1.63596	53
1.63598	53
1.64514	53
1.64515	53
1.64515	53
1.64517	53
1.64855	53
1.64855	53
1.64857	53
1.6486	53
1.6506	53
1.65084	53
1.65574	53
1.65575	53
1.65576	53
1.65576	53
1.65578	53
1.6563	53
1.65632	53
1.65633	53
1.65633	53
1.65633	53
1.66776	53
1.66777	53
1.66777	53
1.66778	53
1.66945	53
1.67513	53
1.67513	53
1.67513	53
1.67515	53
1.67518	53
1.68036	53
1.68036	53
1.6804	53
1.68525	53
1.68525	53
1.68525	53
1.68526	53
1.68829	53
1.68829	53
1.68829	53
1.68829	53
1.68838	53
1.69047	53
1.69047	53
1.69048	53
1.69346	53
1.69346	53
1.69347	53
1.69347	53
1.69347	53
1.69432	53
1.69465	53
1.69504	53
1.69703	53
1.69703	53
1.69703	53
1.69712	53
1.71977	53
1.71977	53
1.71977	53
1.71977	53
1.71978	53
1.71995	53
1.73098	53
1.73099	53
1.73099	53
1.731	53
1.73105	53
1.7374	53
1.7374	53
1.73741	53
1.74324	53
1.74324	53
1.74324	53
1.74327	53
1.76022	53
1.76023	53
1.76023	53
1.76031	53
1.76189	53
1.76189	53
1.76189	53
1.7619	53
1.7619	53
1.78066	53
1.78066	53
1.78066	53
1.78066	53
1.78066	53
1.78066	53
1.78067	53
1.78067	53
1.78067	53
1.78067	53
1.78093	53
1.78167	53
1.78167	53
1.78167	53
1.78192	53
1.78551	53
1.78551	53
1.78552	53
1.78554	53
1.78555	53
1.79325	53
1.79326	53
1.79326	53
1.79327	53
1.79327	53
1.79328	53
1.79334	53
1.79446	53
1.79446	53
1.79448	53
1.829	53
1.82901	53
1.82901	53
1.82901	53
1.82901	53
1.82901	53
1.82901	53
1.82902	53
1.82902	53
1.82903	53
1.83094	53
1.83187	53
1.83187	53
1.83196	53
1.84705	53
1.84705	53
1.84705	53
1.84705	53
1.84705	53
1.84705	53
1.84705	53
1.84712	53
1.87445	53
1.87446	53
1.87446	53
1.87447	53
1.88686	53
1.88686	53
1.88688	53
1.88688	53
1.88747	53
1.90616	53
1.90616	53
1.90616	53
1.90616	53
1.90617	53
1.90617	53
1.90617	53
1.90617	53
1.90618	53
1.90618	53
1.90625	53
1.91916	53
1.91916	53
1.91917	53
1.93003	53
1.93004	53
1.93005	53
1.93007	53
1.93369	53
1.93369	53
1.93371	53
1.93686	53
1.93687	53
1.93687	53
1.93815	53
1.93816	53
1.93823	53
1.93896	53
1.93898	53
1.93898	53
1.939	53
1.9425	53
1.94251	53
1.94252	53
1.94254	53
1.9426	53
1.94589	53
1.9459	53
1.9459	53
1.94597	53
1.95113	53
1.95113	53
1.95114	53
1.95115	53
1.95116	53
1.96066	53
1.96066	53
1.96066	53
1.96206	53
1.96963	53
1.96963	53
1.96965	53
1.9705	53
1.97128	53
1.9713	53
1.9713	53
1.97227	53
1.9739	53
1.9739	53
1.97391	53
1.97391	53
1.97391	53
1.97391	53
1.97399	53
1.97587	53
1.97587	53
1.97588	53
1.97589	53
1.97806	53
1.97806	53
1.97807	53
1.985	53
1.985	53
1.98504	53
1.99355	53
1.99356	53
1.99356	53
1.99356	53
1.99359	53
1.99372	53
1.99436	53
1.99437	53
1.99439	53
1.99535	53
1.99536	53
1.9954	53
2.00217	53
2.00217	53
2.00217	53
2.00458	53
2.01394	53
2.01395	53
2.01397	53
2.01414	53
2.01946	53
2.01946	53
2.01946	53
2.01947	53
2.01947	53
2.01997	53
2.03507	53
2.03507	53
2.03507	53
2.03508	53
2.03508	53
2.03508	53
2.03509	53
2.0351	53
2.03591	53
2.05008	53
2.05008	53
2.05011	53
2.05012	53
2.05014	53
2.05031	53
2.05354	53
2.05355	53
2.05616	53
2.05616	53
2.05616	53
2.05616	53
2.05617	53
2.05744	53
2.05744	53
2.05821	53
2.05821	53
2.05822	53
2.06101	53
2.06473	53
2.06473	53
2.06479	53
2.06505	53
2.06505	53
2.06506	53
2.06506	53
2.06729	53
2.06729	53
2.06732	53
2.07028	53
2.07028	53
2.0703	53
2.07862	53
2.07862	53
2.07863	53
2.09374	53
2.09374	53
2.09374	53
2.09375	53
2.09375	53
2.09377	53
2.09377	53
2.10009	53
2.10009	53
2.10009	53
2.10009	53
2.10011	53
2.10011	53
2.10016	53
2.11012	53
2.11012	53
2.11013	53
2.11013	53
2.11013	53
2.11013	53
2.11014	53
2.11448	53
2.11454	53
2.11606	53
2.12942	53
2.12942	53
2.12942	53
2.12942	53
2.12943	53
2.12943	53
2.12943	53
2.14924	53
2.14925	53
2.14925	53
2.14925	53
2.14927	53
2.16564	53
2.16564	53
2.16564	53
2.16564	53
2.16565	53
2.16567	53
2.16568	53
2.16582	53
2.17068	53
2.1707	53
2.1795	53
2.1795	53
2.17951	53
2.17951	53
2.19693	53
2.19693	53
2.19693	53
2.19694	53
2.19695	53
2.19695	53
2.19695	53
2.20312	53
2.20312	53
2.20313	53
2.20314	53
2.20762	53
2.20762	53
2.20764	53
2.20764	53
2.21396	53
2.21396	53
2.21397	53
2.2326	53
2.2326	53
2.2326	53
2.2326	53
2.23262	53
2.24052	53
2.24052	53
2.24054	53
2.242	53
2.2421	53
2.24227	53
2.2463	53
2.2463	53
2.2463	53
2.2463	53
2.2477	53
2.24771	53
2.24772	53
2.24772	53
2.24772	53
2.2504	53
2.25041	53
2.25042	53
2.25043	53
2.2514	53
2.2514	53
2.25141	53
2.25143	53
2.25143	53
2.27133	53
2.27134	53
2.27134	53
2.27134	53
2.27134	53
2.27135	53
2.27588	53
2.27589	53
2.27589	53
2.27589	53
2.27589	53
2.28452	53
2.28452	53
2.28456	53
2.28457	53
2.28841	53
2.28842	53
2.28843	53
2.28845	53
2.29621	53
2.29621	53
2.29621	53
2.30414	53
2.30414	53
2.30414	53
2.30415	53
2.30416	53
2.30668	53
2.30668	53
2.30668	53
2.30668	53
2.30668	53
2.30668	53
2.30669	53
2.30673	53
2.30966	53
2.30966	53
2.30967	53
2.3097	53
2.31158	53
2.31179	53
2.31179	53
2.31179	53
2.32413	53
2.32414	53
2.32414	53
2.32415	53
2.32416	53
2.32426	53
2.32859	53
2.32861	53
2.32861	53
2.32872	53
2.3475	53
2.3475	53
2.3475	53
2.3475	53
2.3475	53
2.34751	53
2.34751	53
2.34753	53
2.36887	53
2.36887	53
2.36888	53
2.36888	53
2.36891	53
2.36893	53
2.37131	53
2.37565	53
2.37567	53
2.38187	53
2.38187	53
2.38189	53
2.38189	53
2.38667	53
2.38667	53
2.38667	53
2.38668	53
2.38668	53
2.38668	53
2.38668	53
2.38709	53
2.4125	53
2.4125	53
2.4125	53
2.4125	53
2.4125	53
2.41251	53
2.41252	53
2.41253	53
2.41255	53
2.41553	53
2.41554	53
2.41555	53
2.41557	53
2.41748	53
2.4175	53
2.41752	53
2.42071	53
2.42071	53
2.42073	53
2.42074	53
2.43107	53
2.43107	53
2.43108	53
2.4311	53
2.4352	53
2.43521	53
2.43524	53
2.43853	53
2.43853	53
2.43853	53
2.43853	53
2.43855	53
2.44955	53
2.44955	53
2.44955	53
2.44956	53
2.47455	53
2.47455	53
2.47455	53
2.47455	53
2.47455	53
2.47455	53
2.47455	53
2.47455	53
2.47458	53
2.47462	53
2.47656	53
2.47658	53
2.47661	53
2.518	53
2.518	53
2.518	53
2.518	53
2.518	53
2.518	53
2.51801	53
2.51801	53
2.51802	53
2.51815	53
2.52076	53
2.52076	53
2.52077	53
2.52403	53
2.52405	53
2.52406	53
2.52995	53
2.52996	53
2.52996	53
2.52997	53
2.57793	53
2.57793	53
2.57793	53
2.57793	53
2.57794	53
2.57794	53
2.57794	53
2.57798	53
2.57803	53
2.58397	53
2.58399	53
2.58416	53
2.58576	53
2.58608	53
2.5862	53
2.59574	53
2.59574	53
2.5958	53
2.60804	53
2.60805	53
2.60805	53
2.60807	53
2.60807	53
2.60809	53
2.61946	53
2.61946	53
2.61947	53
2.6195	53
2.61965	53
2.63125	53
2.63125	53
2.63125	53
2.63125	53
2.63126	53
2.63126	53
2.63128	53
2.63507	53
2.63507	53
2.63508	53
2.63518	53
2.63576	53
2.63576	53
2.63578	53
2.63878	53
2.63878	53
2.63878	53
2.63879	53
2.63892	53
2.6481	53
2.67116	53
2.67116	53
2.67116	53
2.67116	53
2.67116	53
2.67116	53
2.67116	53
2.67116	53
2.67116	53
2.67118	53
2.67123	53
2.67366	53
2.67366	53
2.67367	53
2.67368	53
2.68806	53
2.68807	53
2.68808	53
2.68808	53
2.68811	53
2.68836	53
2.69055	53
2.69056	53
2.69057	53
2.69058	53
2.70817	53
2.70817	53
2.70817	53
2.70818	53
2.70819	53
2.70823	53
2.71695	53
2.71696	53
2.71696	53
2.71696	53
2.71696	53
2.71697	53
2.71698	53
2.71699	53
2.7253	53
2.7253	53
2.7253	53
2.72531	53
2.72532	53
2.73016	53
2.73016	53
2.73017	53
2.73023	53
2.73145	53
2.73145	53
2.73154	53
2.74105	53
2.74105	53
2.74105	53
2.74105	53
2.74105	53
2.7411	53
2.74436	53
2.74516	53
2.75508	53
2.75508	53
2.75508	53
2.75508	53
2.75509	53
2.75513	53
2.75846	53
2.75852	53
2.75857	53
2.78106	53
2.78106	53
2.78106	53
2.78107	53
2.78107	53
2.78107	53
2.7811	53
2.78713	53
2.78713	53
2.78715	53
2.79832	53
2.79835	53
2.79837	53
2.80302	53
2.80303	53
2.80303	53
2.80303	53
2.80304	53
2.80304	53
2.80304	53
2.80304	53
2.80307	53
2.80334	53
2.82608	53
2.82608	53
2.82608	53
2.82608	53
2.82608	53
2.82609	53
2.8261	53
2.82612	53
2.82618	53
2.84137	53
2.84137	53
2.84149	53
2.85347	53
2.85347	53
2.85347	53
2.85349	53
2.85468	53
2.85468	53
2.86907	53
2.86907	53
2.86907	53
2.86907	53
2.86908	53
2.86908	53
2.87712	53
2.87712	53
2.87712	53
2.87712	53
2.87713	53
2.87713	53
2.89056	53
2.89056	53
2.89056	53
2.89058	53
2.89059	53
2.8906	53
2.90528	53
2.90529	53
2.90529	53
2.90531	53
2.91383	53
2.91384	53
2.91384	53
2.91385	53
2.91387	53
2.91503	53
2.91504	53
2.91505	53
2.91505	53
2.92755	53
2.92756	53
2.92757	53
2.92758	53
2.92759	53
2.93079	53
2.9308	53
2.93105	53
2.93264	53
2.93265	53
2.93266	53
2.94047	53
2.94049	53
2.94049	53
2.94332	53
2.95344	53
2.95344	53
2.95344	53
2.95345	53
2.95345	53
2.95345	53
2.95345	53
2.95351	53
2.9549	53
2.9549	53
2.9549	53
2.96117	53
2.96117	53
2.96117	53
2.96119	53
2.96476	53
2.96477	53
2.96478	53
2.96637	53
2.96638	53
2.9664	53
2.98319	53
2.98319	53
2.98319	53
2.98319	53
2.98319	53
2.98319	53
2.98319	53
2.9832	53
2.98338	53
3.00259	53
3.00259	53
3.00259	53
3.00259	53
3.0026	53
3.00262	53
3.00264	53
3.02893	53
3.02893	53
3.02893	53
3.02893	53
3.02894	53
3.02894	53
3.02895	53
3.03312	53
3.03312	53
3.03312	53
3.03477	53
3.03478	53
3.04044	53
3.04046	53
3.04048	53
3.04255	53
3.04255	53
3.04255	53
3.04256	53
3.04256	53
3.04265	53
3.0683	53
3.0683	53
3.0683	53
3.0683	53
3.0683	53
3.0683	53
3.06831	53
3.06831	53
3.06831	53
3.06842	53
3.08006	53
3.08006	53
3.08006	53
3.08011	53
3.082	53
3.082	53
3.08201	53
3.08212	53
3.08805	53
3.08961	53
3.08961	53
3.08961	53
3.08962	53
3.08962	53
3.08963	53
3.09964	53
3.09964	53
3.09965	53
3.09969	53
3.10054	53
3.10908	53
3.10908	53
3.10908	53
3.10909	53
3.11066	53
3.11299	53
3.11299	53
3.11303	53
3.11468	53
3.11468	53
3.11468	53
3.11469	53
3.11469	53
3.1191	53
3.12301	53
3.12301	53
3.12301	53
3.12308	53
3.13847	53
3.13847	53
3.13848	53
3.13848	53
3.13849	53
3.13851	53
3.13857	53
3.13861	53
3.14919	53
3.14919	53
3.1492	53
3.14924	53
3.16141	53
3.16141	53
3.16141	53
3.16141	53
3.16141	53
3.16141	53
3.16143	53
3.16143	53
3.16144	53
3.16579	53
3.16579	53
3.1658	53
3.1658	53
3.18256	53
3.18256	53
3.18256	53
3.18257	53
3.18257	53
3.18258	53
3.18261	53
3.19199	53
3.19199	53
3.19199	53
3.19199	53
3.19199	53
3.19199	53
3.192	53
3.19221	53
3.20096	53
3.20097	53
3.20097	53
3.20098	53
3.20116	53
3.20615	53
3.20616	53
3.20616	53
3.20626	53
3.24265	53
3.24265	53
3.24265	53
3.24265	53
3.24267	53
3.24273	53
3.24762	53
3.24762	53
3.24763	53
3.24764	53
3.2574	53
3.2574	53
3.2574	53
3.2574	53
3.25741	53
3.25742	53
3.2579	53
3.2579	53
3.25791	53
3.26368	53
3.26368	53
3.26369	53
3.2637	53
3.26378	53
3.26378	53
3.26379	53
3.26398	53
3.26403	53
3.26405	53
3.27136	53
3.27152	53
3.2717	53
3.2717	53
3.27205	53
3.27349	53
3.27349	53
3.27361	53
3.27387	53
3.27523	53
3.27523	53
3.28454	53
3.28454	53
3.28454	53
3.28454	53
3.28455	53
3.2846	53
3.2855	53
3.29592	53
3.29592	53
3.29615	53
3.31446	53
3.31446	53
3.31446	53
3.31446	53
3.31446	53
3.31447	53
3.31448	53
3.31448	53
3.31451	53
3.32205	53
3.32205	53
3.32206	53
3.32404	53
3.32405	53
3.32405	53
3.32406	53
3.32741	53
3.32742	53
3.32743	53
3.32743	53
3.32744	53
3.32746	53
3.33404	53
3.33404	53
3.33404	53
3.33404	53
3.33404	53
3.33406	53
3.33411	53
3.33534	53
3.33534	53
3.33534	53
3.33536	53
3.35688	53
3.35688	53
3.35689	53
3.35689	53
3.3569	53
3.35691	53
3.35692	53
3.35704	53
3.35704	53
3.35707	53
3.38605	53
3.38605	53
3.38605	53
3.38605	53
3.38605	53
3.38606	53
3.38607	53
3.38607	53
3.38611	53
3.38783	53
3.38784	53
3.3879	53
3.39543	53
3.39543	53
3.39543	53
3.39543	53
3.39544	53
3.39696	53
3.39716	53
3.40326	53
3.40327	53
3.40327	53
3.40329	53
3.40351	53
3.45308	53
3.45308	53
3.45308	53
3.45308	53
3.45308	53
3.4531	53
3.4531	53
3.4531	53
3.4531	53
3.45312	53
3.45313	53
3.45761	53
3.45761	53
3.45771	53
3.47442	53
3.47442	53
3.47443	53
3.47444	53
3.47444	53
3.47445	53
3.47479	53
3.48047	53
3.49723	53
3.49723	53
3.49723	53
3.49723	53
3.49723	53
3.49724	53
3.49724	53
3.49725	53
3.49725	53
3.49729	53
3.49941	53
3.50457	53
3.50459	53
3.50464	53
3.51386	53
3.51387	53
3.51388	53
3.51388	53
3.5139	53
3.51469	53
3.5147	53
3.51471	53
3.52589	53
3.52589	53
3.5259	53
3.52592	53
3.52599	53
3.52885	53
3.52886	53
3.52895	53
3.56166	53
3.56166	53
3.56166	53
3.56166	53
3.56166	53
3.56166	53
3.56166	53
3.56166	53
3.5617	53
3.56171	53
3.56171	53
3.56543	53
3.56543	53
3.56606	53
3.56828	53
3.57168	53
3.5717	53
3.57649	53
3.5765	53
3.5765	53
3.57651	53
3.58972	53
3.58972	53
3.58972	53
3.58972	53
3.58972	53
3.58973	53
3.58974	53
3.60513	53
3.60513	53
3.60513	53
3.60514	53
3.60515	53
3.60516	53
3.60534	53
3.61784	53
3.61784	53
3.61784	53
3.61785	53
3.61785	53
3.61785	53
3.61815	53
3.62113	53
3.62113	53
3.62137	53
3.62711	53
3.62711	53
3.62711	53
3.62711	53
3.62712	53
3.62716	53
3.63218	53
3.6322	53
3.64666	53
3.64666	53
3.64668	53
3.6467	53
3.65765	53
3.65765	53
3.65765	53
3.65766	53
3.65766	53
3.66053	53
3.66054	53
3.66055	53
3.66055	53
3.66055	53
3.66086	53
3.66161	53
3.66162	53
3.66206	53
3.66835	53
3.68744	53
3.68744	53
3.68745	53
3.68745	53
3.68745	53
3.68746	53
3.69002	53
3.69002	53
3.69003	53
3.70024	53
3.70024	53
3.70024	53
3.70024	53
3.70025	53
3.70025	53
3.70031	53
3.70475	53
3.70476	53
3.70476	53
3.70477	53
3.70478	53
3.72233	53
3.72233	53
3.72233	53
3.72233	53
3.72233	53
3.72234	53
3.72237	53
3.73299	53
3.733	53
3.733	53
3.733	53
3.73301	53
3.73301	53
3.73302	53
3.73309	53
3.7433	53
3.7433	53
3.74331	53
3.74331	53
3.74332	53
3.74344	53
3.76207	53
3.76207	53
3.76208	53
3.7621	53
3.76211	53
3.78512	53
3.78512	53
3.78512	53
3.78512	53
3.78514	53
3.78517	53
3.7852	53
3.7936	53
3.79362	53
3.79362	53
3.79363	53
3.79756	53
3.79758	53
3.79758	53
3.80564	53
3.80565	53
3.80565	53
3.80716	53
3.80716	53
3.80718	53
3.8219	53
3.8219	53
3.82191	53
3.82191	53
3.82192	53
3.82192	53
3.82464	53
3.82466	53
3.82469	53
3.82624	53
3.82624	53
3.82624	53
3.82624	53
3.83123	53
3.83123	53
3.83124	53
3.83126	53
3.83127	53
3.83575	53
3.83579	53
3.83585	53
3.83586	53
3.83767	53
3.83767	53
3.83768	53
3.83769	53
3.83937	53
3.83938	53
3.8394	53
3.83943	53
3.83972	53
3.84273	53
3.84273	53
3.84273	53
3.84274	53
3.8438	53
3.84594	53
3.84595	53
3.84597	53
3.85999	53
3.85999	53
3.86013	53
3.88005	53
3.88005	53
3.88005	53
3.88005	53
3.88005	53
3.88005	53
3.88005	53
3.88006	53
3.88006	53
3.88006	53
3.88006	53
3.88006	53
3.88236	53
3.8841	53
3.88411	53
3.88411	53
3.88415	53
3.88925	53
3.88925	53
3.88925	53
3.88925	53
3.88939	53
3.89269	53
3.89308	53
3.89311	53
3.89495	53
3.89495	53
3.89499	53
3.90544	53
3.90545	53
3.90545	53
3.90554	53
3.90776	53
3.90776	53
3.9078	53
3.91909	53
3.9191	53
3.9191	53
3.9191	53
3.91911	53
3.91913	53
3.91914	53
3.91984	53
3.92907	53
3.92907	53
3.92907	53
3.92908	53
3.92909	53
3.92909	53
3.92913	53
3.93434	53
3.93437	53
3.93438	53
3.9512	53
3.9512	53
3.9512	53
3.9512	53
3.95121	53
3.95121	53
3.95122	53
3.95122	53
3.95126	53
3.95131	53
3.95153	53
3.95153	53
3.95241	53
3.96087	53
3.96089	53
3.96094	53
3.97268	53
3.97268	53
3.97268	53
3.97271	53
3.97272	53
3.97335	53
3.97335	53
3.97336	53
3.97877	53
3.97878	53
3.97878	53
3.97879	53
3.9788	53
3.97881	53
3.97893	53
3.97893	53
3.97894	53
3.97895	53
3.98009	53
3.99062	53
3.99062	53
3.99062	53
3.99062	53
3.99062	53
3.99063	53
3.991	53
4.00311	53
4.00312	53
4.00312	53
4.00312	53
4.00313	53
4.00314	53
4.00348	53
4.01716	53
4.01717	53
4.01718	53
4.01736	53
4.01885	53
4.01886	53
4.01886	53
4.01886	53
4.01886	53
4.02787	53
4.02787	53
4.02787	53
4.02787	53
4.02787	53
4.02787	53
4.02789	53
4.03157	53
4.03158	53
4.03161	53
4.03161	53
4.03417	53
4.03459	53
4.04284	53
4.04284	53
4.04285	53
4.04285	53
4.04286	53
4.04332	53
4.04711	53
4.05137	53
4.05137	53
4.05138	53
4.05142	53
4.06261	53
4.06262	53
4.06262	53
4.06263	53
4.06263	53
4.0627	53
4.06342	53
4.07096	53
4.07098	53
4.07098	53
4.07741	53
4.07741	53
4.07742	53
4.07742	53
4.07768	53
4.08475	53
4.08475	53
4.08475	53
4.08475	53
4.08477	53
4.08477	53
4.08477	53
4.08479	53
4.08569	53
4.08571	53
4.08572	53
4.08575	53
4.09229	53
4.09231	53
4.09232	53
4.10733	53
4.10733	53
4.10735	53
4.1074	53
4.11333	53
4.11334	53
4.11334	53
4.11377	53
4.11396	53
4.11457	53
4.11478	53
4.11479	53
4.11482	53
4.12655	53
4.12655	53
4.12655	53
4.12656	53
4.12656	53
4.12657	53
4.12658	53
4.1442	53
4.14421	53
4.14422	53
4.14422	53
4.14428	53
4.14455	53
4.14667	53
4.15637	53
4.15637	53
4.15638	53
4.15638	53
4.1564	53
4.15644	53
4.1681	53
4.16811	53
4.16818	53
4.16855	53
4.17413	53
4.18006	53
4.18006	53
4.18007	53
4.18007	53
4.18011	53
4.19993	53
4.19993	53
4.19993	53
4.19994	53
4.19994	53
4.19994	53
4.19994	53
4.19995	53
4.19995	53
4.19996	53
4.21462	53
4.21463	53
4.21463	53
4.21463	53
4.21464	53
4.21465	53
4.22327	53
4.22327	53
4.22328	53
4.22352	53
4.22818	53
4.22851	53
4.22942	53
4.24015	53
4.24015	53
4.24016	53
4.24016	53
4.24017	53
4.24021	53
4.24048	53
4.25445	53
4.25446	53
4.25446	53
4.25446	53
4.25448	53
4.25455	53
4.25927	53
4.26001	53
4.26139	53
4.2614	53
4.26168	53
4.2681	53
4.2681	53
4.26811	53
4.26813	53
4.26814	53
4.26882	53
4.27445	53
4.27446	53
4.27446	53
4.27446	53
4.27447	53
4.27448	53
4.2745	53
4.30167	53
4.30167	53
4.30167	53
4.30167	53
4.30168	53
4.3017	53
4.3017	53
4.30172	53
4.31205	53
4.31205	53
4.31208	53
4.31211	53
4.31212	53
4.32654	53
4.32654	53
4.32655	53
4.32656	53
4.32724	53
4.32843	53
4.32844	53
4.32847	53
4.32878	53
4.35449	53
4.35449	53
4.3545	53
4.3545	53
4.3545	53
4.3545	53
4.35452	53
4.35456	53
4.35471	53
4.35745	53
4.35746	53
4.35746	53
4.35769	53
4.37786	53
4.37786	53
4.37786	53
4.37787	53
4.37787	53
4.37791	53
4.37793	53
4.38	53
4.38061	53
4.38692	53
4.39058	53
4.3906	53
4.39174	53
4.39174	53
4.39176	53
4.39179	53
4.40776	53
4.40776	53
4.40777	53
4.40777	53
4.40778	53
4.40927	53
4.42597	53
4.42597	53
4.42598	53
4.42598	53
4.42606	53
4.42759	53
4.42759	53
4.42762	53
4.42808	53
4.43299	53
4.43299	53
4.43301	53
4.43316	53
4.43316	53
4.43316	53
4.43316	53
4.43317	53
4.43318	53
4.43823	53
4.43824	53
4.43827	53
4.43828	53
4.43829	53
4.44326	53
4.44327	53
4.44328	53
4.44337	53
4.45467	53
4.45468	53
4.45468	53
4.45471	53
4.45478	53
4.45514	53
4.45514	53
4.45514	53
4.45522	53
4.45757	53
4.45871	53
4.46542	53
4.46604	53
4.47997	53
4.47999	53
4.48001	53
4.48008	53
4.49665	53
4.49665	53
4.49665	53
4.49665	53
4.49665	53
4.49669	53
4.4967	53
4.49673	53
4.51125	53
4.51125	53
4.51125	53
4.51127	53
4.51127	53
4.51189	53
4.51799	53
4.51801	53
4.51886	53
4.52452	53
4.52453	53
4.5487	53
4.5487	53
4.5487	53
4.5487	53
4.5487	53
4.54871	53
4.54871	53
4.54872	53
4.54872	53
4.54873	53
4.54909	53
4.54909	53
4.54914	53
4.54919	53
4.55477	53
4.55477	53
4.55481	53
4.55491	53
4.55722	53
4.55723	53
4.55723	53
4.55724	53
4.5574	53
4.56112	53
4.56146	53
4.56254	53
4.56271	53
4.56399	53
4.56399	53
4.56399	53
4.56463	53
4.56772	53
4.56773	53
4.56773	53
4.56781	53
4.57085	53
4.57086	53
4.57088	53
4.63662	53
4.63662	53
4.63662	53
4.63662	53
4.63662	53
4.63663	53
4.63669	53
4.63672	53
4.63738	53
4.63738	53
4.63738	53
4.63738	53
4.63744	53
4.63747	53
4.63945	53
4.63945	53
4.63956	53
4.64596	53
4.65048	53
4.65049	53
4.65049	53
4.65108	53
4.65234	53
4.67041	53
4.67041	53
4.67041	53
4.67041	53
4.67042	53
4.67043	53
4.67044	53
4.67049	53
4.68388	53
4.68388	53
4.68388	53
4.68388	53
4.6839	53
4.68391	53
4.684	53
4.69967	53
4.69968	53
4.69968	53
4.69977	53
4.71185	53
4.71185	53
4.71188	53
4.71189	53
4.7365	53
4.7365	53
4.73651	53
4.73651	53
4.73651	53
4.73651	53
4.73652	53
4.73653	53
4.73664	53
4.73862	53
4.73863	53
4.73865	53
4.73869	53
4.75169	53
4.75201	53
4.75201	53
4.75202	53
4.76174	53
4.76174	53
4.76175	53
4.76175	53
4.76178	53
4.76476	53
4.76476	53
4.76476	53
4.7648	53
4.77522	53
4.77523	53
4.77523	53
4.77524	53
4.77525	53
4.77844	53
4.78267	53
4.78268	53
4.78269	53
4.78952	53
4.78952	53
4.79039	53
4.79039	53
4.79039	53
4.79039	53
4.79039	53
4.79039	53
4.7904	53
4.79057	53
4.813	53
4.813	53
4.813	53
4.81301	53
4.81303	53
4.81304	53
4.81334	53
4.83585	53
4.83585	53
4.83586	53
4.83586	53
4.83588	53
4.83589	53
4.83589	53
4.83589	53
4.8359	53
4.83592	53
4.85701	53
4.85701	53
4.85701	53
4.85701	53
4.85702	53
4.85702	53
4.85706	53
4.85706	53
4.85785	53
4.85786	53
4.85791	53
4.85795	53
4.87021	53
4.87022	53
4.87022	53
4.87022	53
4.87022	53
4.87027	53
4.87038	53
4.87502	53
4.87502	53
4.87503	53
4.87505	53
4.88034	53
4.88035	53
4.88037	53
4.88078	53
4.88409	53
4.88411	53
4.88411	53
4.88415	53
4.8925	53
4.8925	53
4.8925	53
4.89268	53
4.90921	53
4.90921	53
4.90921	53
4.90921	53
4.90921	53
4.90921	53
4.90923	53
4.90955	53
4.9258	53
4.9258	53
4.9258	53
4.92581	53
4.92582	53
4.92619	53
4.93482	53
4.939	53
4.93901	53
4.93901	53
4.93902	53
4.94333	53
4.94336	53
4.9434	53
4.94631	53
4.94633	53
4.94635	53
4.95009	53
4.95011	53
4.95014	53
4.95016	53
4.95421	53
4.95421	53
4.95422	53
4.95422	53
4.95423	53
4.95424	53
4.96041	53
4.96042	53
4.96042	53
4.96046	53
4.96373	53
4.96374	53
4.96376	53
4.97855	53
4.97855	53
4.97856	53
4.97856	53
4.97857	53
4.97858	53
4.97867	53
4.98177	53
4.98177	53
4.98177	53
4.98177	53
4.98178	53
4.98937	53
4.98937	53
4.98939	53
4.98941	53
5.0019	53
5.0019	53
5.0019	53
5.00191	53
5.00192	53
5.00195	53
5.00205	53
5.01593	53
5.01593	53
5.01595	53
5.01601	53
5.01625	53
5.01896	53
5.01896	53
5.01896	53
5.01897	53
5.019	53
5.01902	53
5.01937	53
5.03477	53
5.03477	53
5.03477	53
5.03478	53
5.03478	53
5.03481	53
5.03482	53
5.03482	53
5.03989	53
5.03989	53
5.03991	53
5.03994	53
5.05409	53
5.05409	53
5.05409	53
5.05422	53
5.05718	53
5.05723	53
5.05725	53
5.0574	53
5.0818	53
5.0818	53
5.0818	53
5.08181	53
5.08181	53
5.08183	53
5.08195	53
5.08802	53
5.08803	53
5.08804	53
5.08805	53
5.08805	53
5.0886	53
5.09282	53
5.09283	53
5.09283	53
5.09287	53
5.09288	53
5.09291	53
5.09292	53
5.09321	53
5.09322	53
5.09346	53
5.09351	53
5.09351	53
5.09351	53
5.09351	53
5.10292	53
5.10293	53
5.10293	53
5.10293	53
5.10313	53
5.10966	53
5.10968	53
5.10981	53
5.12052	53
5.12053	53
5.12053	53
5.12078	53
5.12291	53
5.12291	53
5.12291	53
5.12311	53
5.14474	53
5.14474	53
5.14475	53
5.14475	53
5.14475	53
5.14476	53
5.14476	53
5.14498	53
5.15396	53
5.15397	53
5.15397	53
5.15408	53
5.1541	53
5.15412	53
5.15413	53
5.15886	53
5.15887	53
5.15887	53
5.15889	53
5.15889	53
5.16796	53
5.16797	53
5.16803	53
5.16803	53
5.16804	53
5.18061	53
5.18061	53
5.18062	53
5.18063	53
5.18064	53
5.18069	53
5.18152	53
5.18241	53
5.18684	53
5.18684	53
5.18689	53
5.19684	53
5.19684	53
5.19684	53
5.19686	53
5.19688	53
5.19694	53
5.19854	53
5.19856	53
5.19858	53
5.19858	53
5.20895	53
5.20898	53
5.20915	53
5.21774	53
5.21774	53
5.21775	53
5.21775	53
5.21775	53
5.21775	53
5.21783	53
5.21784	53
5.21787	53
5.21823	53
5.21862	53
5.25388	53
5.25388	53
5.25389	53
5.25389	53
5.25389	53
5.25389	53
5.2539	53
5.25395	53
5.25406	53
5.25608	53
5.25611	53
5.25628	53
5.25683	53
5.25684	53
5.25785	53
5.2583	53
5.26261	53
5.26261	53
5.26261	53
5.26266	53
5.27239	53
5.27239	53
5.27239	53
5.27241	53
5.27253	53
5.30549	53
5.3055	53
5.3055	53
5.3055	53
5.30551	53
5.30552	53
5.30553	53
5.30555	53
5.30557	53
5.30559	53
5.30838	53
5.3084	53
5.30859	53
5.30906	53
5.31259	53
5.31259	53
5.31259	53
5.31265	53
5.32881	53
5.32885	53
5.32886	53
5.32892	53
5.33087	53
5.33092	53
5.33466	53
5.34303	53
5.34303	53
5.34303	53
5.34303	53
5.34303	53
5.34303	53
5.34309	53
5.34319	53
5.34875	53
5.34875	53
5.34875	53
5.34876	53
5.34882	53
5.34899	53
5.34899	53
5.34906	53
5.37034	53
5.37034	53
5.37034	53
5.37035	53
5.37035	53
5.37035	53
5.37037	53
5.3754	53
5.37547	53
5.37661	53
5.37661	53
5.37662	53
5.37665	53
5.39223	53
5.39223	53
5.39223	53
5.39228	53
5.39238	53
5.39243	53
5.40853	53
5.40853	53
5.40853	53
5.40853	53
5.40854	53
5.40854	53
5.40854	53
5.4086	53
5.40863	53
5.4088	53
5.43064	53
5.43064	53
5.43065	53
5.43065	53
5.43066	53
5.43074	53
5.43911	53
5.43912	53
5.43912	53
5.43915	53
5.43921	53
5.46813	53
5.46814	53
5.46815	53
5.46815	53
5.46815	53
5.46816	53
5.46817	53
5.46824	53
5.46825	53
5.4798	53
5.47987	53
5.47992	53
5.50238	53
5.50238	53
5.50238	53
5.50238	53
5.50239	53
5.50242	53
5.50242	53
5.50253	53
5.50479	53
5.5048	53
5.50502	53
5.51149	53
5.5115	53
5.51156	53
5.51311	53
5.51313	53
5.51318	53
5.54443	53
5.54443	53
5.54443	53
5.54444	53
5.54445	53
5.54447	53
5.5445	53
5.5445	53
5.5445	53
5.54453	53
5.54454	53
5.55052	53
5.55052	53
5.55056	53
5.56481	53
5.56482	53
5.56482	53
5.56483	53
5.56483	53
5.56838	53
5.56838	53
5.56838	53
5.5684	53
5.56846	53
5.58351	53
5.58352	53
5.58352	53
5.58353	53
5.58357	53
5.58362	53
5.59391	53
5.59391	53
5.59392	53
5.59393	53
5.59409	53
5.59488	53
5.59488	53
5.59488	53
5.59491	53
5.59502	53
5.5955	53
5.59597	53
5.60396	53
5.60396	53
5.60398	53
5.60407	53
5.6059	53
5.60591	53
5.60591	53
5.60593	53
5.60598	53
5.60964	53
5.62024	53
5.62025	53
5.62025	53
5.62026	53
5.62026	53
5.62026	53
5.62027	53
5.62034	53
5.62072	53
5.64125	53
5.64125	53
5.64126	53
5.64127	53
5.64132	53
5.64138	53
5.64217	53
5.64217	53
5.64217	53
5.64228	53
5.65833	53
5.65834	53
5.65844	53
5.65855	53
5.65886	53
5.66694	53
5.66695	53
5.66696	53
5.68054	53
5.68054	53
5.68055	53
5.68056	53
5.6806	53
5.68591	53
5.68591	53
5.68592	53
5.68593	53
5.68593	53
5.68594	53
5.68595	53
5.68597	53
5.68617	53
5.69215	53
5.69217	53
5.69225	53
5.71733	53
5.71733	53
5.71733	53
5.71735	53
5.71735	53
5.71737	53
5.71741	53
5.71801	53
5.72166	53
5.72678	53
5.72679	53
5.72679	53
5.72682	53
5.72684	53
5.72694	53
5.72694	53
5.73104	53
5.73104	53
5.73105	53
5.73108	53
5.73108	53
5.73132	53
5.73174	53
5.73701	53
5.73702	53
5.73706	53
5.73737	53
5.73737	53
5.73739	53
5.73744	53
5.73749	53
5.73805	53
5.73805	53
5.73805	53
5.73807	53
5.74725	53
5.74725	53
5.74729	53
5.74768	53
5.7682	53
5.7682	53
5.76822	53
5.76824	53
5.76825	53
5.76828	53
5.76831	53
5.77069	53
5.77069	53
5.77072	53
5.77077	53
5.81706	53
5.81706	53
5.81707	53
5.81709	53
5.81709	53
5.81709	53
5.8171	53
5.81711	53
5.81716	53
5.8172	53
5.8176	53
5.82065	53
5.82066	53
5.82099	53
5.82266	53
5.82268	53
5.82294	53
5.82295	53
5.82296	53
5.82337	53
5.82938	53
5.82939	53
5.8294	53
5.82947	53
5.85885	53
5.85885	53
5.85888	53
5.85889	53
5.85893	53
5.85897	53
5.85898	53
5.85901	53
5.86879	53
5.86879	53
5.8688	53
5.86882	53
5.86883	53
5.8694	53
5.90972	53
5.90972	53
5.90972	53
5.90973	53
5.90975	53
5.90976	53
5.90976	53
5.90984	53
5.90987	53
5.91013	53
5.92081	53
5.92081	53
5.92082	53
5.9209	53
5.92104	53
5.96081	53
5.96081	53
5.96081	53
5.96081	53
5.96083	53
5.96084	53
5.96084	53
5.96086	53
5.96104	53
5.96141	53
6.0267	53
6.02671	53
6.02671	53
6.02673	53
6.02673	53
6.02678	53
6.02686	53
6.027	53
6.03675	53
6.03676	53
6.03676	53
6.03679	53
6.06078	53
6.06084	53
6.06087	53
6.06087	53
6.0742	53
6.0742	53
6.07421	53
6.07421	53
6.07421	53
6.07422	53
6.07425	53
6.07428	53
6.07436	53
6.07467	53
6.08323	53
6.08323	53
6.08324	53
6.08325	53
6.08329	53
6.08336	53
6.08376	53
6.08424	53
6.11209	53
6.1121	53
6.1121	53
6.1121	53
6.11215	53
6.11219	53
6.11222	53
6.11234	53
6.13852	53
6.13852	53
6.13853	53
6.13854	53
6.13854	53
6.13855	53
6.13855	53
6.13864	53
6.13866	53
6.13883	53
6.14016	53
6.14018	53
6.14018	53
6.14021	53
6.14108	53
6.14455	53
6.14456	53
6.14458	53
6.14484	53
6.16574	53
6.16575	53
6.16576	53
6.16631	53
6.1664	53
6.21621	53
6.21622	53
6.21622	53
6.21622	53
6.21625	53
6.21628	53
6.21628	53
6.21633	53
6.21644	53
6.21675	53
6.29978	53
6.29978	53
6.29979	53
6.2998	53
6.2998	53
6.2998	53
6.29988	53
6.2999	53
6.2999	53
6.30036	53
6.30205	53
6.30205	53
6.30205	53
6.30228	53
6.3035	53
6.3035	53
6.30351	53
6.30389	53
6.32191	53
6.32192	53
6.32193	53
6.32194	53
6.32199	53
6.32201	53
6.32206	53
6.32214	53
6.32222	53
6.33691	53
6.33692	53
6.33697	53
6.33705	53
6.33729	53
6.35653	53
6.35653	53
6.35653	53
6.35654	53
6.35659	53
6.35662	53
6.35665	53
6.35674	53
6.49206	53
6.49207	53
6.49207	53
6.49208	53
6.49208	53
6.49209	53
6.49211	53
6.49219	53
6.49227	53
6.53059	53
6.53059	53
6.5306	53
6.5306	53
6.5306	53
6.53061	53
6.53063	53
6.53064	53
6.53071	53
6.53072	53
6.53082	53
6.53142	53
6.68633	53
6.68633	53
6.68634	53
6.68634	53
6.68637	53
6.68643	53
6.68675	53
6.68682	53
7.67812	53
7.67812	53
7.67813	53
7.67815	53
7.67818	53
7.67829	53
7.67832	53
7.6787	53
7.67871	53
7.70484	53
7.70484	53
7.70485	53
7.70485	53
7.70485	53
7.7049	53
7.70493	53
7.70545	53
8.01297	53
8.01299	53
8.01303	53
8.01304	53
8.01305	53
8.01306	53
8.0131	53
8.01311	53
8.01311	53
8.01326	53
8.01356	53
8.0195	53
8.01965	53
8.01978	53
8.0202	53
8.02045	53
8.0242	53
8.02421	53
8.02422	53
8.02466	53
8.02586	53
8.65031	53
8.65032	53
8.65034	53
8.65043	53
8.65048	53
8.65049	53
8.6505	53
8.65057	53
8.65106	53
8.65132	53
8.65143	53
8.89435	53
8.89436	53
8.89438	53
8.8944	53
8.89444	53
8.89452	53
8.89453	53
8.89457	53
8.8946	53
8.89648	53
8.91067	53
8.91067	53
8.91068	53
8.9108	53
8.91109	53
9.01323	53
9.01323	53
9.01325	53
9.01327	53
9.01335	53
9.01339	53
9.01342	53
9.01361	53
9.01377	53
10.1382	53
10.1382	53
10.1382	53
10.1382	53
10.1383	53
10.1383	53
10.1383	53
10.1384	53
10.1392	53
10.7776	53
10.7777	53
10.7777	53
10.7777	53
10.7777	53
10.7777	53
10.7777	53
10.7778	53
10.7778	53
10.7781	53
10.7793	53
10.7802	53
10.8672	53
10.8672	53
10.8672	53
10.8672	53
10.8672	53
10.8673	53
10.8673	53
10.8674	53
11.2699	53
11.2699	53
11.2699	53
11.2699	53
11.27	53
11.27	53
11.27	53
11.2701	53
11.2708	53
11.5026	53
11.5026	53
11.5026	53
11.5026	53
11.5027	53
11.5027	53
11.5028	53
11.5032	53
11.5033	53
11.6067	53
11.6068	53
11.6068	53
11.6068	53
11.6068	53
11.6068	53
11.6068	53
11.607	53
11.6074	53
11.9143	53
11.9143	53
11.9143	53
11.9143	53
11.9143	53
11.9143	53
11.9144	53
11.9145	53
11.9146	53
11.9147	53
11.9149	53
12.4968	53
12.4968	53
12.4968	53
12.4968	53
12.4968	53
12.4968	53
12.4969	53
12.4971	53
12.4972	53
12.4978	53
12.6096	53
12.6096	53
12.6096	53
12.6097	53
12.6097	53
12.6097	53
12.6098	53
12.61	53
12.6105	53
12.611	53
12.619	53
12.6192	53
12.6197	53
12.62	53
12.7247	53
12.7247	53
12.7247	53
12.7247	53
12.7247	53
12.7247	53
12.7248	53
12.7251	53
12.7255	53
12.7275	53
13.229	53
13.229	53
13.229	53
13.2291	53
13.2291	53
13.2291	53
13.2292	53
13.2293	53
13.8084	53
13.8084	53
13.8084	53
13.8084	53
13.8085	53
13.8085	53
13.8085	53
13.8086	53
13.8092	53
16.3706	53
16.3706	53
16.3706	53
16.3706	53
16.3707	53
16.3707	53
16.3708	53
16.3708	53
16.3708	53
16.3709	53
16.3716	53
16.5292	53
16.5292	53
16.5292	53
16.5292	53
16.5292	53
16.5294	53
16.5294	53
16.5295	53
16.5321	53
16.5329	53
16.6698	53
16.6698	53
16.6698	53
16.6699	53
16.6699	53
16.6699	53
16.67	53
16.67	53
16.6702	53
16.6705	53
16.6709	53
16.9608	53
16.9609	53
16.9609	53
16.9609	53
16.9609	53
16.961	53
16.9612	53
16.9613	53
16.9613	53
16.9618	53
17.119	53
17.119	53
17.119	53
17.1191	53
17.1192	53
17.1192	53
17.1192	53
17.1193	53
17.4214	53
17.4214	53
17.4214	53
17.4214	53
17.4215	53
17.4215	53
17.4217	53
17.4218	53
18.0287	53
18.0287	53
18.0287	53
18.0288	53
18.0289	53
18.0289	53
18.0289	53
18.0289	53
18.029	53
18.0298	53
20.3111	53
20.3111	53
20.3111	53
20.3111	53
20.3113	53
20.3113	53
20.3114	53
20.3114	53
20.3115	53
20.3671	53
20.3671	53
20.3671	53
20.3671	53
20.3671	53
20.3672	53
20.3672	53
20.3673	53
21.3624	53
21.3624	53
21.3625	53
21.3626	53
21.3626	53
21.3626	53
21.3627	53
21.3627	53
21.3629	53
21.3632	53
21.3636	53
21.3675	53
21.6872	53
21.6872	53
21.6872	53
21.6872	53
21.6872	53
21.6872	53
21.6872	53
21.6874	53
22.0161	53
22.0162	53
22.0162	53
22.0163	53
22.0163	53
22.0163	53
22.0163	53
22.0164	53
22.0164	53
22.0165	53
22.0168	53
22.0169	53
23.0994	53
23.0994	53
23.0994	53
23.0995	53
23.0995	53
23.0995	53
23.0996	53
23.0997	53
23.0998	53
23.1004	53
24.5049	53
24.5049	53
24.5049	53
24.5049	53
24.505	53
24.505	53
24.5051	53
24.5054	53
24.6162	53
24.6162	53
24.6162	53
24.6163	53
24.6163	53
24.6164	53
24.6164	53
24.6164	53
24.6165	53
24.6166	53
24.617	53
24.6173	53
24.6176	53
24.6974	53
24.6975	53
24.6975	53
24.6976	53
24.6977	53
24.6977	53
24.6978	53
24.6981	53
24.8571	53
24.8571	53
24.8571	53
24.8571	53
24.8571	53
24.8572	53
24.8572	53
24.8573	53
24.8577	53
26.0459	53
26.0459	53
26.0459	53
26.0459	53
26.046	53
26.046	53
26.046	53
26.0462	53
26.781	53
26.781	53
26.781	53
26.781	53
26.781	53
26.7811	53
26.7811	53
26.7812	53
26.7813	53
26.7833	53
26.8166	53
26.8166	53
26.8167	53
26.8167	53
26.8167	53
26.8169	53
26.8169	53
26.8177	53
26.8186	53
26.8188	53
27.1065	53
27.1065	53
27.1065	53
27.1065	53
27.1065	53
27.1065	53
27.1066	53
27.1067	53
27.2399	53
27.2399	53
27.2399	53
27.2399	53
27.2399	53
27.24	53
27.24	53
27.2408	53
28.0362	53
28.0363	53
28.0363	53
28.0363	53
28.0364	53
28.0364	53
28.0365	53
28.0366	53
28.0371	53
28.0375	53
28.0379	53
28.3274	53
28.3274	53
28.3274	53
28.3275	53
28.3276	53
28.3276	53
28.3276	53
28.3279	53
30.0601	53
30.0601	53
30.0601	53
30.0602	53
30.0602	53
30.0602	53
30.0603	53
30.0604	53
30.0606	53
30.0606	53
30.0606	53
30.0613	53
30.741	53
30.741	53
30.741	53
30.741	53
30.7411	53
30.7411	53
30.7411	53
30.7411	53
30.7412	53
30.7413	53
30.7415	53
30.7419	53
30.7439	53
30.986	53
30.986	53
30.986	53
30.9861	53
30.9861	53
30.9861	53
30.9861	53
30.9861	53
30.9863	53
30.9869	53
31.3333	53
31.3333	53
31.3333	53
31.3333	53
31.3333	53
31.3334	53
31.3334	53
31.3335	53
31.3338	53
31.334	53
31.558	53
31.558	53
31.558	53
31.558	53
31.558	53
31.5581	53
31.5582	53
31.5582	53
31.5589	53
31.5595	53
32.0866	53
32.0866	53
32.0866	53
32.0866	53
32.0867	53
32.0867	53
32.0867	53
32.0869	53
32.4333	53
32.4334	53
32.4334	53
32.4334	53
32.4335	53
32.4335	53
32.4336	53
32.4338	53
32.4339	53
32.8935	53
32.8935	53
32.8936	53
32.8936	53
32.8937	53
32.8937	53
32.8937	53
32.8938	53
32.8941	53
32.8952	53
32.8953	53
33.0809	53
33.0809	53
33.081	53
33.081	53
33.081	53
33.081	53
33.0812	53
33.0813	53
33.9001	53
33.9001	53
33.9001	53
33.9001	53
33.9002	53
33.9003	53
33.9004	53
33.9005	53
33.9005	53
33.9011	53
33.9019	53
33.9019	53
33.902	53
34.7496	53
34.7496	53
34.7496	53
34.7496	53
34.7497	53
34.7497	53
34.7497	53
34.7497	53
34.7497	53
34.7501	53
34.9919	53
34.9919	53
34.9919	53
34.9919	53
34.9919	53
34.992	53
34.992	53
34.9928	53
37.1152	53
37.1153	53
37.1153	53
37.1153	53
37.1154	53
37.1154	53
37.1155	53
37.1155	53
37.1157	53
37.8285	53
37.8285	53
37.8285	53
37.8285	53
37.8285	53
37.8286	53
37.8287	53
37.829	53
39.1385	53
39.1386	53
39.1386	53
39.1386	53
39.1386	53
39.1386	53
39.1387	53
39.1392	53
39.1392	53
39.1403	53
39.1404	53
39.1713	53
39.1714	53
39.1715	53
39.1715	53
39.1715	53
39.1716	53
39.1716	53
39.1724	53
39.1739	53
39.2114	53
39.2114	53
39.2114	53
39.2114	53
39.2115	53
39.2115	53
39.2116	53
39.213	53
39.2151	53
39.2155	53
39.2974	53
39.2974	53
39.2974	53
39.2974	53
39.2974	53
39.2974	53
39.2975	53
39.2977	53
39.2987	53
39.299	53
39.3007	53
39.3031	53
39.3033	53
39.3034	53
39.9828	53
39.9828	53
39.9828	53
39.9828	53
39.9828	53
39.9828	53
39.9829	53
39.9831	53
39.9832	53
39.9834	53
40.0988	53
40.0988	53
40.0988	53
40.0988	53
40.0989	53
40.0989	53
40.0989	53
40.099	53
40.0991	53
40.0992	53
40.0995	53
40.7195	53
40.7196	53
40.7196	53
40.7197	53
40.7197	53
40.7198	53
40.7199	53
40.7201	53
41.927	53
41.927	53
41.927	53
41.927	53
41.927	53
41.9271	53
41.9272	53
41.928	53
41.9281	53
41.9281	53
42.0265	53
42.0265	53
42.0265	53
42.0265	53
42.0266	53
42.0267	53
42.0267	53
42.0267	53
42.0268	53
42.095	53
42.095	53
42.095	53
42.095	53
42.0951	53
42.0952	53
42.0953	53
42.0954	53
42.0962	53
42.0965	53
42.2774	53
42.2774	53
42.2775	53
42.2775	53
42.2775	53
42.2775	53
42.2776	53
42.2776	53
42.2777	53
42.278	53
42.2791	53
42.2793	53
43.148	53
43.148	53
43.148	53
43.148	53
43.148	53
43.1482	53
43.1482	53
43.1484	53
43.1484	53
43.1486	53
43.1493	53
43.2725	53
43.2725	53
43.2725	53
43.2725	53
43.2725	53
43.2725	53
43.2725	53
43.273	53
43.8641	53
43.8642	53
43.8642	53
43.8642	53
43.8643	53
43.8643	53
43.8643	53
43.8646	53
43.8647	53
44.4118	53
44.4118	53
44.4118	53
44.4118	53
44.4119	53
44.4119	53
44.412	53
44.412	53
44.4124	53
44.7975	53
44.7975	53
44.7975	53
44.7976	53
44.7976	53
44.7976	53
44.7977	53
44.7978	53
45.0969	53
45.0969	53
45.0969	53
45.097	53
45.097	53
45.0971	53
45.0971	53
45.0971	53
45.0973	53
45.0975	53
45.2856	53
45.2856	53
45.2856	53
45.2856	53
45.2856	53
45.2856	53
45.2857	53
45.2857	53
45.2858	53
45.2861	53
45.2862	53
45.8537	53
45.8537	53
45.8537	53
45.8538	53
45.8538	53
45.8538	53
45.8539	53
45.8539	53
45.8541	53
45.8541	53
46.7767	53
46.7767	53
46.7767	53
46.7767	53
46.7767	53
46.7768	53
46.7769	53
46.7769	53
46.7772	53
46.7773	53
46.7796	53
46.8849	53
46.885	53
46.885	53
46.885	53
46.885	53
46.8851	53
46.8851	53
46.8852	53
46.8853	53
46.8854	53
47.6686	53
47.6686	53
47.6687	53
47.6687	53
47.6687	53
47.6688	53
47.6689	53
47.669	53
47.669	53
47.6691	53
48.4119	53
48.412	53
48.412	53
48.4121	53
48.4121	53
48.4121	53
48.4122	53
48.4122	53
49.1373	53
49.1374	53
49.1374	53
49.1374	53
49.1375	53
49.1376	53
49.1376	53
49.1376	53
49.1377	53
49.787	53
49.787	53
49.787	53
49.7871	53
49.7871	53
49.7871	53
49.7871	53
49.7872	53
51.8061	53
51.8061	53
51.8061	53
51.8061	53
51.8061	53
51.8063	53
51.8064	53
51.8066	53
51.808	53
51.8743	53
51.8743	53
51.8743	53
51.8743	53
51.8744	53
51.8744	53
51.8744	53
51.875	53
51.8754	53
52.0013	53
52.0013	53
52.0013	53
52.0013	53
52.0013	53
52.0016	53
52.0019	53
52.0019	53
52.0022	53
52.0407	53
52.0408	53
52.0408	53
52.0408	53
52.0409	53
52.0413	53
52.0422	53
52.0423	53
52.0428	53
54.3939	53
54.3939	53
54.3939	53
54.3939	53
54.394	53
54.394	53
54.3941	53
54.3947	53
54.3969	53
54.7926	53
54.7927	53
54.7927	53
54.7927	53
54.7928	53
54.7929	53
54.7929	53
54.7929	53
54.793	53
54.793	53
55.4373	53
55.4373	53
55.4374	53
55.4374	53
55.4374	53
55.4374	53
55.4376	53
55.4376	53
55.4377	53
55.8424	53
55.8425	53
55.8425	53
55.8425	53
55.8425	53
55.8425	53
55.8425	53
55.8427	53
55.8427	53
55.9153	53
55.9153	53
55.9153	53
55.9153	53
55.9154	53
55.9154	53
55.9154	53
55.9154	53
55.916	53
56.0908	53
56.0908	53
56.0908	53
56.0909	53
56.0909	53
56.0909	53
56.091	53
56.091	53
56.0911	53
56.4035	53
56.4035	53
56.4035	53
56.4035	53
56.4035	53
56.4035	53
56.4035	53
56.404	53
56.4054	53
56.4057	53
56.4059	53
56.406	53
56.5766	53
56.5766	53
56.5766	53
56.5766	53
56.5766	53
56.5766	53
56.5767	53
56.5767	53
56.577	53
56.784	53
56.784	53
56.7841	53
56.7841	53
56.7841	53
56.7841	53
56.7841	53
56.7842	53
56.7842	53
56.8454	53
56.8454	53
56.8454	53
56.8454	53
56.8454	53
56.8454	53
56.8455	53
56.8461	53
57.0015	53
57.0015	53
57.0015	53
57.0015	53
57.0015	53
57.0015	53
57.0016	53
57.0018	53
57.0019	53
57.0021	53
57.0023	53
57.7566	53
57.7566	53
57.7566	53
57.7566	53
57.7567	53
57.7567	53
57.7568	53
57.7569	53
57.7576	53
57.7577	53
57.7591	53
57.8382	53
57.8383	53
57.8383	53
57.8383	53
57.8383	53
57.8383	53
57.8384	53
57.8386	53
57.8404	53
57.841	53
58.1672	53
58.1672	53
58.1673	53
58.1673	53
58.1673	53
58.1673	53
58.1675	53
58.1677	53
58.168	53
58.1702	53
58.2787	53
58.2787	53
58.2787	53
58.2787	53
58.2788	53
58.2788	53
58.2788	53
58.2789	53
58.2791	53
58.2792	53
58.2799	53
58.408	53
58.408	53
58.408	53
58.408	53
58.408	53
58.4082	53
58.4082	53
58.4085	53
58.4096	53
58.4102	53
59.359	53
59.359	53
59.359	53
59.359	53
59.3591	53
59.3592	53
59.3592	53
59.3596	53
59.3596	53
59.3598	53
59.3617	53
59.4913	53
59.4914	53
59.4914	53
59.4914	53
59.4914	53
59.4915	53
59.4916	53
59.4916	53
59.4919	53
59.4933	53
60.9975	53
60.9976	53
60.9976	53
60.9976	53
60.9976	53
60.9977	53
60.9977	53
60.9977	53
60.9977	53
61.0007	53
61.3355	53
61.3355	53
61.3355	53
61.3356	53
61.3356	53
61.3357	53
61.3358	53
61.3361	53
61.3361	53
61.3362	53
61.3369	53
61.9099	53
61.9099	53
61.9099	53
61.9099	53
61.9099	53
61.9099	53
61.9099	53
61.9101	53
62.4181	53
62.4181	53
62.4181	53
62.4181	53
62.4182	53
62.4182	53
62.4183	53
62.4185	53
62.4188	53
62.6898	53
62.6898	53
62.6898	53
62.6898	53
62.6899	53
62.6899	53
62.69	53
62.69	53
62.6901	53
62.7026	53
62.7032	53
62.7033	53
62.7034	53
63.5113	53
63.5113	53
63.5113	53
63.5113	53
63.5113	53
63.5113	53
63.5114	53
63.5114	53
63.5115	53
63.7915	53
63.7915	53
63.7915	53
63.7915	53
63.7915	53
63.7915	53
63.7916	53
63.7917	53
63.7921	53
64.5605	53
64.5605	53
64.5605	53
64.5605	53
64.5605	53
64.5606	53
64.5607	53
64.5608	53
64.5609	53
66.6074	53
66.6074	53
66.6074	53
66.6075	53
66.6075	53
66.6075	53
66.6077	53
66.608	53
66.6087	53
67.0042	53
67.0042	53
67.0042	53
67.0042	53
67.0043	53
67.0043	53
67.0045	53
67.0046	53
67.0048	53
67.8493	53
67.8493	53
67.8493	53
67.8494	53
67.8494	53
67.8496	53
67.8496	53
67.8498	53
69.0052	53
69.0052	53
69.0052	53
69.0052	53
69.0053	53
69.0053	53
69.0053	53
69.0057	53
69.0071	53
69.0074	53
69.0256	53
69.0256	53
69.0256	53
69.0257	53
69.0259	53
69.0268	53
70.6879	53
70.6879	53
70.6879	53
70.6879	53
70.688	53
70.6881	53
70.6881	53
70.6895	53
71.1838	53
71.1838	53
71.1838	53
71.1839	53
71.1839	53
71.184	53
71.184	53
71.1843	53
71.5453	53
71.5453	53
71.5453	53
71.5453	53
71.5453	53
71.5453	53
71.5454	53
71.5454	53
71.5457	53
71.5458	53
71.5461	53
71.5476	53
71.7394	53
71.7394	53
71.7394	53
71.7395	53
71.7395	53
71.7395	53
71.7401	53
71.7402	53
71.7402	53
71.7407	53
71.7442	53
72.0667	53
72.0667	53
72.0667	53
72.0667	53
72.0668	53
72.0668	53
72.0669	53
72.0669	53
72.0672	53
72.0673	53
72.1824	53
72.1824	53
72.1824	53
72.1824	53
72.1825	53
72.1825	53
72.1825	53
72.1825	53
72.183	53
72.1832	53
72.5658	53
72.5658	53
72.5658	53
72.5658	53
72.5659	53
72.5659	53
72.566	53
72.566	53
72.5662	53
72.5668	53
74.0058	53
74.0059	53
74.0059	53
74.0059	53
74.006	53
74.006	53
74.0062	53
74.0063	53
74.0064	53
74.0074	53
74.3194	53
74.3194	53
74.3194	53
74.3194	53
74.3195	53
74.3195	53
74.3195	53
74.3196	53
74.3197	53
74.3222	53
74.7423	53
74.7424	53
74.7424	53
74.7424	53
74.7424	53
74.7425	53
74.7426	53
74.7427	53
74.8108	53
74.8108	53
74.8108	53
74.8108	53
74.8108	53
74.8109	53
74.811	53
74.811	53
74.8295	53
75.1332	53
75.1332	53
75.1333	53
75.1333	53
75.1333	53
75.1333	53
75.1334	53
75.1337	53
75.1337	53
75.1338	53
75.1339	53
75.1345	53
75.1345	53
75.5565	53
75.5566	53
75.5566	53
75.5566	53
75.5566	53
75.5566	53
75.557	53
75.5573	53
75.5582	53
75.5582	53
76.7802	53
76.7802	53
76.7802	53
76.7803	53
76.7803	53
76.7803	53
76.7805	53
76.7806	53
77.3293	53
77.3294	53
77.3294	53
77.3294	53
77.3294	53
77.3294	53
77.3296	53
77.3296	53
77.33	53
77.6344	53
77.6345	53
77.6345	53
77.6345	53
77.6346	53
77.6346	53
77.6347	53
77.6347	53
77.6354	53
78.1719	53
78.1719	53
78.172	53
78.172	53
78.172	53
78.172	53
78.1721	53
78.1722	53
78.1723	53
78.1729	53
78.173	53
79.5208	53
79.5208	53
79.5208	53
79.5209	53
79.5209	53
79.521	53
79.5211	53
79.5213	53
79.5217	53
79.5221	53
80.3242	53
80.3242	53
80.3243	53
80.3243	53
80.3243	53
80.3244	53
80.3244	53
80.3245	53
80.3248	53
80.3256	53
81.0174	53
81.0174	53
81.0174	53
81.0174	53
81.0174	53
81.0175	53
81.0177	53
81.018	53
81.0188	53
81.0189	53
81.0195	53
81.0249	53
81.0257	53
81.086	53
81.0861	53
81.0861	53
81.0861	53
81.0861	53
81.0861	53
81.0861	53
81.0862	53
81.0864	53
81.0888	53
82.0079	53
82.0079	53
82.008	53
82.008	53
82.008	53
82.008	53
82.0081	53
82.0081	53
82.0084	53
82.0089	53
82.009	53
82.6379	53
82.6379	53
82.6379	53
82.638	53
82.6381	53
82.6381	53
82.6382	53
82.6384	53
82.6384	53
82.6393	53
82.6398	53
82.7245	53
82.7245	53
82.7245	53
82.7246	53
82.7246	53
82.7246	53
82.7246	53
82.7248	53
83.2668	53
83.2668	53
83.2668	53
83.2668	53
83.2668	53
83.2669	53
83.267	53
83.267	53
83.7647	53
83.7647	53
83.7647	53
83.7647	53
83.7648	53
83.7649	53
83.765	53
83.7655	53
83.7659	53
83.7667	53
83.9363	53
83.9363	53
83.9363	53
83.9363	53
83.9363	53
83.9364	53
83.9364	53
83.9365	53
83.9365	53
83.9365	53
83.9387	53
84.1462	53
84.1462	53
84.1462	53
84.1462	53
84.1462	53
84.1462	53
84.1462	53
84.1463	53
84.1463	53
84.1481	53
84.8342	53
84.8342	53
84.8342	53
84.8343	53
84.8343	53
84.8343	53
84.8344	53
84.8344	53
85.8403	53
85.8404	53
85.8404	53
85.8404	53
85.8404	53
85.8404	53
85.8405	53
85.8406	53
85.8415	53
85.957	53
85.957	53
85.9571	53
85.9571	53
85.9572	53
85.9573	53
85.9573	53
85.9575	53
85.9576	53
86.1266	53
86.1267	53
86.1267	53
86.1267	53
86.1267	53
86.1267	53
86.1268	53
86.1269	53
86.1274	53
86.1589	53
86.1589	53
86.159	53
86.159	53
86.159	53
86.1592	53
86.3039	53
86.3039	53
86.3039	53
86.3039	53
86.3039	53
86.3039	53
86.304	53
86.3041	53
86.3043	53
86.3043	53
86.3043	53
86.8331	53
86.8332	53
86.8332	53
86.8332	53
86.8332	53
86.8332	53
86.8333	53
86.8335	53
86.8344	53
86.8344	53
87.7996	53
87.7997	53
87.7997	53
87.7997	53
87.7997	53
87.7998	53
87.7999	53
87.8	53
87.8005	53
87.8011	53
88.5734	53
88.5734	53
88.5734	53
88.5734	53
88.5734	53
88.5734	53
88.5735	53
88.5735	53
88.5739	53
88.575	53
89.2114	53
89.2115	53
89.2115	53
89.2115	53
89.2115	53
89.2116	53
89.2116	53
89.2119	53
89.8009	53
89.8009	53
89.8009	53
89.801	53
89.801	53
89.8011	53
89.8013	53
89.8014	53
89.8016	53
90.5892	53
90.5892	53
90.5892	53
90.5892	53
90.5893	53
90.5893	53
90.5894	53
90.5894	53
90.5896	53
91.4117	53
91.4117	53
91.4117	53
91.4117	53
91.4117	53
91.4117	53
91.4118	53
91.412	53
91.4122	53
91.4123	53
91.4124	53
91.46	53
91.46	53
91.4601	53
91.4601	53
91.4601	53
91.4601	53
91.4601	53
91.4601	53
91.4602	53
91.4611	53
91.4613	53
91.4616	53
91.5386	53
91.5386	53
91.5386	53
91.5387	53
91.5387	53
91.5387	53
91.5388	53
91.5388	53
91.5389	53
91.5391	53
91.6696	53
91.6696	53
91.6696	53
91.6696	53
91.6696	53
91.6696	53
91.6697	53
91.6698	53
91.67	53
91.6703	53
91.8598	53
91.8598	53
91.86	53
91.86	53
91.86	53
91.8602	53
91.8602	53
91.8606	53
92.2953	53
92.2953	53
92.2953	53
92.2953	53
92.2953	53
92.2954	53
92.2955	53
92.2958	53
92.2958	53
92.7347	53
92.7347	53
92.7348	53
92.7348	53
92.7348	53
92.7349	53
92.7357	53
92.7359	53
92.7363	53
92.7363	53
92.7868	53
92.7869	53
92.7869	53
92.7869	53
92.7869	53
92.7869	53
92.787	53
92.7872	53
92.7873	53
92.7873	53
92.7874	53
92.7881	53
93.1807	53
93.1808	53
93.1808	53
93.1809	53
93.1809	53
93.1809	53
93.1809	53
93.1809	53
93.181	53
93.3563	53
93.3563	53
93.3563	53
93.3564	53
93.3564	53
93.3564	53
93.3565	53
93.3565	53
93.3566	53
93.3574	53
93.359	53
93.3747	53
93.3747	53
93.3749	53
93.3749	53
93.375	53
93.3812	53
93.3817	53
93.3993	53
93.3994	53
93.3994	53
93.3996	53
93.3996	53
93.3998	53
93.4105	53
93.4106	53
93.4106	53
93.4106	53
93.4109	53
93.5854	53
93.5854	53
93.5854	53
93.5855	53
93.5855	53
93.5858	53
93.5861	53
93.5861	53
93.6657	53
93.6657	53
93.6658	53
93.6658	53
93.6658	53
93.6659	53
93.6659	53
93.6662	53
93.6662	53
93.8729	53
93.873	53
93.873	53
93.873	53
93.873	53
93.8731	53
93.8732	53
93.8733	53
93.8733	53
94.1039	53
94.1039	53
94.104	53
94.104	53
94.104	53
94.1041	53
94.1041	53
94.1044	53
94.1053	53
94.4751	53
94.4751	53
94.4752	53
94.4752	53
94.4752	53
94.4755	53
94.4755	53
94.4757	53
94.4758	53
94.9071	53
94.9071	53
94.9071	53
94.9071	53
94.9071	53
94.9071	53
94.9072	53
94.9072	53
94.9074	53
94.9077	53
94.9081	53
95.6161	53
95.6162	53
95.6162	53
95.6162	53
95.6162	53
95.6163	53
95.6163	53
95.6163	53
95.6164	53
95.6168	53
95.6171	53
98.0058	53
98.0058	53
98.0058	53
98.0058	53
98.0058	53
98.0058	53
98.0058	53
98.006	53
98.006	53
98.0063	53
98.0264	53
98.0265	53
98.0269	53
98.7988	53
98.7988	53
98.7989	53
98.7989	53
98.7989	53
98.7989	53
98.7989	53
98.799	53
98.7994	53
98.8018	53
99.6492	53
99.6492	53
99.6492	53
99.6492	53
99.6492	53
99.6493	53
99.6494	53
99.6497	53
99.6498	53
99.6498	53
99.7018	53
99.7018	53
99.7019	53
99.7019	53
99.7019	53
99.7019	53
99.702	53
99.702	53
99.7024	53
99.7733	53
99.7733	53
99.7733	53
99.7734	53
99.7734	53
99.7736	53
99.7736	53
99.7739	53
99.7757	53
