1.35117e-10	0
1.42525e-10	1
1.82641e-10	2
2.21312e-10	3
2.72737e-10	4
2.72764e-10	5
3.75535e-10	6
4.06178e-10	7
4.52641e-10	8
4.73262e-10	9
7.12976e-10	10
7.38104e-10	11
7.40734e-10	12
7.5516e-10	13
8.38793e-10	14
9.9642e-10	15
1.19278e-09	16
1.25635e-09	17
1.49625e-09	18
1.49998e-09	19
1.67857e-09	20
1.68298e-09	21
1.71247e-09	22
1.77563e-09	23
2.00499e-09	24
2.15824e-09	25
2.21334e-09	26
2.25723e-09	27
2.34407e-09	28
2.58274e-09	29
2.80899e-09	30
2.96047e-09	31
3.34377e-09	32
3.50237e-09	33
3.66098e-09	34
3.73023e-09	35
3.77569e-09	36
4.00315e-09	37
4.08735e-09	38
4.28275e-09	39
4.55499e-09	40
5.03737e-09	40
5.4212e-09	41
5.7999e-09	42
6.55173e-09	43
6.87009e-09	44
7.13048e-09	45
7.2471e-09	46
7.44305e-09	46
7.5776e-09	47
7.61239e-09	48
1.10551e-08	49
1.34107e-08	50
1.45068e-08	50
1.46392e-08	51
1.81716e-08	51
1.95607e-08	51
2.0234e-08	51
2.16928e-08	51
2.44983e-08	51
2.67354e-08	52
2.70824e-08	52
3.16958e-08	52
3.45044e-08	52
3.79331e-08	52
3.83014e-08	52
3.8773e-08	52
4.23613e-08	52
4.67577e-08	52
4.69115e-08	52
5.29346e-08	52
5.31987e-08	52
5.64878e-08	52
6.37307e-08	52
6.42973e-08	52
6.43054e-08	52
6.43305e-08	52
6.99415e-08	52
7.18376e-08	52
7.74814e-08	52
7.78639e-08	52
7.95186e-08	52
8.43286e-08	52
8.66942e-08	52
8.73726e-08	52
8.88836e-08	52
9.26889e-08	52
9.27419e-08	52
9.39204e-08	52
9.57131e-08	52
1.01816e-07	52
1.02563e-07	52
1.03197e-07	52
1.07753e-07	52
1.09214e-07	52
1.19679e-07	52
1.19822e-07	52
1.21624e-07	52
1.27157e-07	52
1.3584e-07	52
1.38944e-07	52
1.46865e-07	52
1.48048e-07	52
1.52137e-07	52
1.55344e-07	52
1.57951e-07	52
1.58924e-07	52
1.59075e-07	52
1.78248e-07	52
1.79834e-07	52
1.815e-07	52
1.83321e-07	52
1.89384e-07	52
1.89445e-07	52
1.94295e-07	52
2.05846e-07	52
2.09644e-07	52
2.11431e-07	52
2.12285e-07	52
2.12865e-07	52
2.18349e-07	52
2.18833e-07	52
2.19449e-07	52
2.19526e-07	52
2.198e-07	52
2.26902e-07	52
2.28643e-07	52
2.29231e-07	52
2.30487e-07	52
2.32356e-07	52
2.44042e-07	52
2.45991e-07	52
2.54827e-07	52
2.59469e-07	52
2.61602e-07	52
2.62043e-07	52
2.63866e-07	52
2.65149e-07	52
2.68559e-07	52
2.82791e-07	52
2.85654e-07	52
2.87078e-07	52
2.89886e-07	52
2.97434e-07	52
3.03389e-07	52
3.04517e-07	52
3.05275e-07	52
3.08381e-07	52
3.18402e-07	52
3.19488e-07	52
3.21059e-07	52
3.29793e-07	52
3.34973e-07	52
3.41821e-07	52
3.49242e-07	52
3.49547e-07	52
3.49554e-07	52
3.59324e-07	52
3.598e-07	52
3.61156e-07	52
3.62011e-07	52
3.64706e-07	52
3.65624e-07	52
3.71015e-07	52
3.73385e-07	52
3.73624e-07	52
3.76541e-07	52
3.77721e-07	52
3.81181e-07	52
3.83196e-07	52
3.87188e-07	52
3.89964e-07	52
3.97347e-07	52
3.99777e-07	52
4.00126e-07	52
4.01194e-07	52
4.05091e-07	52
4.07552e-07	52
4.1003e-07	52
4.14176e-07	52
4.2557e-07	52
4.2683e-07	52
4.31107e-07	52
4.31656e-07	52
4.35006e-07	52
4.37447e-07	52
4.42765e-07	52
4.46404e-07	52
4.49009e-07	52
4.61412e-07	52
4.62343e-07	52
4.64199e-07	52
4.64733e-07	52
4.78293e-07	52
4.81637e-07	52
4.83818e-07	52
4.91748e-07	52
4.92523e-07	52
4.93148e-07	52
4.98856e-07	52
4.99127e-07	52
4.99921e-07	52
5.06558e-07	52
5.08457e-07	52
5.11348e-07	52
5.13306e-07	52
5.25348e-07	52
5.26197e-07	52
5.40116e-07	52
5.41756e-07	52
5.41857e-07	52
5.43526e-07	52
5.50362e-07	52
5.51529e-07	52
5.54759e-07	52
5.6159e-07	52
5.67627e-07	52
5.76427e-07	52
5.78336e-07	52
5.82066e-07	52
5.85615e-07	52
5.90542e-07	52
5.95893e-07	52
5.98017e-07	52
6.1198e-07	52
6.18103e-07	52
6.23957e-07	52
6.26265e-07	52
6.27613e-07	52
6.28168e-07	52
6.29347e-07	52
6.33241e-07	52
6.39644e-07	52
6.43566e-07	52
6.44889e-07	52
6.47286e-07	52
6.53146e-07	52
6.65691e-07	52
6.66423e-07	52
6.70417e-07	52
6.74034e-07	52
6.7601e-07	52
6.86726e-07	52
6.90389e-07	52
7.04775e-07	52
7.08483e-07	52
7.11903e-07	52
7.14007e-07	52
7.15383e-07	52
7.15751e-07	52
7.16301e-07	52
7.1823e-07	52
7.18802e-07	52
7.22012e-07	52
7.26375e-07	52
7.29044e-07	52
7.33636e-07	52
7.36938e-07	52
7.39179e-07	52
7.43329e-07	52
7.43834e-07	52
7.44802e-07	52
7.44989e-07	52
7.54505e-07	52
7.59494e-07	52
7.69355e-07	52
7.71041e-07	52
7.78215e-07	52
7.78914e-07	52
7.84001e-07	52
7.90083e-07	52
8.03668e-07	52
8.05385e-07	52
8.05816e-07	52
8.10054e-07	52
8.19035e-07	52
8.19748e-07	52
8.21317e-07	52
8.25846e-07	52
8.31895e-07	52
8.35821e-07	52
8.35891e-07	52
8.5151e-07	52
8.6849e-07	52
8.6887e-07	52
8.69234e-07	52
8.70104e-07	52
8.725e-07	52
8.74756e-07	52
8.85287e-07	52
8.85445e-07	52
8.91634e-07	52
8.94097e-07	52
8.96194e-07	52
8.99562e-07	52
9.00719e-07	52
9.2124e-07	52
9.26139e-07	52
9.29341e-07	52
9.33456e-07	52
9.34887e-07	52
9.41648e-07	52
9.44648e-07	52
9.4686e-07	52
9.54612e-07	52
9.6636e-07	52
9.67099e-07	52
9.72628e-07	52
9.73611e-07	52
9.81762e-07	52
9.81865e-07	52
9.98276e-07	52
1.00195e-06	52
1.00292e-06	52
1.02099e-06	52
1.02396e-06	52
1.02668e-06	52
1.02922e-06	52
1.03706e-06	52
1.05111e-06	52
1.06217e-06	52
1.06391e-06	52
1.06674e-06	52
1.07354e-06	52
1.09049e-06	52
1.09777e-06	52
1.1092e-06	52
1.11351e-06	52
1.11634e-06	52
1.13168e-06	52
1.14541e-06	52
1.14836e-06	52
1.15342e-06	52
1.16283e-06	52
1.17289e-06	52
1.1763e-06	52
1.18394e-06	52
1.18905e-06	52
1.19269e-06	52
1.23337e-06	52
1.23343e-06	52
1.25457e-06	52
1.27217e-06	52
1.27924e-06	52
1.29136e-06	52
1.31964e-06	52
1.32031e-06	52
1.3378e-06	52
1.34093e-06	52
1.3645e-06	52
1.38626e-06	52
1.40991e-06	52
1.4322e-06	52
1.43729e-06	52
1.44153e-06	52
1.45531e-06	52
1.47485e-06	52
1.47806e-06	52
1.48619e-06	52
1.48972e-06	52
1.48985e-06	52
1.49854e-06	52
1.51331e-06	52
1.56418e-06	52
1.59705e-06	52
1.60067e-06	52
1.60833e-06	52
1.61335e-06	52
1.61526e-06	52
1.61904e-06	52
1.62055e-06	52
1.64128e-06	52
1.66816e-06	52
1.67343e-06	52
1.68078e-06	52
1.68226e-06	52
1.69926e-06	52
1.71289e-06	52
1.71403e-06	52
1.74325e-06	52
1.74856e-06	52
1.75635e-06	52
1.76899e-06	52
1.76917e-06	52
1.77364e-06	52
1.79648e-06	52
1.83415e-06	52
1.84268e-06	52
1.86138e-06	52
1.87141e-06	52
1.88587e-06	52
1.94588e-06	52
1.94609e-06	52
1.96708e-06	52
1.97071e-06	52
1.99729e-06	52
2.01137e-06	52
2.0262e-06	52
2.03469e-06	52
2.036e-06	52
2.05542e-06	52
2.07293e-06	52
2.07324e-06	52
2.10417e-06	52
2.12943e-06	52
2.13987e-06	52
2.16312e-06	52
2.18945e-06	52
2.19099e-06	52
2.227e-06	52
2.23119e-06	52
2.27144e-06	52
2.30156e-06	52
2.34248e-06	52
2.35487e-06	52
2.35529e-06	52
2.35992e-06	52
2.36275e-06	52
2.38848e-06	52
2.39485e-06	52
2.57821e-06	52
2.60941e-06	52
2.63405e-06	52
2.65542e-06	52
2.66339e-06	52
2.71023e-06	52
2.71415e-06	52
2.72522e-06	52
2.72651e-06	52
2.76341e-06	52
2.78417e-06	52
2.84854e-06	52
2.99797e-06	52
2.99957e-06	52
3.0959e-06	52
3.10974e-06	52
3.14194e-06	52
3.22117e-06	52
3.24651e-06	52
3.26438e-06	52
3.27375e-06	52
3.27983e-06	52
3.32618e-06	52
3.42571e-06	52
3.44601e-06	52
3.46993e-06	52
3.53062e-06	52
3.56631e-06	52
3.60044e-06	52
3.67734e-06	52
3.72397e-06	52
3.77261e-06	52
3.78086e-06	52
3.78341e-06	52
3.82963e-06	52
3.87212e-06	52
3.87443e-06	52
4.03182e-06	52
4.03926e-06	52
4.17092e-06	52
4.21797e-06	52
4.22428e-06	52
4.23859e-06	52
4.25372e-06	52
4.25807e-06	52
4.3152e-06	52
4.32997e-06	52
4.34463e-06	52
4.42332e-06	52
4.44095e-06	52
4.49776e-06	52
4.54503e-06	52
4.55077e-06	52
4.62726e-06	52
4.78357e-06	52
5.05173e-06	52
5.11441e-06	52
5.18389e-06	52
5.26036e-06	52
5.30211e-06	52
5.42762e-06	52
5.46424e-06	52
5.59668e-06	52
5.63759e-06	52
5.75667e-06	52
5.79429e-06	52
5.80764e-06	52
5.87322e-06	52
5.94841e-06	52
5.9906e-06	52
6.13147e-06	52
6.15467e-06	52
6.21441e-06	52
6.248e-06	52
6.26437e-06	52
6.34315e-06	52
6.43695e-06	52
6.46957e-06	52
6.53322e-06	52
6.59021e-06	52
6.67357e-06	52
6.67413e-06	52
6.83194e-06	52
6.84189e-06	52
6.98391e-06	52
7.07895e-06	52
7.19433e-06	52
7.2366e-06	52
7.38821e-06	52
7.43774e-06	52
7.47962e-06	52
7.55069e-06	52
7.84431e-06	52
7.9423e-06	52
7.94982e-06	52
8.15854e-06	52
8.30336e-06	52
8.48069e-06	52
8.58809e-06	52
9.00443e-06	52
9.1945e-06	52
9.27429e-06	52
9.41528e-06	52
9.51596e-06	52
9.58412e-06	52
9.69732e-06	52
9.73333e-06	52
9.81862e-06	52
9.84025e-06	52
1.0221e-05	52
1.03893e-05	52
1.04122e-05	52
1.04672e-05	52
1.06973e-05	52
1.08777e-05	52
1.08953e-05	52
1.11362e-05	52
1.11411e-05	52
1.11895e-05	52
1.13501e-05	52
1.1375e-05	52
1.14527e-05	52
1.15222e-05	52
1.15995e-05	52
1.17218e-05	52
1.17665e-05	52
1.17826e-05	52
1.18214e-05	52
1.19308e-05	52
1.20214e-05	52
1.20284e-05	52
1.20562e-05	52
1.20793e-05	52
1.21819e-05	52
1.23387e-05	52
1.23884e-05	52
1.24415e-05	52
1.24661e-05	52
1.24838e-05	52
1.28135e-05	52
1.29744e-05	52
1.31215e-05	52
1.33154e-05	52
1.33198e-05	52
1.34129e-05	52
1.36554e-05	52
1.37664e-05	52
1.37689e-05	52
1.38097e-05	52
1.38851e-05	52
1.39756e-05	52
1.40542e-05	52
1.4215e-05	52
1.43651e-05	52
1.43764e-05	52
1.45327e-05	52
1.45736e-05	52
1.46978e-05	52
1.48027e-05	52
1.48268e-05	52
1.49229e-05	52
1.49374e-05	52
1.51209e-05	52
1.53427e-05	52
1.54171e-05	52
1.54476e-05	52
1.56623e-05	52
1.56793e-05	52
1.60156e-05	52
1.60809e-05	52
1.61837e-05	52
1.61885e-05	52
1.62154e-05	52
1.64165e-05	52
1.64431e-05	52
1.64893e-05	52
1.66639e-05	52
1.68414e-05	52
1.68421e-05	52
1.71363e-05	52
1.72045e-05	52
1.72274e-05	52
1.74929e-05	52
1.78242e-05	52
1.8666e-05	52
1.87383e-05	52
1.878e-05	52
1.88495e-05	52
1.88696e-05	52
1.89537e-05	52
1.8957e-05	52
1.91154e-05	52
1.91457e-05	52
1.91548e-05	52
1.9217e-05	52
1.92185e-05	52
1.92777e-05	52
1.93915e-05	52
1.94312e-05	52
1.94633e-05	52
1.95776e-05	52
1.959e-05	52
1.9655e-05	52
1.97444e-05	52
1.97684e-05	52
2.00275e-05	52
2.00289e-05	52
2.0068e-05	52
2.02046e-05	52
2.02247e-05	52
2.02916e-05	52
2.03962e-05	52
2.04379e-05	52
2.05926e-05	52
2.06735e-05	52
2.07294e-05	52
2.07671e-05	52
2.08868e-05	52
2.0938e-05	52
2.10358e-05	52
2.12905e-05	52
2.15517e-05	52
2.15528e-05	52
2.17014e-05	52
2.1908e-05	52
2.1998e-05	52
2.23197e-05	52
2.25762e-05	52
2.26218e-05	52
2.26317e-05	52
2.26868e-05	52
2.28716e-05	52
2.30033e-05	52
2.30235e-05	52
2.31358e-05	52
2.32243e-05	52
2.32271e-05	52
2.32997e-05	52
2.33948e-05	52
2.33983e-05	52
2.3479e-05	52
2.35765e-05	52
2.39678e-05	52
2.39728e-05	52
2.4367e-05	52
2.43969e-05	52
2.46456e-05	52
2.46626e-05	52
2.46824e-05	52
2.47132e-05	52
2.47178e-05	52
2.4761e-05	52
2.47702e-05	52
2.48114e-05	52
2.48684e-05	52
2.49209e-05	52
2.50136e-05	52
2.51981e-05	52
2.52466e-05	52
2.55346e-05	52
2.57307e-05	52
2.5756e-05	52
2.60282e-05	52
2.60508e-05	52
2.61321e-05	52
2.61479e-05	52
2.62158e-05	52
2.70611e-05	52
2.71063e-05	52
2.72155e-05	52
2.73035e-05	52
2.74595e-05	52
2.75448e-05	52
2.77193e-05	52
2.77701e-05	52
2.78154e-05	52
2.78679e-05	52
2.841e-05	52
2.85746e-05	52
2.85809e-05	52
2.87733e-05	52
2.88162e-05	52
2.88501e-05	52
2.90374e-05	52
2.92325e-05	52
2.93172e-05	52
2.93797e-05	52
2.96562e-05	52
2.96599e-05	52
3.00068e-05	52
3.00736e-05	52
3.02511e-05	52
3.0273e-05	52
3.0388e-05	52
3.03932e-05	52
3.042e-05	52
3.07608e-05	52
3.10602e-05	52
3.10915e-05	52
3.11536e-05	52
3.11806e-05	52
3.12568e-05	52
3.13505e-05	52
3.13989e-05	52
3.14053e-05	52
3.16389e-05	52
3.18138e-05	52
3.19284e-05	52
3.19819e-05	52
3.2072e-05	52
3.21258e-05	52
3.21484e-05	52
3.22996e-05	52
3.23014e-05	52
3.24942e-05	52
3.26478e-05	52
3.28776e-05	52
3.29894e-05	52
3.32122e-05	52
3.32167e-05	52
3.33516e-05	52
3.38914e-05	52
3.3998e-05	52
3.41928e-05	52
3.42565e-05	52
3.42691e-05	52
3.43103e-05	52
3.43199e-05	52
3.53299e-05	52
3.53974e-05	52
3.55138e-05	52
3.57186e-05	52
3.57654e-05	52
3.57706e-05	52
3.5947e-05	52
3.60087e-05	52
3.60318e-05	52
3.61167e-05	52
3.61533e-05	52
3.62923e-05	52
3.64996e-05	52
3.69283e-05	52
3.69867e-05	52
3.70115e-05	52
3.70598e-05	52
3.72153e-05	52
3.75683e-05	52
3.76563e-05	52
3.77412e-05	52
3.80083e-05	52
3.81331e-05	52
3.85146e-05	52
3.87131e-05	52
3.87723e-05	52
3.93961e-05	52
3.94976e-05	52
3.96139e-05	52
3.97336e-05	52
3.98616e-05	52
3.99537e-05	52
4.00551e-05	52
4.01152e-05	52
4.01865e-05	52
4.02751e-05	52
4.0281e-05	52
4.02879e-05	52
4.05087e-05	52
4.0574e-05	52
4.08587e-05	52
4.08793e-05	52
4.09757e-05	52
4.10669e-05	52
4.11449e-05	52
4.13146e-05	52
4.16151e-05	52
4.19295e-05	52
4.19614e-05	52
4.25973e-05	52
4.26646e-05	52
4.28067e-05	52
4.29252e-05	52
4.30688e-05	52
4.31425e-05	52
4.32316e-05	52
4.32378e-05	52
4.35301e-05	52
4.3661e-05	52
4.37146e-05	52
4.37885e-05	52
4.38439e-05	52
4.39243e-05	52
4.41923e-05	52
4.4314e-05	52
4.4552e-05	52
4.45981e-05	52
4.47239e-05	52
4.48464e-05	52
4.52238e-05	52
4.52448e-05	52
4.52933e-05	52
4.54923e-05	52
4.55359e-05	52
4.57499e-05	52
4.62579e-05	52
4.64548e-05	52
4.65065e-05	52
4.67012e-05	52
4.67915e-05	52
4.69185e-05	52
4.69865e-05	52
4.70867e-05	52
4.71337e-05	52
4.71687e-05	52
4.75771e-05	52
4.77216e-05	52
4.79578e-05	52
4.82609e-05	52
4.86812e-05	52
4.88453e-05	52
4.91079e-05	52
4.95886e-05	52
4.96351e-05	52
4.96618e-05	52
4.9857e-05	52
4.99432e-05	52
5.02928e-05	52
5.02993e-05	52
5.04363e-05	52
5.11711e-05	52
5.16513e-05	52
5.17238e-05	52
5.19727e-05	52
5.23482e-05	52
5.24002e-05	52
5.29006e-05	52
5.29297e-05	52
5.35479e-05	52
5.35912e-05	52
5.40486e-05	52
5.42525e-05	52
5.43578e-05	52
5.43747e-05	52
5.43816e-05	52
5.44219e-05	52
5.45105e-05	52
5.46018e-05	52
5.462e-05	52
5.48962e-05	52
5.49143e-05	52
5.51196e-05	52
5.5319e-05	52
5.5334e-05	52
5.55328e-05	52
5.55385e-05	52
5.58476e-05	52
5.59333e-05	52
5.59589e-05	52
5.60232e-05	52
5.60506e-05	52
5.62346e-05	52
5.62355e-05	52
5.63051e-05	52
5.63861e-05	52
5.64143e-05	52
5.65211e-05	52
5.65246e-05	52
5.66227e-05	52
5.68686e-05	52
5.71497e-05	52
5.71601e-05	52
5.722e-05	52
5.7302e-05	52
5.73808e-05	52
5.74551e-05	52
5.78777e-05	52
5.79737e-05	52
5.80357e-05	52
5.8283e-05	52
5.85863e-05	52
5.85881e-05	52
5.86229e-05	52
5.93875e-05	52
5.94008e-05	52
5.94617e-05	52
5.99717e-05	52
6.004e-05	52
6.0102e-05	52
6.01144e-05	52
6.02791e-05	52
6.03286e-05	52
6.03968e-05	52
6.04209e-05	52
6.10561e-05	52
6.11596e-05	52
6.13337e-05	52
6.16937e-05	52
6.16946e-05	52
6.17002e-05	52
6.20722e-05	52
6.25057e-05	52
6.26379e-05	52
6.28495e-05	52
6.28776e-05	52
6.29009e-05	52
6.31794e-05	52
6.33208e-05	52
6.41449e-05	52
6.44777e-05	52
6.47047e-05	52
6.47482e-05	52
6.47993e-05	52
6.49003e-05	52
6.50712e-05	52
6.51226e-05	52
6.5193e-05	52
6.53305e-05	52
6.55409e-05	52
6.5543e-05	52
6.56302e-05	52
6.57098e-05	52
6.57281e-05	52
6.57402e-05	52
6.59705e-05	52
6.6333e-05	52
6.68108e-05	52
6.68193e-05	52
6.69719e-05	52
6.71207e-05	52
6.7186e-05	52
6.72347e-05	52
6.72417e-05	52
6.73184e-05	52
6.75036e-05	52
6.75659e-05	52
6.77831e-05	52
6.83497e-05	52
6.93435e-05	52
6.93778e-05	52
7.01731e-05	52
7.02241e-05	52
7.06683e-05	52
7.11383e-05	52
7.12746e-05	52
7.15717e-05	52
7.17847e-05	52
7.18079e-05	52
7.19184e-05	52
7.25711e-05	52
7.2968e-05	52
7.32348e-05	52
7.34362e-05	52
7.34641e-05	52
7.34893e-05	52
7.35599e-05	52
7.40235e-05	52
7.41662e-05	52
7.43799e-05	52
7.52535e-05	52
7.54655e-05	52
7.5598e-05	52
7.62158e-05	52
7.68277e-05	52
7.69085e-05	52
7.70875e-05	52
7.73477e-05	52
7.75797e-05	52
7.76396e-05	52
7.76439e-05	52
7.76531e-05	52
7.76834e-05	52
7.87552e-05	52
7.88462e-05	52
7.90506e-05	52
7.92903e-05	52
7.93365e-05	52
7.93546e-05	52
7.94979e-05	52
7.96688e-05	52
7.97721e-05	52
7.99269e-05	52
8.00577e-05	52
8.03164e-05	52
8.03361e-05	52
8.06601e-05	52
8.07553e-05	52
8.10962e-05	52
8.15222e-05	52
8.19727e-05	52
8.27e-05	52
8.29173e-05	52
8.31077e-05	52
8.32028e-05	52
8.33957e-05	52
8.34795e-05	52
8.37105e-05	52
8.38042e-05	52
8.38132e-05	52
8.39313e-05	52
8.40475e-05	52
8.47421e-05	52
8.47845e-05	52
8.49459e-05	52
8.50908e-05	52
8.5263e-05	52
8.59925e-05	52
8.6099e-05	52
8.62488e-05	52
8.6407e-05	52
8.64946e-05	52
8.67165e-05	52
8.6879e-05	52
8.69731e-05	52
8.72138e-05	52
8.77463e-05	52
8.80838e-05	52
8.81841e-05	52
8.82653e-05	52
8.87867e-05	52
8.96217e-05	52
8.98228e-05	52
9.03127e-05	52
9.0366e-05	52
9.05652e-05	52
9.07328e-05	52
9.07658e-05	52
9.1272e-05	52
9.13614e-05	52
9.13847e-05	52
9.14545e-05	52
9.16696e-05	52
9.22371e-05	52
9.26137e-05	52
9.28927e-05	52
9.31276e-05	52
9.3381e-05	52
9.34902e-05	52
9.3508e-05	52
9.35746e-05	52
9.38753e-05	52
9.40156e-05	52
9.45935e-05	52
9.47158e-05	52
9.47463e-05	52
9.55876e-05	52
9.58749e-05	52
9.63201e-05	52
9.72297e-05	52
9.7338e-05	52
9.7477e-05	52
9.75821e-05	52
9.78386e-05	52
9.78489e-05	52
9.83076e-05	52
9.83088e-05	52
9.85489e-05	52
9.87745e-05	52
9.95596e-05	52
0.000100014	52
0.000100044	52
0.000100167	52
0.000100284	52
0.000101059	52
0.00010159	52
0.000102301	52
0.00010243	52
0.000102597	52
0.000102769	52
0.000102823	52
0.000103459	52
0.000103539	52
0.000103607	52
0.00010415	52
0.000104504	52
0.000104637	52
0.000104689	52
0.000105419	52
0.000105571	52
0.000105574	52
0.000106782	52
0.000107315	52
0.000108925	52
0.000109599	52
0.000109667	52
0.000109934	52
0.00010997	52
0.000109984	52
0.000110186	52
0.000110191	52
0.000110243	52
0.000110711	52
0.000110761	52
0.000111145	52
0.000111681	52
0.000112675	52
0.000112812	52
0.000113492	52
0.00011437	52
0.000114783	52
0.000114821	52
0.000114939	52
0.000115435	52
0.000115546	52
0.000116016	52
0.000116028	52
0.000116749	52
0.000117253	52
0.000117382	52
0.000117409	52
0.000117708	52
0.000117938	52
0.000118646	52
0.000118903	52
0.000119474	52
0.000120194	52
0.000120275	52
0.000120796	52
0.000121366	52
0.000121635	52
0.000121997	52
0.000122122	52
0.000122152	52
0.000122425	52
0.000122635	52
0.00012298	52
0.00012306	52
0.000123272	52
0.000124425	52
0.000124692	52
0.000125307	52
0.00012566	52
0.000125783	52
0.000125785	52
0.000126685	52
0.000126709	52
0.000127008	52
0.000127051	52
0.000128268	52
0.000128543	52
0.00012857	52
0.000129381	52
0.000130273	52
0.000130867	52
0.000131101	52
0.000131384	52
0.000131609	52
0.00013172	52
0.000132351	52
0.000133862	52
0.000134084	52
0.000134227	52
0.000134574	52
0.000135218	52
0.000135341	52
0.000135496	52
0.000135672	52
0.000135685	52
0.000135937	52
0.000135986	52
0.000136816	52
0.000136951	52
0.000136968	52
0.000137163	52
0.000137275	52
0.000137354	52
0.000137501	52
0.000137968	52
0.000138069	52
0.000138262	52
0.00013836	52
0.000139499	52
0.000139683	52
0.000139817	52
0.000140309	52
0.000140968	52
0.000141777	52
0.000142441	52
0.000142688	52
0.000143063	52
0.00014321	52
0.000143359	52
0.000143642	52
0.000144132	52
0.000144225	52
0.000144582	52
0.000144753	52
0.000146048	52
0.00014646	52
0.000146759	52
0.0001469	52
0.000147382	52
0.000148722	52
0.000148727	52
0.000149156	52
0.000149563	52
0.000149958	52
0.000151108	52
0.000151652	52
0.000151751	52
0.000151957	52
0.000152228	52
0.000153482	52
0.000153617	52
0.000153714	52
0.000153886	52
0.000154275	52
0.000154463	52
0.000155152	52
0.000155438	52
0.000155542	52
0.000156249	52
0.000156382	52
0.000156784	52
0.000157226	52
0.000157444	52
0.000158001	52
0.000158533	52
0.000158827	52
0.000159333	52
0.000159456	52
0.000159723	52
0.000160362	52
0.000161466	52
0.000161648	52
0.000162069	52
0.000163767	52
0.000163931	52
0.000164923	52
0.000165502	52
0.000165596	52
0.000166021	52
0.000166064	52
0.000168572	52
0.000168778	52
0.000170048	52
0.000170732	52
0.000171194	52
0.000171706	52
0.000172081	52
0.000172627	52
0.000173474	52
0.000173871	52
0.000174141	52
0.000174469	52
0.000175748	52
0.000176221	52
0.000177475	52
0.00017785	52
0.000178232	52
0.000179101	52
0.000179964	52
0.000180009	52
0.000180678	52
0.000180799	52
0.000180983	52
0.000182228	52
0.000182489	52
0.000183203	52
0.000183788	52
0.000184735	52
0.000184948	52
0.000185249	52
0.000186032	52
0.000190381	52
0.000190605	52
0.000190772	52
0.000191195	52
0.000191539	52
0.000192055	52
0.000193326	52
0.000193732	52
0.00019377	52
0.000193895	52
0.000197171	52
0.000197892	52
0.00019792	52
0.000198008	52
0.000198012	52
0.000198896	52
0.00019972	52
0.000200176	52
0.000200314	52
0.000200566	52
0.00020088	52
0.000201522	52
0.00020207	52
0.00020273	52
0.000203027	52
0.000203799	52
0.000204773	52
0.00020522	52
0.000206105	52
0.000208117	52
0.000208292	52
0.000208475	52
0.000209617	52
0.000210228	52
0.000210888	52
0.00021177	52
0.000215083	52
0.000215416	52
0.000215492	52
0.000215784	52
0.000217164	52
0.000218301	52
0.00021989	52
0.000221652	52
0.000222069	52
0.000222239	52
0.000222786	52
0.000223215	52
0.000224572	52
0.000225089	52
0.000225235	52
0.000225691	52
0.00022691	52
0.000227843	52
0.000229259	52
0.000229599	52
0.000231584	52
0.000231689	52
0.000232629	52
0.000234708	52
0.000235108	52
0.000236524	52
0.000236953	52
0.000236957	52
0.000238285	52
0.000238789	52
0.000238861	52
0.000239213	52
0.000239601	52
0.000241976	52
0.000243076	52
0.000244306	52
0.000244969	52
0.000246925	52
0.000250281	52
0.000251276	52
0.000251428	52
0.000251879	52
0.000252168	52
0.000252938	52
0.000254341	52
0.000254447	52
0.000255191	52
0.000255392	52
0.00025682	52
0.00025843	52
0.000259354	52
0.000260164	52
0.000261019	52
0.000261232	52
0.000262461	52
0.000264364	52
0.000265308	52
0.00026575	52
0.000267947	52
0.000267985	52
0.000268874	52
0.000269115	52
0.000269867	52
0.000271918	52
0.00027305	52
0.000273423	52
0.000274011	52
0.00027604	52
0.000276249	52
0.00027698	52
0.000277101	52
0.000280415	52
0.000281119	52
0.000282955	52
0.000283831	52
0.000286459	52
0.000286569	52
0.000287046	52
0.000287308	52
0.000287442	52
0.000287986	52
0.000289341	52
0.00029022	52
0.000293092	52
0.000293698	52
0.000296139	52
0.000296234	52
0.000299143	52
0.000299968	52
0.00030059	52
0.000300931	52
0.000302394	52
0.000305272	52
0.000305357	52
0.000305617	52
0.000306419	52
0.000308567	52
0.000310134	52
0.000310307	52
0.000310379	52
0.000310819	52
0.000311656	52
0.000312048	52
0.00031405	52
0.00031441	52
0.00031674	52
0.000317416	52
0.000318147	52
0.000320199	52
0.000320204	52
0.000320961	52
0.000325268	52
0.000325933	52
0.000328099	52
0.000330039	52
0.000330538	52
0.000330559	52
0.000332347	52
0.000333299	52
0.000334961	52
0.000336383	52
0.000337261	52
0.000339192	52
0.000343127	52
0.00034358	52
0.00034482	52
0.000346686	52
0.000348959	52
0.000350207	52
0.000350921	52
0.000353347	52
0.000355492	52
0.000356244	52
0.000358047	52
0.000359182	52
0.000361422	52
0.000365175	52
0.000366361	52
0.000367971	52
0.000369578	52
0.000369748	52
0.000370661	52
0.000370703	52
0.00037346	52
0.000375136	52
0.000376139	52
0.00037647	52
0.00038039	52
0.000381959	52
0.000382612	52
0.000383844	52
0.000385115	52
0.000386577	52
0.000387734	52
0.000389633	52
0.000392666	52
0.000400655	52
0.000403046	52
0.000404689	52
0.000405166	52
0.000405223	52
0.000411845	52
0.000411867	52
0.000413589	52
0.000413916	52
0.000417117	52
0.000419248	52
0.000419412	52
0.000420686	52
0.000425293	52
0.000427081	52
0.000428692	52
0.000436595	52
0.000436632	52
0.000437461	52
0.000441745	52
0.000451222	52
0.000454876	52
0.000456554	52
0.000461087	52
0.00046227	52
0.000464678	52
0.000466511	52
0.000485159	52
0.000485267	52
0.000487147	52
0.000488942	52
0.000497512	52
0.000497947	52
0.000514205	52
0.000515818	52
0.000517585	52
0.000519157	52
0.000519237	52
0.00052137	52
0.000523753	52
0.000526799	52
0.000540355	52
0.000543665	52
0.000547732	52
0.000557533	52
0.000564633	52
0.000568073	52
0.000570186	52
0.000570922	52
0.000576992	52
0.000579644	52
0.000579971	52
0.00058157	52
0.000583803	52
0.000590465	52
0.000595716	52
0.00059703	52
0.000607213	52
0.000611941	52
0.00061523	52
0.000615984	52
0.000616349	52
0.000628904	52
0.000637138	52
0.000637182	52
0.000637728	52
0.000638117	52
0.000639316	52
0.00064786	52
0.000660028	52
0.000673004	52
0.00068305	52
0.000690436	52
0.000693289	52
0.000706045	52
0.000714834	52
0.000714935	52
0.000715594	52
0.000721638	52
0.000727356	52
0.000730116	52
0.000731358	52
0.000734304	52
0.000743105	52
0.000759189	52
0.0007774	52
0.00077897	52
0.000790304	52
0.000802674	52
0.000810234	52
0.000813613	52
0.000813638	52
0.000827184	52
0.000829842	52
0.000835109	52
0.000840259	52
0.000845888	52
0.000848422	52
0.000850546	52
0.000851726	52
0.000857012	52
0.000865109	52
0.00089902	52
0.000906782	52
0.000907714	52
0.000908708	52
0.000910208	52
0.000914085	52
0.00093639	52
0.000941171	52
0.000962376	52
0.000966818	52
0.000981638	52
0.0010351	52
0.00103752	52
0.00104126	52
0.00106158	52
0.0010933	52
0.00112886	52
0.0011667	52
0.00116751	52
0.00119845	52
0.00121498	52
0.00127065	52
0.00128256	52
0.00130478	52
0.0013411	52
0.0013422	52
0.00153797	52
0.00156574	52
0.00167856	52
0.00168648	52
0.00201366	52
0.00201533	52
0.00232212	52
0.0026262	52
0.0141536	52
0.0141537	52
0.0141539	52
0.014154	52
0.014154	52
0.0141541	52
0.0141541	52
0.0141541	52
0.0141541	52
0.0141542	52
0.0141542	52
0.0141544	52
0.0141544	52
0.0141544	52
0.0141546	52
0.0141547	52
0.0141547	52
0.0141549	52
0.0141549	52
0.0141549	52
0.014155	52
0.014155	52
0.014155	52
0.0141551	52
0.0141551	52
0.0141551	52
0.0141552	52
0.0141553	52
0.0141553	52
0.0141554	52
0.0141555	52
0.0141555	52
0.0141555	52
0.0141556	52
0.0141556	52
0.0141557	52
0.0141559	52
0.0141562	52
0.0141562	52
0.0141566	52
0.0141568	52
0.0141572	52
0.0141573	52
0.0141573	52
0.0141574	52
0.0141575	52
0.0141582	52
0.0141582	52
0.0141585	52
0.0141591	52
0.0141594	52
0.0141606	52
0.0141619	52
0.0141631	52
0.0141634	52
0.0141676	52
0.0141696	52
0.0141764	52
0.0141781	52
0.0141783	52
0.0141818	52
0.0141852	52
0.0141853	52
0.0141908	52
0.0141958	52
0.0141963	52
0.0142027	52
0.0142095	52
0.0142132	52
0.0142175	52
0.0142221	52
0.0142277	52
0.0142303	52
0.0142373	52
0.0142377	52
0.014244	52
0.0142508	52
0.0142532	52
0.0142544	52
0.0142585	52
0.0142641	52
0.0142791	52
0.0142795	52
0.0142917	52
0.0142945	52
0.0142982	52
0.0143134	52
0.0143176	52
0.0143179	52
0.0143459	52
0.0143631	52
0.0143655	52
0.0143755	52
0.0143991	52
0.0144245	52
0.0144271	52
0.0144274	52
0.0144617	52
0.0144771	52
0.0144832	52
0.0144878	52
0.0144887	52
0.0144938	52
0.0145216	52
0.0145228	52
0.0145466	52
0.0147176	52
0.0148096	52
0.0148175	52
0.01517	52
0.0151718	52
0.0151856	52
0.0151932	52
0.0151971	52
0.0152081	52
0.0152175	52
0.0152243	52
0.0152254	52
0.0152368	52
0.0152439	52
0.0152518	52
0.0152527	52
0.0152548	52
0.0152591	52
0.0152684	52
0.0152902	52
0.015306	52
0.0153424	52
0.0153599	52
0.0154195	52
0.015428	52
0.0154941	52
0.0155202	52
0.015576	52
0.0155832	52
0.0156059	52
0.0156723	52
0.0159674	52
0.0160916	52
0.0161088	52
0.0171847	52
0.0171857	52
0.0171857	52
0.0171859	52
0.0171864	52
0.0171882	52
0.0171889	52
0.0171901	52
0.0171904	52
0.0171927	52
0.0172918	52
0.0213791	52
0.0213801	52
0.0213801	52
0.0319158	52
0.0319158	52
0.0319158	52
0.0319158	52
0.0319158	52
0.0319158	52
0.0319159	52
0.0319159	52
0.031916	52
0.031916	52
0.031916	52
0.031916	52
0.031916	52
0.031916	52
0.031916	52
0.031916	52
0.031916	52
0.0319161	52
0.0319161	52
0.0319161	52
0.0319161	52
0.0319161	52
0.0319161	52
0.0319161	52
0.0319162	52
0.0319162	52
0.0319162	52
0.0319162	52
0.0319163	52
0.0319163	52
0.0319163	52
0.0319164	52
0.0319164	52
0.0319164	52
0.0319164	52
0.0319164	52
0.0319165	52
0.0319166	52
0.0319166	52
0.0319166	52
0.0319166	52
0.0319166	52
0.0319167	52
0.0319167	52
0.0319167	52
0.0319167	52
0.0319167	52
0.0319167	52
0.0319168	52
0.0319168	52
0.0319169	52
0.0319169	52
0.0319169	52
0.031917	52
0.0319171	52
0.0319172	52
0.0319172	52
0.0319172	52
0.0319172	52
0.0319173	52
0.0319173	52
0.0319174	52
0.0319174	52
0.0319174	52
0.0319174	52
0.0319174	52
0.0319175	52
0.0319175	52
0.0319175	52
0.0319176	52
0.0319176	52
0.0319177	52
0.0319179	52
0.0319179	52
0.0319179	52
0.031918	52
0.0319181	52
0.0319181	52
0.0319182	52
0.0319185	52
0.0319185	52
0.0319185	52
0.0319189	52
0.031919	52
0.0319195	52
0.0319198	52
0.03192	52
0.03192	52
0.03192	52
0.0319202	52
0.0319202	52
0.0319203	52
0.0319208	52
0.031921	52
0.0319216	52
0.0319224	52
0.031923	52
0.031923	52
0.0319231	52
0.031925	52
0.0319257	52
0.0319257	52
0.0319274	52
0.0319278	52
0.0319283	52
0.0319309	52
0.031932	52
0.0319343	52
0.0319408	52
0.0319439	52
0.0319482	52
0.0319516	52
0.0319677	52
0.0319725	52
0.0319759	52
0.0319807	52
0.0319869	52
0.0319926	52
0.0320006	52
0.0320028	52
0.0320072	52
0.032008	52
0.0320139	52
0.0320294	52
0.0320336	52
0.0320372	52
0.0320417	52
0.0320421	52
0.0320437	52
0.0320639	52
0.0320869	52
0.0321014	52
0.0321236	52
0.0321239	52
0.0321263	52
0.0321577	52
0.0321641	52
0.032314	52
0.0323874	52
0.0323875	52
0.0323884	52
0.0323887	52
0.0323894	52
0.0323896	52
0.0323901	52
0.0324048	52
0.0324121	52
0.0324501	52
0.0324577	52
0.0324625	52
0.0325357	52
0.0326503	52
0.0328444	52
0.0330297	52
0.0339184	52
0.0339185	52
0.0339191	52
0.0339191	52
0.0339225	52
0.0351788	52
0.0408926	52
0.0408937	52
0.0408953	52
0.0408966	52
0.0408976	52
0.0474152	52
0.0474153	52
0.0474184	52
0.0474285	52
0.0479572	52
0.0479659	52
0.047968	52
0.0480941	52
0.0486643	52
0.0486645	52
0.0486648	52
0.048665	52
0.0486661	52
0.0486663	52
0.0486666	52
0.0486685	52
0.0486699	52
0.0486748	52
0.0486758	52
0.0486762	52
0.0486784	52
0.0519703	52
0.0524287	52
0.0524289	52
0.052429	52
0.0524292	52
0.0524305	52
0.0524316	52
0.0524318	52
0.0524468	52
0.0548629	52
0.0548641	52
0.0548699	52
0.0583345	52
0.0583354	52
0.058342	52
0.0583447	52
0.0583542	52
0.0632177	52
0.0632177	52
0.0632178	52
0.0632182	52
0.0632188	52
0.063219	52
0.0632191	52
0.0632195	52
0.0632196	52
0.0632198	52
0.0632202	52
0.0632206	52
0.0632207	52
0.0632213	52
0.0632215	52
0.0632219	52
0.0632232	52
0.0632235	52
0.0632251	52
0.0632298	52
0.0632325	52
0.0632328	52
0.063247	52
0.0632586	52
0.0632715	52
0.0632733	52
0.0632836	52
0.0632925	52
0.063304	52
0.0633593	52
0.0633656	52
0.0634014	52
0.0635773	52
0.0636118	52
0.0637682	52
0.0639235	52
0.0649141	52
0.0670039	52
0.0727537	52
0.0727558	52
0.0727562	52
0.0727609	52
0.0727656	52
0.0728429	52
0.0749084	52
0.0749086	52
0.0749088	52
0.0749109	52
0.074911	52
0.0749112	52
0.0749138	52
0.0833254	52
0.0833362	52
0.0924485	52
0.0924486	52
0.0924489	52
0.0924511	52
0.0924569	52
0.0925512	52
0.0949664	52
0.0949689	52
0.0949984	52
0.101164	52
0.101164	52
0.101165	52
0.101168	52
0.101172	52
0.101173	52
0.101188	52
0.101206	52
0.101212	52
0.108411	52
0.108412	52
0.108415	52
0.108429	52
0.10846	52
0.116648	52
0.116652	52
0.116655	52
0.11666	52
0.116798	52
0.12465	52
0.124653	52
0.124657	52
0.126437	52
0.126442	52
0.126521	52
0.127066	52
0.127073	52
0.127081	52
0.127083	52
0.127089	52
0.142355	52
0.142355	52
0.142356	52
0.142356	52
0.142357	52
0.142358	52
0.142372	52
0.142378	52
0.147828	52
0.147837	52
0.147838	52
0.157579	52
0.157581	52
0.157581	52
0.157585	52
0.157585	52
0.157589	52
0.157616	52
0.158141	52
0.158148	52
0.159725	52
0.203104	52
0.203104	52
0.203104	52
0.203105	52
0.203105	52
0.203105	52
0.203108	52
0.203111	52
0.203118	52
0.203124	52
0.204758	52
0.204765	52
0.204779	52
0.214849	52
0.214864	52
0.215178	52
0.215191	52
0.215198	52
0.215202	52
0.220825	52
0.220825	52
0.22083	52
0.220845	52
0.225774	52
0.225775	52
0.225776	52
0.225776	52
0.225777	52
0.225781	52
0.225784	52
0.225789	52
0.225932	52
0.225961	52
0.225962	52
0.226016	52
0.228488	52
0.228498	52
0.22861	52
0.230251	52
0.230267	52
0.230352	52
0.246203	52
0.246204	52
0.246204	52
0.246205	52
0.246208	52
0.246217	52
0.246224	52
0.246225	52
0.257829	52
0.257831	52
0.257834	52
0.257834	52
0.257841	52
0.257852	52
0.260858	52
0.261534	52
0.261763	52
0.270166	52
0.270168	52
0.270169	52
0.270174	52
0.270189	52
0.280615	52
0.280616	52
0.280619	52
0.280625	52
0.280628	52
0.280646	52
0.283253	52
0.283255	52
0.283263	52
0.293255	52
0.293255	52
0.293262	52
0.293262	52
0.293263	52
0.293264	52
0.328853	52
0.328854	52
0.328854	52
0.328857	52
0.328857	52
0.328859	52
0.328866	52
0.337571	52
0.337577	52
0.337577	52
0.33758	52
0.36999	52
0.36999	52
0.369992	52
0.369992	52
0.369992	52
0.369996	52
0.370001	52
0.370007	52
0.370013	52
0.37561	52
0.37561	52
0.375623	52
0.375624	52
0.389221	52
0.389226	52
0.389226	52
0.389227	52
0.389228	52
0.3986	52
0.398601	52
0.407661	52
0.407661	52
0.407662	52
0.407663	52
0.407665	52
0.407668	52
0.408922	52
0.418659	52
0.418661	52
0.418663	52
0.418678	52
0.419023	52
0.419082	52
0.420898	52
0.4209	52
0.420901	52
0.427375	52
0.42738	52
0.42738	52
0.427386	52
0.427418	52
0.438106	52
0.438107	52
0.438108	52
0.438114	52
0.438121	52
0.438129	52
0.438273	52
0.438274	52
0.438284	52
0.438288	52
0.438551	52
0.440478	52
0.443613	52
0.443614	52
0.443615	52
0.443618	52
0.443619	52
0.443622	52
0.443623	52
0.443632	52
0.452103	52
0.452106	52
0.452111	52
0.452136	52
0.453666	52
0.453674	52
0.453682	52
0.459164	52
0.459164	52
0.459169	52
0.459192	52
0.466386	52
0.46639	52
0.466407	52
0.470464	52
0.470466	52
0.470467	52
0.47047	52
0.470477	52
0.501282	52
0.501282	52
0.501282	52
0.501282	52
0.501284	52
0.501288	52
0.501291	52
0.501305	52
0.506981	52
0.514816	52
0.514817	52
0.514818	52
0.514831	52
0.514933	52
0.517568	52
0.517571	52
0.517572	52
0.533483	52
0.533484	52
0.533522	52
0.554055	52
0.554055	52
0.554055	52
0.554057	52
0.55406	52
0.554061	52
0.554062	52
0.554064	52
0.554066	52
0.555597	52
0.555608	52
0.555627	52
0.556958	52
0.556969	52
0.556971	52
0.57704	52
0.57704	52
0.577042	52
0.577043	52
0.577044	52
0.57705	52
0.585262	52
0.585272	52
0.58528	52
0.585306	52
0.589621	52
0.589629	52
0.58963	52
0.589635	52
0.596055	52
0.596113	52
0.601435	52
0.601436	52
0.601439	52
0.601442	52
0.607443	52
0.607448	52
0.607448	52
0.607449	52
0.607451	52
0.607461	52
0.609157	52
0.612866	52
0.612911	52
0.612957	52
0.613349	52
0.613372	52
0.613389	52
0.615075	52
0.615084	52
0.615091	52
0.615098	52
0.630184	52
0.630203	52
0.630205	52
0.63028	52
0.641531	52
0.641536	52
0.641546	52
0.64155	52
0.644991	52
0.645036	52
0.646126	52
0.64613	52
0.646131	52
0.646164	52
0.665853	52
0.665854	52
0.665855	52
0.665855	52
0.665858	52
0.665879	52
0.66608	52
0.666084	52
0.666086	52
0.68874	52
0.688743	52
0.688744	52
0.688745	52
0.688746	52
0.688768	52
0.693671	52
0.693673	52
0.693747	52
0.703355	52
0.703356	52
0.703357	52
0.70336	52
0.70336	52
0.703386	52
0.707705	52
0.707705	52
0.707706	52
0.707746	52
0.708375	52
0.708398	52
0.709251	52
0.711317	52
0.711331	52
0.711393	52
0.715472	52
0.721646	52
0.721653	52
0.721659	52
0.722971	52
0.736924	52
0.736925	52
0.736927	52
0.736933	52
0.736937	52
0.736938	52
0.736938	52
0.736966	52
0.740835	52
0.74084	52
0.740849	52
0.740856	52
0.743351	52
0.743355	52
0.743394	52
0.745439	52
0.746188	52
0.746198	52
0.746233	52
0.777049	52
0.777049	52
0.77705	52
0.777053	52
0.777055	52
0.777056	52
0.777069	52
0.777131	52
0.778758	52
0.778777	52
0.77878	52
0.778818	52
0.785936	52
0.785936	52
0.785942	52
0.786048	52
0.787143	52
0.787156	52
0.787234	52
0.803442	52
0.803443	52
0.80347	52
0.803496	52
0.809947	52
0.809949	52
0.809973	52
0.832719	52
0.83272	52
0.832723	52
0.832729	52
0.832733	52
0.832757	52
0.837266	52
0.837271	52
0.837319	52
0.840476	52
0.840487	52
0.840498	52
0.840567	52
0.84968	52
0.84968	52
0.849683	52
0.852788	52
0.852794	52
0.88495	52
0.884951	52
0.884951	52
0.884955	52
0.884956	52
0.88496	52
0.884963	52
0.884976	52
0.884987	52
0.907419	52
0.90742	52
0.907422	52
0.907423	52
0.907423	52
0.907466	52
0.917739	52
0.91774	52
0.917754	52
0.917755	52
0.917756	52
0.917805	52
0.920504	52
0.920523	52
0.920533	52
0.922865	52
0.948728	52
0.948728	52
0.948728	52
0.948732	52
0.948739	52
0.948746	52
0.94876	52
0.955921	52
0.955929	52
0.95594	52
0.955948	52
0.956204	52
0.956208	52
0.956215	52
0.970832	52
0.970835	52
0.970853	52
0.970947	52
0.973134	52
0.973138	52
0.973361	52
0.973362	52
0.973405	52
0.973727	52
0.976236	52
0.976236	52
0.976244	52
0.976244	52
0.983863	52
0.983865	52
0.983871	52
0.986855	52
0.986858	52
0.986873	52
1.00944	52
1.00944	52
1.00944	52
1.00945	52
1.00945	52
1.00946	52
1.02176	52
1.02176	52
1.02176	52
1.02178	52
1.04561	52
1.04561	52
1.04561	52
1.04561	52
1.04562	52
1.04562	52
1.047	52
1.0551	52
1.0551	52
1.0551	52
1.0551	52
1.07679	52
1.07679	52
1.07679	52
1.07679	52
1.07679	52
1.07679	52
1.08477	52
1.08477	52
1.08477	52
1.10434	52
1.10434	52
1.10435	52
1.10435	52
1.10441	52
1.12047	52
1.12047	52
1.12047	52
1.12047	52
1.12047	52
1.12047	52
1.12049	52
1.12052	52
1.13503	52
1.13504	52
1.13799	52
1.13799	52
1.13799	52
1.13799	52
1.14031	52
1.14032	52
1.14032	52
1.14036	52
1.14159	52
1.1416	52
1.14161	52
1.1451	52
1.14511	52
1.14511	52
1.14511	52
1.14511	52
1.14512	52
1.1758	52
1.1758	52
1.17581	52
1.17581	52
1.19098	52
1.19098	52
1.19098	52
1.19099	52
1.19099	52
1.2002	52
1.2002	52
1.20021	52
1.20021	52
1.22482	52
1.22482	52
1.22482	52
1.22482	52
1.22482	52
1.22483	52
1.2416	52
1.2416	52
1.2416	52
1.2416	52
1.24161	52
1.24161	52
1.25312	52
1.25312	52
1.2535	52
1.2535	52
1.25351	52
1.25352	52
1.25838	52
1.25838	52
1.25839	52
1.25839	52
1.2675	52
1.2675	52
1.2675	52
1.29079	52
1.2908	52
1.2908	52
1.2908	52
1.2908	52
1.2908	52
1.29082	52
1.2996	52
1.2996	52
1.2996	52
1.2996	52
1.29964	52
1.30126	52
1.30126	52
1.30133	52
1.30627	52
1.30628	52
1.30628	52
1.30964	52
1.30964	52
1.30965	52
1.30965	52
1.33488	52
1.33488	52
1.33488	52
1.33489	52
1.33489	52
1.3452	52
1.3452	52
1.34521	52
1.34522	52
1.35866	52
1.35866	52
1.35866	52
1.36263	52
1.36265	52
1.3691	52
1.3691	52
1.36911	52
1.36913	52
1.37133	52
1.37134	52
1.38321	52
1.38321	52
1.38321	52
1.38321	52
1.38321	52
1.38322	52
1.38322	52
1.3835	52
1.3835	52
1.3835	52
1.38532	52
1.38533	52
1.38533	52
1.38533	52
1.40855	52
1.40855	52
1.40856	52
1.40857	52
1.40857	52
1.4355	52
1.4355	52
1.4355	52
1.4355	52
1.43551	52
1.43553	52
1.44391	52
1.44391	52
1.44394	52
1.46303	52
1.46303	52
1.46303	52
1.46303	52
1.46303	52
1.46745	52
1.46746	52
1.46747	52
1.46888	52
1.46889	52
1.46891	52
1.47008	52
1.47008	52
1.47009	52
1.49246	52
1.49246	52
1.49247	52
1.49247	52
1.49248	52
1.49248	52
1.4925	52
1.4939	52
1.51019	52
1.51019	52
1.51019	52
1.5102	52
1.51033	52
1.51033	52
1.51036	52
1.51038	52
1.51234	52
1.52049	52
1.5205	52
1.5205	52
1.5205	52
1.533	52
1.533	52
1.53301	52
1.53359	52
1.5336	52
1.5336	52
1.5449	52
1.54491	52
1.54492	52
1.56823	52
1.56823	52
1.56823	52
1.56823	52
1.56824	52
1.56824	52
1.57254	52
1.57254	52
1.57255	52
1.58166	52
1.58166	52
1.58166	52
1.58167	52
1.58168	52
1.60407	52
1.60407	52
1.60407	52
1.60407	52
1.60407	52
1.60411	52
1.61651	52
1.61651	52
1.61652	52
1.63837	52
1.63837	52
1.63837	52
1.63837	52
1.63837	52
1.65321	52
1.65321	52
1.65321	52
1.65321	52
1.65322	52
1.65323	52
1.66836	52
1.66836	52
1.66836	52
1.66838	52
1.67387	52
1.67801	52
1.68665	52
1.68666	52
1.68666	52
1.68672	52
1.68715	52
1.68715	52
1.68715	52
1.68734	52
1.70754	52
1.70754	52
1.70754	52
1.70754	52
1.70754	52
1.70755	52
1.70755	52
1.7169	52
1.71692	52
1.71692	52
1.71693	52
1.71842	52
1.71842	52
1.71843	52
1.7255	52
1.72551	52
1.76473	52
1.76474	52
1.76474	52
1.76474	52
1.76474	52
1.76474	52
1.76474	52
1.76475	52
1.76725	52
1.76726	52
1.76727	52
1.79773	52
1.79774	52
1.79774	52
1.79774	52
1.79775	52
1.79775	52
1.79826	52
1.79826	52
1.81338	52
1.81339	52
1.81339	52
1.8134	52
1.82722	52
1.82722	52
1.82723	52
1.82723	52
1.82723	52
1.82723	52
1.82725	52
1.82785	52
1.84262	52
1.84262	52
1.84264	52
1.84366	52
1.84379	52
1.84379	52
1.84382	52
1.84449	52
1.85995	52
1.85995	52
1.85996	52
1.85996	52
1.85996	52
1.85996	52
1.85996	52
1.85997	52
1.86315	52
1.86315	52
1.86316	52
1.86436	52
1.86436	52
1.86436	52
1.87052	52
1.87052	52
1.87053	52
1.87054	52
1.87647	52
1.8765	52
1.87651	52
1.88882	52
1.88883	52
1.88884	52
1.89063	52
1.89063	52
1.89063	52
1.89064	52
1.89223	52
1.89223	52
1.89224	52
1.91603	52
1.91603	52
1.91603	52
1.91604	52
1.91604	52
1.9175	52
1.9175	52
1.91752	52
1.91753	52
1.92521	52
1.92521	52
1.92719	52
1.92719	52
1.92719	52
1.9272	52
1.92753	52
1.93365	52
1.93365	52
1.93365	52
1.93365	52
1.93366	52
1.93366	52
1.93366	52
1.93367	52
1.93399	52
1.934	52
1.934	52
1.93401	52
1.95337	52
1.95337	52
1.95337	52
1.95338	52
1.95659	52
1.95659	52
1.95659	52
1.95659	52
1.95659	52
1.95764	52
1.95764	52
1.96303	52
1.96303	52
1.96303	52
1.96303	52
1.96936	52
1.96936	52
1.96936	52
1.96937	52
1.96937	52
1.96938	52
1.97036	52
1.97036	52
1.97038	52
1.97959	52
1.9796	52
1.97961	52
1.97961	52
1.98693	52
1.98693	52
1.98694	52
1.98694	52
2.00294	52
2.00294	52
2.00294	52
2.00295	52
2.00295	52
2.00295	52
2.00342	52
2.01389	52
2.02307	52
2.02307	52
2.02307	52
2.02307	52
2.02307	52
2.02309	52
2.04521	52
2.04521	52
2.04521	52
2.04522	52
2.04522	52
2.04522	52
2.07066	52
2.07067	52
2.07067	52
2.07067	52
2.07068	52
2.07686	52
2.07686	52
2.0769	52
2.0769	52
2.07708	52
2.07708	52
2.07708	52
2.0771	52
2.08698	52
2.08698	52
2.08699	52
2.10142	52
2.10142	52
2.10142	52
2.10142	52
2.10142	52
2.10142	52
2.10143	52
2.10689	52
2.10689	52
2.1069	52
2.1069	52
2.10953	52
2.1262	52
2.1262	52
2.1262	52
2.1262	52
2.1262	52
2.1262	52
2.12621	52
2.12621	52
2.13449	52
2.13449	52
2.15134	52
2.15134	52
2.15137	52
2.15473	52
2.15473	52
2.15473	52
2.15545	52
2.15546	52
2.15546	52
2.15731	52
2.17933	52
2.17933	52
2.17935	52
2.17936	52
2.17941	52
2.18815	52
2.18817	52
2.18818	52
2.19196	52
2.19196	52
2.19197	52
2.19198	52
2.19577	52
2.19577	52
2.19577	52
2.19578	52
2.1958	52
2.19882	52
2.19882	52
2.19883	52
2.23568	52
2.23568	52
2.23569	52
2.23569	52
2.23569	52
2.23569	52
2.2357	52
2.2357	52
2.2357	52
2.24296	52
2.30397	52
2.30397	52
2.30397	52
2.30398	52
2.30398	52
2.30398	52
2.30942	52
2.30943	52
2.30943	52
2.31188	52
2.31189	52
2.3119	52
2.3119	52
2.31939	52
2.31939	52
2.3194	52
2.31942	52
2.3199	52
2.31992	52
2.31992	52
2.31993	52
2.32621	52
2.32622	52
2.32623	52
2.33727	52
2.33727	52
2.33729	52
2.33729	52
2.3373	52
2.3373	52
2.34626	52
2.34627	52
2.34631	52
2.34783	52
2.34786	52
2.36208	52
2.36208	52
2.3621	52
2.3621	52
2.36214	52
2.36353	52
2.36356	52
2.37389	52
2.37389	52
2.3739	52
2.3739	52
2.37397	52
2.37745	52
2.37747	52
2.37747	52
2.38378	52
2.38379	52
2.38379	52
2.38401	52
2.40542	52
2.40542	52
2.40542	52
2.40543	52
2.40543	52
2.41209	52
2.41209	52
2.41209	52
2.41209	52
2.41211	52
2.41211	52
2.41259	52
2.4126	52
2.4126	52
2.44173	52
2.44173	52
2.44173	52
2.44173	52
2.44173	52
2.44174	52
2.44176	52
2.44589	52
2.44753	52
2.44753	52
2.44755	52
2.44916	52
2.44918	52
2.4624	52
2.4624	52
2.46241	52
2.46241	52
2.46241	52
2.46241	52
2.46787	52
2.46787	52
2.46788	52
2.46788	52
2.46788	52
2.46789	52
2.48748	52
2.48749	52
2.48749	52
2.48749	52
2.48751	52
2.48751	52
2.4964	52
2.49641	52
2.49641	52
2.50117	52
2.50118	52
2.50118	52
2.5012	52
2.51179	52
2.51179	52
2.51179	52
2.51179	52
2.51179	52
2.55072	52
2.55072	52
2.55072	52
2.55072	52
2.55073	52
2.55074	52
2.5542	52
2.5542	52
2.5542	52
2.55425	52
2.56396	52
2.56397	52
2.56397	52
2.57945	52
2.57945	52
2.57945	52
2.57947	52
2.57948	52
2.58519	52
2.5852	52
2.58524	52
2.60707	52
2.60707	52
2.60708	52
2.60711	52
2.61949	52
2.61949	52
2.61949	52
2.6195	52
2.6195	52
2.6195	52
2.61951	52
2.62104	52
2.62104	52
2.62104	52
2.62104	52
2.62104	52
2.62105	52
2.63248	52
2.63248	52
2.63249	52
2.64057	52
2.64058	52
2.64058	52
2.64059	52
2.64062	52
2.64426	52
2.64426	52
2.64428	52
2.64833	52
2.64834	52
2.64834	52
2.65237	52
2.65238	52
2.65238	52
2.65238	52
2.65723	52
2.65723	52
2.65723	52
2.65724	52
2.6674	52
2.6674	52
2.6674	52
2.6674	52
2.66741	52
2.66741	52
2.68241	52
2.68241	52
2.68243	52
2.68667	52
2.68668	52
2.68668	52
2.70145	52
2.70145	52
2.70146	52
2.70146	52
2.70146	52
2.70466	52
2.70467	52
2.70467	52
2.70773	52
2.70773	52
2.70773	52
2.70773	52
2.72143	52
2.72144	52
2.72145	52
2.72145	52
2.72146	52
2.72699	52
2.72701	52
2.72701	52
2.73507	52
2.73508	52
2.73508	52
2.73508	52
2.73508	52
2.74748	52
2.74748	52
2.74748	52
2.75332	52
2.75332	52
2.75333	52
2.77414	52
2.77414	52
2.77414	52
2.77414	52
2.77414	52
2.77415	52
2.77416	52
2.78378	52
2.78379	52
2.78379	52
2.7838	52
2.79593	52
2.79594	52
2.81676	52
2.81676	52
2.81676	52
2.81676	52
2.81677	52
2.81677	52
2.81677	52
2.82211	52
2.82212	52
2.82212	52
2.82958	52
2.82958	52
2.82958	52
2.82959	52
2.82959	52
2.84371	52
2.84372	52
2.84373	52
2.8443	52
2.84431	52
2.84431	52
2.84431	52
2.84434	52
2.85943	52
2.85943	52
2.85943	52
2.85944	52
2.85944	52
2.85945	52
2.86332	52
2.86333	52
2.86334	52
2.86334	52
2.86957	52
2.86957	52
2.86958	52
2.86958	52
2.88171	52
2.88171	52
2.88171	52
2.88171	52
2.89487	52
2.89487	52
2.89487	52
2.89487	52
2.89487	52
2.9061	52
2.9061	52
2.9061	52
2.90623	52
2.90783	52
2.90784	52
2.91343	52
2.91345	52
2.91434	52
2.91435	52
2.91436	52
2.91437	52
2.9145	52
2.91799	52
2.918	52
2.918	52
2.92017	52
2.92018	52
2.92018	52
2.92021	52
2.92339	52
2.92339	52
2.93118	52
2.9312	52
2.93121	52
2.94265	52
2.94265	52
2.94265	52
2.94269	52
2.94778	52
2.94779	52
2.94782	52
2.94997	52
2.94999	52
2.94999	52
2.96039	52
2.9604	52
2.9604	52
2.96873	52
2.96873	52
2.96875	52
2.96875	52
2.96877	52
2.98167	52
2.98167	52
2.98168	52
2.98169	52
2.98169	52
2.9817	52
2.98499	52
2.985	52
2.98502	52
2.98503	52
2.98877	52
2.98877	52
2.98878	52
2.98884	52
2.99327	52
2.99329	52
2.99739	52
2.9974	52
2.9974	52
2.9974	52
3.00034	52
3.00034	52
3.00034	52
3.00035	52
3.00036	52
3.02801	52
3.02801	52
3.02802	52
3.02802	52
3.02802	52
3.02805	52
3.02891	52
3.0292	52
3.0292	52
3.02924	52
3.03237	52
3.0324	52
3.03271	52
3.03272	52
3.03272	52
3.03409	52
3.04398	52
3.04398	52
3.04398	52
3.04399	52
3.04401	52
3.04401	52
3.05556	52
3.05556	52
3.05556	52
3.05558	52
3.05558	52
3.06208	52
3.06235	52
3.06753	52
3.06754	52
3.06754	52
3.06756	52
3.06756	52
3.09214	52
3.09214	52
3.09214	52
3.09214	52
3.09215	52
3.09216	52
3.09216	52
3.09218	52
3.09384	52
3.09385	52
3.09449	52
3.11476	52
3.11476	52
3.11476	52
3.11477	52
3.11477	52
3.11478	52
3.11478	52
3.11478	52
3.11479	52
3.13593	52
3.13593	52
3.13593	52
3.13593	52
3.13594	52
3.13637	52
3.13638	52
3.13638	52
3.15727	52
3.15727	52
3.15727	52
3.15728	52
3.18024	52
3.18024	52
3.18024	52
3.18026	52
3.18026	52
3.18027	52
3.18074	52
3.20348	52
3.20348	52
3.20349	52
3.20349	52
3.20352	52
3.21231	52
3.21231	52
3.21231	52
3.21232	52
3.21235	52
3.2219	52
3.2219	52
3.22192	52
3.23256	52
3.23256	52
3.23257	52
3.23264	52
3.26356	52
3.26357	52
3.26357	52
3.26359	52
3.2636	52
3.26401	52
3.26401	52
3.26401	52
3.26402	52
3.26402	52
3.28476	52
3.2848	52
3.29564	52
3.29564	52
3.29564	52
3.29565	52
3.29567	52
3.30661	52
3.30662	52
3.30662	52
3.30662	52
3.30663	52
3.30663	52
3.30667	52
3.3366	52
3.3366	52
3.3366	52
3.33661	52
3.33665	52
3.3392	52
3.3392	52
3.33922	52
3.33923	52
3.34666	52
3.34666	52
3.34666	52
3.34667	52
3.37516	52
3.37516	52
3.37516	52
3.37516	52
3.37516	52
3.37517	52
3.37517	52
3.37518	52
3.38092	52
3.38093	52
3.38095	52
3.38101	52
3.38204	52
3.38654	52
3.38654	52
3.38654	52
3.3866	52
3.38904	52
3.38905	52
3.38906	52
3.39879	52
3.39879	52
3.39881	52
3.42546	52
3.42546	52
3.42547	52
3.42547	52
3.42547	52
3.44539	52
3.4454	52
3.4454	52
3.44542	52
3.50639	52
3.50639	52
3.50639	52
3.50639	52
3.50639	52
3.50639	52
3.50642	52
3.51284	52
3.51285	52
3.51286	52
3.51286	52
3.52643	52
3.52643	52
3.52644	52
3.52645	52
3.52762	52
3.53244	52
3.53246	52
3.53246	52
3.53248	52
3.53686	52
3.53687	52
3.53688	52
3.53688	52
3.53692	52
3.53887	52
3.55126	52
3.55126	52
3.55127	52
3.55128	52
3.55128	52
3.55128	52
3.5513	52
3.56215	52
3.56215	52
3.56423	52
3.56425	52
3.56426	52
3.60219	52
3.60219	52
3.60219	52
3.60219	52
3.6022	52
3.6022	52
3.60221	52
3.6292	52
3.6292	52
3.62921	52
3.62921	52
3.62921	52
3.62923	52
3.63414	52
3.63845	52
3.63845	52
3.63846	52
3.63849	52
3.63908	52
3.63909	52
3.6391	52
3.6391	52
3.63911	52
3.64186	52
3.64186	52
3.64186	52
3.64187	52
3.64206	52
3.64219	52
3.6422	52
3.6422	52
3.64223	52
3.64233	52
3.64553	52
3.64554	52
3.64555	52
3.64556	52
3.66706	52
3.66706	52
3.66707	52
3.66707	52
3.66707	52
3.66707	52
3.6937	52
3.69371	52
3.69371	52
3.69371	52
3.69372	52
3.69373	52
3.72147	52
3.72148	52
3.72148	52
3.72152	52
3.72154	52
3.72276	52
3.72276	52
3.72278	52
3.73035	52
3.73036	52
3.73036	52
3.73037	52
3.73038	52
3.73727	52
3.73728	52
3.73729	52
3.73884	52
3.73884	52
3.73885	52
3.74414	52
3.74415	52
3.75952	52
3.75952	52
3.75958	52
3.75964	52
3.76517	52
3.77354	52
3.77356	52
3.78904	52
3.78904	52
3.78904	52
3.78904	52
3.78905	52
3.78905	52
3.78907	52
3.79077	52
3.79077	52
3.79077	52
3.79078	52
3.79078	52
3.80146	52
3.80146	52
3.80147	52
3.80147	52
3.80519	52
3.80521	52
3.80521	52
3.80521	52
3.81619	52
3.81619	52
3.8162	52
3.81625	52
3.8313	52
3.83137	52
3.83162	52
3.83743	52
3.83744	52
3.83744	52
3.83744	52
3.83744	52
3.83744	52
3.83745	52
3.83745	52
3.84348	52
3.84348	52
3.84349	52
3.85236	52
3.85238	52
3.85239	52
3.85912	52
3.85914	52
3.86107	52
3.86107	52
3.8611	52
3.87709	52
3.87709	52
3.87709	52
3.87709	52
3.8771	52
3.8771	52
3.87711	52
3.88223	52
3.88224	52
3.88224	52
3.93297	52
3.93297	52
3.93297	52
3.93297	52
3.93298	52
3.93298	52
3.93303	52
3.94841	52
3.94841	52
3.94843	52
3.95971	52
3.95971	52
3.95971	52
3.95972	52
3.96735	52
3.96737	52
3.96743	52
3.97438	52
3.97439	52
3.9744	52
3.97447	52
3.98989	52
3.98989	52
3.9899	52
3.9899	52
3.98991	52
3.9944	52
3.9944	52
3.9944	52
3.9944	52
3.9944	52
3.9944	52
3.99715	52
3.99716	52
3.99716	52
4.00068	52
4.00068	52
4.00068	52
4.00069	52
4.00267	52
4.00267	52
4.00269	52
4.00273	52
4.00284	52
4.00285	52
4.00286	52
4.00381	52
4.01429	52
4.01429	52
4.01429	52
4.01431	52
4.01433	52
4.01532	52
4.0378	52
4.03781	52
4.03784	52
4.03784	52
4.04311	52
4.04311	52
4.04312	52
4.05173	52
4.05173	52
4.05173	52
4.05174	52
4.05174	52
4.05174	52
4.0628	52
4.0628	52
4.06281	52
4.06282	52
4.06282	52
4.06995	52
4.06995	52
4.07003	52
4.10603	52
4.10603	52
4.10603	52
4.10603	52
4.10603	52
4.10603	52
4.10604	52
4.10605	52
4.10827	52
4.10828	52
4.10829	52
4.13271	52
4.13271	52
4.13271	52
4.13271	52
4.13272	52
4.13273	52
4.17564	52
4.17564	52
4.17564	52
4.17564	52
4.17566	52
4.17567	52
4.18768	52
4.18769	52
4.18769	52
4.18771	52
4.19878	52
4.19878	52
4.20341	52
4.20342	52
4.20342	52
4.20649	52
4.20649	52
4.2065	52
4.2065	52
4.20651	52
4.20653	52
4.20772	52
4.20773	52
4.20775	52
4.21545	52
4.22012	52
4.22015	52
4.22017	52
4.22265	52
4.22905	52
4.22905	52
4.22916	52
4.2559	52
4.2559	52
4.2559	52
4.2559	52
4.2559	52
4.2559	52
4.25591	52
4.25591	52
4.25592	52
4.25877	52
4.25878	52
4.25878	52
4.27471	52
4.27471	52
4.27471	52
4.27472	52
4.27474	52
4.27723	52
4.27723	52
4.27723	52
4.28	52
4.28001	52
4.28002	52
4.28002	52
4.28009	52
4.2801	52
4.2801	52
4.29222	52
4.29222	52
4.29223	52
4.31375	52
4.31375	52
4.31375	52
4.31375	52
4.31376	52
4.3138	52
4.32539	52
4.3254	52
4.32542	52
4.34286	52
4.34286	52
4.34286	52
4.34288	52
4.34288	52
4.34293	52
4.34425	52
4.34694	52
4.34695	52
4.36783	52
4.36784	52
4.36784	52
4.36784	52
4.36784	52
4.36784	52
4.36785	52
4.36786	52
4.36787	52
4.37811	52
4.37812	52
4.37813	52
4.37813	52
4.37813	52
4.3799	52
4.3799	52
4.3799	52
4.38551	52
4.38552	52
4.38552	52
4.38553	52
4.3963	52
4.39632	52
4.39635	52
4.39978	52
4.41353	52
4.41356	52
4.41369	52
4.42381	52
4.42381	52
4.42382	52
4.42383	52
4.42383	52
4.42383	52
4.42383	52
4.42384	52
4.42691	52
4.42692	52
4.42693	52
4.43394	52
4.43394	52
4.43397	52
4.44591	52
4.44592	52
4.44592	52
4.47704	52
4.47704	52
4.47705	52
4.47705	52
4.47706	52
4.47707	52
4.47722	52
4.47725	52
4.47725	52
4.48082	52
4.48082	52
4.48084	52
4.49119	52
4.49119	52
4.4912	52
4.4912	52
4.49124	52
4.49605	52
4.49605	52
4.49605	52
4.49605	52
4.51005	52
4.51005	52
4.51005	52
4.51005	52
4.51619	52
4.5162	52
4.5162	52
4.5162	52
4.53254	52
4.53254	52
4.53255	52
4.53259	52
4.54338	52
4.54367	52
4.54368	52
4.5437	52
4.54375	52
4.55109	52
4.55109	52
4.5511	52
4.5511	52
4.55113	52
4.56324	52
4.56325	52
4.56325	52
4.56329	52
4.56369	52
4.58998	52
4.58998	52
4.58998	52
4.58998	52
4.59001	52
4.59003	52
4.59134	52
4.59134	52
4.59135	52
4.5944	52
4.5944	52
4.59441	52
4.59443	52
4.59749	52
4.59749	52
4.5975	52
4.59752	52
4.60101	52
4.60101	52
4.60103	52
4.61594	52
4.61594	52
4.61595	52
4.61595	52
4.61596	52
4.63991	52
4.63991	52
4.63992	52
4.63993	52
4.63993	52
4.64573	52
4.64573	52
4.64576	52
4.64576	52
4.66775	52
4.66775	52
4.66775	52
4.66776	52
4.66776	52
4.6678	52
4.68194	52
4.68194	52
4.68194	52
4.68195	52
4.68198	52
4.72168	52
4.72168	52
4.72169	52
4.72169	52
4.7217	52
4.74276	52
4.74277	52
4.74282	52
4.74401	52
4.74402	52
4.74402	52
4.74469	52
4.7447	52
4.74481	52
4.74588	52
4.74589	52
4.74589	52
4.7459	52
4.7459	52
4.74592	52
4.74593	52
4.74791	52
4.74792	52
4.74793	52
4.7508	52
4.75082	52
4.75083	52
4.81561	52
4.81561	52
4.81561	52
4.81561	52
4.81562	52
4.81563	52
4.81563	52
4.81849	52
4.82071	52
4.82079	52
4.8265	52
4.82652	52
4.82652	52
4.82653	52
4.84541	52
4.84541	52
4.84542	52
4.84543	52
4.84543	52
4.84836	52
4.84837	52
4.84837	52
4.86599	52
4.866	52
4.866	52
4.86601	52
4.86734	52
4.86734	52
4.86735	52
4.86742	52
4.89018	52
4.89019	52
4.8902	52
4.89021	52
4.89021	52
4.89022	52
4.90197	52
4.90198	52
4.90201	52
4.90238	52
4.9024	52
4.90699	52
4.90699	52
4.90701	52
4.91304	52
4.91305	52
4.91313	52
4.9252	52
4.92521	52
4.92521	52
4.92521	52
4.92522	52
4.92522	52
4.92526	52
4.93408	52
4.93409	52
4.93409	52
4.93412	52
4.93693	52
4.93693	52
4.93694	52
4.94174	52
4.94175	52
4.94178	52
4.96175	52
4.96175	52
4.96175	52
4.96175	52
4.96175	52
4.96177	52
4.97047	52
4.97048	52
4.97048	52
4.9705	52
4.9705	52
5.00422	52
5.00423	52
5.00423	52
5.00424	52
5.00424	52
5.00425	52
5.00762	52
5.01783	52
5.01783	52
5.01784	52
5.0267	52
5.0267	52
5.02671	52
5.02672	52
5.02673	52
5.02674	52
5.04036	52
5.04036	52
5.04036	52
5.04037	52
5.04038	52
5.04038	52
5.05043	52
5.05043	52
5.05043	52
5.05359	52
5.05361	52
5.05363	52
5.06283	52
5.06284	52
5.06284	52
5.06285	52
5.06288	52
5.06298	52
5.06299	52
5.06302	52
5.07558	52
5.07558	52
5.07558	52
5.07558	52
5.07559	52
5.07561	52
5.07642	52
5.07643	52
5.07707	52
5.08047	52
5.08048	52
5.08048	52
5.08349	52
5.08349	52
5.0835	52
5.08351	52
5.09362	52
5.09362	52
5.09362	52
5.09362	52
5.09364	52
5.09843	52
5.09843	52
5.10375	52
5.10376	52
5.10376	52
5.11083	52
5.11083	52
5.11084	52
5.11085	52
5.11087	52
5.11203	52
5.11204	52
5.11339	52
5.11339	52
5.11339	52
5.11339	52
5.1134	52
5.12946	52
5.12946	52
5.12947	52
5.12948	52
5.12949	52
5.1295	52
5.13178	52
5.13182	52
5.13182	52
5.13636	52
5.13642	52
5.16649	52
5.16649	52
5.16649	52
5.1665	52
5.16651	52
5.16654	52
5.17671	52
5.17672	52
5.17673	52
5.17685	52
5.18376	52
5.18376	52
5.18376	52
5.18377	52
5.18378	52
5.19772	52
5.19772	52
5.19774	52
5.19774	52
5.19774	52
5.19853	52
5.19854	52
5.19855	52
5.20389	52
5.2039	52
5.20391	52
5.20393	52
5.22279	52
5.22279	52
5.22283	52
5.27555	52
5.27555	52
5.27556	52
5.27556	52
5.27556	52
5.27556	52
5.27557	52
5.27557	52
5.27558	52
5.27826	52
5.27827	52
5.27827	52
5.28292	52
5.28292	52
5.28295	52
5.29291	52
5.29305	52
5.29306	52
5.29306	52
5.35126	52
5.35126	52
5.35126	52
5.35126	52
5.35127	52
5.35127	52
5.35129	52
5.35134	52
5.38096	52
5.38096	52
5.38096	52
5.38096	52
5.38101	52
5.42227	52
5.42227	52
5.42227	52
5.42227	52
5.42227	52
5.42228	52
5.42228	52
5.4223	52
5.4288	52
5.4288	52
5.42881	52
5.43688	52
5.43689	52
5.4369	52
5.44189	52
5.44189	52
5.4419	52
5.44193	52
5.44731	52
5.44731	52
5.44732	52
5.44735	52
5.47346	52
5.47346	52
5.47346	52
5.47347	52
5.47348	52
5.47348	52
5.47348	52
5.47348	52
5.47474	52
5.48866	52
5.48867	52
5.48869	52
5.49187	52
5.49189	52
5.49189	52
5.52117	52
5.52117	52
5.52117	52
5.52117	52
5.52117	52
5.52118	52
5.52118	52
5.52119	52
5.5212	52
5.53398	52
5.53398	52
5.53399	52
5.53408	52
5.55452	52
5.55453	52
5.55455	52
5.55455	52
5.5728	52
5.5728	52
5.57281	52
5.57281	52
5.57281	52
5.57281	52
5.57281	52
5.57281	52
5.59798	52
5.59798	52
5.59799	52
5.598	52
5.65204	52
5.65204	52
5.65204	52
5.65205	52
5.65205	52
5.65206	52
5.65208	52
5.65208	52
5.65787	52
5.65788	52
5.68547	52
5.68547	52
5.68548	52
5.68548	52
5.68549	52
5.68557	52
5.69417	52
5.69417	52
5.69418	52
5.69427	52
5.70177	52
5.70177	52
5.70178	52
5.70187	52
5.71247	52
5.71247	52
5.71247	52
5.71247	52
5.71248	52
5.71248	52
5.74585	52
5.74585	52
5.74587	52
5.74588	52
5.74588	52
5.74591	52
5.74843	52
5.74845	52
5.7486	52
5.74862	52
5.75204	52
5.75204	52
5.75206	52
5.75207	52
5.75752	52
5.76131	52
5.76132	52
5.76132	52
5.76134	52
5.77262	52
5.77262	52
5.77262	52
5.79146	52
5.79146	52
5.79146	52
5.79146	52
5.79146	52
5.79146	52
5.79147	52
5.7915	52
5.7915	52
5.79463	52
5.79463	52
5.79465	52
5.79466	52
5.82904	52
5.82904	52
5.82905	52
5.82905	52
5.82905	52
5.82905	52
5.82906	52
5.82937	52
5.82938	52
5.82939	52
5.83746	52
5.83746	52
5.83746	52
5.87355	52
5.87355	52
5.87356	52
5.87356	52
5.87356	52
5.87357	52
5.87357	52
5.87358	52
5.88001	52
5.89067	52
5.89067	52
5.89068	52
5.89068	52
5.89069	52
5.8907	52
5.93833	52
5.93833	52
5.93833	52
5.93833	52
5.93834	52
5.93834	52
5.93834	52
5.93834	52
5.96776	52
5.96776	52
5.96777	52
5.96777	52
5.96777	52
5.96778	52
5.98844	52
5.98845	52
5.98847	52
5.9885	52
5.99191	52
5.99192	52
5.99192	52
5.99192	52
5.99193	52
5.99265	52
5.99265	52
5.99267	52
5.99267	52
5.9934	52
5.99345	52
6.01259	52
6.01259	52
6.01259	52
6.01259	52
6.01259	52
6.0126	52
6.01263	52
6.0171	52
6.01711	52
6.01712	52
6.01722	52
6.02208	52
6.02208	52
6.02459	52
6.0246	52
6.02559	52
6.0256	52
6.02563	52
6.02994	52
6.02994	52
6.02998	52
6.03622	52
6.03622	52
6.03622	52
6.03622	52
6.03624	52
6.0417	52
6.04171	52
6.04172	52
6.04173	52
6.04966	52
6.04966	52
6.04966	52
6.04967	52
6.04974	52
6.05329	52
6.05329	52
6.05331	52
6.05667	52
6.05668	52
6.05669	52
6.0568	52
6.0671	52
6.0671	52
6.06711	52
6.06713	52
6.06715	52
6.06755	52
6.06755	52
6.06756	52
6.07174	52
6.10063	52
6.10063	52
6.10064	52
6.10064	52
6.10065	52
6.10092	52
6.10097	52
6.10167	52
6.10168	52
6.1018	52
6.11067	52
6.11074	52
6.11178	52
6.13027	52
6.13027	52
6.13027	52
6.13028	52
6.13029	52
6.13055	52
6.13244	52
6.13245	52
6.13245	52
6.13247	52
6.13247	52
6.13251	52
6.13313	52
6.13313	52
6.13314	52
6.13524	52
6.13554	52
6.13554	52
6.13557	52
6.13558	52
6.1363	52
6.1363	52
6.13633	52
6.14651	52
6.14652	52
6.14656	52
6.14873	52
6.17038	52
6.17038	52
6.17038	52
6.17038	52
6.17038	52
6.17038	52
6.17054	52
6.17118	52
6.17256	52
6.17256	52
6.17266	52
6.18369	52
6.18369	52
6.18369	52
6.18369	52
6.1837	52
6.1837	52
6.18371	52
6.20098	52
6.20098	52
6.20099	52
6.20099	52
6.20099	52
6.20099	52
6.2064	52
6.20641	52
6.20644	52
6.25812	52
6.25812	52
6.25812	52
6.25813	52
6.25813	52
6.25814	52
6.25815	52
6.25815	52
6.27171	52
6.27172	52
6.27172	52
6.27172	52
6.27174	52
6.27684	52
6.28773	52
6.28774	52
6.28775	52
6.28776	52
6.28778	52
6.28779	52
6.29	52
6.29001	52
6.29002	52
6.29007	52
6.29009	52
6.2901	52
6.2902	52
6.3048	52
6.3048	52
6.30481	52
6.30484	52
6.31554	52
6.31555	52
6.31556	52
6.31556	52
6.31557	52
6.31567	52
6.31568	52
6.31573	52
6.31784	52
6.31787	52
6.31923	52
6.32053	52
6.32053	52
6.32053	52
6.32056	52
6.33926	52
6.33926	52
6.33926	52
6.33939	52
6.33987	52
6.33987	52
6.33987	52
6.33988	52
6.33994	52
6.34232	52
6.34232	52
6.34233	52
6.34238	52
6.34326	52
6.34327	52
6.40678	52
6.40678	52
6.40678	52
6.40678	52
6.40679	52
6.4068	52
6.40681	52
6.40685	52
6.40685	52
6.41008	52
6.41008	52
6.41011	52
6.41774	52
6.41775	52
6.41776	52
6.41777	52
6.43293	52
6.43293	52
6.43293	52
6.43294	52
6.43294	52
6.45852	52
6.45853	52
6.45853	52
6.45853	52
6.45855	52
6.45856	52
6.4846	52
6.4846	52
6.4846	52
6.4846	52
6.48461	52
6.48461	52
6.48463	52
6.48522	52
6.48526	52
6.48558	52
6.48559	52
6.48571	52
6.49044	52
6.49044	52
6.49044	52
6.49045	52
6.49056	52
6.51777	52
6.51778	52
6.51778	52
6.51779	52
6.51779	52
6.52918	52
6.52918	52
6.52918	52
6.52919	52
6.5292	52
6.53711	52
6.53722	52
6.55237	52
6.55237	52
6.55237	52
6.55238	52
6.55238	52
6.55238	52
6.55248	52
6.56329	52
6.5633	52
6.5633	52
6.56331	52
6.56332	52
6.56333	52
6.56898	52
6.56899	52
6.569	52
6.56901	52
6.56904	52
6.56904	52
6.57699	52
6.57699	52
6.577	52
6.57701	52
6.59674	52
6.59674	52
6.59675	52
6.59675	52
6.59677	52
6.60088	52
6.60088	52
6.60088	52
6.60089	52
6.60396	52
6.60433	52
6.62002	52
6.62002	52
6.62002	52
6.62003	52
6.62003	52
6.62004	52
6.62007	52
6.62165	52
6.62165	52
6.62166	52
6.62175	52
6.65368	52
6.65368	52
6.65368	52
6.65369	52
6.6537	52
6.65371	52
6.65371	52
6.65372	52
6.66938	52
6.66938	52
6.66938	52
6.6694	52
6.66948	52
6.67453	52
6.67454	52
6.67454	52
6.69139	52
6.69141	52
6.69144	52
6.69144	52
6.70573	52
6.70573	52
6.70574	52
6.70582	52
6.71993	52
6.71994	52
6.71994	52
6.71995	52
6.71995	52
6.71995	52
6.71996	52
6.71998	52
6.72956	52
6.72957	52
6.72957	52
6.7296	52
6.75315	52
6.75315	52
6.75315	52
6.75318	52
6.75322	52
6.75325	52
6.7608	52
6.7608	52
6.76081	52
6.7609	52
6.76615	52
6.76615	52
6.76616	52
6.76632	52
6.78435	52
6.78435	52
6.78435	52
6.78435	52
6.78435	52
6.78439	52
6.78758	52
6.78759	52
6.78762	52
6.80018	52
6.80018	52
6.80021	52
6.80361	52
6.80362	52
6.80364	52
6.80372	52
6.82158	52
6.82159	52
6.82159	52
6.82159	52
6.82162	52
6.88853	52
6.88854	52
6.88855	52
6.88855	52
6.88857	52
6.88859	52
6.88864	52
6.88986	52
6.88989	52
6.88989	52
6.90676	52
6.90676	52
6.90678	52
6.90679	52
6.91032	52
6.91032	52
6.91032	52
6.91034	52
6.91055	52
6.93756	52
6.93756	52
6.93757	52
6.9376	52
6.9376	52
6.93772	52
6.96231	52
6.96231	52
6.96231	52
6.96231	52
6.96232	52
6.96244	52
6.96245	52
6.96796	52
6.96797	52
6.96803	52
6.97887	52
6.97888	52
6.97891	52
6.97898	52
6.98483	52
6.98484	52
6.98484	52
6.98485	52
6.98499	52
6.99409	52
6.99409	52
6.99411	52
6.99413	52
6.99795	52
6.99795	52
6.99796	52
6.99797	52
6.99798	52
6.99902	52
6.99903	52
6.99903	52
6.99904	52
6.99981	52
6.99981	52
6.99982	52
7.01483	52
7.01483	52
7.01483	52
7.01484	52
7.01492	52
7.02312	52
7.02312	52
7.02313	52
7.02313	52
7.05215	52
7.05215	52
7.05216	52
7.05218	52
7.05222	52
7.06305	52
7.06306	52
7.06306	52
7.06306	52
7.06306	52
7.06306	52
7.08203	52
7.08204	52
7.08204	52
7.08204	52
7.08205	52
7.08205	52
7.08207	52
7.08214	52
7.08616	52
7.08616	52
7.08618	52
7.0863	52
7.08688	52
7.0869	52
7.08701	52
7.0991	52
7.09911	52
7.09911	52
7.09911	52
7.10156	52
7.10158	52
7.10208	52
7.10213	52
7.13329	52
7.13329	52
7.13329	52
7.1333	52
7.13331	52
7.13331	52
7.13345	52
7.13385	52
7.13386	52
7.13386	52
7.13386	52
7.13748	52
7.13748	52
7.13748	52
7.13887	52
7.13888	52
7.13889	52
7.16924	52
7.16924	52
7.16924	52
7.16925	52
7.16926	52
7.16928	52
7.16936	52
7.18472	52
7.18473	52
7.18476	52
7.18476	52
7.18479	52
7.1848	52
7.18529	52
7.18529	52
7.18552	52
7.1856	52
7.19346	52
7.19346	52
7.19346	52
7.19346	52
7.19353	52
7.19356	52
7.20332	52
7.20333	52
7.20333	52
7.20335	52
7.20629	52
7.2063	52
7.20638	52
7.20857	52
7.20858	52
7.20865	52
7.20888	52
7.21209	52
7.2121	52
7.21211	52
7.21211	52
7.24856	52
7.24856	52
7.24856	52
7.24858	52
7.24858	52
7.24861	52
7.24867	52
7.26176	52
7.26178	52
7.2618	52
7.26189	52
7.29154	52
7.29154	52
7.29154	52
7.29156	52
7.29157	52
7.29158	52
7.29172	52
7.29552	52
7.29552	52
7.2957	52
7.29801	52
7.29803	52
7.29804	52
7.32105	52
7.32105	52
7.32105	52
7.32123	52
7.32132	52
7.3418	52
7.3418	52
7.34182	52
7.34185	52
7.34198	52
7.345	52
7.345	52
7.34501	52
7.34505	52
7.38224	52
7.38224	52
7.38224	52
7.38227	52
7.38258	52
7.38428	52
7.39245	52
7.39246	52
7.39246	52
7.39248	52
7.39254	52
7.40712	52
7.40714	52
7.40714	52
7.40715	52
7.40737	52
7.40994	52
7.40994	52
7.40994	52
7.40995	52
7.41054	52
7.41172	52
7.43916	52
7.43917	52
7.43917	52
7.43917	52
7.43917	52
7.43917	52
7.43918	52
7.43919	52
7.43929	52
7.45905	52
7.45906	52
7.45907	52
7.45913	52
7.45926	52
7.48084	52
7.48087	52
7.4809	52
7.48097	52
7.48654	52
7.48655	52
7.48655	52
7.48657	52
7.48657	52
7.48667	52
7.50819	52
7.50819	52
7.50819	52
7.5082	52
7.50821	52
7.50829	52
7.50831	52
7.52894	52
7.52895	52
7.52895	52
7.52896	52
7.52907	52
7.576	52
7.57601	52
7.57601	52
7.57604	52
7.57604	52
7.57659	52
7.57761	52
7.57814	52
7.61674	52
7.61674	52
7.61674	52
7.61674	52
7.61681	52
7.61699	52
7.63794	52
7.63794	52
7.63794	52
7.63794	52
7.63795	52
7.63795	52
7.6535	52
7.6535	52
7.6535	52
7.6535	52
7.65351	52
7.65353	52
7.65354	52
7.65371	52
7.65844	52
7.65845	52
7.65846	52
7.65846	52
7.65863	52
7.66337	52
7.66338	52
7.66338	52
7.6634	52
7.68626	52
7.68632	52
7.68639	52
7.72822	52
7.72822	52
7.72823	52
7.72825	52
7.72826	52
7.72828	52
7.72828	52
7.74581	52
7.74582	52
7.74583	52
7.74584	52
7.74589	52
7.74593	52
7.74833	52
7.74833	52
7.7489	52
7.7489	52
7.74892	52
7.74904	52
7.76446	52
7.76446	52
7.76446	52
7.76448	52
7.76451	52
7.76451	52
7.76452	52
7.79198	52
7.79198	52
7.79198	52
7.79199	52
7.79202	52
7.7921	52
7.79211	52
7.79211	52
7.79214	52
7.80097	52
7.80097	52
7.80098	52
7.80098	52
7.801	52
7.80105	52
7.83764	52
7.83765	52
7.83766	52
7.83768	52
7.83769	52
7.83771	52
7.83782	52
7.86235	52
7.86236	52
7.86236	52
7.86236	52
7.86237	52
7.86244	52
7.86331	52
7.86331	52
7.86336	52
7.86434	52
7.86434	52
7.86435	52
7.86451	52
7.87994	52
7.87995	52
7.87998	52
7.87999	52
7.91744	52
7.91744	52
7.91745	52
7.91746	52
7.91752	52
7.91771	52
7.91776	52
7.91777	52
7.91796	52
7.93417	52
7.93417	52
7.93417	52
7.93418	52
7.93419	52
7.9342	52
7.93426	52
7.96033	52
7.96033	52
7.96033	52
7.96037	52
7.96039	52
7.9605	52
7.97164	52
7.97165	52
7.97165	52
7.97166	52
7.97173	52
7.97176	52
7.97176	52
7.97184	52
7.972	52
7.98114	52
7.98514	52
7.99062	52
7.99062	52
7.99065	52
7.99065	52
8.06723	52
8.06723	52
8.06723	52
8.06723	52
8.06724	52
8.06724	52
8.06725	52
8.06726	52
8.06731	52
8.11159	52
8.11159	52
8.11159	52
8.11161	52
8.11162	52
8.1117	52
8.11259	52
8.1164	52
8.1164	52
8.11656	52
8.141	52
8.14102	52
8.14102	52
8.14102	52
8.14111	52
8.14116	52
8.16645	52
8.16645	52
8.16645	52
8.16645	52
8.16647	52
8.1665	52
8.16653	52
8.16659	52
8.21835	52
8.21835	52
8.21837	52
8.21837	52
8.21838	52
8.21841	52
8.2185	52
8.22927	52
8.22927	52
8.22928	52
8.22934	52
8.24	52
8.24	52
8.24	52
8.24011	52
8.24027	52
8.24038	52
8.25949	52
8.25949	52
8.25949	52
8.2595	52
8.25951	52
8.2799	52
8.27992	52
8.27992	52
8.27993	52
8.27993	52
8.28014	52
8.33112	52
8.33113	52
8.33113	52
8.33114	52
8.33115	52
8.33115	52
8.33116	52
8.33131	52
8.33661	52
8.33662	52
8.33664	52
8.34052	52
8.34053	52
8.34058	52
8.34601	52
8.34611	52
8.34613	52
8.34617	52
8.35495	52
8.35496	52
8.35496	52
8.35502	52
8.35517	52
8.36385	52
8.36385	52
8.3639	52
8.36412	52
8.74027	52
8.74031	52
8.74032	52
8.74033	52
8.74034	52
8.74035	52
8.82776	52
8.82776	52
8.82776	52
8.82776	52
8.82778	52
8.82778	52
8.8278	52
8.8278	52
9.2588	52
9.25881	52
9.25884	52
9.25889	52
9.25891	52
9.25893	52
9.2596	52
9.27084	52
9.27086	52
9.27129	52
9.34085	52
9.34086	52
9.34089	52
9.34091	52
9.34097	52
9.3411	52
9.34126	52
9.40145	52
9.40146	52
9.40146	52
9.40147	52
9.40148	52
9.40151	52
9.4016	52
11.1428	52
11.1429	52
11.1429	52
11.1429	52
11.1431	52
11.1431	52
11.1436	52
11.1618	52
11.1618	52
11.1618	52
11.162	52
11.3249	52
11.3249	52
11.3249	52
11.325	52
11.325	52
11.3251	52
11.3253	52
11.3677	52
11.3677	52
11.3678	52
11.3678	52
11.3678	52
11.3679	52
11.3679	52
11.5188	52
11.5188	52
11.5188	52
11.5188	52
11.5188	52
11.5188	52
11.5189	52
11.519	52
11.5653	52
11.5653	52
11.5653	52
11.5653	52
11.5654	52
11.5654	52
11.5655	52
11.5655	52
11.678	52
11.678	52
11.678	52
11.6781	52
11.6781	52
11.6785	52
11.679	52
11.6889	52
11.7093	52
11.7094	52
11.71	52
11.7649	52
11.7649	52
11.7649	52
11.7649	52
11.7649	52
11.7649	52
11.765	52
11.765	52
11.7651	52
11.8272	52
11.8272	52
11.8272	52
11.8273	52
11.8273	52
11.8273	52
11.8278	52
11.9095	52
11.9095	52
11.9095	52
11.9095	52
11.9096	52
11.9097	52
11.9367	52
11.9367	52
11.9367	52
11.9367	52
11.9373	52
11.9373	52
11.9918	52
11.9918	52
11.9918	52
11.9918	52
11.9918	52
11.9918	52
11.9918	52
11.9919	52
13.9334	52
13.9334	52
13.9336	52
13.9336	52
13.9337	52
13.9343	52
13.9343	52
14.9781	52
14.9781	52
14.9781	52
14.9781	52
14.9781	52
14.9782	52
14.979	52
14.9791	52
14.9791	52
15.6173	52
15.6173	52
15.6174	52
15.6174	52
15.6174	52
15.6176	52
16.8248	52
16.8248	52
16.8248	52
16.8248	52
16.8249	52
16.8252	52
16.8255	52
17.1465	52
17.1465	52
17.1466	52
17.1466	52
17.1466	52
17.1466	52
17.1468	52
17.1472	52
17.1949	52
17.1949	52
17.1949	52
17.195	52
17.195	52
17.195	52
17.1951	52
17.1951	52
19.6676	52
19.6676	52
19.6676	52
19.6676	52
19.6677	52
19.6677	52
19.6678	52
19.7603	52
19.7603	52
19.7603	52
19.7604	52
19.7605	52
19.7611	52
19.7634	52
20.5426	52
20.5426	52
20.5426	52
20.5426	52
20.5428	52
20.5431	52
20.6464	52
20.6465	52
20.6465	52
20.6465	52
20.6467	52
20.6484	52
20.8796	52
20.8797	52
20.8797	52
20.8799	52
20.8799	52
20.8799	52
20.88	52
20.8801	52
20.8801	52
21.6917	52
21.6917	52
21.6917	52
21.6917	52
21.6918	52
21.6918	52
21.6919	52
22.2152	52
22.2152	52
22.2153	52
22.2153	52
22.2153	52
22.2154	52
22.2154	52
23.0372	52
23.0372	52
23.0373	52
23.0373	52
23.0373	52
23.0375	52
24.3918	52
24.3918	52
24.3918	52
24.3919	52
24.3919	52
24.392	52
24.392	52
24.8409	52
24.841	52
24.841	52
24.841	52
24.8411	52
24.8412	52
24.8415	52
24.8418	52
25.3635	52
25.3635	52
25.3636	52
25.3637	52
25.3638	52
25.364	52
25.3651	52
25.5301	52
25.5301	52
25.5301	52
25.5302	52
25.5302	52
25.5312	52
25.5323	52
25.6169	52
25.617	52
25.6171	52
25.6171	52
25.6173	52
25.6178	52
25.6186	52
25.9056	52
25.9056	52
25.9056	52
25.9056	52
25.9057	52
25.9066	52
26.439	52
26.439	52
26.4391	52
26.4391	52
26.4391	52
27.821	52
27.821	52
27.821	52
27.8211	52
27.8211	52
27.8211	52
27.8215	52
27.8216	52
27.8218	52
27.8229	52
27.8372	52
27.8373	52
27.8389	52
27.839	52
27.9716	52
27.9717	52
27.9717	52
27.9718	52
27.9721	52
27.9724	52
27.9733	52
31.1002	52
31.1002	52
31.1002	52
31.1002	52
31.1003	52
31.101	52
32.2431	52
32.2431	52
32.2431	52
32.2432	52
32.2433	52
32.2434	52
32.2436	52
32.6705	52
32.6706	52
32.6706	52
32.6706	52
32.6706	52
32.6707	52
32.6708	52
32.6708	52
32.6711	52
33.077	52
33.077	52
33.0771	52
33.0771	52
33.0772	52
33.0778	52
33.0782	52
34.0276	52
34.0276	52
34.0276	52
34.0277	52
34.0278	52
34.0279	52
34.0283	52
34.4227	52
34.4227	52
34.4227	52
34.4227	52
34.4228	52
34.423	52
34.4234	52
34.7069	52
34.7069	52
34.7069	52
34.707	52
34.707	52
34.7074	52
34.893	52
34.8931	52
34.8931	52
34.8931	52
34.8932	52
34.8934	52
34.8937	52
34.8953	52
35.0605	52
35.0605	52
35.0605	52
35.0606	52
35.0607	52
35.0616	52
35.9396	52
35.9396	52
35.9396	52
35.9396	52
35.94	52
35.9401	52
35.9411	52
36.4057	52
36.4057	52
36.4058	52
36.4059	52
36.4059	52
36.4067	52
36.4068	52
36.4076	52
36.6585	52
36.6585	52
36.6586	52
36.6586	52
36.6586	52
36.6587	52
36.6588	52
37.369	52
37.369	52
37.3691	52
37.3691	52
37.3692	52
37.3693	52
37.3693	52
37.5728	52
37.5729	52
37.5729	52
37.5729	52
37.5732	52
37.5732	52
37.5734	52
38.1862	52
38.1862	52
38.1862	52
38.1863	52
38.1864	52
38.187	52
38.1899	52
38.4421	52
38.4421	52
38.4421	52
38.4422	52
38.4423	52
38.4423	52
38.4424	52
38.863	52
38.8631	52
38.8631	52
38.8631	52
38.8632	52
38.8632	52
38.8632	52
38.8636	52
38.9481	52
38.9481	52
38.9481	52
38.9481	52
38.9482	52
38.9483	52
39.5472	52
39.5472	52
39.5472	52
39.5472	52
39.5473	52
39.5473	52
39.5473	52
39.5474	52
41.4811	52
41.4811	52
41.4811	52
41.4813	52
41.4814	52
41.482	52
41.4821	52
42.0041	52
42.0042	52
42.0042	52
42.0043	52
42.0046	52
42.0051	52
42.0059	52
42.3554	52
42.3554	52
42.3554	52
42.3555	52
42.3556	52
42.3558	52
42.3566	52
42.8562	52
42.8562	52
42.8562	52
42.8563	52
42.8563	52
42.8566	52
42.8569	52
42.9465	52
42.9465	52
42.9465	52
42.9466	52
42.9469	52
42.9473	52
42.9476	52
44.4714	52
44.4714	52
44.4714	52
44.4715	52
44.4716	52
44.4722	52
44.4726	52
46.8106	52
46.8106	52
46.8106	52
46.8107	52
46.8107	52
46.811	52
47.5029	52
47.5029	52
47.503	52
47.5031	52
47.5031	52
47.5032	52
47.5035	52
47.5036	52
48.5353	52
48.5353	52
48.5353	52
48.5353	52
48.5354	52
48.5354	52
48.5355	52
48.6074	52
48.6074	52
48.6074	52
48.6074	52
48.6074	52
48.6075	52
48.6085	52
49.9204	52
49.9204	52
49.9205	52
49.9205	52
49.9205	52
49.9207	52
49.9216	52
50.511	52
50.5111	52
50.5111	52
50.5111	52
50.5112	52
50.5112	52
50.5115	52
50.6453	52
50.6453	52
50.6453	52
50.6454	52
50.6455	52
50.6455	52
50.6456	52
51.3545	52
51.3547	52
51.3547	52
51.3547	52
51.3548	52
51.3551	52
51.3553	52
51.3556	52
51.4604	52
51.4604	52
51.4604	52
51.4604	52
51.4605	52
51.461	52
51.4612	52
52.016	52
52.016	52
52.016	52
52.016	52
52.0161	52
52.0162	52
52.4769	52
52.4769	52
52.477	52
52.477	52
52.477	52
52.4771	52
52.4772	52
52.4775	52
52.4781	52
53.9614	52
53.9614	52
53.9614	52
53.9615	52
53.9617	52
53.962	52
53.9622	52
54.4263	52
54.4263	52
54.4263	52
54.4264	52
54.4264	52
54.4264	52
55.4388	52
55.4389	52
55.4389	52
55.4389	52
55.439	52
55.439	52
55.4391	52
55.4395	52
55.4555	52
55.4556	52
55.4556	52
55.4559	52
56.1447	52
56.1447	52
56.1447	52
56.1449	52
56.1449	52
56.145	52
56.1458	52
56.1466	52
57.4468	52
57.4468	52
57.4469	52
57.447	52
57.447	52
57.4472	52
57.4472	52
57.7421	52
57.7422	52
57.7422	52
57.7422	52
57.7425	52
57.7425	52
57.7428	52
58.1298	52
58.1299	52
58.1299	52
58.13	52
58.1301	52
58.1302	52
58.1302	52
58.6069	52
58.607	52
58.607	52
58.6071	52
58.6071	52
58.6073	52
58.6081	52
58.6091	52
59.4497	52
59.4497	52
59.4497	52
59.4498	52
59.4499	52
59.4499	52
59.4504	52
60.5812	52
60.5813	52
60.5813	52
60.5813	52
60.5816	52
60.5817	52
60.5819	52
60.5819	52
61.6467	52
61.6468	52
61.6468	52
61.6468	52
61.6468	52
61.6472	52
61.6479	52
62.1904	52
62.1904	52
62.1905	52
62.1905	52
62.1906	52
62.1906	52
62.1915	52
63.0334	52
63.0334	52
63.0334	52
63.0334	52
63.0334	52
63.0335	52
63.0359	52
63.9698	52
63.9698	52
63.9699	52
63.97	52
63.97	52
63.9711	52
64.5417	52
64.5417	52
64.5418	52
64.5418	52
64.5418	52
64.5419	52
64.5428	52
65.047	52
65.047	52
65.047	52
65.0471	52
65.0473	52
65.0474	52
65.0477	52
65.0482	52
65.4979	52
65.4979	52
65.4979	52
65.4979	52
65.4981	52
65.4981	52
67.0711	52
67.0711	52
67.0712	52
67.0712	52
67.0712	52
67.0713	52
67.0717	52
67.325	52
67.325	52
67.325	52
67.325	52
67.3251	52
67.3251	52
67.3253	52
67.3258	52
67.3262	52
67.3262	52
67.5994	52
67.5994	52
67.5994	52
67.5995	52
67.5996	52
67.6003	52
67.6003	52
69.4252	52
69.4252	52
69.4252	52
69.4253	52
69.4253	52
69.4255	52
69.4256	52
69.9156	52
69.9156	52
69.9156	52
69.9156	52
69.9156	52
69.9157	52
69.9158	52
69.9251	52
69.9252	52
69.9252	52
70.2385	52
70.2385	52
70.2385	52
70.2386	52
70.2387	52
70.2387	52
70.239	52
70.4099	52
70.4099	52
70.41	52
70.4101	52
70.4102	52
70.4105	52
70.4106	52
71.2404	52
71.2404	52
71.2404	52
71.2405	52
71.2406	52
71.2407	52
71.2413	52
71.7662	52
71.7662	52
71.7662	52
71.7663	52
71.7663	52
71.767	52
72.344	52
72.344	52
72.3441	52
72.3443	52
72.3443	52
72.3453	52
72.6884	52
72.6884	52
72.6885	52
72.6885	52
72.6885	52
72.6885	52
72.6889	52
72.6892	52
72.6899	52
72.6899	52
72.8366	52
72.8366	52
72.8366	52
72.8366	52
72.8367	52
72.8372	52
72.8383	52
72.8403	52
72.8404	52
72.8415	52
72.8418	52
74.1883	52
74.1883	52
74.1884	52
74.1884	52
74.1886	52
74.1888	52
74.1907	52
74.1908	52
74.6931	52
74.6931	52
74.6932	52
74.6932	52
74.6932	52
74.6933	52
74.7244	52
74.7245	52
74.7251	52
74.7253	52
74.9482	52
74.9482	52
74.9482	52
74.9482	52
74.9485	52
74.9487	52
74.9493	52
75.1917	52
75.1917	52
75.1917	52
75.1917	52
75.192	52
75.192	52
75.1921	52
75.1922	52
75.8423	52
75.8423	52
75.8423	52
75.8423	52
75.8424	52
75.8425	52
75.843	52
75.8439	52
76.3143	52
76.3145	52
76.3145	52
76.3145	52
76.3145	52
76.3146	52
76.3146	52
76.7886	52
76.7886	52
76.7886	52
76.7886	52
76.7889	52
76.7889	52
76.7891	52
76.8729	52
76.8729	52
76.8729	52
76.873	52
76.873	52
76.8733	52
76.8733	52
77.0297	52
77.0297	52
77.0297	52
77.0298	52
77.0299	52
77.0312	52
77.7941	52
77.7941	52
77.7941	52
77.7942	52
77.7942	52
77.7946	52
77.795	52
77.7951	52
78.206	52
78.206	52
78.2061	52
78.2061	52
78.2062	52
78.2062	52
78.2065	52
78.2072	52
78.332	52
78.3321	52
78.3321	52
78.3322	52
78.3323	52
78.3323	52
78.3688	52
78.3688	52
78.3688	52
78.3688	52
78.3688	52
78.3689	52
78.3694	52
78.3698	52
78.4423	52
78.4423	52
78.4424	52
78.4424	52
78.4426	52
78.4429	52
79.5492	52
79.5492	52
79.5492	52
79.5493	52
79.5498	52
79.5505	52
79.5509	52
79.996	52
79.996	52
79.9961	52
79.9962	52
79.9962	52
79.9962	52
79.9964	52
79.9975	52
82.1823	52
82.1823	52
82.1824	52
82.1824	52
82.1825	52
82.1827	52
82.1828	52
82.4164	52
82.4165	52
82.4165	52
82.4165	52
82.4167	52
82.4168	52
82.417	52
82.7073	52
82.7074	52
82.7074	52
82.7074	52
82.7074	52
82.7074	52
82.7079	52
82.7086	52
82.7642	52
82.7643	52
82.7643	52
82.7644	52
82.7644	52
82.7645	52
82.7652	52
82.9899	52
82.99	52
82.99	52
82.99	52
82.99	52
82.9904	52
82.9907	52
83.0324	52
83.0324	52
83.0325	52
83.0326	52
83.0326	52
83.0331	52
84.6548	52
84.6549	52
84.6549	52
84.6549	52
84.6551	52
84.6552	52
84.6557	52
84.6559	52
84.6559	52
84.7576	52
84.7577	52
84.7577	52
84.7578	52
84.7581	52
84.7591	52
84.8029	52
84.803	52
84.803	52
84.8031	52
84.8032	52
84.8032	52
85.4585	52
85.4585	52
85.4585	52
85.4586	52
85.4586	52
85.4588	52
85.4588	52
85.4592	52
86.2171	52
86.2172	52
86.2172	52
86.2172	52
86.2172	52
86.2174	52
86.2176	52
86.4112	52
86.4112	52
86.4113	52
86.4113	52
86.4113	52
86.4113	52
86.4113	52
86.4114	52
86.5614	52
86.5614	52
86.5615	52
86.5616	52
86.5616	52
86.5618	52
86.5629	52
87.6162	52
87.6162	52
87.6162	52
87.6162	52
87.6162	52
87.6163	52
88.4416	52
88.4416	52
88.4416	52
88.4417	52
88.4417	52
88.4418	52
88.4419	52
88.442	52
88.4438	52
88.9857	52
88.9858	52
88.9859	52
88.9859	52
88.986	52
88.9861	52
89.19	52
89.19	52
89.1901	52
89.1901	52
89.1903	52
89.1904	52
89.1909	52
89.1914	52
89.3247	52
89.3247	52
89.3248	52
89.3248	52
89.3248	52
89.3254	52
89.326	52
89.3262	52
89.3279	52
89.3284	52
89.3294	52
89.3295	52
89.9659	52
89.966	52
89.966	52
89.9661	52
89.9662	52
89.9663	52
91.3511	52
91.3511	52
91.3511	52
91.3512	52
91.3512	52
91.3513	52
91.3514	52
91.3514	52
91.3515	52
91.3916	52
91.3916	52
91.3916	52
91.3917	52
91.3918	52
91.3919	52
91.3925	52
91.4781	52
91.4781	52
91.4781	52
91.4782	52
91.4782	52
91.4783	52
91.4785	52
91.7651	52
91.7651	52
91.7651	52
91.7651	52
91.7651	52
91.7652	52
92.7394	52
92.7394	52
92.7394	52
92.7395	52
92.7397	52
92.7398	52
92.7407	52
92.9196	52
92.9196	52
92.9196	52
92.9197	52
92.9198	52
92.9199	52
92.92	52
93.0559	52
93.0559	52
93.0559	52
93.056	52
93.0561	52
93.0562	52
93.0564	52
93.0566	52
93.0625	52
93.0625	52
93.0628	52
93.1052	52
93.1052	52
93.1052	52
93.1052	52
93.1053	52
93.1056	52
93.1081	52
93.3318	52
93.3318	52
93.3319	52
93.3319	52
93.3319	52
93.332	52
93.3324	52
93.3324	52
94.0463	52
94.0464	52
94.0464	52
94.0465	52
94.0465	52
94.0467	52
94.0467	52
94.57	52
94.57	52
94.5701	52
94.5701	52
94.5701	52
94.5703	52
94.5704	52
94.5723	52
94.6471	52
94.6471	52
94.6472	52
94.6474	52
94.6478	52
94.6478	52
94.6483	52
96.0946	52
96.0947	52
96.0947	52
96.0948	52
96.0948	52
96.0948	52
96.0952	52
97.1153	52
97.1153	52
97.1153	52
97.1154	52
97.1154	52
97.1155	52
97.1156	52
97.1159	52
97.3584	52
97.3584	52
97.3585	52
97.3585	52
97.3586	52
97.3586	52
97.3589	52
97.5115	52
97.5115	52
97.5115	52
97.5115	52
97.5116	52
97.5116	52
98.5828	52
98.5828	52
98.5828	52
98.5829	52
98.5831	52
98.5832	52
98.5836	52
99.3999	52
99.3999	52
99.4	52
99.4001	52
99.4002	52
99.4006	52
99.401	52
99.4012	52
99.4012	52
