1.98501e-11	0
9.10452e-11	1
1.25964e-10	2
2.61405e-10	3
2.65019e-10	4
3.72982e-10	5
4.23591e-10	6
5.41865e-10	7
5.49109e-10	8
5.60962e-10	9
5.80859e-10	10
8.28865e-10	11
8.4429e-10	12
8.45661e-10	13
1.05561e-09	14
1.07851e-09	15
1.24461e-09	16
1.32048e-09	17
1.41702e-09	18
1.42002e-09	19
1.43771e-09	20
1.48608e-09	21
1.70494e-09	22
2.15355e-09	23
2.52593e-09	24
2.74146e-09	25
2.88642e-09	26
3.10014e-09	27
3.19943e-09	28
3.53878e-09	29
3.70692e-09	30
3.77658e-09	31
3.89135e-09	32
4.10776e-09	33
4.13579e-09	34
4.1992e-09	35
4.21599e-09	36
4.42597e-09	37
4.44652e-09	38
4.6011e-09	39
4.65907e-09	40
4.94809e-09	41
4.95717e-09	42
5.9931e-09	43
6.31801e-09	44
7.27098e-09	44
7.29619e-09	45
7.36074e-09	46
7.6063e-09	46
8.34047e-09	47
8.51594e-09	48
8.61278e-09	49
9.71478e-09	50
1.01893e-08	50
1.0692e-08	50
1.09416e-08	50
1.29976e-08	51
1.35625e-08	52
1.5177e-08	52
1.8241e-08	53
1.85669e-08	53
1.97415e-08	54
1.99126e-08	55
2.03509e-08	55
2.14819e-08	55
3.36395e-08	55
3.46934e-08	55
3.86657e-08	55
4.15443e-08	55
4.36349e-08	55
4.61198e-08	55
5.43679e-08	55
5.86364e-08	55
5.98172e-08	55
6.04292e-08	55
6.19613e-08	55
7.11591e-08	55
7.35405e-08	55
7.39236e-08	55
7.47737e-08	55
7.60329e-08	55
7.9292e-08	55
8.62095e-08	55
8.73524e-08	55
8.90337e-08	55
9.61388e-08	55
1.02612e-07	55
1.09446e-07	55
1.12621e-07	55
1.1461e-07	55
1.15627e-07	55
1.16467e-07	55
1.16843e-07	55
1.28345e-07	55
1.29036e-07	55
1.31685e-07	55
1.3286e-07	55
1.3454e-07	55
1.35197e-07	55
1.36676e-07	55
1.38023e-07	55
1.44825e-07	55
1.44999e-07	55
1.46268e-07	55
1.47163e-07	55
1.58175e-07	55
1.58235e-07	55
1.60533e-07	55
1.66901e-07	55
1.70457e-07	55
1.75424e-07	55
1.77382e-07	55
1.78268e-07	55
1.81782e-07	55
1.85352e-07	55
1.87594e-07	55
1.87614e-07	55
1.88287e-07	55
1.89388e-07	55
1.9697e-07	55
1.98375e-07	55
2.0062e-07	55
2.03665e-07	55
2.05271e-07	55
2.16767e-07	55
2.2071e-07	55
2.22164e-07	55
2.25678e-07	55
2.26134e-07	55
2.29908e-07	55
2.30356e-07	55
2.31345e-07	55
2.34084e-07	55
2.34183e-07	55
2.35295e-07	55
2.39493e-07	55
2.42741e-07	55
2.43196e-07	55
2.43782e-07	55
2.46359e-07	55
2.49816e-07	55
2.51952e-07	55
2.57342e-07	55
2.60729e-07	55
2.66646e-07	55
2.67782e-07	55
2.69004e-07	55
2.70386e-07	55
2.71742e-07	55
2.71766e-07	55
2.76734e-07	55
2.80828e-07	55
2.87647e-07	55
2.87989e-07	55
2.91359e-07	55
2.91692e-07	55
2.96602e-07	55
2.99386e-07	55
3.01839e-07	55
3.03318e-07	55
3.03884e-07	55
3.05124e-07	55
3.08889e-07	55
3.12266e-07	55
3.19052e-07	55
3.19489e-07	55
3.2156e-07	55
3.22518e-07	55
3.24057e-07	55
3.25248e-07	55
3.28487e-07	55
3.29489e-07	55
3.31254e-07	55
3.32587e-07	55
3.35509e-07	55
3.36144e-07	55
3.41901e-07	55
3.43181e-07	55
3.45905e-07	55
3.50527e-07	55
3.52036e-07	55
3.53889e-07	55
3.59738e-07	55
3.64246e-07	55
3.69079e-07	55
3.72664e-07	55
3.73933e-07	55
3.74114e-07	55
3.75582e-07	55
3.85982e-07	55
3.88355e-07	55
3.898e-07	55
3.92817e-07	55
3.93115e-07	55
3.94361e-07	55
3.965e-07	55
4.0018e-07	55
4.04941e-07	55
4.05859e-07	55
4.06969e-07	55
4.16002e-07	55
4.35648e-07	55
4.36787e-07	55
4.47622e-07	55
4.62424e-07	55
4.64288e-07	55
4.64716e-07	55
4.67146e-07	55
4.68492e-07	55
4.70643e-07	55
4.86625e-07	55
4.9092e-07	55
4.92729e-07	55
4.93553e-07	55
5.23206e-07	55
5.25696e-07	55
5.28743e-07	55
5.29849e-07	55
5.31438e-07	55
5.33674e-07	55
5.34691e-07	55
5.38675e-07	55
5.39361e-07	55
5.4526e-07	55
5.46654e-07	55
5.5031e-07	55
5.5035e-07	55
5.5176e-07	55
5.62964e-07	55
5.69183e-07	55
5.74686e-07	55
5.7623e-07	55
5.7906e-07	55
5.82375e-07	55
5.83825e-07	55
5.86751e-07	55
5.90922e-07	55
6.00983e-07	55
6.06501e-07	55
6.06996e-07	55
6.08457e-07	55
6.08957e-07	55
6.09687e-07	55
6.12663e-07	55
6.14782e-07	55
6.17264e-07	55
6.19855e-07	55
6.33278e-07	55
6.47776e-07	55
6.60938e-07	55
6.68585e-07	55
6.69908e-07	55
6.7443e-07	55
6.76001e-07	55
6.79497e-07	55
6.89115e-07	55
6.99445e-07	55
7.01232e-07	55
7.06913e-07	55
7.07006e-07	55
7.07872e-07	55
7.10888e-07	55
7.12095e-07	55
7.20986e-07	55
7.24238e-07	55
7.26005e-07	55
7.26391e-07	55
7.27334e-07	55
7.28117e-07	55
7.28835e-07	55
7.30209e-07	55
7.37055e-07	55
7.43702e-07	55
7.44504e-07	55
7.44706e-07	55
7.55311e-07	55
7.55324e-07	55
7.59337e-07	55
7.64298e-07	55
7.70214e-07	55
7.75696e-07	55
7.77558e-07	55
7.82349e-07	55
7.87749e-07	55
7.87997e-07	55
8.02279e-07	55
8.04477e-07	55
8.05477e-07	55
8.27473e-07	55
8.33312e-07	55
8.34028e-07	55
8.3436e-07	55
8.36632e-07	55
8.43749e-07	55
8.4686e-07	55
8.52879e-07	55
8.59584e-07	55
8.73966e-07	55
8.9161e-07	55
8.92702e-07	55
8.93078e-07	55
8.93523e-07	55
8.94665e-07	55
9.02721e-07	55
9.06467e-07	55
9.25762e-07	55
9.30755e-07	55
9.35302e-07	55
9.36443e-07	55
9.38405e-07	55
9.40664e-07	55
9.45568e-07	55
9.54982e-07	55
9.95269e-07	55
9.9853e-07	55
1.00621e-06	55
1.01254e-06	55
1.02871e-06	55
1.03367e-06	55
1.03742e-06	55
1.04153e-06	55
1.04726e-06	55
1.05499e-06	55
1.05973e-06	55
1.0616e-06	55
1.06603e-06	55
1.07566e-06	55
1.0769e-06	55
1.07891e-06	55
1.07998e-06	55
1.08848e-06	55
1.10754e-06	55
1.11e-06	55
1.12768e-06	55
1.13262e-06	55
1.13885e-06	55
1.15262e-06	55
1.15986e-06	55
1.1818e-06	55
1.19291e-06	55
1.20166e-06	55
1.20432e-06	55
1.20493e-06	55
1.20903e-06	55
1.21256e-06	55
1.21264e-06	55
1.22207e-06	55
1.22445e-06	55
1.23108e-06	55
1.24781e-06	55
1.25527e-06	55
1.26371e-06	55
1.27469e-06	55
1.27612e-06	55
1.27851e-06	55
1.28071e-06	55
1.28348e-06	55
1.29766e-06	55
1.29996e-06	55
1.30213e-06	55
1.30534e-06	55
1.31023e-06	55
1.31051e-06	55
1.31242e-06	55
1.33927e-06	55
1.34303e-06	55
1.34777e-06	55
1.34877e-06	55
1.34906e-06	55
1.35256e-06	55
1.36593e-06	55
1.37416e-06	55
1.38694e-06	55
1.39247e-06	55
1.39875e-06	55
1.40406e-06	55
1.41457e-06	55
1.42022e-06	55
1.42286e-06	55
1.4443e-06	55
1.44833e-06	55
1.45528e-06	55
1.46095e-06	55
1.46488e-06	55
1.47283e-06	55
1.47457e-06	55
1.47647e-06	55
1.47869e-06	55
1.48927e-06	55
1.49052e-06	55
1.4917e-06	55
1.50248e-06	55
1.51259e-06	55
1.51312e-06	55
1.5355e-06	55
1.53861e-06	55
1.54805e-06	55
1.55619e-06	55
1.55779e-06	55
1.56859e-06	55
1.58113e-06	55
1.59444e-06	55
1.59922e-06	55
1.61489e-06	55
1.61768e-06	55
1.62155e-06	55
1.63421e-06	55
1.64563e-06	55
1.66749e-06	55
1.70289e-06	55
1.70289e-06	55
1.70667e-06	55
1.7097e-06	55
1.71416e-06	55
1.71881e-06	55
1.72502e-06	55
1.7499e-06	55
1.75235e-06	55
1.75759e-06	55
1.76041e-06	55
1.77288e-06	55
1.7879e-06	55
1.80047e-06	55
1.81267e-06	55
1.82238e-06	55
1.88095e-06	55
1.91293e-06	55
1.96178e-06	55
1.97104e-06	55
1.98639e-06	55
1.98753e-06	55
1.99551e-06	55
1.99667e-06	55
1.99791e-06	55
2.02377e-06	55
2.06831e-06	55
2.07923e-06	55
2.12266e-06	55
2.13492e-06	55
2.14443e-06	55
2.14584e-06	55
2.17492e-06	55
2.18607e-06	55
2.1924e-06	55
2.21137e-06	55
2.22736e-06	55
2.23666e-06	55
2.24981e-06	55
2.25279e-06	55
2.28194e-06	55
2.28498e-06	55
2.30023e-06	55
2.30889e-06	55
2.31909e-06	55
2.32886e-06	55
2.34378e-06	55
2.39538e-06	55
2.39768e-06	55
2.40139e-06	55
2.40281e-06	55
2.46142e-06	55
2.49281e-06	55
2.58843e-06	55
2.59807e-06	55
2.61587e-06	55
2.6467e-06	55
2.66641e-06	55
2.70609e-06	55
2.7254e-06	55
2.74241e-06	55
2.76116e-06	55
2.77093e-06	55
2.81219e-06	55
2.86608e-06	55
2.89218e-06	55
2.93229e-06	55
2.94311e-06	55
2.94324e-06	55
3.02287e-06	55
3.05597e-06	55
3.10219e-06	55
3.11534e-06	55
3.1409e-06	55
3.14672e-06	55
3.25265e-06	55
3.26779e-06	55
3.28651e-06	55
3.31849e-06	55
3.32069e-06	55
3.35671e-06	55
3.3664e-06	55
3.37941e-06	55
3.44045e-06	55
3.4595e-06	55
3.46e-06	55
3.52016e-06	55
3.56821e-06	55
3.6245e-06	55
3.70595e-06	55
3.72997e-06	55
3.74782e-06	55
3.75188e-06	55
3.76624e-06	55
3.80666e-06	55
3.81847e-06	55
3.82937e-06	55
3.83332e-06	55
3.84124e-06	55
3.90499e-06	55
3.91854e-06	55
3.95183e-06	55
4.01161e-06	55
4.05485e-06	55
4.05955e-06	55
4.08853e-06	55
4.11778e-06	55
4.22085e-06	55
4.28487e-06	55
4.36103e-06	55
4.38964e-06	55
4.41657e-06	55
4.47484e-06	55
4.5588e-06	55
4.57811e-06	55
4.66976e-06	55
4.67905e-06	55
4.68682e-06	55
4.71073e-06	55
4.71629e-06	55
4.79429e-06	55
4.79889e-06	55
4.80899e-06	55
4.85907e-06	55
4.90564e-06	55
5.00551e-06	55
5.00649e-06	55
5.01572e-06	55
5.01753e-06	55
5.02167e-06	55
5.06895e-06	55
5.09935e-06	55
5.10025e-06	55
5.10119e-06	55
5.10389e-06	55
5.13966e-06	55
5.17211e-06	55
5.22006e-06	55
5.22838e-06	55
5.24341e-06	55
5.25049e-06	55
5.30395e-06	55
5.39337e-06	55
5.39367e-06	55
5.4295e-06	55
5.46727e-06	55
5.56649e-06	55
5.79579e-06	55
5.91481e-06	55
5.95631e-06	55
6.02546e-06	55
6.09758e-06	55
6.17818e-06	55
6.2382e-06	55
6.40675e-06	55
6.51837e-06	55
6.56096e-06	55
6.59229e-06	55
6.90047e-06	55
6.94754e-06	55
6.96398e-06	55
7.07135e-06	55
7.12971e-06	55
7.13342e-06	55
7.18409e-06	55
7.23473e-06	55
7.27125e-06	55
7.44164e-06	55
7.47869e-06	55
7.61212e-06	55
7.64325e-06	55
7.64767e-06	55
7.74539e-06	55
7.76476e-06	55
8.13712e-06	55
8.25364e-06	55
8.34662e-06	55
8.39603e-06	55
8.39921e-06	55
8.43016e-06	55
8.4694e-06	55
8.58676e-06	55
9.17342e-06	55
9.34143e-06	55
9.7009e-06	55
9.92697e-06	55
1.01831e-05	55
1.05169e-05	55
1.0699e-05	55
1.09041e-05	55
1.09953e-05	55
1.10225e-05	55
1.13402e-05	55
1.14045e-05	55
1.1482e-05	55
1.14918e-05	55
1.15059e-05	55
1.16592e-05	55
1.17586e-05	55
1.17888e-05	55
1.1977e-05	55
1.20191e-05	55
1.20504e-05	55
1.21459e-05	55
1.21939e-05	55
1.22243e-05	55
1.2229e-05	55
1.22928e-05	55
1.2387e-05	55
1.24899e-05	55
1.26544e-05	55
1.27227e-05	55
1.27519e-05	55
1.28006e-05	55
1.29648e-05	55
1.29853e-05	55
1.31837e-05	55
1.32257e-05	55
1.32461e-05	55
1.32963e-05	55
1.33531e-05	55
1.33816e-05	55
1.34534e-05	55
1.35889e-05	55
1.3611e-05	55
1.36401e-05	55
1.36626e-05	55
1.3834e-05	55
1.39132e-05	55
1.39695e-05	55
1.39999e-05	55
1.40039e-05	55
1.41232e-05	55
1.41305e-05	55
1.454e-05	55
1.4619e-05	55
1.47179e-05	55
1.48317e-05	55
1.51304e-05	55
1.5208e-05	55
1.52949e-05	55
1.53607e-05	55
1.54686e-05	55
1.55475e-05	55
1.55565e-05	55
1.57614e-05	55
1.58218e-05	55
1.58381e-05	55
1.58554e-05	55
1.60189e-05	55
1.61815e-05	55
1.62101e-05	55
1.63425e-05	55
1.63739e-05	55
1.66489e-05	55
1.68701e-05	55
1.69851e-05	55
1.73376e-05	55
1.73735e-05	55
1.75403e-05	55
1.75465e-05	55
1.7617e-05	55
1.77577e-05	55
1.80551e-05	55
1.81804e-05	55
1.82344e-05	55
1.82617e-05	55
1.82886e-05	55
1.83519e-05	55
1.84221e-05	55
1.86829e-05	55
1.86909e-05	55
1.86992e-05	55
1.88358e-05	55
1.89342e-05	55
1.93979e-05	55
1.95356e-05	55
1.98631e-05	55
1.99145e-05	55
1.99783e-05	55
2.00872e-05	55
2.01822e-05	55
2.02123e-05	55
2.03045e-05	55
2.07343e-05	55
2.08576e-05	55
2.11711e-05	55
2.12408e-05	55
2.12938e-05	55
2.13033e-05	55
2.13346e-05	55
2.13419e-05	55
2.14396e-05	55
2.14704e-05	55
2.14918e-05	55
2.19986e-05	55
2.22778e-05	55
2.25224e-05	55
2.26757e-05	55
2.2777e-05	55
2.29553e-05	55
2.31663e-05	55
2.32164e-05	55
2.32754e-05	55
2.32814e-05	55
2.33154e-05	55
2.33766e-05	55
2.38135e-05	55
2.39967e-05	55
2.40629e-05	55
2.40791e-05	55
2.41196e-05	55
2.43027e-05	55
2.44804e-05	55
2.45367e-05	55
2.46679e-05	55
2.4737e-05	55
2.48046e-05	55
2.53559e-05	55
2.54073e-05	55
2.55412e-05	55
2.55889e-05	55
2.5867e-05	55
2.60082e-05	55
2.61964e-05	55
2.62094e-05	55
2.62548e-05	55
2.62714e-05	55
2.64705e-05	55
2.65282e-05	55
2.65586e-05	55
2.67493e-05	55
2.68988e-05	55
2.71549e-05	55
2.73183e-05	55
2.77139e-05	55
2.77429e-05	55
2.77522e-05	55
2.78688e-05	55
2.80154e-05	55
2.82683e-05	55
2.83533e-05	55
2.83914e-05	55
2.84347e-05	55
2.84528e-05	55
2.85257e-05	55
2.85586e-05	55
2.86362e-05	55
2.86382e-05	55
2.88007e-05	55
2.88222e-05	55
2.88253e-05	55
2.8961e-05	55
2.90788e-05	55
2.91798e-05	55
2.93745e-05	55
2.93991e-05	55
2.97662e-05	55
2.98586e-05	55
3.01457e-05	55
3.01542e-05	55
3.01944e-05	55
3.03186e-05	55
3.03613e-05	55
3.06425e-05	55
3.06706e-05	55
3.08049e-05	55
3.10472e-05	55
3.11123e-05	55
3.11257e-05	55
3.11861e-05	55
3.12731e-05	55
3.1318e-05	55
3.1423e-05	55
3.16106e-05	55
3.19924e-05	55
3.21073e-05	55
3.2462e-05	55
3.26627e-05	55
3.33465e-05	55
3.34144e-05	55
3.37033e-05	55
3.37119e-05	55
3.37842e-05	55
3.38448e-05	55
3.41863e-05	55
3.45545e-05	55
3.4601e-05	55
3.4673e-05	55
3.4933e-05	55
3.49713e-05	55
3.51245e-05	55
3.51274e-05	55
3.54477e-05	55
3.54843e-05	55
3.57252e-05	55
3.57738e-05	55
3.57803e-05	55
3.57902e-05	55
3.58274e-05	55
3.58943e-05	55
3.63989e-05	55
3.64336e-05	55
3.68046e-05	55
3.70066e-05	55
3.71223e-05	55
3.71599e-05	55
3.7233e-05	55
3.72478e-05	55
3.7266e-05	55
3.73703e-05	55
3.74514e-05	55
3.74593e-05	55
3.74999e-05	55
3.77096e-05	55
3.79204e-05	55
3.80859e-05	55
3.8142e-05	55
3.82224e-05	55
3.85061e-05	55
3.85253e-05	55
3.85289e-05	55
3.86139e-05	55
3.88237e-05	55
3.8922e-05	55
3.90097e-05	55
3.92236e-05	55
3.94036e-05	55
3.94188e-05	55
3.95038e-05	55
3.97906e-05	55
4.01559e-05	55
4.03641e-05	55
4.08707e-05	55
4.08896e-05	55
4.12152e-05	55
4.12568e-05	55
4.12672e-05	55
4.15588e-05	55
4.16684e-05	55
4.18029e-05	55
4.1832e-05	55
4.19474e-05	55
4.2023e-05	55
4.23286e-05	55
4.23321e-05	55
4.24902e-05	55
4.28314e-05	55
4.29334e-05	55
4.29869e-05	55
4.32129e-05	55
4.34098e-05	55
4.3431e-05	55
4.36096e-05	55
4.37177e-05	55
4.40855e-05	55
4.40914e-05	55
4.41792e-05	55
4.46432e-05	55
4.52472e-05	55
4.54291e-05	55
4.54743e-05	55
4.55952e-05	55
4.6024e-05	55
4.62176e-05	55
4.68504e-05	55
4.70002e-05	55
4.72565e-05	55
4.7269e-05	55
4.73152e-05	55
4.75242e-05	55
4.76734e-05	55
4.76854e-05	55
4.77171e-05	55
4.81827e-05	55
4.91333e-05	55
4.92206e-05	55
4.93809e-05	55
4.95304e-05	55
4.96817e-05	55
4.97111e-05	55
4.97317e-05	55
4.99145e-05	55
5.00146e-05	55
5.00171e-05	55
5.0127e-05	55
5.01762e-05	55
5.04275e-05	55
5.08698e-05	55
5.1006e-05	55
5.11544e-05	55
5.1192e-05	55
5.13014e-05	55
5.15855e-05	55
5.17277e-05	55
5.17415e-05	55
5.19305e-05	55
5.24014e-05	55
5.33369e-05	55
5.33946e-05	55
5.35644e-05	55
5.36381e-05	55
5.36945e-05	55
5.3712e-05	55
5.392e-05	55
5.42572e-05	55
5.49058e-05	55
5.50478e-05	55
5.57854e-05	55
5.5875e-05	55
5.59134e-05	55
5.60465e-05	55
5.61951e-05	55
5.62898e-05	55
5.65369e-05	55
5.66883e-05	55
5.69977e-05	55
5.749e-05	55
5.75283e-05	55
5.76669e-05	55
5.77375e-05	55
5.79814e-05	55
5.80404e-05	55
5.82906e-05	55
5.85182e-05	55
5.87934e-05	55
5.90982e-05	55
5.9845e-05	55
5.98993e-05	55
5.99885e-05	55
6.0036e-05	55
6.01384e-05	55
6.05465e-05	55
6.06299e-05	55
6.07839e-05	55
6.08393e-05	55
6.09111e-05	55
6.09269e-05	55
6.11289e-05	55
6.14602e-05	55
6.14706e-05	55
6.15507e-05	55
6.18989e-05	55
6.19551e-05	55
6.21783e-05	55
6.22226e-05	55
6.23134e-05	55
6.25176e-05	55
6.25222e-05	55
6.26459e-05	55
6.26739e-05	55
6.27323e-05	55
6.27822e-05	55
6.29118e-05	55
6.30031e-05	55
6.30773e-05	55
6.33926e-05	55
6.34899e-05	55
6.37479e-05	55
6.41061e-05	55
6.41117e-05	55
6.41277e-05	55
6.42207e-05	55
6.42548e-05	55
6.4479e-05	55
6.53285e-05	55
6.53865e-05	55
6.55108e-05	55
6.55346e-05	55
6.6181e-05	55
6.61939e-05	55
6.65628e-05	55
6.67702e-05	55
6.69393e-05	55
6.7445e-05	55
6.75435e-05	55
6.81949e-05	55
6.83367e-05	55
6.84461e-05	55
6.87693e-05	55
6.88619e-05	55
6.88858e-05	55
6.90462e-05	55
6.90491e-05	55
6.9124e-05	55
6.92469e-05	55
6.93736e-05	55
6.94422e-05	55
6.9559e-05	55
6.95685e-05	55
6.97899e-05	55
7.01163e-05	55
7.02757e-05	55
7.0468e-05	55
7.04854e-05	55
7.06534e-05	55
7.08468e-05	55
7.10286e-05	55
7.10428e-05	55
7.1173e-05	55
7.1353e-05	55
7.14054e-05	55
7.17586e-05	55
7.18111e-05	55
7.18873e-05	55
7.20913e-05	55
7.26235e-05	55
7.33352e-05	55
7.3345e-05	55
7.35991e-05	55
7.45073e-05	55
7.47326e-05	55
7.48915e-05	55
7.49807e-05	55
7.50139e-05	55
7.51664e-05	55
7.51973e-05	55
7.52285e-05	55
7.52754e-05	55
7.53153e-05	55
7.5324e-05	55
7.5448e-05	55
7.56489e-05	55
7.59157e-05	55
7.60652e-05	55
7.64227e-05	55
7.65083e-05	55
7.65733e-05	55
7.66805e-05	55
7.68071e-05	55
7.69554e-05	55
7.70998e-05	55
7.71084e-05	55
7.73577e-05	55
7.75183e-05	55
7.75436e-05	55
7.75886e-05	55
7.7745e-05	55
7.81303e-05	55
7.82295e-05	55
7.83356e-05	55
7.84882e-05	55
7.87382e-05	55
7.87938e-05	55
7.90353e-05	55
7.93344e-05	55
7.99923e-05	55
8.00938e-05	55
8.02637e-05	55
8.02688e-05	55
8.04679e-05	55
8.0845e-05	55
8.09771e-05	55
8.13992e-05	55
8.15775e-05	55
8.17386e-05	55
8.22537e-05	55
8.24434e-05	55
8.26715e-05	55
8.27734e-05	55
8.27948e-05	55
8.31327e-05	55
8.32623e-05	55
8.35264e-05	55
8.38023e-05	55
8.40928e-05	55
8.43769e-05	55
8.45158e-05	55
8.48906e-05	55
8.5065e-05	55
8.5123e-05	55
8.52513e-05	55
8.5391e-05	55
8.54129e-05	55
8.57923e-05	55
8.61536e-05	55
8.62399e-05	55
8.63571e-05	55
8.65877e-05	55
8.70091e-05	55
8.70214e-05	55
8.71638e-05	55
8.72834e-05	55
8.72843e-05	55
8.79832e-05	55
8.80485e-05	55
8.8578e-05	55
8.88373e-05	55
8.91297e-05	55
8.92372e-05	55
8.94544e-05	55
8.98016e-05	55
8.9924e-05	55
9.01576e-05	55
9.05742e-05	55
9.06656e-05	55
9.08464e-05	55
9.10128e-05	55
9.12716e-05	55
9.24386e-05	55
9.25872e-05	55
9.30212e-05	55
9.30675e-05	55
9.3158e-05	55
9.35751e-05	55
9.35959e-05	55
9.3699e-05	55
9.39487e-05	55
9.39548e-05	55
9.4011e-05	55
9.41901e-05	55
9.43163e-05	55
9.43849e-05	55
9.44275e-05	55
9.45141e-05	55
9.51658e-05	55
9.52099e-05	55
9.5292e-05	55
9.56677e-05	55
9.58093e-05	55
9.58916e-05	55
9.61105e-05	55
9.61823e-05	55
9.62546e-05	55
9.64943e-05	55
9.66671e-05	55
9.66942e-05	55
9.69829e-05	55
9.74695e-05	55
9.81878e-05	55
9.87577e-05	55
9.8783e-05	55
9.89352e-05	55
9.92878e-05	55
9.97924e-05	55
9.98232e-05	55
0.00010049	55
0.000100526	55
0.000100815	55
0.000101001	55
0.000101456	55
0.000102026	55
0.000102188	55
0.0001022	55
0.000102552	55
0.000102965	55
0.000103033	55
0.000103281	55
0.000104187	55
0.000105206	55
0.000105741	55
0.000105978	55
0.000106176	55
0.000106224	55
0.000106341	55
0.000106489	55
0.000106873	55
0.000107042	55
0.000107433	55
0.00010782	55
0.000108016	55
0.000108227	55
0.000108292	55
0.000109444	55
0.000109941	55
0.000110598	55
0.000110687	55
0.000111017	55
0.000111153	55
0.00011217	55
0.000112676	55
0.00011273	55
0.000113092	55
0.000113226	55
0.000113379	55
0.000113428	55
0.000113618	55
0.000114004	55
0.000114781	55
0.000115311	55
0.000115337	55
0.000115801	55
0.000115982	55
0.00011669	55
0.000116713	55
0.000116799	55
0.000117295	55
0.000117423	55
0.000117731	55
0.000117968	55
0.000118258	55
0.000119649	55
0.000119843	55
0.000119873	55
0.000119903	55
0.000121004	55
0.000121334	55
0.00012156	55
0.000121809	55
0.000122103	55
0.000122334	55
0.000122612	55
0.000122885	55
0.000122889	55
0.000123693	55
0.000123901	55
0.000124031	55
0.000124172	55
0.000124455	55
0.000125321	55
0.00012536	55
0.000125993	55
0.000126217	55
0.000126332	55
0.000126824	55
0.000127518	55
0.000127859	55
0.000128022	55
0.000128026	55
0.000128077	55
0.0001282	55
0.000128383	55
0.000128771	55
0.000128872	55
0.000129051	55
0.00012949	55
0.000131395	55
0.000131553	55
0.000131753	55
0.000131908	55
0.000133234	55
0.000133241	55
0.000133894	55
0.000134358	55
0.000134383	55
0.000134593	55
0.000134668	55
0.000134886	55
0.000135359	55
0.000135956	55
0.00013618	55
0.000136271	55
0.000136431	55
0.000136865	55
0.000137496	55
0.000138353	55
0.000138677	55
0.000138986	55
0.00013963	55
0.000140113	55
0.00014021	55
0.000140751	55
0.000140953	55
0.000141717	55
0.000142057	55
0.000142186	55
0.000143696	55
0.00014373	55
0.000143873	55
0.000144052	55
0.000144216	55
0.000144307	55
0.000144724	55
0.000145837	55
0.000146574	55
0.000146837	55
0.000147164	55
0.000147841	55
0.000148111	55
0.000148197	55
0.000148615	55
0.000148969	55
0.000149068	55
0.000149217	55
0.000149696	55
0.000151291	55
0.000151329	55
0.000152264	55
0.000152953	55
0.000154396	55
0.000155133	55
0.00015739	55
0.000158524	55
0.000158741	55
0.000159136	55
0.00016004	55
0.000160452	55
0.000162343	55
0.000162676	55
0.000163064	55
0.000163248	55
0.000163829	55
0.000163978	55
0.000164461	55
0.000164492	55
0.000166862	55
0.000166974	55
0.000167743	55
0.000168052	55
0.000168338	55
0.000169238	55
0.000170043	55
0.000170363	55
0.000170955	55
0.000171353	55
0.00017218	55
0.000172411	55
0.000172955	55
0.000174704	55
0.000175494	55
0.000175745	55
0.000175859	55
0.000177243	55
0.000177822	55
0.000179998	55
0.00018023	55
0.000180414	55
0.0001812	55
0.000181621	55
0.000181641	55
0.000181658	55
0.000183025	55
0.000183309	55
0.00018392	55
0.000184166	55
0.000185649	55
0.000185793	55
0.000186317	55
0.000186399	55
0.000186968	55
0.000188334	55
0.00018872	55
0.000188859	55
0.000189327	55
0.000190522	55
0.000192147	55
0.000193649	55
0.000194013	55
0.000194396	55
0.000194517	55
0.000196324	55
0.000197001	55
0.000199275	55
0.000201654	55
0.000202456	55
0.000202848	55
0.000203032	55
0.000203351	55
0.000203511	55
0.000203624	55
0.00020456	55
0.000205006	55
0.000206829	55
0.000208054	55
0.000208819	55
0.000209092	55
0.000211302	55
0.000211599	55
0.000213356	55
0.000214828	55
0.000215036	55
0.000215392	55
0.000215924	55
0.000217099	55
0.00021739	55
0.000217503	55
0.000219101	55
0.00022003	55
0.000221428	55
0.000221652	55
0.000223354	55
0.000224306	55
0.000224453	55
0.00022474	55
0.000225133	55
0.000225277	55
0.000226991	55
0.000227725	55
0.000228014	55
0.000229187	55
0.000229604	55
0.000229719	55
0.000230493	55
0.000232213	55
0.000232712	55
0.000233007	55
0.000233458	55
0.000233889	55
0.000234032	55
0.000235148	55
0.000235487	55
0.000236754	55
0.00023775	55
0.000238154	55
0.000238286	55
0.000238679	55
0.000239224	55
0.000241611	55
0.000243832	55
0.000245206	55
0.000245643	55
0.000249024	55
0.000250854	55
0.000252855	55
0.000252913	55
0.00025396	55
0.000254644	55
0.000256891	55
0.000257892	55
0.000259055	55
0.00025941	55
0.000259793	55
0.000260194	55
0.000262497	55
0.000263029	55
0.000263231	55
0.000263861	55
0.000263936	55
0.00026436	55
0.000265455	55
0.000266754	55
0.000267705	55
0.000268125	55
0.000268651	55
0.000269016	55
0.000269735	55
0.00027169	55
0.000276581	55
0.000277638	55
0.000278385	55
0.000280275	55
0.000283576	55
0.000287531	55
0.000290955	55
0.000292103	55
0.000292765	55
0.000293169	55
0.000299649	55
0.000300323	55
0.000301545	55
0.00030281	55
0.000303271	55
0.000304179	55
0.000304721	55
0.000309268	55
0.000309321	55
0.000311206	55
0.000313789	55
0.000314149	55
0.000315064	55
0.00031635	55
0.00032003	55
0.000325215	55
0.000328987	55
0.000329175	55
0.000335753	55
0.000337556	55
0.000342683	55
0.000346454	55
0.000346723	55
0.000347785	55
0.00034964	55
0.000353674	55
0.000354611	55
0.000359065	55
0.000359431	55
0.000359703	55
0.000361734	55
0.000363549	55
0.000364648	55
0.000372318	55
0.00037643	55
0.000377386	55
0.000381948	55
0.000383797	55
0.000388295	55
0.000396074	55
0.000396136	55
0.00039682	55
0.000397198	55
0.000398439	55
0.000414891	55
0.000417771	55
0.000420646	55
0.00042852	55
0.000429298	55
0.000440339	55
0.000442213	55
0.000448116	55
0.000473861	55
0.000478393	55
0.00048386	55
0.000487002	55
0.000487885	55
0.000489997	55
0.000497229	55
0.000504814	55
0.000508688	55
0.000515399	55
0.000522975	55
0.00052542	55
0.000526574	55
0.000530708	55
0.000532881	55
0.000536432	55
0.000546991	55
0.000578204	55
0.000585106	55
0.000590631	55
0.000590852	55
0.000606285	55
0.000609177	55
0.000609979	55
0.000614879	55
0.000623296	55
0.000623372	55
0.000623535	55
0.000625585	55
0.000629569	55
0.000632595	55
0.000636725	55
0.000639199	55
0.000641426	55
0.000660382	55
0.000661045	55
0.000670911	55
0.000732613	55
0.00073498	55
0.000750118	55
0.000754565	55
0.000780355	55
0.000804713	55
0.000808669	55
0.000849816	55
0.000873248	55
0.000873951	55
0.000896696	55
0.000911001	55
0.000912805	55
0.000912995	55
0.000932609	55
0.000939145	55
0.000965185	55
0.00103643	55
0.00103823	55
0.00106933	55
0.00115928	55
0.00115975	55
0.00116003	55
0.00116007	55
0.00116085	55
0.0011616	55
0.0011616	55
0.00116358	55
0.00116528	55
0.00116876	55
0.00117068	55
0.0011738	55
0.00119102	55
0.00120888	55
0.00124819	55
0.00131204	55
0.00140677	55
0.00155473	55
0.00253794	55
0.00960845	55
0.00961242	55
0.00961317	55
0.00961491	55
0.00961657	55
0.00961886	55
0.00962686	55
0.00962849	55
0.0096482	55
0.00965291	55
0.00965873	55
0.00966549	55
0.00966605	55
0.00966871	55
0.00967106	55
0.00967471	55
0.00967812	55
0.00968505	55
0.00969118	55
0.00970741	55
0.0097335	55
0.00975233	55
0.00976043	55
0.00976421	55
0.00976664	55
0.00977336	55
0.00979135	55
0.00979793	55
0.00979862	55
0.00981496	55
0.00981623	55
0.00981876	55
0.00981951	55
0.00982565	55
0.00984434	55
0.00984616	55
0.00984631	55
0.00985594	55
0.00985949	55
0.00986574	55
0.00986635	55
0.00987534	55
0.00988308	55
0.00988577	55
0.00988816	55
0.0099057	55
0.00990575	55
0.00990833	55
0.00990966	55
0.00992895	55
0.00993004	55
0.00994788	55
0.00998145	55
0.0100197	55
0.0100433	55
0.0100518	55
0.0100597	55
0.0100942	55
0.0101133	55
0.0101186	55
0.01012	55
0.0101461	55
0.0101741	55
0.0101896	55
0.010192	55
0.0103686	55
0.0103734	55
0.010413	55
0.0104139	55
0.010467	55
0.0105115	55
0.0106251	55
0.0107864	55
0.0108327	55
0.0108931	55
0.0108949	55
0.0108966	55
0.0108975	55
0.0109093	55
0.0109269	55
0.0109333	55
0.0109402	55
0.0109766	55
0.0109771	55
0.0109827	55
0.0109894	55
0.0109906	55
0.0109939	55
0.0110198	55
0.0110221	55
0.0110413	55
0.0110549	55
0.0110812	55
0.0110972	55
0.0111101	55
0.0111146	55
0.0111792	55
0.0111945	55
0.0112065	55
0.011291	55
0.0115006	55
0.0116734	55
0.011701	55
0.011902	55
0.0172495	55
0.0172495	55
0.01725	55
0.0172501	55
0.0172501	55
0.0172503	55
0.0172504	55
0.0172504	55
0.0172508	55
0.0172511	55
0.0172514	55
0.0172515	55
0.0172516	55
0.0172517	55
0.0172524	55
0.0172531	55
0.0172533	55
0.0172546	55
0.0172553	55
0.017256	55
0.0172562	55
0.017257	55
0.0172628	55
0.0172712	55
0.0172845	55
0.0173029	55
0.0173052	55
0.0173141	55
0.0173358	55
0.0173597	55
0.0173725	55
0.0173781	55
0.0174483	55
0.0174823	55
0.0175545	55
0.0176747	55
0.0176748	55
0.0176748	55
0.0176748	55
0.0176748	55
0.017675	55
0.0176753	55
0.0176755	55
0.0176755	55
0.0176758	55
0.0176763	55
0.0176764	55
0.0176767	55
0.0176791	55
0.0176803	55
0.0176808	55
0.0176833	55
0.017685	55
0.0176957	55
0.0177235	55
0.0186711	55
0.0361465	55
0.0361465	55
0.0361465	55
0.0361465	55
0.0361465	55
0.0361466	55
0.0361466	55
0.0361466	55
0.0361467	55
0.0361467	55
0.0361467	55
0.0361468	55
0.0361469	55
0.0361469	55
0.036147	55
0.036147	55
0.036147	55
0.036147	55
0.036147	55
0.036147	55
0.0361471	55
0.0361471	55
0.0361471	55
0.0361471	55
0.0361472	55
0.0361472	55
0.0361472	55
0.0361473	55
0.0361473	55
0.0361474	55
0.0361474	55
0.0361474	55
0.0361474	55
0.0361474	55
0.0361476	55
0.0361476	55
0.0361477	55
0.0361478	55
0.0361478	55
0.0361479	55
0.0361479	55
0.036148	55
0.036148	55
0.036148	55
0.036148	55
0.0361483	55
0.0361483	55
0.0361483	55
0.0361484	55
0.0361484	55
0.0361484	55
0.0361485	55
0.0361486	55
0.0361486	55
0.0361486	55
0.0361487	55
0.0361488	55
0.0361489	55
0.0361489	55
0.0361489	55
0.036149	55
0.036149	55
0.0361491	55
0.0361491	55
0.0361491	55
0.0361492	55
0.0361493	55
0.0361495	55
0.0361495	55
0.0361496	55
0.0361496	55
0.0361496	55
0.0361497	55
0.0361497	55
0.0361499	55
0.03615	55
0.0361501	55
0.0361501	55
0.0361501	55
0.0361502	55
0.0361502	55
0.0361502	55
0.0361503	55
0.0361503	55
0.0361503	55
0.0361504	55
0.0361505	55
0.0361506	55
0.0361506	55
0.0361507	55
0.0361507	55
0.0361509	55
0.0361509	55
0.0361512	55
0.0361514	55
0.0361515	55
0.0361518	55
0.0361521	55
0.0361526	55
0.0361528	55
0.0361533	55
0.0361535	55
0.0361546	55
0.036155	55
0.0361553	55
0.0361556	55
0.0361565	55
0.036157	55
0.0361578	55
0.0361588	55
0.0361592	55
0.0361593	55
0.0361624	55
0.0361628	55
0.0361631	55
0.0361648	55
0.0361664	55
0.0361788	55
0.0361808	55
0.0361866	55
0.0361895	55
0.0361914	55
0.0361921	55
0.0361928	55
0.0362096	55
0.0362369	55
0.0362421	55
0.0362474	55
0.0362544	55
0.0362552	55
0.0362703	55
0.0362708	55
0.0362863	55
0.0363012	55
0.0363042	55
0.036312	55
0.0363623	55
0.0363758	55
0.0363828	55
0.03639	55
0.0364055	55
0.0364133	55
0.0364187	55
0.0364812	55
0.0364855	55
0.0365405	55
0.036652	55
0.0366967	55
0.0366969	55
0.036727	55
0.0367518	55
0.0369489	55
0.0372615	55
0.0373456	55
0.0375182	55
0.0376306	55
0.0378981	55
0.0379886	55
0.0380156	55
0.0381232	55
0.0405916	55
0.0405926	55
0.0405955	55
0.0405967	55
0.0405973	55
0.0406015	55
0.0406046	55
0.0406074	55
0.0406127	55
0.0406268	55
0.0406389	55
0.0406456	55
0.040677	55
0.040684	55
0.0407019	55
0.0407104	55
0.0407165	55
0.0407171	55
0.0407358	55
0.0407441	55
0.0407447	55
0.0408156	55
0.0408714	55
0.0408984	55
0.0409396	55
0.0409413	55
0.0409755	55
0.0410073	55
0.0410782	55
0.0411864	55
0.0411976	55
0.0413163	55
0.0413175	55
0.0591469	55
0.059147	55
0.0591473	55
0.0591476	55
0.0591479	55
0.0591482	55
0.059149	55
0.0591495	55
0.0591504	55
0.0591509	55
0.0591514	55
0.0591523	55
0.0591532	55
0.0591555	55
0.059156	55
0.0591591	55
0.0591605	55
0.0591645	55
0.059186	55
0.0592299	55
0.059306	55
0.0593697	55
0.0593716	55
0.0593857	55
0.0593863	55
0.0599014	55
0.0599037	55
0.0599111	55
0.0599152	55
0.0599423	55
0.0601807	55
0.0601933	55
0.06021	55
0.0602189	55
0.0604247	55
0.0604348	55
0.064158	55
0.0641605	55
0.064224	55
0.0642276	55
0.064236	55
0.0679933	55
0.0680052	55
0.0680088	55
0.0680222	55
0.0680306	55
0.0680918	55
0.0681115	55
0.0681404	55
0.0681838	55
0.0682958	55
0.0683161	55
0.0683451	55
0.0684549	55
0.0978609	55
0.097861	55
0.0978611	55
0.0978612	55
0.0978613	55
0.0978617	55
0.0978617	55
0.0978619	55
0.0978621	55
0.097864	55
0.0978656	55
0.09787	55
0.0978704	55
0.0978846	55
0.0978864	55
0.0979006	55
0.0979398	55
0.0979529	55
0.0979558	55
0.0979668	55
0.0979935	55
0.0980173	55
0.0980183	55
0.0982048	55
0.0982568	55
0.0985437	55
0.0985442	55
0.098553	55
0.099237	55
0.0992438	55
0.099245	55
0.0993777	55
0.108735	55
0.108735	55
0.108736	55
0.108795	55
0.109002	55
0.109005	55
0.109011	55
0.109901	55
0.109913	55
0.109943	55
0.118822	55
0.118823	55
0.118825	55
0.11883	55
0.11883	55
0.118832	55
0.118844	55
0.11886	55
0.119203	55
0.119643	55
0.12144	55
0.121442	55
0.121443	55
0.121446	55
0.121469	55
0.132152	55
0.132153	55
0.132154	55
0.132156	55
0.13216	55
0.13218	55
0.139004	55
0.139005	55
0.139005	55
0.139006	55
0.139007	55
0.139237	55
0.140123	55
0.140124	55
0.140126	55
0.140127	55
0.140128	55
0.140137	55
0.140271	55
0.145077	55
0.145081	55
0.145085	55
0.145125	55
0.145452	55
0.152831	55
0.152839	55
0.152841	55
0.152847	55
0.152894	55
0.152978	55
0.153723	55
0.163928	55
0.163929	55
0.163933	55
0.163935	55
0.163946	55
0.163951	55
0.163992	55
0.167307	55
0.16731	55
0.167312	55
0.167336	55
0.167349	55
0.172738	55
0.172738	55
0.172753	55
0.172885	55
0.185714	55
0.185714	55
0.185714	55
0.185715	55
0.185716	55
0.185718	55
0.185719	55
0.18572	55
0.185726	55
0.18573	55
0.185733	55
0.185975	55
0.185976	55
0.185984	55
0.192927	55
0.192983	55
0.199464	55
0.199466	55
0.199468	55
0.199468	55
0.199471	55
0.199502	55
0.199599	55
0.208725	55
0.208726	55
0.208734	55
0.208756	55
0.208987	55
0.212791	55
0.212793	55
0.212795	55
0.21282	55
0.214186	55
0.214187	55
0.214234	55
0.220734	55
0.22074	55
0.220748	55
0.229754	55
0.229756	55
0.229911	55
0.235063	55
0.235064	55
0.235069	55
0.23507	55
0.239604	55
0.239611	55
0.242499	55
0.242501	55
0.242502	55
0.242504	55
0.24251	55
0.242514	55
0.242541	55
0.255208	55
0.255209	55
0.255209	55
0.255211	55
0.255211	55
0.255212	55
0.255214	55
0.255215	55
0.257171	55
0.257173	55
0.257174	55
0.257175	55
0.257182	55
0.257194	55
0.257309	55
0.259516	55
0.259517	55
0.259524	55
0.259527	55
0.259527	55
0.259572	55
0.259956	55
0.260358	55
0.26036	55
0.260816	55
0.263196	55
0.263857	55
0.26729	55
0.267297	55
0.26731	55
0.280083	55
0.280084	55
0.280085	55
0.280091	55
0.28012	55
0.285658	55
0.285661	55
0.285712	55
0.292357	55
0.292365	55
0.292367	55
0.292377	55
0.292378	55
0.297854	55
0.297861	55
0.297864	55
0.297868	55
0.297881	55
0.305484	55
0.305486	55
0.305523	55
0.307779	55
0.307782	55
0.307785	55
0.307791	55
0.307852	55
0.310271	55
0.310279	55
0.310279	55
0.31028	55
0.31061	55
0.314144	55
0.314147	55
0.317638	55
0.317671	55
0.322553	55
0.322554	55
0.322557	55
0.322564	55
0.322564	55
0.322573	55
0.329072	55
0.329074	55
0.329076	55
0.329077	55
0.329078	55
0.329088	55
0.329088	55
0.329088	55
0.329094	55
0.345886	55
0.345887	55
0.345889	55
0.34589	55
0.345891	55
0.345896	55
0.3461	55
0.351013	55
0.351013	55
0.351014	55
0.351016	55
0.351017	55
0.351017	55
0.358294	55
0.358296	55
0.358297	55
0.358298	55
0.358299	55
0.358303	55
0.358309	55
0.358315	55
0.358321	55
0.378784	55
0.378785	55
0.378786	55
0.378792	55
0.378793	55
0.378803	55
0.378812	55
0.392747	55
0.39275	55
0.392771	55
0.392779	55
0.392837	55
0.394985	55
0.397021	55
0.400153	55
0.400155	55
0.400157	55
0.400164	55
0.400173	55
0.400173	55
0.400173	55
0.400176	55
0.403222	55
0.403226	55
0.403226	55
0.403229	55
0.403266	55
0.415558	55
0.41556	55
0.41556	55
0.41566	55
0.422774	55
0.42284	55
0.433534	55
0.433534	55
0.433535	55
0.433536	55
0.433536	55
0.433537	55
0.433545	55
0.433554	55
0.433556	55
0.433557	55
0.433611	55
0.451919	55
0.451922	55
0.451923	55
0.452007	55
0.454928	55
0.454929	55
0.454958	55
0.455019	55
0.465036	55
0.465039	55
0.465041	55
0.465045	55
0.465084	55
0.472953	55
0.472956	55
0.472961	55
0.472994	55
0.472997	55
0.47855	55
0.478554	55
0.478557	55
0.478561	55
0.478897	55
0.482568	55
0.482569	55
0.482569	55
0.482569	55
0.482569	55
0.48257	55
0.482578	55
0.482584	55
0.482593	55
0.48728	55
0.487344	55
0.488415	55
0.488421	55
0.488462	55
0.489632	55
0.489637	55
0.489774	55
0.5009	55
0.500902	55
0.500903	55
0.500917	55
0.500951	55
0.509289	55
0.509297	55
0.516488	55
0.51649	55
0.516493	55
0.516493	55
0.516504	55
0.516506	55
0.516511	55
0.516529	55
0.527503	55
0.527513	55
0.527514	55
0.527698	55
0.530104	55
0.535717	55
0.535719	55
0.53572	55
0.53572	55
0.535723	55
0.535724	55
0.535737	55
0.535807	55
0.536447	55
0.571192	55
0.571193	55
0.571193	55
0.571193	55
0.571193	55
0.571193	55
0.571194	55
0.571205	55
0.571224	55
0.572941	55
0.572947	55
0.572949	55
0.572955	55
0.582025	55
0.582028	55
0.582032	55
0.584926	55
0.584928	55
0.584937	55
0.589727	55
0.58973	55
0.58975	55
0.603281	55
0.603282	55
0.603283	55
0.603285	55
0.603287	55
0.603287	55
0.603287	55
0.603293	55
0.603301	55
0.624321	55
0.624322	55
0.624323	55
0.624324	55
0.624324	55
0.624326	55
0.624329	55
0.624338	55
0.625794	55
0.625794	55
0.625799	55
0.625813	55
0.625826	55
0.625938	55
0.663253	55
0.663253	55
0.663254	55
0.663256	55
0.663258	55
0.663259	55
0.663264	55
0.663266	55
0.663274	55
0.66332	55
0.663649	55
0.663658	55
0.663666	55
0.663685	55
0.66865	55
0.668652	55
0.668684	55
0.682248	55
0.682248	55
0.682248	55
0.682251	55
0.682263	55
0.682269	55
0.69444	55
0.694443	55
0.694467	55
0.698101	55
0.698104	55
0.698107	55
0.69811	55
0.710832	55
0.710832	55
0.710833	55
0.710836	55
0.710836	55
0.710841	55
0.737415	55
0.737416	55
0.737417	55
0.737417	55
0.737423	55
0.737424	55
0.737433	55
0.769779	55
0.769779	55
0.769781	55
0.769789	55
0.769803	55
0.769862	55
0.771477	55
0.792539	55
0.79254	55
0.792548	55
0.792548	55
0.792549	55
0.792553	55
0.792554	55
0.792565	55
0.792567	55
0.792569	55
0.793342	55
0.799634	55
0.799651	55
0.799665	55
0.799826	55
0.804252	55
0.804254	55
0.804265	55
0.804662	55
0.820032	55
0.820039	55
0.820044	55
0.820052	55
0.82006	55
0.820149	55
0.821345	55
0.821348	55
0.821385	55
0.821393	55
0.821588	55
0.829457	55
0.829463	55
0.851122	55
0.851123	55
0.851123	55
0.851123	55
0.851125	55
0.851132	55
0.851189	55
0.854657	55
0.854664	55
0.864615	55
0.864617	55
0.864941	55
0.868369	55
0.871624	55
0.871625	55
0.871627	55
0.871628	55
0.871639	55
0.871642	55
0.871676	55
0.874009	55
0.87401	55
0.87401	55
0.874014	55
0.874015	55
0.87402	55
0.874022	55
0.874026	55
0.882187	55
0.882191	55
0.882292	55
0.885569	55
0.886498	55
0.8865	55
0.886513	55
0.886519	55
0.89286	55
0.892861	55
0.892861	55
0.892899	55
0.900689	55
0.900691	55
0.900691	55
0.900693	55
0.900703	55
0.900706	55
0.900736	55
0.914437	55
0.914438	55
0.91444	55
0.914454	55
0.914457	55
0.917001	55
0.917008	55
0.91702	55
0.917034	55
0.919351	55
0.919377	55
0.946255	55
0.946255	55
0.946255	55
0.946256	55
0.946256	55
0.946257	55
0.946258	55
0.946259	55
0.946263	55
0.946314	55
0.949429	55
0.949437	55
0.949438	55
0.96295	55
0.96295	55
0.962953	55
0.962959	55
0.962962	55
0.962965	55
0.962978	55
0.962995	55
0.964147	55
0.964168	55
0.964203	55
0.970656	55
0.970671	55
0.97069	55
0.970691	55
0.98199	55
0.981993	55
0.981994	55
0.981997	55
0.982098	55
0.9821	55
0.982121	55
0.989163	55
0.989167	55
0.989173	55
0.98918	55
0.989188	55
0.989194	55
0.991008	55
0.991016	55
0.99104	55
0.996139	55
0.996145	55
0.996204	55
0.99757	55
0.997571	55
0.997572	55
0.997584	55
0.997613	55
1.00015	55
1.00016	55
1.00016	55
1.00016	55
1.00018	55
1.00027	55
1.01725	55
1.01725	55
1.01725	55
1.01727	55
1.01727	55
1.01732	55
1.02487	55
1.02488	55
1.02488	55
1.02488	55
1.02491	55
1.02492	55
1.03093	55
1.03094	55
1.03095	55
1.03196	55
1.03199	55
1.03205	55
1.03212	55
1.03776	55
1.03776	55
1.03776	55
1.03778	55
1.03787	55
1.05201	55
1.05201	55
1.05202	55
1.05202	55
1.05202	55
1.05203	55
1.05205	55
1.05297	55
1.05298	55
1.05299	55
1.05567	55
1.05568	55
1.05568	55
1.05569	55
1.0557	55
1.05612	55
1.05612	55
1.05612	55
1.05966	55
1.05966	55
1.05967	55
1.05974	55
1.06861	55
1.06862	55
1.06862	55
1.07223	55
1.07223	55
1.07223	55
1.07223	55
1.07224	55
1.07978	55
1.07978	55
1.07978	55
1.07982	55
1.08487	55
1.08487	55
1.08487	55
1.08487	55
1.0849	55
1.08762	55
1.08764	55
1.08765	55
1.09218	55
1.09219	55
1.09221	55
1.09724	55
1.09982	55
1.09982	55
1.09983	55
1.11384	55
1.11384	55
1.11384	55
1.11385	55
1.11385	55
1.11385	55
1.11385	55
1.11386	55
1.11387	55
1.11396	55
1.12234	55
1.12236	55
1.13912	55
1.13912	55
1.13913	55
1.13913	55
1.13913	55
1.13914	55
1.15175	55
1.15175	55
1.15175	55
1.15176	55
1.15177	55
1.15178	55
1.15182	55
1.17352	55
1.17352	55
1.17352	55
1.17353	55
1.17354	55
1.17355	55
1.17357	55
1.1742	55
1.17423	55
1.17427	55
1.18231	55
1.18232	55
1.18232	55
1.18232	55
1.18233	55
1.18234	55
1.18235	55
1.18579	55
1.1858	55
1.1858	55
1.1858	55
1.18581	55
1.18608	55
1.18897	55
1.19101	55
1.19137	55
1.19139	55
1.19603	55
1.19605	55
1.19748	55
1.20299	55
1.203	55
1.203	55
1.2032	55
1.21219	55
1.21219	55
1.2122	55
1.2122	55
1.21221	55
1.21223	55
1.21283	55
1.21287	55
1.21288	55
1.22645	55
1.22645	55
1.22645	55
1.22645	55
1.22645	55
1.22645	55
1.22647	55
1.23028	55
1.23031	55
1.23031	55
1.23042	55
1.23339	55
1.23339	55
1.2334	55
1.23342	55
1.23631	55
1.23631	55
1.23633	55
1.23634	55
1.23981	55
1.23981	55
1.23981	55
1.23982	55
1.23984	55
1.24439	55
1.24439	55
1.24439	55
1.2541	55
1.2541	55
1.2541	55
1.25412	55
1.25413	55
1.26193	55
1.26193	55
1.26194	55
1.26249	55
1.2625	55
1.26252	55
1.27742	55
1.27743	55
1.27743	55
1.27743	55
1.27743	55
1.27743	55
1.27745	55
1.27745	55
1.27926	55
1.27933	55
1.30133	55
1.30134	55
1.30134	55
1.30134	55
1.30135	55
1.30135	55
1.30136	55
1.35491	55
1.35491	55
1.35491	55
1.35491	55
1.35492	55
1.35492	55
1.35492	55
1.35492	55
1.35493	55
1.35733	55
1.36923	55
1.36923	55
1.36923	55
1.36923	55
1.36923	55
1.37853	55
1.37854	55
1.37855	55
1.37855	55
1.37858	55
1.37863	55
1.38102	55
1.38104	55
1.38104	55
1.38688	55
1.38688	55
1.38689	55
1.38689	55
1.38689	55
1.3869	55
1.3934	55
1.3934	55
1.3934	55
1.39341	55
1.40705	55
1.40705	55
1.40706	55
1.40707	55
1.40708	55
1.40709	55
1.40734	55
1.40735	55
1.40751	55
1.4097	55
1.4097	55
1.41447	55
1.41448	55
1.41642	55
1.41642	55
1.41643	55
1.41643	55
1.42631	55
1.42631	55
1.42631	55
1.42877	55
1.42877	55
1.42877	55
1.44074	55
1.44074	55
1.44075	55
1.44075	55
1.44079	55
1.44164	55
1.44165	55
1.44169	55
1.44862	55
1.44863	55
1.45147	55
1.45148	55
1.45149	55
1.45697	55
1.45697	55
1.45697	55
1.45698	55
1.45698	55
1.45699	55
1.45829	55
1.45829	55
1.45829	55
1.45829	55
1.45829	55
1.45892	55
1.45892	55
1.45893	55
1.46594	55
1.46596	55
1.4738	55
1.47381	55
1.47381	55
1.47382	55
1.47382	55
1.47383	55
1.47414	55
1.47905	55
1.47906	55
1.47906	55
1.47923	55
1.48187	55
1.48188	55
1.48195	55
1.48243	55
1.48243	55
1.48249	55
1.48398	55
1.48399	55
1.48401	55
1.48898	55
1.49619	55
1.49619	55
1.49619	55
1.4962	55
1.4962	55
1.4962	55
1.4962	55
1.4962	55
1.49621	55
1.50623	55
1.50623	55
1.50624	55
1.50625	55
1.51218	55
1.51218	55
1.51219	55
1.51219	55
1.51221	55
1.51398	55
1.5205	55
1.5205	55
1.52051	55
1.52051	55
1.52411	55
1.52411	55
1.52411	55
1.52412	55
1.52414	55
1.52459	55
1.54005	55
1.54005	55
1.54005	55
1.54005	55
1.54007	55
1.54008	55
1.54033	55
1.5419	55
1.5419	55
1.5419	55
1.54191	55
1.54191	55
1.54191	55
1.54207	55
1.54442	55
1.54442	55
1.54442	55
1.55522	55
1.55522	55
1.55523	55
1.55542	55
1.55973	55
1.55973	55
1.55973	55
1.55973	55
1.55974	55
1.55975	55
1.55975	55
1.56043	55
1.56051	55
1.56138	55
1.57435	55
1.57437	55
1.57441	55
1.57452	55
1.57658	55
1.57659	55
1.57659	55
1.57661	55
1.57674	55
1.57918	55
1.57919	55
1.5792	55
1.57921	55
1.57921	55
1.59299	55
1.593	55
1.593	55
1.593	55
1.59305	55
1.59308	55
1.59311	55
1.59312	55
1.59706	55
1.59707	55
1.59707	55
1.59982	55
1.59982	55
1.59982	55
1.59982	55
1.60767	55
1.60769	55
1.62216	55
1.62216	55
1.62216	55
1.62217	55
1.62217	55
1.62217	55
1.62236	55
1.62236	55
1.62237	55
1.62237	55
1.62239	55
1.62649	55
1.62649	55
1.6265	55
1.63094	55
1.63094	55
1.63095	55
1.63095	55
1.63434	55
1.63435	55
1.63436	55
1.63444	55
1.64346	55
1.64347	55
1.64347	55
1.64347	55
1.64349	55
1.64357	55
1.64409	55
1.64411	55
1.66328	55
1.66328	55
1.66328	55
1.66328	55
1.66329	55
1.66329	55
1.6633	55
1.66332	55
1.6716	55
1.6716	55
1.67161	55
1.67167	55
1.67238	55
1.67239	55
1.67239	55
1.71511	55
1.71511	55
1.71511	55
1.71511	55
1.71511	55
1.71511	55
1.71512	55
1.71513	55
1.7212	55
1.72121	55
1.72122	55
1.72124	55
1.72128	55
1.72311	55
1.72311	55
1.72319	55
1.72631	55
1.72632	55
1.72633	55
1.72651	55
1.72689	55
1.72691	55
1.72698	55
1.74026	55
1.74027	55
1.74027	55
1.74034	55
1.74035	55
1.74036	55
1.74039	55
1.74042	55
1.76926	55
1.76926	55
1.76926	55
1.76926	55
1.76926	55
1.76926	55
1.76927	55
1.76927	55
1.76933	55
1.77034	55
1.77037	55
1.77038	55
1.77175	55
1.77175	55
1.77176	55
1.77176	55
1.78156	55
1.78156	55
1.78156	55
1.78157	55
1.78157	55
1.78158	55
1.78438	55
1.78993	55
1.78994	55
1.8195	55
1.8195	55
1.8195	55
1.8195	55
1.8195	55
1.81951	55
1.81951	55
1.81951	55
1.81951	55
1.81951	55
1.81951	55
1.83354	55
1.83354	55
1.83355	55
1.83355	55
1.83356	55
1.83356	55
1.83357	55
1.83357	55
1.83529	55
1.83529	55
1.83529	55
1.8353	55
1.83532	55
1.866	55
1.86601	55
1.86601	55
1.86601	55
1.86601	55
1.86601	55
1.86601	55
1.86602	55
1.86609	55
1.87519	55
1.8752	55
1.8752	55
1.87523	55
1.87525	55
1.87563	55
1.87563	55
1.87564	55
1.87564	55
1.87858	55
1.87859	55
1.87859	55
1.87861	55
1.88032	55
1.88035	55
1.88054	55
1.88055	55
1.88058	55
1.92675	55
1.92675	55
1.92675	55
1.92675	55
1.92675	55
1.92675	55
1.92676	55
1.92676	55
1.92677	55
1.92677	55
1.92944	55
1.92944	55
1.92944	55
1.92946	55
1.93724	55
1.93725	55
1.93726	55
1.93728	55
1.94404	55
1.94409	55
1.9441	55
1.9562	55
1.95621	55
1.95621	55
1.95621	55
1.95621	55
1.95621	55
1.95621	55
1.95621	55
1.95666	55
1.95668	55
1.95863	55
1.95863	55
1.95888	55
1.96176	55
1.96178	55
1.96179	55
1.96187	55
1.96669	55
1.96687	55
1.96706	55
1.97503	55
1.97504	55
1.97504	55
1.97514	55
1.99269	55
1.99269	55
1.99269	55
1.99269	55
1.9927	55
1.9927	55
1.9927	55
1.99272	55
1.99273	55
1.99375	55
1.99375	55
1.99376	55
1.99376	55
1.99376	55
1.9938	55
1.9992	55
1.9992	55
1.9992	55
1.99921	55
1.99926	55
2.01311	55
2.01311	55
2.01374	55
2.01376	55
2.01384	55
2.01886	55
2.01886	55
2.01906	55
2.02234	55
2.02234	55
2.02235	55
2.02249	55
2.02999	55
2.03	55
2.03001	55
2.04319	55
2.04319	55
2.04319	55
2.0432	55
2.0432	55
2.0432	55
2.06165	55
2.06165	55
2.06165	55
2.06165	55
2.06165	55
2.06165	55
2.06966	55
2.06967	55
2.06967	55
2.06967	55
2.06967	55
2.06967	55
2.06967	55
2.0697	55
2.07453	55
2.07625	55
2.07625	55
2.07625	55
2.07717	55
2.07718	55
2.07721	55
2.07781	55
2.07781	55
2.07782	55
2.08216	55
2.08217	55
2.08217	55
2.09048	55
2.09049	55
2.0905	55
2.09051	55
2.09054	55
2.09179	55
2.1039	55
2.1039	55
2.1039	55
2.10395	55
2.12295	55
2.12295	55
2.12295	55
2.12295	55
2.12295	55
2.12295	55
2.12295	55
2.12295	55
2.12295	55
2.12296	55
2.12296	55
2.12296	55
2.12297	55
2.12301	55
2.13137	55
2.13137	55
2.13138	55
2.13138	55
2.13141	55
2.14085	55
2.14086	55
2.14086	55
2.14089	55
2.14241	55
2.14241	55
2.14243	55
2.17566	55
2.17566	55
2.17566	55
2.17566	55
2.17566	55
2.17566	55
2.17566	55
2.17567	55
2.17569	55
2.19196	55
2.19196	55
2.19198	55
2.19198	55
2.1938	55
2.1938	55
2.19381	55
2.19479	55
2.19981	55
2.19981	55
2.19982	55
2.19983	55
2.19985	55
2.2062	55
2.2062	55
2.20622	55
2.20623	55
2.21217	55
2.21218	55
2.21219	55
2.21224	55
2.21252	55
2.21253	55
2.21259	55
2.22427	55
2.22427	55
2.22427	55
2.22431	55
2.22513	55
2.22515	55
2.22517	55
2.22742	55
2.22896	55
2.22898	55
2.22901	55
2.23157	55
2.23159	55
2.2316	55
2.23278	55
2.23278	55
2.23279	55
2.23281	55
2.23967	55
2.23968	55
2.23968	55
2.23969	55
2.2397	55
2.23971	55
2.23987	55
2.24192	55
2.24192	55
2.24193	55
2.24661	55
2.24661	55
2.24663	55
2.24664	55
2.24715	55
2.24719	55
2.24722	55
2.27447	55
2.27447	55
2.27447	55
2.27448	55
2.27448	55
2.27448	55
2.27448	55
2.27466	55
2.28005	55
2.28005	55
2.28005	55
2.28341	55
2.28342	55
2.28343	55
2.28571	55
2.28571	55
2.28571	55
2.28572	55
2.29021	55
2.29022	55
2.29022	55
2.29022	55
2.29022	55
2.29025	55
2.29034	55
2.29207	55
2.29207	55
2.29207	55
2.29207	55
2.2921	55
2.30674	55
2.30674	55
2.30674	55
2.30675	55
2.30675	55
2.30677	55
2.31071	55
2.31071	55
2.31071	55
2.31072	55
2.31072	55
2.31072	55
2.31083	55
2.31154	55
2.31391	55
2.31391	55
2.31392	55
2.31406	55
2.32093	55
2.32095	55
2.32351	55
2.32611	55
2.33166	55
2.33166	55
2.33166	55
2.33167	55
2.33167	55
2.33192	55
2.3449	55
2.3449	55
2.34492	55
2.34492	55
2.34493	55
2.34495	55
2.35418	55
2.35419	55
2.35421	55
2.3543	55
2.35501	55
2.3615	55
2.36151	55
2.36156	55
2.37484	55
2.37485	55
2.37485	55
2.37486	55
2.37486	55
2.37486	55
2.37487	55
2.37774	55
2.37774	55
2.37774	55
2.37775	55
2.37775	55
2.37777	55
2.38006	55
2.38006	55
2.38007	55
2.38009	55
2.38583	55
2.38584	55
2.38585	55
2.38587	55
2.39052	55
2.39053	55
2.39056	55
2.39479	55
2.39479	55
2.39479	55
2.39489	55
2.40532	55
2.40532	55
2.40532	55
2.40532	55
2.40533	55
2.42333	55
2.42333	55
2.42333	55
2.42333	55
2.42334	55
2.42391	55
2.42458	55
2.42458	55
2.42458	55
2.42459	55
2.45239	55
2.45239	55
2.45239	55
2.45239	55
2.45239	55
2.45241	55
2.45246	55
2.45638	55
2.45712	55
2.45763	55
2.45947	55
2.46166	55
2.47783	55
2.47784	55
2.47784	55
2.47784	55
2.47784	55
2.47784	55
2.47784	55
2.47785	55
2.47786	55
2.47956	55
2.48328	55
2.48329	55
2.4833	55
2.48824	55
2.48824	55
2.48826	55
2.49535	55
2.49535	55
2.49536	55
2.49537	55
2.5033	55
2.5033	55
2.5033	55
2.5033	55
2.5033	55
2.50332	55
2.50609	55
2.50609	55
2.50609	55
2.50609	55
2.50609	55
2.5061	55
2.5061	55
2.50621	55
2.52658	55
2.5266	55
2.52725	55
2.52726	55
2.52728	55
2.52728	55
2.52729	55
2.52902	55
2.52939	55
2.5295	55
2.53744	55
2.53745	55
2.53745	55
2.53745	55
2.53745	55
2.53746	55
2.53748	55
2.53968	55
2.53969	55
2.53975	55
2.55699	55
2.55699	55
2.557	55
2.55703	55
2.5588	55
2.55882	55
2.55889	55
2.56518	55
2.56518	55
2.56518	55
2.56519	55
2.56521	55
2.56636	55
2.59639	55
2.59639	55
2.59639	55
2.59639	55
2.5964	55
2.5964	55
2.59642	55
2.59642	55
2.60026	55
2.60026	55
2.60026	55
2.6003	55
2.62519	55
2.62519	55
2.6252	55
2.6252	55
2.6252	55
2.62521	55
2.62524	55
2.63205	55
2.63205	55
2.63206	55
2.6341	55
2.6341	55
2.63411	55
2.63411	55
2.63411	55
2.63411	55
2.63412	55
2.63413	55
2.63414	55
2.63562	55
2.63563	55
2.63563	55
2.63565	55
2.63665	55
2.63666	55
2.63667	55
2.64215	55
2.65675	55
2.65675	55
2.65675	55
2.65678	55
2.65678	55
2.65679	55
2.65682	55
2.66235	55
2.66235	55
2.66236	55
2.66237	55
2.66242	55
2.66298	55
2.66303	55
2.66478	55
2.66478	55
2.66482	55
2.68537	55
2.68537	55
2.68537	55
2.68538	55
2.68541	55
2.68786	55
2.69374	55
2.69374	55
2.69375	55
2.69375	55
2.69375	55
2.7083	55
2.7083	55
2.70831	55
2.70831	55
2.70832	55
2.70832	55
2.71681	55
2.71682	55
2.71687	55
2.72179	55
2.72179	55
2.7218	55
2.72194	55
2.73819	55
2.7382	55
2.7382	55
2.73821	55
2.73823	55
2.74102	55
2.74102	55
2.74102	55
2.74104	55
2.74105	55
2.742	55
2.742	55
2.742	55
2.74201	55
2.75099	55
2.77333	55
2.77333	55
2.77333	55
2.77333	55
2.77333	55
2.77333	55
2.77333	55
2.77333	55
2.77335	55
2.77338	55
2.77379	55
2.7858	55
2.7858	55
2.78581	55
2.78581	55
2.78582	55
2.78583	55
2.78584	55
2.7927	55
2.7927	55
2.7927	55
2.7927	55
2.79271	55
2.79273	55
2.79274	55
2.79426	55
2.81039	55
2.81039	55
2.81039	55
2.8104	55
2.8104	55
2.81041	55
2.81041	55
2.81323	55
2.81323	55
2.81715	55
2.81716	55
2.81716	55
2.8172	55
2.82335	55
2.82336	55
2.82336	55
2.82338	55
2.82338	55
2.8289	55
2.82891	55
2.82891	55
2.82892	55
2.83114	55
2.83115	55
2.83116	55
2.83117	55
2.83118	55
2.84513	55
2.84513	55
2.84514	55
2.84514	55
2.84514	55
2.84514	55
2.84515	55
2.84518	55
2.84679	55
2.84679	55
2.84681	55
2.847	55
2.8662	55
2.8662	55
2.8662	55
2.86621	55
2.86623	55
2.86626	55
2.86661	55
2.87223	55
2.87224	55
2.87226	55
2.87227	55
2.87228	55
2.87879	55
2.8788	55
2.87883	55
2.87887	55
2.88311	55
2.88311	55
2.88315	55
2.88956	55
2.88956	55
2.88957	55
2.88957	55
2.8896	55
2.8896	55
2.89389	55
2.8939	55
2.8939	55
2.8939	55
2.91655	55
2.91656	55
2.91656	55
2.91656	55
2.91656	55
2.91657	55
2.9166	55
2.92209	55
2.9221	55
2.9221	55
2.9221	55
2.9221	55
2.9249	55
2.9249	55
2.9249	55
2.92493	55
2.93909	55
2.9391	55
2.93911	55
2.93913	55
2.94046	55
2.94361	55
2.96556	55
2.96556	55
2.96557	55
2.96557	55
2.96557	55
2.96557	55
2.96558	55
2.9656	55
2.98167	55
2.98167	55
2.98168	55
2.98168	55
2.98168	55
2.98168	55
2.98168	55
2.98884	55
2.98884	55
2.9973	55
2.9973	55
2.99731	55
2.99751	55
3.00728	55
3.00728	55
3.00729	55
3.0073	55
3.01252	55
3.01921	55
3.01922	55
3.01922	55
3.01923	55
3.02122	55
3.02185	55
3.02743	55
3.02743	55
3.02744	55
3.02744	55
3.02744	55
3.02745	55
3.03763	55
3.03902	55
3.0406	55
3.04135	55
3.04704	55
3.04706	55
3.04731	55
3.04731	55
3.04731	55
3.04732	55
3.04732	55
3.04732	55
3.04733	55
3.06064	55
3.06066	55
3.06066	55
3.08113	55
3.08113	55
3.08113	55
3.08114	55
3.08114	55
3.08115	55
3.08125	55
3.08981	55
3.08982	55
3.08985	55
3.08985	55
3.08989	55
3.09079	55
3.0908	55
3.09083	55
3.09086	55
3.09086	55
3.0909	55
3.09497	55
3.09498	55
3.10097	55
3.10097	55
3.10097	55
3.10097	55
3.10098	55
3.10098	55
3.10099	55
3.10099	55
3.101	55
3.101	55
3.10105	55
3.11537	55
3.11538	55
3.11538	55
3.11538	55
3.1154	55
3.11541	55
3.11689	55
3.11695	55
3.11695	55
3.11702	55
3.11707	55
3.11709	55
3.11709	55
3.12158	55
3.12164	55
3.12175	55
3.12916	55
3.12917	55
3.12917	55
3.12919	55
3.12931	55
3.13206	55
3.13207	55
3.13385	55
3.13387	55
3.13387	55
3.13389	55
3.14117	55
3.14117	55
3.14117	55
3.14118	55
3.14119	55
3.14121	55
3.14176	55
3.14176	55
3.14177	55
3.14177	55
3.14183	55
3.14392	55
3.14406	55
3.14433	55
3.14434	55
3.14434	55
3.14438	55
3.15255	55
3.15256	55
3.15258	55
3.16558	55
3.16559	55
3.16559	55
3.1656	55
3.17396	55
3.17399	55
3.1764	55
3.17641	55
3.17642	55
3.18144	55
3.18144	55
3.18144	55
3.18145	55
3.18145	55
3.18145	55
3.18145	55
3.1816	55
3.18271	55
3.18272	55
3.18274	55
3.19751	55
3.19751	55
3.19752	55
3.19757	55
3.20487	55
3.20487	55
3.20488	55
3.20488	55
3.20489	55
3.20848	55
3.21084	55
3.21085	55
3.21086	55
3.21087	55
3.21472	55
3.21473	55
3.21634	55
3.21637	55
3.21639	55
3.22703	55
3.22704	55
3.22706	55
3.22706	55
3.22786	55
3.22787	55
3.22787	55
3.2279	55
3.24393	55
3.24393	55
3.24393	55
3.24394	55
3.24394	55
3.24395	55
3.24395	55
3.24627	55
3.24627	55
3.24627	55
3.24628	55
3.24629	55
3.2463	55
3.26014	55
3.26015	55
3.26015	55
3.26015	55
3.26017	55
3.26611	55
3.26612	55
3.26613	55
3.26715	55
3.26715	55
3.26717	55
3.26717	55
3.26725	55
3.27599	55
3.28264	55
3.28265	55
3.28265	55
3.28266	55
3.28267	55
3.28513	55
3.28513	55
3.28515	55
3.28515	55
3.28521	55
3.28695	55
3.28696	55
3.28696	55
3.28708	55
3.29045	55
3.29046	55
3.29046	55
3.29047	55
3.29047	55
3.29048	55
3.304	55
3.30401	55
3.30414	55
3.31531	55
3.31531	55
3.31531	55
3.31532	55
3.31532	55
3.31538	55
3.31975	55
3.34216	55
3.34216	55
3.34216	55
3.34216	55
3.34216	55
3.34216	55
3.34218	55
3.34219	55
3.3422	55
3.34224	55
3.34417	55
3.34418	55
3.34418	55
3.3442	55
3.35032	55
3.35032	55
3.35033	55
3.35035	55
3.3564	55
3.35641	55
3.35645	55
3.36006	55
3.36009	55
3.36009	55
3.36012	55
3.36188	55
3.36381	55
3.36381	55
3.36384	55
3.36994	55
3.36994	55
3.36995	55
3.36996	55
3.37206	55
3.37209	55
3.37209	55
3.37914	55
3.37914	55
3.37915	55
3.37916	55
3.40204	55
3.40204	55
3.40204	55
3.40204	55
3.40204	55
3.40204	55
3.40205	55
3.40205	55
3.40205	55
3.40206	55
3.40217	55
3.44397	55
3.44398	55
3.44398	55
3.44398	55
3.44399	55
3.44399	55
3.44401	55
3.44403	55
3.4474	55
3.44741	55
3.45221	55
3.45232	55
3.45316	55
3.45317	55
3.45319	55
3.45328	55
3.45687	55
3.45687	55
3.45698	55
3.46578	55
3.46579	55
3.46597	55
3.46695	55
3.46696	55
3.47382	55
3.47382	55
3.47382	55
3.47538	55
3.47539	55
3.47539	55
3.4754	55
3.4754	55
3.4754	55
3.4757	55
3.48198	55
3.48199	55
3.48207	55
3.48468	55
3.48468	55
3.48468	55
3.4847	55
3.48474	55
3.50438	55
3.50438	55
3.50438	55
3.50439	55
3.5044	55
3.50443	55
3.50513	55
3.50514	55
3.50515	55
3.50743	55
3.51029	55
3.51031	55
3.51034	55
3.54826	55
3.54826	55
3.54826	55
3.54826	55
3.54827	55
3.54827	55
3.54827	55
3.54828	55
3.54828	55
3.54828	55
3.55171	55
3.55171	55
3.55224	55
3.5532	55
3.5532	55
3.55321	55
3.55322	55
3.55465	55
3.55466	55
3.55477	55
3.55969	55
3.56431	55
3.56432	55
3.56433	55
3.5685	55
3.56851	55
3.56852	55
3.57755	55
3.57755	55
3.57755	55
3.57755	55
3.57756	55
3.57756	55
3.57756	55
3.57756	55
3.57756	55
3.57756	55
3.57757	55
3.57757	55
3.57762	55
3.5868	55
3.5868	55
3.58681	55
3.58684	55
3.59574	55
3.59576	55
3.59577	55
3.5961	55
3.59791	55
3.59791	55
3.59793	55
3.59832	55
3.60059	55
3.60059	55
3.6006	55
3.60076	55
3.60443	55
3.60443	55
3.60444	55
3.60445	55
3.60461	55
3.6131	55
3.6131	55
3.6131	55
3.61311	55
3.61315	55
3.61325	55
3.61997	55
3.61999	55
3.61999	55
3.6203	55
3.6294	55
3.6294	55
3.62941	55
3.62976	55
3.62977	55
3.62996	55
3.63109	55
3.6311	55
3.63112	55
3.63145	55
3.64117	55
3.64117	55
3.64118	55
3.64118	55
3.64119	55
3.64119	55
3.64123	55
3.64765	55
3.64766	55
3.64767	55
3.66024	55
3.66024	55
3.66024	55
3.66026	55
3.66027	55
3.66027	55
3.66029	55
3.66031	55
3.6604	55
3.6657	55
3.6657	55
3.6657	55
3.66572	55
3.66577	55
3.66964	55
3.66965	55
3.66966	55
3.66974	55
3.67842	55
3.67842	55
3.67842	55
3.67842	55
3.67845	55
3.67875	55
3.67875	55
3.67875	55
3.67881	55
3.67992	55
3.69142	55
3.69142	55
3.69143	55
3.69143	55
3.69152	55
3.69167	55
3.6936	55
3.69861	55
3.69863	55
3.70276	55
3.70276	55
3.70277	55
3.72845	55
3.72845	55
3.72845	55
3.72845	55
3.72845	55
3.72846	55
3.72847	55
3.72849	55
3.72865	55
3.72953	55
3.73064	55
3.73066	55
3.73344	55
3.73344	55
3.73345	55
3.73403	55
3.73403	55
3.73409	55
3.73948	55
3.73949	55
3.73949	55
3.73949	55
3.73951	55
3.74427	55
3.74435	55
3.74534	55
3.74535	55
3.74535	55
3.74556	55
3.74556	55
3.74557	55
3.74871	55
3.74872	55
3.74873	55
3.74873	55
3.74875	55
3.74876	55
3.74914	55
3.75045	55
3.75049	55
3.7518	55
3.75181	55
3.75181	55
3.75184	55
3.75206	55
3.7668	55
3.7668	55
3.7668	55
3.7668	55
3.76681	55
3.76683	55
3.76844	55
3.77588	55
3.77589	55
3.77591	55
3.77615	55
3.78122	55
3.78123	55
3.78762	55
3.78762	55
3.78764	55
3.78764	55
3.79358	55
3.79358	55
3.79359	55
3.79359	55
3.7936	55
3.7936	55
3.79374	55
3.79374	55
3.79374	55
3.79374	55
3.79375	55
3.79382	55
3.80998	55
3.80998	55
3.80999	55
3.81001	55
3.81003	55
3.81594	55
3.81595	55
3.81596	55
3.81597	55
3.82758	55
3.8276	55
3.82789	55
3.84959	55
3.84959	55
3.84959	55
3.84959	55
3.84959	55
3.84959	55
3.84961	55
3.84963	55
3.85123	55
3.85128	55
3.85128	55
3.85128	55
3.86811	55
3.86811	55
3.86812	55
3.86812	55
3.86812	55
3.86813	55
3.86814	55
3.86821	55
3.87091	55
3.87094	55
3.87105	55
3.8817	55
3.8817	55
3.88171	55
3.90118	55
3.90118	55
3.90118	55
3.90119	55
3.90119	55
3.9012	55
3.90121	55
3.90122	55
3.90192	55
3.90227	55
3.92479	55
3.9248	55
3.92481	55
3.92482	55
3.93607	55
3.93607	55
3.93608	55
3.93608	55
3.93608	55
3.93935	55
3.93935	55
3.93937	55
3.96533	55
3.96533	55
3.96533	55
3.96533	55
3.96534	55
3.96535	55
3.971	55
3.97101	55
3.97103	55
3.97103	55
3.97196	55
3.97198	55
3.97201	55
3.9812	55
3.9812	55
3.9812	55
3.9812	55
3.98121	55
3.98121	55
3.98122	55
3.98124	55
3.99658	55
3.99658	55
3.99658	55
3.99658	55
3.99658	55
3.99711	55
4.00098	55
4.00175	55
4.00176	55
4.00183	55
4.00445	55
4.00446	55
4.00447	55
4.00449	55
4.00671	55
4.00671	55
4.00671	55
4.0217	55
4.0217	55
4.02171	55
4.02687	55
4.0269	55
4.0269	55
4.02716	55
4.02717	55
4.02717	55
4.0272	55
4.02734	55
4.04699	55
4.047	55
4.04702	55
4.04703	55
4.04919	55
4.04919	55
4.04921	55
4.0493	55
4.06002	55
4.06002	55
4.06003	55
4.06003	55
4.06003	55
4.06004	55
4.06005	55
4.06011	55
4.07818	55
4.07818	55
4.07822	55
4.07822	55
4.07874	55
4.08283	55
4.08284	55
4.08284	55
4.08294	55
4.08485	55
4.08487	55
4.08498	55
4.0919	55
4.09191	55
4.09192	55
4.09193	55
4.09198	55
4.09207	55
4.11115	55
4.11117	55
4.11117	55
4.11118	55
4.1116	55
4.1125	55
4.13258	55
4.13258	55
4.13259	55
4.13259	55
4.13261	55
4.13262	55
4.13264	55
4.14186	55
4.14186	55
4.14187	55
4.14193	55
4.14969	55
4.14969	55
4.14971	55
4.14974	55
4.14998	55
4.18195	55
4.18195	55
4.18195	55
4.18196	55
4.18196	55
4.18196	55
4.18196	55
4.18196	55
4.18197	55
4.18239	55
4.19098	55
4.19098	55
4.19118	55
4.1941	55
4.19412	55
4.19413	55
4.19482	55
4.20197	55
4.202	55
4.20898	55
4.209	55
4.209	55
4.209	55
4.209	55
4.20903	55
4.20903	55
4.21366	55
4.21366	55
4.21368	55
4.21422	55
4.23088	55
4.23088	55
4.23088	55
4.23089	55
4.2309	55
4.23092	55
4.23097	55
4.2345	55
4.23451	55
4.23451	55
4.23452	55
4.23455	55
4.23588	55
4.2359	55
4.23593	55
4.2379	55
4.23791	55
4.23792	55
4.23799	55
4.24762	55
4.24763	55
4.24765	55
4.2492	55
4.2492	55
4.24921	55
4.26232	55
4.26232	55
4.26233	55
4.26234	55
4.26236	55
4.2635	55
4.2635	55
4.26352	55
4.26355	55
4.26368	55
4.27832	55
4.27832	55
4.27832	55
4.27835	55
4.27841	55
4.28514	55
4.28515	55
4.28518	55
4.30005	55
4.30005	55
4.30006	55
4.30008	55
4.3001	55
4.30019	55
4.30518	55
4.30518	55
4.30523	55
4.3053	55
4.30979	55
4.30979	55
4.3098	55
4.3098	55
4.3098	55
4.31085	55
4.31085	55
4.31086	55
4.3109	55
4.31094	55
4.32086	55
4.32087	55
4.32088	55
4.32088	55
4.32089	55
4.32163	55
4.35894	55
4.35894	55
4.35894	55
4.35894	55
4.35895	55
4.35896	55
4.35898	55
4.359	55
4.35902	55
4.36022	55
4.36022	55
4.36024	55
4.36026	55
4.36107	55
4.3645	55
4.36451	55
4.36456	55
4.36467	55
4.36729	55
4.36729	55
4.36734	55
4.39148	55
4.39148	55
4.39148	55
4.39149	55
4.39149	55
4.39149	55
4.3915	55
4.40162	55
4.40162	55
4.40162	55
4.40162	55
4.40162	55
4.40163	55
4.40314	55
4.40554	55
4.40554	55
4.40573	55
4.41271	55
4.41276	55
4.414	55
4.41402	55
4.41404	55
4.41407	55
4.41533	55
4.41535	55
4.41537	55
4.41846	55
4.41846	55
4.41847	55
4.4185	55
4.41871	55
4.41871	55
4.41873	55
4.41881	55
4.42527	55
4.42527	55
4.42527	55
4.42527	55
4.42531	55
4.42538	55
4.42912	55
4.42912	55
4.42913	55
4.44952	55
4.44952	55
4.44952	55
4.44952	55
4.44952	55
4.44952	55
4.44952	55
4.44952	55
4.44953	55
4.44954	55
4.44955	55
4.45251	55
4.45278	55
4.46093	55
4.46093	55
4.46229	55
4.47547	55
4.47547	55
4.47547	55
4.47548	55
4.47548	55
4.4755	55
4.47558	55
4.49681	55
4.49681	55
4.49683	55
4.49683	55
4.49684	55
4.49688	55
4.51761	55
4.51762	55
4.51763	55
4.51764	55
4.51767	55
4.51777	55
4.52184	55
4.52184	55
4.52185	55
4.52187	55
4.52187	55
4.522	55
4.52244	55
4.52246	55
4.52254	55
4.52328	55
4.52364	55
4.52733	55
4.52933	55
4.52933	55
4.52934	55
4.52934	55
4.53339	55
4.53339	55
4.53341	55
4.53345	55
4.54343	55
4.54343	55
4.54345	55
4.54345	55
4.54353	55
4.54477	55
4.56517	55
4.56517	55
4.56518	55
4.56518	55
4.56519	55
4.5652	55
4.60649	55
4.60649	55
4.60649	55
4.60649	55
4.6065	55
4.6065	55
4.6065	55
4.60651	55
4.60652	55
4.60652	55
4.60652	55
4.60675	55
4.62	55
4.62	55
4.62001	55
4.62001	55
4.62002	55
4.62049	55
4.62136	55
4.62136	55
4.62148	55
4.62831	55
4.62832	55
4.62833	55
4.63105	55
4.63105	55
4.63105	55
4.63205	55
4.63205	55
4.63228	55
4.64081	55
4.64081	55
4.64082	55
4.64086	55
4.64116	55
4.6419	55
4.64193	55
4.64255	55
4.65398	55
4.65398	55
4.65399	55
4.65399	55
4.654	55
4.65615	55
4.65652	55
4.65652	55
4.65653	55
4.65653	55
4.65656	55
4.65662	55
4.65735	55
4.65736	55
4.65736	55
4.67405	55
4.67406	55
4.67949	55
4.67952	55
4.67956	55
4.68876	55
4.68876	55
4.68877	55
4.68878	55
4.68887	55
4.69536	55
4.69536	55
4.69537	55
4.6957	55
4.69604	55
4.70048	55
4.70048	55
4.70048	55
4.70049	55
4.70057	55
4.70558	55
4.70559	55
4.70559	55
4.7056	55
4.70561	55
4.70599	55
4.72091	55
4.72094	55
4.7214	55
4.74381	55
4.74381	55
4.74381	55
4.74381	55
4.74382	55
4.74382	55
4.74382	55
4.74384	55
4.74384	55
4.74388	55
4.74583	55
4.74584	55
4.74586	55
4.74587	55
4.74722	55
4.74722	55
4.74722	55
4.74722	55
4.74794	55
4.74797	55
4.74801	55
4.75178	55
4.75179	55
4.75205	55
4.75609	55
4.75652	55
4.76892	55
4.76892	55
4.76894	55
4.76895	55
4.76896	55
4.76898	55
4.76921	55
4.77801	55
4.77801	55
4.77804	55
4.77834	55
4.78095	55
4.78096	55
4.78097	55
4.78143	55
4.78235	55
4.78238	55
4.78241	55
4.78441	55
4.7916	55
4.7916	55
4.79161	55
4.79162	55
4.79254	55
4.79474	55
4.79475	55
4.79901	55
4.80058	55
4.801	55
4.80102	55
4.80333	55
4.81262	55
4.81262	55
4.81262	55
4.81274	55
4.8298	55
4.82981	55
4.82981	55
4.82981	55
4.82982	55
4.82982	55
4.82982	55
4.82982	55
4.82983	55
4.82983	55
4.82994	55
4.84681	55
4.84682	55
4.84682	55
4.84683	55
4.84687	55
4.84721	55
4.86805	55
4.86806	55
4.86807	55
4.86809	55
4.86812	55
4.87044	55
4.8755	55
4.89088	55
4.89088	55
4.89089	55
4.89092	55
4.90292	55
4.90292	55
4.90292	55
4.90293	55
4.90294	55
4.90294	55
4.90295	55
4.90301	55
4.90313	55
4.90693	55
4.90693	55
4.90693	55
4.90695	55
4.92369	55
4.92371	55
4.92676	55
4.92763	55
4.93972	55
4.93973	55
4.93973	55
4.93973	55
4.93974	55
4.93974	55
4.93974	55
4.94175	55
4.94818	55
4.94819	55
4.94819	55
4.94823	55
4.94827	55
4.94897	55
4.949	55
4.94902	55
4.94908	55
4.98127	55
4.98127	55
4.98127	55
4.98127	55
4.98128	55
4.98128	55
4.98129	55
4.9813	55
4.98133	55
4.98141	55
5.02102	55
5.02103	55
5.02103	55
5.02103	55
5.02103	55
5.02104	55
5.02108	55
5.0211	55
5.02119	55
5.02368	55
5.02446	55
5.0276	55
5.0276	55
5.02761	55
5.02762	55
5.03022	55
5.03422	55
5.03422	55
5.03778	55
5.03803	55
5.04695	55
5.04695	55
5.04696	55
5.04698	55
5.047	55
5.0519	55
5.05212	55
5.05467	55
5.05701	55
5.05704	55
5.05705	55
5.07223	55
5.07223	55
5.07224	55
5.07224	55
5.07225	55
5.0763	55
5.07631	55
5.07643	55
5.09849	55
5.09849	55
5.0985	55
5.0985	55
5.0985	55
5.09851	55
5.09858	55
5.09861	55
5.10223	55
5.11468	55
5.11468	55
5.11469	55
5.11469	55
5.11469	55
5.1151	55
5.11574	55
5.11574	55
5.11577	55
5.11578	55
5.12456	55
5.12457	55
5.12457	55
5.1246	55
5.12465	55
5.12466	55
5.13244	55
5.13245	55
5.13245	55
5.13506	55
5.14189	55
5.14189	55
5.14192	55
5.15508	55
5.15514	55
5.15553	55
5.16956	55
5.16956	55
5.16956	55
5.16956	55
5.16957	55
5.16957	55
5.16959	55
5.1696	55
5.16962	55
5.16964	55
5.17247	55
5.17248	55
5.17262	55
5.17289	55
5.18309	55
5.1831	55
5.18313	55
5.18317	55
5.18331	55
5.19449	55
5.19449	55
5.19455	55
5.19657	55
5.19663	55
5.19787	55
5.20401	55
5.20401	55
5.20401	55
5.20403	55
5.20407	55
5.2044	55
5.20492	55
5.20492	55
5.20498	55
5.20915	55
5.20917	55
5.20917	55
5.20925	55
5.21489	55
5.21489	55
5.21489	55
5.2149	55
5.2149	55
5.21494	55
5.23375	55
5.23375	55
5.23376	55
5.23376	55
5.23376	55
5.23377	55
5.23377	55
5.23377	55
5.23377	55
5.23379	55
5.23383	55
5.23383	55
5.23386	55
5.25064	55
5.25065	55
5.25065	55
5.25066	55
5.25075	55
5.25079	55
5.27311	55
5.27311	55
5.27312	55
5.27316	55
5.27316	55
5.27318	55
5.27318	55
5.2737	55
5.30611	55
5.30612	55
5.30612	55
5.30614	55
5.3062	55
5.30816	55
5.30818	55
5.3083	55
5.31143	55
5.31149	55
5.3115	55
5.31159	55
5.31537	55
5.31537	55
5.31538	55
5.31586	55
5.31999	55
5.31999	55
5.31999	55
5.32	55
5.32	55
5.32007	55
5.32387	55
5.32388	55
5.33513	55
5.33515	55
5.34357	55
5.34357	55
5.3437	55
5.34431	55
5.34974	55
5.34975	55
5.34975	55
5.34976	55
5.35241	55
5.35242	55
5.35244	55
5.35245	55
5.35402	55
5.35402	55
5.35404	55
5.37004	55
5.37004	55
5.37005	55
5.37006	55
5.3701	55
5.37012	55
5.37488	55
5.37489	55
5.37491	55
5.40869	55
5.4087	55
5.4087	55
5.4087	55
5.4087	55
5.4087	55
5.40872	55
5.40876	55
5.40876	55
5.40883	55
5.42399	55
5.42401	55
5.42402	55
5.42405	55
5.42878	55
5.42878	55
5.42879	55
5.42882	55
5.42886	55
5.42887	55
5.43192	55
5.43193	55
5.43194	55
5.43195	55
5.43196	55
5.432	55
5.43495	55
5.43496	55
5.43497	55
5.43499	55
5.43882	55
5.43961	55
5.43967	55
5.44229	55
5.44229	55
5.44231	55
5.44233	55
5.44262	55
5.47783	55
5.47783	55
5.47784	55
5.47784	55
5.47785	55
5.47786	55
5.47792	55
5.47794	55
5.47803	55
5.47992	55
5.47994	55
5.47997	55
5.48037	55
5.48745	55
5.48746	55
5.48752	55
5.49288	55
5.49288	55
5.49296	55
5.49298	55
5.49354	55
5.50527	55
5.50527	55
5.50528	55
5.50528	55
5.50528	55
5.50539	55
5.5057	55
5.50574	55
5.50595	55
5.50616	55
5.50627	55
5.51305	55
5.51306	55
5.51315	55
5.51338	55
5.5176	55
5.52738	55
5.52739	55
5.52748	55
5.52855	55
5.52857	55
5.52857	55
5.59332	55
5.59332	55
5.59332	55
5.59333	55
5.59333	55
5.59334	55
5.59335	55
5.59337	55
5.59348	55
5.59368	55
5.60973	55
5.60974	55
5.60974	55
5.60977	55
5.60981	55
5.61071	55
5.61657	55
5.61657	55
5.61657	55
5.61659	55
5.61659	55
5.62211	55
5.62212	55
5.62212	55
5.62212	55
5.62955	55
5.62955	55
5.62957	55
5.65836	55
5.65836	55
5.65837	55
5.65839	55
5.6584	55
5.65843	55
5.65848	55
5.65975	55
5.65975	55
5.6598	55
5.66143	55
5.66143	55
5.66145	55
5.66151	55
5.66308	55
5.66308	55
5.66308	55
5.6631	55
5.66314	55
5.66322	55
5.66364	55
5.67491	55
5.67491	55
5.67491	55
5.67491	55
5.67492	55
5.67502	55
5.67798	55
5.67801	55
5.67814	55
5.68594	55
5.68595	55
5.68595	55
5.70435	55
5.70436	55
5.70438	55
5.7044	55
5.70442	55
5.70442	55
5.70442	55
5.71697	55
5.71698	55
5.71699	55
5.71699	55
5.71699	55
5.71701	55
5.71701	55
5.71719	55
5.83205	55
5.83205	55
5.83205	55
5.83205	55
5.83206	55
5.83208	55
5.83211	55
5.83212	55
5.83214	55
5.8327	55
5.85315	55
5.85316	55
5.85324	55
5.85364	55
5.8584	55
5.8584	55
5.85841	55
5.85849	55
5.85866	55
5.85896	55
5.87034	55
5.87037	55
5.87094	55
5.8717	55
5.87296	55
5.88758	55
5.88758	55
5.8876	55
5.88761	55
5.88763	55
5.88765	55
5.88769	55
5.8877	55
5.88961	55
5.88961	55
5.88984	55
5.9325	55
5.9325	55
5.93252	55
5.93253	55
5.93253	55
5.93254	55
5.93254	55
5.93257	55
5.93257	55
5.9326	55
5.93283	55
5.94107	55
5.94107	55
5.94167	55
5.94354	55
5.94354	55
5.94355	55
5.94355	55
5.94435	55
5.94612	55
5.94612	55
5.94615	55
5.94653	55
5.94655	55
5.94663	55
5.94686	55
5.96419	55
5.9642	55
5.9642	55
5.96423	55
5.96424	55
5.96426	55
5.96431	55
5.96445	55
5.97624	55
5.97624	55
5.97624	55
5.97624	55
5.97625	55
5.97626	55
5.97632	55
5.97647	55
5.97689	55
5.98889	55
5.98889	55
5.9889	55
5.98892	55
5.98904	55
6.00533	55
6.00533	55
6.00534	55
6.00535	55
6.00572	55
6.01821	55
6.01822	55
6.01822	55
6.01822	55
6.01825	55
6.01834	55
6.01838	55
6.01843	55
6.05083	55
6.05084	55
6.05085	55
6.05103	55
6.05107	55
6.14576	55
6.14577	55
6.14577	55
6.14578	55
6.14578	55
6.14579	55
6.14579	55
6.14579	55
6.14581	55
6.14585	55
6.14618	55
6.14694	55
6.14696	55
6.14716	55
6.14734	55
6.14823	55
6.14823	55
6.15081	55
6.15115	55
6.18718	55
6.18718	55
6.18719	55
6.18719	55
6.18721	55
6.18726	55
6.18727	55
6.18731	55
6.18732	55
6.19158	55
6.19158	55
6.19159	55
6.19171	55
6.23941	55
6.23942	55
6.23942	55
6.23942	55
6.23943	55
6.23944	55
6.23962	55
6.23965	55
6.23967	55
6.23985	55
6.23991	55
6.33083	55
6.33083	55
6.33083	55
6.33083	55
6.33084	55
6.33084	55
6.33085	55
6.33089	55
6.3309	55
6.33091	55
6.331	55
6.35704	55
6.35706	55
6.35723	55
6.35724	55
6.35871	55
6.35926	55
6.37547	55
6.37548	55
6.37549	55
6.37557	55
6.37558	55
6.37561	55
6.37594	55
6.41453	55
6.41454	55
6.41454	55
6.41454	55
6.41455	55
6.41456	55
6.41461	55
6.41464	55
6.41479	55
6.41702	55
6.41727	55
6.41945	55
6.41982	55
6.4429	55
6.4429	55
6.44292	55
6.44293	55
6.44297	55
6.443	55
6.44319	55
6.44454	55
6.44454	55
6.45592	55
6.45594	55
6.45596	55
6.45599	55
6.45599	55
6.47712	55
6.47712	55
6.47712	55
6.47713	55
6.47713	55
6.47715	55
6.47716	55
6.47719	55
6.47719	55
6.47732	55
6.51876	55
6.51877	55
6.51877	55
6.51878	55
6.51878	55
6.51879	55
6.51887	55
6.51938	55
6.52776	55
6.52777	55
6.52779	55
6.52795	55
6.53169	55
6.5317	55
6.53172	55
6.53186	55
6.53202	55
6.53845	55
6.53846	55
6.53846	55
6.53847	55
6.53848	55
6.53848	55
6.53852	55
6.53947	55
6.541	55
6.54962	55
6.54962	55
6.54962	55
6.54963	55
6.54967	55
6.54969	55
6.55038	55
6.56132	55
6.56133	55
6.56134	55
6.56134	55
6.56159	55
6.56177	55
7.03568	55
7.03568	55
7.03569	55
7.03571	55
7.03579	55
7.03579	55
7.03588	55
7.03598	55
7.03721	55
7.03765	55
7.05516	55
7.05908	55
7.11567	55
7.11567	55
7.11568	55
7.11568	55
7.11569	55
7.11571	55
7.11571	55
7.11573	55
7.1158	55
7.11584	55
7.11604	55
7.11865	55
7.13936	55
7.13937	55
7.13939	55
7.13958	55
7.1396	55
7.36181	55
7.36182	55
7.36184	55
7.36195	55
7.36198	55
7.36204	55
7.36205	55
7.36215	55
7.36277	55
7.36486	55
7.38513	55
7.38513	55
7.38518	55
7.38526	55
7.38533	55
7.38555	55
7.75593	55
7.75594	55
7.75597	55
7.75597	55
7.75599	55
7.756	55
7.75605	55
7.75616	55
7.75852	55
7.75859	55
8.13794	55
8.13796	55
8.13806	55
8.13812	55
8.13813	55
8.13818	55
8.13823	55
8.13836	55
8.13838	55
8.13873	55
8.15047	55
8.1505	55
8.20827	55
8.20827	55
8.20828	55
8.20828	55
8.2083	55
8.20831	55
8.20831	55
8.20832	55
8.20832	55
8.20834	55
8.2084	55
8.20987	55
8.21407	55
8.22206	55
8.22257	55
8.22259	55
8.23564	55
8.23565	55
8.23595	55
8.23597	55
10.1719	55
10.1719	55
10.1719	55
10.1719	55
10.1719	55
10.172	55
10.172	55
10.172	55
10.172	55
10.1721	55
10.1728	55
10.1729	55
10.6307	55
10.6308	55
10.6308	55
10.6308	55
10.6308	55
10.6308	55
10.6309	55
10.6309	55
10.6339	55
10.6348	55
12.4207	55
12.4207	55
12.4207	55
12.4207	55
12.4208	55
12.421	55
12.421	55
12.421	55
12.4216	55
12.4224	55
13.0206	55
13.0206	55
13.0206	55
13.0206	55
13.0206	55
13.0207	55
13.0207	55
13.0208	55
13.0225	55
13.023	55
13.1556	55
13.1556	55
13.1556	55
13.1557	55
13.1557	55
13.1557	55
13.1558	55
13.1559	55
13.156	55
13.1577	55
13.1599	55
13.1604	55
13.1634	55
13.2686	55
13.2686	55
13.2687	55
13.2687	55
13.2687	55
13.2688	55
13.2688	55
13.2689	55
13.2689	55
13.269	55
13.3569	55
13.357	55
13.357	55
13.357	55
13.357	55
13.357	55
13.357	55
13.3571	55
13.3571	55
13.3581	55
13.361	55
13.3629	55
13.3633	55
13.7484	55
13.7484	55
13.7485	55
13.7485	55
13.7486	55
13.7486	55
13.7487	55
13.7487	55
13.7493	55
13.7498	55
13.8082	55
13.8082	55
13.8083	55
13.8083	55
13.8083	55
13.8083	55
13.8084	55
13.8089	55
13.9842	55
13.9842	55
13.9843	55
13.9843	55
13.9844	55
13.9845	55
13.9845	55
13.9846	55
13.9846	55
13.9849	55
13.985	55
13.9855	55
14.0598	55
14.0598	55
14.0599	55
14.06	55
14.06	55
14.06	55
14.0601	55
14.0601	55
14.0602	55
14.0612	55
14.653	55
14.653	55
14.6531	55
14.6532	55
14.6532	55
14.6533	55
14.6533	55
14.6533	55
14.655	55
14.6556	55
14.8007	55
14.8008	55
14.8008	55
14.8008	55
14.8008	55
14.8009	55
14.8009	55
14.8023	55
14.8025	55
14.8028	55
15.694	55
15.694	55
15.694	55
15.694	55
15.6941	55
15.6942	55
15.6942	55
15.6944	55
15.6945	55
16.0078	55
16.0078	55
16.0078	55
16.0078	55
16.0079	55
16.008	55
16.008	55
16.0081	55
16.0081	55
16.0104	55
16.0131	55
16.0346	55
16.0347	55
16.0349	55
16.0349	55
16.0349	55
16.0355	55
16.2819	55
16.2819	55
16.2819	55
16.2819	55
16.2819	55
16.282	55
16.282	55
16.2825	55
16.5928	55
16.5928	55
16.5928	55
16.5928	55
16.5929	55
16.5929	55
16.5929	55
16.5932	55
16.5934	55
17.8908	55
17.8908	55
17.8908	55
17.8908	55
17.8909	55
17.8911	55
17.8912	55
17.8913	55
17.8926	55
18.3286	55
18.3286	55
18.3286	55
18.3287	55
18.3287	55
18.3287	55
18.3287	55
18.3294	55
18.3298	55
18.3311	55
18.3313	55
18.3316	55
18.6802	55
18.6802	55
18.6802	55
18.6803	55
18.6803	55
18.6804	55
18.6804	55
18.6805	55
18.6813	55
18.6814	55
18.6819	55
19.3	55
19.3	55
19.3001	55
19.3001	55
19.3002	55
19.3002	55
19.3003	55
19.3003	55
19.3008	55
19.3012	55
20.1687	55
20.1687	55
20.1687	55
20.1687	55
20.1688	55
20.1688	55
20.1689	55
20.1692	55
20.3193	55
20.3193	55
20.3193	55
20.3193	55
20.3194	55
20.3196	55
20.3196	55
20.3199	55
20.3201	55
20.9227	55
20.9227	55
20.9228	55
20.9228	55
20.9228	55
20.9229	55
20.923	55
20.923	55
20.9234	55
20.9235	55
20.924	55
21.184	55
21.1841	55
21.1841	55
21.1841	55
21.1841	55
21.1841	55
21.1842	55
21.1842	55
21.1847	55
21.1867	55
21.1879	55
21.2638	55
21.2639	55
21.2639	55
21.2639	55
21.2639	55
21.2639	55
21.2639	55
21.264	55
21.2661	55
21.2662	55
21.2665	55
21.7751	55
21.7752	55
21.7752	55
21.7752	55
21.7753	55
21.7753	55
21.7753	55
21.7753	55
21.7753	55
21.7754	55
22.0659	55
22.0659	55
22.066	55
22.066	55
22.0661	55
22.0662	55
22.0663	55
22.0664	55
22.0689	55
22.07	55
22.1134	55
22.1134	55
22.1134	55
22.1134	55
22.1135	55
22.1135	55
22.1137	55
22.1138	55
22.5187	55
22.5187	55
22.5188	55
22.5188	55
22.5188	55
22.5189	55
22.5189	55
22.519	55
22.5198	55
22.6526	55
22.6526	55
22.6527	55
22.6527	55
22.6527	55
22.6527	55
22.6527	55
22.6529	55
24.9533	55
24.9533	55
24.9533	55
24.9533	55
24.9533	55
24.9533	55
24.9533	55
24.9533	55
24.9534	55
24.9569	55
24.9572	55
24.9573	55
24.9584	55
24.9585	55
24.9586	55
25.0954	55
25.0955	55
25.0955	55
25.0955	55
25.0955	55
25.0956	55
25.0958	55
25.0962	55
25.0962	55
25.0963	55
25.0963	55
25.0981	55
25.2032	55
25.2033	55
25.2033	55
25.2034	55
25.2034	55
25.2035	55
25.2036	55
25.2037	55
25.9725	55
25.9725	55
25.9725	55
25.9725	55
25.9726	55
25.9726	55
25.9726	55
25.9727	55
25.9735	55
25.9736	55
26.0336	55
26.0336	55
26.0336	55
26.0336	55
26.0336	55
26.0337	55
26.0338	55
26.0339	55
26.0354	55
26.2683	55
26.2683	55
26.2684	55
26.2684	55
26.2684	55
26.2685	55
26.2687	55
26.2688	55
26.3122	55
26.3122	55
26.3122	55
26.3122	55
26.3122	55
26.3123	55
26.3127	55
26.3131	55
26.3135	55
26.3137	55
26.65	55
26.65	55
26.65	55
26.65	55
26.6501	55
26.6502	55
26.6502	55
26.6504	55
26.6504	55
26.6509	55
26.651	55
27.2064	55
27.2064	55
27.2065	55
27.2065	55
27.2066	55
27.2066	55
27.2069	55
27.207	55
27.2073	55
27.2081	55
27.544	55
27.5441	55
27.5441	55
27.5441	55
27.5441	55
27.5441	55
27.5442	55
27.5443	55
27.5446	55
27.5462	55
27.7082	55
27.7082	55
27.7082	55
27.7083	55
27.7083	55
27.7083	55
27.7086	55
27.7087	55
27.7089	55
27.7092	55
28.8011	55
28.8012	55
28.8012	55
28.8012	55
28.8013	55
28.8013	55
28.8013	55
28.8015	55
28.8017	55
28.8019	55
29.6276	55
29.6276	55
29.6276	55
29.6276	55
29.6277	55
29.6277	55
29.6279	55
29.628	55
30.0907	55
30.0908	55
30.0908	55
30.0908	55
30.0908	55
30.0909	55
30.091	55
30.0913	55
30.7711	55
30.7711	55
30.7712	55
30.7713	55
30.7714	55
30.7714	55
30.7714	55
30.7715	55
30.7716	55
30.7722	55
30.7723	55
30.7726	55
30.7741	55
30.9046	55
30.9046	55
30.9046	55
30.9046	55
30.9047	55
30.9047	55
30.9047	55
30.9048	55
30.9048	55
30.9061	55
32.5779	55
32.5779	55
32.578	55
32.578	55
32.578	55
32.578	55
32.578	55
32.578	55
32.5783	55
32.5796	55
32.8439	55
32.8439	55
32.8439	55
32.8439	55
32.844	55
32.8441	55
32.8442	55
32.8444	55
33.1304	55
33.1304	55
33.1304	55
33.1304	55
33.1305	55
33.1305	55
33.1305	55
33.1305	55
33.1317	55
33.1324	55
33.133	55
33.1333	55
33.5755	55
33.5755	55
33.5755	55
33.5755	55
33.5755	55
33.5755	55
33.5756	55
33.5756	55
33.5757	55
33.5762	55
33.7094	55
33.7094	55
33.7094	55
33.7094	55
33.7094	55
33.7094	55
33.7095	55
33.7095	55
33.7109	55
33.7119	55
33.7123	55
33.8421	55
33.8421	55
33.8421	55
33.8422	55
33.8422	55
33.8423	55
33.8423	55
33.8424	55
33.8437	55
33.8441	55
34.7107	55
34.7107	55
34.7107	55
34.7107	55
34.7107	55
34.7108	55
34.7108	55
34.7108	55
35.226	55
35.226	55
35.226	55
35.226	55
35.226	55
35.2261	55
35.2262	55
35.2262	55
35.2271	55
35.8062	55
35.8062	55
35.8062	55
35.8063	55
35.8063	55
35.8064	55
35.8064	55
35.8065	55
35.8068	55
35.807	55
35.807	55
35.808	55
36.072	55
36.072	55
36.072	55
36.072	55
36.072	55
36.072	55
36.0721	55
36.0721	55
36.8837	55
36.8837	55
36.8837	55
36.8837	55
36.8838	55
36.8838	55
36.8838	55
36.8839	55
36.8842	55
36.8851	55
36.8855	55
36.8857	55
37.2378	55
37.2379	55
37.2379	55
37.2379	55
37.238	55
37.238	55
37.2381	55
37.2382	55
37.2385	55
37.2386	55
37.239	55
37.7186	55
37.7186	55
37.7186	55
37.7187	55
37.7187	55
37.7187	55
37.7188	55
37.7189	55
38.709	55
38.709	55
38.709	55
38.7091	55
38.7091	55
38.7092	55
38.7092	55
38.7094	55
38.7095	55
38.7096	55
38.71	55
38.7106	55
38.7238	55
38.724	55
38.7243	55
38.7252	55
38.7252	55
38.9046	55
38.9047	55
38.9047	55
38.9047	55
38.9047	55
38.9048	55
38.9048	55
38.9054	55
38.9056	55
38.9062	55
39.3817	55
39.3818	55
39.3818	55
39.3818	55
39.3818	55
39.3819	55
39.382	55
39.3822	55
39.5129	55
39.513	55
39.513	55
39.513	55
39.513	55
39.5131	55
39.5131	55
39.5131	55
39.5131	55
39.5457	55
39.5457	55
39.5457	55
39.5457	55
39.5458	55
39.5458	55
39.546	55
39.546	55
39.5477	55
39.7747	55
39.7747	55
39.7747	55
39.7748	55
39.7748	55
39.7748	55
39.7748	55
39.7752	55
39.8758	55
39.8759	55
39.8759	55
39.8759	55
39.8759	55
39.876	55
39.876	55
39.8761	55
39.8766	55
40.3745	55
40.3745	55
40.3745	55
40.3746	55
40.3746	55
40.3747	55
40.3747	55
40.3748	55
40.3749	55
40.3753	55
40.3762	55
40.408	55
40.408	55
40.408	55
40.4081	55
40.4081	55
40.4081	55
40.4082	55
40.4082	55
40.4084	55
40.4932	55
40.4932	55
40.4932	55
40.4932	55
40.4933	55
40.4933	55
40.4934	55
40.4935	55
40.4935	55
40.4936	55
40.4958	55
40.4987	55
40.5007	55
40.5014	55
40.7638	55
40.7638	55
40.7638	55
40.7639	55
40.7639	55
40.7641	55
40.7642	55
40.7643	55
40.8771	55
40.8771	55
40.8772	55
40.8772	55
40.8773	55
40.8774	55
40.8775	55
40.8777	55
40.878	55
40.8788	55
40.8791	55
41.1848	55
41.1848	55
41.1848	55
41.1849	55
41.1849	55
41.1849	55
41.1849	55
41.185	55
42.2657	55
42.2658	55
42.2658	55
42.2658	55
42.2658	55
42.2658	55
42.266	55
42.266	55
42.2661	55
42.2843	55
42.2844	55
42.2853	55
42.2873	55
42.2873	55
42.5599	55
42.5599	55
42.5599	55
42.56	55
42.56	55
42.5601	55
42.5602	55
42.5603	55
42.5609	55
42.5632	55
43.0272	55
43.0272	55
43.0272	55
43.0273	55
43.0274	55
43.0275	55
43.0276	55
43.0277	55
43.0279	55
43.0279	55
43.028	55
43.0457	55
43.0458	55
43.0459	55
43.1455	55
43.1455	55
43.1455	55
43.1456	55
43.1456	55
43.1456	55
43.1457	55
43.1457	55
43.1459	55
43.146	55
43.1507	55
43.1509	55
44.4827	55
44.4827	55
44.4827	55
44.4828	55
44.4828	55
44.4828	55
44.4828	55
44.4829	55
44.4829	55
44.4852	55
44.8148	55
44.8148	55
44.8148	55
44.8148	55
44.8148	55
44.8148	55
44.8149	55
44.8149	55
44.8153	55
44.8172	55
44.9138	55
44.9138	55
44.9138	55
44.9139	55
44.9139	55
44.9141	55
44.9144	55
44.9146	55
44.9151	55
44.9158	55
44.9177	55
45.4973	55
45.4973	55
45.4973	55
45.4973	55
45.4973	55
45.4974	55
45.4974	55
45.4977	55
45.5927	55
45.5927	55
45.5927	55
45.5928	55
45.5929	55
45.5929	55
45.593	55
45.5931	55
45.5942	55
46.3578	55
46.3578	55
46.3578	55
46.3579	55
46.3579	55
46.3579	55
46.3579	55
46.358	55
46.3589	55
46.6096	55
46.6096	55
46.6096	55
46.6096	55
46.6096	55
46.6096	55
46.6096	55
46.6097	55
46.6098	55
46.6098	55
46.6103	55
46.8341	55
46.8341	55
46.8342	55
46.8342	55
46.8342	55
46.8342	55
46.8342	55
46.8343	55
46.8344	55
46.8347	55
47.1047	55
47.1047	55
47.1048	55
47.1048	55
47.1048	55
47.1048	55
47.1049	55
47.1053	55
47.1057	55
47.1061	55
47.1086	55
47.2727	55
47.2727	55
47.2727	55
47.2727	55
47.2728	55
47.2728	55
47.2729	55
47.2731	55
47.2766	55
47.2771	55
47.2771	55
47.4701	55
47.4701	55
47.4701	55
47.4701	55
47.4701	55
47.4701	55
47.4702	55
47.4707	55
47.4709	55
47.4715	55
47.6114	55
47.6115	55
47.6115	55
47.6115	55
47.6115	55
47.6115	55
47.6116	55
47.6117	55
47.6121	55
47.6124	55
47.967	55
47.9671	55
47.9671	55
47.9671	55
47.9672	55
47.9672	55
47.9673	55
47.9677	55
47.9688	55
47.97	55
48.0068	55
48.0068	55
48.0068	55
48.0069	55
48.0069	55
48.0069	55
48.007	55
48.007	55
48.0077	55
48.008	55
48.6756	55
48.6756	55
48.6756	55
48.6757	55
48.6757	55
48.6758	55
48.6758	55
48.6759	55
48.6759	55
48.6764	55
49.0794	55
49.0794	55
49.0794	55
49.0794	55
49.0795	55
49.0795	55
49.0796	55
49.0796	55
50.4473	55
50.4474	55
50.4474	55
50.4474	55
50.4475	55
50.4475	55
50.4477	55
50.4477	55
50.4479	55
50.4479	55
50.448	55
50.6752	55
50.6752	55
50.6752	55
50.6752	55
50.6753	55
50.6753	55
50.6753	55
50.6753	55
50.6757	55
50.6757	55
50.6764	55
50.7899	55
50.7899	55
50.7899	55
50.7899	55
50.79	55
50.79	55
50.79	55
50.7901	55
50.7901	55
50.7946	55
51.4446	55
51.4446	55
51.4446	55
51.4447	55
51.4448	55
51.4448	55
51.445	55
51.4451	55
51.4451	55
51.446	55
51.4706	55
51.4707	55
51.4708	55
51.4709	55
51.4713	55
51.4731	55
51.6156	55
51.6156	55
51.6156	55
51.6157	55
51.6157	55
51.6157	55
51.6157	55
51.6158	55
51.6533	55
51.6533	55
51.6533	55
51.6533	55
51.6534	55
51.6535	55
51.6535	55
51.6535	55
51.6537	55
51.6537	55
51.6537	55
52.403	55
52.403	55
52.403	55
52.4031	55
52.4032	55
52.4032	55
52.4032	55
52.4035	55
52.9545	55
52.9545	55
52.9545	55
52.9546	55
52.9546	55
52.9546	55
52.9549	55
52.9549	55
52.955	55
53.2137	55
53.2137	55
53.2137	55
53.2137	55
53.2137	55
53.2139	55
53.2141	55
53.2141	55
53.2184	55
53.2185	55
53.2845	55
53.2845	55
53.2845	55
53.2846	55
53.2846	55
53.2846	55
53.2846	55
53.2848	55
53.2854	55
53.2858	55
53.287	55
53.7024	55
53.7025	55
53.7025	55
53.7025	55
53.7025	55
53.7025	55
53.7025	55
53.7027	55
54.1459	55
54.1459	55
54.146	55
54.146	55
54.1461	55
54.1461	55
54.1463	55
54.1463	55
54.1464	55
54.1744	55
54.1746	55
54.1756	55
54.1757	55
54.4368	55
54.4368	55
54.4368	55
54.4368	55
54.4369	55
54.437	55
54.4371	55
54.4375	55
54.4388	55
54.4389	55
54.4415	55
54.4425	55
54.5766	55
54.5767	55
54.5767	55
54.5767	55
54.5767	55
54.5767	55
54.5768	55
54.5774	55
54.5774	55
54.5776	55
55.0024	55
55.0024	55
55.0024	55
55.0024	55
55.0024	55
55.0025	55
55.0025	55
55.0026	55
55.0026	55
55.0033	55
55.0034	55
55.0965	55
55.0966	55
55.0966	55
55.0966	55
55.0966	55
55.0966	55
55.0968	55
55.0972	55
55.0972	55
55.0978	55
55.0978	55
55.5695	55
55.5696	55
55.5696	55
55.5696	55
55.5696	55
55.5696	55
55.5698	55
55.5701	55
55.5701	55
55.5702	55
55.5714	55
56.4658	55
56.4658	55
56.4658	55
56.4659	55
56.4659	55
56.4659	55
56.4661	55
56.4661	55
56.4942	55
56.4943	55
56.4943	55
56.4943	55
56.4943	55
56.4949	55
56.4949	55
56.4949	55
56.495	55
56.4953	55
56.5866	55
56.5866	55
56.5866	55
56.5866	55
56.5867	55
56.5867	55
56.5867	55
56.588	55
56.588	55
56.5886	55
56.8207	55
56.8207	55
56.8208	55
56.8208	55
56.8208	55
56.8208	55
56.8209	55
56.8211	55
56.8212	55
56.8227	55
56.8231	55
56.824	55
57.1893	55
57.1893	55
57.1894	55
57.1894	55
57.1894	55
57.1894	55
57.1895	55
57.1895	55
57.1895	55
57.1905	55
57.1907	55
58.0191	55
58.0191	55
58.0191	55
58.0192	55
58.0192	55
58.0192	55
58.0192	55
58.0193	55
59.6585	55
59.6585	55
59.6585	55
59.6586	55
59.6586	55
59.6586	55
59.6586	55
59.6587	55
59.6594	55
59.66	55
60.5435	55
60.5435	55
60.5435	55
60.5436	55
60.5437	55
60.5437	55
60.5438	55
60.5439	55
60.5439	55
60.6565	55
60.6565	55
60.6565	55
60.6566	55
60.6567	55
60.6567	55
60.6567	55
60.6568	55
60.6568	55
60.6572	55
60.6583	55
60.659	55
60.9924	55
60.9925	55
60.9925	55
60.9925	55
60.9925	55
60.9926	55
60.9927	55
60.9928	55
60.9935	55
60.9942	55
61.3864	55
61.3864	55
61.3864	55
61.3865	55
61.3866	55
61.3866	55
61.3866	55
61.3866	55
61.964	55
61.964	55
61.964	55
61.9641	55
61.9641	55
61.9641	55
61.9641	55
61.9641	55
61.9647	55
61.9648	55
62.0316	55
62.0316	55
62.0316	55
62.0316	55
62.0316	55
62.0317	55
62.0317	55
62.0318	55
62.0319	55
62.0319	55
62.0334	55
62.0368	55
62.0376	55
62.0383	55
62.4366	55
62.4366	55
62.4366	55
62.4368	55
62.4368	55
62.4368	55
62.4369	55
62.4369	55
62.6368	55
62.6368	55
62.6368	55
62.6369	55
62.6369	55
62.6369	55
62.637	55
62.6376	55
62.6376	55
62.6377	55
62.6381	55
63.7859	55
63.7859	55
63.7859	55
63.7859	55
63.7859	55
63.786	55
63.786	55
63.7862	55
63.7864	55
64.4008	55
64.4009	55
64.4009	55
64.4009	55
64.4009	55
64.4009	55
64.4009	55
64.4012	55
64.4019	55
64.6701	55
64.6701	55
64.6701	55
64.6702	55
64.6702	55
64.6704	55
64.6708	55
64.6711	55
64.7981	55
64.7981	55
64.7981	55
64.7982	55
64.7982	55
64.7982	55
64.7982	55
64.7982	55
64.7986	55
65.8001	55
65.8001	55
65.8001	55
65.8002	55
65.8002	55
65.8002	55
65.8002	55
65.8002	55
65.8002	55
65.8005	55
66.0534	55
66.0535	55
66.0535	55
66.0535	55
66.0535	55
66.0535	55
66.0536	55
66.0537	55
66.3405	55
66.3405	55
66.3405	55
66.3405	55
66.3405	55
66.3406	55
66.3407	55
66.3407	55
66.3408	55
66.3408	55
66.3418	55
66.3436	55
66.5723	55
66.5724	55
66.5724	55
66.5724	55
66.5724	55
66.5725	55
66.5726	55
66.5726	55
66.5741	55
66.5749	55
66.9463	55
66.9463	55
66.9463	55
66.9464	55
66.9464	55
66.9465	55
66.9466	55
66.9466	55
66.9472	55
66.9474	55
67.0713	55
67.0713	55
67.0713	55
67.0714	55
67.0714	55
67.0715	55
67.0715	55
67.0717	55
67.0718	55
67.0726	55
67.2146	55
67.2146	55
67.2146	55
67.2146	55
67.2146	55
67.2146	55
67.2146	55
67.2146	55
67.2147	55
67.606	55
67.606	55
67.606	55
67.606	55
67.606	55
67.6061	55
67.6061	55
67.6061	55
67.6073	55
67.8851	55
67.8851	55
67.8851	55
67.8851	55
67.8851	55
67.8852	55
67.8852	55
67.8853	55
67.8854	55
67.8876	55
68.0791	55
68.0791	55
68.0791	55
68.0791	55
68.0792	55
68.0793	55
68.0796	55
68.0803	55
68.3335	55
68.3335	55
68.3335	55
68.3335	55
68.3335	55
68.3337	55
68.3338	55
68.3343	55
68.3344	55
68.3346	55
68.3347	55
68.3366	55
68.5444	55
68.5444	55
68.5444	55
68.5445	55
68.5445	55
68.5446	55
68.5447	55
68.5449	55
68.5672	55
68.5672	55
68.5673	55
68.5673	55
68.5675	55
68.5677	55
68.569	55
69.1452	55
69.1453	55
69.1453	55
69.1453	55
69.1453	55
69.1453	55
69.1455	55
69.1456	55
69.5886	55
69.5886	55
69.5887	55
69.5887	55
69.5887	55
69.5887	55
69.5888	55
69.5888	55
69.5888	55
69.5891	55
69.5891	55
69.5894	55
69.8584	55
69.8584	55
69.8584	55
69.8584	55
69.8585	55
69.8585	55
69.8586	55
69.8588	55
69.8594	55
69.8606	55
71.0363	55
71.0363	55
71.0363	55
71.0363	55
71.0363	55
71.0364	55
71.0364	55
71.0366	55
71.0381	55
71.0391	55
71.9339	55
71.9339	55
71.9339	55
71.9339	55
71.9339	55
71.9339	55
71.934	55
71.934	55
71.9341	55
71.9354	55
72.0613	55
72.0613	55
72.0613	55
72.0614	55
72.0614	55
72.0615	55
72.0616	55
72.0623	55
72.0625	55
72.5813	55
72.5813	55
72.5813	55
72.5814	55
72.5814	55
72.5814	55
72.5815	55
72.5816	55
72.5819	55
72.9697	55
72.9697	55
72.9697	55
72.9698	55
72.9698	55
72.9698	55
72.97	55
72.9701	55
72.9703	55
74.9832	55
74.9832	55
74.9832	55
74.9833	55
74.9833	55
74.9834	55
74.9836	55
74.9836	55
74.984	55
74.9841	55
74.9842	55
74.9844	55
74.9848	55
75.4766	55
75.4766	55
75.4766	55
75.4766	55
75.4767	55
75.477	55
75.477	55
75.4771	55
76.0219	55
76.0219	55
76.022	55
76.022	55
76.022	55
76.0221	55
76.0224	55
76.0224	55
76.0224	55
76.0675	55
76.0675	55
76.0676	55
76.0676	55
76.0676	55
76.0677	55
76.0677	55
76.0677	55
76.4711	55
76.4712	55
76.4712	55
76.4713	55
76.4713	55
76.4713	55
76.4714	55
76.4714	55
76.4716	55
76.4716	55
76.4716	55
76.4734	55
76.5726	55
76.5726	55
76.5726	55
76.5727	55
76.5727	55
76.5728	55
76.5728	55
76.5728	55
76.929	55
76.929	55
76.929	55
76.9291	55
76.9291	55
76.9291	55
76.9292	55
76.9294	55
76.9295	55
77.4423	55
77.4423	55
77.4423	55
77.4423	55
77.4424	55
77.4424	55
77.4426	55
77.4427	55
77.4428	55
77.7895	55
77.7895	55
77.7895	55
77.7896	55
77.7896	55
77.7896	55
77.7896	55
77.7896	55
77.7897	55
77.7897	55
77.7898	55
77.7938	55
77.7942	55
78.2515	55
78.2515	55
78.2515	55
78.2516	55
78.2516	55
78.2516	55
78.2517	55
78.2517	55
78.2517	55
78.2519	55
78.252	55
78.7419	55
78.7419	55
78.7419	55
78.7419	55
78.742	55
78.742	55
78.742	55
78.7421	55
79.7694	55
79.7694	55
79.7694	55
79.7695	55
79.7695	55
79.7696	55
79.7697	55
79.7697	55
79.7698	55
79.7927	55
79.7927	55
79.7927	55
79.7927	55
79.7928	55
79.7934	55
79.7934	55
79.7934	55
80.5481	55
80.5482	55
80.5482	55
80.5482	55
80.5483	55
80.5483	55
80.5483	55
80.5485	55
81.0697	55
81.0697	55
81.0698	55
81.0698	55
81.0698	55
81.0698	55
81.0699	55
81.07	55
81.0702	55
81.0706	55
81.8188	55
81.8189	55
81.8189	55
81.8189	55
81.819	55
81.819	55
81.819	55
81.8192	55
81.8194	55
82.3079	55
82.3079	55
82.3079	55
82.3079	55
82.308	55
82.308	55
82.308	55
82.308	55
82.308	55
82.3083	55
83.9915	55
83.9915	55
83.9915	55
83.9915	55
83.9915	55
83.9916	55
83.9916	55
83.9918	55
83.9918	55
84.1514	55
84.1514	55
84.1514	55
84.1514	55
84.1514	55
84.1514	55
84.1517	55
84.1518	55
84.1524	55
84.2261	55
84.2261	55
84.2262	55
84.2262	55
84.2262	55
84.2262	55
84.2262	55
84.2264	55
84.6258	55
84.6258	55
84.6258	55
84.6258	55
84.6258	55
84.6259	55
84.6259	55
84.6259	55
84.6264	55
84.6266	55
85.4851	55
85.4851	55
85.4851	55
85.4852	55
85.4852	55
85.4853	55
85.4855	55
85.4856	55
85.4856	55
85.4859	55
85.605	55
85.605	55
85.6051	55
85.6051	55
85.6052	55
85.6052	55
85.6053	55
85.6056	55
85.6062	55
86.7693	55
86.7693	55
86.7693	55
86.7693	55
86.7694	55
86.7694	55
86.7694	55
86.7695	55
86.7698	55
86.7702	55
86.7708	55
86.8081	55
86.8081	55
86.8082	55
86.8082	55
86.8082	55
86.8082	55
86.8083	55
86.8083	55
86.8094	55
86.8096	55
86.9295	55
86.9295	55
86.9296	55
86.9296	55
86.9296	55
86.9296	55
86.9297	55
86.9301	55
86.9301	55
86.9319	55
87.2303	55
87.2303	55
87.2303	55
87.2303	55
87.2303	55
87.2304	55
87.2304	55
87.2304	55
87.2304	55
87.2308	55
87.4037	55
87.4037	55
87.4037	55
87.4037	55
87.4039	55
87.404	55
87.4041	55
87.4043	55
87.4044	55
87.6272	55
87.6272	55
87.6272	55
87.6272	55
87.6272	55
87.6273	55
87.6278	55
87.6279	55
87.628	55
87.6292	55
87.6325	55
87.878	55
87.878	55
87.878	55
87.878	55
87.8781	55
87.8781	55
87.8781	55
87.8782	55
87.8783	55
87.8804	55
88.0507	55
88.0507	55
88.0508	55
88.0508	55
88.0508	55
88.0508	55
88.0509	55
88.0511	55
88.0513	55
88.0516	55
88.0532	55
88.8043	55
88.8043	55
88.8043	55
88.8043	55
88.8044	55
88.8044	55
88.8047	55
88.8049	55
88.827	55
88.8273	55
88.8274	55
88.8275	55
88.8276	55
88.8278	55
88.828	55
88.8288	55
88.8329	55
89.4974	55
89.4974	55
89.4974	55
89.4974	55
89.4974	55
89.4976	55
89.4976	55
89.4977	55
89.4982	55
89.4985	55
89.653	55
89.653	55
89.653	55
89.6531	55
89.6531	55
89.6531	55
89.6533	55
89.6533	55
89.6551	55
89.6551	55
90.1057	55
90.1057	55
90.1058	55
90.1058	55
90.1058	55
90.1058	55
90.1059	55
90.1059	55
90.106	55
90.1063	55
90.1075	55
90.5489	55
90.5489	55
90.549	55
90.549	55
90.549	55
90.549	55
90.549	55
90.5493	55
90.7974	55
90.7974	55
90.7974	55
90.7974	55
90.7975	55
90.7975	55
90.7975	55
90.7975	55
90.7978	55
91.0264	55
91.0264	55
91.0264	55
91.0264	55
91.0264	55
91.0265	55
91.0266	55
91.0267	55
91.0271	55
91.0554	55
91.0556	55
91.0556	55
91.0556	55
91.0556	55
91.0557	55
91.0558	55
91.056	55
91.0568	55
91.0572	55
91.0579	55
91.6561	55
91.6561	55
91.6561	55
91.6561	55
91.6562	55
91.6563	55
91.6564	55
91.6565	55
91.7421	55
91.7421	55
91.7422	55
91.7422	55
91.7422	55
91.7422	55
91.7423	55
91.7425	55
91.7425	55
91.7427	55
91.7427	55
91.7429	55
91.9867	55
91.9867	55
91.9867	55
91.9868	55
91.9868	55
91.9869	55
91.9869	55
91.9872	55
91.9894	55
91.9897	55
92.0506	55
92.0507	55
92.0507	55
92.0507	55
92.0508	55
92.0508	55
92.0508	55
92.0509	55
92.327	55
92.327	55
92.327	55
92.327	55
92.327	55
92.327	55
92.3274	55
92.3274	55
92.9759	55
92.9759	55
92.976	55
92.976	55
92.9761	55
92.9761	55
92.9761	55
92.9761	55
92.9763	55
92.9766	55
92.977	55
92.9772	55
93.1214	55
93.1214	55
93.1215	55
93.1215	55
93.1215	55
93.1215	55
93.1216	55
93.1216	55
93.1218	55
93.1219	55
93.2217	55
93.2217	55
93.2217	55
93.2218	55
93.2218	55
93.2218	55
93.2218	55
93.2219	55
93.2223	55
93.2228	55
94.8126	55
94.8126	55
94.8126	55
94.8126	55
94.8126	55
94.8127	55
94.8128	55
94.8128	55
95.7299	55
95.7299	55
95.7299	55
95.7299	55
95.73	55
95.73	55
95.73	55
95.7306	55
95.7308	55
95.8877	55
95.8877	55
95.8877	55
95.8878	55
95.8878	55
95.8879	55
95.8883	55
95.8883	55
96.099	55
96.099	55
96.099	55
96.0991	55
96.0992	55
96.0992	55
96.0993	55
96.0997	55
96.1028	55
96.1866	55
96.1867	55
96.1867	55
96.1867	55
96.1868	55
96.1868	55
96.1868	55
96.1869	55
96.187	55
96.1871	55
96.1875	55
96.1879	55
96.1879	55
96.2168	55
96.2168	55
96.2168	55
96.2169	55
96.2169	55
96.2169	55
96.2172	55
96.2174	55
96.2178	55
96.339	55
96.339	55
96.339	55
96.339	55
96.3391	55
96.3392	55
96.3394	55
96.3394	55
96.342	55
96.3423	55
96.4258	55
96.4258	55
96.4258	55
96.4259	55
96.4259	55
96.4259	55
96.4259	55
96.426	55
96.427	55
96.4278	55
97.8486	55
97.8486	55
97.8487	55
97.8487	55
97.8487	55
97.8487	55
97.8488	55
97.8491	55
97.8491	55
97.8501	55
98.0721	55
98.0721	55
98.0721	55
98.0722	55
98.0722	55
98.0722	55
98.0722	55
98.0722	55
98.0725	55
98.0731	55
98.0737	55
98.1045	55
98.1046	55
98.1046	55
98.1047	55
98.1047	55
98.1047	55
98.1571	55
98.1571	55
98.1571	55
98.1571	55
98.1572	55
98.1572	55
98.1572	55
98.1573	55
98.1574	55
98.1582	55
98.1589	55
98.7269	55
98.7269	55
98.7269	55
98.7269	55
98.7269	55
98.7271	55
98.7273	55
98.7277	55
